date,open,high,close,low,volume,amount
2015-11-27,12.19,12.38,11.00,10.96,18786200.0,219271920.0
2015-11-26,12.55,12.55,12.18,11.94,15132750.0,183694544.0
2015-11-25,12.38,12.55,12.43,12.12,10300132.0,126875360.0
2015-11-24,12.55,12.72,12.46,12.08,18188824.0,226637360.0
2015-11-19,12.22,12.49,12.36,11.96,11240029.0,137873216.0
2015-11-18,12.45,12.86,12.30,12.16,14463290.0,181195632.0
2015-11-17,12.78,12.94,12.56,12.42,13703274.0,172992096.0
2015-11-16,12.15,12.74,12.74,11.99,19041536.0,236449696.0
2015-11-13,11.41,12.67,12.38,11.41,29567730.0,358550944.0
2015-11-12,11.46,11.77,11.56,11.18,21857024.0,252234576.0
2015-11-11,11.56,11.60,11.58,10.91,32480856.0,364467520.0
2015-11-10,11.57,11.79,11.57,11.36,30091660.0,348734496.0
2015-11-09,11.68,12.08,11.82,11.56,23722122.0,278769632.0
2015-11-06,11.43,11.95,11.91,11.32,16480520.0,194223072.0
2015-11-05,11.34,11.78,11.43,11.00,23073678.0,261620240.0
2015-11-04,10.70,11.50,11.38,10.70,23961744.0,268327952.0
2015-11-03,10.04,10.76,10.68,10.04,19768960.0,207069792.0
2015-11-02,10.43,10.96,10.17,10.10,27537036.0,290859392.0
2015-10-30,10.00,10.98,10.74,9.83,34793704.0,365754208.0
2015-10-29,9.78,10.50,10.00,9.55,27080494.0,269966560.0
2015-10-28,9.22,10.11,9.80,9.14,36437768.0,356029472.0
2015-10-27,8.70,9.60,9.30,8.52,25646168.0,232654736.0
2015-10-26,9.02,9.05,8.76,8.60,17528068.0,153940944.0
2015-10-23,8.40,8.90,8.83,8.31,23230852.0,201439344.0
2015-10-22,7.55,8.35,8.30,7.55,23706040.0,190418720.0
2015-10-21,8.36,8.47,7.67,7.54,18850144.0,152781664.0
2015-10-20,8.31,8.38,8.36,8.13,15573808.0,128708824.0
2015-10-19,8.15,8.35,8.22,8.06,16407547.0,134512192.0
2015-10-16,8.09,8.14,8.11,7.90,14508352.0,116332048.0
2015-10-15,7.70,8.05,7.99,7.68,12497769.0,99168680.0
2015-10-14,7.90,8.00,7.79,7.77,15973290.0,125734408.0
2015-10-13,7.88,8.36,8.06,7.80,29816100.0,241671040.0
2015-10-12,7.25,7.66,7.60,7.21,13020377.0,97417128.0
2015-10-09,7.11,7.25,7.20,7.02,9499254.0,67910312.0
2015-10-08,7.02,7.16,7.11,6.95,8279828.0,58470788.0
2015-09-30,6.80,6.83,6.80,6.70,4640613.0,31407520.0
2015-09-29,6.68,6.74,6.72,6.59,6096799.0,40631940.0
2015-09-28,6.70,6.80,6.77,6.61,7393069.0,49933856.0
2015-09-25,7.05,7.07,6.66,6.65,13895362.0,94794032.0
2015-09-24,6.88,7.09,7.07,6.85,14365509.0,100569512.0
2015-09-23,6.87,7.08,6.87,6.81,9485257.0,65644860.0
2015-09-22,6.85,7.10,6.99,6.82,15248231.0,106023936.0
2015-09-21,6.48,6.88,6.85,6.41,11624090.0,77876672.0
2015-09-18,6.52,6.67,6.61,6.43,7885775.0,51767908.0
2015-09-17,6.49,6.83,6.47,6.42,14473758.0,96242576.0
2015-09-16,6.00,6.50,6.46,5.94,9315576.0,57875812.0
2015-09-15,6.08,6.26,5.91,5.86,9715301.0,59025432.0
2015-09-14,7.05,7.14,6.33,6.33,14670660.0,98843744.0
2015-09-11,6.81,7.04,7.03,6.81,8282947.0,57599108.0
2015-09-10,6.95,7.03,6.92,6.80,9810136.0,68077776.0
2015-09-09,6.78,7.19,6.98,6.71,16715171.0,116331688.0
2015-09-08,6.17,6.75,6.70,6.05,13622603.0,86818064.0
2015-09-07,6.07,6.39,6.17,6.07,10642319.0,66422964.0
2015-09-02,5.90,6.43,5.92,5.83,11912712.0,72872640.0
2015-09-01,6.92,6.95,6.21,6.21,16756757.0,107188120.0
2015-08-31,7.45,7.47,6.90,6.86,13361265.0,95413672.0
2015-08-28,7.06,7.59,7.53,6.90,15791673.0,113752440.0
2015-08-27,6.89,7.01,6.96,6.31,14355716.0,97611600.0
2015-08-26,7.40,7.64,6.75,6.75,26379872.0,187462608.0
2015-08-25,7.50,7.78,7.50,7.50,13281890.0,99732960.0
2015-08-24,8.85,9.18,8.33,8.33,9133950.0,76954184.0
2015-08-21,9.69,9.94,9.26,9.19,9331019.0,88925088.0
2015-08-20,10.14,10.48,9.98,9.92,10758521.0,109182872.0
2015-08-19,9.70,10.45,10.30,9.21,17848276.0,175139808.0
2015-08-18,11.05,11.07,9.97,9.97,28965794.0,306171520.0
2015-08-17,10.57,11.12,11.08,10.47,24908644.0,268745184.0
2015-08-14,10.42,10.59,10.57,10.30,27024840.0,283043360.0
2015-08-13,10.00,10.42,10.42,9.98,21100852.0,215348704.0
2015-08-12,10.15,10.35,10.08,10.05,12403768.0,126267864.0
2015-08-11,10.35,10.62,10.34,10.19,21592204.0,225127584.0
2015-08-10,9.72,10.61,10.45,9.62,24316908.0,244641504.0
2015-08-07,9.50,9.99,9.71,9.50,22987876.0,223521232.0
2015-08-06,9.10,9.42,9.27,8.90,11904217.0,109975040.0
2015-08-05,9.24,9.60,9.26,9.10,16278241.0,152515904.0
2015-08-04,8.60,9.25,9.24,8.50,13715376.0,122469448.0
2015-08-03,9.04,9.10,8.49,8.27,13447632.0,116346376.0
2015-07-31,8.95,9.20,9.04,8.85,11281396.0,101749576.0
2015-07-30,9.50,9.72,9.06,9.00,15692923.0,149063968.0
2015-07-29,9.10,9.61,9.58,8.80,16449200.0,150134464.0
2015-07-28,9.10,9.80,8.98,8.92,25578352.0,233226448.0
2015-07-27,10.70,10.99,9.91,9.91,18551816.0,194134768.0
2015-07-24,11.42,11.57,11.01,10.87,24660752.0,279616352.0
2015-07-23,11.08,11.45,11.43,10.99,20801804.0,234417104.0
2015-07-22,11.15,11.32,11.08,10.67,20290272.0,223710112.0
2015-07-21,10.90,11.47,11.35,10.60,22119496.0,246372672.0
2015-07-20,10.62,11.09,10.81,10.39,19133744.0,205618848.0
2015-07-17,9.84,10.82,10.62,9.81,17548476.0,180792928.0
2015-07-16,9.33,10.52,9.90,9.15,20608964.0,203002096.0
2015-07-15,11.99,11.99,10.17,10.17,26842628.0,284006112.0
2015-07-14,11.30,11.30,11.30,11.30,705984.0,7977619.0
2015-07-13,10.27,10.27,10.27,10.27,1448185.0,14872860.0
2015-07-06,10.18,10.18,9.34,8.80,10523253.0,101094568.0
2015-07-03,9.49,10.28,9.28,9.28,25854782.0,242709280.0
2015-07-02,11.10,11.75,10.31,10.31,41121056.0,428700800.0
2015-07-01,12.51,12.99,11.45,11.34,19793228.0,243414240.0
2015-06-30,11.21,12.98,12.60,10.74,30821310.0,351662432.0
2015-06-29,13.50,13.79,11.93,11.93,16645243.0,204238464.0
2015-06-26,14.30,14.30,13.25,13.25,12743603.0,172549824.0
2015-06-25,15.78,15.95,14.72,14.20,12864663.0,195397456.0
2015-06-24,15.75,16.08,15.75,14.86,15009655.0,234071168.0
2015-06-23,16.45,16.61,15.62,14.67,17505648.0,268273072.0
2015-06-19,16.00,17.05,16.30,15.59,18587136.0,304765088.0
2015-06-18,17.90,17.90,17.32,16.80,13397723.0,235110288.0
2015-06-17,18.56,18.99,18.05,16.88,18830188.0,333603552.0
2015-06-16,18.80,19.33,18.50,18.01,26205330.0,492312320.0
2015-06-15,17.99,19.11,18.50,17.80,28396704.0,528433440.0
2015-06-12,16.92,18.25,18.15,16.86,28943108.0,504634272.0
2015-06-11,17.18,17.18,16.92,16.71,16251297.0,274925504.0
2015-06-10,17.07,17.41,17.18,16.52,16145824.0,276518208.0
2015-06-09,16.81,17.15,16.94,16.58,14292307.0,240904304.0
2015-06-08,17.52,17.75,16.80,16.74,18635612.0,317661056.0
2015-06-05,17.54,17.80,17.53,16.99,19203620.0,333685184.0
2015-06-04,17.27,17.47,16.99,15.86,16745989.0,279078816.0
2015-06-03,18.00,18.18,17.21,16.77,15793883.0,275573088.0
2015-06-02,17.07,17.94,17.65,17.07,21473956.0,377347360.0
2015-06-01,15.37,16.88,16.81,15.37,15413645.0,252550416.0
2015-05-29,15.87,16.25,15.34,14.38,16886498.0,261863680.0
2015-05-28,17.74,17.74,15.84,15.84,17812150.0,302365504.0
2015-05-27,17.77,17.96,17.60,17.17,12781774.0,224652944.0
2015-05-26,17.38,17.87,17.77,16.89,18568656.0,324459904.0
2015-05-25,16.58,17.60,17.38,16.47,14511783.0,251447472.0
2015-05-22,17.05,17.05,16.96,16.27,20741842.0,347179200.0
2015-05-21,16.88,17.33,16.97,16.57,18288324.0,309092960.0
2015-05-20,15.99,17.37,16.92,15.57,20711580.0,344310944.0
2015-05-19,14.67,16.09,15.99,14.67,23876836.0,366037248.0
2015-05-18,15.17,15.65,14.66,14.49,21071012.0,320754208.0
2015-05-15,14.98,15.29,15.06,14.72,13132664.0,197776336.0
2015-05-14,14.85,15.12,14.98,14.67,15621218.0,233844272.0
2015-05-13,14.64,15.32,14.95,14.28,24304316.0,366626560.0
2015-05-12,13.98,15.33,14.70,13.64,25260706.0,361768000.0
2015-05-11,13.60,14.05,13.98,13.59,16561383.0,230046800.0
2015-05-08,12.48,13.39,13.38,12.48,12782015.0,165344688.0
2015-05-07,13.30,13.48,12.42,12.36,9281235.0,119329872.0
2015-05-06,13.22,13.73,13.37,12.97,14475959.0,195135680.0
2015-05-05,13.78,14.18,13.20,13.12,19463492.0,267732112.0
2015-05-04,13.00,13.76,13.68,13.00,17169164.0,232614736.0
2015-04-30,13.21,13.43,13.00,12.96,12626599.0,165723840.0
2015-04-29,13.03,13.56,13.12,12.96,14540722.0,191908336.0
2015-04-28,13.88,13.88,13.27,13.14,13105131.0,175551040.0
2015-04-27,13.89,14.34,13.93,13.50,17225764.0,238328992.0
2015-04-24,13.48,14.40,13.89,13.21,25353808.0,353711552.0
2015-04-23,12.60,13.81,13.79,12.60,33371864.0,447611776.0
2015-04-22,12.42,12.73,12.60,12.41,13509228.0,170225120.0
2015-04-21,12.12,12.46,12.41,12.12,13061243.0,160954688.0
2015-04-20,12.83,12.97,12.12,11.99,27325152.0,340831424.0
2015-04-17,12.90,13.18,13.03,12.63,24052720.0,312598592.0
2015-04-16,12.38,13.11,12.87,12.18,20761706.0,266016512.0
2015-04-15,13.28,13.56,12.63,12.63,27490720.0,359284192.0
2015-04-14,12.24,13.41,13.30,12.08,32213016.0,417023104.0
2015-04-13,11.78,12.31,12.23,11.71,31261108.0,376479360.0
2015-04-10,10.90,11.84,11.71,10.88,24650008.0,282141344.0
2015-04-09,11.33,11.53,11.03,10.71,22393396.0,248488768.0
2015-04-08,11.81,11.81,11.43,11.26,23407248.0,269799072.0
2015-04-07,11.30,11.97,11.82,11.16,25394920.0,293969184.0
2015-04-03,11.18,11.46,11.22,11.08,18078792.0,204181392.0
2015-04-02,11.24,11.28,11.23,11.01,19999016.0,222642288.0
2015-04-01,10.93,11.27,11.22,10.80,21241938.0,236184768.0
2015-03-31,10.67,11.17,10.97,10.61,33617436.0,366634528.0
2015-03-30,10.55,10.78,10.67,10.55,24845270.0,265244896.0
2015-03-27,10.64,10.68,10.55,10.50,20221624.0,213977632.0
2015-03-26,10.45,10.69,10.55,10.33,15253995.0,161151232.0
2015-03-25,10.49,10.65,10.53,10.40,12915587.0,136318464.0
2015-03-24,10.78,10.79,10.55,10.33,16925900.0,179198080.0
2015-03-23,10.67,10.82,10.78,10.48,22120844.0,235957184.0
2015-03-20,10.61,10.85,10.65,10.46,17488372.0,185807488.0
2015-03-19,10.16,10.78,10.59,10.09,23092638.0,242591680.0
2015-03-18,10.01,10.17,10.13,9.99,17377848.0,175299008.0
2015-03-17,9.86,10.14,10.06,9.86,17590098.0,176384672.0
2015-03-16,9.57,9.88,9.88,9.57,14837851.0,145139472.0
2015-03-13,9.49,9.57,9.55,9.42,6420615.0,61113264.0
2015-03-12,9.63,9.81,9.47,9.38,11465877.0,109926768.0
2015-03-11,9.72,9.84,9.64,9.62,12290647.0,119665936.0
2015-03-10,9.38,9.68,9.68,9.34,14741808.0,141454208.0
2015-03-09,9.37,9.41,9.38,9.21,8274054.0,77121232.0
2015-03-06,9.54,9.63,9.41,9.37,6738799.0,63957804.0
2015-03-05,9.59,9.70,9.53,9.48,8133354.0,77921768.0
2015-03-04,9.35,9.66,9.62,9.33,10075479.0,96312280.0
2015-03-03,9.44,9.54,9.39,9.29,10128191.0,95713352.0
2015-03-02,9.36,9.55,9.43,9.36,9313521.0,88113048.0
2015-02-27,9.21,9.40,9.33,9.21,8190829.0,76527376.0
2015-02-26,9.15,9.22,9.20,9.13,4347736.0,39988092.0
2015-02-25,9.23,9.26,9.13,9.06,4095586.0,37522164.0
2015-02-17,9.16,9.27,9.24,9.14,4739955.0,43718404.0
2015-02-16,9.03,9.22,9.16,9.01,5213746.0,47638940.0
2015-02-13,8.92,9.09,9.03,8.92,5748165.0,52031200.0
2015-02-12,9.03,9.05,8.92,8.85,9460666.0,84534752.0
2015-02-11,8.73,9.13,9.09,8.66,7614375.0,67279928.0
2015-02-10,8.78,8.87,8.74,8.65,3863303.0,33901544.0
2015-02-09,8.83,8.88,8.79,8.76,4562146.0,40233504.0
2015-02-06,8.84,8.86,8.75,8.59,8977700.0,78380528.0
2015-02-05,9.16,9.20,8.78,8.73,14669071.0,131909960.0
2015-02-04,9.23,9.26,9.13,9.11,6644290.0,60876948.0
2015-02-03,9.18,9.36,9.23,9.08,8097108.0,74514624.0
2015-02-02,9.41,9.42,9.21,9.21,3986616.0,37070816.0
2015-01-30,9.60,9.67,9.42,9.41,4855493.0,46169260.0
2015-01-29,9.78,9.78,9.62,9.59,5269441.0,51133804.0
2015-01-28,9.65,9.96,9.84,9.65,11601472.0,114660136.0
2015-01-27,9.37,9.76,9.76,9.37,12840913.0,123873368.0
2015-01-26,9.37,9.43,9.41,9.30,6665484.0,62575620.0
2015-01-23,9.36,9.45,9.37,9.27,10563762.0,98895360.0
2015-01-22,9.43,9.43,9.39,9.27,9415528.0,87987824.0
2015-01-21,9.25,9.45,9.40,9.12,5512871.0,51692684.0
2015-01-20,9.07,9.28,9.11,8.96,7625333.0,69403704.0
2015-01-19,9.54,9.54,8.98,8.83,8818230.0,81056848.0
2015-01-16,9.63,9.68,9.54,9.49,7551674.0,72321240.0
2015-01-15,9.61,9.78,9.63,9.56,3309536.0,31997572.0
2015-01-14,9.80,9.80,9.62,9.60,2649645.0,25690880.0
2015-01-13,9.58,9.80,9.70,9.58,3922834.0,38029792.0
2015-01-12,9.83,9.89,9.60,9.57,4383154.0,42606208.0
2015-01-09,9.84,10.05,9.83,9.82,4981643.0,49314496.0
2015-01-08,9.88,9.93,9.80,9.78,5018405.0,49580984.0
2015-01-07,9.86,9.97,9.85,9.73,5897418.0,58040320.0
2015-01-06,9.82,9.91,9.85,9.58,6826485.0,66467172.0
2015-01-05,9.99,10.10,9.86,9.75,9549788.0,94173440.0
2014-12-31,9.88,10.34,10.13,9.58,11616882.0,115138352.0
2014-12-30,10.10,10.35,9.88,9.79,8362277.0,84995952.0
2014-12-29,10.68,10.68,10.10,9.99,9660868.0,98302152.0
2014-12-26,10.96,11.07,10.60,10.53,15961465.0,171758480.0
2014-12-25,11.28,11.66,11.08,10.28,37773468.0,418105536.0
2014-12-15,10.86,11.28,11.17,10.66,18192234.0,201658352.0
2014-12-12,10.34,10.64,10.42,10.33,7889685.0,82865712.0
2014-12-11,9.87,10.37,10.27,9.73,8268461.0,84463608.0
2014-12-10,9.78,10.03,9.92,9.31,11139184.0,107878256.0
2014-12-09,10.59,10.60,9.79,9.78,11416518.0,117456360.0
2014-12-08,10.77,10.83,10.59,10.48,8856316.0,94367320.0
2014-12-05,10.91,10.93,10.84,10.28,11629676.0,123348088.0
2014-12-04,10.75,11.07,10.91,10.60,10250952.0,111533008.0
2014-12-03,10.88,11.09,10.76,10.45,15896527.0,169395296.0
2014-12-02,10.66,10.93,10.84,10.44,12659375.0,134437984.0
2014-12-01,11.73,11.73,10.86,10.86,14809124.0,165118192.0
2014-11-28,11.66,11.78,11.50,11.13,13550872.0,155791712.0
2014-11-27,11.73,11.95,11.67,11.48,20622068.0,241710256.0
2014-11-26,11.73,12.01,11.54,11.33,18099652.0,210435328.0
2014-11-25,11.08,11.88,11.61,11.08,22489360.0,258675824.0
2014-11-24,10.69,11.07,11.05,10.56,17014384.0,183834800.0
2014-11-21,10.55,10.74,10.59,10.50,4553734.0,48341276.0
2014-11-20,10.60,10.68,10.51,10.46,4441204.0,46894760.0
2014-11-19,10.77,10.88,10.67,10.65,6103389.0,65716936.0
2014-11-18,10.54,10.88,10.77,10.48,6643261.0,71306824.0
2014-11-17,10.58,10.69,10.56,10.33,6132448.0,64598988.0
2014-11-14,10.42,10.66,10.51,10.23,7072486.0,73779856.0
2014-11-13,10.67,10.74,10.50,10.39,7006305.0,73921856.0
2014-11-12,10.55,10.87,10.74,10.18,7522336.0,80158968.0
2014-11-11,11.36,11.45,10.50,10.38,18151588.0,198739616.0
2014-11-10,11.04,11.45,11.30,10.99,15510343.0,175778256.0
2014-11-07,10.83,11.37,10.98,10.83,15509435.0,171777856.0
2014-11-06,10.15,11.19,10.94,10.13,22748964.0,244497792.0
2014-11-05,10.24,10.32,10.17,10.01,6138482.0,62518496.0
2014-11-04,10.06,10.34,10.24,9.91,13300027.0,135997200.0
2014-11-03,9.78,10.08,10.05,9.70,12274355.0,122553544.0
2014-10-31,9.69,9.86,9.78,9.48,11183111.0,108345520.0
2014-10-30,9.65,9.83,9.68,9.59,12067851.0,117425344.0
2014-10-29,9.58,9.83,9.66,9.53,14011070.0,135428528.0
2014-10-28,9.39,9.83,9.65,9.32,14227876.0,135649120.0
2014-10-27,9.56,9.57,9.46,9.09,12310059.0,115366768.0
2014-10-24,9.88,9.98,9.67,9.62,13293998.0,129995768.0
2014-10-23,9.33,9.86,9.86,9.25,20002284.0,193390288.0
2014-10-22,9.23,9.63,9.38,9.19,19766470.0,187363616.0
2014-10-21,9.03,9.33,9.29,8.98,20562988.0,189202112.0
2014-10-20,9.04,9.22,9.08,8.96,13546689.0,123047088.0
2014-10-17,9.04,9.24,9.02,8.73,8193888.0,73429776.0
2014-10-16,9.04,9.16,8.94,8.89,17043556.0,154378448.0
2014-10-15,8.88,9.18,9.03,8.70,12889822.0,115413648.0
2014-10-14,8.88,9.03,8.88,8.81,10284933.0,91871960.0
2014-10-13,8.98,9.06,8.88,8.78,17403000.0,154736992.0
2014-10-10,8.73,9.03,8.96,8.59,18978796.0,168755104.0
2014-10-09,8.76,8.77,8.76,8.54,9356694.0,80969512.0
2014-10-08,8.63,8.69,8.69,8.45,11157932.0,95558624.0
2014-09-30,8.42,8.51,8.51,8.32,6447901.0,54326496.0
2014-09-29,8.52,8.65,8.41,8.37,10120650.0,85675616.0
2014-09-26,8.51,8.57,8.50,8.43,4561683.0,38799356.0
2014-09-25,8.65,8.76,8.57,8.57,7096417.0,61413532.0
2014-09-24,8.59,8.68,8.65,8.47,4353149.0,37507756.0
2014-09-23,8.52,8.63,8.59,8.50,2125425.0,18238922.0
2014-09-22,8.66,8.66,8.54,8.42,3573257.0,30449544.0
2014-09-19,8.57,8.66,8.62,8.54,1900225.0,16357081.0
2014-09-18,8.63,8.63,8.58,8.47,2654421.0,22735844.0
2014-09-17,8.39,8.71,8.62,8.39,4278096.0,36742432.0
2014-09-16,9.03,9.13,8.47,8.40,9466505.0,83659064.0
2014-09-15,8.96,8.97,8.90,8.84,4096582.0,36498040.0
2014-09-12,8.86,9.00,8.98,8.82,3546467.0,31726420.0
2014-09-11,8.95,9.00,8.86,8.80,4299211.0,38330232.0
2014-09-10,9.03,9.03,8.95,8.88,4003601.0,35863660.0
2014-09-09,8.85,9.03,9.03,8.82,6647092.0,59655692.0
2014-09-05,8.82,8.91,8.82,8.76,5172352.0,45651992.0
2014-09-04,8.73,8.81,8.78,8.67,4022217.0,35137680.0
2014-09-03,8.58,8.76,8.73,8.58,4686290.0,40830824.0
2014-09-02,8.54,8.61,8.58,8.49,4720532.0,40355508.0
2014-09-01,8.53,8.60,8.54,8.37,3794939.0,32199830.0
2014-08-29,8.38,8.53,8.52,8.34,2886943.0,24434914.0
2014-08-28,8.34,8.45,8.40,8.24,3569787.0,29783860.0
2014-08-27,8.34,8.47,8.33,8.31,3917608.0,32860174.0
2014-08-26,8.28,8.56,8.37,8.15,8123762.0,67992368.0
2014-08-25,8.83,8.84,8.41,8.27,11273023.0,96725768.0
2014-08-22,9.06,9.10,8.87,8.85,5558855.0,49780876.0
2014-08-21,8.98,9.08,9.05,8.95,3397611.0,30753658.0
2014-08-20,9.00,9.09,8.99,8.93,3473841.0,31404288.0
2014-08-19,9.04,9.09,9.01,8.90,5363549.0,48235972.0
2014-08-18,9.11,9.17,9.04,8.91,8083608.0,72991456.0
2014-08-15,9.11,9.21,9.11,9.06,5732371.0,52365728.0
2014-08-14,9.48,9.66,9.20,9.08,11407030.0,106016096.0
2014-08-13,8.98,9.37,9.31,8.90,8430549.0,77847576.0
2014-08-12,8.86,9.03,8.99,8.76,3321169.0,29663916.0
2014-08-11,8.73,8.86,8.86,8.72,3707445.0,32697332.0
2014-08-08,8.69,8.86,8.72,8.67,2407864.0,21099216.0
2014-08-07,8.77,8.78,8.73,8.62,3281512.0,28638666.0
2014-08-06,8.78,9.16,8.73,8.57,6487758.0,57165068.0
2014-08-05,8.75,8.82,8.80,8.67,4052726.0,35545540.0
2014-08-04,8.46,9.22,8.84,8.44,8986204.0,78693968.0
2014-08-01,8.51,8.51,8.47,8.35,3169070.0,26709362.0
2014-07-31,8.39,8.51,8.51,8.30,4103063.0,34480320.0
2014-07-30,8.55,8.71,8.39,8.34,8256893.0,70431400.0
2014-07-29,8.53,8.83,8.65,8.44,7912323.0,68943088.0
2014-07-28,8.63,8.67,8.58,8.41,7519191.0,64025784.0
2014-07-25,8.17,8.64,8.59,8.09,8200269.0,69166072.0
2014-07-24,8.00,8.24,8.21,7.89,4976409.0,40268868.0
2014-07-23,8.06,8.25,7.94,7.86,4493221.0,36117868.0
2014-07-22,7.77,8.19,8.10,7.71,7471487.0,59812104.0
2014-07-21,7.92,7.95,7.72,7.70,3366584.0,26289438.0
2014-07-18,7.58,7.98,7.90,7.54,8156029.0,63683656.0
2014-07-17,7.77,7.77,7.60,7.44,4694095.0,35600592.0
2014-07-16,7.85,7.85,7.77,7.51,6084793.0,46839876.0
2014-07-15,7.91,7.91,7.84,7.77,4730271.0,36938160.0
2014-07-14,7.65,7.85,7.83,7.64,4271432.0,33140774.0
2014-07-11,7.59,7.81,7.68,7.59,3308920.0,25601546.0
2014-07-10,7.61,7.74,7.59,7.58,3011885.0,23119292.0
2014-07-09,7.95,7.95,7.69,7.69,6787227.0,53012592.0
2014-07-08,7.79,7.98,7.97,7.70,9324359.0,73427208.0
2014-07-07,7.42,7.82,7.82,7.39,10715525.0,81440960.0
2014-07-04,7.28,7.45,7.42,7.24,4150231.0,30680462.0
2014-07-03,7.35,7.36,7.27,7.26,2752010.0,20097584.0
2014-07-02,7.45,7.45,7.36,7.24,3436894.0,25201304.0
2014-07-01,7.35,7.53,7.46,7.32,3658330.0,27142964.0
2014-06-30,7.25,7.51,7.34,7.20,7366867.0,54556864.0
2014-06-27,7.29,7.38,7.36,7.23,5469344.0,40026484.0
2014-06-26,7.09,7.32,7.32,7.09,3392125.0,24698112.0
2014-06-25,7.20,7.30,7.22,7.11,3699047.0,26673610.0
2014-06-24,7.39,7.42,7.26,7.24,3669932.0,26781140.0
2014-06-23,7.25,7.40,7.37,7.20,5722807.0,42004372.0
2014-06-20,7.07,7.28,7.27,6.97,6921711.0,49810184.0
2014-06-19,7.11,7.14,7.08,6.99,5890314.0,41678476.0
2014-06-18,7.13,7.20,7.08,7.02,4732831.0,33648076.0
2014-06-17,6.99,7.16,7.09,6.92,6013014.0,42712420.0
2014-06-16,6.86,7.01,7.01,6.86,5353589.0,37351508.0
2014-06-13,6.87,6.95,6.88,6.80,2877067.0,19859374.0
2014-06-12,6.89,6.89,6.85,6.84,2423008.0,16656616.0
2014-06-11,6.77,7.02,6.84,6.75,3719531.0,25687554.0
2014-06-10,6.69,6.80,6.77,6.68,1511354.0,10206676.0
2014-06-09,6.90,6.92,6.72,6.69,3968025.0,26966494.0
2014-06-06,6.97,6.97,6.90,6.84,2100498.0,14512520.0
2014-06-05,6.84,6.91,6.88,6.75,2627433.0,18016952.0
2014-06-04,6.79,6.87,6.85,6.65,4120295.0,27756366.0
2014-06-03,6.93,7.05,6.80,6.79,5096626.0,35055796.0
2014-05-30,6.79,7.05,6.97,6.79,5434438.0,38034704.0
2014-05-29,6.94,6.98,6.85,6.82,6370802.0,43902352.0
2014-05-28,7.00,7.04,6.97,6.75,16952312.0,117199376.0
2014-05-27,7.11,7.18,7.02,6.87,17153296.0,120483512.0
2014-05-26,6.66,7.14,7.06,6.66,12394474.0,86360544.0
2014-05-23,6.83,6.86,6.71,6.57,6484373.0,43581676.0
2014-05-22,6.95,6.99,6.85,6.81,2832307.0,19556110.0
2014-05-21,6.82,6.97,6.95,6.70,2940658.0,20238190.0
2014-05-20,6.78,7.07,6.85,6.77,4902566.0,33739212.0
2014-05-19,6.94,7.14,6.81,6.78,7747477.0,54013356.0
2014-05-16,6.82,6.98,6.94,6.74,6080309.0,41974188.0
2014-05-15,6.99,7.00,6.82,6.79,3334595.0,22883872.0
2014-05-14,6.86,6.95,6.94,6.79,4287110.0,29583472.0
2014-05-13,6.63,6.95,6.93,6.57,8843884.0,60654280.0
2014-05-12,6.59,6.72,6.63,6.50,4347027.0,28839350.0
2014-05-09,6.68,6.71,6.54,6.48,6147344.0,40506708.0
2014-05-08,6.59,6.85,6.72,6.50,11968965.0,80402600.0
2014-05-07,6.78,6.91,6.60,6.58,5628353.0,38107232.0
2014-05-06,6.89,6.96,6.84,6.75,5154381.0,35501252.0
2014-05-05,6.67,6.91,6.87,6.61,5703938.0,38950620.0
2014-04-30,6.63,6.91,6.73,6.62,10905278.0,74178576.0
2014-04-29,6.47,6.69,6.69,6.37,7241524.0,47839320.0
2014-04-28,6.61,6.65,6.39,6.19,4028935.0,25784658.0
2014-04-25,6.58,6.69,6.57,6.47,6867054.0,45275648.0
2014-04-24,6.24,6.67,6.62,6.24,9601268.0,62778900.0
2014-04-23,6.47,6.51,6.29,6.19,3329371.0,21142372.0
2014-04-22,6.39,6.53,6.50,6.39,3081978.0,19918612.0
2014-04-21,6.55,6.71,6.45,6.40,4673768.0,30643066.0
2014-04-18,6.28,6.58,6.58,6.24,6148742.0,39495748.0
2014-04-17,6.18,6.29,6.28,6.10,2566463.0,15978576.0
2014-04-16,6.20,6.23,6.17,6.14,1868001.0,11547744.0
2014-04-15,6.22,6.27,6.19,6.17,2414419.0,15012482.0
2014-04-14,6.20,6.24,6.20,6.17,2161411.0,13458618.0
2014-04-11,6.32,6.34,6.20,6.16,3144222.0,19689254.0
2014-04-10,6.30,6.37,6.32,6.29,2758944.0,17558690.0
2014-04-09,6.29,6.39,6.35,6.26,3189688.0,20327250.0
2014-04-08,6.26,6.29,6.28,6.18,3489961.0,21934032.0
2014-04-04,6.31,6.40,6.26,6.16,5252634.0,33331136.0
2014-04-03,6.36,6.41,6.34,6.28,4777803.0,30504670.0
2014-04-02,6.24,6.36,6.35,6.21,6111125.0,38752896.0
2014-04-01,6.13,6.26,6.24,6.11,7144934.0,44595772.0
2014-03-31,6.09,6.20,6.13,6.02,3924333.0,24163040.0
2014-03-28,6.23,6.26,6.12,5.97,9116656.0,56128344.0
2014-03-27,6.34,6.39,6.19,6.16,7959968.0,50067992.0
2014-03-26,6.34,6.40,6.35,6.29,5795690.0,37007640.0
2014-03-25,6.64,6.74,6.32,6.25,14883334.0,95784936.0
2014-03-24,6.71,6.85,6.62,6.54,12136474.0,80639088.0
2014-03-21,6.70,6.89,6.80,6.60,8177534.0,55838344.0
2014-03-20,6.73,6.90,6.79,6.65,10280781.0,70375632.0
2014-03-19,6.81,6.81,6.74,6.62,7593931.0,51243040.0
2014-03-18,6.66,6.88,6.87,6.64,16747070.0,114888160.0
2014-03-17,6.31,6.68,6.60,6.31,9694299.0,63987884.0
2014-03-14,6.30,6.52,6.35,6.28,11722932.0,75927224.0
2014-03-13,6.26,6.41,6.35,6.18,8092249.0,51429808.0
2014-03-12,5.98,6.49,6.31,5.98,16132531.0,102349408.0
2014-03-11,5.74,6.08,6.06,5.73,8459554.0,50666756.0
2014-03-10,5.75,5.96,5.75,5.69,3772696.0,22093200.0
2014-03-07,5.80,5.82,5.76,5.72,2706892.0,15716450.0
2014-03-06,5.82,5.85,5.80,5.66,6066231.0,35163412.0
2014-03-05,5.99,6.04,5.85,5.85,3564124.0,21276176.0
2014-03-04,5.91,6.05,5.98,5.88,6073226.0,36536680.0
2014-03-03,5.90,5.95,5.91,5.82,2838659.0,16865082.0
2014-02-28,5.88,5.94,5.89,5.80,3502741.0,20725402.0
2014-02-27,5.84,5.88,5.83,5.75,3170025.0,18547906.0
2014-02-26,5.67,5.89,5.79,5.66,3560956.0,20699766.0
2014-02-25,5.89,5.96,5.69,5.64,7078531.0,41270584.0
2014-02-24,5.84,5.93,5.89,5.80,2886100.0,17005600.0
2014-02-21,5.95,5.99,5.87,5.81,4018758.0,23893454.0
2014-02-20,6.16,6.20,5.95,5.91,5638416.0,34300580.0
2014-02-19,6.16,6.25,6.18,6.12,4862737.0,30268782.0
2014-02-18,6.26,6.29,6.14,6.10,8514337.0,53240264.0
2014-02-17,6.34,6.34,6.28,6.25,6052675.0,38267404.0
2014-02-14,6.18,6.39,6.34,6.14,10562896.0,66938116.0
2014-02-13,5.94,6.30,6.21,5.90,13430119.0,82836616.0
2014-02-12,5.94,5.98,5.94,5.89,3336055.0,19918424.0
2014-02-11,5.99,6.04,5.94,5.90,6090440.0,36635692.0
2014-02-10,5.88,6.00,5.99,5.88,6164064.0,37007432.0
2014-02-07,5.82,5.89,5.88,5.72,2203188.0,12907904.0
2014-01-30,5.77,5.87,5.81,5.76,3666494.0,21476280.0
2014-01-29,5.71,5.86,5.76,5.71,4045337.0,23648456.0
2014-01-28,5.78,5.88,5.72,5.68,3154877.0,18247002.0
2014-01-27,5.88,5.91,5.82,5.80,3611546.0,21237580.0
2014-01-24,5.79,5.90,5.86,5.77,3224825.0,18942828.0
2014-01-23,5.74,5.92,5.79,5.70,4836805.0,28348006.0
2014-01-22,5.62,5.76,5.73,5.62,2615542.0,15064352.0
2014-01-21,5.61,5.71,5.62,5.56,2668539.0,15146473.0
2014-01-20,5.41,5.64,5.63,5.40,3107525.0,17330740.0
2014-01-17,5.46,5.50,5.47,5.34,2396450.0,13001150.0
2014-01-16,5.49,5.59,5.48,5.45,1471461.0,8179769.0
2014-01-15,5.48,5.51,5.49,5.41,1392062.0,7671373.0
2014-01-14,5.31,5.47,5.47,5.31,1948313.0,10656754.0
2014-01-13,5.45,5.51,5.37,5.33,1687140.0,9178995.0
2014-01-10,5.38,5.43,5.27,5.27,1669200.0,8928458.0
2014-01-09,5.53,5.62,5.38,5.37,1744060.0,9605066.0
2014-01-08,5.43,5.48,5.42,5.39,1321539.0,7222132.0
2014-01-07,5.33,5.43,5.43,5.33,987220.0,5362422.0
2014-01-06,5.53,5.56,5.36,5.34,2149100.0,11710376.0
2014-01-03,5.66,5.70,5.57,5.52,1560299.0,8784955.0
2014-01-02,5.58,5.68,5.68,5.55,1538698.0,8698335.0
2013-12-31,5.64,5.70,5.60,5.57,1328823.0,7545319.0
2013-12-30,5.75,5.81,5.65,5.62,2145894.0,12279856.0
2013-12-27,5.45,5.72,5.71,5.45,2637622.0,14864682.0
2013-12-26,5.56,5.56,5.43,5.42,1243051.0,6860716.0
2013-12-25,5.60,5.60,5.56,5.47,999295.0,5559367.0
2013-12-24,5.47,5.60,5.54,5.43,1180942.0,6570027.0
2013-12-23,5.42,5.48,5.46,5.39,1397670.0,7655026.0
2013-12-20,5.52,5.59,5.43,5.37,2076147.0,11396197.0
2013-12-19,5.71,5.78,5.51,5.51,1790194.0,10198994.0
2013-12-18,5.70,5.78,5.71,5.69,1138880.0,6574213.0
2013-12-17,5.74,5.82,5.72,5.71,1350068.0,7812789.0
2013-12-16,5.81,5.86,5.79,5.70,1996910.0,11650566.0
2013-12-13,5.87,5.98,5.79,5.79,3381876.0,20058062.0
2013-12-12,5.76,5.88,5.88,5.76,1581165.0,9317807.0
2013-12-11,5.82,5.88,5.79,5.76,1957136.0,11440693.0
2013-12-10,5.92,5.94,5.89,5.82,2648335.0,15696558.0
2013-12-09,5.88,5.98,5.92,5.76,5614952.0,33316284.0
2013-12-06,5.80,5.97,5.88,5.79,8938348.0,52959332.0
2013-12-05,5.75,5.93,5.85,5.64,6842186.0,40184056.0
2013-12-04,5.44,5.76,5.71,5.41,5410097.0,30559086.0
2013-12-03,5.31,5.44,5.43,5.30,1682928.0,9129687.0
2013-12-02,5.56,5.56,5.32,5.27,3373988.0,18344724.0
2013-11-29,5.64,5.65,5.62,5.59,1375969.0,7780206.0
2013-11-28,5.61,5.67,5.64,5.58,2061647.0,11709953.0
2013-11-27,5.50,5.61,5.59,5.50,1874636.0,10530990.0
2013-11-26,5.51,5.56,5.53,5.51,1328070.0,7393219.0
2013-11-25,5.52,5.58,5.53,5.49,1517059.0,8463482.0
2013-11-22,5.53,5.56,5.52,5.48,2057308.0,11435132.0
2013-11-21,5.56,5.61,5.52,5.46,2484810.0,13781084.0
2013-11-20,5.56,5.64,5.61,5.54,1583135.0,8936044.0
2013-11-19,5.52,5.70,5.60,5.52,3655021.0,20736524.0
2013-11-18,5.43,5.54,5.51,5.42,2902839.0,16072910.0
2013-11-15,5.38,5.52,5.44,5.38,2285351.0,12540713.0
2013-11-14,5.34,5.41,5.37,5.32,2184084.0,11803051.0
2013-11-13,5.34,5.42,5.34,5.31,2996316.0,16206796.0
2013-11-12,5.29,5.35,5.34,5.26,1282159.0,6863208.0
2013-11-11,5.32,5.33,5.29,5.22,1283409.0,6799913.0
2013-11-08,5.29,5.33,5.30,5.27,1815638.0,9684913.0
2013-11-07,5.34,5.37,5.29,5.28,1485453.0,7942065.0
2013-11-06,5.42,5.47,5.34,5.34,1994951.0,10869443.0
2013-11-05,5.38,5.43,5.40,5.32,2525577.0,13677264.0
2013-11-04,5.31,5.40,5.38,5.31,2813941.0,15150536.0
2013-11-01,5.39,5.39,5.31,5.25,3016128.0,16055108.0
2013-10-31,5.46,5.46,5.36,5.34,1863981.0,10080034.0
2013-10-30,5.40,5.43,5.40,5.32,2786970.0,15077831.0
2013-10-29,5.71,5.74,5.35,5.30,6439482.0,35394696.0
2013-10-28,5.68,5.76,5.71,5.67,1610738.0,9269709.0
2013-10-25,5.74,5.76,5.68,5.67,2642884.0,15186290.0
2013-10-24,5.77,5.84,5.73,5.72,2926300.0,17014850.0
2013-10-23,5.93,6.00,5.78,5.74,6064361.0,35778744.0
2013-10-22,5.91,6.04,5.93,5.86,6855881.0,41146252.0
2013-10-21,5.74,5.90,5.89,5.68,4199529.0,24570332.0
2013-10-18,5.76,5.80,5.74,5.69,2775463.0,16011768.0
2013-10-17,5.74,5.90,5.78,5.67,3879570.0,22650172.0
2013-10-16,5.86,5.92,5.72,5.70,5222887.0,30365214.0
2013-10-15,5.99,5.99,5.86,5.85,5449493.0,32307220.0
2013-10-14,5.98,6.04,5.99,5.93,5898559.0,35539444.0
2013-10-11,5.96,6.05,5.97,5.89,8358929.0,50131148.0
2013-10-10,5.80,5.91,5.91,5.70,5470081.0,32043442.0
2013-10-09,5.78,5.80,5.79,5.70,2953363.0,17112630.0
2013-10-08,5.68,5.83,5.80,5.62,4495380.0,25930388.0
2013-09-30,5.70,5.73,5.68,5.59,3921449.0,22355932.0
2013-09-27,5.84,5.88,5.71,5.66,3923665.0,22803678.0
2013-09-26,5.82,6.09,5.88,5.78,5096119.0,30491862.0
2013-09-25,5.91,5.91,5.80,5.78,2642060.0,15516937.0
2013-09-24,5.92,6.00,5.90,5.86,5347667.0,31916078.0
2013-09-23,5.73,5.95,5.92,5.73,5936743.0,34895136.0
2013-09-18,5.60,5.73,5.73,5.50,3701229.0,20917200.0
2013-09-17,5.79,5.79,5.61,5.58,5330835.0,30442062.0
2013-09-16,5.80,5.81,5.77,5.74,3168982.0,18408396.0
2013-09-13,5.80,5.85,5.80,5.74,3562258.0,20737082.0
2013-09-12,5.72,5.80,5.75,5.72,4242104.0,24586510.0
2013-09-11,5.84,5.88,5.75,5.74,5192508.0,30274694.0
2013-09-10,5.76,5.89,5.84,5.76,4263434.0,24965612.0
2013-09-09,5.74,5.83,5.79,5.72,3531921.0,20500394.0
2013-09-06,5.76,5.84,5.73,5.68,3649727.0,21122824.0
2013-09-05,5.96,5.98,5.84,5.81,3920781.0,23174358.0
2013-09-04,5.82,5.96,5.95,5.81,5225930.0,31160310.0
2013-09-03,5.85,5.87,5.83,5.76,3491640.0,20457760.0
2013-09-02,5.68,5.79,5.79,5.67,2453307.0,14167376.0
2013-08-30,5.83,5.83,5.70,5.69,4454307.0,25822118.0
2013-08-29,5.78,5.82,5.79,5.72,3572793.0,20760202.0
2013-08-28,5.95,5.95,5.79,5.72,9103896.0,53309040.0
2013-08-27,6.05,6.07,5.98,5.93,4642189.0,28001370.0
2013-08-26,5.86,6.06,6.06,5.86,4745228.0,28575176.0
2013-08-23,5.97,5.98,5.90,5.66,5227913.0,30941782.0
2013-08-22,6.07,6.07,5.98,5.89,7830725.0,47131136.0
2013-08-21,5.96,6.11,6.07,5.96,4947247.0,30126158.0
2013-08-20,5.89,6.11,5.98,5.88,6735647.0,40811124.0
2013-08-19,5.81,5.94,5.88,5.77,5171370.0,30486580.0
2013-08-16,5.85,6.12,5.87,5.78,9378443.0,56608596.0
2013-08-15,5.90,6.01,5.86,5.86,4680999.0,27891466.0
2013-08-14,6.06,6.12,5.95,5.94,5797629.0,35150548.0
2013-08-13,6.08,6.24,6.07,6.00,11639221.0,71528744.0
2013-08-12,5.86,6.01,5.96,5.83,6941405.0,41483104.0
2013-08-09,5.83,5.97,5.85,5.80,5708941.0,33707268.0
2013-08-08,5.82,5.89,5.76,5.72,5930075.0,34593200.0
2013-08-07,5.94,6.03,5.83,5.80,6191185.0,36751908.0
2013-08-06,5.96,6.06,5.96,5.80,8685548.0,51943532.0
2013-08-05,5.68,6.20,5.95,5.68,17537264.0,105663256.0
2013-08-02,5.74,5.81,5.63,5.62,7415258.0,42554212.0
2013-08-01,5.43,5.65,5.61,5.39,4966682.0,27757250.0
2013-07-31,5.38,5.49,5.39,5.37,2491207.0,13638668.0
2013-07-30,5.42,5.51,5.35,5.27,3076268.0,16681701.0
2013-07-29,5.46,5.54,5.43,5.39,3407197.0,18705028.0
2013-07-26,5.71,5.73,5.54,5.49,5005266.0,28095562.0
2013-07-25,5.56,5.71,5.68,5.50,8664741.0,49079608.0
2013-07-24,5.55,5.65,5.58,5.43,4881709.0,27158630.0
2013-07-23,5.45,5.70,5.61,5.43,6194567.0,34988356.0
2013-07-22,5.39,5.43,5.40,5.32,4377738.0,23703172.0
2013-07-19,5.53,5.65,5.40,5.40,4852930.0,27029586.0
2013-07-18,5.56,5.62,5.53,5.49,4052072.0,22676648.0
2013-07-17,5.70,5.70,5.59,5.54,5013193.0,28356644.0
2013-07-16,5.71,5.74,5.72,5.55,6063903.0,34460156.0
2013-07-15,5.76,5.79,5.73,5.59,8831986.0,50589548.0
2013-07-12,5.59,5.81,5.72,5.57,9723836.0,55916864.0
2013-07-11,5.51,5.66,5.62,5.44,8527815.0,47887156.0
2013-07-10,5.11,5.61,5.52,5.11,10433962.0,57144752.0
2013-07-09,4.97,5.16,5.16,4.96,4163252.0,21191332.0
2013-07-08,5.35,5.49,5.16,5.16,7129255.0,38459256.0
2013-07-05,5.25,5.33,5.32,5.24,3113810.0,16575482.0
2013-07-04,5.24,5.30,5.24,5.14,2774428.0,14613339.0
2013-07-03,5.38,5.38,5.24,5.14,4273691.0,22588380.0
2013-07-02,5.33,5.43,5.37,5.30,5001469.0,27054136.0
2013-07-01,5.18,5.34,5.34,5.18,3191380.0,16954872.0
2013-06-28,5.32,5.41,5.27,5.19,5379188.0,28703154.0
2013-06-27,5.12,5.46,5.27,5.12,8175653.0,43547040.0
2013-06-26,4.98,5.21,5.12,4.88,3795961.0,19311314.0
2013-06-25,5.07,5.09,4.98,4.60,5224959.0,25580986.0
2013-06-24,5.17,5.19,5.07,4.82,4682564.0,23489552.0
2013-06-21,5.14,5.32,5.19,5.02,3022710.0,15711029.0
2013-06-20,5.34,5.38,5.21,5.18,4058589.0,21515604.0
2013-06-19,5.31,5.43,5.38,5.25,5297327.0,28440310.0
2013-06-18,5.18,5.31,5.27,5.18,3341975.0,17699606.0
2013-06-17,5.32,5.33,5.22,5.13,3032111.0,15913800.0
2013-06-14,5.16,5.30,5.27,5.07,4498470.0,23483754.0
2013-06-13,5.18,5.20,5.15,4.81,6921988.0,35088192.0
2013-06-07,5.40,5.51,5.22,5.19,6588154.0,35739948.0
2013-06-06,5.38,5.44,5.41,5.35,4077680.0,22229412.0
2013-06-05,5.31,5.45,5.44,5.24,6894102.0,37479640.0
2013-06-04,5.39,5.49,5.36,5.24,6571690.0,35753936.0
2013-06-03,5.32,5.40,5.39,5.19,7849224.0,42078552.0
2013-05-31,5.44,5.45,5.36,5.33,7042910.0,38397372.0
2013-05-30,5.40,5.62,5.51,5.29,20585044.0,112972288.0
2013-05-29,5.23,5.29,5.24,5.18,6023977.0,31894936.0
2013-05-28,5.20,5.28,5.24,5.17,6639194.0,35075592.0
2013-05-27,5.25,5.31,5.24,5.12,10314202.0,54379788.0
2013-05-24,5.08,5.29,5.25,5.04,11986944.0,62772352.0
2013-05-23,4.99,5.11,5.08,4.91,10954507.0,55815392.0
2013-05-22,4.97,5.14,5.03,4.94,13036938.0,66895100.0
2013-05-21,4.97,5.04,4.97,4.87,8910919.0,44751624.0
2013-05-20,4.99,5.02,4.97,4.90,8529834.0,42905392.0
2013-05-17,4.92,5.08,5.00,4.89,10783991.0,54591304.0
2013-05-16,4.83,5.02,4.95,4.78,13966590.0,69395960.0
2013-05-15,4.78,4.89,4.85,4.72,9191668.0,44844252.0
2013-05-14,4.81,4.99,4.76,4.73,19650706.0,96453584.0
2013-05-13,4.45,4.90,4.90,4.41,25657350.0,124831696.0
2013-05-10,4.36,4.46,4.45,4.35,3858530.0,17196006.0
2013-05-09,4.41,4.43,4.38,4.35,3149020.0,13965690.0
2013-05-08,4.46,4.47,4.43,4.41,2370584.0,10627228.0
2013-05-07,4.43,4.45,4.45,4.41,2386230.0,10708150.0
2013-05-06,4.40,4.45,4.43,4.39,3191652.0,14317937.0
2013-05-03,4.36,4.44,4.40,4.35,2308147.0,10278419.0
2013-05-02,4.39,4.39,4.35,4.31,1367351.0,5995282.0
2013-04-26,4.36,4.41,4.39,4.32,2197934.0,9690250.0
2013-04-25,4.35,4.39,4.36,4.32,2052642.0,9044037.0
2013-04-24,4.31,4.39,4.36,4.27,2107545.0,9268744.0
2013-04-23,4.43,4.43,4.30,4.27,2320771.0,10154931.0
2013-04-22,4.43,4.45,4.42,4.38,1910451.0,8527990.0
2013-04-19,4.27,4.45,4.45,4.27,3951027.0,17597334.0
2013-04-18,4.32,4.34,4.32,4.25,1627155.0,7090063.0
2013-04-17,4.29,4.34,4.32,4.27,2024013.0,8806760.0
2013-04-16,4.17,4.30,4.30,4.11,1902567.0,8143829.0
2013-04-15,4.35,4.35,4.22,4.18,2716004.0,11676470.0
2013-04-12,4.41,4.42,4.34,4.34,1703557.0,7536233.0
2013-04-11,4.44,4.47,4.41,4.40,1857000.0,8332039.0
2013-04-10,4.44,4.46,4.41,4.35,2465224.0,10981158.0
2013-04-09,4.43,4.47,4.44,4.40,2155341.0,9682981.0
2013-04-08,4.40,4.45,4.42,4.28,3376190.0,14903684.0
2013-04-03,4.58,4.60,4.44,4.41,5356699.0,24245950.0
2013-04-02,4.56,4.65,4.58,4.55,3532692.0,16443427.0
2013-04-01,4.57,4.64,4.56,4.54,3361653.0,15628918.0
2013-03-29,4.63,4.69,4.59,4.54,3883239.0,18109934.0
2013-03-28,4.82,4.82,4.63,4.61,7924627.0,37748264.0
2013-03-27,4.78,4.88,4.87,4.72,5677371.0,27622332.0
2013-03-26,4.83,4.86,4.79,4.71,6957892.0,33597468.0
2013-03-25,4.77,4.96,4.87,4.69,10882406.0,53234444.0
2013-03-22,4.67,4.85,4.77,4.64,12520532.0,60696372.0
2013-03-21,4.67,4.71,4.67,4.61,7024836.0,33134496.0
2013-03-20,4.56,4.67,4.66,4.54,7928874.0,37237284.0
2013-03-19,4.49,4.59,4.59,4.44,4472453.0,20483054.0
2013-03-18,4.60,4.61,4.49,4.44,6085514.0,27672232.0
2013-03-15,4.65,4.72,4.61,4.55,9732651.0,45835912.0
2013-03-14,4.51,4.94,4.66,4.47,16450276.0,78395728.0
2013-03-13,4.47,4.56,4.53,4.39,4853721.0,22060052.0
2013-03-12,4.58,4.60,4.47,4.42,5571847.0,25409748.0
2013-03-11,4.52,4.60,4.60,4.44,5576494.0,25556594.0
2013-03-08,4.47,4.62,4.51,4.46,4365100.0,20091666.0
2013-03-07,4.51,4.57,4.48,4.46,5081558.0,23244144.0
2013-03-06,4.49,4.56,4.52,4.46,5496074.0,25119934.0
2013-03-05,4.37,4.49,4.48,4.37,3840045.0,17279032.0
2013-03-04,4.62,4.62,4.39,4.34,8149751.0,37022048.0
2013-03-01,4.56,4.66,4.64,4.55,7639420.0,35708964.0
2013-02-28,4.45,4.61,4.58,4.44,7968883.0,36714024.0
2013-02-27,4.55,4.62,4.48,4.46,8136264.0,37305380.0
2013-02-26,4.48,4.48,4.40,4.40,3424367.0,15355098.0
2013-02-25,4.52,4.58,4.50,4.46,4767171.0,21786674.0
2013-02-22,4.43,4.52,4.50,4.39,5820378.0,26345880.0
2013-02-21,4.49,4.53,4.42,4.36,5485200.0,24637092.0
2013-02-20,4.46,4.55,4.54,4.46,3870147.0,17704250.0
2013-02-19,4.56,4.59,4.46,4.44,6407114.0,29291024.0
2013-02-18,4.50,4.62,4.56,4.47,8206637.0,37803464.0
2013-02-08,4.52,4.54,4.48,4.46,7307498.0,33268706.0
2013-02-07,4.41,4.59,4.55,4.39,9685397.0,44074736.0
2013-02-06,4.43,4.49,4.41,4.40,4011571.0,17999510.0
2013-02-05,4.38,4.44,4.41,4.30,5095828.0,22560968.0
2013-02-04,4.36,4.44,4.41,4.34,6402311.0,28446494.0
2013-02-01,4.39,4.39,4.37,4.32,3723684.0,16392775.0
2013-01-31,4.36,4.42,4.39,4.29,4594027.0,20248396.0
2013-01-30,4.39,4.44,4.36,4.34,4110012.0,18163220.0
2013-01-29,4.37,4.39,4.38,4.33,4516301.0,19923772.0
2013-01-28,4.25,4.36,4.35,4.24,3413198.0,14890006.0
2013-01-25,4.31,4.35,4.24,4.23,4532845.0,19660874.0
2013-01-24,4.51,4.53,4.33,4.30,10643223.0,47631880.0
2013-01-23,4.44,4.57,4.53,4.40,10117924.0,46103512.0
2013-01-22,4.46,4.58,4.45,4.39,10936636.0,49573868.0
2013-01-21,4.48,4.50,4.46,4.41,7729650.0,34832028.0
2013-01-18,4.35,4.50,4.48,4.35,11823753.0,53050376.0
2013-01-17,4.35,4.40,4.36,4.31,5721132.0,25175340.0
2013-01-16,4.38,4.44,4.35,4.29,6929957.0,30567190.0
2013-01-15,4.31,4.41,4.40,4.29,9115160.0,40374576.0
2013-01-14,4.20,4.32,4.32,4.18,5558480.0,23963380.0
2013-01-11,4.35,4.36,4.20,4.18,6220981.0,26874758.0
2013-01-10,4.31,4.38,4.34,4.31,5607818.0,24633268.0
2013-01-09,4.40,4.45,4.36,4.31,9665383.0,42942192.0
2013-01-08,4.34,4.43,4.40,4.33,8857833.0,39276328.0
2013-01-07,4.26,4.35,4.33,4.25,4917092.0,21445260.0
2013-01-04,4.38,4.39,4.29,4.22,5898520.0,25701318.0
2012-12-31,4.29,4.40,4.35,4.25,6808315.0,29843136.0
2012-12-28,4.26,4.31,4.30,4.21,6142751.0,26497398.0
2012-12-27,4.31,4.43,4.30,4.27,9625647.0,42450468.0
2012-12-26,4.32,4.35,4.32,4.26,5823645.0,25360346.0
2012-12-25,4.23,4.34,4.31,4.17,7490937.0,32432890.0
2012-12-24,4.20,4.26,4.23,4.19,2911909.0,12453623.0
2012-12-21,4.28,4.32,4.21,4.20,5388230.0,23190158.0
2012-12-20,4.30,4.31,4.26,4.20,6369432.0,27396282.0
2012-12-19,4.30,4.37,4.31,4.25,7724472.0,33550192.0
2012-12-18,4.30,4.49,4.37,4.23,14143232.0,62876992.0
2012-12-17,4.59,4.60,4.35,4.34,23610338.0,106676928.0
2012-12-14,4.01,4.19,4.19,3.99,9731735.0,40628080.0
2012-12-13,4.08,4.10,3.99,3.98,3494735.0,14250492.0
2012-12-12,4.02,4.11,4.08,4.02,3627475.0,14956554.0
2012-12-11,4.16,4.16,4.05,4.04,6704034.0,27702896.0
2012-12-10,4.21,4.21,4.14,4.10,6715505.0,28148772.0
2012-12-07,4.04,4.15,4.15,4.01,8436710.0,35037832.0
2012-12-06,4.06,4.09,4.05,4.01,4618097.0,18911152.0
2012-12-05,3.97,4.16,4.07,3.95,9870448.0,40583540.0
2012-12-04,3.84,4.05,4.00,3.84,6112442.0,24549520.0
2012-12-03,3.76,3.90,3.86,3.76,3006580.0,11708987.0
2012-11-30,3.81,3.84,3.82,3.71,2315086.0,8901541.0
2012-11-29,3.75,3.84,3.78,3.74,2416753.0,9275547.0
2012-11-28,3.66,3.90,3.80,3.66,4919657.0,18880760.0
2012-11-27,3.88,4.22,3.98,3.88,10479443.0,42582696.0
2012-11-26,3.92,3.92,3.84,3.83,1008350.0,3954584.0
2012-11-23,3.87,3.91,3.89,3.86,981579.0,3867331.0
2012-11-22,3.91,3.91,3.86,3.85,1153030.0,4522986.0
2012-11-21,3.90,3.94,3.92,3.78,2740500.0,10747051.0
2012-11-20,3.92,3.94,3.91,3.88,1323993.0,5240836.0
2012-11-19,3.85,3.91,3.90,3.84,1641356.0,6446367.0
2012-11-16,3.85,3.89,3.86,3.83,1975042.0,7727092.0
2012-11-15,3.88,3.91,3.85,3.83,2040450.0,7998666.0
2012-11-14,3.92,3.93,3.89,3.85,2468811.0,9723022.0
2012-11-13,4.04,4.05,3.92,3.90,2710260.0,10903400.0
2012-11-12,4.04,4.09,4.05,3.99,2258919.0,9226822.0
2012-11-09,4.02,4.10,4.06,3.99,2007534.0,8212724.0
2012-11-08,4.10,4.10,4.05,4.04,2411463.0,9925821.0
2012-11-07,4.10,4.15,4.12,4.03,2781015.0,11537828.0
2012-11-06,4.11,4.12,4.08,4.00,2878196.0,11831459.0
2012-11-05,4.13,4.17,4.14,4.10,2753604.0,11524785.0
2012-11-02,4.09,4.14,4.12,4.06,3014492.0,12513715.0
2012-11-01,4.02,4.12,4.09,4.02,2841408.0,11753860.0
2012-10-31,4.00,4.09,4.03,3.98,2473153.0,10081206.0
2012-10-30,4.06,4.10,4.03,4.02,2117798.0,8668393.0
2012-10-29,4.03,4.07,4.07,3.96,2002668.0,8161021.0
2012-10-26,4.19,4.22,4.05,4.02,4733163.0,19629260.0
2012-10-25,4.27,4.33,4.20,4.20,3845925.0,16568600.0
2012-10-24,4.23,4.33,4.27,4.21,3707048.0,16043688.0
2012-10-23,4.28,4.36,4.28,4.27,5368060.0,23416146.0
2012-10-22,4.25,4.27,4.27,4.20,3505252.0,15023052.0
2012-10-19,4.32,4.34,4.27,4.26,3926694.0,17053184.0
2012-10-18,4.24,4.38,4.32,4.20,7626893.0,33103258.0
2012-10-17,4.17,4.23,4.22,4.15,3903718.0,16575651.0
2012-10-16,4.18,4.22,4.18,4.11,3690513.0,15592393.0
2012-10-15,4.23,4.25,4.18,4.12,4251512.0,17882216.0
2012-10-12,4.29,4.34,4.23,4.15,6105913.0,26214760.0
2012-10-11,4.47,4.47,4.27,4.26,11231729.0,49430512.0
2012-10-10,4.37,4.52,4.47,4.34,12080830.0,54114400.0
2012-10-09,4.25,4.44,4.44,4.25,11715268.0,52121432.0
2012-10-08,4.29,4.30,4.26,4.21,4196512.0,18008436.0
2012-09-28,4.19,4.29,4.27,4.16,8563622.0,36715596.0
2012-09-27,4.07,4.30,4.25,4.06,8534488.0,36256440.0
2012-09-26,4.24,4.25,4.09,4.07,6439079.0,26851526.0
2012-09-25,4.32,4.32,4.22,4.16,8169793.0,35084448.0
2012-09-24,4.17,4.46,4.37,4.11,13400456.0,58674716.0
2012-09-21,4.25,4.33,4.22,4.15,7848405.0,33747112.0
2012-09-20,4.47,4.48,4.25,4.23,12754710.0,55759504.0
2012-09-19,4.44,4.54,4.52,4.41,9064871.0,41045236.0
2012-09-18,4.39,4.50,4.45,4.39,9250033.0,41783228.0
2012-09-17,4.54,4.54,4.41,4.40,11867597.0,53432444.0
2012-09-14,4.56,4.68,4.57,4.50,17932032.0,83456960.0
2012-09-13,4.68,4.75,4.53,4.53,21355186.0,100552152.0
2012-09-12,4.85,4.88,4.83,4.65,29087796.0,139910464.0
2012-09-11,5.06,5.07,4.82,4.72,40032900.0,195637040.0
2012-09-10,4.98,4.98,4.98,4.81,54041316.0,270989376.0
2012-09-07,4.52,4.52,4.52,4.52,7284252.0,33361874.0
2012-09-06,4.11,4.11,4.11,4.11,6348959.0,26411670.0
2012-09-05,3.70,3.74,3.73,3.66,1605576.0,6021616.0
2012-09-04,3.80,3.81,3.70,3.70,2538679.0,9633901.0
2012-09-03,3.74,3.81,3.81,3.70,2031102.0,7746463.0
2012-08-31,3.72,3.77,3.76,3.70,1054313.0,4005152.0
2012-08-30,3.73,3.89,3.74,3.70,2255962.0,8637637.0
2012-08-29,3.71,3.78,3.72,3.69,1104065.0,4184230.0
2012-08-28,3.70,3.79,3.72,3.68,1522980.0,5758621.0
2012-08-27,3.82,3.94,3.71,3.70,1861161.0,7116776.0
2012-08-24,3.95,3.96,3.83,3.81,2076300.0,8162254.0
2012-08-23,3.93,4.01,3.98,3.93,2854756.0,11477610.0
2012-08-22,3.91,3.97,3.93,3.89,2481818.0,9860375.0
2012-08-21,3.87,3.95,3.91,3.82,2400929.0,9492402.0
2012-08-20,3.85,3.87,3.86,3.76,1992636.0,7684135.0
2012-08-17,3.89,3.92,3.87,3.82,1841805.0,7207746.0
2012-08-16,3.96,3.97,3.90,3.88,1952908.0,7750746.0
2012-08-15,4.00,4.06,3.97,3.96,2184157.0,8834499.0
2012-08-14,3.95,4.05,4.05,3.86,4326836.0,17330738.0
2012-08-13,4.05,4.12,3.99,3.96,4708766.0,19296040.0
2012-08-10,4.10,4.12,4.05,4.00,6767454.0,27824324.0
2012-08-09,4.16,4.19,4.16,3.99,10405277.0,43115468.0
2012-08-08,4.32,4.40,4.24,4.20,21088404.0,91329784.0
2012-08-07,3.97,4.13,4.13,3.97,5786668.0,24094462.0
2012-08-06,3.70,3.77,3.75,3.66,2150275.0,8131525.0
2012-08-03,3.61,3.70,3.69,3.58,1413191.0,5221119.0
2012-08-02,3.65,3.66,3.59,3.58,1102543.0,4028749.0
2012-08-01,3.63,3.70,3.68,3.59,1116303.0,4134550.0
2012-07-31,3.73,3.75,3.62,3.51,1613454.0,5888430.0
2012-07-30,3.80,3.87,3.74,3.69,2371366.0,8997445.0
2012-07-27,3.92,3.92,3.85,3.83,1037817.0,4067190.0
2012-07-26,3.95,3.95,3.90,3.89,1204487.0,4778036.0
2012-07-25,3.92,3.98,3.91,3.88,1640841.0,6531169.0
2012-07-24,3.81,3.94,3.90,3.81,1514412.0,5972198.0
2012-07-23,3.90,3.90,3.85,3.83,882182.0,3441977.0
2012-07-20,3.96,3.97,3.90,3.89,2228742.0,8858718.0
2012-07-19,3.81,4.07,3.95,3.77,3583874.0,14326500.0
2012-07-18,3.80,3.82,3.82,3.74,1025893.0,3927555.0
2012-07-17,3.74,3.81,3.79,3.73,948503.0,3628044.0
2012-07-16,3.93,3.94,3.75,3.73,1873863.0,7250918.0
2012-07-13,3.98,3.98,3.93,3.91,1093977.0,4374399.0
2012-07-12,3.91,3.98,3.97,3.85,1638921.0,6516303.0
2012-07-11,3.86,3.90,3.88,3.85,893803.0,3512542.0
2012-07-10,3.84,3.89,3.84,3.82,1068676.0,4172331.0
2012-07-09,3.99,3.99,3.84,3.83,1618436.0,6410465.0
2012-07-06,3.95,4.00,3.99,3.85,1814900.0,7243789.0
2012-07-05,4.04,4.04,3.92,3.91,1400522.0,5594657.0
2012-07-04,3.99,4.07,4.02,3.99,1703720.0,6946857.0
2012-07-03,4.02,4.03,3.97,3.96,1656471.0,6710886.0
2012-07-02,3.99,4.04,3.98,3.97,1421522.0,5756533.0
2012-06-29,3.93,3.97,3.97,3.85,1948080.0,7746728.0
2012-06-28,4.05,4.09,3.95,3.94,1640857.0,6653432.0
2012-06-27,4.08,4.11,4.05,4.03,1271001.0,5244475.0
2012-06-26,4.06,4.11,4.10,4.01,1836485.0,7532508.0
2012-06-25,4.09,4.20,4.09,4.06,2711781.0,11324211.0
2012-06-21,4.20,4.24,4.10,4.10,3237035.0,13606630.0
2012-06-20,4.36,4.38,4.23,4.20,3538461.0,15300624.0
2012-06-19,4.42,4.42,4.35,4.33,3451371.0,15188091.0
2012-06-18,4.41,4.48,4.47,4.41,2689954.0,12130074.0
2012-06-15,4.43,4.47,4.39,4.33,2117974.0,9430106.0
2012-06-14,4.43,4.46,4.42,4.40,1498678.0,6723086.0
2012-06-13,4.39,4.44,4.43,4.37,1473480.0,6574135.0
2012-06-12,4.42,4.42,4.36,4.35,1236183.0,5475066.0
2012-06-11,4.36,4.44,4.44,4.32,2486751.0,11039370.0
2012-06-08,4.42,4.44,4.36,4.35,1411643.0,6272654.0
2012-06-07,4.48,4.52,4.39,4.39,1968607.0,8853521.0
2012-06-06,4.49,4.51,4.43,4.41,1312088.0,5915233.0
2012-06-05,4.44,4.51,4.45,4.43,1657118.0,7480257.0
2012-06-04,4.56,4.58,4.45,4.44,3092241.0,14111032.0
2012-06-01,4.71,4.74,4.66,4.64,1996577.0,9488265.0
2012-05-31,4.70,4.77,4.71,4.66,1791274.0,8567367.0
2012-05-30,4.67,4.78,4.72,4.65,2695938.0,12842860.0
2012-05-29,4.59,4.76,4.69,4.59,3034561.0,14485887.0
2012-05-28,4.53,4.61,4.60,4.40,2315750.0,10550502.0
2012-05-25,4.66,4.67,4.54,4.52,2662166.0,12372808.0
2012-05-24,4.78,4.78,4.66,4.64,2299946.0,10920947.0
2012-05-23,4.71,4.81,4.78,4.68,2643441.0,12718274.0
2012-05-22,4.65,4.72,4.71,4.64,1375590.0,6536533.0
2012-05-21,4.61,4.69,4.62,4.56,1862963.0,8750118.0
2012-05-18,4.88,4.90,4.64,4.64,3382326.0,16331518.0
2012-05-17,4.82,4.93,4.92,4.80,2617632.0,12948897.0
2012-05-16,4.88,4.90,4.84,4.83,1952484.0,9602196.0
2012-05-15,4.87,4.87,4.82,4.77,2367885.0,11530891.0
2012-05-14,4.86,4.92,4.88,4.82,2558113.0,12626889.0
2012-05-11,4.91,4.95,4.80,4.80,2994842.0,14805219.0
2012-05-09,4.90,4.94,4.91,4.84,2611211.0,12941568.0
2012-05-08,5.01,5.02,4.93,4.86,4156377.0,20682482.0
2012-05-07,5.03,5.05,5.00,4.94,4011350.0,20242190.0
2012-05-04,4.99,5.10,5.03,4.96,2414549.0,12265495.0
2012-05-03,5.10,5.10,5.01,4.94,3802776.0,19249698.0
2012-05-02,5.08,5.13,5.11,5.01,2677528.0,13787258.0
2012-04-27,5.12,5.14,5.03,4.97,2491220.0,12763278.0
2012-04-26,5.28,5.29,5.10,5.09,4832095.0,25179348.0
2012-04-25,5.04,5.27,5.24,5.02,6755284.0,35174092.0
2012-04-24,5.04,5.11,5.08,4.84,5392938.0,27236254.0
2012-04-23,5.16,5.28,5.05,4.94,6904458.0,35595900.0
2012-04-20,5.24,5.30,5.23,5.20,6441416.0,34257804.0
2012-04-19,5.31,5.34,5.30,5.21,3936010.0,20970492.0
2012-04-18,5.24,5.32,5.32,5.12,5282504.0,27982276.0
2012-04-17,5.39,5.43,5.18,5.15,8203258.0,43856456.0
2012-04-16,5.16,5.50,5.38,5.11,11307873.0,60858600.0
2012-04-13,5.33,5.67,5.29,5.26,19696360.0,109241856.0
2012-04-12,4.99,5.35,5.33,4.97,13058543.0,68620032.0
2012-04-11,5.10,5.28,5.06,5.02,9130313.0,47762856.0
2012-04-10,4.94,5.04,5.04,4.86,5242492.0,26342002.0
2012-04-09,4.91,5.02,4.95,4.81,3899379.0,19473986.0
2012-04-06,4.87,5.08,4.92,4.84,7175294.0,36037608.0
2012-03-30,4.48,4.93,4.92,4.48,10422976.0,50303524.0
2012-03-29,4.45,4.63,4.52,4.41,4302503.0,19688690.0
2012-03-28,4.59,4.64,4.50,4.44,3543594.0,16222748.0
2012-03-27,4.62,4.76,4.68,4.62,3661067.0,17443062.0
2012-03-26,4.59,4.62,4.59,4.54,2876901.0,13350465.0
2012-03-23,4.73,4.79,4.57,4.54,4841337.0,22938036.0
2012-03-22,4.88,4.88,4.75,4.74,7715008.0,37376544.0
2012-03-21,5.41,5.41,4.95,4.92,17692076.0,91639320.0
2012-03-08,4.91,5.03,4.92,4.90,6785302.0,34050556.0
2012-03-07,4.79,5.06,4.93,4.76,10956942.0,55074664.0
2012-03-06,4.94,4.97,4.83,4.82,5788756.0,28485220.0
2012-03-05,4.94,5.00,4.94,4.89,7217654.0,36096556.0
2012-03-02,4.84,4.99,4.93,4.83,8537497.0,42408004.0
2012-03-01,4.81,4.93,4.81,4.79,8909881.0,43776080.0
2012-02-29,4.85,4.96,4.80,4.80,14525535.0,71709848.0
2012-02-28,4.64,5.02,4.93,4.61,27209956.0,133186480.0
2012-02-27,4.73,4.75,4.67,4.63,16331200.0,77560064.0
2012-02-24,4.54,4.69,4.69,4.49,14312420.0,66914796.0
2012-02-23,4.54,4.60,4.54,4.49,7781844.0,35774892.0
2012-02-22,4.48,4.56,4.54,4.47,10120901.0,46407380.0
2012-02-21,4.44,4.50,4.49,4.40,5060419.0,22798384.0
2012-02-20,4.49,4.54,4.46,4.44,8047614.0,36582996.0
2012-02-17,4.47,4.50,4.43,4.39,5374928.0,24103464.0
2012-02-16,4.51,4.59,4.48,4.42,9294735.0,42356392.0
2012-02-15,4.48,4.55,4.53,4.43,12019831.0,54809428.0
2012-02-14,4.46,4.49,4.49,4.41,7013587.0,31643946.0
2012-02-13,4.37,4.48,4.48,4.33,8682760.0,38908648.0
2012-02-10,4.47,4.52,4.42,4.37,10353941.0,46484416.0
2012-02-09,4.39,4.50,4.48,4.38,13743984.0,62090904.0
2012-02-08,4.37,4.46,4.44,4.29,16497001.0,73276008.0
2012-02-07,4.54,4.59,4.39,4.32,22478436.0,100861440.0
2012-02-06,4.78,4.78,4.61,4.49,38631040.0,182153984.0
2012-02-03,4.35,4.35,4.35,4.35,4196527.0,18464718.0
2012-02-01,3.95,3.99,3.95,3.90,2750903.0,11003475.0
2012-01-31,3.96,3.96,3.95,3.89,2170212.0,8624159.0
2012-01-30,4.05,4.11,3.96,3.95,4745422.0,19313778.0
2012-01-20,3.88,3.97,3.95,3.87,2643579.0,10493724.0
2012-01-19,3.86,3.90,3.87,3.79,2151130.0,8411234.0
2012-01-18,3.89,3.96,3.84,3.80,3324549.0,13110090.0
2012-01-17,3.64,3.89,3.89,3.64,3455798.0,13185317.0
2012-01-16,3.73,3.77,3.65,3.65,1811060.0,6823187.0
2012-01-13,3.97,3.98,3.75,3.73,4233199.0,16391454.0
2012-01-12,3.93,4.03,3.96,3.91,3507817.0,14126620.0
2012-01-11,3.98,4.01,3.95,3.90,4104518.0,16439426.0
2012-01-10,3.80,4.01,4.00,3.78,5606217.0,22190678.0
2012-01-09,3.63,3.82,3.81,3.59,3130397.0,11879192.0
2012-01-06,3.59,3.63,3.63,3.52,2174916.0,7853297.0
2012-01-05,3.72,3.75,3.60,3.58,2688530.0,10007870.0
2012-01-04,3.89,3.90,3.73,3.73,1652903.0,6418366.0
2011-12-30,3.81,3.86,3.85,3.81,1540374.0,5988613.0
2011-12-29,3.79,3.86,3.78,3.78,1726289.0,6665822.0
2011-12-28,3.77,3.83,3.82,3.69,2328912.0,8881701.0
2011-12-27,3.95,3.95,3.78,3.77,2300611.0,8961924.0
2011-12-26,3.97,4.01,3.95,3.94,1559297.0,6267571.0
2011-12-23,3.91,4.03,3.98,3.76,2728265.0,10919960.0
2011-12-22,4.02,4.03,3.98,3.80,4031854.0,16080066.0
2011-12-21,4.11,4.14,4.08,3.96,2850574.0,11729905.0
2011-12-20,4.07,4.16,4.08,4.03,3283820.0,13667838.0
2011-12-19,4.09,4.09,4.08,3.97,3355601.0,13718685.0
2011-12-16,3.99,4.10,4.09,3.97,2387620.0,9722172.0
2011-12-15,4.10,4.10,3.98,3.95,2903688.0,11791559.0
2011-12-14,4.20,4.23,4.13,4.10,2343370.0,9887977.0
2011-12-13,4.40,4.43,4.20,4.18,2995350.0,12913255.0
2011-12-12,4.50,4.54,4.44,4.42,1554677.0,7054087.0
2011-12-09,4.56,4.60,4.48,4.48,1960576.0,8993187.0
2011-12-08,4.62,4.66,4.61,4.49,3502817.0,16233969.0
2011-12-07,4.61,4.65,4.62,4.56,2481077.0,11593359.0
2011-12-06,4.60,4.66,4.61,4.53,2496036.0,11605182.0
2011-12-05,4.76,4.77,4.62,4.60,2718061.0,12835008.0
2011-12-02,4.88,4.88,4.79,4.73,3223548.0,15665152.0
2011-12-01,4.95,4.98,4.87,4.87,4873615.0,24332182.0
2011-11-30,5.05,5.05,4.80,4.74,5598230.0,27658502.0
2011-11-29,5.02,5.07,5.07,4.98,3316631.0,16870548.0
2011-11-28,4.97,5.00,4.98,4.93,2078323.0,10450555.0
2011-11-25,5.03,5.08,4.96,4.94,2667596.0,13511832.0
2011-11-24,5.00,5.08,5.03,4.98,3029005.0,15393272.0
2011-11-23,5.16,5.17,5.07,5.05,2743002.0,14129171.0
2011-11-22,5.09,5.14,5.13,5.04,2508632.0,12957027.0
2011-11-21,5.18,5.20,5.14,5.09,3484921.0,18107614.0
2011-11-18,5.25,5.29,5.07,5.05,6239222.0,32461836.0
2011-11-17,5.35,5.39,5.29,5.27,5163107.0,27834542.0
2011-11-16,5.44,5.56,5.34,5.32,9889427.0,54627772.0
2011-11-15,5.43,5.45,5.43,5.37,5742311.0,31469472.0
2011-11-14,5.35,5.48,5.44,5.33,6552265.0,35927096.0
2011-11-11,5.33,5.37,5.30,5.27,3807164.0,20504290.0
2011-11-10,5.34,5.37,5.31,5.26,6277729.0,33809720.0
2011-11-09,5.37,5.43,5.42,5.28,6809833.0,36981792.0
2011-11-08,5.50,5.50,5.36,5.32,7324482.0,40049016.0
2011-11-07,5.50,5.67,5.49,5.47,10378660.0,58547340.0
2011-11-04,5.49,5.57,5.46,5.41,9003491.0,50081996.0
2011-11-03,5.66,5.72,5.49,5.46,19565392.0,110794768.0
2011-11-02,5.18,5.57,5.54,5.08,14935277.0,80873928.0
2011-11-01,5.20,5.28,5.24,5.18,7619883.0,40374568.0
2011-10-31,5.38,5.57,5.30,5.26,15625649.0,84995344.0
2011-10-26,5.07,5.16,5.10,5.04,6241302.0,32253888.0
2011-10-25,4.97,5.11,5.11,4.93,5078407.0,25956038.0
2011-10-24,4.92,5.00,4.98,4.80,2962269.0,14762242.0
2011-10-21,4.88,4.93,4.88,4.86,2184463.0,10818082.0
2011-10-20,5.04,5.06,4.88,4.87,4408920.0,22067538.0
2011-10-19,5.08,5.14,5.03,5.02,3040489.0,15589088.0
2011-10-18,5.24,5.28,5.06,5.04,3562077.0,18595162.0
2011-10-17,5.27,5.32,5.27,5.23,2752332.0,14689955.0
2011-10-14,5.30,5.32,5.25,5.21,3051837.0,16222911.0
2011-10-13,5.27,5.36,5.31,5.25,4985628.0,26807974.0
2011-10-12,5.07,5.32,5.31,5.01,7544558.0,40026124.0
2011-10-11,5.15,5.20,5.06,5.00,3021238.0,15559186.0
2011-10-10,5.02,5.06,5.02,4.99,1532111.0,7782041.0
2011-09-30,5.04,5.08,5.00,4.93,2596365.0,13109997.0
2011-09-29,5.15,5.19,5.03,4.99,3580580.0,18362026.0
2011-09-28,5.33,5.33,5.18,5.15,3136723.0,16713831.0
2011-09-27,5.30,5.31,5.27,5.22,3061074.0,16327803.0
2011-09-26,5.34,5.43,5.24,5.21,5677482.0,30460480.0
2011-09-23,5.32,5.43,5.39,5.30,4559813.0,24726962.0
2011-09-22,5.55,5.61,5.42,5.40,6281053.0,35038432.0
2011-09-21,5.44,5.66,5.63,5.38,9013663.0,50962684.0
2011-09-20,5.34,5.47,5.42,5.33,2609131.0,14282583.0
2011-09-19,5.51,5.51,5.37,5.36,3978654.0,21842044.0
2011-09-16,5.54,5.59,5.53,5.47,4601420.0,25695180.0
2011-09-15,5.48,5.58,5.51,5.45,6909459.0,38669228.0
2011-09-14,5.46,5.63,5.49,5.34,8072992.0,44677088.0
2011-09-13,5.28,5.33,5.29,5.24,3651526.0,19525080.0
2011-09-09,5.44,5.52,5.38,5.36,5238073.0,28846108.0
2011-09-08,5.62,5.62,5.45,5.45,5980881.0,33426374.0
2011-09-07,5.48,5.57,5.57,5.39,8436275.0,46902664.0
2011-09-06,5.38,5.46,5.40,5.33,3882974.0,21167904.0
2011-09-05,5.43,5.48,5.44,5.36,4680236.0,25694024.0
2011-09-02,5.72,5.72,5.58,5.53,5575080.0,31590094.0
2011-09-01,5.83,5.85,5.72,5.68,5926650.0,34558188.0
2011-08-31,5.70,5.83,5.83,5.62,8976499.0,51957348.0
2011-08-30,5.78,6.01,5.75,5.73,15786227.0,93569280.0
2011-08-29,5.75,5.87,5.66,5.66,13285855.0,77433480.0
2011-08-26,5.96,6.00,5.80,5.76,22460980.0,133374360.0
2011-08-25,5.47,5.90,5.90,5.44,35195704.0,208030864.0
2011-08-24,5.43,5.49,5.36,5.35,5254024.0,28890086.0
2011-08-23,5.31,5.41,5.40,5.28,4849696.0,26287136.0
2011-08-22,5.34,5.45,5.29,5.28,6761523.0,36703260.0
2011-08-19,5.48,5.48,5.40,5.25,12344530.0,67321584.0
2011-08-18,5.74,6.06,5.65,5.62,27510408.0,163506848.0
2011-08-17,5.48,5.52,5.51,5.41,4987638.0,27587468.0
2011-08-16,5.53,5.56,5.46,5.43,4665402.0,25976410.0
2011-08-15,5.48,5.55,5.54,5.43,4366197.0,24295114.0
2011-08-12,5.40,5.50,5.48,5.39,5580048.0,30817400.0
2011-08-11,5.14,5.40,5.37,5.10,5264321.0,28090158.0
2011-08-10,5.36,5.44,5.27,5.24,6009975.0,32553226.0
2011-08-09,4.94,5.34,5.26,4.94,6554660.0,34335024.0
2011-08-08,5.83,5.85,5.38,5.38,8827174.0,49714136.0
2011-08-05,5.81,6.01,5.93,5.76,7368599.0,43897068.0
2011-08-04,6.16,6.24,6.11,6.07,12483231.0,77931400.0
2011-08-03,5.87,6.19,6.14,5.84,10417047.0,63883196.0
2011-08-02,5.91,5.97,5.97,5.70,5794138.0,34105892.0
2011-08-01,5.86,5.96,5.90,5.81,3175482.0,18947994.0
2011-07-29,5.89,5.94,5.86,5.84,3446511.0,20519872.0
2011-07-28,5.93,5.96,5.88,5.80,5299278.0,31420860.0
2011-07-27,5.92,6.01,5.98,5.86,7138833.0,43009040.0
2011-07-26,6.02,6.03,5.93,5.86,5587624.0,33563360.0
2011-07-25,6.39,6.39,5.98,5.94,11882769.0,73495408.0
2011-07-22,6.54,6.55,6.40,6.37,12571056.0,81900936.0
2011-07-21,6.42,6.76,6.51,6.37,25134516.0,167174208.0
2011-07-20,6.33,6.41,6.41,6.29,11124283.0,71684904.0
2011-07-19,6.37,6.37,6.27,6.25,6371730.0,40611528.0
2011-07-18,6.27,6.47,6.39,6.26,12656766.0,81687528.0
2011-07-15,6.32,6.32,6.25,6.23,12199756.0,77481256.0
2011-07-14,6.19,6.36,6.36,6.17,7214038.0,45764892.0
2011-07-13,6.10,6.21,6.17,6.10,4085918.0,25503806.0
2011-07-12,6.20,6.21,6.08,6.07,5411324.0,33583420.0
2011-07-11,6.27,6.33,6.28,6.19,3836403.0,24348990.0
2011-07-08,6.38,6.43,6.29,6.22,5582031.0,35618876.0
2011-07-07,6.38,6.56,6.38,6.35,7427667.0,48533212.0
2011-07-06,6.37,6.51,6.42,6.28,8426711.0,54874704.0
2011-07-05,6.40,6.45,6.31,6.26,6180376.0,39750144.0
2011-07-04,6.14,6.33,6.33,6.14,5740335.0,36370484.0
2011-07-01,6.12,6.19,6.13,6.09,3533955.0,21989012.0
2011-06-30,6.04,6.18,6.11,6.03,3873044.0,23985706.0
2011-06-29,6.21,6.23,6.05,6.03,4681870.0,29070898.0
2011-06-28,6.05,6.22,6.22,6.03,5341124.0,33091816.0
2011-06-27,6.08,6.15,6.07,6.03,4031926.0,24840956.0
2011-06-24,5.92,6.10,6.06,5.89,4701980.0,28665664.0
2011-06-23,5.76,5.97,5.93,5.67,3479635.0,20592752.0
2011-06-22,5.79,5.81,5.76,5.69,1930070.0,11239483.0
2011-06-21,5.74,5.88,5.82,5.71,3485168.0,20415858.0
2011-06-20,5.77,5.77,5.64,5.61,2304049.0,13200733.0
2011-06-17,5.90,5.93,5.77,5.77,2723035.0,16098069.0
2011-06-16,6.00,6.01,5.90,5.88,3264650.0,19670318.0
2011-06-15,6.11,6.14,6.05,6.04,2904046.0,17885532.0
2011-06-14,6.02,6.14,6.12,6.00,3510387.0,21687978.0
2011-06-13,6.09,6.09,6.06,5.97,3584780.0,21852954.0
2011-06-10,6.05,6.16,6.13,5.99,3701433.0,22738350.0
2011-06-09,6.22,6.32,6.12,6.12,4587048.0,28940274.0
2011-06-08,6.23,6.25,6.24,6.10,2875556.0,18018078.0
2011-06-07,6.19,6.25,6.23,6.15,2788422.0,17540390.0
2011-06-03,6.10,6.24,6.18,6.05,2733500.0,17133374.0
2011-06-02,6.20,6.21,6.10,5.98,4647329.0,28622844.0
2011-06-01,6.21,6.29,6.28,6.15,2694735.0,17058076.0
2011-05-31,6.08,6.22,6.20,6.04,3020186.0,18770420.0
2011-05-30,6.19,6.21,6.03,6.03,3729246.0,23095508.0
2011-05-27,6.55,6.58,6.20,6.14,6368628.0,40534852.0
2011-05-26,6.69,6.71,6.54,6.50,4610022.0,30753836.0
2011-05-25,6.80,6.88,6.62,6.58,6454940.0,43767272.0
2011-05-24,6.67,6.85,6.80,6.58,7496654.0,51056288.0
2011-05-23,7.04,7.10,6.64,6.62,10978001.0,75876400.0
2011-05-20,7.16,7.50,7.07,7.05,13154314.0,95616264.0
2011-05-19,7.41,7.85,7.27,7.27,29462244.0,223953248.0
2011-05-18,7.05,7.69,7.45,6.86,24552162.0,182297776.0
2011-05-17,7.08,7.28,6.99,6.95,13650429.0,97957584.0
2011-05-16,6.85,7.16,7.09,6.77,14944179.0,105694504.0
2011-05-13,6.72,6.85,6.85,6.62,9008746.0,61470696.0
2011-05-12,6.65,6.91,6.74,6.60,10994156.0,75578104.0
2011-05-11,6.67,6.71,6.69,6.53,5794423.0,38888108.0
2011-05-10,6.75,6.76,6.67,6.57,6741384.0,45288532.0
2011-05-09,6.61,6.74,6.73,6.58,5684150.0,38453052.0
2011-05-06,6.49,6.66,6.59,6.43,3951963.0,26328608.0
2011-05-05,6.50,6.70,6.56,6.48,3893294.0,26020304.0
2011-05-04,6.78,6.78,6.50,6.47,6470584.0,43086660.0
2011-05-03,6.69,6.91,6.79,6.59,8103186.0,55264216.0
2011-04-29,6.53,6.76,6.69,6.47,6436025.0,42821992.0
2011-04-28,6.86,6.89,6.52,6.40,9962636.0,66631064.0
2011-04-27,6.91,7.03,6.83,6.78,6967902.0,48623840.0
2011-04-26,7.21,7.27,6.83,6.79,10514373.0,73721008.0
2011-04-25,7.74,7.77,7.30,7.26,12083765.0,136550560.0
2011-04-22,7.76,7.88,7.68,7.62,13326525.0,156520256.0
2011-04-21,7.51,7.90,7.70,7.49,18802292.0,220113824.0
2011-04-20,7.41,7.55,7.49,7.31,12040271.0,136030768.0
2011-04-19,7.26,7.41,7.30,7.12,9484921.0,104710344.0
2011-04-18,7.01,7.32,7.32,7.01,11118073.0,121502544.0
2011-04-15,7.12,7.16,7.09,6.99,4160432.0,44627260.0
2011-04-14,7.20,7.22,7.13,7.09,4429767.0,47959652.0
2011-04-13,7.00,7.18,7.16,6.98,4819817.0,51904412.0
2011-04-12,6.99,7.11,7.00,6.95,4031814.0,43097312.0
2011-04-11,7.15,7.17,7.03,7.01,4970590.0,53466432.0
2011-04-08,6.98,7.15,7.11,6.95,5462089.0,58714588.0
2011-04-07,6.91,7.07,7.05,6.90,3930794.0,41895448.0
2011-04-06,6.85,6.99,6.97,6.82,3528015.0,37168800.0
2011-04-01,6.81,6.90,6.87,6.76,3117030.0,32363690.0
2011-03-31,6.99,7.01,6.73,6.72,5253399.0,54337500.0
2011-03-30,6.94,7.01,6.95,6.88,3352727.0,35434888.0
2011-03-29,7.05,7.09,6.93,6.91,6384903.0,67751968.0
2011-03-28,7.30,7.36,7.08,7.05,8753650.0,95359072.0
2011-03-24,7.09,7.31,7.24,7.09,10576610.0,116218648.0
2011-03-23,7.12,7.14,7.14,7.00,6427572.0,69046848.0
2011-03-22,7.03,7.17,7.11,6.99,6983322.0,75183616.0
2011-03-21,6.91,7.07,7.05,6.84,6364811.0,67468776.0
2011-03-18,6.88,7.01,6.94,6.84,4868824.0,51137328.0
2011-03-17,7.01,7.06,6.83,6.78,7037657.0,73716736.0
2011-03-16,7.01,7.13,7.11,6.93,6684444.0,71407696.0
2011-03-15,7.09,7.16,7.01,6.85,8916391.0,94497960.0
2011-03-14,7.17,7.22,7.19,7.01,10105281.0,109648560.0
2011-03-11,6.85,7.21,7.01,6.84,11574687.0,124049072.0
2011-03-10,6.91,7.01,6.88,6.86,6707678.0,70517328.0
2011-03-09,6.92,7.01,6.95,6.86,8693066.0,91617504.0
2011-03-08,6.82,6.95,6.90,6.73,9008018.0,93736272.0
2011-03-07,6.71,6.87,6.82,6.64,11301343.0,115714784.0
2011-03-04,6.80,6.98,6.68,6.60,15855789.0,162381504.0
2011-03-03,6.49,6.62,6.52,6.36,7510993.0,74218624.0
2011-03-02,6.39,6.52,6.52,6.33,5642806.0,55201972.0
2011-03-01,6.41,6.59,6.43,6.38,6024283.0,59022384.0
2011-02-28,6.35,6.41,6.39,6.26,4664634.0,45057336.0
2011-02-25,6.24,6.33,6.31,6.20,4713348.0,44926220.0
2011-02-24,6.09,6.29,6.26,6.08,4596595.0,43362316.0
2011-02-23,6.04,6.14,6.09,6.01,2468370.0,22778580.0
2011-02-22,6.28,6.32,6.04,6.03,4547701.0,42358184.0
2011-02-21,6.10,6.28,6.28,6.08,3584459.0,33728992.0
2011-02-18,6.26,6.26,6.11,6.10,4564905.0,42724548.0
2011-02-17,6.32,6.45,6.29,6.20,9215799.0,88677784.0
2011-02-16,6.06,6.20,6.20,6.06,3919806.0,36663072.0
2011-02-15,6.06,6.18,6.06,6.02,4379165.0,40532324.0
2011-02-14,5.99,6.08,6.05,5.96,3412761.0,31288838.0
2011-02-11,5.97,6.01,5.98,5.93,2822674.0,25621186.0
2011-02-10,5.78,5.99,5.96,5.74,3416873.0,30547612.0
2011-02-09,5.81,5.88,5.78,5.74,2009848.0,17748112.0
2011-02-01,5.83,5.91,5.86,5.81,2019689.0,17954280.0
2011-01-31,5.75,5.86,5.81,5.72,2404516.0,21233312.0
2011-01-28,5.72,5.78,5.75,5.70,2105346.0,18368264.0
2011-01-27,5.63,5.78,5.72,5.58,2500958.0,21635532.0
2011-01-26,5.56,5.67,5.65,5.54,1403904.0,11989432.0
2011-01-25,5.66,5.69,5.54,5.47,1772928.0,14943046.0
2011-01-24,5.78,5.83,5.66,5.65,2247365.0,19526746.0
2011-01-21,5.66,5.85,5.79,5.66,2305047.0,20192146.0
2011-01-20,5.91,5.93,5.65,5.65,2363507.0,20854420.0
2011-01-19,5.79,5.92,5.91,5.77,3040379.0,27085884.0
2011-01-18,5.74,5.82,5.82,5.70,1694859.0,14814486.0
2011-01-17,5.95,5.95,5.74,5.70,3130912.0,27600522.0
2011-01-14,6.09,6.09,5.94,5.90,3381447.0,30653528.0
2011-01-13,6.22,6.24,6.09,6.09,3132839.0,29131016.0
2011-01-12,6.12,6.22,6.17,6.08,3012878.0,28138368.0
2011-01-11,6.17,6.22,6.15,6.06,3978774.0,36978916.0
2011-01-10,6.49,6.50,6.26,6.22,3404912.0,32945448.0
2011-01-07,6.55,6.64,6.49,6.45,3645705.0,36310300.0
2011-01-06,6.63,6.68,6.57,6.57,3370280.0,33789108.0
2011-01-05,6.55,6.72,6.68,6.48,7153780.0,71489512.0
2011-01-04,6.60,6.60,6.57,6.52,3926532.0,39127416.0
