date,open,high,close,low,volume,amount
2015-11-27,10.15,10.50,9.28,9.27,34723712.0,342212256.0
2015-11-26,9.90,10.36,10.30,9.69,39075552.0,390702720.0
2015-11-25,9.65,9.98,9.83,9.59,19795428.0,194341584.0
2015-11-24,9.68,9.84,9.71,9.50,17247640.0,165861840.0
2015-11-23,9.57,10.10,9.75,9.43,31666332.0,309315616.0
2015-11-20,9.63,9.63,9.57,9.40,22724512.0,216229184.0
2015-11-19,9.60,9.70,9.63,9.28,25377180.0,239974240.0
2015-11-18,9.86,9.96,9.61,9.55,27974780.0,273155104.0
2015-11-17,9.81,9.97,9.70,9.54,37507008.0,366109216.0
2015-11-16,8.90,10.00,9.93,8.81,46803784.0,443464160.0
2015-11-13,8.76,9.73,9.18,8.69,47295160.0,437095488.0
2015-11-12,9.10,9.15,8.89,8.80,30864310.0,276008032.0
2015-11-11,8.80,9.40,9.17,8.72,41846464.0,380351040.0
2015-11-10,8.68,8.86,8.79,8.56,25201856.0,220176064.0
2015-11-09,8.64,8.94,8.83,8.46,28518158.0,248370384.0
2015-11-06,8.55,8.88,8.78,8.55,29014960.0,254162560.0
2015-11-05,8.54,8.71,8.62,8.30,28107252.0,239281504.0
2015-11-04,8.11,8.60,8.60,8.11,21365664.0,179807136.0
2015-11-03,8.15,8.27,8.09,8.01,15325034.0,124860736.0
2015-11-02,8.31,8.56,8.10,8.02,24596988.0,203838160.0
2015-10-30,8.88,8.96,8.70,8.64,32080548.0,281341792.0
2015-10-29,8.65,9.17,8.93,8.53,41464216.0,367920800.0
2015-10-28,8.55,8.90,8.54,8.47,35973024.0,312322048.0
2015-10-27,8.65,8.84,8.68,8.05,45406252.0,383565824.0
2015-10-26,9.01,9.60,8.86,8.80,75081424.0,680276352.0
2015-10-23,8.06,8.84,8.84,7.94,68327736.0,594740224.0
2015-10-22,7.50,8.04,8.04,7.50,33571184.0,261845712.0
2015-10-21,8.24,8.38,7.57,7.57,39820996.0,318471264.0
2015-10-20,8.60,8.75,8.41,8.01,61719424.0,517718464.0
2015-10-19,7.60,8.29,8.29,7.60,32925960.0,267048256.0
2015-10-16,7.34,7.59,7.54,7.20,36325456.0,270355680.0
2015-10-15,6.95,7.28,7.27,6.95,24055732.0,172079136.0
2015-10-14,7.14,7.22,7.00,6.99,23804076.0,168407072.0
2015-10-13,6.98,7.25,7.25,6.91,28242300.0,200844560.0
2015-10-12,6.84,7.13,7.04,6.70,27589104.0,191429056.0
2015-10-09,6.38,6.70,6.68,6.34,20949390.0,137483696.0
2015-10-08,6.37,6.47,6.39,6.29,15526426.0,99179912.0
2015-09-30,6.14,6.24,6.17,6.10,8299527.0,51174476.0
2015-09-29,6.12,6.18,6.09,6.02,11161306.0,68046208.0
2015-09-28,6.30,6.30,6.27,5.96,16436267.0,101091136.0
2015-09-25,6.66,6.73,6.30,6.23,18457712.0,119475352.0
2015-09-24,6.56,6.81,6.74,6.56,17969146.0,119727176.0
2015-09-23,6.41,6.69,6.63,6.32,19104446.0,123987864.0
2015-09-22,6.53,6.70,6.54,6.42,18079428.0,118627816.0
2015-09-21,6.20,6.54,6.49,6.13,13778251.0,88262384.0
2015-09-18,6.21,6.33,6.30,6.12,11503262.0,71580320.0
2015-09-17,6.38,6.70,6.15,6.14,20251766.0,129465736.0
2015-09-16,5.93,6.40,6.34,5.90,16667178.0,102274192.0
2015-09-15,6.12,6.35,5.82,5.79,16925488.0,102133912.0
2015-09-14,7.10,7.22,6.33,6.33,22721628.0,153397456.0
2015-09-11,6.82,7.05,7.03,6.76,14048630.0,97050592.0
2015-09-10,6.98,7.10,6.85,6.82,15739907.0,109818296.0
2015-09-09,6.71,7.15,7.10,6.65,25036732.0,174491984.0
2015-09-08,6.38,6.85,6.77,6.21,15503549.0,100602184.0
2015-09-07,6.20,6.50,6.35,6.18,18344836.0,116603144.0
2015-09-02,6.01,6.79,6.03,6.01,18272604.0,114543728.0
2015-09-01,7.10,7.10,6.45,6.45,23056252.0,153730080.0
2015-08-31,7.70,7.70,7.15,7.14,26853260.0,198555584.0
2015-08-28,7.16,7.75,7.75,7.08,35264124.0,260945088.0
2015-08-27,7.00,7.18,7.06,6.41,29929156.0,205976496.0
2015-08-26,7.40,7.64,6.69,6.66,35720356.0,255746448.0
2015-08-25,7.40,7.60,7.40,7.40,25724234.0,190962848.0
2015-08-24,8.51,8.62,8.22,8.22,16609900.0,137849888.0
2015-08-21,9.61,9.80,9.13,9.13,40309524.0,377685472.0
2015-08-20,10.76,10.96,10.14,10.14,58574424.0,617069056.0
2015-08-19,10.20,11.63,11.27,9.59,105630808.0,1093990784.0
2015-08-18,10.66,10.66,10.66,10.30,109070992.0,1158915200.0
2015-08-17,9.69,9.69,9.69,9.69,578832.0,5608882.0
2015-08-14,8.81,8.81,8.81,8.81,262942.0,2316519.0
2015-08-05,8.06,8.30,8.01,7.89,24486438.0,198172400.0
2015-08-04,7.60,8.21,8.21,7.55,29039508.0,228035456.0
2015-08-03,8.34,8.34,7.55,7.46,25702146.0,199637344.0
2015-07-31,8.59,8.69,8.29,8.02,19251930.0,162904416.0
2015-07-30,8.65,9.04,8.76,8.46,29767222.0,261272944.0
2015-07-29,8.30,8.67,8.63,7.82,23785262.0,195749360.0
2015-07-28,8.10,8.75,8.14,7.97,36260744.0,298439264.0
2015-07-27,9.54,9.88,8.86,8.86,28081066.0,263177792.0
2015-07-24,10.13,10.44,9.84,9.70,41073272.0,413985376.0
2015-07-23,9.70,10.18,10.14,9.58,37478728.0,371356544.0
2015-07-22,9.64,9.92,9.74,9.29,41344476.0,398643104.0
2015-07-21,9.10,9.64,9.62,8.91,41947280.0,391325728.0
2015-07-20,9.06,9.35,9.28,8.80,37406028.0,341860384.0
2015-07-17,8.48,9.15,9.03,8.34,27382984.0,240382880.0
2015-07-16,7.65,8.80,8.35,7.50,24938446.0,204005552.0
2015-07-15,9.50,9.50,8.18,8.14,42936768.0,386323584.0
2015-07-14,8.95,8.95,8.95,8.95,1041371.0,9320270.0
2015-07-13,8.14,8.14,8.14,8.14,1086102.0,8840870.0
2015-07-06,8.82,8.82,7.40,7.22,30729208.0,247526000.0
2015-07-03,8.42,9.08,8.02,8.02,27536896.0,227520560.0
2015-07-02,10.10,10.24,8.91,8.91,22955452.0,214519104.0
2015-07-01,10.50,10.90,9.90,9.90,25538208.0,270660928.0
2015-06-30,9.99,10.87,10.81,9.12,33007536.0,325684480.0
2015-06-29,11.40,11.55,10.13,10.13,24574664.0,258424944.0
2015-06-26,11.95,11.95,11.25,11.25,18495152.0,211777696.0
2015-06-25,13.17,13.37,12.50,11.84,18698140.0,243138336.0
2015-06-24,13.13,13.34,13.15,12.74,19932884.0,260412832.0
2015-06-23,13.45,13.90,12.82,12.53,23716728.0,305952544.0
2015-06-19,14.99,15.08,13.92,13.92,21736168.0,311985664.0
2015-06-18,16.19,16.35,15.47,15.18,15578338.0,248891872.0
2015-06-17,15.98,16.34,16.19,15.50,17325108.0,276572960.0
2015-06-16,16.59,16.59,15.68,15.40,21892236.0,349734688.0
2015-06-15,17.50,17.98,16.79,16.77,34213576.0,595533504.0
2015-06-12,16.43,17.99,17.58,16.20,45637692.0,777964928.0
2015-06-11,16.06,16.93,16.41,15.98,31402124.0,516944960.0
2015-06-10,15.71,16.21,16.09,15.18,24271096.0,382667072.0
2015-06-09,16.50,16.58,15.86,15.45,22812208.0,361836864.0
2015-06-08,16.30,16.99,16.43,16.10,32762344.0,538852864.0
2015-06-05,16.08,16.50,16.22,15.71,31910492.0,516224096.0
2015-06-04,16.13,16.35,15.70,14.86,27804292.0,437978144.0
2015-06-03,16.71,16.71,16.08,15.86,32942096.0,536525504.0
2015-06-02,16.21,17.34,16.99,15.73,57130900.0,936292352.0
2015-06-01,17.30,17.30,16.58,16.31,58898392.0,984870592.0
2015-05-29,17.45,17.45,17.45,14.70,98122536.0,1626841728.0
2015-05-28,15.86,15.86,15.86,15.86,1827731.0,28987814.0
2015-05-27,14.42,14.42,14.42,14.42,691929.0,9977616.0
2015-05-26,13.11,13.11,13.11,13.11,131912.0,1729366.0
2015-05-25,11.92,11.92,11.92,11.92,138827.0,1654818.0
2015-05-22,10.84,10.84,10.84,10.84,109264.0,1184422.0
2015-05-21,9.85,9.85,9.85,9.85,51616.0,508418.0
2015-05-20,8.95,8.95,8.95,8.95,72143.0,645680.0
2015-05-19,8.14,8.14,8.14,8.14,238409.0,1940649.0
2014-12-25,7.34,7.46,7.40,7.30,4349497.0,32067812.0
2014-12-24,7.27,7.36,7.35,7.17,5016151.0,36462808.0
2014-12-23,7.12,7.37,7.27,7.12,6395185.0,46380248.0
2014-12-22,7.63,7.63,7.12,7.00,12353607.0,89970792.0
2014-12-19,7.78,7.78,7.63,7.48,7582294.0,57697828.0
2014-12-18,7.80,7.85,7.77,7.67,6055248.0,47049300.0
2014-12-17,8.01,8.03,7.85,7.72,7545169.0,59317196.0
2014-12-16,8.10,8.19,8.01,7.91,8845349.0,71095232.0
2014-12-15,7.75,8.16,8.12,7.75,14785759.0,118851936.0
2014-12-12,7.83,7.88,7.79,7.68,7181964.0,55782828.0
2014-12-11,7.69,8.00,7.79,7.62,12300738.0,96178128.0
2014-12-10,7.70,7.92,7.77,7.36,11340785.0,87497856.0
2014-12-09,8.04,8.42,7.58,7.51,25613934.0,206512080.0
2014-12-08,7.27,8.05,8.05,7.25,31130028.0,240594272.0
2014-12-05,7.51,7.52,7.32,7.02,14715100.0,107112360.0
2014-12-04,7.49,7.58,7.52,7.42,11154025.0,83619400.0
2014-12-03,7.50,7.58,7.48,7.40,9578396.0,71372264.0
2014-12-02,7.48,7.65,7.54,7.44,7825013.0,59127388.0
2014-12-01,7.62,7.62,7.47,7.44,7891802.0,59179284.0
2014-11-28,7.49,7.70,7.65,7.42,12778200.0,96776808.0
2014-11-27,7.51,7.54,7.49,7.42,8263999.0,61796804.0
2014-11-26,7.55,7.59,7.49,7.40,7864982.0,58969392.0
2014-11-25,7.48,7.58,7.58,7.44,10148326.0,76104680.0
2014-11-24,7.69,7.77,7.50,7.43,12521707.0,94515736.0
2014-11-21,7.62,7.72,7.65,7.58,4903763.0,37388752.0
2014-11-20,7.80,7.80,7.65,7.63,4995300.0,38506128.0
2014-11-19,7.60,7.82,7.79,7.55,6213981.0,47873020.0
2014-11-18,7.43,7.60,7.55,7.38,3821830.0,28737480.0
2014-11-17,7.34,7.52,7.43,7.32,5096772.0,38050576.0
2014-11-14,7.54,7.55,7.37,7.30,5916899.0,43661556.0
2014-11-13,7.83,7.90,7.55,7.38,7954547.0,60561408.0
2014-11-12,7.74,7.89,7.83,7.73,3719738.0,29072296.0
2014-11-11,8.00,8.08,7.75,7.70,10226536.0,80510680.0
2014-11-10,8.00,8.11,8.01,8.00,5960470.0,47929112.0
2014-11-07,8.16,8.19,7.96,7.94,6376970.0,51433336.0
2014-11-06,7.94,8.19,8.14,7.94,6596822.0,53142140.0
2014-11-05,8.00,8.06,7.99,7.90,5309344.0,42390820.0
2014-11-04,8.30,8.31,8.01,7.96,11708848.0,94895408.0
2014-11-03,8.20,8.35,8.30,8.20,9851304.0,81524888.0
2014-10-31,8.25,8.35,8.20,8.15,6647045.0,54578612.0
2014-10-30,8.20,8.33,8.22,8.15,6398395.0,52741376.0
2014-10-29,8.23,8.34,8.24,8.15,7531962.0,61915536.0
2014-10-28,8.08,8.25,8.23,8.06,6455250.0,52837404.0
2014-10-27,8.07,8.16,8.10,7.77,6790859.0,54286400.0
2014-10-24,7.96,8.09,8.05,7.91,5381720.0,43070072.0
2014-10-23,8.19,8.26,7.98,7.88,7769231.0,62715376.0
2014-10-22,8.40,8.52,8.13,8.11,9427740.0,78525048.0
2014-10-21,8.52,8.73,8.45,8.41,10123433.0,86326048.0
2014-10-20,8.49,8.63,8.60,8.40,13266284.0,113292560.0
2014-10-17,8.15,8.46,8.40,8.07,15192305.0,126000800.0
2014-10-16,8.38,8.68,8.29,8.23,18557812.0,157439728.0
2014-10-15,8.32,8.50,8.47,8.25,18597592.0,156711760.0
2014-10-14,7.98,8.35,8.32,7.95,24034692.0,197090576.0
2014-10-13,8.15,8.15,8.03,7.90,22051002.0,176849168.0
2014-10-10,7.83,8.60,8.17,7.74,31551052.0,259964496.0
2014-10-09,7.90,7.94,7.82,7.78,10298088.0,80870576.0
2014-10-08,7.77,7.89,7.88,7.71,11637834.0,91157984.0
2014-09-30,7.85,7.99,7.78,7.78,9429551.0,74039880.0
2014-09-29,7.98,7.99,7.87,7.81,13361877.0,105330560.0
2014-09-26,8.03,8.09,7.97,7.91,9370580.0,74990696.0
2014-09-25,7.77,8.01,7.94,7.75,11522751.0,91335808.0
2014-09-24,7.73,7.80,7.74,7.67,9671059.0,74743696.0
2014-09-23,7.70,7.80,7.73,7.63,9986108.0,77184608.0
2014-09-22,8.00,8.00,7.75,7.71,11276528.0,88006488.0
2014-09-19,7.99,8.09,7.95,7.90,9350842.0,74690328.0
2014-09-18,8.00,8.15,7.99,7.94,11451530.0,92260832.0
2014-09-17,7.93,8.06,7.98,7.85,9366068.0,74556512.0
2014-09-16,8.10,8.25,7.96,7.93,16308908.0,131130176.0
2014-09-15,7.95,8.14,8.09,7.83,15651943.0,126159672.0
2014-09-12,7.80,8.05,7.95,7.76,9008322.0,71651488.0
2014-09-11,8.03,8.18,7.82,7.70,15800478.0,126169048.0
2014-09-10,8.13,8.13,8.04,7.92,11181229.0,89548400.0
2014-09-09,7.85,8.18,8.09,7.77,18115990.0,146171952.0
2014-09-05,7.66,7.89,7.86,7.64,16645474.0,129509464.0
2014-09-04,7.65,7.68,7.64,7.54,9298222.0,70768544.0
2014-09-03,7.61,7.75,7.65,7.51,12599844.0,96125440.0
2014-09-02,7.45,7.85,7.67,7.44,19357488.0,148030272.0
2014-09-01,7.41,7.49,7.43,7.35,7619514.0,56441812.0
2014-08-29,7.36,7.53,7.39,7.33,7146307.0,52898312.0
2014-08-28,7.20,7.70,7.45,7.06,16490429.0,122289520.0
2014-08-27,7.21,7.30,7.20,7.13,4195957.0,30251886.0
2014-08-26,7.23,7.40,7.21,7.16,8328169.0,60656792.0
2014-08-25,7.31,7.42,7.27,7.27,9191125.0,67463816.0
2014-08-22,7.29,7.38,7.29,7.21,7338195.0,53321888.0
2014-08-21,7.21,7.51,7.31,7.19,17423888.0,128547320.0
2014-08-20,7.27,7.34,7.23,7.12,16670882.0,120624968.0
2014-08-19,7.45,7.74,7.36,7.28,43816792.0,327527648.0
2014-08-18,6.67,7.34,7.34,6.67,35936856.0,261550592.0
2014-08-15,6.69,6.80,6.67,6.61,5370497.0,35830724.0
2014-08-14,6.79,6.82,6.69,6.61,6488619.0,43519988.0
2014-08-13,6.85,6.86,6.84,6.74,4145402.0,28180340.0
2014-08-12,6.84,6.90,6.87,6.81,4128928.0,28288024.0
2014-08-11,6.64,6.85,6.85,6.62,6677418.0,45222412.0
2014-08-08,6.78,6.84,6.69,6.50,9604687.0,63985104.0
2014-08-07,7.04,7.06,6.80,6.80,6241532.0,43243408.0
2014-08-06,7.03,7.14,7.04,7.00,7027745.0,49536484.0
2014-08-05,7.04,7.19,7.15,6.96,9702936.0,68920200.0
2014-08-04,7.00,7.09,7.02,6.83,8626959.0,59956156.0
2014-08-01,6.83,7.31,7.08,6.83,14369925.0,102570256.0
2014-07-31,6.87,6.94,6.90,6.78,5241910.0,35958660.0
2014-07-30,6.99,7.04,6.88,6.80,10117622.0,69839416.0
2014-07-29,6.30,6.92,6.92,6.29,10106494.0,67100032.0
2014-07-28,6.23,6.31,6.29,6.19,4613926.0,28828220.0
2014-07-25,6.32,6.56,6.19,6.15,6285947.0,39054080.0
2014-07-24,6.43,6.53,6.32,6.31,4903921.0,31438962.0
2014-07-23,6.42,6.56,6.46,6.36,7254505.0,46744416.0
2014-07-22,6.51,6.68,6.63,6.48,3520651.0,23237022.0
2014-07-21,6.83,6.85,6.55,6.49,4968901.0,33019146.0
2014-07-18,6.76,6.88,6.80,6.75,4124219.0,28080622.0
2014-07-17,6.70,6.90,6.84,6.64,7222140.0,49220848.0
2014-07-16,6.60,6.73,6.66,6.58,3858726.0,25703348.0
2014-07-15,6.70,6.72,6.60,6.54,4950623.0,32648588.0
2014-07-14,6.79,6.82,6.73,6.63,4778422.0,32215772.0
2014-07-11,6.76,6.91,6.80,6.68,4618165.0,31361178.0
2014-07-10,6.84,6.98,6.78,6.73,8185339.0,55915448.0
2014-07-09,6.87,7.11,6.90,6.70,10467018.0,73314128.0
2014-07-08,6.61,6.86,6.86,6.50,8900945.0,59569220.0
2014-07-07,6.73,6.73,6.58,6.42,9624965.0,63008664.0
2014-07-04,7.01,7.14,6.78,6.77,9578058.0,65863964.0
2014-07-03,6.73,7.23,6.98,6.68,14380266.0,99928280.0
2014-07-02,6.60,6.82,6.73,6.50,9909143.0,65975224.0
2014-07-01,6.57,6.63,6.59,6.48,7193413.0,47185648.0
2014-06-30,6.30,6.69,6.57,6.30,12100452.0,78960424.0
2014-06-27,6.06,6.60,6.27,6.01,12737812.0,81191088.0
2014-06-26,5.83,6.07,6.06,5.83,8252960.0,49383544.0
2014-06-25,5.93,6.00,5.82,5.80,4392020.0,25912968.0
2014-06-24,5.97,6.04,5.93,5.91,5792663.0,34484892.0
2014-06-23,5.75,6.10,6.00,5.73,9440967.0,56101648.0
2014-06-20,5.70,5.81,5.76,5.58,4152384.0,23789676.0
2014-06-19,5.66,5.85,5.72,5.65,7813279.0,44803632.0
2014-06-18,5.70,5.76,5.66,5.55,5698339.0,32183456.0
2014-06-17,5.48,5.78,5.70,5.43,11103694.0,62852524.0
2014-06-16,5.40,5.52,5.50,5.39,3928365.0,21462240.0
2014-06-13,5.27,5.56,5.45,5.23,5932802.0,32154708.0
2014-06-12,5.34,5.34,5.27,5.26,1734840.0,9164853.0
2014-06-11,5.29,5.37,5.32,5.26,2905843.0,15447849.0
2014-06-10,5.28,5.33,5.29,5.18,2944335.0,15463055.0
2014-06-09,5.37,5.40,5.28,5.23,2315799.0,12377265.0
2014-06-06,5.40,5.41,5.36,5.33,2545216.0,13669721.0
2014-06-05,5.27,5.43,5.39,5.21,3902189.0,20827472.0
2014-06-04,5.29,5.32,5.25,5.20,2006325.0,10549937.0
2014-06-03,5.25,5.34,5.30,5.20,3331698.0,17582520.0
2014-05-30,5.20,5.29,5.24,5.20,2057910.0,10767856.0
2014-05-29,5.40,5.40,5.22,5.21,7362067.0,38762748.0
2014-05-28,5.48,5.51,5.47,5.40,2760865.0,15065182.0
2014-05-27,5.46,5.53,5.48,5.43,3110393.0,17020412.0
2014-05-26,5.49,5.54,5.47,5.43,3590793.0,19584676.0
2014-05-23,5.43,5.59,5.49,5.43,3792265.0,20837654.0
2014-05-22,5.28,5.79,5.53,5.26,8960963.0,49807592.0
2014-05-21,5.20,5.34,5.30,5.13,2463796.0,12865235.0
2014-05-20,5.26,5.32,5.22,5.21,2096540.0,11014345.0
2014-05-19,5.35,5.38,5.25,5.22,1970699.0,10410774.0
2014-05-16,5.33,5.42,5.35,5.31,1750655.0,9393613.0
2014-05-15,5.52,5.52,5.37,5.31,3373458.0,18221988.0
2014-05-14,5.53,5.55,5.53,5.48,2643872.0,14573826.0
2014-05-13,5.50,5.55,5.52,5.44,3209870.0,17613644.0
2014-05-12,5.48,5.58,5.50,5.39,3709275.0,20275776.0
2014-05-09,5.66,5.67,5.36,5.25,5887664.0,31987698.0
2014-05-08,5.55,5.77,5.67,5.51,4780438.0,27136074.0
2014-05-07,5.70,5.83,5.60,5.60,6296653.0,35939364.0
2014-05-06,5.73,5.75,5.70,5.61,7859414.0,44635536.0
2014-05-05,5.60,5.96,5.77,5.57,19778520.0,114104720.0
2014-04-30,5.01,5.50,5.50,5.00,7008886.0,37978896.0
2014-04-29,4.88,5.01,5.00,4.82,4803925.0,23734762.0
2014-04-28,5.25,5.25,4.89,4.89,8996924.0,45011692.0
2014-04-25,5.63,5.63,5.28,5.25,11381603.0,60697904.0
2014-04-24,5.85,5.85,5.64,5.64,7155940.0,40771668.0
2014-04-23,5.99,6.00,5.90,5.88,3963136.0,23493332.0
2014-04-22,5.98,6.06,6.00,5.94,3163871.0,18934896.0
2014-04-21,6.08,6.09,5.97,5.96,5885791.0,35381388.0
2014-04-18,6.10,6.15,6.11,6.08,4272546.0,26052370.0
2014-04-17,6.10,6.17,6.10,6.09,3472006.0,21261728.0
2014-04-16,6.27,6.27,6.11,6.06,8278284.0,50762872.0
2014-04-15,6.42,6.42,6.32,6.30,3765302.0,23845122.0
2014-04-14,6.36,6.47,6.43,6.36,3365675.0,21588362.0
2014-04-11,6.44,6.44,6.36,6.34,4013469.0,25566990.0
2014-04-10,6.46,6.47,6.44,6.40,4479159.0,28772996.0
2014-04-09,6.38,6.47,6.45,6.37,4528890.0,29122550.0
2014-04-08,6.39,6.44,6.38,6.33,3681320.0,23556252.0
2014-04-04,6.30,6.42,6.41,6.28,5231015.0,33338302.0
2014-04-03,6.34,6.38,6.30,6.26,3456960.0,21824136.0
2014-04-02,6.31,6.43,6.34,6.27,3422200.0,21783830.0
2014-04-01,6.11,6.36,6.31,6.11,3320175.0,20876928.0
2014-03-31,6.26,6.40,6.32,6.24,4408679.0,27795456.0
2014-03-28,6.41,6.43,6.28,6.22,7680262.0,48341884.0
2014-03-27,6.57,6.65,6.43,6.21,15747413.0,101644640.0
2014-03-26,7.09,7.09,6.79,6.39,23910076.0,160054960.0
2014-03-25,7.12,7.17,7.10,7.02,3552096.0,25183762.0
2014-03-24,7.20,7.20,7.13,7.02,4618851.0,32849056.0
2014-03-21,7.05,7.19,7.19,6.90,4793224.0,33870156.0
2014-03-20,7.15,7.28,7.10,7.10,3570966.0,25631224.0
2014-03-19,7.25,7.30,7.18,7.10,5561842.0,39992084.0
2014-03-18,7.20,7.38,7.37,7.12,5725357.0,41579060.0
2014-03-17,7.13,7.23,7.21,7.08,2784921.0,19986488.0
2014-03-14,7.18,7.21,7.15,7.10,2495980.0,17849064.0
2014-03-13,7.20,7.24,7.20,7.11,3175999.0,22796774.0
2014-03-12,7.12,7.23,7.20,7.05,3230277.0,23163224.0
2014-03-11,7.00,7.22,7.18,6.90,3473289.0,24736094.0
2014-03-10,7.28,7.28,7.11,7.10,4987888.0,35755920.0
2014-03-07,7.47,7.47,7.25,7.20,5373237.0,39385304.0
2014-03-06,7.68,7.68,7.44,7.32,4539389.0,33871264.0
2014-03-05,7.70,7.79,7.59,7.52,6242975.0,47755412.0
2014-03-04,7.55,7.73,7.55,7.42,5490747.0,41501472.0
2014-03-03,7.29,7.63,7.60,7.02,6505881.0,48618652.0
2014-02-28,7.20,7.36,7.29,7.01,4787539.0,34270104.0
2014-02-27,7.30,7.42,7.20,7.18,6300250.0,45924716.0
2014-02-26,7.36,7.36,7.24,7.07,8140699.0,58422124.0
2014-02-25,7.89,7.92,7.39,7.27,12015697.0,91695808.0
2014-02-24,7.78,7.95,7.88,7.65,8299426.0,64914720.0
2014-02-21,7.78,7.83,7.80,7.58,9279237.0,71422864.0
2014-02-20,8.17,8.23,7.79,7.76,15874917.0,126616304.0
2014-02-19,8.29,8.56,8.15,8.14,22147852.0,185078240.0
2014-02-18,7.76,8.34,8.22,7.76,21270736.0,174067472.0
2014-02-17,7.88,8.02,7.97,7.73,15732955.0,123982472.0
2014-02-14,8.12,8.18,7.99,7.71,25918148.0,206383712.0
2014-02-13,7.34,8.05,8.05,7.19,22792738.0,177085680.0
2014-02-12,7.25,7.40,7.32,7.25,5594576.0,40915516.0
2014-02-11,7.18,7.35,7.25,7.18,5121087.0,37284240.0
2014-02-10,7.26,7.28,7.22,7.10,5927796.0,42736156.0
2014-02-07,6.90,7.05,7.05,6.85,3458932.0,24165110.0
2014-01-30,6.88,7.03,6.90,6.88,2235364.0,15538210.0
2014-01-29,7.04,7.05,6.96,6.90,3948408.0,27462824.0
2014-01-28,6.88,7.07,7.05,6.86,4378727.0,30672748.0
2014-01-27,6.96,7.02,6.88,6.85,4035080.0,27896078.0
2014-01-24,6.97,7.04,6.97,6.90,3932060.0,27420472.0
2014-01-23,7.06,7.09,6.98,6.93,4159320.0,29045886.0
2014-01-22,6.80,7.15,7.05,6.78,5958053.0,41769764.0
2014-01-21,6.70,6.86,6.71,6.66,3410852.0,22989862.0
2014-01-20,6.79,6.86,6.66,6.65,3778210.0,25532554.0
2014-01-17,6.89,6.90,6.79,6.78,2127952.0,14522277.0
2014-01-16,6.83,6.94,6.90,6.83,2875043.0,19792198.0
2014-01-15,6.96,7.03,6.88,6.83,3330370.0,22938820.0
2014-01-14,6.90,7.00,6.96,6.80,4487757.0,30943166.0
2014-01-13,6.99,7.14,6.95,6.87,3413941.0,23805004.0
2014-01-10,7.15,7.27,6.96,6.95,4569824.0,32570774.0
2014-01-09,7.38,7.42,7.19,7.16,4229889.0,30818854.0
2014-01-08,7.24,7.43,7.38,7.24,4187099.0,30882194.0
2014-01-07,7.13,7.33,7.24,7.13,3598491.0,26101376.0
2014-01-06,7.51,7.63,7.22,7.22,8756670.0,64327220.0
2014-01-03,8.08,8.24,7.76,7.72,11181294.0,88574240.0
2014-01-02,7.77,7.82,7.70,7.66,4283536.0,33082082.0
2013-12-31,7.70,7.81,7.67,7.60,4876460.0,37477644.0
2013-12-30,7.66,7.97,7.72,7.66,8683006.0,68046640.0
2013-12-27,7.59,7.75,7.59,7.52,5750741.0,43879160.0
2013-12-26,7.72,7.78,7.59,7.54,6450747.0,49423636.0
2013-12-25,7.49,7.72,7.72,7.43,7143949.0,54225072.0
2013-12-24,7.51,7.60,7.53,7.42,6273839.0,47114920.0
2013-12-23,7.21,7.61,7.52,7.11,9539315.0,70842552.0
2013-12-20,7.34,7.40,7.29,7.01,9122816.0,66030184.0
2013-12-19,7.80,7.97,7.31,7.31,11048976.0,84644672.0
2013-12-18,7.82,8.10,7.68,7.61,13963659.0,108410400.0
2013-12-17,7.42,8.09,7.93,7.30,27710770.0,215348992.0
2013-12-16,6.92,7.45,7.45,6.80,18787078.0,135220384.0
2013-12-13,6.97,6.97,6.77,6.49,11416938.0,77378368.0
2013-12-03,6.78,7.19,7.05,6.65,7586953.0,52640288.0
2013-12-02,7.39,7.40,6.81,6.79,14068326.0,98821176.0
2013-11-29,7.68,7.74,7.54,7.52,8348038.0,63266564.0
2013-11-28,7.63,7.89,7.71,7.47,9467013.0,72769968.0
2013-11-26,7.86,7.88,7.73,7.67,6793899.0,52836624.0
2013-11-25,7.77,7.97,7.88,7.54,7481175.0,58573588.0
2013-11-22,7.74,7.90,7.78,7.63,7591929.0,58940060.0
2013-11-21,7.94,7.94,7.77,7.73,8337693.0,64949572.0
2013-11-20,8.01,8.10,7.94,7.86,8446131.0,67136312.0
2013-11-19,8.21,8.25,8.04,7.96,9634503.0,77719232.0
2013-11-18,8.26,8.48,8.19,8.15,11280790.0,93166264.0
2013-11-15,7.93,8.27,8.10,7.90,10344513.0,83607056.0
2013-11-14,7.79,8.06,7.93,7.71,7387587.0,58340696.0
2013-11-13,8.27,8.27,7.89,7.87,9027150.0,73160312.0
2013-11-12,7.75,8.31,8.24,7.64,13630503.0,109585896.0
2013-11-11,7.58,7.76,7.74,7.48,5986704.0,45510796.0
2013-11-08,7.65,7.96,7.60,7.58,6892871.0,52918024.0
2013-11-07,8.01,8.06,7.70,7.69,10896025.0,84939104.0
2013-11-06,8.23,8.36,8.06,8.01,9873451.0,80452848.0
2013-11-05,8.17,8.33,8.28,8.00,10857437.0,88544088.0
2013-11-04,8.28,8.42,8.23,8.11,7852098.0,65173432.0
2013-11-01,8.20,8.47,8.22,7.74,13051434.0,106569408.0
2013-10-31,8.30,8.87,8.34,8.22,18325132.0,157392896.0
2013-10-30,7.81,8.58,8.35,7.66,18810698.0,153674944.0
2013-10-29,8.32,8.55,7.86,7.58,21278924.0,170139856.0
2013-10-28,9.12,9.25,8.42,8.21,20004088.0,173226816.0
2013-10-25,9.30,9.62,9.11,8.90,21915700.0,200776496.0
2013-10-24,8.71,9.79,9.47,8.58,33873944.0,317970688.0
2013-10-23,9.88,9.88,8.98,8.93,34433096.0,321575584.0
2013-10-22,9.25,9.78,9.78,9.15,53090592.0,505182208.0
2013-10-21,8.02,8.89,8.89,7.78,27386372.0,233987456.0
2013-10-18,8.30,9.00,8.08,7.55,38479936.0,315264384.0
2013-10-16,8.13,8.52,8.39,8.02,25181804.0,209663808.0
2013-10-15,7.52,8.11,8.11,7.52,22848308.0,179055488.0
2013-10-14,7.89,8.25,7.72,7.70,18793322.0,150043984.0
2013-10-11,7.80,8.15,7.99,7.61,17641624.0,139450160.0
2013-10-10,7.43,7.80,7.79,7.16,17890516.0,133551992.0
2013-10-09,7.15,7.43,7.43,7.06,17787664.0,131131648.0
2013-10-08,7.10,7.10,7.08,6.81,14417243.0,100863392.0
2013-09-30,6.70,6.89,6.89,6.65,10382587.0,71163464.0
2013-09-27,6.20,6.56,6.56,6.19,12627991.0,81815888.0
2013-09-26,6.48,6.55,6.25,6.20,13801371.0,86784720.0
2013-09-25,6.66,6.67,6.53,6.51,8042172.0,52904740.0
2013-09-24,6.68,6.86,6.60,6.45,11595086.0,77474616.0
2013-09-23,6.95,6.95,6.73,6.73,20078754.0,135456400.0
2013-09-18,7.27,7.57,7.08,7.01,25186688.0,181111392.0
2013-09-17,7.25,7.27,7.27,6.92,17103456.0,123989968.0
2013-08-16,6.79,7.10,6.92,6.76,34677768.0,242115696.0
2013-08-15,6.51,6.76,6.76,6.44,25016824.0,165972048.0
2013-08-14,6.13,6.44,6.44,6.10,20548016.0,130905536.0
2013-08-13,6.15,6.17,6.13,6.07,7339993.0,44885756.0
2013-08-12,6.07,6.19,6.16,6.05,8419336.0,51677280.0
2013-08-09,6.13,6.17,6.09,6.03,9014804.0,54929284.0
2013-08-08,6.20,6.23,6.15,6.13,7816816.0,48230312.0
2013-08-07,6.15,6.24,6.20,6.08,9863978.0,60807204.0
2013-08-06,6.20,6.21,6.18,6.07,9339097.0,57428280.0
2013-08-05,6.17,6.24,6.21,6.14,7157890.0,44269460.0
2013-08-02,6.11,6.27,6.12,6.06,9877508.0,60824436.0
2013-08-01,5.99,6.17,6.10,5.95,11522364.0,69924912.0
2013-07-31,5.99,6.09,5.99,5.91,12885316.0,77200456.0
2013-07-30,6.25,6.32,6.01,6.01,23109432.0,139939984.0
2013-07-29,6.58,6.58,6.33,6.33,15952108.0,101695752.0
2013-07-26,6.75,6.87,6.66,6.55,13354780.0,89373056.0
2013-07-25,6.75,6.94,6.70,6.66,16853008.0,114055680.0
2013-07-24,6.79,7.25,6.90,6.71,36585900.0,254733424.0
2013-07-23,6.32,6.98,6.98,6.32,58587560.0,388819840.0
2013-07-22,6.65,6.65,6.65,6.65,1828300.0,12158195.0
2013-07-19,8.00,9.38,7.00,7.00,85931784.0,714211520.0
2013-04-25,5.97,5.97,5.97,5.97,372712.0,8896635.0
2013-04-24,5.68,5.68,5.68,5.68,38813.0,882220.0
2013-04-23,5.41,5.41,5.41,5.41,24228.0,524536.0
2013-04-22,5.16,5.16,5.16,5.16,90294.0,1861862.0
2013-04-19,4.91,4.91,4.91,4.91,26210.0,514764.0
2012-12-14,4.52,4.70,4.68,4.52,1064630.0,19795136.0
2012-12-13,4.55,4.70,4.58,4.50,1660209.0,30673302.0
2012-12-12,4.35,4.60,4.60,4.35,1319860.0,23821654.0
2012-12-11,4.45,4.50,4.39,4.30,1856101.0,32582172.0
2012-12-10,4.23,4.47,4.43,4.23,2061857.0,36404308.0
2012-12-07,4.20,4.29,4.26,4.13,1437797.0,24375424.0
2012-12-06,4.03,4.24,4.20,4.03,2964971.0,49901548.0
2012-12-05,3.91,4.06,4.04,3.89,1371218.0,21896504.0
2012-12-04,3.84,3.91,3.90,3.83,768481.0,11917055.0
2012-12-03,3.70,3.94,3.85,3.70,1714166.0,26461248.0
2012-11-30,3.70,3.82,3.81,3.65,1400033.0,21028662.0
2012-11-29,3.67,3.82,3.69,3.55,1006691.0,15020364.0
2012-11-28,3.70,3.75,3.65,3.59,952659.0,13988909.0
2012-11-27,3.75,3.89,3.73,3.73,1544793.0,23439736.0
2012-11-26,3.68,3.86,3.82,3.66,2148859.0,32789940.0
2012-11-23,3.64,3.70,3.68,3.57,778821.0,11330270.0
2012-11-22,3.45,3.62,3.60,3.41,1031195.0,14613957.0
2012-11-21,3.40,3.49,3.47,3.35,744090.0,10157932.0
2012-11-20,3.40,3.45,3.43,3.35,775199.0,10556767.0
2012-11-19,3.43,3.47,3.43,3.26,1706054.0,22678734.0
2012-11-16,3.60,3.65,3.43,3.43,2486826.0,34375508.0
2012-11-15,3.75,3.78,3.61,3.60,1084286.0,15963258.0
2012-11-14,3.71,3.75,3.75,3.70,453217.0,6736837.0
2012-11-13,3.76,3.85,3.73,3.73,816176.0,12226185.0
2012-11-12,3.83,3.90,3.80,3.74,719797.0,10937930.0
2012-11-09,3.81,3.89,3.83,3.80,456644.0,7023383.0
2012-11-08,3.84,3.96,3.85,3.75,1223781.0,19080354.0
2012-11-07,3.93,3.93,3.85,3.83,1068545.0,16584418.0
2012-11-06,3.86,3.92,3.91,3.81,949853.0,14681692.0
2012-11-05,3.84,3.90,3.84,3.77,1525060.0,23394798.0
2012-11-02,3.75,3.87,3.86,3.71,1395819.0,21170230.0
2012-11-01,3.64,3.75,3.73,3.64,676419.0,10064389.0
2012-10-31,3.69,3.74,3.64,3.59,1213101.0,17854896.0
2012-10-30,3.73,3.77,3.70,3.70,902509.0,13476509.0
2012-10-29,3.69,3.76,3.75,3.66,1003606.0,14963951.0
2012-10-26,3.86,3.86,3.72,3.67,2519735.0,37688512.0
2012-10-25,3.76,3.95,3.86,3.73,2720584.0,41991580.0
2012-10-24,3.71,3.77,3.76,3.70,1769355.0,26515314.0
2012-10-23,3.68,3.76,3.73,3.66,2019219.0,30040654.0
2012-10-22,3.63,3.72,3.68,3.60,2038720.0,30011976.0
2012-10-19,3.60,3.66,3.65,3.58,1901372.0,27519430.0
2012-10-18,3.55,3.63,3.60,3.49,3606679.0,51376484.0
2012-10-17,3.54,3.58,3.57,3.39,4020229.0,55853600.0
2012-10-16,3.59,3.67,3.54,3.52,3675702.0,52805228.0
2012-10-15,3.47,3.71,3.62,3.47,6927510.0,99572904.0
2012-10-12,3.65,3.70,3.65,3.65,10034659.0,146717328.0
2012-10-11,3.85,3.85,3.85,3.85,69700.0,1071986.0
2012-10-10,4.05,4.05,4.05,4.05,80100.0,1296819.0
2012-10-09,4.26,4.26,4.26,4.26,64100.0,1092264.0
2012-10-08,4.49,4.49,4.49,4.49,17500.0,313950.0
2012-08-30,4.62,4.82,4.72,4.62,1765783.0,33287430.0
2012-08-29,4.43,4.64,4.62,4.40,1906451.0,34558544.0
2012-08-28,4.62,4.62,4.43,4.41,3502798.0,62383672.0
2012-08-27,4.65,4.70,4.64,4.50,1439569.0,26528082.0
2012-08-24,4.54,4.71,4.65,4.49,1771489.0,32677168.0
2012-08-23,4.50,4.72,4.55,4.50,2338433.0,43131920.0
2012-08-22,4.29,4.51,4.50,4.28,1690479.0,29947510.0
2012-08-21,4.43,4.55,4.32,4.32,3889876.0,69083776.0
2012-08-20,4.12,4.33,4.33,4.12,1548541.0,26634458.0
2012-08-17,3.93,4.12,4.12,3.93,1861723.0,30391744.0
2012-08-16,4.09,4.17,3.93,3.92,2374952.0,38188964.0
2012-08-15,3.94,4.13,4.13,3.90,2785029.0,45454212.0
2012-08-14,3.81,3.97,3.94,3.81,1924890.0,30049628.0
2012-08-13,3.83,3.97,3.83,3.72,2598767.0,39861116.0
2012-08-10,3.67,3.84,3.84,3.63,2655163.0,40092428.0
2012-08-09,3.54,3.70,3.66,3.53,1053197.0,15321397.0
2012-08-08,3.54,3.57,3.54,3.50,780697.0,11050779.0
2012-08-07,3.54,3.60,3.56,3.50,547562.0,7803473.0
2012-08-06,3.45,3.57,3.54,3.45,1000019.0,14106802.0
2012-08-03,3.38,3.51,3.51,3.38,1015102.0,14015548.0
2012-08-02,3.26,3.38,3.38,3.26,1800892.0,23903590.0
2012-08-01,3.18,3.49,3.30,3.18,3348755.0,44741620.0
2012-07-31,3.35,3.35,3.35,3.35,443900.0,5943821.0
2012-07-30,3.52,3.53,3.52,3.52,1489100.0,20982322.0
2012-07-27,3.75,3.86,3.71,3.68,2255625.0,33954992.0
2012-07-26,3.52,3.73,3.73,3.52,2493810.0,36763628.0
2012-07-25,3.49,3.58,3.55,3.47,923936.0,13053250.0
2012-07-24,3.47,3.54,3.51,3.46,401281.0,5609396.0
2012-07-23,3.53,3.56,3.51,3.46,1153814.0,16114674.0
2012-07-20,3.60,3.61,3.59,3.54,485170.0,6934841.0
2012-07-19,3.59,3.64,3.62,3.56,808458.0,11667023.0
2012-07-18,3.58,3.58,3.58,3.53,867710.0,12346838.0
2012-07-17,3.42,3.55,3.55,3.42,1111536.0,15500709.0
2012-07-16,3.64,3.64,3.46,3.46,1475854.0,20707670.0
2012-07-13,3.59,3.65,3.64,3.57,815226.0,11779660.0
2012-07-12,3.43,3.61,3.59,3.41,1610385.0,23010048.0
2012-07-11,3.35,3.46,3.44,3.26,734293.0,10060974.0
2012-07-10,3.41,3.49,3.37,3.35,883984.0,12089619.0
2012-07-09,3.48,3.57,3.43,3.42,731111.0,10170574.0
2012-07-06,3.47,3.58,3.51,3.43,1049926.0,14705118.0
2012-07-05,3.51,3.51,3.46,3.41,786609.0,10870026.0
2012-07-04,3.53,3.59,3.51,3.50,726622.0,10301046.0
2012-07-03,3.60,3.62,3.54,3.53,984834.0,14050736.0
2012-07-02,3.45,3.59,3.59,3.45,1061636.0,15063622.0
2012-06-29,3.38,3.49,3.45,3.32,1167616.0,16045691.0
2012-06-28,3.32,3.43,3.38,3.30,1176652.0,15954335.0
2012-06-27,3.43,3.47,3.32,3.31,1158874.0,15697051.0
2012-06-26,3.30,3.47,3.43,3.29,1144262.0,15552141.0
2012-06-25,3.49,3.49,3.33,3.33,1927263.0,26272618.0
2012-06-21,3.60,3.62,3.51,3.40,2010506.0,28032870.0
2012-06-20,3.58,3.62,3.58,3.54,1180623.0,16862162.0
2012-06-19,3.66,3.68,3.57,3.54,2311537.0,33186854.0
2012-06-18,3.46,3.66,3.66,3.46,3170013.0,46105436.0
2012-06-15,3.38,3.49,3.48,3.35,2067491.0,28204726.0
2012-06-14,3.20,3.48,3.40,3.18,4940782.0,65807404.0
2012-06-13,3.31,3.42,3.31,3.31,2146402.0,28517316.0
2012-06-05,3.32,3.49,3.49,3.28,4645074.0,63164580.0
2012-06-04,3.16,3.32,3.32,3.15,5943522.0,78289432.0
2012-06-01,3.17,3.21,3.17,3.13,1714632.0,21740676.0
2012-05-31,3.05,3.19,3.16,3.05,2239991.0,28085016.0
2012-05-30,3.02,3.05,3.04,3.01,936843.0,11349074.0
2012-05-29,3.00,3.04,3.03,2.97,879697.0,10637090.0
2012-05-28,2.98,2.99,2.98,2.88,1064060.0,12476415.0
2012-05-25,2.94,3.01,2.99,2.94,1061929.0,12655608.0
2012-05-24,2.99,2.99,2.94,2.94,789201.0,9318707.0
2012-05-23,2.98,3.01,2.99,2.96,885915.0,10579520.0
2012-05-22,3.00,3.03,2.98,2.95,1268610.0,15109120.0
2012-05-21,3.02,3.04,3.00,2.96,1769145.0,21199376.0
2012-05-18,2.93,3.08,3.02,2.92,3374665.0,40860936.0
2012-05-16,2.92,2.98,2.94,2.89,1903142.0,22448686.0
2012-05-15,2.85,2.94,2.92,2.84,1777969.0,20638492.0
2012-05-14,2.92,2.92,2.87,2.85,1522159.0,17495232.0
2012-05-11,2.82,2.94,2.89,2.80,1997412.0,23069630.0
2012-05-10,2.81,2.85,2.83,2.80,844927.0,9572803.0
2012-05-09,2.80,2.85,2.81,2.78,1167283.0,13138017.0
2012-05-08,2.82,2.85,2.81,2.78,953547.0,10729672.0
2012-05-07,2.76,2.82,2.81,2.76,1233080.0,13790247.0
2012-05-04,2.73,2.85,2.77,2.73,1717057.0,19256298.0
2012-05-03,2.81,2.81,2.75,2.69,2865172.0,31244898.0
2012-05-02,2.84,2.95,2.83,2.83,4155782.0,47382504.0
2012-04-27,2.83,2.98,2.97,2.69,3518110.0,39788268.0
2012-04-26,2.86,2.92,2.83,2.82,1719309.0,19744326.0
2012-04-25,2.72,2.82,2.82,2.68,2012527.0,22248710.0
2012-04-24,2.76,2.78,2.69,2.68,2993419.0,32497276.0
2012-04-23,2.95,2.97,2.82,2.82,1566603.0,18080228.0
2012-04-20,2.96,2.99,2.96,2.94,1447145.0,17145934.0
2012-04-19,2.95,3.04,2.96,2.94,1769025.0,21115440.0
2012-04-18,2.91,2.99,2.97,2.84,1844762.0,21497478.0
2012-04-17,3.00,3.03,2.91,2.88,1797827.0,21334060.0
2012-04-16,3.00,3.12,3.03,2.98,3005445.0,36631708.0
2012-04-13,2.87,3.00,3.00,2.80,2942592.0,34505332.0
2012-04-12,2.84,2.87,2.85,2.78,2006813.0,22623974.0
2012-04-11,2.81,2.94,2.84,2.80,3082135.0,35368944.0
2012-04-10,2.71,2.87,2.84,2.71,4141500.0,46642516.0
2012-04-09,2.55,2.74,2.73,2.55,3221224.0,34669808.0
2012-04-06,2.60,2.65,2.61,2.58,2584985.0,27052018.0
2012-03-30,2.53,2.58,2.56,2.45,3333398.0,33279132.0
2012-03-29,2.62,2.63,2.56,2.56,2470323.0,25428156.0
2012-03-28,2.84,2.84,2.70,2.70,2094515.0,23087000.0
2012-03-27,2.84,2.89,2.84,2.81,2054764.0,23507846.0
2012-03-26,2.88,2.91,2.82,2.79,2700463.0,30891978.0
2012-03-23,2.82,2.99,2.92,2.78,5065582.0,58381380.0
2012-03-22,2.83,2.96,2.88,2.83,8408712.0,96375960.0
2012-03-21,2.98,2.98,2.98,2.98,1128200.0,13448144.0
2012-03-20,3.14,3.14,3.14,3.14,319800.0,4013490.0
2012-03-19,3.30,3.30,3.30,3.30,187600.0,2478196.0
2012-03-16,3.48,3.48,3.48,3.48,121600.0,1690240.0
