date,open,high,close,low,volume,amount
2015-08-17,27.75,30.53,30.53,26.54,13217021.0,379195744.0
2015-08-14,26.78,28.50,27.75,26.78,12463839.0,345073632.0
2015-08-13,24.50,26.40,26.28,24.00,15734293.0,400774752.0
2015-08-12,23.34,25.65,24.78,22.98,10865187.0,268135232.0
2015-08-11,23.80,25.06,23.66,23.45,10521116.0,255467872.0
2015-08-10,22.56,24.13,23.79,21.99,9199788.0,215477296.0
2015-08-07,19.87,21.94,21.94,19.87,8853318.0,185812688.0
2015-08-06,19.47,20.75,19.94,19.31,4861128.0,98198328.0
2015-08-05,19.97,21.15,20.17,19.81,9544508.0,194797088.0
2015-08-04,18.18,19.97,19.80,18.01,8409543.0,160454336.0
2015-08-03,19.82,20.45,18.60,18.60,8240314.0,157316384.0
2015-07-31,21.08,21.84,20.67,19.97,11273913.0,237488736.0
2015-07-30,24.51,24.51,21.98,21.88,20167298.0,473003616.0
2015-07-29,22.96,23.80,23.80,22.03,30621668.0,704677632.0
2015-07-28,21.57,21.64,21.64,19.98,26592972.0,571149504.0
2015-07-27,19.67,19.67,19.67,19.67,424852.0,8369585.0
2015-07-06,21.86,21.86,17.88,17.88,7613660.0,145666528.0
2015-07-03,19.62,20.97,19.87,18.56,10114489.0,193078464.0
2015-07-02,22.57,22.57,20.63,20.63,5544958.0,116439424.0
2015-07-01,24.76,25.84,22.93,22.47,6124426.0,147594272.0
2015-06-30,23.56,25.95,24.96,21.37,7279687.0,169777856.0
2015-06-29,26.84,26.95,23.74,23.74,6411068.0,156994400.0
2015-06-26,27.96,28.64,26.38,26.38,6607146.0,179332656.0
2015-06-25,32.31,32.31,29.31,28.76,6266554.0,191403808.0
2015-06-24,31.75,33.33,31.95,30.85,6514995.0,208695296.0
2015-06-23,31.95,31.95,31.23,29.12,4800172.0,144776976.0
2015-06-19,34.80,35.95,32.35,32.35,6725294.0,229061200.0
2015-06-18,36.88,38.44,35.95,35.75,6640832.0,245232704.0
2015-06-17,36.69,37.79,36.84,35.13,7167767.0,263328032.0
2015-06-16,36.96,37.93,36.84,35.45,8108929.0,296526208.0
2015-06-15,38.02,39.98,37.48,35.95,9916280.0,381539104.0
2015-06-12,34.70,38.23,38.06,34.63,11213015.0,413481504.0
2015-06-11,32.88,35.55,34.76,32.56,8491120.0,291111840.0
2015-06-10,30.95,34.23,33.21,30.95,10166511.0,337913536.0
2015-06-09,31.31,31.55,31.15,29.95,8873846.0,273337088.0
2015-06-08,30.05,31.47,30.98,30.01,13515706.0,415906784.0
2015-06-05,29.10,30.10,29.65,28.51,9516669.0,280408864.0
2015-06-04,29.95,30.43,29.08,27.14,8527544.0,247277872.0
2015-06-03,28.56,31.41,30.15,28.20,12488634.0,372765952.0
2015-06-02,27.16,29.11,28.64,26.81,10076504.0,284125280.0
2015-06-01,25.76,27.24,27.16,25.53,12051284.0,317569280.0
2015-05-29,26.11,26.70,25.77,24.52,9952083.0,255026832.0
2015-05-28,29.90,29.90,26.92,26.92,18397784.0,521493792.0
2015-05-22,30.55,30.64,29.90,29.63,8075208.0,242357696.0
2015-05-21,30.89,31.45,30.82,30.33,7898590.0,243969520.0
2015-05-20,30.05,32.35,30.95,29.69,11560580.0,354421312.0
2015-05-19,30.94,31.65,30.45,29.47,11507147.0,350334880.0
2015-05-18,31.73,33.29,31.34,30.53,18520256.0,596988608.0
2015-05-15,28.16,30.26,30.26,27.49,11855710.0,345902336.0
2015-05-14,26.39,27.51,27.51,25.57,10265493.0,274549984.0
2015-05-13,26.86,27.45,26.39,26.26,5914937.0,157085504.0
2015-05-12,26.86,27.14,26.86,26.37,7041230.0,188343776.0
2015-05-11,26.36,27.16,26.96,25.96,8541655.0,226367920.0
2015-05-08,24.96,26.06,26.06,24.69,6327869.0,159916048.0
2015-05-07,24.85,25.08,24.96,23.26,4489226.0,109032048.0
2015-05-06,25.78,27.53,25.08,25.04,8356973.0,218318160.0
2015-05-05,25.97,26.16,25.59,24.73,7819659.0,198966032.0
2015-05-04,27.06,27.06,25.97,25.56,6414658.0,166892240.0
2015-04-30,27.96,28.52,26.85,26.82,14325366.0,394923328.0
2015-04-29,25.33,27.56,26.67,25.06,5947369.0,158555920.0
2015-04-28,27.21,27.21,25.64,25.31,4464783.0,116522064.0
2015-04-27,25.66,28.26,27.32,25.66,10175851.0,276525920.0
2015-04-24,24.98,25.96,25.69,24.97,4547949.0,116115920.0
2015-04-23,26.22,26.22,25.53,24.96,4704830.0,120690920.0
2015-04-22,25.96,26.76,26.23,25.94,4049941.0,106736768.0
2015-04-21,25.46,26.41,26.19,25.46,3380790.0,88102856.0
2015-04-20,25.64,26.21,25.79,23.97,3739558.0,94856072.0
2015-04-17,26.25,26.65,25.66,25.54,5517399.0,143957200.0
2015-04-16,23.14,26.49,26.25,23.14,6226975.0,159622880.0
2015-04-15,26.76,26.76,24.40,24.32,4410334.0,112254640.0
2015-04-14,28.30,28.30,26.96,25.96,4932557.0,135397648.0
2015-04-13,27.40,28.46,28.31,27.26,6409762.0,179137264.0
2015-04-10,26.46,27.56,27.12,26.39,3777949.0,102609704.0
2015-04-09,26.68,27.01,26.83,25.46,3410541.0,90019584.0
2015-04-08,26.94,27.44,27.00,26.56,3151305.0,85073392.0
2015-04-07,27.00,27.35,26.97,26.78,3177799.0,86075072.0
2015-04-03,27.06,27.29,27.06,26.29,3310556.0,89142752.0
2015-04-02,26.64,26.95,26.66,26.50,2393321.0,63924580.0
2015-04-01,26.96,27.19,26.96,26.56,2381704.0,63830948.0
2015-03-31,27.71,27.95,27.25,26.46,4152365.0,112286152.0
2015-03-30,27.14,27.46,27.36,26.78,1746821.0,47391644.0
2015-03-27,27.06,27.82,27.26,26.64,2086497.0,56769972.0
2015-03-26,27.91,27.91,27.23,26.36,2854454.0,77401904.0
2015-03-25,26.54,28.06,27.65,26.36,5694842.0,157672256.0
2015-03-24,25.46,26.94,26.54,25.36,7164329.0,187580704.0
2015-03-23,24.76,25.59,25.46,24.37,8857242.0,222350944.0
2015-03-20,24.76,26.94,24.76,24.26,4702400.0,119489040.0
2015-03-19,25.41,25.46,24.64,23.94,6340467.0,156512480.0
2015-03-18,26.20,26.21,25.63,25.24,3101951.0,79289688.0
2015-03-17,26.25,26.46,26.02,25.51,2204117.0,57250484.0
2015-03-16,25.35,26.46,26.17,24.84,3204409.0,82877904.0
2015-03-13,25.06,25.46,25.42,24.14,1988243.0,49496624.0
2015-03-12,25.90,26.26,25.04,24.96,1641013.0,41886244.0
2015-03-11,25.76,26.43,25.95,25.56,3224828.0,83679496.0
2015-03-10,25.41,26.42,25.80,25.24,4265020.0,111450256.0
2015-03-09,23.77,25.44,25.24,23.77,3551439.0,88174360.0
2015-03-06,24.82,25.44,24.16,23.56,4530995.0,109917760.0
2015-03-05,25.01,25.44,24.95,24.56,2663670.0,66650224.0
2015-03-04,23.92,25.01,25.01,23.76,4030388.0,98942016.0
2015-03-03,23.45,24.94,24.06,22.98,5562925.0,133599760.0
2015-03-02,22.17,23.91,23.50,21.83,3365884.0,76973320.0
2015-02-27,21.32,22.13,22.13,21.07,4952830.0,107611928.0
2015-02-26,22.11,22.37,21.67,20.98,5529248.0,119771136.0
2015-02-25,20.97,22.61,21.98,20.50,9181868.0,199263728.0
2015-02-17,19.60,20.74,20.74,19.43,16569592.0,340130048.0
2015-02-16,18.98,19.20,18.85,18.71,5663802.0,107601336.0
2015-02-13,19.27,19.49,19.15,18.89,6017981.0,116183344.0
2015-02-12,18.52,19.57,19.35,18.38,6453314.0,123549880.0
2015-02-11,17.80,18.49,18.35,17.59,1598023.0,29161974.0
2015-02-10,18.02,18.17,17.77,17.57,3597313.0,64229952.0
2015-02-09,17.36,17.87,17.84,16.72,1960216.0,34064320.0
2015-02-06,17.97,18.17,17.64,16.61,3174216.0,55105736.0
2015-02-05,18.78,18.78,18.21,17.93,5062667.0,92461440.0
2015-02-04,18.36,18.80,18.37,18.30,1419982.0,26444118.0
2015-02-03,18.40,18.74,18.40,18.18,2122457.0,39099972.0
2015-02-02,18.40,18.62,18.39,17.97,1652413.0,30368478.0
2015-01-30,18.85,19.12,18.40,18.17,2926769.0,54285984.0
2015-01-29,18.72,19.68,19.04,18.47,6276948.0,121038384.0
2015-01-28,18.06,19.22,18.90,17.87,8185198.0,153543616.0
2015-01-27,17.43,18.17,17.96,17.07,3480434.0,61494248.0
2015-01-26,16.97,17.61,17.43,16.67,3734345.0,64176924.0
2015-01-23,16.70,16.81,16.73,16.64,1525101.0,25565360.0
2015-01-22,16.41,16.87,16.72,16.34,2269505.0,37838612.0
2015-01-21,16.79,17.00,16.55,16.26,6570880.0,108990504.0
2015-01-20,16.08,16.76,16.76,15.49,3338210.0,54001120.0
2015-01-19,17.14,17.42,16.07,15.87,4649326.0,76277616.0
2015-01-16,17.92,18.02,17.62,17.17,4036042.0,70744096.0
2015-01-15,17.17,17.94,17.85,17.13,2391536.0,42287112.0
2015-01-14,17.72,17.82,17.67,16.97,2241908.0,39407844.0
2015-01-13,17.83,17.97,17.82,17.35,4340368.0,76667408.0
2015-01-12,18.00,18.48,17.94,17.67,4066236.0,73162824.0
2015-01-09,16.95,18.36,18.01,16.81,4514559.0,80421136.0
2015-01-08,16.70,17.14,16.95,16.39,5245168.0,88768280.0
2015-01-07,16.48,17.17,16.69,16.35,3725815.0,62184308.0
2015-01-06,16.48,16.71,16.65,16.01,4654513.0,76530328.0
2015-01-05,15.88,16.72,16.46,15.85,4739702.0,77708184.0
2014-12-31,15.83,16.06,15.88,15.41,2647511.0,41785604.0
2014-12-30,15.78,15.97,15.83,15.49,2794609.0,44117368.0
2014-12-29,15.58,16.11,15.87,15.32,4433892.0,70246784.0
2014-12-26,16.20,16.23,15.84,15.32,4245762.0,66735420.0
2014-12-25,14.81,15.74,15.73,14.80,6167561.0,94292104.0
2014-12-24,14.38,15.08,14.93,14.18,5503919.0,80530392.0
2014-12-23,13.23,14.50,14.41,13.23,6476662.0,92010208.0
2014-12-22,14.68,14.80,13.39,13.39,5989589.0,82988296.0
2014-12-19,15.77,15.77,14.88,14.47,8829042.0,131928224.0
2014-12-18,16.70,16.70,15.77,15.19,15462974.0,248157904.0
2014-12-17,15.19,15.19,15.19,15.19,175513.0,2669553.0
2014-12-16,13.81,13.81,13.81,13.81,47555.0,657686.0
2014-12-15,12.55,12.55,12.55,12.55,39804.0,500336.0
2014-08-11,10.40,11.41,11.41,10.40,5215923.0,57903688.0
2014-08-08,10.41,10.45,10.37,10.24,1990791.0,20584836.0
2014-08-07,10.76,10.76,10.34,10.27,4213573.0,44437568.0
2014-08-06,10.40,10.74,10.74,10.31,2211621.0,23363812.0
2014-08-05,10.52,10.59,10.40,10.34,1644580.0,17198834.0
2014-08-04,10.23,10.54,10.51,10.13,2182276.0,22849932.0
2014-08-01,10.11,10.38,10.21,9.96,2127224.0,21907352.0
2014-07-31,10.00,10.14,10.08,9.99,777874.0,7873130.0
2014-07-30,9.95,10.13,10.05,9.88,1580236.0,15842665.0
2014-07-29,9.81,10.13,10.00,9.75,2077688.0,20845774.0
2014-07-28,9.70,9.86,9.81,9.66,1161713.0,11395667.0
2014-07-25,9.65,9.70,9.66,9.57,585370.0,5674128.0
2014-07-24,9.58,9.75,9.60,9.51,659519.0,6363877.0
2014-07-23,9.62,9.72,9.58,9.55,856440.0,8291016.0
2014-07-22,9.59,9.70,9.65,9.55,1733965.0,16832002.0
2014-07-21,9.54,9.70,9.59,9.45,1411486.0,13645272.0
2014-07-18,9.35,9.57,9.55,9.35,756968.0,7226015.0
2014-07-17,9.40,9.40,9.39,9.30,657487.0,6184468.0
2014-07-16,9.50,9.50,9.42,9.37,777176.0,7369172.0
2014-07-15,9.56,9.64,9.51,9.37,1003596.0,9619464.0
2014-07-14,9.60,9.65,9.60,9.52,731712.0,7039744.0
2014-07-11,9.51,9.62,9.59,9.47,674508.0,6490992.0
2014-07-10,9.55,9.57,9.50,9.41,698350.0,6664801.0
2014-07-09,9.62,9.69,9.50,9.46,924995.0,8897428.0
2014-07-08,9.50,9.67,9.65,9.48,1222053.0,11797538.0
2014-07-07,9.52,9.58,9.54,9.43,888620.0,8482165.0
2014-07-04,9.42,9.50,9.48,9.37,733006.0,6951119.0
2014-07-03,9.39,9.53,9.43,9.33,802761.0,7620588.0
2014-07-02,9.42,9.44,9.39,9.29,774572.0,7294138.0
2014-07-01,9.20,9.42,9.40,9.11,1219967.0,11380764.0
2014-06-30,8.97,9.18,9.16,8.97,664235.0,6100543.0
2014-06-27,8.92,9.06,9.03,8.86,795690.0,7178690.0
2014-06-26,8.81,8.95,8.92,8.78,692199.0,6191447.0
2014-06-25,8.83,8.83,8.79,8.72,522149.0,4603804.0
2014-06-24,8.73,8.85,8.80,8.66,712273.0,6289830.0
2014-06-23,8.70,8.78,8.76,8.67,668301.0,5874548.0
2014-06-20,8.66,8.86,8.71,8.62,771530.0,6746909.0
2014-06-19,9.20,9.20,8.73,8.68,530964.0,4736718.0
2014-06-18,9.19,9.23,9.15,9.01,581655.0,5319963.0
2014-06-17,9.31,9.31,9.19,9.10,823059.0,7596032.0
2014-06-16,9.15,9.31,9.27,9.13,817939.0,7596187.0
2014-06-13,9.05,9.15,9.14,8.99,471353.0,4317041.0
2014-06-12,9.03,9.10,9.07,9.03,460500.0,4198774.0
2014-06-11,9.07,9.12,9.08,8.97,726565.0,6607291.0
2014-06-10,8.98,9.09,9.07,8.96,688200.0,6256033.0
2014-06-09,8.92,9.13,8.96,8.91,565120.0,5125855.0
2014-06-06,9.11,9.11,9.05,9.00,638292.0,5814631.0
2014-06-05,9.05,9.11,9.09,8.90,686466.0,6223178.0
2014-06-04,9.17,9.26,9.05,8.99,578136.0,5284514.0
2014-06-03,9.19,9.31,9.22,9.19,535060.0,4985400.0
2014-05-30,9.09,9.26,9.20,9.09,785547.0,7273323.0
2014-05-29,9.28,9.34,9.13,9.12,924382.0,8586810.0
2014-05-28,9.20,9.31,9.31,9.16,925006.0,8605913.0
2014-05-27,9.39,9.39,9.20,9.18,1107426.0,10309515.0
2014-05-26,9.43,9.62,9.32,9.27,2405448.0,22689294.0
2014-05-23,9.27,9.91,9.38,9.24,3001597.0,28388432.0
2014-05-22,9.19,9.31,9.23,9.09,1049690.0,9715678.0
2014-05-21,9.30,9.30,9.21,9.09,1362434.0,12554860.0
2014-05-20,9.42,9.53,9.28,9.20,1560759.0,14611997.0
2014-05-19,9.66,9.66,9.38,9.27,1118451.0,10626603.0
2014-05-16,9.61,9.76,9.36,9.32,1742933.0,16696475.0
2014-05-15,9.73,9.73,9.59,9.49,1394163.0,13440583.0
2014-05-14,9.65,10.10,9.73,9.45,4085476.0,39998088.0
2014-05-13,9.63,9.71,9.61,9.53,1546423.0,14925644.0
2014-05-12,9.65,9.82,9.59,9.55,2078334.0,20067264.0
2014-05-09,9.95,9.95,9.66,9.30,1913688.0,18564974.0
2014-05-08,9.55,9.85,9.75,9.48,2954660.0,28745998.0
2014-05-07,9.55,9.83,9.62,9.37,2779944.0,26823756.0
2014-05-06,9.53,9.53,9.50,9.33,1273141.0,12081446.0
2014-05-05,9.25,9.62,9.41,9.24,2996170.0,28319716.0
2014-04-30,9.03,9.24,9.20,8.88,1622871.0,14721788.0
2014-04-29,8.83,9.34,8.92,8.75,2567788.0,23328612.0
2014-04-28,9.07,9.18,8.73,8.67,1949946.0,17565848.0
2014-04-25,9.62,9.82,9.07,9.07,3343215.0,31637742.0
2014-04-24,9.84,10.04,9.68,9.59,3502055.0,34402920.0
2014-04-23,9.83,10.28,9.83,9.70,4337115.0,43353488.0
2014-04-22,9.56,10.41,9.78,9.51,4240071.0,41938160.0
2014-04-21,9.82,9.82,9.57,9.47,1429114.0,13759870.0
2014-04-18,9.65,9.98,9.71,9.60,2318250.0,22802616.0
2014-04-17,9.74,9.74,9.63,9.45,1071145.0,10334372.0
2014-04-16,9.75,9.91,9.70,9.59,1921222.0,18763006.0
2014-04-15,9.61,10.18,9.75,9.49,3430146.0,33906472.0
2014-04-14,9.64,9.70,9.70,9.44,1340916.0,12882412.0
2014-04-11,9.70,9.84,9.54,9.40,2644710.0,25558724.0
2014-04-10,9.23,9.75,9.73,9.05,2122764.0,19892620.0
2014-04-09,9.13,9.19,9.18,9.08,561778.0,5156319.0
2014-04-08,8.91,9.24,9.10,8.86,1424921.0,12962551.0
2014-04-04,8.91,8.97,8.96,8.82,584295.0,5227412.0
2014-04-03,8.84,8.91,8.88,8.70,958315.0,8502091.0
2014-04-02,8.92,9.05,8.85,8.82,1096145.0,9847970.0
2014-04-01,8.74,8.94,8.94,8.72,1085561.0,9620521.0
2014-03-31,9.00,9.06,8.77,8.60,1735156.0,15316741.0
2014-03-28,9.23,9.47,8.99,8.95,2046801.0,18919076.0
2014-03-27,9.43,9.74,9.26,9.19,2565251.0,24549186.0
2014-03-26,9.58,9.58,9.43,9.26,1004754.0,9499220.0
2014-03-25,9.49,9.72,9.55,9.34,1515667.0,14542852.0
2014-03-24,9.05,9.54,9.54,9.01,2373209.0,22355474.0
2014-03-21,8.86,9.11,9.05,8.84,1330363.0,12074251.0
2014-03-20,9.27,9.30,8.88,8.88,1192597.0,10878696.0
2014-03-19,9.15,9.32,9.28,9.07,780067.0,7212271.0
2014-03-18,9.43,9.55,9.25,9.15,1835553.0,17164916.0
2014-03-17,8.90,9.33,9.27,8.82,2338176.0,21527740.0
2014-03-14,8.70,9.00,8.91,8.62,1344643.0,11985606.0
2014-03-13,8.47,8.75,8.71,8.46,1010745.0,8736584.0
2014-03-12,8.51,8.58,8.51,8.36,708856.0,6028860.0
2014-03-11,8.37,8.64,8.49,8.37,426960.0,3648593.0
2014-03-10,8.71,8.78,8.41,8.40,877415.0,7612545.0
2014-03-07,8.80,8.92,8.83,8.70,864945.0,7667091.0
2014-03-06,8.83,8.85,8.81,8.64,876076.0,7707682.0
2014-03-05,8.82,8.92,8.76,8.69,589436.0,5207252.0
2014-03-04,8.85,9.00,8.74,8.65,815880.0,7181283.0
2014-03-03,8.45,9.01,8.84,8.44,1202916.0,10632222.0
2014-02-28,8.21,8.50,8.49,8.21,656796.0,5512560.0
2014-02-27,8.49,8.59,8.40,8.39,968322.0,8257096.0
2014-02-26,8.20,8.50,8.49,8.17,865726.0,7226765.0
2014-02-25,8.62,8.72,8.26,8.20,1117114.0,9599118.0
2014-02-24,8.68,8.79,8.69,8.52,961187.0,8321320.0
2014-02-21,8.77,8.92,8.66,8.63,910825.0,7997004.0
2014-02-20,8.89,8.95,8.79,8.65,1441791.0,12780831.0
2014-02-19,8.97,9.08,8.97,8.84,1233325.0,11085115.0
2014-02-18,8.80,9.12,9.06,8.77,1787526.0,16184467.0
2014-02-17,8.90,8.90,8.83,8.76,1003733.0,8917904.0
2014-02-14,8.84,8.91,8.87,8.80,1058047.0,9424880.0
2014-02-13,8.79,8.92,8.85,8.73,2008943.0,17811332.0
2014-02-12,8.58,8.86,8.86,8.54,1913949.0,16754367.0
2014-02-11,8.64,8.64,8.55,8.51,1420443.0,12228960.0
2014-02-10,8.28,8.70,8.64,8.26,3190554.0,27293894.0
2014-02-07,8.31,8.34,8.31,8.15,943233.0,7829348.0
2014-01-30,8.26,8.36,8.34,8.13,1508101.0,12551249.0
2014-01-29,8.18,8.32,8.21,8.14,1463710.0,12115469.0
2014-01-28,8.20,8.22,8.15,7.96,1744826.0,14206821.0
2014-01-27,8.16,8.18,8.14,8.09,871574.0,7129180.0
2014-01-24,8.05,8.22,8.16,8.04,2809010.0,22969942.0
2014-01-23,7.97,8.14,8.12,7.94,1673982.0,13521737.0
2014-01-22,7.87,8.02,7.98,7.87,1242679.0,9956847.0
2014-01-21,7.86,7.92,7.87,7.77,785937.0,6191027.0
2014-01-20,7.95,7.95,7.82,7.76,379180.0,2977932.0
2014-01-17,7.96,7.96,7.92,7.77,657645.0,5204965.0
2014-01-16,7.88,8.18,7.99,7.81,1737950.0,14022677.0
2014-01-15,7.64,7.84,7.80,7.62,811007.0,6303942.0
2014-01-14,7.55,7.66,7.64,7.54,560197.0,4290419.0
2014-01-13,7.68,7.70,7.55,7.49,533195.0,4075985.0
2014-01-10,7.76,7.91,7.66,7.57,988159.0,7696136.0
2014-01-09,8.01,8.08,7.82,7.66,1780671.0,14106394.0
2014-01-08,7.85,8.01,8.01,7.76,1528534.0,12133989.0
2014-01-07,7.95,8.03,7.85,7.85,1373554.0,10938618.0
2014-01-06,7.97,8.11,8.00,7.83,2694472.0,21697302.0
2014-01-03,7.82,8.01,7.94,7.78,1454361.0,11535675.0
2014-01-02,7.79,7.89,7.86,7.75,1248514.0,9807599.0
2013-12-31,7.84,7.89,7.84,7.75,763430.0,6001605.0
2013-12-30,7.97,8.00,7.86,7.80,1200187.0,9501298.0
2013-12-27,7.87,8.00,7.96,7.86,1125068.0,8960793.0
2013-12-26,8.19,8.25,7.90,7.85,1214003.0,9846257.0
2013-12-25,8.24,8.28,8.23,8.11,1331484.0,10934727.0
2013-12-24,8.02,8.31,8.21,8.02,2154092.0,17718316.0
2013-12-23,8.01,8.11,7.96,7.89,1089757.0,8745045.0
2013-12-20,7.92,8.06,8.04,7.68,1361732.0,10785316.0
2013-12-19,7.92,8.00,7.88,7.86,553163.0,4413480.0
2013-12-18,8.03,8.15,7.92,7.86,850449.0,6836112.0
2013-12-17,8.05,8.06,8.03,7.89,692500.0,5560905.0
2013-12-16,8.12,8.44,8.04,7.96,2631061.0,21708594.0
2013-12-13,8.22,8.22,8.12,8.07,1509437.0,12338163.0
2013-12-12,7.99,8.30,8.27,7.91,3367763.0,27657440.0
2013-12-11,7.82,7.97,7.97,7.74,1609395.0,12723889.0
2013-12-10,7.78,7.97,7.88,7.69,1407934.0,11148890.0
2013-12-09,7.71,7.77,7.73,7.67,770494.0,5990531.0
2013-12-06,7.74,7.78,7.70,7.61,1072300.0,8272913.0
2013-12-05,7.69,7.84,7.75,7.69,989090.0,7729064.0
2013-12-04,7.69,7.82,7.69,7.58,1285501.0,9974729.0
2013-12-03,7.41,7.79,7.64,7.32,1540892.0,11754513.0
2013-12-02,7.86,7.86,7.41,7.36,2656558.0,20210982.0
2013-11-29,7.99,8.03,7.98,7.93,1261643.0,10114919.0
2013-11-28,8.01,8.11,7.99,7.96,1150390.0,9283939.0
2013-11-27,7.96,8.05,8.02,7.88,1161369.0,9283753.0
2013-11-26,7.89,8.09,7.98,7.89,972026.0,7816761.0
2013-11-25,7.91,7.99,7.90,7.83,830608.0,6624997.0
2013-11-22,8.02,8.04,7.90,7.86,889085.0,7098291.0
2013-11-21,7.96,8.15,7.98,7.91,1276324.0,10298155.0
2013-11-20,7.94,8.05,7.99,7.87,1487157.0,11906679.0
2013-11-19,7.95,7.99,7.89,7.84,1336878.0,10614267.0
2013-11-18,7.84,7.98,7.95,7.82,1898091.0,15049327.0
2013-11-15,7.59,7.82,7.80,7.58,1414994.0,10997491.0
2013-11-14,7.54,7.60,7.58,7.47,664199.0,5033178.0
2013-11-13,7.61,7.63,7.54,7.53,650600.0,4951619.0
2013-11-12,7.63,7.75,7.73,7.52,971547.0,7481924.0
2013-11-11,7.44,7.64,7.56,7.38,789992.0,5957396.0
2013-11-08,7.64,7.67,7.44,7.42,903545.0,6869683.0
2013-11-07,7.46,7.81,7.71,7.32,2400793.0,18306948.0
2013-11-06,7.54,7.57,7.47,7.46,1213739.0,9169890.0
2013-11-05,7.49,7.57,7.53,7.40,1247245.0,9414164.0
2013-11-04,7.61,7.66,7.49,7.45,982483.0,7446048.0
2013-11-01,7.67,7.76,7.61,7.57,845308.0,6507946.0
2013-10-31,7.58,7.79,7.73,7.53,1791022.0,13870433.0
2013-10-30,7.53,7.60,7.57,7.42,859457.0,6498249.0
2013-10-29,7.67,7.68,7.52,7.27,2064549.0,15536280.0
2013-10-28,7.64,7.72,7.63,7.54,889795.0,6815201.0
2013-10-25,7.78,7.87,7.64,7.56,1203564.0,9333506.0
2013-10-24,7.92,8.07,7.76,7.74,1847528.0,14652869.0
2013-10-23,8.37,8.62,7.94,7.92,2750176.0,22614528.0
2013-10-22,8.29,8.55,8.44,8.23,2492180.0,21091974.0
2013-10-21,8.25,8.34,8.27,8.10,1771685.0,14702991.0
2013-10-18,8.17,8.34,8.23,8.07,2064542.0,17029184.0
2013-10-17,8.44,8.61,8.22,8.18,3631714.0,30496904.0
2013-10-16,7.98,8.79,8.50,7.89,6811280.0,57665100.0
2013-10-15,7.89,8.04,8.00,7.81,2704147.0,21536898.0
2013-10-14,7.85,8.13,7.93,7.79,2868342.0,23028808.0
2013-09-30,7.69,7.89,7.70,7.67,1269149.0,9939944.0
2013-09-27,7.78,7.83,7.70,7.68,862708.0,6712890.0
2013-09-26,7.92,7.96,7.70,7.69,1689350.0,13261960.0
2013-09-25,7.95,8.12,7.93,7.87,2598361.0,20852234.0
2013-09-24,7.81,8.10,7.97,7.68,2948040.0,23417442.0
2013-09-23,7.69,7.85,7.84,7.59,2009771.0,15658790.0
2013-09-18,7.56,7.84,7.69,7.48,1001175.0,7688998.0
2013-09-17,7.76,7.84,7.55,7.54,1556389.0,12029756.0
2013-09-16,7.66,8.00,7.76,7.59,2844915.0,22328696.0
2013-09-13,7.53,7.70,7.66,7.42,2663722.0,20334710.0
2013-09-12,7.49,7.58,7.49,7.46,1171980.0,8871663.0
2013-09-11,7.64,7.65,7.47,7.46,1532353.0,11599082.0
2013-09-10,7.60,7.68,7.65,7.52,1932086.0,14776256.0
2013-09-09,7.45,7.65,7.55,7.42,1647272.0,12479199.0
2013-09-06,7.37,7.43,7.43,7.29,1129059.0,8381150.0
2013-09-05,7.59,7.59,7.36,7.32,1644175.0,12297402.0
2013-09-04,7.63,7.76,7.52,7.44,1677712.0,12800341.0
2013-09-03,7.45,7.65,7.64,7.42,1237947.0,9399042.0
2013-09-02,7.65,7.71,7.51,7.31,1937964.0,14518752.0
2013-08-30,7.48,7.92,7.64,7.38,3291151.0,25524296.0
2013-08-29,7.35,7.51,7.48,7.28,1449701.0,10771153.0
2013-08-28,7.48,7.54,7.33,7.33,2272871.0,16879796.0
2013-08-27,7.41,7.64,7.52,7.37,1770246.0,13407277.0
2013-08-26,7.24,7.41,7.38,7.24,804105.0,5925707.0
2013-08-23,7.41,7.54,7.29,7.21,1525352.0,11285031.0
2013-08-22,7.35,7.54,7.41,7.32,1044550.0,7795832.0
2013-08-21,7.34,7.40,7.40,7.22,889501.0,6531508.0
2013-08-20,7.49,7.51,7.35,7.32,886801.0,6591807.0
2013-08-19,7.00,7.55,7.49,7.00,3052698.0,22804982.0
2013-08-16,7.26,7.35,7.08,7.06,1595609.0,11593213.0
2013-08-15,7.32,7.37,7.30,7.25,1155254.0,8507368.0
2013-08-14,7.32,7.43,7.31,7.27,1043941.0,7700948.0
2013-08-13,7.41,7.46,7.39,7.30,1622128.0,12012406.0
2013-08-12,6.99,7.56,7.44,6.96,4988088.0,36801868.0
2013-08-09,7.11,7.13,7.03,6.89,1130952.0,7948336.0
2013-08-08,7.11,7.19,7.08,6.96,1799518.0,12728844.0
2013-08-07,6.94,7.23,7.15,6.90,2755470.0,19700424.0
2013-08-06,6.86,6.95,6.92,6.84,669781.0,4652950.0
2013-08-05,6.88,6.91,6.89,6.81,797964.0,5520272.0
2013-08-02,6.83,6.93,6.90,6.79,1281044.0,8819118.0
2013-08-01,6.76,6.85,6.83,6.76,832984.0,5704922.0
2013-07-31,6.81,6.84,6.76,6.75,685813.0,4681859.0
2013-07-30,6.76,6.86,6.78,6.74,667562.0,4564215.0
2013-07-29,6.71,6.82,6.81,6.68,1302391.0,8866871.0
2013-07-26,6.77,6.84,6.76,6.70,834245.0,5683544.0
2013-07-25,6.70,6.81,6.78,6.65,1473084.0,9982612.0
2013-07-24,6.72,6.81,6.70,6.62,1159693.0,7825099.0
2013-07-23,6.65,6.76,6.71,6.60,1614690.0,10850457.0
2013-07-22,6.57,6.65,6.62,6.52,860122.0,5694014.0
2013-07-19,6.68,6.84,6.61,6.47,1600801.0,10702406.0
2013-07-18,6.82,6.89,6.70,6.66,1781617.0,12096851.0
2013-07-17,7.14,7.14,6.81,6.79,4720797.0,32975020.0
2013-07-03,6.32,6.50,6.50,6.18,1709979.0,10949364.0
2013-07-02,6.12,6.41,6.34,6.08,1346195.0,8473600.0
2013-07-01,6.11,6.22,6.19,5.97,1502688.0,9154268.0
2013-06-28,6.25,6.35,6.16,6.12,1195003.0,7475746.0
2013-06-27,6.14,6.46,6.27,6.03,1354362.0,8480666.0
2013-06-26,6.16,6.27,6.10,6.03,637262.0,3908102.0
2013-06-25,6.08,6.22,6.16,5.55,1330350.0,7964042.0
2013-06-24,6.52,6.53,6.13,6.02,1213251.0,7680280.0
2013-06-21,6.66,6.66,6.57,6.47,849085.0,5581991.0
2013-06-20,6.73,6.82,6.67,6.67,736347.0,5010088.0
2013-06-19,6.65,6.82,6.79,6.61,877245.0,5946157.0
2013-06-18,6.71,6.77,6.70,6.66,609277.0,4102300.0
2013-06-17,6.55,6.82,6.73,6.54,1366305.0,9217452.0
2013-06-14,6.55,6.62,6.58,6.50,877173.0,5783345.0
2013-06-13,6.76,6.76,6.57,6.49,1522013.0,10071748.0
2013-06-07,6.79,6.87,6.80,6.71,1148566.0,7862181.0
2013-06-06,6.79,6.97,6.81,6.77,2364424.0,16349208.0
2013-06-05,6.84,6.90,6.80,6.73,3051485.0,21023002.0
2013-06-04,6.99,7.26,6.95,6.95,5811316.0,41808144.0
2013-06-03,6.91,6.98,6.89,6.86,1301412.0,9076378.0
2013-05-31,6.91,7.01,6.91,6.90,1161780.0,8156942.0
2013-05-30,6.89,6.95,6.92,6.83,1415102.0,9851310.0
2013-05-29,6.93,6.99,6.95,6.86,1317601.0,9223688.0
2013-05-28,6.86,6.97,6.92,6.82,1769295.0,12354994.0
2013-05-27,6.87,6.90,6.84,6.80,1008484.0,6965956.0
2013-05-24,6.75,6.91,6.87,6.73,1625293.0,11170043.0
2013-05-23,6.74,6.84,6.76,6.70,1459363.0,10000918.0
2013-05-22,6.90,6.91,6.79,6.74,1513621.0,10450401.0
2013-05-21,6.81,6.95,6.89,6.80,2225747.0,15464185.0
2013-05-20,6.87,6.88,6.79,6.75,2362760.0,16264471.0
2013-05-17,6.68,6.89,6.86,6.64,2890916.0,19863178.0
2013-05-16,6.64,6.68,6.66,6.57,1331428.0,8924340.0
2013-05-15,6.62,6.64,6.63,6.59,1300277.0,8685422.0
2013-05-14,6.58,6.70,6.62,6.49,1937099.0,12909023.0
2013-05-13,6.51,6.62,6.59,6.45,1536306.0,10123129.0
2013-05-10,6.44,6.53,6.52,6.41,876701.0,5722514.0
2013-05-09,6.47,6.49,6.46,6.37,1065271.0,6906728.0
2013-05-08,6.48,6.53,6.48,6.44,549587.0,3596104.0
2013-05-07,6.42,6.50,6.45,6.39,993679.0,6464694.0
2013-05-06,6.42,6.48,6.43,6.38,441833.0,2868051.0
2013-05-03,6.32,6.42,6.38,6.26,828958.0,5322497.0
2013-05-02,6.26,6.31,6.29,6.23,377450.0,2390122.0
2013-04-26,6.35,6.41,6.30,6.26,1156417.0,7370280.0
2013-04-25,6.40,6.46,6.36,6.30,642380.0,4147546.0
2013-04-24,6.30,6.44,6.40,6.30,645021.0,4152789.0
2013-04-23,6.49,6.49,6.33,6.31,412100.0,2647886.0
2013-04-22,6.40,6.49,6.49,6.37,742552.0,4816282.0
2013-04-19,6.40,6.44,6.42,6.34,742740.0,4802116.0
2013-04-18,6.29,6.39,6.36,6.29,349371.0,2240921.0
2013-04-17,6.34,6.41,6.37,6.31,335998.0,2158656.0
2013-04-16,6.26,6.34,6.34,6.20,499693.0,3159920.0
2013-04-15,6.33,6.35,6.30,6.27,605787.0,3854195.0
2013-04-12,6.51,6.52,6.36,6.33,977400.0,6328642.0
2013-04-11,6.53,6.64,6.57,6.50,1164705.0,7718744.0
2013-04-10,6.51,6.53,6.50,6.40,660711.0,4315725.0
2013-04-09,6.36,6.50,6.46,6.36,578402.0,3762031.0
2013-04-08,6.29,6.42,6.38,6.29,781826.0,5004540.0
2013-04-03,6.49,6.54,6.44,6.36,665761.0,4336879.0
2013-04-02,6.48,6.55,6.47,6.42,893447.0,5863207.0
2013-04-01,6.40,6.57,6.48,6.37,853457.0,5600317.0
2013-03-29,6.43,6.48,6.45,6.35,746053.0,4828296.0
2013-03-28,6.55,6.59,6.39,6.38,1315618.0,8540751.0
2013-03-27,6.64,6.66,6.59,6.55,2006835.0,13402905.0
2013-03-26,6.72,6.72,6.64,6.59,1146396.0,7686535.0
2013-03-25,6.67,6.77,6.72,6.62,1875335.0,12703425.0
2013-03-22,6.60,6.71,6.67,6.60,1811216.0,12172510.0
2013-03-21,6.58,6.64,6.63,6.53,2376519.0,15826981.0
2013-03-20,6.52,6.64,6.62,6.37,5894552.0,38822224.0
2013-03-15,6.78,6.98,6.83,6.64,3230853.0,22257966.0
2013-03-14,6.67,6.88,6.85,6.57,3146185.0,21401044.0
2013-03-13,6.64,6.68,6.62,6.54,788206.0,5243766.0
2013-03-12,6.89,6.97,6.66,6.59,1802495.0,12297008.0
2013-03-11,6.79,6.97,6.90,6.74,2541177.0,17598014.0
2013-03-08,6.75,6.83,6.72,6.69,989323.0,6758500.0
2013-03-07,6.78,6.86,6.73,6.67,1644155.0,11260179.0
2013-03-06,6.54,6.91,6.82,6.52,3183308.0,21652462.0
2013-03-05,6.40,6.53,6.52,6.40,1003882.0,6562040.0
2013-03-04,6.66,6.66,6.40,6.37,2424884.0,15950916.0
2013-03-01,6.70,6.74,6.74,6.65,1546938.0,10475259.0
2013-02-28,6.60,6.70,6.69,6.57,1458239.0,9801488.0
2013-02-27,6.55,6.63,6.57,6.49,1050259.0,6954241.0
2013-02-26,6.62,6.66,6.54,6.54,1046493.0,6968273.0
2013-02-25,6.65,6.67,6.64,6.61,1029031.0,6904061.0
2013-02-22,6.66,6.72,6.64,6.63,1234254.0,8325359.0
2013-02-21,6.70,6.71,6.62,6.58,1624762.0,10898189.0
2013-02-20,6.64,6.78,6.76,6.59,1862477.0,12572934.0
2013-02-19,6.76,6.80,6.66,6.61,1770037.0,11962979.0
2013-02-18,6.74,6.81,6.77,6.70,1965574.0,13410466.0
2013-02-08,6.66,6.78,6.71,6.64,1231855.0,8339675.0
2013-02-07,6.70,6.70,6.67,6.62,1158325.0,7779155.0
2013-02-06,6.71,6.71,6.70,6.63,2340815.0,15758597.0
2013-02-05,6.64,6.73,6.71,6.55,2187262.0,14704921.0
2013-02-04,6.66,6.73,6.66,6.63,1971438.0,13294646.0
2013-02-01,6.57,6.67,6.66,6.56,1524312.0,10204671.0
2013-01-31,6.69,6.72,6.59,6.58,2109880.0,14096556.0
2013-01-30,6.68,6.73,6.73,6.61,2713466.0,18311778.0
2013-01-29,6.75,6.79,6.67,6.59,4235420.0,28508900.0
2013-01-28,6.59,6.78,6.74,6.57,1881637.0,12687541.0
2013-01-25,6.76,6.76,6.57,6.56,1804279.0,12108004.0
2013-01-24,6.93,7.01,6.70,6.60,5240475.0,35953380.0
2013-01-23,6.73,7.31,7.10,6.70,6839750.0,48810572.0
2013-01-22,7.04,7.06,6.71,6.69,4145879.0,28744768.0
2013-01-21,7.08,7.42,7.02,6.88,7379005.0,53200352.0
2013-01-18,6.48,7.11,7.11,6.46,9515277.0,65857488.0
2013-01-17,6.54,6.54,6.47,6.39,1362435.0,8879262.0
2013-01-16,6.54,6.62,6.52,6.44,1654310.0,10890554.0
2013-01-15,6.48,6.61,6.56,6.48,2428353.0,16042970.0
2013-01-14,6.36,6.48,6.48,6.29,1611327.0,10405845.0
2013-01-11,6.50,6.51,6.32,6.31,1392151.0,8974550.0
2013-01-10,6.42,6.50,6.47,6.40,1685307.0,10986874.0
2013-01-09,6.45,6.55,6.47,6.37,2183113.0,14216626.0
2013-01-08,6.35,6.48,6.46,6.27,2484396.0,16058749.0
2013-01-07,6.26,6.37,6.34,6.21,1211784.0,7696737.0
2013-01-04,6.42,6.47,6.27,6.25,1947201.0,12445364.0
2012-12-31,6.39,6.50,6.44,6.30,2362559.0,15253012.0
2012-12-28,6.28,6.39,6.34,6.26,1625400.0,10390866.0
2012-12-27,6.40,6.42,6.28,6.28,1725131.0,11050131.0
2012-12-26,6.31,6.50,6.40,6.26,2701390.0,17437898.0
2012-12-25,6.13,6.33,6.29,6.13,1727377.0,10907358.0
2012-12-24,6.16,6.20,6.15,6.12,740420.0,4602136.0
2012-12-21,6.21,6.27,6.17,6.14,1090200.0,6820511.0
2012-12-20,6.27,6.28,6.21,6.14,1393754.0,8736296.0
2012-12-19,6.26,6.59,6.35,6.19,2735089.0,17599354.0
2012-12-18,6.34,6.34,6.30,6.22,1597047.0,10132625.0
2012-12-17,6.29,6.43,6.35,6.19,2630626.0,16737064.0
2012-12-14,6.07,6.35,6.29,6.05,1848536.0,11670310.0
2012-12-13,6.06,6.13,6.10,6.01,727302.0,4468658.0
2012-12-12,6.09,6.13,6.05,5.99,952016.0,5820994.0
2012-12-11,6.19,6.40,6.09,6.09,1318419.0,8336274.0
2012-12-10,6.22,6.27,6.23,6.14,1097301.0,6858001.0
2012-12-07,5.91,6.33,6.21,5.88,1934976.0,11968265.0
2012-12-06,6.00,6.00,5.88,5.83,356231.0,2122380.0
2012-12-05,5.66,5.96,5.87,5.62,604930.0,3570476.0
2012-12-04,5.67,5.69,5.66,5.47,389294.0,2190597.0
2012-12-03,5.72,6.01,5.63,5.62,485073.0,2839621.0
2012-11-30,5.61,5.79,5.77,5.56,343670.0,1986365.0
2012-11-29,5.61,5.77,5.62,5.61,221321.0,1270034.0
2012-11-28,5.79,5.82,5.72,5.64,568700.0,3272583.0
2012-11-27,6.14,6.18,5.81,5.81,644339.0,3862562.0
2012-11-26,6.14,6.28,6.17,6.09,604441.0,3769900.0
2012-11-23,6.14,6.29,6.13,6.09,504480.0,3149976.0
2012-11-22,6.03,6.12,6.06,6.03,378826.0,2327606.0
2012-11-21,6.07,6.12,6.12,6.00,592182.0,3621536.0
2012-11-20,6.15,6.15,6.09,6.04,296402.0,1822953.0
2012-11-19,6.04,6.13,6.06,5.99,357700.0,2189684.0
2012-11-16,6.24,6.25,6.04,5.99,761076.0,4679188.0
2012-11-15,6.29,6.44,6.26,6.24,501425.0,3214042.0
2012-11-14,6.31,6.32,6.31,6.21,443165.0,2795241.0
2012-11-13,6.44,6.44,6.29,6.24,713621.0,4556092.0
2012-11-12,6.32,6.46,6.46,6.31,590415.0,3802008.0
2012-11-09,6.39,6.60,6.34,6.33,724304.0,4727519.0
2012-11-08,6.42,6.58,6.43,6.39,628713.0,4119981.0
2012-11-07,6.54,6.58,6.50,6.42,722956.0,4735392.0
2012-11-06,6.50,6.60,6.60,6.42,1109595.0,7286994.0
2012-11-05,6.70,6.72,6.54,6.49,1394925.0,9267769.0
2012-11-02,6.59,6.88,6.74,6.57,1978016.0,13388948.0
2012-11-01,6.50,6.69,6.59,6.42,1531847.0,10181500.0
2012-10-31,6.55,6.57,6.48,6.36,1815392.0,11845960.0
2012-10-30,6.19,6.59,6.57,6.19,3500682.0,22822490.0
2012-10-29,6.10,6.22,6.19,6.10,432800.0,2700991.0
2012-10-26,6.22,6.32,6.17,6.07,745538.0,4654184.0
2012-10-25,6.29,6.39,6.25,6.24,1034685.0,6603395.0
2012-10-24,6.25,6.31,6.26,6.20,617828.0,3906850.0
2012-10-23,6.32,6.41,6.29,6.26,1112446.0,7112820.0
2012-10-22,6.29,6.35,6.32,6.20,960068.0,6093918.0
2012-10-19,6.21,6.33,6.31,6.20,950181.0,6037755.0
2012-10-18,6.13,6.34,6.25,6.09,1109186.0,6995685.0
2012-10-17,6.09,6.17,6.12,6.03,976485.0,6022111.0
2012-10-16,6.01,6.09,6.03,6.01,653285.0,3986557.0
2012-10-15,6.11,6.11,6.01,5.94,867380.0,5266431.0
2012-10-12,6.22,6.23,6.11,6.07,935783.0,5815279.0
2012-10-11,6.34,6.34,6.19,6.17,906375.0,5725971.0
2012-10-10,6.30,6.38,6.34,6.26,1251284.0,7985764.0
2012-10-09,6.19,6.34,6.32,6.19,1965720.0,12412067.0
2012-10-08,6.14,6.22,6.18,6.13,380626.0,2366453.0
2012-09-28,6.05,6.23,6.18,6.05,959954.0,5972215.0
2012-09-27,5.97,6.14,6.11,5.92,844709.0,5153477.0
2012-09-26,6.16,6.19,5.94,5.94,1022669.0,6245310.0
2012-09-25,6.20,6.28,6.18,6.02,1214297.0,7559582.0
2012-09-24,6.15,6.22,6.18,6.04,756919.0,4693149.0
2012-09-21,6.12,6.27,6.22,6.04,1396768.0,8703302.0
2012-09-20,6.25,6.39,6.16,6.14,1481430.0,9364740.0
2012-09-19,6.32,6.42,6.33,6.20,2472210.0,15738123.0
2012-09-18,6.17,6.71,6.37,6.10,3394258.0,22040896.0
2012-09-17,6.24,6.34,6.17,6.08,900550.0,5605807.0
2012-09-14,6.40,6.40,6.26,6.25,675763.0,4290852.0
2012-09-13,6.40,6.42,6.24,6.24,1324439.0,8484238.0
2012-09-12,6.31,6.52,6.40,6.29,1954097.0,12620540.0
2012-09-11,6.29,6.33,6.26,6.18,1410461.0,8920432.0
2012-09-10,6.37,6.50,6.32,6.29,2595970.0,16747003.0
2012-09-07,6.07,6.34,6.27,6.07,2067402.0,13051214.0
2012-09-06,6.03,6.15,6.07,6.00,897999.0,5510021.0
2012-09-05,5.94,6.01,5.99,5.90,605934.0,3656640.0
2012-09-04,5.97,6.02,5.94,5.93,607572.0,3659293.0
2012-09-03,5.92,6.03,5.99,5.82,885662.0,5319621.0
2012-08-31,5.82,5.89,5.86,5.73,637680.0,3745182.0
2012-08-30,5.96,5.96,5.78,5.64,907870.0,5331228.0
2012-08-29,5.99,6.03,5.91,5.91,756322.0,4559499.0
2012-08-28,6.09,6.09,6.02,5.89,1513336.0,9142733.0
2012-08-27,6.04,6.38,6.10,5.95,3406327.0,21293408.0
2012-08-24,5.89,6.17,6.06,5.86,2917654.0,17768124.0
2012-08-23,5.89,6.13,5.94,5.89,1584349.0,9560730.0
2012-08-22,5.82,5.89,5.81,5.77,692000.0,4077696.0
2012-08-21,5.74,5.86,5.80,5.74,892420.0,5233892.0
2012-08-20,5.71,5.76,5.75,5.64,582927.0,3356548.0
2012-08-17,5.74,5.79,5.77,5.69,472078.0,2736371.0
2012-08-16,5.81,5.83,5.79,5.75,438043.0,2568085.0
2012-08-15,5.78,5.82,5.77,5.69,489100.0,2867410.0
2012-08-14,5.83,5.83,5.79,5.63,669586.0,3884214.0
2012-08-13,5.88,5.93,5.77,5.77,677501.0,4028054.0
2012-08-10,5.89,5.97,5.91,5.87,1139999.0,6848398.0
2012-08-09,6.01,6.20,6.00,5.93,2313700.0,14253569.0
2012-08-08,5.86,5.87,5.82,5.76,672393.0,3968151.0
2012-08-07,5.67,5.96,5.84,5.67,1032284.0,6096044.0
2012-08-06,5.58,5.76,5.74,5.56,763573.0,4378191.0
2012-08-03,5.49,5.64,5.62,5.42,578542.0,3258841.0
2012-08-02,5.57,5.60,5.49,5.44,550536.0,3078968.0
2012-08-01,5.49,5.66,5.56,5.49,529391.0,2997716.0
2012-07-31,5.59,5.59,5.46,5.42,607450.0,3381797.0
2012-07-30,5.82,5.84,5.60,5.58,983723.0,5658042.0
2012-07-27,5.97,6.00,5.82,5.73,958950.0,5699444.0
2012-07-26,6.06,6.16,5.93,5.93,722542.0,4439025.0
2012-07-25,6.10,6.15,6.06,6.02,716723.0,4424393.0
2012-07-24,5.99,6.18,6.10,5.98,904728.0,5604061.0
2012-07-23,6.16,6.33,6.08,6.04,1978564.0,12405329.0
2012-07-20,5.92,6.51,6.18,5.88,2822857.0,17852658.0
2012-07-19,5.76,6.06,5.97,5.73,1382060.0,8332480.0
2012-07-18,5.73,5.77,5.77,5.59,1060412.0,6134526.0
2012-07-17,5.66,5.80,5.78,5.59,1134341.0,6562921.0
2012-07-16,6.00,6.04,5.63,5.57,1607814.0,9420105.0
2012-07-13,6.13,6.15,6.00,6.00,1425475.0,8766201.0
2012-07-12,6.15,6.18,6.16,5.98,1809606.0,11144984.0
2012-07-11,6.21,6.23,6.18,6.11,888344.0,5573238.0
2012-07-10,6.23,6.29,6.17,6.14,1209509.0,7610016.0
2012-07-09,6.59,6.59,6.26,6.01,2413057.0,15661550.0
2012-07-06,6.58,6.81,6.64,6.54,3141527.0,21305456.0
2012-07-05,6.76,6.76,6.49,6.44,2475737.0,16524035.0
2012-07-04,6.39,6.84,6.84,6.39,5439338.0,36745520.0
2012-07-03,6.35,6.50,6.35,6.32,1822955.0,11839772.0
2012-07-02,6.38,6.43,6.35,6.29,2119923.0,13684462.0
2012-06-29,6.56,6.57,6.39,6.10,2989134.0,19156650.0
2012-06-27,6.73,6.76,6.59,6.58,3803309.0,25689620.0
2012-06-26,7.04,7.18,6.82,6.56,7779548.0,53442572.0
2012-06-25,6.70,7.43,7.29,6.70,8986961.0,65926816.0
2012-06-21,6.63,6.95,6.75,6.60,4377502.0,30298896.0
2012-06-20,6.70,6.73,6.65,6.59,750583.0,5063213.0
2012-06-19,6.63,6.75,6.71,6.63,1896133.0,12910873.0
2012-06-18,6.57,6.66,6.66,6.56,1414269.0,9511304.0
2012-06-15,6.58,6.63,6.56,6.42,942232.0,6258230.0
2012-06-14,6.60,6.66,6.56,6.53,1165952.0,7826494.0
2012-06-13,6.50,6.64,6.62,6.50,1179202.0,7891526.0
2012-06-12,6.57,6.63,6.52,6.48,1134856.0,7541554.0
2012-06-11,6.49,6.63,6.59,6.46,1145840.0,7609861.0
2012-06-08,6.59,6.68,6.49,6.46,1302001.0,8672621.0
2012-06-07,6.55,6.70,6.51,6.46,1879784.0,12567016.0
2012-06-06,6.54,6.56,6.47,6.41,904016.0,5946223.0
2012-06-05,6.47,6.55,6.49,6.42,980905.0,6454527.0
2012-06-04,6.67,6.67,6.45,6.45,1611374.0,10749939.0
2012-06-01,6.85,6.87,6.78,6.73,1446500.0,9992222.0
2012-05-31,6.75,6.87,6.85,6.75,1827780.0,12671137.0
2012-05-30,6.79,6.89,6.80,6.76,2278929.0,15760310.0
2012-05-29,6.82,6.89,6.81,6.74,3518653.0,24345844.0
2012-05-28,6.82,6.91,6.85,6.45,3289496.0,22292294.0
2012-05-25,6.78,7.00,6.82,6.76,3172492.0,22138684.0
2012-05-24,6.86,6.93,6.74,6.68,3361958.0,23208914.0
2012-05-23,6.62,7.12,6.93,6.59,7130623.0,50143688.0
2012-05-22,6.41,6.83,6.76,6.41,6234156.0,41426988.0
2012-05-21,7.17,7.86,6.71,6.69,10022980.0,74560360.0
2012-05-18,7.22,7.22,7.14,7.05,2453967.0,17702034.0
2012-05-17,7.15,7.28,7.24,7.01,3777045.0,27530694.0
2012-05-16,7.10,7.22,7.15,6.99,3144594.0,22776526.0
2012-05-15,7.03,7.16,7.10,7.00,3645564.0,26204124.0
2012-05-14,6.98,7.04,7.04,6.91,2462971.0,17491774.0
2012-05-11,7.00,7.04,6.95,6.93,2134824.0,15105569.0
2012-05-10,6.95,7.02,7.01,6.85,2995480.0,21077314.0
2012-05-09,6.90,6.99,6.95,6.72,3561374.0,24791924.0
2012-05-08,6.93,7.00,6.91,6.85,2404187.0,16839302.0
2012-05-07,6.80,6.99,6.98,6.74,2479501.0,17345774.0
2012-05-04,6.86,6.87,6.82,6.71,2254666.0,15558185.0
2012-05-03,6.77,6.88,6.84,6.75,2498271.0,17308748.0
2012-05-02,6.90,7.01,6.79,6.65,4687625.0,32376144.0
2012-04-27,6.93,7.13,6.88,6.87,4533506.0,32097418.0
2012-04-26,7.36,7.85,7.22,7.22,8788857.0,66558924.0
2012-04-25,7.32,7.74,7.51,7.18,11300589.0,86566136.0
2012-04-24,7.09,7.54,7.43,6.86,8769947.0,64099108.0
2012-04-23,7.39,7.49,7.20,7.09,7352665.0,54493376.0
2012-04-20,7.44,7.82,7.57,7.35,9370444.0,72036240.0
2012-04-19,7.49,7.54,7.49,7.22,10192422.0,76067040.0
2012-04-18,7.71,8.13,7.67,7.52,12972066.0,102620120.0
2012-04-17,7.93,8.05,7.68,7.59,15135886.0,119720512.0
2012-04-16,7.85,8.31,8.31,7.65,19067862.0,154981440.0
2012-04-13,7.55,7.55,7.55,7.55,2356466.0,18050530.0
2012-04-12,6.16,6.86,6.86,6.16,4937064.0,33099946.0
2012-04-11,6.03,6.38,6.24,6.03,1007370.0,6390798.0
2012-04-10,6.04,6.13,6.11,5.87,416800.0,2535635.0
2012-04-09,6.15,6.18,6.05,6.04,391191.0,2425263.0
2012-04-06,6.12,6.23,6.15,6.06,496777.0,3095086.0
2012-04-05,5.88,6.14,6.11,5.84,672710.0,4095176.0
2012-03-30,5.86,5.93,5.88,5.79,473541.0,2822478.0
2012-03-29,6.01,6.10,5.87,5.79,786257.0,4746075.0
2012-03-28,6.30,6.34,6.01,5.95,1052238.0,6534590.0
2012-03-27,6.34,6.46,6.34,6.34,743336.0,4821366.0
2012-03-26,6.31,6.35,6.34,6.24,422861.0,2705347.0
2012-03-23,6.38,6.47,6.31,6.26,556729.0,3596367.0
2012-03-22,6.44,6.52,6.48,6.36,613153.0,4006649.0
2012-03-21,6.34,6.45,6.44,6.22,701228.0,4524918.0
2012-03-20,6.47,6.61,6.40,6.40,1783187.0,11814243.0
2012-03-19,6.34,6.48,6.47,6.31,735117.0,4771211.0
2012-03-16,6.15,6.35,6.34,6.15,626599.0,3972116.0
2012-03-15,6.35,6.44,6.16,6.11,1072469.0,6772540.0
2012-03-14,6.78,6.87,6.36,6.33,1423816.0,9616667.0
2012-03-13,6.60,6.74,6.70,6.60,1029497.0,6967808.0
2012-03-12,6.61,6.65,6.61,6.54,416900.0,2788896.0
2012-03-09,6.53,6.65,6.62,6.48,659373.0,4402149.0
2012-03-08,6.45,6.58,6.53,6.44,725047.0,4801222.0
2012-03-07,6.44,6.55,6.41,6.40,672153.0,4419253.0
2012-03-06,6.53,6.60,6.50,6.42,873359.0,5769206.0
2012-03-05,6.56,6.69,6.56,6.53,1211938.0,8132202.0
2012-03-02,6.41,6.58,6.54,6.38,1317757.0,8697263.0
2012-03-01,6.30,6.58,6.43,6.29,1265998.0,8309674.0
2012-02-29,6.40,6.42,6.31,6.31,619267.0,3995800.0
2012-02-28,6.46,6.52,6.44,6.34,1159391.0,7593143.0
2012-02-27,6.50,6.57,6.47,6.46,1922060.0,12715821.0
2012-02-24,6.33,6.59,6.52,6.27,2790263.0,18339372.0
2012-02-23,6.34,6.39,6.33,6.31,1057671.0,6805420.0
2012-02-22,6.27,6.40,6.37,6.25,1232429.0,7933336.0
2012-02-21,6.22,6.29,6.24,6.15,805616.0,5095082.0
2012-02-20,6.26,6.29,6.22,6.17,701946.0,4435683.0
2012-02-17,6.20,6.27,6.22,6.06,641736.0,4010015.0
2012-02-16,6.19,6.25,6.20,6.10,810732.0,5080215.0
2012-02-15,6.07,6.20,6.18,6.03,916951.0,5720913.0
2012-02-14,6.00,6.11,6.08,5.97,803302.0,4931999.0
2012-02-13,5.98,6.07,6.03,5.89,769037.0,4670754.0
2012-02-10,6.00,6.08,5.98,5.93,915285.0,5577041.0
2012-02-09,5.91,6.05,5.94,5.88,933021.0,5657439.0
2012-02-08,5.79,5.95,5.91,5.77,795315.0,4752132.0
2012-02-07,5.95,5.95,5.79,5.73,641100.0,3772977.0
2012-02-06,5.91,5.97,5.96,5.85,1056951.0,6348099.0
2012-02-03,5.83,6.07,5.95,5.83,1621183.0,9830094.0
2012-02-02,5.67,5.79,5.79,5.64,500842.0,2908254.0
2012-02-01,5.61,5.70,5.65,5.60,505335.0,2895957.0
2012-01-31,5.67,5.73,5.66,5.59,458691.0,2622802.0
2012-01-30,5.74,5.87,5.69,5.69,474001.0,2777091.0
2012-01-20,5.67,5.81,5.81,5.62,753811.0,4351248.0
2012-01-19,5.53,5.75,5.71,5.52,791844.0,4561685.0
2012-01-18,5.51,5.78,5.62,5.51,1143107.0,6549720.0
2012-01-17,5.30,5.56,5.54,5.25,536381.0,2940087.0
2012-01-16,5.40,5.44,5.24,5.22,415600.0,2251223.0
2012-01-13,5.56,5.61,5.47,5.33,874111.0,4848874.0
2012-01-12,5.58,5.86,5.62,5.58,957973.0,5561861.0
2012-01-11,5.52,5.68,5.62,5.52,637556.0,3628486.0
2012-01-10,5.32,5.62,5.59,5.31,1062948.0,5937951.0
2012-01-09,5.12,5.36,5.35,5.07,609490.0,3258618.0
2012-01-06,5.11,5.14,5.11,4.97,413319.0,2119444.0
2012-01-05,5.39,5.39,5.12,5.05,589138.0,3111461.0
2012-01-04,5.65,5.67,5.38,5.38,350380.0,1982875.0
2011-12-30,5.54,5.67,5.62,5.54,616825.0,3511334.0
2011-12-28,5.49,5.64,5.53,5.41,751534.0,4184922.0
2011-12-27,5.71,5.80,5.67,5.65,900965.0,5237187.0
2011-12-26,5.64,6.10,6.10,5.52,868600.0,5106201.0
2011-12-23,5.57,5.75,5.66,5.53,933440.0,5354490.0
2011-12-22,5.75,5.76,5.62,5.35,874898.0,4929695.0
2011-12-21,6.09,6.11,5.74,5.73,550272.0,3307416.0
2011-12-20,6.02,6.15,6.06,5.93,618316.0,3816412.0
2011-12-19,5.91,6.13,6.10,5.71,907390.0,5452554.0
2011-12-16,6.00,6.06,5.96,5.71,888889.0,5297185.0
2011-12-15,5.91,5.97,5.92,5.83,473633.0,2839180.0
2011-12-14,5.91,6.03,6.02,5.86,667900.0,4040475.0
2011-12-13,6.28,6.30,6.01,5.82,980789.0,5948128.0
2011-12-12,6.36,6.39,6.29,6.26,246017.0,1571590.0
2011-12-09,6.32,6.40,6.40,6.29,408496.0,2630069.0
2011-12-08,6.35,6.48,6.38,6.29,456920.0,2950056.0
2011-12-07,6.40,6.45,6.42,6.33,409202.0,2654088.0
2011-12-06,6.38,6.48,6.39,6.26,508733.0,3289418.0
2011-12-05,6.52,6.55,6.39,6.35,442837.0,2897571.0
2011-12-02,6.75,6.80,6.58,6.55,730941.0,4939755.0
2011-12-01,6.82,6.95,6.81,6.78,882010.0,6134268.0
2011-11-30,7.05,7.06,6.65,6.60,918470.0,6374120.0
2011-11-29,6.90,7.13,7.07,6.82,1452824.0,10335193.0
2011-11-28,6.81,6.88,6.81,6.75,504090.0,3487975.0
2011-11-25,7.09,7.09,6.83,6.81,577500.0,4056833.0
2011-11-24,6.91,6.98,6.98,6.73,836514.0,5829637.0
2011-11-23,7.02,7.05,6.95,6.94,312272.0,2213717.0
2011-11-22,6.98,7.04,7.01,6.90,607090.0,4293437.0
2011-11-21,7.01,7.09,7.03,6.91,536240.0,3811525.0
2011-11-18,7.29,7.29,6.97,6.95,813508.0,5853137.0
2011-11-17,7.13,7.33,7.26,7.07,1192141.0,8715200.0
2011-11-16,7.30,7.32,7.09,7.07,1157628.0,8432920.0
2011-11-15,7.19,7.34,7.30,7.16,1035237.0,7637331.0
2011-11-14,7.12,7.22,7.19,7.07,882422.0,6408864.0
2011-11-11,7.16,7.16,7.02,7.00,753128.0,5431135.0
2011-11-10,7.20,7.29,7.12,7.05,1149961.0,8354535.0
2011-11-09,6.96,7.29,7.23,6.93,1516896.0,10873706.0
2011-11-08,7.11,7.14,6.95,6.92,730489.0,5206174.0
2011-11-07,7.16,7.21,7.12,7.08,618493.0,4478895.0
2011-11-04,7.09,7.23,7.20,7.06,1403509.0,10189227.0
2011-11-03,6.99,7.17,7.08,6.99,956779.0,6904415.0
2011-11-02,6.88,7.07,7.01,6.80,894871.0,6264187.0
2011-11-01,6.94,7.01,6.96,6.88,653699.0,4607341.0
2011-10-31,6.92,6.97,6.96,6.89,506161.0,3560188.0
2011-10-28,6.88,7.00,6.95,6.86,708684.0,4986065.0
2011-10-27,6.84,6.89,6.83,6.78,438296.0,3041025.0
2011-10-26,6.75,6.90,6.83,6.73,803821.0,5581989.0
2011-10-25,6.57,6.87,6.76,6.57,684561.0,4674095.0
2011-10-24,6.51,6.62,6.58,6.33,660239.0,4348246.0
2011-10-21,6.64,6.66,6.50,6.49,477855.0,3178558.0
2011-10-20,6.86,6.86,6.60,6.50,708486.0,4776616.0
2011-10-19,6.80,6.92,6.86,6.80,439447.0,3064019.0
2011-10-18,7.16,7.17,6.85,6.85,892800.0,6314199.0
2011-10-17,7.16,7.22,7.18,7.12,374756.0,2732167.0
2011-10-14,7.26,7.26,7.16,7.08,637046.0,4626752.0
2011-10-13,7.16,7.28,7.28,7.11,1204567.0,8839511.0
2011-10-12,7.05,7.24,7.24,6.96,736798.0,5354050.0
2011-10-11,7.16,7.22,7.03,6.94,401756.0,2885187.0
2011-10-10,7.04,7.09,7.04,7.03,215793.0,1545056.0
2011-09-30,7.12,7.14,7.05,6.93,589393.0,4206482.0
2011-09-29,7.30,7.34,7.10,7.01,508953.0,3691924.0
2011-09-28,7.51,7.54,7.34,7.29,527811.0,3990724.0
2011-09-27,7.52,7.56,7.45,7.37,365214.0,2767892.0
2011-09-26,7.49,7.60,7.46,7.39,347677.0,2657236.0
2011-09-23,7.49,7.58,7.55,7.39,512126.0,3891120.0
2011-09-22,7.69,7.71,7.53,7.51,618878.0,4790598.0
2011-09-21,7.50,7.76,7.76,7.50,695281.0,5410134.0
2011-09-20,7.49,7.58,7.50,7.44,518821.0,3946809.0
2011-09-19,7.65,7.65,7.49,7.47,319314.0,2440478.0
2011-09-16,7.74,7.74,7.67,7.62,216210.0,1683385.0
2011-09-15,7.64,7.73,7.65,7.58,450432.0,3508201.0
2011-09-14,7.54,7.64,7.64,7.45,485015.0,3712253.0
2011-09-13,7.64,7.64,7.53,7.46,647367.0,4940776.0
2011-09-09,7.68,7.72,7.69,7.64,260722.0,2031020.0
2011-09-08,7.69,7.75,7.66,7.64,440200.0,3440600.0
2011-09-07,7.58,7.73,7.72,7.58,404240.0,3142253.0
2011-09-06,7.50,7.56,7.56,7.47,427883.0,3267415.0
2011-09-05,7.59,7.64,7.52,7.49,403611.0,3087722.0
2011-09-02,7.80,7.80,7.66,7.59,712523.0,5568933.0
2011-09-01,7.80,7.86,7.79,7.72,534195.0,4231830.0
2011-08-31,7.78,7.86,7.80,7.66,673009.0,5293587.0
2011-08-30,7.91,8.01,7.79,7.76,600427.0,4821542.0
2011-08-29,7.93,7.95,7.89,7.88,497612.0,3994510.0
2011-08-26,7.90,7.96,7.95,7.84,703622.0,5656056.0
2011-08-25,7.81,7.96,7.95,7.81,776116.0,6229739.0
2011-08-24,7.78,7.89,7.77,7.73,594595.0,4741033.0
2011-08-23,7.66,7.84,7.84,7.63,753352.0,5910585.0
2011-08-22,7.63,7.71,7.61,7.58,633249.0,4903983.0
2011-08-19,7.56,7.64,7.63,7.49,884655.0,6794712.0
2011-08-18,7.85,7.88,7.68,7.67,780878.0,6156008.0
2011-08-17,7.86,7.94,7.88,7.79,702274.0,5619238.0
2011-08-16,7.95,8.03,7.88,7.85,733881.0,5922388.0
2011-08-15,7.90,7.97,7.96,7.84,799940.0,6431786.0
2011-08-12,7.85,7.96,7.89,7.83,888745.0,7120066.0
2011-08-11,7.56,7.92,7.85,7.49,1111030.0,8724842.0
2011-08-10,7.62,7.83,7.69,7.62,1530266.0,11995641.0
2011-08-09,7.44,7.60,7.57,7.12,1685153.0,12673030.0
2011-08-08,8.08,8.08,7.59,7.50,1781654.0,14036954.0
2011-08-05,8.26,8.26,8.13,8.10,1338294.0,11113151.0
2011-08-04,8.37,8.59,8.45,8.37,1318927.0,11376902.0
2011-08-03,8.26,8.39,8.33,8.21,927863.0,7840578.0
2011-08-02,8.43,8.43,8.31,8.18,923877.0,7751313.0
2011-08-01,8.37,8.44,8.44,8.33,834677.0,7113235.0
2011-07-29,8.32,8.40,8.40,8.26,806617.0,6824309.0
2011-07-28,8.29,8.35,8.32,8.22,977440.0,8222043.0
2011-07-27,8.29,8.41,8.35,8.18,1113648.0,9410678.0
2011-07-26,8.31,8.35,8.29,8.16,1411166.0,11793385.0
2011-07-25,8.71,8.72,8.32,8.27,2326913.0,19980946.0
2011-07-22,8.69,8.81,8.75,8.67,1265252.0,11223754.0
2011-07-21,8.85,8.86,8.69,8.68,1359420.0,12066888.0
2011-07-20,8.88,8.94,8.84,8.76,1117626.0,10016791.0
2011-07-19,8.93,8.93,8.85,8.75,1505784.0,13498861.0
2011-07-18,9.03,9.09,8.94,8.88,1688149.0,15334763.0
2011-07-15,9.04,9.15,9.03,8.96,2633589.0,24194144.0
2011-07-14,8.92,9.10,9.09,8.90,3510495.0,32169758.0
2011-07-13,8.71,8.95,8.92,8.70,1513334.0,13619858.0
2011-07-12,8.96,9.01,8.71,8.68,2226310.0,20025594.0
2011-07-11,8.78,9.01,9.01,8.70,2723583.0,24654272.0
2011-07-08,8.72,8.89,8.76,8.66,1881727.0,16789578.0
2011-07-07,8.72,8.86,8.69,8.58,2266306.0,20047842.0
2011-07-06,8.72,8.90,8.77,8.64,2454352.0,21821782.0
2011-07-05,8.69,9.01,8.76,8.64,3455762.0,30992288.0
2011-07-04,8.56,8.68,8.66,8.49,2164698.0,18910306.0
2011-07-01,8.58,8.66,8.56,8.54,2011079.0,17536154.0
2011-06-30,8.52,8.72,8.61,8.52,2325943.0,20355988.0
2011-06-29,8.72,8.73,8.55,8.50,3552569.0,31057742.0
2011-06-28,8.38,9.01,8.82,8.33,4833385.0,42519012.0
2011-06-27,8.26,8.45,8.38,8.23,2743675.0,23235416.0
2011-06-24,8.58,8.85,8.37,8.31,5441147.0,46888728.0
2011-06-23,7.86,8.28,8.27,7.70,3250028.0,26709680.0
2011-06-22,7.78,7.90,7.86,7.69,1355552.0,10721510.0
2011-06-20,7.88,7.88,7.67,7.57,1170619.0,9116946.0
2011-06-17,7.96,8.00,7.85,7.81,968488.0,7788893.0
2011-06-16,8.05,8.12,7.94,7.84,1338109.0,10845985.0
2011-06-15,8.24,8.29,8.13,8.11,935083.0,7785623.0
2011-06-14,8.07,8.34,8.24,8.03,1472672.0,12304663.0
2011-06-13,8.03,8.14,8.09,7.94,534309.0,4351082.0
2011-06-10,8.08,8.14,8.13,7.89,994571.0,8086039.0
2011-06-09,8.31,8.34,8.05,8.03,1083544.0,8982863.0
2011-06-08,8.18,8.31,8.29,8.08,1093645.0,9093333.0
2011-06-07,8.05,8.26,8.20,8.03,1042825.0,8625361.0
2011-06-03,7.97,8.13,8.05,7.92,1088487.0,8901257.0
2011-06-02,8.00,8.02,7.90,7.78,1296274.0,10383379.0
2011-06-01,8.01,8.10,8.05,7.91,1093608.0,8918448.0
2011-05-31,7.78,8.06,8.02,7.76,1382728.0,11120506.0
2011-05-30,8.09,8.10,7.86,7.83,1058311.0,8578813.0
2011-05-27,8.45,8.53,8.10,8.07,1527110.0,12754362.0
2011-05-26,8.47,8.62,8.47,8.47,1135759.0,9848921.0
2011-05-25,8.56,8.59,8.45,8.39,1161736.0,9999974.0
2011-05-24,8.51,8.63,8.60,8.34,1403472.0,12068131.0
2011-05-23,9.06,9.06,8.43,8.42,2471480.0,21749268.0
2011-05-20,9.16,9.23,9.04,8.98,1803302.0,16623028.0
2011-05-19,9.13,9.28,9.26,8.98,2680345.0,24836436.0
2011-05-18,8.92,9.15,9.13,8.78,2551514.0,23251098.0
2011-05-17,9.11,9.44,9.02,8.97,4795266.0,44760008.0
2011-05-16,8.88,9.25,9.13,8.87,4217069.0,38955436.0
2011-05-13,8.62,9.00,8.90,8.62,2420317.0,21674514.0
2011-05-12,8.71,8.90,8.70,8.67,1431636.0,12763145.0
2011-05-11,8.63,8.89,8.79,8.63,1587989.0,14143582.0
2011-05-10,8.63,8.75,8.69,8.58,1299858.0,11444299.0
2011-05-09,8.52,8.65,8.63,8.49,1289315.0,11253420.0
2011-05-06,8.35,8.54,8.53,8.32,1192257.0,10228327.0
2011-05-05,8.35,8.54,8.46,8.31,1530020.0,13121443.0
2011-05-04,8.64,8.69,8.37,8.36,2002776.0,17245668.0
2011-05-03,8.60,8.72,8.68,8.55,1662838.0,14572251.0
2011-04-29,8.49,8.60,8.57,8.45,1594040.0,13815813.0
2011-04-28,9.06,9.14,8.51,8.36,3389865.0,30144530.0
2011-04-27,9.10,9.31,9.08,8.98,2545951.0,23700940.0
2011-04-26,9.14,9.19,9.07,8.99,1806056.0,16627700.0
2011-04-25,9.45,9.45,9.16,9.07,2244346.0,20983950.0
2011-04-22,9.61,9.62,9.42,9.36,2262318.0,21679340.0
2011-04-21,9.56,9.79,9.57,9.46,3512941.0,34240400.0
2011-04-20,9.39,9.63,9.56,9.31,4221894.0,40746484.0
2011-04-19,9.44,9.44,9.33,9.18,3220180.0,30352488.0
2011-04-18,9.34,9.49,9.46,9.31,3083745.0,29503286.0
2011-04-15,9.13,9.46,9.35,9.10,3335799.0,31422486.0
2011-04-14,9.27,9.28,9.14,9.12,1987594.0,18584298.0
2011-04-13,9.14,9.34,9.29,9.11,1744152.0,16393943.0
2011-04-12,9.11,9.21,9.13,9.04,1994378.0,18482834.0
2011-04-11,9.25,9.31,9.10,9.08,2295772.0,21447524.0
2011-04-08,9.29,9.32,9.26,9.19,2211817.0,20777642.0
2011-04-07,9.12,9.34,9.23,9.08,2739591.0,25637676.0
2011-04-06,9.11,9.20,9.13,8.97,2402519.0,22151240.0
2011-04-01,9.19,9.28,9.22,9.11,2151756.0,20077018.0
2011-03-31,9.61,9.61,9.21,9.01,4928348.0,46004812.0
2011-03-30,9.64,9.94,9.47,9.46,5661606.0,55600340.0
2011-03-29,9.54,9.81,9.47,9.41,5174722.0,50402228.0
2011-03-28,9.46,9.58,9.54,9.38,3391290.0,32598444.0
2011-03-25,9.40,9.54,9.46,9.35,3836702.0,36714280.0
2011-03-24,9.25,9.34,9.34,9.14,2911999.0,27300444.0
2011-03-23,9.14,9.28,9.25,9.13,2135950.0,19996176.0
2011-03-22,9.29,9.34,9.13,9.06,1914545.0,17793976.0
2011-03-21,9.33,9.41,9.30,9.16,2056644.0,19315834.0
2011-03-18,9.44,9.62,9.34,9.29,3040400.0,29076338.0
2011-03-16,9.48,9.73,9.56,9.36,5558602.0,53787832.0
2011-03-15,9.30,9.51,9.49,9.08,6000210.0,56806256.0
2011-03-14,9.09,9.32,9.31,9.09,3061527.0,28658234.0
2011-03-11,9.21,9.42,9.19,9.16,4283949.0,40349636.0
2011-03-10,9.07,9.56,9.26,9.01,6132756.0,57958660.0
2011-03-09,9.23,9.25,9.08,9.01,2548381.0,23539846.0
2011-03-08,9.15,9.33,9.22,9.09,3050393.0,28492632.0
2011-03-07,9.16,9.43,9.15,9.11,4159439.0,38917568.0
2011-03-04,8.97,9.21,9.16,8.97,2437017.0,22418554.0
2011-03-03,9.16,9.34,8.97,8.93,3551175.0,32888466.0
2011-03-02,9.42,9.42,9.20,9.00,3358203.0,31336828.0
2011-03-01,9.28,9.46,9.43,9.14,4986660.0,46899408.0
2011-02-28,9.02,9.61,9.37,8.98,7729111.0,73173368.0
2011-02-25,9.19,9.25,9.09,8.87,9363582.0,86512504.0
2011-02-24,8.48,9.33,9.33,8.44,7909426.0,74122416.0
2011-02-23,8.38,8.56,8.48,8.35,1500153.0,12887409.0
2011-02-22,8.63,8.83,8.40,8.37,3337213.0,29144808.0
2011-02-21,8.38,8.67,8.61,8.38,2378356.0,20629316.0
2011-02-18,8.45,8.57,8.45,8.35,1633882.0,14038442.0
2011-02-17,8.52,8.53,8.47,8.36,2027543.0,17340774.0
2011-02-16,8.32,8.53,8.53,8.28,1867106.0,15939016.0
2011-02-15,8.28,8.45,8.31,8.20,2108747.0,17944240.0
2011-02-14,8.18,8.34,8.30,8.15,2354396.0,19765672.0
2011-02-11,8.11,8.21,8.19,8.08,1963153.0,16235646.0
2011-02-10,7.95,8.10,8.08,7.89,1500966.0,12213508.0
2011-02-09,7.96,8.05,7.93,7.86,832030.0,6733953.0
2011-02-01,8.04,8.13,8.01,7.96,775614.0,6295290.0
2011-01-31,7.93,8.04,8.02,7.93,759491.0,6167282.0
2011-01-28,7.89,8.04,7.98,7.84,978021.0,7888826.0
2011-01-27,7.78,7.91,7.87,7.72,1203399.0,9576827.0
2011-01-26,7.75,7.87,7.84,7.75,621052.0,4931823.0
2011-01-25,7.94,7.98,7.75,7.68,1194039.0,9437021.0
2011-01-24,8.19,8.27,7.98,7.95,1282939.0,10531542.0
2011-01-21,8.08,8.31,8.24,8.06,1194388.0,9944634.0
2011-01-20,8.41,8.41,8.14,8.14,1607050.0,13482559.0
2011-01-19,8.25,8.44,8.43,8.20,1356799.0,11477564.0
2011-01-18,8.18,8.28,8.24,8.14,1143461.0,9525318.0
2011-01-17,8.37,8.40,8.15,8.11,1740481.0,14562425.0
2011-01-14,8.60,8.60,8.45,8.33,1616985.0,13846477.0
2011-01-13,8.76,8.76,8.60,8.54,1762531.0,15435697.0
2011-01-12,8.70,8.86,8.76,8.58,2980142.0,26446276.0
2011-01-11,8.38,8.72,8.67,8.33,2536027.0,22064238.0
2011-01-10,8.54,8.81,8.48,8.44,2828580.0,24780396.0
2011-01-07,8.63,8.82,8.61,8.52,3197621.0,28288074.0
2011-01-06,8.52,8.68,8.61,8.43,2103223.0,18309356.0
2011-01-05,8.40,8.67,8.56,8.39,2304865.0,19942504.0
2011-01-04,8.33,8.57,8.46,8.32,2402727.0,20607280.0
