date,open,high,close,low,volume,amount,ma5,ma10,ma15,ma20,ma30,ma60,ma100,ma200,ma300,vol_inc_1,vol_inc_2,vol_inc_3,close_inc1,close_inc2,close_inc3,close_inc4,close_inc5,close_inc10,close_inc15,close_inc20,close_inc30,close_inc60,close_inc100,close_inc200,close_inc300,if_yangxian,shiti_bili,zhengli,jxnl,if_fangliang
2015-11-27,61.77,62.49,59.28,58.78,4080919.0,248314032.0,61.724,61.804,62.3686666667,62.6255,62.7116666667,58.6528333333,58.7163,Nan,Nan,7.89,-19.77,10.18,-4.42,-4.92,-5.62,-4.63,-4.77,-5.61,-7.92,-4.0,-9.4,24.33,-6.29,Nan,Nan,False,-0.671159011559,-0.0156018422604,True,False
2015-11-26,62.41,63.17,62.02,61.90,3782610.0,235125920.0,62.318,62.156,62.7086666667,62.749,62.9166666667,58.4595,58.7561,Nan,Nan,-25.63,2.13,-22.0,-0.53,-1.26,-0.23,-0.37,1.13,-5.84,-3.84,0.68,-1.05,34.3,-0.19,Nan,Nan,False,-0.307086589993,-0.0050695064405,True,False
2015-11-25,62.44,63.90,62.35,62.08,5086529.0,319384640.0,62.18,62.541,62.874,62.728,62.9386666667,58.1955,58.7573,Nan,Nan,37.33,4.89,-17.13,-0.73,0.31,0.16,1.66,2.36,-0.27,-1.64,2.4,9.42,33.25,-0.78,Nan,Nan,False,-0.0494505467335,-0.00343148990504,True,False
2015-11-24,61.65,62.96,62.81,61.65,3703901.0,230325120.0,61.892,62.558,62.9433333333,62.655,62.7596666667,57.9361666667,58.7622,Nan,Nan,-23.62,-39.66,-2.48,1.05,0.9,2.41,3.12,1.0,-0.14,0.62,1.65,8.52,21.07,-2.39,Nan,Nan,True,0.885496115611,-0.0152386428982,True,False
2015-11-23,61.78,63.28,62.16,61.56,4849623.0,301728608.0,61.768,62.567,62.9173333333,62.604,62.5953333333,57.754,58.7776,Nan,Nan,-20.99,27.69,56.75,-0.14,1.35,2.05,-0.05,-0.92,-1.96,-0.21,-2.72,12.02,18.63,-2.71,Nan,Nan,True,0.220930219713,-0.0145315914565,True,False
2015-11-20,62.00,63.70,62.25,60.83,6138143.0,380390848.0,61.884,62.691,62.926,62.691,62.373,57.5913333333,58.7949,Nan,Nan,61.61,98.4,37.05,1.5,2.2,0.1,-0.78,-0.88,-3.31,0.81,-4.51,12.18,10.27,-4.25,Nan,Nan,True,0.0871080109022,-0.0133358795633,True,False
2015-11-19,60.91,61.60,61.33,60.60,3798069.0,231582832.0,61.994,62.904,62.8926666667,62.838,62.1476666667,57.4946666667,58.8225,Nan,Nan,22.76,-15.2,23.15,0.69,-1.38,-2.25,-2.34,-6.89,-4.91,-0.44,-4.47,10.78,8.3,-8.92,Nan,Nan,True,0.419999958,-0.0328906107349,True,False
2015-11-18,61.99,61.99,60.91,60.62,3093787.0,189681456.0,62.902,63.221,62.9106666667,62.9815,61.9486666667,57.4163333333,58.8826,Nan,Nan,-30.92,0.31,-57.3,-2.06,-2.92,-3.01,-7.53,-2.58,-3.91,0.03,0.48,8.57,-1.55,-13.58,Nan,Nan,False,-0.788321110342,-0.01551606397,True,False
2015-11-17,62.75,65.18,62.19,62.00,4478825.0,283673536.0,63.224,63.469,62.9093333333,62.967,61.7883333333,57.4323333333,58.9783,Nan,Nan,45.22,-38.18,-52.93,-0.88,-0.97,-5.59,-0.53,-1.13,-0.37,0.65,-4.75,12.56,2.45,-11.23,Nan,Nan,False,-0.176100623393,-0.0058933493869,True,False
2015-11-16,60.70,62.78,62.74,60.01,3084208.0,190744672.0,63.366,63.492,62.8826666667,63.122,61.557,57.4075,59.057,Nan,Nan,-57.43,-67.59,-36.05,-0.1,-4.75,0.35,-0.25,-1.04,0.72,-1.82,-1.37,13.58,2.02,-4.95,Nan,Nan,True,0.736462067276,-0.0390323831839,True,False
2015-11-13,64.85,65.85,62.80,62.20,7245338.0,460618432.0,63.498,63.447,62.96,63.1655,61.307,57.3868333333,59.0897,Nan,Nan,-23.86,50.23,25.52,-4.66,0.45,-0.16,-0.95,-2.45,1.7,-3.67,-4.02,15.74,9.92,-3.22,Nan,Nan,False,-0.561643820229,0.0245351280471,True,False
2015-11-12,62.61,67.25,65.87,62.51,9515657.0,620909696.0,63.814,63.342,63.1193333333,63.297,61.0223333333,57.2923333333,59.1106,Nan,Nan,97.3,64.85,57.4,5.36,4.72,3.9,2.31,2.12,6.93,2.6,5.09,16.87,19.89,-1.33,Nan,Nan,True,0.68776369857,-0.00835478123144,True,True
2015-11-11,62.91,62.91,62.52,61.50,4822965.0,299259456.0,63.54,62.915,63.008,63.1375,60.7053333333,57.1101666667,59.1195,Nan,Nan,-16.44,-20.22,-11.0,-0.6,-1.39,-2.89,-3.07,-1.37,2.68,3.13,9.72,11.25,7.37,-5.93,Nan,Nan,False,-0.276595725064,0.000787457942587,True,False
2015-11-10,63.44,63.76,62.90,62.10,5772182.0,362662880.0,63.714,62.752,62.8813333333,62.8605,60.4946666667,57.0386666667,59.1589,Nan,Nan,-4.52,6.52,-27.34,-0.79,-2.3,-2.48,-0.77,0.77,1.8,-3.66,8.67,8.49,14.49,-9.91,Nan,Nan,False,-0.325301185223,0.0132647601402,True,False
2015-11-09,63.48,64.86,63.40,61.90,6045608.0,382944320.0,63.618,62.641,63.0406666667,62.6095,60.3306666667,56.906,59.2281,Nan,Nan,11.56,-23.9,-28.69,-1.52,-1.71,0.02,1.57,1.78,-0.78,-0.33,14.25,8.49,20.95,-9.85,Nan,Nan,False,-0.027027026114,0.020349117562,True,False
2015-11-06,63.30,66.00,64.38,62.50,5419060.0,347157600.0,63.396,62.691,63.0546666667,62.214,60.1653333333,56.723,59.2974,Nan,Nan,-31.78,-36.08,136.19,-0.19,1.56,3.14,3.36,4.26,-1.24,-1.6,16.02,15.75,19.87,-0.25,Nan,Nan,True,0.308571419755,0.0247776005958,True,False
2015-11-05,63.00,67.79,64.50,61.97,7943946.0,511686880.0,62.87,62.772,63.1246666667,61.7695,59.8733333333,56.5451666667,59.299,Nan,Nan,-6.29,246.23,83.55,1.75,3.33,3.55,4.45,4.71,0.47,2.9,16.51,15.94,12.9,-0.08,Nan,Nan,True,0.257731954335,0.0275229357798,True,False
2015-11-04,62.55,63.50,63.39,61.57,8477505.0,529439680.0,62.29,62.742,63.0033333333,61.3125,59.5776666667,56.4223333333,59.2995,Nan,Nan,269.49,95.87,160.32,1.55,1.77,2.66,2.91,4.11,4.57,11.25,12.99,12.1,18.51,3.9,Nan,Nan,True,0.435233138071,0.0262847017129,True,True
2015-11-03,62.18,63.54,62.42,61.51,2294401.0,143646512.0,61.79,62.465,62.576,60.948,59.3496666667,56.2573333333,59.2757,Nan,Nan,-46.99,-29.54,-36.63,0.21,1.09,1.33,2.51,1.02,-4.4,7.84,12.98,17.8,21.11,7.94,Nan,Nan,True,0.118226595161,0.0262504229281,True,False
2015-11-02,60.60,63.50,62.29,60.01,4328040.0,266829152.0,61.664,62.752,62.2733333333,60.5895,59.0353333333,56.076,59.2298,Nan,Nan,32.9,19.54,47.09,0.87,1.12,2.3,0.81,-2.52,-2.08,12.25,12.76,18.76,22.74,15.16,Nan,Nan,True,0.484240673804,0.00602619652373,True,False
2015-10-30,61.14,62.18,61.75,60.10,3256545.0,200246528.0,61.986,62.884,61.82,60.237,58.7073333333,55.8836666667,59.1478,Nan,Nan,-10.05,10.67,10.84,0.24,1.41,-0.06,-3.36,-5.28,-5.62,11.28,13.8,14.39,12.15,18.45,Nan,Nan,True,0.29326921667,0.0213405721445,True,False
2015-10-29,60.89,61.86,61.60,59.90,3620490.0,219696048.0,62.674,63.252,61.4026666667,59.8625,58.4483333333,55.7721666667,59.0516,Nan,Nan,23.04,23.23,26.59,1.17,-0.31,-3.6,-5.51,-4.05,-1.72,11.27,9.3,13.8,11.45,22.0,Nan,Nan,True,0.362244879477,0.0216357245325,True,False
2015-10-28,62.15,63.30,60.89,60.63,2942511.0,182502128.0,63.194,63.36,60.9866666667,59.6005,58.1993333333,55.6666666667,58.9405,Nan,Nan,0.15,2.89,-23.73,-1.46,-4.71,-6.6,-5.16,0.45,6.86,8.54,8.35,10.45,11.01,13.16,Nan,Nan,False,-0.471910094685,0.0468955294276,True,False
2015-10-27,63.55,63.55,61.79,59.66,2938025.0,180265264.0,63.14,62.969,60.6673333333,59.366,58.0073333333,55.566,58.8697,Nan,Nan,2.73,-23.85,-41.28,-3.3,-5.22,-3.75,1.93,-5.36,6.76,11.84,6.57,21.16,1.39,16.5,Nan,Nan,False,-0.452442147752,0.0739241747007,True,False
2015-10-26,65.28,65.94,63.90,62.55,2859911.0,181983840.0,63.84,62.578,60.2313333333,59.1755,57.6476666667,55.5518333333,58.7822,Nan,Nan,-25.88,-42.84,-27.56,-1.98,-0.47,5.41,-2.13,0.46,15.16,15.68,9.34,36.19,1.65,11.69,Nan,Nan,False,-0.407079634009,0.108272144646,True,False
2015-10-23,64.00,66.00,65.19,61.95,3858245.0,246381232.0,63.782,61.737,59.654,58.9025,57.0816666667,55.5345,58.7153,Nan,Nan,-22.89,-2.27,112.76,1.54,7.54,-0.15,2.48,-0.37,17.48,20.14,17.21,41.72,7.65,15.73,Nan,Nan,True,0.293827153239,0.0954402300424,True,False
2015-10-22,59.00,65.00,64.20,59.00,5003258.0,310312672.0,63.83,60.767,58.9253333333,58.424,56.442,55.4573333333,58.6267,Nan,Nan,26.74,175.9,54.28,5.91,-1.67,0.93,-1.88,2.43,15.97,13.91,15.41,36.48,-1.34,14.99,Nan,Nan,True,0.866666652222,0.0173203093343,True,True
2015-10-21,66.97,69.98,60.62,58.76,3947778.0,257886592.0,63.526,59.883,58.4026666667,57.9955,55.87,55.4718333333,58.543,Nan,Nan,117.69,21.73,10.45,-7.15,-4.7,-7.35,-3.29,6.39,8.06,7.86,7.2,23.56,-3.85,11.95,Nan,Nan,False,-0.565953649145,0.158810908084,True,True
2015-10-20,62.99,65.55,65.29,62.05,1813458.0,231435744.0,62.798,59.431,58.108,57.792,55.4846666667,55.5123333333,58.4783,Nan,Nan,-44.08,-49.26,-45.18,2.64,-0.21,4.16,14.58,12.8,18.17,12.61,23.21,26.26,-1.34,15.6,Nan,Nan,True,0.657142838367,0.101666754114,True,False
2015-10-19,66.00,66.43,63.61,61.50,3243074.0,410032096.0,61.316,58.427,57.6206666667,57.177,55.032,55.5271666667,58.3902,Nan,Nan,-9.26,-1.95,126.02,-2.78,1.48,11.64,9.9,14.63,15.15,8.85,21.28,26.04,0.11,17.86,Nan,Nan,False,-0.484787008422,0.16568643035,True,False
2015-10-16,63.94,67.11,65.43,63.05,3574125.0,468474880.0,59.692,57.59,57.276,56.619,54.594,55.526,58.2938,Nan,Nan,8.05,149.09,41.94,4.39,14.83,13.04,17.91,17.91,20.59,17.64,21.21,37.23,9.86,26.05,Nan,Nan,True,0.366995064852,0.140838410962,True,False
2015-10-15,58.16,62.68,62.68,58.16,3307725.0,402497824.0,57.704,56.473,56.622,56.0465,54.0023333333,55.4281666667,58.1586,Nan,Nan,130.52,31.36,-9.6,10.0,8.29,12.96,12.96,13.22,11.21,12.67,15.8,35.73,0.26,20.93,Nan,Nan,True,0.999999977876,0.0456858267858,True,False
2015-10-14,57.65,57.65,56.98,56.75,1434876.0,164017568.0,56.24,55.841,56.152,55.619,53.4523333333,55.4255,58.0501,Nan,Nan,-43.02,-60.79,-22.43,-1.55,2.69,2.69,2.93,1.57,1.39,0.76,3.36,21.78,-10.59,10.04,Nan,Nan,False,-0.744444361728,0.0382430010896,True,False
2015-10-13,55.70,58.10,57.88,55.49,2518121.0,288872352.0,56.064,55.763,56.1233333333,55.5265,53.1126666667,55.538,57.9981,Nan,Nan,-31.18,36.13,19.95,4.31,4.31,4.55,3.17,4.76,-0.17,9.23,13.49,11.57,-10.01,17.76,Nan,Nan,True,0.835249010144,0.00937797308929,True,False
2015-10-12,55.00,58.35,55.49,54.50,3659046.0,410810304.0,55.538,55.773,55.7973333333,55.1825,52.9126666667,55.6453333333,57.9108,Nan,Nan,97.8,74.3,503.37,0.0,0.23,-1.09,0.43,0.45,-5.05,5.8,18.27,5.9,-14.45,12.76,Nan,Nan,True,0.127272723967,0.0044928224422,True,True
2015-10-09,55.30,55.79,55.49,53.90,1849849.0,202553808.0,55.488,56.068,55.5946666667,54.754,52.8096666667,55.8015,57.848,Nan,Nan,-11.88,205.04,180.91,0.23,-1.09,0.43,0.45,2.27,-0.23,2.8,20.63,-1.7,-17.6,24.03,Nan,Nan,True,0.10052909521,0.0188008364115,True,False
2015-10-08,57.02,58.01,55.36,55.24,2099260.0,237160480.0,55.242,56.081,55.494,54.2795,52.8416666667,55.999,57.7405,Nan,Nan,246.17,218.79,133.01,-1.32,0.2,0.22,2.03,-1.77,-0.49,2.27,17.69,-2.24,-19.28,21.72,Nan,Nan,False,-0.599277956705,0.0586018361228,True,True
2015-09-30,55.78,56.73,56.10,54.29,606433.0,67545104.0,55.442,56.108,55.412,53.8635,52.884,56.2193333333,57.6417,Nan,Nan,-7.91,-32.69,29.73,1.54,1.56,3.39,-0.46,-0.18,-0.8,1.76,14.35,-9.33,-20.26,17.78,Nan,Nan,True,0.131147535609,0.0423927566972,True,False
2015-09-29,54.44,55.75,55.25,54.00,658512.0,72172096.0,55.462,56.153,55.3473333333,53.5115,53.0763333333,56.4568333333,57.557,Nan,Nan,-26.91,40.87,-25.18,0.02,1.82,-1.97,-1.69,-4.71,4.26,8.33,6.85,-8.98,-18.59,11.84,Nan,Nan,True,0.462857116408,0.0207276715822,True,False
2015-09-28,53.66,56.00,55.24,52.99,900939.0,98272952.0,56.008,55.927,55.064,53.3345,53.258,56.6671666667,57.4985,Nan,Nan,92.73,2.36,20.31,1.81,-1.99,-1.71,-4.73,-5.48,5.32,17.73,9.45,-10.18,-20.62,13.41,Nan,Nan,True,0.524916926082,0.0106222690975,True,False
2015-09-25,55.59,56.58,54.26,54.25,467450.0,51553692.0,56.648,55.648,54.5093333333,53.096,53.4666666667,56.9063333333,57.4332,Nan,Nan,-46.89,-37.58,-35.94,-3.73,-3.45,-6.42,-7.15,-2.45,0.52,17.96,13.8,-5.02,-14.23,9.13,Nan,Nan,False,-0.570815426145,0.0534993461823,True,False
2015-09-24,56.05,58.45,56.36,55.67,880180.0,100180256.0,56.92,55.62,53.9586666667,52.767,53.5623333333,57.0563333333,57.3878,Nan,Nan,17.54,20.62,-27.09,0.28,-2.79,-3.56,1.33,1.31,4.12,19.81,22.04,2.58,-9.3,24.72,Nan,Nan,True,0.111510787356,0.072563052547,True,False
2015-09-23,57.49,57.49,56.20,55.51,748821.0,84530896.0,56.774,55.397,53.3373333333,52.258,53.515,57.1526666667,57.2761,Nan,Nan,2.62,-37.97,-18.96,-3.07,-3.83,1.04,1.02,-0.62,1.94,14.55,20.11,-3.49,-10.57,28.31,Nan,Nan,False,-0.65151511861,0.110113444364,True,False
2015-09-22,58.50,59.30,57.98,57.30,729699.0,85070480.0,56.844,55.29,52.8613333333,51.7875,53.5826666667,57.2633333333,57.1521,Nan,Nan,-39.56,-21.03,-41.92,-0.79,4.24,4.22,2.53,9.42,13.69,12.13,11.76,5.53,-9.9,36.17,Nan,Nan,False,-0.259999987,0.136308454329,True,False
2015-09-21,55.62,59.70,58.44,55.00,1207286.0,139884128.0,55.846,54.592,52.4433333333,51.4825,53.4813333333,57.3695,56.9981,Nan,Nan,30.66,-3.9,-2.59,5.07,5.05,3.34,10.28,11.42,24.55,15.79,11.53,11.48,-8.53,35.18,Nan,Nan,True,0.599999987234,0.0867420208869,True,False
2015-09-18,55.25,56.41,55.62,53.40,924005.0,101735920.0,54.648,53.44,51.912,51.1805,53.2806666667,57.4603333333,56.846,Nan,Nan,-26.45,-25.45,-26.41,-0.02,-1.64,4.96,6.04,3.04,20.91,16.65,-1.47,3.56,-14.44,25.52,Nan,Nan,True,0.122923583956,0.0786380851978,True,False
2015-09-17,56.00,57.24,55.63,54.45,1256344.0,140078816.0,54.32,52.478,51.3826666667,51.222,53.217,57.6168333333,56.7329,Nan,Nan,1.37,0.05,-24.19,-1.63,4.98,6.06,3.06,2.77,18.26,20.46,-1.77,-2.63,-17.39,28.06,Nan,Nan,False,-0.132616482702,0.0922140739585,True,False
2015-09-16,53.00,57.55,56.55,52.05,1239363.0,134805824.0,54.02,51.619,50.7526666667,51.272,53.267,57.812,56.611,Nan,Nan,-1.3,-25.22,88.98,6.72,7.82,4.76,4.47,2.58,15.27,20.86,-8.6,5.72,-19.76,29.46,Nan,Nan,True,0.645454533719,0.0283674182157,True,False
2015-09-15,51.00,53.99,52.99,51.00,1255688.0,132763672.0,53.736,50.87,50.102,51.538,53.165,58.0441666667,56.4823,Nan,Nan,-24.23,91.46,33.93,1.03,-1.83,-2.11,-3.88,3.9,2.48,2.14,-12.7,2.81,-24.36,23.2,Nan,Nan,True,0.665551817206,-0.0177857810047,True,False
2015-09-14,56.14,56.14,52.45,51.47,1657272.0,178789552.0,53.338,50.742,50.028,51.9235,53.1166666667,58.3286666667,56.3825,Nan,Nan,152.7,76.77,-26.37,-2.83,-3.1,-4.86,2.84,11.79,3.92,0.1,-14.72,3.35,-20.54,19.64,Nan,Nan,False,-0.790149876014,0.071864976325,True,False
2015-09-11,53.50,54.36,53.98,53.00,655833.0,70468144.0,52.232,50.544,50.0246666667,52.376,53.06,58.5546666667,56.2964,Nan,Nan,-30.05,-70.86,-62.72,-0.28,-2.09,5.84,15.05,17.35,13.21,-4.38,-5.51,-1.96,-16.81,21.03,Nan,Nan,True,0.352941150519,0.018397784271,True,False
2015-09-10,54.50,55.44,54.13,53.25,937553.0,101667744.0,50.636,49.914,50.1893333333,52.5335,53.096,58.7365,56.2026,Nan,Nan,-58.35,-46.71,-27.93,-1.81,6.14,15.37,17.67,15.07,17.22,-4.41,-1.47,-2.06,-18.92,17.52,Nan,Nan,False,-0.168949763975,0.036634077681,True,False
2015-09-09,51.00,56.10,55.13,51.00,2250758.0,247561968.0,49.218,49.119,50.356,52.574,53.134,58.947,56.1219,Nan,Nan,27.92,73.01,85.56,8.1,17.5,19.85,17.2,12.37,17.82,-10.89,-5.32,0.51,-17.05,15.17,Nan,Nan,True,0.80980390569,-0.0327903051452,True,False
2015-09-08,46.92,51.06,51.00,46.79,1759437.0,174754032.0,48.004,48.285,50.8053333333,52.729,53.1246666667,59.1358333333,56.0493,Nan,Nan,35.24,45.06,5.71,8.7,10.87,8.42,3.95,-1.37,-1.7,-15.98,-7.17,-16.31,-26.96,17.19,Nan,Nan,True,0.955503490503,-0.11347919737,True,False
2015-09-07,46.00,48.75,46.92,46.00,1300926.0,123505736.0,48.146,48.373,51.452,52.926,53.456,59.4495,55.9745,Nan,Nan,7.25,-21.84,5.54,2.0,-0.26,-4.36,-9.26,-7.03,-10.46,-23.71,-10.49,-25.36,-33.29,8.84,Nan,Nan,True,0.33454544238,-0.135354598598,True,False
2015-09-02,45.14,48.92,46.00,45.08,1212942.0,114600680.0,48.856,48.921,52.424,53.201,53.9873333333,59.8396666667,55.9364,Nan,Nan,-27.13,-1.6,-44.33,-2.21,-6.24,-11.04,-8.86,-3.52,-18.51,-19.48,-14.35,-24.04,-28.73,2.82,Nan,Nan,True,0.223958327501,-0.157623655212,True,False
2015-09-01,49.00,49.00,47.04,45.50,1664444.0,157176336.0,49.192,49.966,53.166,53.5865,54.4726666667,60.1486666667,55.9238,Nan,Nan,35.03,-23.61,-4.88,-4.12,-9.03,-6.8,-1.34,1.86,-16.93,-14.38,-17.66,-27.71,-27.13,3.45,Nan,Nan,False,-0.559999984,-0.0941191695476,True,False
2015-08-31,51.22,51.22,49.06,49.01,1232627.0,122927104.0,49.02,50.925,53.6926666667,54.091,55.0736666667,60.4405,55.9081,Nan,Nan,-43.43,-29.56,-41.62,-5.12,-2.79,2.89,6.24,4.85,-20.7,-15.75,-8.28,-22.19,-19.59,10.9,Nan,Nan,False,-0.977375521386,-0.0569390103567,True,False
2015-08-28,51.50,52.06,51.71,49.50,2178905.0,221504192.0,48.566,52.206,54.304,54.3125,55.54,60.6396666667,55.8599,Nan,Nan,24.52,3.19,-60.29,2.46,8.45,11.97,10.52,-0.33,-14.81,-5.88,0.33,-21.86,-10.58,22.94,Nan,Nan,True,0.0820312467957,-0.0516352386565,True,False
2015-08-27,47.81,50.65,50.47,47.81,1749808.0,174042272.0,48.6,53.105,54.5193333333,54.304,56.0223333333,60.7416666667,55.7634,Nan,Nan,-17.13,-68.11,-52.81,5.85,9.29,7.86,-2.72,-3.68,-17.93,-3.72,-0.55,-20.57,-6.69,24.31,Nan,Nan,True,0.93661968533,-0.119812953349,True,False
2015-08-26,47.47,49.50,47.68,45.51,2111517.0,201224928.0,48.986,54.208,54.6493333333,54.318,56.458,60.802,55.6647,Nan,Nan,-61.52,-43.06,-26.44,3.25,1.9,-8.1,-9.01,-15.54,-16.54,-11.23,-13.4,-19.95,-8.54,10.7,Nan,Nan,True,0.0526315776283,-0.131969206576,True,False
2015-08-25,44.39,49.50,46.18,44.00,5486614.0,520917152.0,50.74,55.153,55.0513333333,54.687,56.854,60.8761666667,55.6186,Nan,Nan,47.95,91.15,135.92,-1.3,-10.99,-11.87,-18.19,-18.45,-15.94,-19.17,-16.45,-26.14,-8.54,17.06,Nan,Nan,True,0.325454539537,-0.194980187336,True,False
2015-08-24,51.00,51.00,46.79,46.69,3708313.0,356445440.0,52.83,56.029,55.7813333333,55.1415,57.3986666667,60.948,55.5513,Nan,Nan,29.19,59.46,22.41,-9.81,-10.71,-17.11,-17.38,-24.37,-19.65,-12.53,-14.69,-26.58,-13.05,30.44,Nan,Nan,False,-0.976798121188,-0.081817281639,True,False
2015-08-21,51.00,53.45,51.88,50.06,2870350.0,294739968.0,55.846,57.173,56.228,55.5445,57.9633333333,61.065,55.4421,Nan,Nan,23.42,-5.25,30.73,-0.99,-8.1,-8.39,-16.15,-14.53,-5.57,0.66,-14.87,-19.34,-2.19,52.81,Nan,Nan,True,0.259587012992,-0.0892450555828,True,False
2015-08-20,55.90,55.90,52.40,52.00,2325596.0,251305392.0,57.61,57.479,56.2053333333,55.9975,58.378,61.0843333333,55.2628,Nan,Nan,-23.23,5.92,33.33,-7.17,-7.47,-15.31,-13.67,-14.8,-0.04,3.25,-16.64,-19.21,-8.41,46.53,Nan,Nan,False,-0.897435874425,-0.0109783176016,True,False
2015-08-19,55.00,56.88,56.45,54.19,3029370.0,336357216.0,59.43,57.481,56.0953333333,56.5205,58.7933333333,61.1645,55.0964,Nan,Nan,37.97,73.68,23.71,-0.32,-8.76,-7.0,-8.21,-1.19,5.1,2.52,-6.79,-16.17,0.21,63.77,Nan,Nan,True,0.539033437211,-0.0304269647075,True,False
2015-08-18,61.90,61.90,56.63,55.90,2195694.0,258215504.0,59.566,57.207,56.0026666667,56.726,59.1563333333,61.1625,54.8766,Nan,Nan,25.88,-10.33,-53.58,-8.47,-6.71,-7.92,-0.88,3.08,-0.88,2.46,-12.97,-17.42,1.43,68.34,Nan,Nan,False,-0.878333318694,0.0831525162735,True,False
2015-08-17,60.52,62.29,61.87,58.60,1744264.0,211149904.0,59.228,57.257,55.912,57.148,59.5546666667,61.1491666667,54.6467,Nan,Nan,-28.77,-63.12,-76.04,1.93,0.6,8.3,12.61,6.25,15.67,12.8,-1.87,-12.05,14.26,78.71,Nan,Nan,True,0.365853648622,0.0579124932264,True,False
2015-08-14,60.70,62.00,60.70,59.00,2448742.0,296008608.0,58.5,56.419,55.444,57.207,59.8373333333,61.0205,54.3742,Nan,Nan,-48.23,-66.37,-57.29,-1.3,6.25,10.48,4.24,10.48,17.77,-0.39,-8.28,-10.56,7.47,73.68,Nan,Nan,False,0.0,0.0560011134114,True,False
2015-08-13,55.76,61.54,61.50,55.00,4729714.0,551415168.0,57.348,55.503,55.46,57.481,60.0763333333,60.9501666667,54.1167,Nan,Nan,-35.04,-17.51,32.35,7.65,11.94,5.62,11.94,17.32,21.18,-2.16,-3.21,-11.63,13.95,75.61,Nan,Nan,True,0.877675827558,-0.0316586492541,True,False
2015-08-12,52.44,57.45,57.13,51.50,7281265.0,777262208.0,55.532,54.428,55.5506666667,57.583,60.346,60.8246666667,53.8519,Nan,Nan,27.0,103.75,332.19,3.99,-1.89,3.99,8.99,6.37,3.76,-5.66,-4.08,-9.69,10.06,56.86,Nan,Nan,True,0.78823528087,-0.0912320529595,True,False
2015-08-11,57.21,58.96,54.94,54.82,5733359.0,648130880.0,54.848,54.221,55.7793333333,57.7045,60.5503333333,60.7376666667,53.6448,Nan,Nan,60.43,240.31,221.94,-5.65,0.0,4.81,2.29,-3.83,-0.6,-15.57,-12.12,-11.59,6.0,48.41,Nan,Nan,False,-0.5483091655,-0.0150386942936,True,False
2015-08-10,56.00,58.49,58.23,55.50,3573636.0,407942816.0,55.286,54.254,56.4546666667,58.0835,60.7903333333,60.6858333333,53.4656,Nan,Nan,112.12,100.67,66.38,5.99,11.08,8.42,1.93,8.86,6.16,-7.64,-8.63,-7.34,12.46,58.1,Nan,Nan,True,0.74581937305,-0.0404139928202,True,False
2015-08-07,53.05,55.50,54.94,52.25,1684743.0,183280064.0,54.338,53.916,56.776,58.3585,60.944,60.5783333333,53.2516,Nan,Nan,-5.4,-21.56,-50.84,4.81,2.29,-3.83,2.71,6.6,-9.85,-16.98,-14.58,-14.62,11.78,50.03,Nan,Nan,True,0.581538443645,-0.0982108707662,True,False
2015-08-06,53.00,54.00,52.42,52.00,1780887.0,189354736.0,53.658,54.516,57.5253333333,58.8275,61.2576666667,60.4818333333,53.0684,Nan,Nan,-17.09,-48.03,-76.22,-2.4,-8.24,-2.0,1.71,3.29,-16.61,-17.5,-19.18,-17.95,6.52,43.93,Nan,Nan,False,-0.2899999855,-0.108487035215,True,False
2015-08-05,56.67,57.64,53.71,52.05,2147920.0,236545424.0,53.324,55.56,58.2666666667,59.4495,61.64,60.4283333333,52.9084,Nan,Nan,-37.32,-71.32,-55.13,-5.99,0.41,4.21,5.83,-2.45,-11.31,-9.82,-20.24,-17.38,20.05,62.22,Nan,Nan,False,-0.529516985161,-0.0575576657631,True,False
2015-08-04,53.94,57.26,57.13,53.50,3427029.0,379759008.0,53.594,56.245,58.6566666667,60.131,62.0166666667,60.2788333333,52.7024,Nan,Nan,-54.24,-28.41,4.2,6.81,10.85,12.57,3.76,3.37,-12.2,-8.62,-16.7,-15.16,25.62,81.25,Nan,Nan,True,0.848404232755,-0.111418616719,True,False
2015-08-03,50.00,53.50,53.49,48.01,7489931.0,756414400.0,53.222,57.039,59.016,60.7035,62.357,60.0846666667,52.4463,Nan,Nan,56.47,127.73,84.07,3.78,5.4,-2.85,-3.22,-2.48,-15.16,-16.07,-23.97,-24.11,12.3,73.5,Nan,Nan,True,0.635701263466,-0.187606118951,True,False
2015-07-31,49.73,51.83,51.54,49.73,4786816.0,488691200.0,53.494,57.995,59.6986666667,61.5465,62.9233333333,59.987,52.2197,Nan,Nan,45.54,17.64,-27.35,1.56,-6.39,-6.75,-6.03,-15.43,-22.12,-19.87,-24.06,-26.43,4.33,64.04,Nan,Nan,True,0.861904720862,-0.202572037907,True,False
2015-07-30,53.50,54.52,50.75,50.00,3288988.0,347814304.0,55.374,59.459,60.5506666667,62.363,63.5406666667,59.9513333333,52.0185,Nan,Nan,-19.17,-50.08,-38.09,-7.83,-8.18,-7.47,-16.72,-19.27,-20.13,-21.75,-27.07,-23.12,4.19,54.77,Nan,Nan,False,-0.608407066186,-0.154885080167,True,False
2015-07-29,55.51,57.50,55.06,51.80,4069158.0,437122368.0,57.796,60.738,61.4913333333,63.305,64.0493333333,59.9173333333,51.8389,Nan,Nan,-38.24,-23.4,8.97,-0.38,0.38,-9.65,-12.41,-9.08,-7.56,-18.24,-12.96,-15.15,10.74,84.7,Nan,Nan,False,-0.078947367036,-0.128776583222,True,False
2015-07-28,50.16,56.16,55.27,49.36,6588939.0,690382528.0,58.896,61.188,62.31,63.715,64.377,59.8283333333,51.5864,Nan,Nan,24.03,76.44,6.58,0.77,-9.3,-12.07,-8.74,-15.06,-11.6,-19.41,-11.06,-17.21,22.31,79.51,Nan,Nan,True,0.751470577184,-0.216965742251,True,False
2015-07-27,59.56,60.99,54.85,54.85,5312460.0,615211776.0,60.856,61.913,63.1973333333,64.0585,64.76,59.6603333333,51.3416,Nan,Nan,42.26,-14.07,-48.84,-9.99,-12.74,-9.43,-15.71,-13.01,-13.93,-22.03,-12.71,-17.47,25.23,95.96,Nan,Nan,False,-0.767100964705,-0.0759874647057,True,False
2015-07-24,62.78,63.83,60.94,60.53,3734296.0,465841696.0,62.496,62.801,64.2306666667,64.458,65.147,59.4761666667,51.073,Nan,Nan,-39.6,-64.04,-59.57,-3.05,0.63,-6.35,-3.35,-7.92,-5.25,-10.21,-5.3,-12.72,43.12,139.54,Nan,Nan,False,-0.55757574068,-0.0286019325839,True,False
2015-07-23,60.00,65.00,62.86,60.00,6182331.0,775705024.0,63.544,63.139,64.6926666667,64.6285,65.443,59.1701666667,50.718,Nan,Nan,-40.46,-33.06,154.21,3.8,-3.4,-0.3,-5.02,-1.07,-3.08,-9.67,-1.61,-10.62,45.41,171.77,Nan,Nan,True,0.57199998856,-0.0723562152134,True,False
2015-07-22,61.50,66.70,60.56,58.75,10383181.0,1295708160.0,63.68,63.339,65.1413333333,64.68,65.692,58.843,50.3207,Nan,Nan,12.43,326.95,147.68,-6.93,-3.95,-8.49,-4.69,1.68,-10.07,-4.27,-6.85,-6.17,36.67,187.97,Nan,Nan,False,-0.118238992223,-0.0524247910327,True,True
2015-07-21,56.74,68.00,65.07,56.74,9235558.0,1082486656.0,63.48,64.017,65.3213333333,64.9025,65.8246666667,58.5721666667,49.9254,Nan,Nan,279.76,120.3,167.56,3.2,-1.68,2.41,9.25,4.08,-5.12,4.72,-3.37,0.81,49.79,240.32,Nan,Nan,True,0.739786849558,-0.127291743571,True,True
2015-06-25,66.25,69.00,63.05,62.24,2431953.0,317172640.0,62.97,64.368,65.126,65.016,65.8073333333,58.2116666667,49.4659,Nan,Nan,-41.99,-29.55,-7.15,-4.73,-0.77,5.86,0.85,-1.07,-10.38,0.33,-10.54,3.34,44.35,262.77,Nan,Nan,False,-0.473372774063,0.0131905945326,True,False
2015-06-24,63.50,69.49,66.18,62.90,4192189.0,557855232.0,63.106,65.098,65.112,65.3875,65.7393333333,57.8888333333,49.0092,Nan,Nan,21.45,60.06,27.34,4.15,11.11,5.85,3.84,2.89,-2.49,2.84,-5.54,14.44,53.87,318.86,Nan,Nan,True,0.406676776833,-0.0317391337496,True,False
2015-06-23,59.50,64.05,63.54,59.25,3451813.0,423427104.0,62.734,65.267,64.99,65.5815,65.461,57.5026666667,48.5054,Nan,Nan,31.79,4.85,11.89,6.68,1.63,-0.3,-1.21,-2.04,-8.69,-0.55,-3.74,17.47,44.94,342.48,Nan,Nan,True,0.841666649132,-0.0944372574386,True,False
2015-06-19,60.00,63.25,59.56,58.78,2619139.0,316251616.0,62.998,65.872,65.0133333333,65.705,65.146,57.1743333333,48.0136,Nan,Nan,-20.44,-15.1,-38.91,-4.73,-6.54,-7.4,-8.17,-11.55,-5.85,-8.38,-8.21,14.25,33.54,356.4,Nan,Nan,False,-0.0984340022722,-0.090516359337,True,False
2015-06-18,63.75,67.29,62.52,62.00,3292174.0,431722080.0,64.554,66.242,65.3766666667,65.9715,64.8983333333,56.925,47.5485,Nan,Nan,6.72,-23.21,41.81,-1.9,-2.8,-3.61,-7.16,-8.84,0.61,-7.16,-6.35,23.83,35.74,Nan,Nan,Nan,False,-0.232514173298,-0.0367689832058,True,False
2015-06-17,63.60,65.61,63.73,61.58,3084905.0,390859520.0,65.766,66.204,65.698,66.1835,64.4973333333,56.6506666667,Nan,Nan,Nan,-28.05,32.88,39.13,-0.92,-1.74,-5.36,-7.07,-9.41,1.42,-9.58,-4.11,18.44,33.13,Nan,Nan,Nan,True,0.0322580637157,-0.0410132689988,True,False
2015-06-16,63.03,65.47,64.32,58.52,4287375.0,526868576.0,67.09,66.115,66.148,66.32,64.1666666667,56.3863333333,Nan,Nan,Nan,84.67,93.36,39.08,-0.83,-4.48,-6.21,-8.57,-5.23,-0.05,-8.19,-7.88,21.27,47.79,Nan,Nan,Nan,True,0.185611508121,-0.0535325474886,True,False
2015-06-15,67.40,68.93,64.86,64.45,2321605.0,310199712.0,67.8,66.118,66.5306666667,66.595,63.7906666667,56.0396666667,Nan,Nan,Nan,4.7,-24.69,-47.29,-3.68,-5.42,-7.8,-4.43,-6.8,1.52,-1.74,-7.78,13.37,50.45,Nan,Nan,Nan,False,-0.566964273059,0.00794843610968,True,False
2015-06-12,67.55,68.99,67.34,66.44,2217303.0,299759584.0,68.746,66.021,66.6073333333,66.8685,63.5356666667,55.6771666667,Nan,Nan,Nan,-28.07,-49.65,-62.36,-1.81,-4.28,-0.78,-3.23,6.45,3.58,3.78,4.34,19.55,50.51,Nan,Nan,Nan,False,-0.0823529379469,0.0123110814719,True,False
2015-06-11,69.86,71.70,68.58,67.75,3082705.0,428833856.0,67.93,65.788,66.444,66.7285,63.1686666667,55.3005,Nan,Nan,Nan,-30.0,-47.67,-56.51,-2.52,1.05,-1.45,8.41,10.36,1.84,2.73,6.24,22.84,50.82,Nan,Nan,Nan,False,-0.324050624708,0.050099959415,True,False
2015-06-10,67.03,72.87,70.35,65.71,4404166.0,611172864.0,66.642,65.664,66.3226666667,66.527,62.7436666667,54.9153333333,Nan,Nan,Nan,-25.24,-37.86,-13.04,3.65,1.09,11.21,13.21,11.95,-0.18,5.85,15.31,29.92,59.02,Nan,Nan,Nan,True,0.463687144362,0.0146836209507,True,False
2015-06-09,69.57,71.37,67.87,66.45,5891410.0,811123072.0,65.14,65.677,66.0633333333,66.06,62.2036666667,54.4801666667,Nan,Nan,Nan,-16.88,16.33,81.59,-2.47,7.29,9.22,8.0,5.47,-3.13,-2.79,17.36,20.17,61.36,Nan,Nan,Nan,False,-0.345528448262,0.0611977180512,True,False
2015-06-08,63.41,69.59,69.59,62.05,7088013.0,950947200.0,64.436,65.896,66.1933333333,65.558,61.824,54.05,Nan,Nan,Nan,39.96,118.47,59.68,10.01,11.99,10.74,8.14,8.92,5.42,-1.05,28.66,28.94,71.4,Nan,Nan,Nan,True,0.819628636344,-0.0211938317151,True,True
2015-06-05,62.19,63.64,63.26,59.95,5064311.0,633697280.0,63.296,65.538,66.2426666667,64.783,61.3033333333,53.5668333333,Nan,Nan,Nan,56.1,14.09,7.96,1.8,0.67,-1.69,-0.99,-2.69,-2.51,-1.98,21.35,21.86,46.88,Nan,Nan,Nan,True,0.289972891871,-0.031708095568,True,False
2015-06-04,62.85,64.47,62.14,59.64,3244363.0,403185152.0,63.646,65.701,66.328,64.2265,60.925,53.2303333333,Nan,Nan,Nan,-26.91,-30.84,-48.76,-1.11,-3.43,-2.74,-4.41,-7.72,-6.92,-3.73,23.07,19.89,57.52,Nan,Nan,Nan,False,-0.146997926563,-0.0124756457796,True,False
2015-06-03,64.91,65.07,62.84,60.39,4438868.0,555768960.0,64.686,66.163,66.4886666667,63.644,60.5813333333,52.8521666667,Nan,Nan,Nan,-5.38,-29.9,-8.46,-2.35,-1.64,-3.34,-6.68,-10.84,-5.45,3.0,16.78,21.36,75.19,Nan,Nan,Nan,False,-0.442307682857,0.0271788582506,True,False
2015-06-02,63.24,64.82,64.35,61.49,4691103.0,594982912.0,66.214,66.525,66.3666666667,63.1925,60.2126666667,52.4026666667,Nan,Nan,Nan,-25.91,-3.26,-10.55,0.72,-1.02,-4.44,-8.7,-8.15,-7.83,11.27,21.32,30.93,89.54,Nan,Nan,Nan,True,0.333333323323,0.00978811055934,True,False
2015-06-01,64.63,65.63,63.89,59.92,6331948.0,794908544.0,67.356,67.072,65.932,62.627,59.706,51.896,Nan,Nan,Nan,30.58,20.73,37.07,-1.72,-5.12,-9.35,-8.81,-3.21,-9.16,18.12,11.68,29.83,78.66,Nan,Nan,Nan,False,-0.129597195629,0.0375162538327,True,True
2015-05-29,67.34,67.88,65.01,60.61,4849035.0,629400576.0,67.78,67.716,65.2786666667,62.293,59.2166666667,51.4271666667,Nan,Nan,Nan,-7.54,4.97,-2.93,-3.46,-7.76,-7.21,-1.51,0.18,0.73,24.71,15.41,45.31,88.6,Nan,Nan,Nan,False,-0.320495181286,0.088604730112,True,False
2015-05-28,70.61,72.37,67.34,66.91,5244536.0,732735616.0,67.756,67.669,64.42,61.859,58.541,50.9181666667,Nan,Nan,Nan,13.53,4.99,61.0,-4.46,-3.88,2.01,3.78,0.87,4.32,33.37,20.62,48.07,100.18,Nan,Nan,Nan,False,-0.598901087932,0.152186151248,True,True
2015-05-27,70.03,73.56,70.48,68.88,4619521.0,661455168.0,67.64,67.39,63.2966666667,61.2835,57.8123333333,50.3565,Nan,Nan,Nan,-7.52,41.81,-11.6,0.6,6.77,8.61,5.57,6.05,15.52,30.98,30.16,47.97,103.58,Nan,Nan,Nan,True,0.0961538440993,0.158152380637,True,False
2015-05-26,65.88,70.37,70.06,64.39,4995371.0,680359744.0,66.836,66.443,62.1853333333,60.467,57.0506666667,49.7588333333,Nan,Nan,Nan,53.35,-4.4,75.31,6.14,7.97,4.94,5.42,0.34,21.15,32.09,24.04,41.82,100.46,Nan,Nan,Nan,True,0.698996643829,0.101893356526,True,False
2015-05-25,64.81,67.48,66.01,63.14,3257508.0,432326784.0,66.788,65.22,61.0506666667,59.788,56.362,49.1736666667,Nan,Nan,Nan,-37.66,14.32,-28.95,1.73,-1.12,-0.68,-5.46,-6.14,22.04,15.38,22.31,35.52,88.49,Nan,Nan,Nan,True,0.276497689482,0.0950224715304,True,False
2015-05-22,67.67,67.78,64.89,62.89,5225546.0,681520448.0,67.652,64.028,60.464,59.186,55.7853333333,48.6571666667,Nan,Nan,Nan,83.39,13.97,18.98,-2.8,-2.36,-7.06,-7.73,0.54,24.48,15.2,25.0,30.51,78.17,Nan,Nan,Nan,False,-0.568507145838,0.156020978185,True,True
2015-05-21,66.43,67.38,66.76,64.53,2849440.0,376034848.0,67.582,62.752,59.8933333333,58.537,55.2796666667,48.1826666667,Nan,Nan,Nan,-37.85,-35.12,-34.2,0.45,-4.38,-5.08,3.44,3.42,32.22,19.58,28.81,47.73,80.33,Nan,Nan,Nan,True,0.115789469621,0.149496889627,True,False
2015-05-20,69.98,72.17,66.46,66.02,4585066.0,631996864.0,67.14,61.125,59.1646666667,57.7905,54.5606666667,47.687,Nan,Nan,Nan,4.4,5.88,-3.01,-4.81,-5.5,2.97,2.96,8.93,23.51,22.73,28.35,51.74,80.45,Nan,Nan,Nan,False,-0.572357714271,0.226503553495,True,False
2015-05-19,70.37,75.86,69.82,65.93,4391838.0,627119104.0,66.05,59.86,58.344,57.0565,53.8053333333,47.1931666667,Nan,Nan,Nan,1.42,-7.09,27.62,-0.73,8.18,8.16,14.44,20.73,31.64,23.62,42.05,63.97,90.66,Nan,Nan,Nan,False,-0.0553877134402,0.256091248237,True,False
2015-05-18,65.39,70.99,70.33,65.23,4330550.0,599737920.0,63.652,58.182,57.4546666667,56.023,52.8973333333,46.6398333333,Nan,Nan,Nan,-8.39,25.84,11.95,8.97,8.95,15.28,21.62,30.02,22.93,30.31,42.92,62.69,93.11,Nan,Nan,Nan,True,0.857638873999,0.189622864628,True,False
2015-05-15,63.23,66.42,64.54,59.90,4727235.0,598305728.0,60.404,56.87,56.364,54.967,51.994,46.0746666667,Nan,Nan,Nan,37.37,22.21,4.21,-0.02,5.79,11.6,19.32,23.81,14.57,24.33,44.26,45.66,94.93,Nan,Nan,Nan,True,0.200920242317,0.171424866147,True,True
2015-05-14,61.22,66.98,64.55,61.22,3441243.0,446043744.0,57.922,56.049,55.522,53.977,51.3196666667,45.5508333333,Nan,Nan,Nan,-11.04,-24.14,49.13,5.8,11.62,19.34,23.83,27.85,15.62,24.54,41.93,48.6,104.79,Nan,Nan,Nan,True,0.578124989963,0.154582402142,True,False
2015-05-13,57.15,62.89,61.01,55.40,3868154.0,468968864.0,55.11,55.177,54.674,53.0235,50.616,45.0003333333,Nan,Nan,Nan,-14.73,67.63,68.59,5.5,12.79,17.03,20.84,13.38,12.67,17.83,28.09,39.67,97.89,Nan,Nan,Nan,True,0.515353798193,0.0915967108845,True,False
2015-05-12,54.10,59.14,57.83,53.21,4536102.0,512382464.0,53.67,54.491,54.0586666667,52.3545,50.0383333333,44.4973333333,Nan,Nan,Nan,96.58,97.7,141.78,6.91,10.93,14.54,7.47,9.03,2.39,17.66,17.06,34.46,84.05,Nan,Nan,Nan,True,0.629005048415,0.041726840352,True,True
2015-05-11,52.90,54.74,54.09,52.13,2307538.0,249358480.0,52.712,54.356,53.48,51.933,49.5443333333,44.0571666667,Nan,Nan,Nan,0.57,22.99,18.88,3.76,7.13,0.52,1.98,-5.45,0.22,9.92,11.04,23.38,64.96,Nan,Nan,Nan,True,0.455938679849,0.0239238154227,True,False
2015-05-08,51.40,53.34,52.13,51.36,2294450.0,239854704.0,53.336,54.344,53.1546666667,51.664,49.2026666667,43.7021666667,Nan,Nan,Nan,22.3,18.2,4.38,3.25,-3.12,-1.72,-8.88,-7.46,0.42,16.52,4.85,16.88,74.87,Nan,Nan,Nan,True,0.368686850066,-0.00278405618555,True,False
2015-05-07,53.31,54.00,50.49,49.96,1876132.0,196144672.0,54.176,54.322,52.662,51.5435,48.9516666667,43.3301666667,Nan,Nan,Nan,-3.35,-14.65,6.39,-6.17,-4.81,-11.75,-10.37,-9.56,-2.59,11.02,11.73,9.62,63.98,Nan,Nan,Nan,False,-0.698019784702,0.0396169934768,True,False
2015-05-06,53.18,55.80,53.81,51.91,1941102.0,208960112.0,55.244,54.456,52.328,51.2785,48.804,43.0018333333,Nan,Nan,Nan,-11.7,10.08,-12.13,1.45,-5.94,-4.47,-3.62,-0.63,3.92,12.98,22.85,12.41,92.25,Nan,Nan,Nan,True,0.161953723343,0.0473039505298,True,False
2015-05-05,56.90,57.30,53.04,52.41,2198254.0,239465584.0,55.312,54.253,51.916,50.778,48.606,42.5715,Nan,Nan,Nan,24.66,-0.49,16.68,-7.29,-5.84,-5.0,-2.05,-6.09,7.91,7.37,24.57,21.87,108.49,Nan,Nan,Nan,False,-0.789366037027,0.132225649189,True,False
2015-05-04,55.40,58.53,57.21,54.28,1763391.0,201304736.0,56.0,53.864,51.6733333333,50.255,48.2886666667,42.1115,Nan,Nan,Nan,-20.17,-6.4,-38.42,1.56,2.47,5.65,1.29,6.0,16.26,17.45,32.34,32.71,147.34,Nan,Nan,Nan,True,0.42588234292,0.117927193478,True,False
2015-04-30,55.20,59.29,56.33,55.14,2209002.0,256315552.0,55.352,53.064,51.1066666667,49.556,47.8186666667,41.5435,Nan,Nan,Nan,17.25,-22.85,-42.31,0.9,4.03,-0.27,4.37,8.51,25.91,13.29,27.13,25.91,167.86,Nan,Nan,Nan,True,0.272289150065,0.127566132162,True,False
2015-04-29,53.15,57.12,55.83,52.91,1883996.0,207648352.0,54.468,51.905,50.666,48.955,47.4323333333,40.9551666667,Nan,Nan,Nan,-34.2,-50.8,-49.76,3.1,-1.15,3.45,7.55,7.72,22.76,23.55,28.52,22.78,192.0,Nan,Nan,Nan,True,0.636579557326,0.0996058797364,True,False
2015-04-28,55.93,57.90,54.15,53.06,2863350.0,317782496.0,53.668,50.87,49.9566666667,48.3355,47.087,40.3433333333,Nan,Nan,Nan,-25.22,-23.65,-24.56,-4.13,0.33,4.32,4.48,4.58,13.69,23.63,23.97,22.4,211.57,Nan,Nan,Nan,False,-0.367768587443,0.169790010876,True,False
2015-04-27,53.40,59.36,56.48,52.93,3829091.0,436801024.0,53.194,50.218,49.2666666667,47.812,46.7566666667,39.7305,Nan,Nan,Nan,2.1,0.88,-8.78,4.65,8.8,8.97,9.08,14.91,14.33,32.64,31.32,34.28,257.47,Nan,Nan,Nan,True,0.47900465818,0.132831973864,True,False
2015-04-24,50.95,55.30,53.97,49.81,3750273.0,389137152.0,51.728,49.51,48.34,47.1385,46.276,39.0525,Nan,Nan,Nan,-1.19,-10.66,-34.34,3.97,4.13,4.23,9.81,9.67,10.8,24.84,23.11,32.93,275.84,Nan,Nan,Nan,True,0.550091064661,0.0925973580374,True,False
2015-04-23,52.03,53.16,51.91,50.17,3795611.0,392589600.0,50.776,48.984,47.624,46.632,45.8303333333,38.3923333333,Nan,Nan,Nan,-9.58,-33.55,-29.46,0.15,0.25,5.62,5.49,16.03,4.4,17.15,16.39,20.52,297.78,Nan,Nan,Nan,False,-0.0401337779219,0.124571774394,True,False
2015-04-22,52.08,53.40,51.83,50.41,4197557.0,434297600.0,49.342,48.765,47.1173333333,46.2665,45.5356666667,37.7446666667,Nan,Nan,Nan,-26.51,-21.99,-40.02,0.1,5.45,5.32,15.85,13.96,14.69,19.31,12.53,31.38,Nan,Nan,Nan,Nan,False,-0.0836120373374,0.132715646614,True,False
2015-04-21,49.08,52.09,51.78,48.91,5711967.0,580428544.0,48.072,48.101,46.558,45.978,45.123,Nan,Nan,Nan,Nan,6.15,-18.38,-10.17,5.35,5.22,15.74,13.85,8.71,18.22,18.54,8.17,44.35,Nan,Nan,Nan,Nan,True,0.849056577074,0.0720253371922,True,False
2015-04-20,48.08,52.41,49.15,47.03,5381126.0,541726656.0,47.242,47.303,46.018,45.7825,44.5926666667,Nan,Nan,Nan,Nan,-23.11,-15.37,15.96,-0.12,9.86,8.07,3.19,-0.51,15.43,14.28,12.94,44.77,Nan,Nan,Nan,Nan,True,0.198884754668,0.0566800729654,True,False
2015-04-17,45.42,49.21,49.21,43.22,6998133.0,637562048.0,47.292,46.646,45.6086666667,45.501,44.086,Nan,Nan,Nan,Nan,10.06,50.8,54.53,9.99,8.2,3.32,-0.38,1.03,13.83,12.25,14.15,37.61,Nan,Nan,Nan,Nan,True,0.63272119144,0.00495619081335,True,False
2015-04-16,44.67,45.88,44.74,42.35,6358447.0,559451584.0,47.192,46.048,45.2506666667,45.196,43.6376666667,Nan,Nan,Nan,Nan,37.02,40.4,145.72,-1.63,-6.07,-9.43,-8.15,-10.02,0.97,0.31,0.0,29.79,Nan,Nan,Nan,Nan,True,0.0198300277669,-0.0116381980706,True,False
2015-04-15,46.92,46.92,45.48,44.07,4640665.0,420425728.0,48.188,46.005,45.2413333333,45.196,43.2953333333,Nan,Nan,Nan,Nan,2.47,79.34,-23.8,-4.51,-7.94,-6.63,-8.53,0.64,4.7,-1.26,0.02,35.2,Nan,Nan,Nan,Nan,False,-0.505263140166,0.0381564536292,True,False
2015-04-14,48.83,50.91,47.63,46.55,4528713.0,439443104.0,48.13,45.801,45.28,45.1955,42.9006666667,Nan,Nan,Nan,Nan,75.01,-25.64,-37.92,-3.58,-2.22,-4.2,5.4,8.74,9.04,-0.5,7.66,37.58,Nan,Nan,Nan,Nan,False,-0.275229351486,0.0844845200551,True,False
2015-04-13,48.71,50.38,49.40,47.48,2587647.0,254673408.0,47.364,45.406,45.296,45.026,42.467,Nan,Nan,Nan,Nan,-57.51,-64.53,-62.33,1.42,-0.64,9.32,12.79,16.02,14.86,13.51,17.45,41.34,Nan,Nan,Nan,Nan,True,0.237931026278,0.0907095994089,True,False
2015-04-10,49.11,51.41,48.71,46.42,6090155.0,592160128.0,46.0,44.767,44.904,44.659,41.9853333333,Nan,Nan,Nan,Nan,-16.52,-11.34,-32.78,-2.03,7.79,11.21,14.4,12.68,11.11,12.99,19.98,39.09,Nan,Nan,Nan,Nan,False,-0.0801603190349,0.109742732213,True,False
2015-04-09,44.52,49.72,49.72,43.86,7295240.0,690841280.0,44.904,44.28,44.5306666667,44.2535,41.529,Nan,Nan,Nan,Nan,6.21,-19.47,45.58,10.02,13.52,16.77,15.01,12.21,11.48,11.13,15.44,36.52,Nan,Nan,Nan,Nan,True,0.887371998509,0.0136381229936,True,False
2015-04-08,44.22,45.70,45.19,42.93,6869013.0,618626496.0,43.822,43.768,44.1986666667,43.921,41.0856666667,Nan,Nan,Nan,Nan,-24.18,37.07,78.69,3.17,6.13,4.53,1.99,4.03,-1.89,-0.62,14.55,22.07,Nan,Nan,Nan,Nan,True,0.350180492773,0.0134298941193,True,False
2015-04-07,42.50,44.70,43.80,41.61,9059572.0,780092160.0,43.472,43.855,44.2173333333,43.634,40.8133333333,Nan,Nan,Nan,Nan,80.78,135.68,213.09,2.87,1.32,-1.15,0.83,0.27,-8.5,-0.99,22.11,18.92,Nan,Nan,Nan,Nan,True,0.420711960495,-0.0170569528766,True,True
2015-04-03,43.05,43.65,42.58,41.89,5011272.0,427002624.0,43.448,44.262,44.2466666667,43.2375,40.581,Nan,Nan,Nan,Nan,30.36,73.19,166.94,-1.5,-3.9,-1.98,-2.52,-1.0,-2.16,1.24,25.42,16.28,Nan,Nan,Nan,Nan,False,-0.267045439372,0.00570013549502,True,False
2015-04-02,43.94,43.96,43.23,42.92,3844065.0,333248320.0,43.534,44.356,44.212,42.806,40.3823333333,Nan,Nan,Nan,Nan,32.85,104.77,4.19,-2.44,-0.48,-1.03,0.51,-1.39,0.28,6.48,20.89,18.7,Nan,Nan,Nan,Nan,False,-0.682692242049,0.035527013492,True,False
2015-04-01,43.91,45.37,44.31,43.42,2893567.0,257647712.0,43.656,44.344,44.0366666667,42.4325,40.1553333333,Nan,Nan,Nan,Nan,54.13,-21.57,10.76,2.0,1.44,3.02,1.07,-0.65,-0.96,2.88,28.55,33.83,Nan,Nan,Nan,Nan,True,0.205128194609,0.0469593829353,True,False
2015-03-31,43.42,44.17,43.44,43.04,1877305.0,164361152.0,43.714,44.387,43.954,41.9405,39.782,Nan,Nan,Nan,Nan,-49.12,-28.14,-42.01,-0.55,1.0,-0.91,-2.6,-5.69,-4.46,10.11,29.13,37.82,Nan,Nan,Nan,Nan,True,0.017699113478,0.0475145052533,True,False
2015-03-30,42.94,44.17,43.68,42.72,3689338.0,321446784.0,44.238,44.59,43.688,41.4505,39.3846666667,Nan,Nan,Nan,Nan,41.22,13.96,-28.1,1.56,-0.36,-2.06,-5.17,-8.75,-1.27,21.77,26.17,41.68,Nan,Nan,Nan,Nan,True,0.51034479239,0.0473809378621,True,False
2015-03-27,43.95,44.52,43.01,42.82,2612500.0,227983088.0,45.076,44.646,43.1673333333,40.9975,38.9563333333,Nan,Nan,Nan,Nan,-19.31,-49.09,-61.24,-1.89,-3.57,-6.62,-10.15,-1.17,2.26,26.69,23.06,36.89,Nan,Nan,Nan,Nan,False,-0.552941143945,0.0826589808964,True,False
2015-03-26,44.07,45.42,43.84,43.25,3237509.0,285684352.0,45.178,44.551,42.5633333333,40.5945,38.57,Nan,Nan,Nan,Nan,-36.91,-51.97,-42.09,-1.7,-4.82,-8.42,0.74,1.69,7.98,22.6,25.19,33.7,Nan,Nan,Nan,Nan,False,-0.105990778526,0.0975381971684,True,False
2015-03-25,44.92,45.01,44.60,43.92,5131203.0,456548352.0,45.032,44.227,42.0246666667,40.1535,38.2016666667,Nan,Nan,Nan,Nan,-23.88,-8.22,70.12,-3.17,-6.83,2.48,3.46,-0.31,3.55,29.39,22.46,49.61,Nan,Nan,Nan,Nan,False,-0.293577954718,0.130219275623,True,False
2015-03-24,45.57,46.76,46.06,44.61,6741053.0,613876416.0,45.06,44.074,41.3493333333,39.7445,37.7086666667,Nan,Nan,Nan,Nan,20.57,123.49,57.99,-3.78,5.84,6.84,2.95,1.3,16.76,36.92,24.42,49.59,Nan,Nan,Nan,Nan,True,0.227906966144,0.159763313609,True,False
2015-03-23,43.52,47.87,47.87,42.92,5590771.0,514329920.0,44.942,43.413,40.5213333333,39.2925,37.1996666667,Nan,Nan,Nan,Nan,85.35,31.03,-2.69,10.0,11.04,7.0,5.28,8.21,33.45,38.27,29.98,71.03,Nan,Nan,Nan,Nan,True,0.878787861035,0.123372181567,True,False
2015-03-20,42.92,43.55,43.52,42.02,3016281.0,258444960.0,44.216,42.213,39.638,38.7405,36.537,Nan,Nan,Nan,Nan,-29.31,-47.5,-54.54,0.95,-2.73,-4.29,-1.63,3.47,28.19,24.52,18.84,71.07,Nan,Nan,Nan,Nan,True,0.392156837114,0.11783933013,True,False
2015-03-19,43.82,43.86,43.11,42.70,4266809.0,368346464.0,43.924,41.256,39.0666666667,38.3955,35.9343333333,Nan,Nan,Nan,Nan,-25.73,-35.7,-31.82,-3.64,-5.19,-2.55,2.5,6.18,20.55,23.1,18.37,86.38,Nan,Nan,Nan,Nan,False,-0.612068912753,0.151309739628,True,False
2015-03-18,45.67,45.82,44.74,43.14,5745087.0,510590656.0,43.422,40.521,38.5273333333,38.061,35.2683333333,Nan,Nan,Nan,Nan,-13.42,-8.19,76.33,-1.61,1.13,6.37,10.2,3.88,29.79,22.84,35.13,112.74,Nan,Nan,Nan,Nan,False,-0.347014912425,0.21853279793,True,False
2015-03-17,43.91,47.85,45.47,42.92,6635657.0,607316096.0,43.088,39.494,37.9726666667,37.4795,34.478,Nan,Nan,Nan,Nan,6.04,103.67,47.02,2.78,8.11,12.0,5.57,15.26,35.17,22.83,44.26,137.81,Nan,Nan,Nan,Nan,True,0.316430013866,0.193790440977,True,False
2015-03-16,42.87,45.39,44.24,41.18,6257773.0,538015488.0,41.884,38.311,37.4093333333,36.782,33.5996666667,Nan,Nan,Nan,Nan,92.07,38.65,-15.27,5.18,8.97,2.72,12.14,23.33,27.79,20.12,43.5,154.55,Nan,Nan,Nan,Nan,True,0.32541566923,0.187156446008,True,False
2015-03-13,41.42,43.27,42.06,40.98,3258103.0,276149824.0,40.21,37.349,36.9153333333,36.1115,32.7043333333,Nan,Nan,Nan,Nan,-27.81,-55.89,-14.97,3.6,-2.35,6.62,17.26,23.89,20.34,14.86,33.86,166.2,Nan,Nan,Nan,Nan,True,0.279475970329,0.164153515367,True,False
2015-03-12,41.93,42.86,40.60,39.20,4513313.0,370848704.0,38.588,36.638,36.5526666667,35.5795,31.829,Nan,Nan,Nan,Nan,-38.89,17.78,-24.6,-5.73,2.92,13.19,19.59,13.53,15.93,11.48,23.82,182.73,Nan,Nan,Nan,Nan,False,-0.363387968213,0.191565546051,True,False
2015-03-11,40.83,43.40,43.07,40.43,7385898.0,625473024.0,37.62,36.08,36.274,35.189,30.9543333333,Nan,Nan,Nan,Nan,92.75,23.4,23.49,9.18,20.07,26.86,20.44,24.95,18.26,30.08,44.48,230.04,Nan,Nan,Nan,Nan,True,0.754208728815,0.182587035857,True,True
2015-03-10,36.04,39.45,39.45,36.04,3831852.0,298227456.0,35.9,35.415,35.61,34.526,29.9536666667,Nan,Nan,Nan,Nan,-35.98,-35.93,-32.95,9.98,16.2,10.32,14.45,17.27,6.56,25.16,28.13,Nan,Nan,Nan,Nan,Nan,True,0.999999970674,0.0571084973455,True,False
2015-03-09,34.01,37.26,35.87,33.21,5985472.0,430035328.0,34.738,35.172,35.0813333333,34.093,Nan,Nan,Nan,Nan,Nan,0.07,4.74,29.29,5.66,0.31,4.06,6.63,3.61,-2.61,16.35,28.15,Nan,Nan,Nan,Nan,Nan,True,0.45925924792,0.00922876049734,True,False
2015-03-06,35.76,35.76,33.95,33.66,5980987.0,414803616.0,34.488,35.268,34.7453333333,33.699,Nan,Nan,Nan,Nan,Nan,4.66,29.19,18.03,-5.06,-1.51,0.92,-1.94,-2.86,-7.29,8.05,33.45,Nan,Nan,Nan,Nan,Nan,False,-0.861904720862,0.0747291388042,True,False
2015-03-05,34.54,37.03,35.76,34.23,5714666.0,409520608.0,34.688,35.535,34.5766666667,33.2735,Nan,Nan,Nan,Nan,Nan,23.44,12.78,32.48,3.74,6.3,3.29,2.32,2.11,-1.81,9.06,54.6,Nan,Nan,Nan,Nan,Nan,True,0.435714270153,0.0581459469395,True,False
2015-03-04,33.67,34.53,34.47,33.07,4629654.0,313398112.0,34.54,35.601,34.3786666667,32.642,Nan,Nan,Nan,Nan,Nan,-8.63,7.32,5.75,2.47,-0.43,-1.37,-1.57,-5.35,4.11,15.63,63.91,Nan,Nan,Nan,Nan,Nan,True,0.547945167949,0.0531748514232,True,False
2015-03-03,34.73,34.73,33.64,33.46,5067200.0,345511840.0,34.93,35.465,34.068,31.97,Nan,Nan,Nan,Nan,Nan,17.47,15.74,28.94,-2.83,-3.75,-3.94,-7.63,-9.13,6.73,9.26,75.94,Nan,Nan,Nan,Nan,Nan,False,-0.858267648955,0.111573422097,True,False
2015-03-02,34.60,35.18,34.62,34.04,4313705.0,299180288.0,35.606,35.253,33.878,31.244,Nan,Nan,Nan,Nan,Nan,-1.47,9.76,-29.37,-0.94,-1.14,-4.94,-6.48,-6.0,12.29,23.69,99.19,Nan,Nan,Nan,Nan,Nan,True,0.0175438581102,0.138832203278,True,False
2015-02-27,35.19,35.68,34.95,34.44,4377954.0,306379232.0,36.048,34.874,33.436,30.382,Nan,Nan,Nan,Nan,Nan,11.4,-28.32,-21.9,-0.2,-4.04,-5.59,-5.1,-4.56,11.23,37.38,121.2,Nan,Nan,Nan,Nan,Nan,False,-0.193548371488,0.195942157046,True,False
2015-02-26,35.69,36.29,35.02,34.56,3930011.0,277179072.0,36.382,34.521,32.802,29.4245,Nan,Nan,Nan,Nan,Nan,-35.66,-29.89,-19.44,-3.84,-5.4,-4.91,-4.37,-3.84,6.8,51.41,143.87,Nan,Nan,Nan,Nan,Nan,False,-0.387283214608,0.2570663755,True,False
2015-02-25,36.34,36.87,36.42,34.09,6107790.0,434911744.0,36.662,34.298,32.0093333333,28.3915,Nan,Nan,Nan,Nan,Nan,8.96,25.2,-52.06,-1.62,-1.11,-0.55,0.0,10.0,22.17,73.18,179.08,Nan,Nan,Nan,Nan,Nan,True,0.0287769773821,0.334900635492,True,False
2015-02-17,36.98,38.43,37.02,36.09,5605437.0,415780896.0,36.0,33.637,30.9833333333,27.223,Nan,Nan,Nan,Nan,Nan,14.9,-56.0,-58.13,0.52,1.09,1.65,11.81,17.45,20.23,93.62,Nan,Nan,Nan,Nan,Nan,Nan,True,0.0170940163635,Nan,True,False
2015-02-16,36.23,37.53,36.83,35.93,4878541.0,358273600.0,34.9,33.014,29.79,Nan,Nan,Nan,Nan,Nan,Nan,-61.71,-63.56,-61.27,0.57,1.13,11.24,16.85,19.46,31.58,111.91,Nan,Nan,Nan,Nan,Nan,Nan,True,0.374999976563,Nan,True,False
2015-02-13,37.18,37.85,36.62,35.24,12740198.0,935944896.0,33.7,32.13,28.4933333333,Nan,Nan,Nan,Nan,Nan,Nan,-4.84,1.14,17.39,0.55,10.6,16.18,18.78,16.55,43.95,131.77,Nan,Nan,Nan,Nan,Nan,Nan,False,-0.214559378753,Nan,True,False
2015-02-12,32.89,36.42,36.42,32.34,13387631.0,931785472.0,32.66,31.012,27.1053333333,Nan,Nan,Nan,Nan,Nan,Nan,6.28,23.36,24.55,10.0,15.55,18.13,15.91,11.07,57.46,153.62,Nan,Nan,Nan,Nan,Nan,Nan,True,0.865196057226,Nan,True,False
2015-02-11,31.20,34.47,33.11,30.95,12596686.0,821715648.0,31.934,29.683,25.6346666667,Nan,Nan,Nan,Nan,Nan,Nan,16.07,17.2,-44.29,5.04,7.4,5.38,0.98,11.07,57.44,153.72,Nan,Nan,Nan,Nan,Nan,Nan,True,0.542613620948,Nan,True,False
2015-02-10,30.70,31.74,31.52,29.35,10852451.0,666626176.0,31.274,28.475,24.2973333333,Nan,Nan,Nan,Nan,Nan,Nan,0.97,-52.01,-64.26,2.24,0.32,-3.87,5.74,2.37,64.85,Nan,Nan,Nan,Nan,Nan,Nan,Nan,True,0.343096219954,Nan,True,False
2015-02-09,30.75,32.26,30.83,30.17,10748369.0,673599168.0,31.128,27.235,Nan,Nan,Nan,Nan,Nan,Nan,Nan,-52.47,-64.61,-72.45,-1.88,-5.98,3.42,0.13,10.15,77.39,Nan,Nan,Nan,Nan,Nan,Nan,Nan,True,0.0382775101303,Nan,True,False
2015-02-06,31.94,33.19,31.42,30.59,22612196.0,1449942016.0,30.56,25.89,Nan,Nan,Nan,Nan,Nan,Nan,Nan,-25.54,-42.05,-1.99,-4.18,5.4,2.05,12.25,23.51,98.86,Nan,Nan,Nan,Nan,Nan,Nan,Nan,False,-0.199999992308,Nan,True,False
2015-02-05,31.09,32.79,32.79,30.61,30368740.0,1943429632.0,29.364,24.328,Nan,Nan,Nan,Nan,Nan,Nan,Nan,-22.17,31.62,-50.94,10.0,6.5,17.15,28.89,41.76,128.34,Nan,Nan,Nan,Nan,Nan,Nan,Nan,True,0.77981647799,Nan,True,False
2015-02-04,32.34,33.41,29.81,29.50,39018160.0,2447929088.0,27.432,22.485,Nan,Nan,Nan,Nan,Nan,Nan,Nan,69.11,-36.97,151.03,-3.18,6.5,17.18,28.88,41.75,128.43,Nan,Nan,Nan,Nan,Nan,Nan,Nan,False,-0.647058806981,Nan,True,False
2015-02-03,28.95,30.79,30.79,28.71,23072212.0,1374358912.0,25.676,20.809,Nan,Nan,Nan,Nan,Nan,Nan,Nan,-62.73,48.44,622.99,10.0,21.03,33.12,46.41,61.04,Nan,Nan,Nan,Nan,Nan,Nan,Nan,Nan,True,0.884615342086,Nan,True,Nan
2015-02-02,25.94,27.99,27.99,25.44,61903188.0,3323897856.0,23.342,Nan,Nan,Nan,Nan,Nan,Nan,Nan,Nan,298.27,1839.8,2304.85,10.02,21.01,33.1,46.39,61.05,Nan,Nan,Nan,Nan,Nan,Nan,Nan,Nan,True,0.803921537101,Nan,True,Nan
2015-01-30,25.44,25.44,25.44,25.44,15543010.0,792227200.0,21.22,Nan,Nan,Nan,Nan,Nan,Nan,Nan,Nan,387.06,503.82,1049.89,9.99,20.97,33.05,46.38,61.01,Nan,Nan,Nan,Nan,Nan,Nan,Nan,Nan,False,0.0,Nan,True,Nan
2015-01-29,23.13,23.13,23.13,23.13,3191209.0,147880624.0,19.292,Nan,Nan,Nan,Nan,Nan,Nan,Nan,Nan,23.97,136.09,602.75,9.99,20.97,33.08,46.39,61.07,Nan,Nan,Nan,Nan,Nan,Nan,Nan,Nan,False,0.0,Nan,True,Nan
2015-01-28,21.03,21.03,21.03,21.03,2574097.0,108446704.0,17.538,Nan,Nan,Nan,Nan,Nan,Nan,Nan,Nan,90.43,466.86,1524.04,9.99,21.0,33.1,46.45,61.15,Nan,Nan,Nan,Nan,Nan,Nan,Nan,Nan,False,0.0,Nan,True,Nan
2015-01-27,19.12,19.12,19.12,19.12,1351695.0,51769920.0,15.942,Nan,Nan,Nan,Nan,Nan,Nan,Nan,Nan,197.66,752.8,2137.91,10.01,21.01,33.15,46.51,Nan,Nan,Nan,Nan,Nan,Nan,Nan,Nan,Nan,False,0.0,Nan,True,Nan
2015-01-26,17.38,17.38,17.38,17.38,454100.0,15811762.0,Nan,Nan,Nan,Nan,Nan,Nan,Nan,Nan,Nan,186.5,651.82,166.96,10.0,21.03,33.18,Nan,Nan,Nan,Nan,Nan,Nan,Nan,Nan,Nan,Nan,False,0.0,Nan,True,Nan
2015-01-23,15.80,15.80,15.80,15.80,158500.0,5016525.0,Nan,Nan,Nan,Nan,Nan,Nan,Nan,Nan,Nan,162.42,-6.82,Nan,10.03,21.07,Nan,Nan,Nan,Nan,Nan,Nan,Nan,Nan,Nan,Nan,Nan,False,0.0,Nan,True,Nan
2015-01-22,14.36,14.36,14.36,14.36,60400.0,1737708.0,Nan,Nan,Nan,Nan,Nan,Nan,Nan,Nan,Nan,-64.49,Nan,Nan,10.04,Nan,Nan,Nan,Nan,Nan,Nan,Nan,Nan,Nan,Nan,Nan,Nan,False,0.0,Nan,True,Nan
2015-01-21,10.88,13.05,13.05,10.88,170100.0,4432855.0,Nan,Nan,Nan,Nan,Nan,Nan,Nan,Nan,Nan,Nan,Nan,Nan,Nan,Nan,Nan,Nan,Nan,Nan,Nan,Nan,Nan,Nan,Nan,Nan,Nan,True,0.999999953917,Nan,True,Nan
