date,open,high,close,low,volume,amount
2015-11-27,16.13,16.14,14.90,14.64,38343292.0,595620992.0
2015-11-26,16.01,16.34,16.12,15.86,56241836.0,904860928.0
2015-11-25,15.65,15.96,15.95,15.48,29601572.0,465666400.0
2015-11-24,15.80,15.84,15.60,15.44,19524168.0,303822304.0
2015-11-23,16.00,16.14,15.78,15.68,28006060.0,445839200.0
2015-11-20,15.79,16.15,16.00,15.72,32240460.0,512400576.0
2015-11-19,15.52,15.85,15.79,15.47,18240306.0,285569664.0
2015-11-18,15.87,16.32,15.46,15.43,30042228.0,477196576.0
2015-11-17,15.52,16.24,15.90,15.48,37767596.0,597549376.0
2015-11-16,14.95,15.45,15.44,14.95,19069292.0,290920000.0
2015-11-13,15.77,15.79,15.39,15.37,27577312.0,429368608.0
2015-11-12,15.84,16.33,15.97,15.71,45178184.0,724868608.0
2015-11-11,15.50,15.88,15.82,15.29,47368228.0,739735424.0
2015-11-10,16.10,16.55,15.24,15.24,69443264.0,1107443200.0
2015-11-09,15.50,16.00,15.77,15.33,50980056.0,801504576.0
2015-11-06,15.32,15.61,15.50,15.14,36402576.0,562841728.0
2015-11-05,15.09,15.63,15.29,14.99,41507752.0,634086080.0
2015-11-04,14.40,15.08,15.04,14.40,31508564.0,465812960.0
2015-11-03,14.50,14.71,14.33,14.19,17460158.0,253063904.0
2015-11-02,14.51,14.77,14.15,14.15,19134140.0,276970368.0
2015-10-30,15.06,15.20,14.80,14.65,17666480.0,263020832.0
2015-10-29,14.80,15.25,15.06,14.70,24185332.0,363800128.0
2015-10-28,15.05,15.14,14.69,14.60,19213036.0,285532864.0
2015-10-27,15.06,15.27,15.11,14.38,26671912.0,396577184.0
2015-10-26,15.45,15.94,15.43,15.19,32085456.0,497296608.0
2015-10-23,14.99,15.34,15.29,14.73,29091518.0,440140224.0
2015-10-22,14.78,15.15,14.98,14.26,34602284.0,508882624.0
2015-10-21,16.36,16.48,14.75,14.75,48623856.0,760103744.0
2015-10-20,15.92,16.69,16.39,15.92,57022060.0,935311232.0
2015-10-19,16.13,16.17,16.01,15.74,34408760.0,549273728.0
2015-10-16,16.41,16.50,16.15,15.80,53111948.0,857580224.0
2015-10-15,16.00,16.49,16.38,15.89,65908540.0,1069644544.0
2015-10-14,16.50,16.58,15.99,15.73,35663104.0,573268480.0
2015-10-13,15.88,16.47,16.22,15.81,58681912.0,948096832.0
2015-10-12,15.04,16.20,16.15,14.92,84379360.0,1343713408.0
2015-10-09,14.78,14.88,14.73,14.60,16383891.0,241753984.0
2015-10-08,14.69,14.85,14.78,14.55,18750268.0,275781568.0
2015-09-30,14.46,14.71,14.33,14.33,9507520.0,137591296.0
2015-09-29,14.30,14.50,14.50,13.74,14020127.0,198970400.0
2015-09-28,14.50,14.75,14.57,14.13,12170825.0,177062192.0
2015-09-25,15.19,15.40,14.60,14.11,16304679.0,240899744.0
2015-09-24,15.30,15.56,15.20,15.06,16652977.0,253996736.0
2015-09-23,15.50,15.97,15.29,15.27,17884552.0,279497216.0
2015-09-22,15.78,16.58,15.88,15.64,47747720.0,769752576.0
2015-09-21,15.35,15.98,15.98,15.08,54840764.0,855638272.0
2015-09-18,14.20,15.69,15.50,14.18,64911416.0,972336064.0
2015-09-17,13.80,14.63,14.35,13.60,40783112.0,580570816.0
2015-09-16,13.02,14.33,13.99,12.91,16130475.0,215992528.0
2015-09-15,12.47,13.12,13.03,12.25,14915206.0,191372016.0
2015-09-14,13.68,14.13,12.80,12.75,15430697.0,207669776.0
2015-09-11,13.81,14.05,13.65,13.42,9149711.0,125373832.0
2015-09-10,14.29,14.68,13.80,13.80,12968287.0,184341504.0
2015-09-09,13.48,14.66,14.58,13.35,21601948.0,301086688.0
2015-09-08,13.34,13.67,13.51,12.50,30604638.0,399329792.0
2015-09-07,14.39,14.87,13.35,12.85,41172048.0,571158528.0
2015-09-02,14.04,14.90,14.28,13.60,20180906.0,291547072.0
2015-09-01,14.38,14.97,14.95,13.54,31477724.0,450465792.0
2015-08-31,14.55,14.93,14.40,14.22,14569979.0,212484448.0
2015-08-28,13.73,14.95,14.83,13.73,23670480.0,335647648.0
2015-08-27,13.17,13.93,13.93,12.01,31462932.0,409217632.0
2015-08-26,12.90,13.44,13.00,12.30,25943508.0,335241120.0
2015-08-25,11.84,12.73,12.66,11.83,56603600.0,685172416.0
2015-08-24,13.30,14.00,13.14,13.14,16910394.0,223088272.0
2015-08-21,15.08,15.48,14.60,14.50,22320324.0,334127072.0
2015-08-20,15.40,16.18,15.51,15.05,29128828.0,455621504.0
2015-08-19,14.89,15.88,15.66,14.18,36899416.0,550155712.0
2015-08-18,17.46,17.80,15.66,15.66,38714664.0,640518400.0
2015-08-17,17.40,17.85,17.40,17.20,41043056.0,718158080.0
2015-08-14,17.14,18.28,17.57,17.00,51686024.0,913102400.0
2015-08-13,16.01,16.99,16.88,15.92,32101000.0,532183840.0
2015-08-12,17.03,17.25,16.35,16.30,44940644.0,756824448.0
2015-08-11,17.60,18.58,17.42,17.18,52399364.0,933060992.0
2015-08-10,16.50,17.50,17.18,16.50,34678924.0,594419968.0
2015-08-07,16.25,16.74,16.45,16.22,17258298.0,284181760.0
2015-08-06,15.92,16.48,16.20,15.80,10818180.0,175735024.0
2015-08-05,16.51,16.52,16.30,15.90,17224226.0,279881856.0
2015-08-04,15.55,16.49,16.43,15.45,19601180.0,313957408.0
2015-08-03,15.36,15.71,15.49,15.19,16968980.0,262144032.0
2015-07-31,15.26,15.78,15.50,15.19,18508996.0,287215456.0
2015-07-30,15.69,16.18,15.50,15.33,29202076.0,463879616.0
2015-07-29,14.95,15.84,15.78,14.95,28805036.0,441936544.0
2015-07-28,14.20,15.15,15.00,13.30,44770820.0,633082496.0
2015-07-27,15.80,16.47,14.64,14.64,42989888.0,666116352.0
2015-07-24,17.20,17.29,16.27,16.13,49078240.0,821065408.0
2015-07-23,16.81,17.25,17.10,16.74,56267584.0,956168576.0
2015-07-22,16.87,17.45,16.69,16.27,44016280.0,739428480.0
2015-07-21,16.15,16.70,16.48,16.01,29713304.0,488241376.0
2015-07-20,16.82,17.18,16.51,16.10,37165656.0,619468032.0
2015-07-17,16.03,17.20,16.80,16.02,31092508.0,517031232.0
2015-07-16,15.30,16.17,15.98,14.48,32712318.0,512198176.0
2015-07-15,15.58,16.82,15.30,14.51,43207724.0,662450560.0
2015-07-14,16.30,16.85,16.12,15.60,64436496.0,1053335040.0
2015-07-13,15.32,15.32,15.32,14.67,50061600.0,765488512.0
2015-07-10,13.15,13.93,13.93,13.15,11596378.0,159213680.0
2015-07-09,11.51,12.66,12.66,10.80,42319776.0,511686848.0
2015-07-08,11.51,12.09,11.51,11.51,77347464.0,895923648.0
2015-07-07,13.00,13.48,12.79,12.75,59181216.0,759015680.0
2015-07-06,16.37,16.37,14.17,13.39,63378680.0,913276544.0
2015-07-03,16.00,16.38,14.88,14.88,43343780.0,656890304.0
2015-07-02,18.36,18.85,16.53,16.53,36716044.0,637841664.0
2015-07-01,19.77,21.15,18.37,18.36,36217456.0,725644864.0
2015-06-30,18.90,20.62,20.40,17.46,47973340.0,913251776.0
2015-06-29,22.00,22.50,19.40,19.40,39611376.0,819256192.0
2015-06-26,23.14,25.48,21.54,21.54,57905104.0,1360398592.0
2015-06-25,24.62,25.03,23.94,22.05,33595452.0,809207168.0
2015-06-24,22.96,24.24,23.94,22.89,34016476.0,802440576.0
2015-06-23,22.64,22.93,22.83,20.34,36253304.0,787377088.0
2015-06-19,24.54,24.54,22.60,22.60,33153234.0,771427456.0
2015-06-18,26.18,26.19,25.12,24.74,28655976.0,732182656.0
2015-06-17,26.74,26.92,26.18,24.53,41301704.0,1065558080.0
2015-06-16,27.43,27.53,26.92,25.90,46242332.0,1237918848.0
2015-06-15,26.73,28.51,27.92,26.53,83072560.0,2300372224.0
2015-06-12,26.93,27.30,26.54,26.34,46686768.0,1250248320.0
2015-06-11,26.05,27.19,26.93,25.73,60246288.0,1595974400.0
2015-06-10,25.93,26.43,25.94,25.20,35103408.0,906987456.0
2015-06-09,26.93,26.93,25.98,25.81,38901816.0,1021322240.0
2015-06-08,27.44,27.92,26.97,26.20,67187304.0,1827575040.0
2015-06-05,25.94,26.93,26.84,25.16,65695564.0,1733908352.0
2015-06-04,26.32,26.52,25.89,24.32,35599840.0,912752512.0
2015-06-03,26.33,26.91,26.66,25.04,59030612.0,1542843008.0
2015-06-02,25.23,26.42,26.25,24.82,47954728.0,1226634496.0
2015-06-01,24.26,25.56,25.29,24.25,41011772.0,1031132096.0
2015-05-29,24.94,25.58,24.24,22.72,39120728.0,951222720.0
2015-05-28,27.95,28.22,25.14,25.14,60877216.0,1624922240.0
2015-05-27,26.85,28.11,27.93,26.18,70738848.0,1939924864.0
2015-05-26,24.95,26.84,26.58,24.35,70607744.0,1813657216.0
2015-05-25,24.74,25.24,24.85,24.07,38563772.0,952942976.0
2015-05-22,25.82,26.19,25.00,24.62,43338044.0,1091814656.0
2015-05-21,25.32,25.88,25.59,24.89,49927028.0,1268742144.0
2015-05-20,24.66,26.03,25.32,24.34,52551672.0,1322089856.0
2015-05-19,24.70,24.81,24.65,23.82,41272228.0,1003392448.0
2015-05-18,24.14,25.03,24.72,24.01,30213654.0,744718464.0
2015-05-15,25.25,25.48,24.44,23.58,38976740.0,951067712.0
2015-05-14,26.01,27.20,25.21,24.94,44662620.0,1161795200.0
2015-05-13,25.43,27.71,26.04,25.09,57101552.0,1519175424.0
2015-05-12,22.88,25.57,25.57,22.60,67481304.0,1674375168.0
2015-05-11,22.92,23.94,23.25,21.62,61266940.0,1401241472.0
2015-05-08,20.15,21.94,21.94,20.15,53071576.0,1151395072.0
2015-05-07,19.20,20.75,19.95,19.20,56725408.0,1139376640.0
2015-05-06,19.35,19.74,19.06,18.90,28057696.0,544997056.0
2015-05-05,20.00,20.01,18.85,18.71,24605872.0,472664992.0
2015-05-04,19.32,20.13,20.00,19.32,26035960.0,517457536.0
2015-04-30,19.33,20.13,19.47,18.77,42848632.0,840309568.0
2015-04-29,17.91,18.93,18.73,17.75,25309794.0,469458336.0
2015-04-28,18.75,19.00,17.91,17.64,32246432.0,588633856.0
2015-04-27,19.05,19.61,19.05,18.61,31710136.0,606953088.0
2015-04-24,19.37,19.37,19.01,18.65,37811888.0,722206592.0
2015-04-23,19.31,20.14,19.55,18.98,46411236.0,907491328.0
2015-04-22,18.19,19.31,19.10,18.00,41220900.0,783761984.0
2015-04-21,17.29,18.65,18.30,17.29,37522088.0,684412224.0
2015-04-20,18.42,19.77,17.67,17.61,78549680.0,1470717568.0
2015-04-17,16.76,18.39,18.39,16.56,63498184.0,1124313088.0
2015-04-16,16.44,17.11,16.72,16.04,31498632.0,525205312.0
2015-04-15,16.73,17.36,16.71,16.40,50657168.0,857857856.0
2015-04-14,15.82,17.19,16.72,15.78,65050964.0,1090137856.0
2015-04-13,15.46,15.74,15.62,15.21,28588268.0,443933440.0
2015-04-10,15.23,15.64,15.45,15.14,24890016.0,383749248.0
2015-04-09,15.57,15.76,15.21,14.88,29731384.0,453245472.0
2015-04-08,16.26,16.35,15.74,15.57,36370144.0,578851712.0
2015-04-07,15.92,16.56,16.24,15.92,37145396.0,603640576.0
2015-04-03,15.63,16.05,15.91,15.55,42320840.0,672481600.0
2015-04-02,15.36,15.82,15.54,15.36,41497828.0,647596032.0
2015-04-01,15.07,15.41,15.20,14.96,30477162.0,464633312.0
2015-03-31,15.31,15.60,15.07,14.96,34373004.0,526681344.0
2015-03-30,15.33,15.41,15.22,14.94,34425568.0,522947584.0
2015-03-27,15.15,15.35,15.19,15.04,22333490.0,340525184.0
2015-03-26,15.16,15.40,15.15,14.86,26699600.0,402724768.0
2015-03-25,15.31,15.73,15.23,15.06,42967456.0,659884096.0
2015-03-24,14.94,16.06,15.63,14.48,68798864.0,1043932992.0
2015-03-23,14.76,15.06,14.96,14.65,43482128.0,647733376.0
2015-03-20,14.57,14.82,14.67,14.53,26518232.0,388973408.0
2015-03-19,14.93,14.96,14.67,14.46,37488396.0,550684416.0
2015-03-18,14.40,15.03,14.88,14.39,52368464.0,775830336.0
2015-03-17,14.44,14.46,14.33,14.04,39997444.0,570143680.0
2015-03-16,13.77,14.35,14.18,13.64,39627240.0,559223040.0
2015-03-13,13.51,13.83,13.65,13.48,21631344.0,296304544.0
2015-03-12,13.64,13.71,13.49,13.32,21856448.0,294977632.0
2015-03-11,13.96,14.24,13.60,13.49,30445380.0,421393376.0
2015-03-10,14.08,14.11,13.95,13.76,24020024.0,334668992.0
2015-03-09,13.69,14.15,14.07,13.57,26194786.0,364927488.0
2015-03-06,14.48,14.76,13.72,13.65,51129340.0,722051776.0
2015-03-05,15.11,15.43,14.49,14.49,53537572.0,795572992.0
2015-03-04,13.81,15.11,15.11,13.77,77468744.0,1143228032.0
2015-03-03,13.54,14.25,13.73,13.52,39350804.0,549959552.0
2015-03-02,13.51,14.04,13.66,13.33,35566068.0,490425216.0
2015-02-27,13.37,13.61,13.48,13.19,28808748.0,386871328.0
2015-02-26,12.65,13.84,13.46,12.59,46987392.0,627187840.0
2015-02-25,12.96,13.01,12.59,12.55,17567900.0,224323488.0
2015-02-17,13.15,13.27,12.94,12.85,21417268.0,279738400.0
2015-02-16,12.85,13.08,12.92,12.75,24851586.0,322667232.0
2015-02-13,12.39,13.00,12.80,12.39,27438012.0,350147936.0
2015-02-12,12.73,13.05,12.53,12.48,20789016.0,265100272.0
2015-02-11,12.12,12.56,12.39,12.08,16913822.0,209867776.0
2015-02-10,11.89,12.06,11.97,11.87,7224283.0,86667856.0
2015-02-09,11.75,12.10,11.89,11.69,7540990.0,90264320.0
2015-02-06,12.04,12.24,11.77,11.66,11609432.0,139049360.0
2015-02-05,12.28,12.41,12.15,12.13,13886092.0,170551264.0
2015-02-04,12.38,12.38,12.15,12.13,14445227.0,176886128.0
2015-02-03,12.46,12.66,12.38,12.13,21421088.0,263514640.0
2015-02-02,12.93,13.07,12.46,12.42,30480460.0,389693696.0
2015-01-30,12.42,12.80,12.67,12.42,24208166.0,307348256.0
2015-01-29,12.38,12.59,12.41,12.26,11798984.0,147087888.0
2015-01-28,12.57,12.81,12.47,12.38,25060900.0,316810656.0
2015-01-27,12.32,12.76,12.57,12.30,31937528.0,401797792.0
2015-01-26,12.18,12.33,12.28,12.11,12922998.0,158473744.0
2015-01-23,12.36,12.40,12.11,12.06,15709364.0,191990288.0
2015-01-22,12.24,12.38,12.32,12.15,16868888.0,207445936.0
2015-01-21,12.01,12.30,12.24,11.92,16972578.0,206431664.0
2015-01-20,11.81,12.03,12.01,11.61,19632522.0,232773104.0
2015-01-19,12.26,12.48,11.62,11.48,26694780.0,322568128.0
2015-01-16,12.50,12.81,12.73,12.39,19527148.0,246893008.0
2015-01-15,12.41,12.54,12.48,12.32,16142935.0,200980608.0
2015-01-14,12.45,12.56,12.37,12.29,13579289.0,169051152.0
2015-01-13,12.52,12.63,12.43,12.37,16941964.0,212150464.0
2015-01-12,12.40,12.62,12.54,12.28,16934392.0,210946496.0
2015-01-09,12.57,12.87,12.37,12.37,19738960.0,249697248.0
2015-01-08,12.77,13.06,12.70,12.62,20351736.0,261463184.0
2015-01-07,12.82,13.00,12.86,12.52,26525408.0,337380160.0
2015-01-06,13.37,13.96,12.92,12.87,46864624.0,619477440.0
2015-01-05,13.12,14.11,13.49,12.93,82749232.0,1115929472.0
2014-12-31,12.67,13.17,13.07,12.17,75950816.0,971316544.0
2014-12-30,11.99,12.83,12.67,11.98,58345448.0,732233920.0
2014-12-29,11.98,12.27,11.97,11.86,22739424.0,275668896.0
2014-12-26,12.02,12.09,11.98,11.89,24440278.0,293796800.0
2014-12-25,11.87,12.11,12.02,11.75,20574698.0,246388464.0
2014-12-24,12.23,12.33,11.84,11.75,25953132.0,311478752.0
2014-12-23,12.67,12.89,12.13,12.12,38924432.0,485297984.0
2014-12-22,12.52,13.17,12.90,12.13,70568752.0,892883776.0
2014-12-19,12.34,12.68,12.43,11.97,54662076.0,677428992.0
2014-12-18,11.64,12.40,12.34,11.64,53536940.0,644361344.0
2014-12-17,11.92,11.92,11.63,11.38,27057492.0,315696992.0
2014-12-16,11.67,11.95,11.92,11.67,42280556.0,502092448.0
2014-12-15,11.66,11.69,11.62,11.38,22099300.0,255465456.0
2014-12-12,11.63,11.79,11.70,11.51,29011792.0,339475040.0
2014-12-11,11.36,11.72,11.52,11.20,25193262.0,290113696.0
2014-12-10,11.00,11.39,11.36,11.00,19406732.0,218773744.0
2014-12-09,11.82,11.85,10.99,10.98,45784964.0,526928896.0
2014-12-08,11.71,12.07,11.81,11.69,40148416.0,476369952.0
2014-12-05,12.25,12.25,11.67,11.35,47487100.0,561780544.0
2014-12-04,12.16,12.40,12.29,12.03,52551280.0,644675712.0
2014-12-03,11.67,12.15,12.11,11.65,59509816.0,708197760.0
2014-12-02,11.57,11.61,11.58,11.42,27260260.0,315422560.0
2014-12-01,11.47,11.85,11.55,11.32,29316968.0,339939616.0
2014-11-28,11.59,11.72,11.46,11.34,27731724.0,320670688.0
2014-11-27,11.76,11.77,11.65,11.56,28658890.0,334147488.0
2014-11-26,11.92,11.98,11.73,11.65,27341332.0,322807264.0
2014-11-25,11.64,11.97,11.90,11.58,30999488.0,366781920.0
2014-11-24,11.47,11.73,11.63,11.31,31387028.0,364309696.0
2014-11-21,11.44,11.50,11.38,11.32,21242208.0,242817184.0
2014-11-20,11.42,11.42,11.31,11.23,17481114.0,198186224.0
2014-11-19,11.30,11.63,11.52,11.21,36352852.0,417496608.0
2014-11-18,11.16,11.31,11.17,11.11,13833784.0,155104192.0
2014-11-17,11.19,11.22,11.15,11.05,17960368.0,200768544.0
2014-11-14,11.17,11.30,11.12,11.07,11229703.0,125543112.0
2014-11-13,11.13,11.44,11.31,10.97,24661460.0,278856992.0
2014-11-12,10.99,11.18,11.15,10.90,14034042.0,155616144.0
2014-11-11,11.55,11.61,11.00,10.87,23628528.0,265477504.0
2014-11-10,11.37,11.62,11.53,11.37,15502614.0,178975408.0
2014-11-07,11.72,11.72,11.47,11.41,17089152.0,197882464.0
2014-11-06,11.55,11.67,11.67,11.37,14534776.0,168235744.0
2014-11-05,11.51,11.54,11.51,11.27,17617206.0,201336864.0
2014-11-04,11.84,11.86,11.52,11.42,22602090.0,262719904.0
2014-11-03,12.10,12.12,11.81,11.80,25434808.0,303301856.0
2014-10-31,12.05,12.31,12.09,11.90,25221008.0,305675648.0
2014-10-30,12.17,12.52,12.07,12.03,39996624.0,490720160.0
2014-10-29,11.87,12.09,12.03,11.75,37707652.0,451092320.0
2014-10-28,11.54,11.93,11.90,11.53,37952240.0,447185344.0
2014-10-27,11.58,11.79,11.55,11.52,8762229.0,102187200.0
2014-10-24,11.77,11.95,11.66,11.62,11546992.0,136367872.0
2014-10-23,11.73,11.93,11.77,11.58,13267421.0,155985792.0
2014-10-22,12.20,12.31,11.79,11.74,15990267.0,191814800.0
2014-10-21,12.22,12.45,12.20,12.12,15522911.0,191289280.0
2014-10-20,12.07,12.24,12.20,11.97,15472913.0,188209968.0
2014-10-17,12.14,12.34,11.97,11.97,18026864.0,219959440.0
2014-10-16,12.43,12.58,12.14,12.09,16636748.0,206150928.0
2014-10-15,12.75,12.83,12.50,12.38,20224272.0,253795056.0
2014-10-14,13.07,13.26,12.84,12.82,19597252.0,255800768.0
2014-10-13,12.81,12.88,12.84,12.54,14457103.0,184337488.0
2014-10-10,13.19,13.32,12.83,12.75,30499046.0,394555552.0
2014-10-09,13.61,13.74,13.44,13.26,36517404.0,492915520.0
2014-10-08,12.97,13.99,13.90,12.87,53048268.0,719251968.0
2014-09-30,12.17,12.73,12.72,11.97,34316644.0,427795232.0
2014-09-29,11.72,12.42,12.12,11.72,32131980.0,390503968.0
2014-09-26,11.04,11.47,11.37,10.95,17743442.0,201277184.0
2014-09-25,11.27,11.37,11.06,11.05,13594052.0,152623216.0
2014-09-24,11.00,11.36,11.26,11.00,16276283.0,183533888.0
2014-09-23,10.98,11.18,11.04,10.95,11665551.0,129020008.0
2014-09-22,11.27,11.43,11.03,10.99,12698371.0,141627168.0
2014-09-19,11.18,11.31,11.25,10.98,17938144.0,201019968.0
2014-09-18,10.73,11.44,11.27,10.65,34474352.0,385932448.0
2014-09-17,10.78,11.15,10.78,10.76,24292438.0,266038096.0
2014-09-16,10.72,11.18,10.77,10.66,38005368.0,416685536.0
2014-09-15,10.79,10.85,10.73,10.54,16184247.0,173085856.0
2014-09-12,10.79,10.86,10.78,10.63,18215966.0,196206544.0
2014-09-11,10.44,11.19,10.92,10.36,44520464.0,479273376.0
2014-09-10,10.22,10.40,10.35,10.17,12231084.0,126163672.0
2014-09-09,10.44,10.47,10.26,10.22,17020136.0,175548384.0
2014-09-05,10.41,10.55,10.44,10.29,13043144.0,136041808.0
2014-09-04,10.53,10.56,10.45,10.36,16838210.0,175779840.0
2014-09-03,10.33,10.79,10.55,10.27,19083664.0,201069344.0
2014-09-02,10.22,10.47,10.33,10.12,13162347.0,135614704.0
2014-09-01,10.21,10.31,10.22,10.14,9858722.0,100872960.0
2014-08-29,10.16,10.20,10.20,10.07,5273544.0,53691384.0
2014-08-28,10.07,10.17,10.11,10.03,5635383.0,57112340.0
2014-08-27,10.17,10.28,10.06,9.96,12146003.0,123182336.0
2014-08-26,10.44,10.58,10.20,10.18,10686828.0,111477608.0
2014-08-25,10.45,10.67,10.43,10.38,6316155.0,66664032.0
2014-08-22,10.42,10.55,10.45,10.33,6819688.0,71413672.0
2014-08-21,10.70,10.71,10.42,10.28,10861481.0,114174024.0
2014-08-20,10.84,10.89,10.71,10.62,9604028.0,103530776.0
2014-08-19,10.49,10.87,10.87,10.46,17744530.0,190311472.0
2014-08-18,10.46,10.56,10.50,10.40,7293494.0,76716080.0
2014-08-15,10.37,10.55,10.44,10.24,13916887.0,145024736.0
2014-08-14,10.46,10.49,10.26,10.25,9136880.0,94930056.0
2014-08-13,10.50,10.60,10.46,10.14,13424737.0,139689872.0
2014-08-12,10.42,10.72,10.49,10.40,11719662.0,124022440.0
2014-08-11,10.45,10.63,10.54,10.33,10325734.0,108887232.0
2014-08-08,10.40,10.71,10.45,10.36,12911191.0,136139712.0
2014-08-07,10.67,10.79,10.33,10.29,17375350.0,182988128.0
2014-08-06,10.57,11.05,10.68,10.49,21596444.0,234312080.0
2014-08-05,10.37,10.72,10.69,10.28,21816922.0,229142192.0
2014-08-04,10.23,10.76,10.52,10.13,48242944.0,509676576.0
2014-08-01,9.55,10.16,10.12,9.54,49561784.0,489121376.0
2014-07-31,9.50,9.56,9.50,9.40,8552413.0,81192184.0
2014-07-30,9.47,9.53,9.50,9.40,9324213.0,88639560.0
2014-07-29,9.53,9.53,9.48,9.40,11136192.0,105644520.0
2014-07-28,9.33,9.50,9.42,9.26,16539444.0,155933872.0
2014-07-25,9.35,9.36,9.31,9.17,7594216.0,70415376.0
2014-07-24,9.46,9.46,9.26,9.20,12893257.0,120460672.0
2014-07-23,9.14,9.38,9.28,9.00,13703012.0,126603152.0
2014-07-22,9.04,9.18,9.14,8.96,9174050.0,83522024.0
2014-07-21,9.09,9.12,9.03,9.02,4466277.0,40557020.0
2014-07-18,9.09,9.19,9.11,9.08,4740313.0,43376208.0
2014-07-17,9.26,9.26,9.12,9.07,6883314.0,62957856.0
2014-07-16,9.42,9.42,9.28,9.22,6818504.0,63552792.0
2014-07-15,9.38,9.44,9.41,9.28,8265811.0,77509208.0
2014-07-14,9.14,9.42,9.40,9.09,10523787.0,97941048.0
2014-07-11,9.16,9.23,9.14,9.12,5311961.0,48873332.0
2014-07-10,9.06,9.23,9.16,9.02,8120946.0,74242832.0
2014-07-09,9.16,9.20,9.07,9.06,5934289.0,54254776.0
2014-07-08,9.04,9.20,9.16,8.99,5978648.0,54687864.0
2014-07-07,9.14,9.21,9.04,9.02,6014690.0,54708236.0
2014-07-04,9.14,9.27,9.18,9.08,8192404.0,75303024.0
2014-07-03,9.09,9.17,9.13,9.00,6817707.0,62225144.0
2014-07-02,9.21,9.22,9.09,8.96,10934938.0,99521632.0
2014-07-01,9.25,9.26,9.21,9.15,6846827.0,63039688.0
2014-06-30,9.40,9.40,9.21,9.16,8749779.0,81216840.0
2014-06-27,9.40,9.47,9.32,9.26,14077372.0,131422392.0
2014-06-26,9.43,9.48,9.41,9.30,7974499.0,74882168.0
2014-06-25,9.20,9.48,9.46,9.11,15832810.0,147866992.0
2014-06-24,9.34,9.38,9.23,9.10,14856771.0,139040416.0
2014-06-23,9.18,9.36,9.30,9.13,5265642.0,49144216.0
2014-06-20,9.05,9.37,9.18,8.88,6572774.0,60632668.0
2014-06-19,9.28,9.32,9.05,8.96,6344794.0,58191380.0
2014-06-18,9.38,9.43,9.28,9.27,5110201.0,48155580.0
2014-06-17,9.44,9.44,9.39,9.29,5061220.0,47718112.0
2014-06-16,9.40,9.57,9.44,9.37,11050893.0,105200216.0
2014-06-13,9.39,9.52,9.43,9.36,8666852.0,82443712.0
2014-06-12,9.63,9.67,9.42,9.39,11527798.0,110619808.0
2014-06-11,9.51,9.97,9.61,9.45,29037440.0,285087104.0
2014-06-10,9.43,9.50,9.43,9.31,5117581.0,48502532.0
2014-06-09,9.43,9.54,9.38,9.36,6060273.0,57702468.0
2014-06-06,9.52,9.57,9.43,9.30,3819518.0,36381544.0
2014-06-05,9.35,9.52,9.51,9.35,8734514.0,83223688.0
2014-06-04,9.42,9.57,9.38,9.31,4645621.0,43910300.0
2014-06-03,9.59,9.73,9.41,9.40,5429507.0,52190244.0
2014-05-30,9.36,9.75,9.59,9.20,8384727.0,79946536.0
2014-05-29,9.62,9.64,9.26,9.26,5704151.0,54242124.0
2014-05-28,9.48,9.67,9.57,9.43,8084264.0,78078504.0
2014-05-27,9.70,9.70,9.48,9.38,6452542.0,62157772.0
2014-05-26,9.90,9.90,9.64,9.58,6499013.0,63460644.0
2014-05-23,9.70,9.85,9.72,9.64,4546455.0,44674872.0
2014-05-22,9.70,10.02,9.70,9.68,6555845.0,64952328.0
2014-05-21,9.77,9.87,9.75,9.51,4961085.0,48651508.0
2014-05-20,9.77,10.02,9.79,9.63,10146714.0,100604600.0
2014-05-19,9.21,10.04,9.77,9.13,18517444.0,179412928.0
2014-05-16,9.39,9.39,9.13,9.02,7023057.0,64779200.0
2014-05-15,9.52,9.59,9.39,9.34,8178957.0,77990336.0
2014-05-14,9.44,9.61,9.37,9.33,10920799.0,104268280.0
2014-05-13,9.43,9.56,9.48,9.28,11737724.0,111419160.0
2014-05-12,9.84,9.94,9.55,8.89,28851768.0,272697664.0
2014-05-09,10.31,10.32,9.78,9.65,35711864.0,355758528.0
2014-05-08,10.72,10.86,10.32,10.25,49803152.0,533674208.0
2014-05-07,10.78,11.21,10.80,10.74,36595636.0,402282048.0
2014-05-06,10.81,11.00,10.95,10.57,35182364.0,383839232.0
2014-05-05,9.92,11.34,10.81,9.92,62386344.0,673255360.0
2014-04-24,9.91,11.08,10.87,9.83,30739360.0,332458848.0
2014-04-23,9.95,10.27,10.07,9.84,7273049.0,73954656.0
2014-04-22,10.17,10.32,10.08,9.68,17214678.0,171468944.0
2014-04-21,10.47,10.52,10.17,10.17,16230056.0,169533104.0
2014-04-18,10.57,10.78,10.68,10.37,37490672.0,401050176.0
2014-04-17,10.32,10.70,10.70,10.15,30571748.0,323403648.0
2014-04-16,10.42,10.67,10.17,10.17,16169617.0,169936672.0
2014-04-15,9.77,10.58,10.47,9.77,33580376.0,345229888.0
2014-04-14,9.85,10.00,9.76,9.65,14535182.0,143567024.0
2014-04-11,9.85,9.99,9.92,9.76,15196953.0,150975264.0
2014-04-10,10.07,10.42,10.02,9.83,27268664.0,278586848.0
2014-04-09,9.60,10.18,10.09,9.60,27049598.0,272282752.0
2014-04-08,9.31,9.77,9.60,9.31,19429896.0,188414320.0
2014-04-04,9.04,9.38,9.33,8.99,11844758.0,109249808.0
2014-04-03,9.33,9.48,9.08,9.02,22389722.0,208277712.0
2014-04-02,8.82,9.39,9.33,8.82,27805762.0,256590560.0
2014-04-01,8.93,9.03,8.89,8.76,19071480.0,171419568.0
2014-03-31,8.92,9.16,8.92,8.73,20619500.0,185801808.0
2014-03-28,8.81,9.08,8.87,8.73,31624078.0,285143072.0
2014-03-27,8.61,8.87,8.61,8.58,14118911.0,124389856.0
2014-03-26,8.73,8.83,8.58,8.53,20438794.0,178652848.0
2014-03-25,8.70,8.95,8.83,8.65,41122980.0,366022752.0
2014-03-24,8.18,8.93,8.83,8.18,52940512.0,459467104.0
2014-03-21,7.79,8.22,8.17,7.79,23833600.0,193271712.0
2014-03-20,7.61,7.97,7.77,7.60,20739458.0,164086624.0
2014-03-19,7.65,7.71,7.57,7.50,6555762.0,50062812.0
2014-03-18,7.67,7.80,7.70,7.64,6986513.0,54311848.0
2014-03-17,7.62,7.71,7.66,7.52,7043554.0,54115400.0
2014-03-14,7.57,7.62,7.51,7.40,7377578.0,55695452.0
2014-03-13,7.61,7.77,7.56,7.53,7207972.0,55535152.0
2014-03-12,7.57,7.78,7.64,7.50,8959618.0,69122024.0
2014-03-11,7.45,7.67,7.65,7.45,18938790.0,144961824.0
2014-03-10,7.76,7.82,7.44,7.42,9083759.0,69822552.0
2014-03-07,7.87,8.04,7.85,7.81,8076679.0,64286740.0
2014-03-06,7.81,8.03,7.94,7.77,12656500.0,101015648.0
2014-03-05,7.85,7.92,7.80,7.78,8048559.0,63733652.0
2014-03-04,7.82,7.90,7.85,7.72,7720879.0,60832096.0
2014-03-03,7.63,7.91,7.86,7.62,14670073.0,115584648.0
2014-02-28,7.60,7.70,7.62,7.38,12539575.0,95511720.0
2014-02-27,7.72,7.84,7.63,7.59,10374495.0,80733128.0
2014-02-26,7.73,7.76,7.72,7.50,12714535.0,98225352.0
2014-02-25,8.18,8.26,7.79,7.79,14357541.0,116599104.0
2014-02-24,8.19,8.26,8.19,7.99,11488018.0,94151208.0
2014-02-21,8.32,8.36,8.25,8.19,7134268.0,59478136.0
2014-02-20,8.33,8.46,8.33,8.16,18376834.0,154471344.0
2014-02-19,8.43,8.44,8.31,8.26,13656180.0,114734240.0
2014-02-18,8.41,8.57,8.44,8.38,16300874.0,139192128.0
2014-02-17,8.37,8.47,8.39,8.30,13609597.0,115086888.0
2014-02-14,8.30,8.37,8.36,8.17,11706479.0,97660096.0
2014-02-13,8.72,8.72,8.31,8.30,35869608.0,306703168.0
2014-02-12,8.65,8.75,8.73,8.55,20057868.0,175186304.0
2014-02-11,8.71,8.81,8.65,8.62,21324076.0,186830736.0
2014-02-10,8.49,8.93,8.71,8.36,37374180.0,324863584.0
2014-02-07,8.11,8.56,8.48,8.09,14627769.0,123740608.0
2014-01-30,8.13,8.21,8.10,8.06,5576987.0,45617100.0
2014-01-29,8.08,8.23,8.13,8.07,8082622.0,66368064.0
2014-01-28,8.26,8.28,8.07,7.98,13071930.0,106572592.0
2014-01-27,8.24,8.43,8.26,8.19,24096056.0,202305392.0
2014-01-24,8.02,8.46,8.33,8.02,18073822.0,151866544.0
2014-01-23,8.04,8.15,8.07,7.92,22636304.0,184057408.0
2014-01-22,7.83,8.11,8.08,7.71,18055196.0,144203200.0
2014-01-21,7.78,7.90,7.83,7.74,5271431.0,41448856.0
2014-01-20,7.85,7.95,7.80,7.76,3921093.0,31024008.0
2014-01-17,7.85,7.90,7.81,7.68,12842967.0,100694368.0
2014-01-16,7.75,7.96,7.90,7.75,5836084.0,46201212.0
2014-01-15,7.90,7.94,7.77,7.74,5747460.0,45174996.0
2014-01-14,7.84,7.97,7.89,7.84,3601079.0,28731448.0
2014-01-13,7.96,7.96,7.84,7.81,3558367.0,28226298.0
2014-01-10,7.89,7.99,7.94,7.64,11571273.0,91086024.0
2014-01-09,7.85,8.02,7.90,7.85,18694444.0,149819808.0
2014-01-08,7.94,8.07,7.94,7.90,8063659.0,64813888.0
2014-01-07,7.78,8.03,7.95,7.76,4645268.0,37087792.0
2014-01-06,8.21,8.21,7.88,7.83,9689451.0,77529288.0
2014-01-03,8.19,8.35,8.21,8.16,10203639.0,85011960.0
2014-01-02,8.30,8.30,8.24,8.17,8489491.0,70431528.0
2013-12-31,8.16,8.40,8.35,8.12,26505414.0,221857856.0
2013-12-30,7.93,8.31,8.24,7.89,23304408.0,191170528.0
2013-12-27,7.82,7.98,7.90,7.75,9879033.0,78868768.0
2013-12-26,7.84,7.93,7.77,7.69,8635428.0,67802432.0
2013-12-25,7.97,8.05,7.90,7.84,9446890.0,75377968.0
2013-12-24,7.95,8.11,7.94,7.85,10023487.0,80358336.0
2013-12-23,7.98,8.02,7.95,7.75,7566082.0,60415240.0
2013-12-20,7.94,7.99,7.96,7.75,9455604.0,74894728.0
2013-12-19,8.02,8.06,7.94,7.90,6891536.0,55244680.0
2013-12-18,8.04,8.13,7.97,7.89,6340199.0,50993636.0
2013-12-17,8.17,8.24,8.00,7.84,16686621.0,134889488.0
2013-12-16,8.31,8.48,8.21,8.19,13270117.0,111194128.0
2013-12-13,8.36,8.45,8.29,8.25,12259781.0,102983592.0
2013-12-12,8.48,8.55,8.42,8.41,12681172.0,108053728.0
2013-12-11,8.38,8.59,8.48,8.38,20674850.0,176816544.0
2013-12-10,8.21,8.71,8.53,8.16,41175848.0,350449952.0
2013-12-09,8.32,8.48,8.22,8.12,29381956.0,244271792.0
2013-12-06,8.33,8.39,8.29,8.22,8479934.0,71017880.0
2013-12-05,8.40,8.49,8.33,8.30,19556906.0,165237216.0
2013-12-04,8.23,8.49,8.35,8.23,13417404.0,113777592.0
2013-12-03,7.96,8.31,8.22,7.92,12592254.0,104122256.0
2013-12-02,8.43,8.43,7.97,7.96,29019070.0,239674944.0
2013-11-29,8.48,8.70,8.43,8.37,19075260.0,163581472.0
2013-11-28,8.37,8.48,8.43,8.32,19855188.0,168455808.0
2013-11-27,8.31,8.48,8.40,8.24,24953446.0,210038912.0
2013-11-26,7.84,8.59,8.42,7.84,53540232.0,444457824.0
2013-11-25,7.76,8.03,7.89,7.69,23094450.0,183230528.0
2013-11-22,7.89,7.89,7.74,7.72,20579352.0,161911536.0
2013-11-21,7.73,7.93,7.87,7.55,29235512.0,228089040.0
2013-11-20,8.00,8.02,7.73,7.67,44936964.0,351961152.0
2013-11-19,7.91,8.04,7.96,7.89,25656508.0,205877872.0
2013-11-18,7.96,8.02,7.98,7.80,36357712.0,289214528.0
2013-11-15,7.61,8.01,7.80,7.61,34825760.0,276210336.0
2013-11-14,7.59,7.87,7.67,7.47,26771344.0,207591712.0
2013-11-13,7.79,7.91,7.59,7.47,37902088.0,294255392.0
2013-11-12,8.04,8.04,7.80,7.71,40023692.0,315983680.0
2013-11-11,8.30,8.36,8.15,7.75,26030448.0,210643568.0
2013-11-08,8.18,8.34,8.24,8.06,12416809.0,102528336.0
2013-11-07,8.31,8.46,8.18,8.17,16562786.0,138415312.0
2013-11-06,8.51,8.79,8.41,8.35,33639644.0,290332768.0
2013-11-05,9.07,9.07,8.59,8.14,43186936.0,373368192.0
2013-11-01,8.71,9.08,8.70,8.55,22526274.0,199697136.0
2013-10-31,8.82,8.88,8.71,8.45,24142988.0,211699312.0
2013-10-30,8.61,8.82,8.73,8.53,20442848.0,179387920.0
2013-10-29,8.87,8.96,8.60,8.14,27808180.0,239586000.0
2013-10-28,8.57,9.11,8.87,8.50,30681202.0,273188384.0
2013-10-25,8.67,8.78,8.48,8.16,30042382.0,255671584.0
2013-10-24,8.61,8.95,8.67,8.53,30802290.0,271392800.0
2013-10-23,9.23,9.35,8.59,8.43,44070816.0,393077824.0
2013-10-22,9.54,9.80,9.26,9.23,46844304.0,446654368.0
2013-10-21,9.02,9.79,9.53,8.89,48180024.0,453994944.0
2013-10-18,8.98,9.52,9.00,8.93,54994348.0,511203776.0
2013-10-17,8.65,9.43,9.28,8.37,88454224.0,806917056.0
2013-10-16,9.01,9.02,8.57,8.33,50051016.0,435690432.0
2013-10-15,9.13,9.25,9.04,8.87,50655764.0,460453920.0
2013-10-14,8.74,9.29,9.12,8.63,65669248.0,593121408.0
2013-10-11,8.38,8.98,8.69,8.32,89949952.0,785670784.0
2013-10-10,7.43,8.17,8.17,7.42,59819196.0,481742944.0
2013-10-09,7.46,7.57,7.42,7.38,18029624.0,135416144.0
2013-10-08,7.24,7.55,7.46,7.24,20409030.0,152715840.0
2013-09-30,7.44,7.58,7.30,7.29,20050336.0,149674256.0
2013-09-27,7.48,7.83,7.42,7.34,24392736.0,186949408.0
2013-09-26,7.60,7.71,7.49,7.47,23646372.0,180886480.0
2013-09-25,7.33,7.76,7.63,7.23,34562712.0,260959744.0
2013-09-24,7.46,7.64,7.40,7.37,17965960.0,135519200.0
2013-09-23,7.35,7.54,7.47,7.26,24656976.0,184933440.0
2013-09-18,7.23,7.42,7.34,7.05,19373538.0,142113280.0
2013-09-17,7.35,7.59,7.18,7.18,25716404.0,191325920.0
2013-09-16,7.32,7.56,7.38,7.19,35166444.0,260953024.0
2013-09-13,6.98,7.52,7.40,6.92,59246060.0,427568544.0
2013-09-12,6.90,7.00,6.95,6.83,31599750.0,220990288.0
2013-09-11,6.78,7.07,6.91,6.64,38768160.0,269180448.0
2013-09-10,6.74,6.83,6.78,6.69,14612144.0,99649264.0
2013-09-09,6.68,6.77,6.72,6.62,12953407.0,87424304.0
2013-09-06,6.89,6.91,6.65,6.63,25933292.0,175123600.0
2013-09-05,6.91,7.00,6.87,6.78,18207724.0,126339048.0
2013-09-04,6.86,7.00,6.84,6.81,16310826.0,113146984.0
2013-09-03,6.74,7.00,6.94,6.65,30273494.0,210168080.0
2013-09-02,6.46,6.81,6.65,6.39,22669104.0,150510112.0
2013-08-30,6.68,6.78,6.45,6.45,12621711.0,84372320.0
2013-08-29,6.89,6.95,6.73,6.63,14401061.0,98069344.0
2013-08-28,6.88,7.08,6.93,6.86,15990317.0,112440488.0
2013-08-27,6.94,6.95,6.88,6.86,8520623.0,59185704.0
2013-08-26,6.86,6.93,6.90,6.80,13446484.0,93131000.0
2013-08-23,6.97,7.00,6.86,6.71,15429071.0,106261816.0
2013-08-22,7.04,7.09,6.92,6.84,18898826.0,132360688.0
2013-08-21,7.09,7.14,7.00,6.91,12408395.0,87919792.0
2013-08-20,6.97,7.22,6.99,6.97,26242360.0,187395904.0
2013-08-19,6.93,7.02,6.99,6.80,14956113.0,104507904.0
2013-08-16,6.90,7.17,6.89,6.80,35643236.0,250094912.0
2013-08-15,7.05,7.16,6.87,6.81,18898744.0,131910368.0
2013-08-14,7.12,7.34,7.08,7.04,15054933.0,108726648.0
2013-08-13,7.08,7.24,7.09,7.03,20280620.0,145832848.0
2013-08-12,7.00,7.27,7.14,6.88,28974132.0,207803408.0
2013-08-09,6.94,7.14,6.84,6.79,22795656.0,159378464.0
2013-08-08,6.75,6.79,6.75,6.67,14780119.0,100223824.0
2013-08-07,6.75,6.83,6.76,6.65,21617784.0,146814080.0
2013-08-06,6.57,6.81,6.73,6.55,26545656.0,179642768.0
2013-08-05,6.54,6.66,6.61,6.49,23812336.0,157898640.0
2013-08-02,6.37,6.67,6.56,6.33,29938444.0,196170304.0
2013-08-01,6.32,6.37,6.33,6.24,11210168.0,71239424.0
2013-07-31,6.25,6.38,6.25,6.22,9511338.0,60432548.0
2013-07-30,6.20,6.35,6.20,6.11,8130956.0,51072836.0
2013-07-29,6.44,6.44,6.20,6.20,8669981.0,54990244.0
2013-07-26,6.27,6.53,6.43,6.20,11483760.0,73741664.0
2013-07-25,6.48,6.53,6.29,6.22,15800912.0,101476616.0
2013-07-24,6.65,6.67,6.49,6.36,23580208.0,154260720.0
2013-07-23,6.49,6.76,6.70,6.46,16852440.0,112864640.0
2013-07-22,6.34,6.53,6.49,6.24,14064365.0,90873960.0
2013-07-19,6.69,6.85,6.39,6.38,21491956.0,143559120.0
2013-07-18,6.89,6.92,6.69,6.65,22612900.0,153870608.0
2013-07-17,6.86,7.06,6.97,6.76,36026240.0,251217040.0
2013-07-16,6.54,6.90,6.85,6.44,32882466.0,221939936.0
2013-07-15,6.60,6.79,6.57,6.49,21851570.0,145479280.0
2013-07-12,6.49,6.88,6.55,6.49,24727572.0,166492320.0
2013-07-11,6.43,6.67,6.55,6.30,32883688.0,215173248.0
2013-07-10,6.22,6.54,6.47,6.16,22395584.0,145076640.0
2013-07-09,6.05,6.32,6.22,6.02,14865719.0,92454488.0
2013-07-08,6.15,6.27,6.04,5.96,12544320.0,77118160.0
2013-07-05,6.36,6.43,6.32,6.15,14744513.0,93843968.0
2013-07-04,6.23,6.60,6.36,6.20,22874280.0,147703728.0
2013-07-03,5.98,6.33,6.31,5.79,24347342.0,148820640.0
2013-07-02,5.99,6.07,6.00,5.87,14899112.0,89814848.0
2013-07-01,5.90,6.00,5.95,5.76,12874616.0,76094584.0
2013-06-28,5.94,6.14,5.96,5.70,28059592.0,167780688.0
2013-06-27,6.19,6.22,5.94,5.90,17131008.0,105101960.0
2013-06-26,6.28,6.32,6.15,5.94,20170540.0,124127120.0
2013-06-25,6.30,6.47,6.17,5.66,38314360.0,240486816.0
2013-06-24,6.18,6.41,6.29,5.93,26972548.0,170903296.0
2013-06-21,6.20,6.45,6.23,6.03,14115431.0,89514024.0
2013-06-20,6.78,6.78,6.31,6.18,14225041.0,93717264.0
2013-06-19,6.67,6.87,6.74,6.55,11389253.0,77036448.0
2013-06-18,6.66,6.82,6.74,6.40,17047528.0,114846304.0
2013-06-17,6.73,6.83,6.60,6.55,12622070.0,85878920.0
2013-06-14,6.63,7.00,6.74,6.50,16866580.0,115076336.0
2013-06-13,6.93,6.93,6.63,6.42,18206764.0,123273216.0
2013-06-07,7.26,7.46,7.13,7.04,19219218.0,140641280.0
2013-06-06,7.18,7.70,7.29,7.09,42373364.0,320705184.0
2013-06-05,7.20,7.23,7.14,7.13,7238388.0,52770648.0
2013-06-04,7.15,7.25,7.21,6.97,13764612.0,99360992.0
2013-06-03,7.20,7.35,7.19,7.12,16644503.0,122388440.0
2013-05-31,7.57,7.62,7.19,7.17,20406974.0,153174416.0
2013-05-30,7.49,7.60,7.55,7.38,19074228.0,145102816.0
2013-05-29,7.54,7.81,7.62,7.27,37479388.0,285094976.0
2013-05-28,7.73,8.04,7.60,7.39,67162120.0,529531072.0
2013-05-27,7.20,7.52,7.31,7.01,43417216.0,321939904.0
2013-05-24,6.70,7.17,7.06,6.69,40272224.0,284415648.0
2013-05-23,6.71,6.86,6.70,6.64,27977324.0,191665616.0
2013-05-22,6.32,6.94,6.84,6.25,53096892.0,363111616.0
2013-05-21,6.25,6.39,6.31,6.22,14704038.0,94114904.0
2013-05-20,6.28,6.53,6.25,6.20,22023556.0,141636784.0
2013-05-17,6.19,6.45,6.29,6.13,38731596.0,248686912.0
2013-05-16,5.90,6.25,6.20,5.88,36534260.0,227180032.0
2013-05-15,5.89,6.00,5.91,5.86,12687908.0,76389848.0
2013-05-14,5.89,5.94,5.91,5.72,13124882.0,78636952.0
2013-05-13,5.87,6.04,5.93,5.82,20260720.0,122433568.0
2013-05-10,5.62,5.95,5.85,5.50,20534444.0,121785416.0
2013-05-09,5.56,5.68,5.62,5.50,11143979.0,63390496.0
2013-05-08,5.51,5.62,5.57,5.46,15771457.0,89059792.0
2013-05-07,5.42,5.46,5.44,5.38,5959015.0,32851568.0
2013-05-06,5.40,5.48,5.45,5.38,6903249.0,38006744.0
2013-05-03,5.31,5.47,5.39,5.31,5395620.0,29677626.0
2013-05-02,5.30,5.41,5.32,5.29,4399965.0,23817822.0
2013-04-26,5.49,5.51,5.36,5.35,3831680.0,21047162.0
2013-04-25,5.39,5.56,5.44,5.34,11600425.0,64781004.0
2013-04-24,5.23,5.45,5.37,5.23,7041328.0,38300508.0
2013-04-23,5.50,5.50,5.22,5.21,8227570.0,44572524.0
2013-04-22,5.46,5.53,5.50,5.41,4914172.0,27371526.0
2013-04-19,5.43,5.57,5.53,5.41,7782034.0,43656872.0
2013-04-18,5.32,5.49,5.43,5.31,6682596.0,36970044.0
2013-04-17,5.30,5.41,5.35,5.27,4648225.0,25208636.0
2013-04-16,5.22,5.36,5.34,5.07,8047628.0,42691772.0
2013-04-15,5.42,5.42,5.22,5.02,14343997.0,75777016.0
2013-04-12,5.37,5.48,5.43,5.37,9133095.0,50522952.0
2013-04-11,5.49,5.49,5.39,5.37,4426126.0,24373512.0
2013-04-10,5.41,5.51,5.45,5.40,5920611.0,32731064.0
2013-04-09,5.47,5.51,5.45,5.35,11634077.0,64415268.0
2013-04-08,5.63,5.64,5.47,5.32,22694596.0,126091296.0
2013-04-03,5.71,5.78,5.77,5.68,17242364.0,100653264.0
2013-04-02,5.71,5.79,5.68,5.64,10592453.0,61300236.0
2013-04-01,5.56,5.75,5.72,5.48,22799058.0,131838504.0
2013-03-29,5.43,5.55,5.55,5.38,17824528.0,99786168.0
2013-03-28,5.32,5.46,5.42,5.27,12810409.0,69870680.0
2013-03-27,5.43,5.48,5.41,5.37,8259199.0,45555440.0
2013-03-26,5.37,5.47,5.47,5.26,16544458.0,89949008.0
2013-03-25,5.41,5.45,5.39,5.35,8026612.0,43939564.0
2013-03-22,5.48,5.52,5.39,5.35,11063499.0,60867652.0
2013-03-21,5.46,5.57,5.47,5.45,12044007.0,67404472.0
2013-03-20,5.31,5.46,5.45,5.31,11692854.0,64297784.0
2013-03-19,5.36,5.36,5.32,5.25,5908456.0,31894982.0
2013-03-18,5.31,5.41,5.30,5.29,6967187.0,37821960.0
2013-03-15,5.39,5.46,5.33,5.30,9960512.0,54471496.0
2013-03-14,5.29,5.39,5.34,5.25,10857708.0,58933140.0
2013-03-13,5.51,5.52,5.32,5.25,18793180.0,102015792.0
2013-03-12,5.77,5.82,5.55,5.41,20963674.0,119812384.0
2013-03-11,5.81,5.87,5.81,5.76,8108752.0,47829244.0
2013-03-08,5.82,5.93,5.83,5.76,11550283.0,68616080.0
2013-03-07,5.91,5.93,5.81,5.78,20968594.0,124709656.0
2013-03-06,5.81,5.93,5.91,5.70,30524532.0,180157184.0
2013-03-05,5.80,5.89,5.79,5.69,19703436.0,115789248.0
2013-03-04,5.86,6.06,5.79,5.75,27533208.0,165411968.0
2013-03-01,5.88,5.91,5.85,5.79,13135500.0,78024040.0
2013-02-28,5.77,5.88,5.86,5.76,13672258.0,81187160.0
2013-02-27,5.79,5.88,5.76,5.70,11828894.0,69365744.0
2013-02-26,5.97,5.97,5.79,5.78,17293448.0,103422952.0
2013-02-25,5.93,6.01,5.97,5.93,10406228.0,63069424.0
2013-02-22,5.92,6.00,5.93,5.89,12392949.0,74690800.0
2013-02-21,6.03,6.07,5.92,5.84,20424046.0,123338856.0
2013-02-20,6.00,6.11,6.09,6.00,16404421.0,100954448.0
2013-02-19,6.25,6.27,6.07,6.02,21471192.0,133062608.0
2013-02-18,6.20,6.46,6.23,6.19,29410810.0,188612256.0
2013-02-08,6.14,6.28,6.16,6.07,24176596.0,151816096.0
2013-02-07,5.95,6.22,6.19,5.92,40281608.0,250352544.0
2013-02-06,6.02,6.02,5.94,5.93,13829342.0,83726224.0
2013-02-05,5.93,6.10,5.99,5.85,24152138.0,147093600.0
2013-02-04,6.15,6.15,5.93,5.90,31459792.0,190902512.0
2013-02-01,6.16,6.26,6.09,6.04,42723040.0,267203296.0
2013-01-31,6.22,6.23,6.11,6.04,41299576.0,256464496.0
2013-01-30,5.91,6.22,6.21,5.91,55977104.0,344683104.0
2013-01-29,6.00,6.08,5.90,5.89,25951998.0,157071920.0
2013-01-28,5.82,5.99,5.91,5.72,23641356.0,140407632.0
2013-01-25,5.71,5.82,5.81,5.49,34145752.0,195893040.0
2013-01-24,5.91,5.98,5.71,5.65,35702708.0,210979792.0
2013-01-23,5.99,5.99,5.91,5.84,23059674.0,138442720.0
2013-01-22,6.09,6.10,6.03,5.88,41138444.0,249998336.0
2013-01-21,6.14,6.21,6.11,6.01,35240356.0,219382784.0
2013-01-18,5.91,6.12,6.07,5.91,38703968.0,238049616.0
2013-01-17,5.99,6.01,5.89,5.88,25064980.0,150848592.0
2013-01-16,6.11,6.19,6.01,5.81,49658984.0,303369376.0
2013-01-15,5.77,6.09,6.02,5.72,74254896.0,448031360.0
2013-01-14,5.50,5.84,5.76,5.40,59902112.0,342845536.0
2013-01-11,5.55,5.67,5.59,5.37,62452984.0,350119104.0
2013-01-04,5.68,5.75,5.68,5.54,35882436.0,205699504.0
2012-12-31,5.73,5.81,5.61,5.51,42289448.0,243258992.0
2012-12-28,5.74,5.79,5.73,5.60,42000960.0,243000288.0
2012-12-27,6.18,6.33,5.86,5.84,64249836.0,394294912.0
2012-12-26,5.82,5.95,5.90,5.72,34172956.0,202972592.0
2012-12-25,5.70,5.86,5.82,5.63,41968888.0,245578048.0
2012-12-24,5.79,5.81,5.70,5.57,30373918.0,175661616.0
2012-12-21,5.92,6.19,5.81,5.77,61850620.0,377583552.0
2012-12-20,5.65,5.89,5.88,5.60,39795468.0,230861568.0
2012-12-19,5.68,5.69,5.58,5.53,21303444.0,121130432.0
2012-12-18,5.61,5.79,5.64,5.53,48305352.0,278388832.0
2012-12-17,5.53,5.91,5.61,5.52,70415944.0,407022560.0
2012-12-14,5.01,5.45,5.45,5.01,55153320.0,300037600.0
2012-12-13,5.11,5.11,4.96,4.96,12410941.0,63266148.0
2012-12-12,5.12,5.19,5.11,5.02,18405724.0,95041536.0
2012-12-11,5.14,5.29,5.20,4.98,50477564.0,265478384.0
2012-12-10,4.69,5.06,5.06,4.66,33287996.0,166427472.0
2012-12-07,4.43,4.71,4.60,4.43,17342394.0,81169552.0
2012-12-06,4.45,4.51,4.44,4.41,5668474.0,25577898.0
2012-12-05,4.25,4.49,4.46,4.21,11904357.0,52935860.0
2012-12-04,4.29,4.31,4.25,4.04,6707023.0,28465424.0
2012-12-03,4.37,4.41,4.29,4.28,5276441.0,23272290.0
2012-11-30,4.39,4.44,4.37,4.33,6865111.0,30570282.0
2012-11-29,4.38,4.43,4.36,4.34,4906852.0,21860716.0
2012-11-28,4.45,4.51,4.37,4.33,5738871.0,25781286.0
2012-11-27,4.58,4.60,4.45,4.43,8930193.0,40875804.0
2012-11-26,4.64,4.66,4.59,4.59,4676898.0,21900272.0
2012-11-23,4.72,4.72,4.67,4.58,15646229.0,73591880.0
2012-11-22,4.60,4.73,4.69,4.58,9528164.0,45222732.0
2012-11-21,4.58,4.64,4.64,4.50,8494926.0,39323880.0
2012-11-20,4.67,4.72,4.58,4.57,8337870.0,39321760.0
2012-11-19,4.63,4.73,4.67,4.60,5485557.0,26007904.0
2012-11-16,4.82,4.90,4.66,4.58,14285457.0,68382568.0
2012-11-15,4.95,4.95,4.92,4.85,5103156.0,25378636.0
2012-11-14,4.92,4.99,4.95,4.88,6172616.0,30920312.0
2012-11-13,5.08,5.08,4.93,4.87,9930078.0,49913276.0
2012-11-12,5.06,5.10,5.09,5.02,4015643.0,20652524.0
2012-11-09,5.10,5.18,5.06,5.03,6007257.0,31058774.0
2012-11-08,5.25,5.25,5.14,5.08,6234943.0,32585240.0
2012-11-07,5.31,5.31,5.28,5.19,14395379.0,76584696.0
2012-11-06,5.23,5.33,5.30,5.18,15689509.0,83885752.0
2012-11-05,5.24,5.27,5.23,5.17,7237196.0,38345248.0
2012-11-02,5.24,5.27,5.25,5.15,7627575.0,40381416.0
2012-11-01,5.00,5.27,5.26,4.99,13650624.0,71021280.0
2012-10-31,5.05,5.06,5.01,4.91,11275869.0,57193600.0
2012-10-30,5.18,5.21,5.03,5.00,9586690.0,49775684.0
2012-10-29,5.34,5.34,5.18,5.10,7201478.0,38178392.0
2012-10-26,5.51,5.53,5.31,5.30,9054868.0,49343152.0
2012-10-25,5.59,5.64,5.50,5.44,6650112.0,37493308.0
2012-10-24,5.62,5.64,5.61,5.57,3633588.0,20698578.0
2012-10-23,5.69,5.70,5.61,5.59,5358225.0,30652392.0
2012-10-22,5.53,5.69,5.67,5.53,6257507.0,35757032.0
2012-10-19,5.57,5.64,5.58,5.57,3351754.0,19044118.0
2012-10-18,5.50,5.64,5.60,5.48,10330201.0,58502068.0
2012-10-17,5.51,5.53,5.49,5.35,9285306.0,51209220.0
2012-10-16,5.47,5.54,5.48,5.46,4404382.0,24609990.0
2012-10-15,5.61,5.63,5.48,5.41,6204696.0,34554592.0
2012-10-12,5.60,5.71,5.60,5.54,5280971.0,30129970.0
2012-10-11,5.67,5.81,5.59,5.55,7375386.0,42610308.0
2012-10-10,5.66,5.75,5.70,5.61,6557933.0,37835288.0
2012-10-09,5.59,5.67,5.67,5.52,9161116.0,52352388.0
2012-10-08,5.57,5.64,5.51,5.47,6282428.0,35461024.0
2012-09-28,5.44,5.56,5.55,5.43,9192842.0,51377436.0
2012-09-27,5.36,5.54,5.50,5.31,7108294.0,39364956.0
2012-09-26,5.49,5.49,5.32,5.28,5138770.0,27939130.0
2012-09-25,5.49,5.58,5.45,5.44,4101844.0,22972116.0
2012-09-24,5.34,5.54,5.49,5.31,4393476.0,24371466.0
2012-09-21,5.39,5.48,5.39,5.36,4430385.0,24428820.0
2012-09-20,5.64,5.64,5.40,5.39,7096295.0,39596124.0
2012-09-19,5.62,5.71,5.65,5.60,5178080.0,29735304.0
2012-09-18,5.69,5.76,5.62,5.60,5900386.0,34015300.0
2012-09-17,5.91,5.92,5.71,5.69,7929405.0,46372040.0
2012-09-14,6.01,6.06,5.91,5.83,10372275.0,62401800.0
2012-09-13,5.90,6.13,5.95,5.88,15118610.0,92682496.0
2012-09-12,5.90,6.14,5.95,5.75,23132856.0,139834720.0
2012-09-11,5.81,5.89,5.81,5.71,18369616.0,108368952.0
2012-09-10,5.62,5.94,5.90,5.57,20193094.0,118865816.0
2012-09-07,5.38,5.66,5.61,5.37,13685256.0,77064144.0
2012-09-06,5.31,5.39,5.36,5.31,3939963.0,21379786.0
2012-09-05,5.29,5.36,5.32,5.27,4082849.0,22036214.0
2012-09-04,5.39,5.45,5.29,5.21,10916659.0,59019300.0
2012-09-03,5.36,5.45,5.41,5.30,4934274.0,27075210.0
2012-08-31,5.29,5.36,5.36,5.22,7320617.0,39290360.0
2012-08-30,5.33,5.38,5.31,5.23,8032331.0,43266436.0
2012-08-29,5.50,5.50,5.32,5.32,5104800.0,28176044.0
2012-08-28,5.46,5.51,5.50,5.38,6730472.0,37376448.0
2012-08-27,5.66,5.68,5.46,5.38,11041799.0,61446652.0
2012-08-24,5.67,5.81,5.68,5.62,11150859.0,64907820.0
2012-08-23,5.62,5.73,5.69,5.55,8236929.0,47307460.0
2012-08-22,5.77,5.83,5.70,5.66,11864809.0,69121176.0
2012-08-21,5.57,5.85,5.77,5.53,20597492.0,120019216.0
2012-08-20,5.47,5.67,5.61,5.39,18999000.0,107612056.0
2012-08-17,5.46,5.52,5.46,5.41,5313936.0,29478994.0
2012-08-16,5.44,5.53,5.51,5.38,8703240.0,48331720.0
2012-08-15,5.53,5.55,5.44,5.40,9615301.0,53452564.0
2012-08-14,5.35,5.55,5.53,5.26,12770672.0,70395496.0
2012-08-13,5.40,5.55,5.39,5.37,11477669.0,63853124.0
2012-08-10,5.47,5.51,5.40,5.37,7666132.0,42361776.0
2012-08-09,5.44,5.58,5.48,5.39,13402012.0,74928896.0
2012-08-08,5.52,5.53,5.44,5.35,13919998.0,76712312.0
2012-08-07,5.31,5.53,5.51,5.27,17346770.0,95898408.0
2012-08-06,5.18,5.32,5.31,5.14,10136549.0,53962468.0
2012-08-03,5.11,5.19,5.19,5.08,5132818.0,26776560.0
2012-08-02,5.14,5.16,5.12,5.02,8789964.0,45604336.0
2012-08-01,5.11,5.21,5.18,5.10,7558390.0,39566224.0
2012-07-31,5.09,5.15,5.11,5.07,5830566.0,30243032.0
2012-07-30,5.25,5.30,5.10,5.04,7967915.0,41678644.0
2012-07-27,5.31,5.34,5.26,5.25,7501673.0,40284796.0
2012-07-26,5.39,5.40,5.31,5.30,6586875.0,35736800.0
2012-07-25,5.45,5.45,5.37,5.36,10046889.0,55109304.0
2012-07-24,5.34,5.51,5.47,5.30,12799152.0,70532672.0
2012-07-23,5.28,5.46,5.37,5.23,13925311.0,75923176.0
2012-07-20,5.32,5.36,5.29,5.26,12227220.0,65810408.0
2012-07-19,5.33,5.41,5.35,5.28,18943200.0,103089120.0
2012-07-18,5.07,5.36,5.36,5.02,17734868.0,93842128.0
2012-07-17,5.03,5.10,5.10,4.94,10783299.0,55024156.0
2012-07-16,5.21,5.31,5.07,4.92,23621252.0,123066728.0
2012-07-13,5.26,5.34,5.23,5.15,19474678.0,103639688.0
2012-07-12,5.58,5.58,5.33,5.22,38491020.0,210236144.0
2012-07-11,5.07,5.11,5.07,4.98,17630044.0,90289600.0
2012-07-10,5.16,5.23,5.06,5.00,14661571.0,75585056.0
2012-07-09,5.39,5.42,5.20,5.15,19021014.0,101639080.0
2012-07-06,5.49,5.57,5.49,5.31,14159448.0,77810152.0
2012-07-05,5.68,5.73,5.49,5.46,9570186.0,53845444.0
2012-07-04,5.79,5.81,5.73,5.67,10216202.0,59401120.0
2012-07-03,5.75,5.81,5.77,5.69,8524932.0,49776248.0
2012-07-02,5.77,5.86,5.77,5.65,9485848.0,55687308.0
2012-06-29,5.76,5.80,5.71,5.53,11449627.0,65753524.0
2012-06-28,5.97,6.05,5.76,5.66,7753720.0,46135884.0
2012-06-27,6.06,6.08,5.98,5.92,5791966.0,35323428.0
2012-06-26,5.99,6.06,6.05,5.97,5476470.0,33469492.0
2012-06-25,6.15,6.15,6.05,5.98,8294228.0,51206768.0
2012-06-20,6.32,6.35,6.23,6.20,8023403.0,51042228.0
2012-06-19,6.26,6.43,6.31,6.24,12007647.0,77060200.0
2012-06-18,6.59,6.59,6.40,6.14,26711018.0,172172144.0
2012-05-21,6.75,6.82,6.71,6.60,5735486.0,39100112.0
2012-05-18,6.84,6.94,6.72,6.62,10760050.0,74351696.0
2012-05-17,6.89,6.95,6.87,6.71,13385828.0,93048696.0
2012-05-16,6.92,6.97,6.92,6.74,14877785.0,104003232.0
2012-05-15,6.56,7.11,6.92,6.55,35980648.0,252667968.0
2012-05-14,6.49,6.80,6.63,6.48,23846388.0,161998976.0
2012-05-11,6.59,6.63,6.49,6.47,10343964.0,68606384.0
2012-05-10,6.87,6.94,6.58,6.54,17031404.0,115463824.0
2012-05-09,6.88,6.95,6.87,6.81,9536146.0,120785608.0
2012-05-08,6.89,6.99,6.94,6.75,14061585.0,178661840.0
2012-05-07,6.70,6.94,6.89,6.69,20979298.0,264064560.0
2012-05-03,6.52,6.65,6.56,6.51,11729438.0,142655472.0
2012-04-27,6.56,6.62,6.44,6.40,6157918.0,73702440.0
2012-04-26,6.49,6.61,6.59,6.49,6752177.0,81490928.0
2012-04-25,6.41,6.62,6.49,6.34,9532927.0,114458864.0
2012-04-24,6.59,6.59,6.45,6.12,12701181.0,149104416.0
2012-04-23,6.62,6.86,6.61,6.54,11829944.0,146168016.0
2012-04-20,6.50,6.71,6.64,6.38,13070736.0,157773680.0
2012-04-19,6.50,6.61,6.53,6.48,8404684.0,101262600.0
2012-04-18,6.39,6.56,6.50,6.34,15198259.0,181842448.0
2012-04-17,6.42,6.51,6.38,6.31,11060811.0,130468480.0
2012-04-16,6.10,6.61,6.50,6.04,25284470.0,297950592.0
2012-04-13,6.29,6.49,6.16,6.14,15973352.0,185509648.0
2012-04-12,5.85,6.10,6.10,5.85,10017622.0,110262152.0
2012-04-11,5.75,5.88,5.84,5.72,7225945.0,77194008.0
2012-04-10,5.80,5.94,5.85,5.63,11298289.0,120130176.0
2012-04-09,6.16,6.16,5.86,5.86,11684222.0,129561128.0
2012-04-06,5.97,6.23,6.22,5.92,8970580.0,101274840.0
2012-04-05,5.82,6.01,5.98,5.70,6129409.0,66376472.0
2012-03-30,5.80,5.88,5.80,5.68,5646525.0,60079960.0
2012-03-29,5.90,5.94,5.80,5.69,6305750.0,67793776.0
2012-03-28,6.29,6.35,5.92,5.85,9577891.0,107773360.0
2012-03-27,6.37,6.43,6.29,6.24,4489280.0,52362848.0
2012-03-26,6.41,6.49,6.34,6.29,3417117.0,40261708.0
2012-03-23,6.53,6.62,6.45,6.34,6080183.0,72492256.0
2012-03-22,6.63,6.71,6.61,6.56,4084494.0,49774692.0
2012-03-21,6.72,6.74,6.68,6.50,8522180.0,103820400.0
2012-03-20,6.83,6.83,6.68,6.64,8216322.0,101916312.0
2012-03-19,6.70,6.90,6.85,6.68,17943822.0,225484896.0
2012-03-16,6.44,6.67,6.65,6.35,10383394.0,124685680.0
2012-03-15,6.34,6.53,6.45,6.34,8206463.0,97590864.0
2012-03-14,6.65,6.72,6.38,6.30,15876029.0,192278688.0
2012-03-13,6.56,6.67,6.63,6.53,8281605.0,101100576.0
2012-03-12,6.53,6.60,6.56,6.45,10402058.0,125709584.0
2012-03-09,6.38,6.53,6.53,6.34,11380038.0,135502832.0
2012-03-08,6.23,6.37,6.36,6.22,6537857.0,76331888.0
2012-03-07,6.23,6.34,6.26,6.17,6784711.0,78257376.0
2012-03-06,6.48,6.49,6.28,6.24,10550563.0,122766856.0
2012-03-05,6.52,6.59,6.47,6.44,10393264.0,124580944.0
2012-03-02,6.40,6.51,6.50,6.40,10659598.0,126961480.0
2012-03-01,6.40,6.46,6.39,6.34,5643244.0,66761740.0
2012-02-29,6.67,6.69,6.40,6.39,12864325.0,154321632.0
2012-02-28,6.46,6.67,6.66,6.46,13397535.0,162228864.0
2012-02-27,6.48,6.63,6.48,6.42,12507042.0,150719344.0
2012-02-24,6.38,6.47,6.46,6.36,10099597.0,119693688.0
2012-02-23,6.37,6.43,6.38,6.31,7960223.0,93485368.0
2012-02-22,6.31,6.38,6.36,6.25,8115595.0,94705752.0
2012-02-21,6.24,6.30,6.28,6.18,5785151.0,66686856.0
2012-02-20,6.30,6.32,6.22,6.20,5015996.0,57806020.0
2012-02-17,6.29,6.32,6.22,6.18,4948833.0,56829784.0
2012-02-16,6.33,6.38,6.27,6.20,8040218.0,93332112.0
2012-02-15,6.24,6.40,6.36,6.19,10234091.0,119426280.0
2012-02-14,6.23,6.37,6.24,6.16,7938757.0,90997160.0
2012-02-13,6.01,6.67,6.28,5.99,13363396.0,153223888.0
2012-02-10,6.01,6.12,6.06,5.99,9910877.0,110603888.0
2012-02-09,6.13,6.16,6.05,6.04,8941024.0,100402720.0
2012-02-07,5.97,5.98,5.98,5.83,4825630.0,52540364.0
2012-02-06,5.99,6.10,6.01,5.94,7187926.0,79544728.0
2012-02-03,5.94,6.00,5.99,5.86,8232769.0,90031368.0
2012-02-02,5.84,6.03,5.95,5.84,9710621.0,106173256.0
2012-02-01,5.82,5.87,5.76,5.74,3307349.0,35363556.0
2012-01-31,5.86,5.86,5.81,5.74,2602661.0,27810468.0
2012-01-30,5.90,5.92,5.86,5.78,3845977.0,41562156.0
2012-01-20,5.82,5.85,5.84,5.70,5451549.0,58266040.0
2012-01-19,5.69,5.79,5.75,5.63,3146626.0,33181940.0
2012-01-18,5.85,5.93,5.66,5.63,5866037.0,62398012.0
2012-01-17,5.53,5.91,5.88,5.45,6898551.0,72043832.0
2012-01-16,5.82,5.84,5.53,5.52,4052266.0,42430416.0
2012-01-13,6.10,6.14,5.87,5.80,3538968.0,38759912.0
2012-01-12,6.13,6.16,6.06,6.01,4521216.0,50666384.0
2012-01-11,6.13,6.33,6.16,6.06,8285093.0,94521016.0
2012-01-10,5.73,6.10,6.10,5.73,9005291.0,98909568.0
2012-01-09,5.62,5.77,5.76,5.44,7625314.0,78992808.0
2012-01-06,5.71,5.80,5.60,5.55,4716936.0,49443136.0
2012-01-05,5.87,6.12,5.69,5.67,4019763.0,43528468.0
2012-01-04,6.13,6.21,5.97,5.95,3966085.0,44454548.0
2011-12-30,5.97,6.06,6.05,5.97,2575129.0,28604658.0
2011-12-29,5.92,6.13,5.95,5.88,3168111.0,35082432.0
2011-12-28,6.27,6.29,6.01,5.66,7118721.0,77487248.0
2011-12-27,6.32,6.37,6.29,6.18,2798073.0,32265712.0
2011-12-26,6.40,6.47,6.38,5.85,3977824.0,46481452.0
2011-12-23,6.39,6.48,6.48,6.25,4709099.0,55223032.0
2011-12-22,6.38,6.46,6.37,6.21,4768224.0,55410956.0
2011-12-21,6.65,6.72,6.44,6.40,5426918.0,65022208.0
2011-12-20,6.68,6.91,6.62,6.55,5912953.0,72939776.0
2011-12-19,6.72,6.72,6.69,6.45,3451469.0,41950528.0
2011-12-16,6.68,6.68,6.66,6.43,3042649.0,36723952.0
2011-12-15,6.78,6.92,6.66,6.59,3181864.0,39447880.0
2011-12-14,6.86,6.95,6.86,6.82,1862309.0,23595372.0
2011-12-13,7.05,7.05,6.86,6.79,1983461.0,25169612.0
2011-12-12,7.05,7.20,6.92,6.88,2140314.0,27801304.0
2011-12-09,7.19,7.27,7.11,7.10,1379789.0,18263086.0
2011-12-08,7.42,7.45,7.20,7.16,3172859.0,42489184.0
2011-12-07,7.42,7.59,7.45,7.42,1580437.0,21834988.0
2011-12-06,7.44,7.55,7.48,7.33,1650223.0,22644438.0
2011-12-05,7.38,7.62,7.49,7.38,4161107.0,57414680.0
2011-12-02,7.40,7.70,7.35,7.35,1976011.0,27249656.0
2011-12-01,7.51,7.62,7.45,7.43,3103741.0,43084032.0
2011-11-30,7.68,7.72,7.36,7.20,3240608.0,44037104.0
2011-11-29,7.69,7.73,7.72,7.61,1493689.0,21125682.0
2011-11-28,7.67,7.71,7.59,7.56,2279707.0,32070256.0
2011-11-25,7.70,7.77,7.56,7.55,1563579.0,22006176.0
2011-11-24,7.67,7.88,7.73,7.67,2550631.0,36500268.0
2011-11-23,7.87,7.94,7.81,7.70,2202445.0,31777396.0
2011-11-22,7.74,7.91,7.88,7.66,2568554.0,36884880.0
2011-11-21,7.75,7.89,7.78,7.73,1296605.0,18656832.0
2011-11-18,7.81,7.92,7.75,7.62,4418174.0,63226256.0
2011-11-17,8.03,8.12,7.93,7.86,2759026.0,40613444.0
2011-11-16,8.24,8.32,8.05,7.99,5301609.0,79732456.0
2011-11-15,8.05,8.30,8.22,8.03,3554162.0,53614824.0
2011-11-14,7.96,8.16,8.05,7.96,2833312.0,42294668.0
2011-11-11,7.92,7.99,7.94,7.88,2263676.0,33102004.0
2011-11-10,7.92,7.97,7.92,7.84,3744190.0,54532088.0
2011-11-09,7.92,8.03,8.03,7.84,2762052.0,40290344.0
2011-11-08,7.96,8.06,7.88,7.83,4819103.0,70177656.0
2011-11-07,7.89,8.20,7.98,7.89,6396017.0,94865120.0
2011-11-04,7.92,8.08,7.98,7.83,6310181.0,92502960.0
2011-11-03,7.56,7.94,7.86,7.55,9627437.0,138770800.0
2011-11-02,7.32,7.54,7.53,7.23,4373564.0,59220380.0
2011-11-01,7.31,7.45,7.38,7.27,4391442.0,59672768.0
2011-10-31,7.29,7.41,7.40,7.23,6050233.0,81819296.0
2011-10-28,7.40,7.48,7.29,7.23,7023949.0,94777752.0
2011-10-27,7.23,7.39,7.29,7.21,4473063.0,60244500.0
2011-10-26,7.13,7.27,7.22,7.05,4891390.0,64969448.0
2011-10-25,6.88,7.19,7.12,6.82,5994346.0,77984552.0
2011-10-24,6.89,6.92,6.89,6.73,2459746.0,30986914.0
2011-10-21,6.99,7.03,6.89,6.74,4192575.0,53015564.0
2011-10-20,7.05,7.09,7.00,6.91,4161368.0,53705236.0
2011-10-19,7.14,7.21,7.16,6.97,4225113.0,55161212.0
2011-10-18,7.13,7.22,7.14,7.08,2966774.0,39109072.0
2011-10-17,7.15,7.26,7.18,7.15,2473802.0,32797952.0
2011-10-14,7.30,7.30,7.15,7.09,4707977.0,62205472.0
2011-10-13,7.25,7.39,7.32,7.20,6491092.0,87342840.0
2011-10-12,7.14,7.29,7.28,6.98,6575703.0,86746048.0
2011-10-11,7.43,7.57,7.14,7.00,3486331.0,46447496.0
2011-10-10,7.39,7.51,7.29,7.20,2419602.0,32681414.0
2011-09-30,7.51,7.62,7.35,7.16,4881584.0,66608348.0
2011-09-29,7.62,7.67,7.51,7.46,4205244.0,58569984.0
2011-09-28,7.73,7.88,7.65,7.59,5357198.0,76653808.0
2011-09-27,7.81,7.86,7.71,7.64,5357916.0,76402752.0
2011-09-23,7.64,7.90,7.81,7.60,4403777.0,63199908.0
2011-09-22,7.77,7.92,7.73,7.70,5281493.0,76051232.0
2011-09-21,7.58,7.87,7.82,7.54,5091311.0,72876680.0
2011-09-20,7.50,7.61,7.55,7.43,2255917.0,31278854.0
2011-09-19,7.70,7.75,7.55,7.48,2836642.0,39523360.0
2011-09-16,7.81,7.86,7.70,7.70,2944787.0,42181812.0
2011-09-15,7.78,7.84,7.77,7.71,4323763.0,62024012.0
2011-09-14,7.71,7.75,7.74,7.55,4180125.0,59121264.0
2011-09-13,7.61,7.70,7.67,7.52,2974167.0,41736184.0
2011-09-09,7.62,7.77,7.71,7.58,6347895.0,89534392.0
2011-09-08,7.82,7.82,7.61,7.58,5411566.0,76458808.0
2011-09-07,7.75,7.78,7.73,7.58,10307552.0,145773152.0
2011-09-06,7.73,7.85,7.64,7.61,3462851.0,49119532.0
2011-09-05,8.01,8.01,7.80,7.60,6549366.0,93717728.0
2011-09-02,8.08,8.13,8.06,7.97,2933271.0,43463808.0
2011-09-01,8.24,8.27,8.08,8.03,4356415.0,65049948.0
2011-08-31,8.31,8.35,8.17,8.03,5684088.0,85858168.0
2011-08-30,8.42,8.53,8.30,8.24,3479551.0,53948352.0
2011-08-29,8.45,8.45,8.35,8.27,4187840.0,64660788.0
2011-08-26,8.47,8.51,8.41,8.33,3021180.0,46901720.0
2011-08-25,8.46,8.51,8.47,8.31,3845626.0,59996948.0
2011-08-24,8.39,8.48,8.37,8.30,3489846.0,54145244.0
2011-08-23,8.23,8.42,8.34,8.22,2987737.0,45761684.0
2011-08-22,8.13,8.27,8.20,8.07,3186695.0,48275112.0
2011-08-19,8.16,8.20,8.06,8.03,3424618.0,51130616.0
2011-08-18,8.49,8.51,8.20,8.14,5677895.0,86703976.0
2011-08-17,8.59,8.62,8.50,8.44,2203721.0,34492540.0
2011-08-16,8.56,8.69,8.59,8.49,3216794.0,50998664.0
2011-08-15,8.49,8.55,8.55,8.39,4222012.0,66070272.0
2011-08-12,8.49,8.56,8.47,8.38,5005827.0,77953784.0
2011-08-11,8.22,8.45,8.44,8.14,5440559.0,83875520.0
2011-08-10,8.42,8.56,8.33,8.31,4189316.0,65174092.0
2011-08-09,8.12,8.43,8.30,8.08,5108918.0,78038648.0
2011-08-08,8.56,8.63,8.42,7.98,5318477.0,82428736.0
2011-08-05,8.52,8.71,8.64,8.36,3728742.0,58708796.0
2011-08-04,8.83,8.86,8.71,8.67,3170424.0,51156220.0
2011-08-03,8.84,9.05,8.74,8.69,5265435.0,85287136.0
2011-08-02,8.96,9.05,8.94,8.66,3856361.0,62950260.0
2011-08-01,9.18,9.27,9.05,8.99,2443145.0,40939548.0
2011-07-29,9.27,9.32,9.19,9.07,2393047.0,40376188.0
2011-07-28,9.22,9.31,9.27,9.08,2633598.0,44749168.0
2011-07-27,9.01,9.46,9.31,8.99,4603148.0,78709648.0
2011-07-26,9.05,9.17,9.11,8.96,2561151.0,42791780.0
2011-07-25,9.46,9.48,9.18,9.00,8930814.0,152382944.0
2011-07-22,9.16,9.27,9.16,8.95,5693423.0,95292024.0
2011-07-21,9.45,9.46,9.16,9.15,6457185.0,110152080.0
2011-07-20,9.37,9.59,9.41,9.30,6291542.0,109543872.0
2011-07-19,9.42,9.42,9.37,9.20,5730545.0,98309456.0
2011-07-18,9.27,9.58,9.46,9.17,17961090.0,313228544.0
2011-07-15,8.57,9.34,9.28,8.57,20528072.0,341532320.0
2011-07-14,8.55,8.60,8.56,8.50,5922552.0,93323632.0
2011-07-13,8.48,8.62,8.58,8.35,12608383.0,196844560.0
2011-07-12,8.68,8.68,8.49,8.39,11115123.0,173992432.0
2011-07-11,8.80,8.80,8.74,8.62,5945790.0,95272216.0
2011-07-08,8.76,8.87,8.80,8.74,2757704.0,44726176.0
2011-07-07,8.76,8.91,8.79,8.72,6167046.0,100442848.0
2011-07-06,8.90,8.90,8.76,8.69,6317308.0,101836432.0
2011-07-05,8.99,9.09,8.92,8.79,4753383.0,77665392.0
2011-07-04,8.84,9.12,8.98,8.84,5257661.0,87686984.0
2011-07-01,8.68,8.87,8.81,8.62,4897216.0,79224240.0
2011-06-30,8.53,8.74,8.65,8.53,3842917.0,61401708.0
2011-06-29,8.61,8.75,8.57,8.52,5227472.0,83386920.0
2011-06-28,8.65,8.71,8.55,8.46,3146589.0,50111716.0
2011-06-27,8.61,8.79,8.61,8.46,5564163.0,89408320.0
2011-06-24,8.18,8.70,8.61,8.14,9419805.0,148252144.0
2011-06-23,7.97,8.26,8.17,7.86,4742277.0,71153944.0
2011-06-22,8.09,8.10,7.99,7.97,3939629.0,58738764.0
2011-06-21,8.08,8.35,8.05,7.94,5361608.0,79874168.0
2011-06-20,8.00,8.22,8.00,7.93,6726755.0,100576792.0
2011-06-17,8.34,8.36,8.01,7.96,8365181.0,125817992.0
2011-06-16,8.63,8.63,8.37,8.07,9878299.0,152763952.0
2011-06-15,8.79,8.93,8.70,8.59,3461071.0,56091352.0
2011-06-14,8.68,8.86,8.83,8.68,3233661.0,52665200.0
2011-06-13,8.78,8.83,8.69,8.62,2684138.0,43406020.0
2011-06-10,8.88,8.91,8.88,8.71,2881419.0,47012412.0
2011-06-09,9.30,9.42,8.90,8.85,6938351.0,116924720.0
2011-06-08,8.83,9.17,9.15,8.71,5192740.0,86450208.0
2011-06-07,8.83,8.88,8.84,8.72,3432621.0,56283676.0
2011-06-03,8.53,8.84,8.78,8.53,4251430.0,68572968.0
2011-06-02,8.65,8.74,8.53,8.44,4947284.0,78733280.0
2011-06-01,8.81,8.88,8.82,8.57,4272455.0,69355568.0
2011-05-31,9.12,9.12,8.85,8.54,9105986.0,147238304.0
2011-05-30,9.13,9.23,9.11,8.99,5391465.0,91370568.0
2011-05-27,9.02,9.25,9.10,8.97,11150829.0,188930624.0
2011-05-26,9.12,9.18,9.09,8.97,3361849.0,56632864.0
2011-05-25,9.07,9.23,9.02,8.99,4117494.0,69771024.0
2011-05-24,8.99,9.19,9.16,8.99,6292362.0,106145256.0
2011-05-23,9.30,9.40,8.99,8.99,10378294.0,175700512.0
2011-05-19,9.67,9.75,9.44,9.41,6417185.0,114153160.0
2011-05-18,9.45,9.66,9.64,9.45,5810366.0,103466168.0
2011-05-17,9.28,9.48,9.41,9.21,5470418.0,95318104.0
2011-05-16,9.46,9.59,9.31,9.22,8870544.0,153886272.0
2011-05-13,9.64,9.72,9.48,9.27,5373019.0,94521560.0
2011-05-12,9.49,9.82,9.60,9.40,6053558.0,108280816.0
2011-05-11,9.41,9.63,9.60,9.37,10650387.0,189036672.0
2011-05-10,9.43,9.53,9.42,9.06,11886891.0,205671904.0
2011-05-09,9.71,9.96,9.42,9.42,12464767.0,222717232.0
2011-05-06,9.31,10.02,9.80,9.31,19662852.0,353634240.0
2011-04-27,9.97,10.23,10.07,9.86,8732973.0,162739504.0
2011-04-26,9.99,10.12,9.91,9.77,9255772.0,169972112.0
2011-04-25,10.15,10.45,9.99,9.99,16967484.0,323345184.0
2011-04-22,9.91,10.28,10.17,9.83,16245425.0,307053152.0
2011-04-21,10.08,10.25,10.02,9.94,13627258.0,256929504.0
2011-04-20,10.02,10.17,10.07,9.82,14406964.0,267241344.0
2011-04-19,10.12,10.30,9.96,9.96,17757780.0,334387392.0
2011-04-18,10.54,10.56,10.19,10.10,21988644.0,417887808.0
2011-04-15,10.25,10.56,10.45,10.24,23716032.0,458814624.0
2011-04-14,10.15,10.58,10.38,10.15,32062290.0,617964800.0
2011-04-13,10.07,10.21,10.07,9.93,25993192.0,487290784.0
2011-04-12,9.75,10.16,10.09,9.65,35908136.0,667233600.0
2011-04-11,9.88,10.10,9.80,9.65,32888788.0,601523136.0
2011-04-08,9.47,9.80,9.80,9.40,33811828.0,606031744.0
2011-04-07,8.96,9.61,9.48,8.94,31163234.0,543521408.0
2011-04-06,8.91,9.00,8.95,8.86,5508378.0,91456352.0
2011-04-01,8.99,9.02,8.92,8.88,4317655.0,71506808.0
2011-03-31,8.76,9.04,8.99,8.75,8548783.0,142027792.0
2011-03-30,8.89,8.96,8.76,8.71,6525965.0,106813032.0
2011-03-29,9.20,9.22,8.89,8.88,10907870.0,181880240.0
2011-03-28,9.21,9.28,9.19,9.14,10166331.0,173896480.0
2011-03-25,9.17,9.27,9.16,9.13,7444633.0,127165864.0
2011-03-24,9.21,9.29,9.15,9.07,10521291.0,179452464.0
2011-03-23,8.97,9.21,9.20,8.90,8100199.0,136687936.0
2011-03-22,9.15,9.16,8.96,8.90,8859569.0,147268368.0
2011-03-21,9.16,9.20,9.12,9.05,4780346.0,80974016.0
2011-03-18,9.11,9.25,9.08,9.05,6942292.0,117613568.0
2011-03-17,9.35,9.35,9.10,9.05,9102784.0,155698576.0
2011-03-16,9.23,9.42,9.40,9.21,6988328.0,120583384.0
2011-03-15,9.53,9.53,9.23,9.05,10090054.0,172778960.0
2011-03-14,9.37,9.53,9.53,9.32,6407765.0,112129288.0
2011-03-11,9.47,9.59,9.38,9.36,11076264.0,194427680.0
2011-03-10,9.72,9.72,9.48,9.42,10685781.0,189652752.0
2011-03-09,9.62,9.75,9.69,9.61,11334600.0,203775120.0
2011-03-08,9.69,9.70,9.62,9.52,9992453.0,177739296.0
2011-03-07,9.65,9.77,9.69,9.58,12341849.0,221721744.0
2011-03-04,9.64,9.66,9.63,9.49,8134561.0,144813312.0
2011-03-03,9.88,9.93,9.54,9.53,12797559.0,230226480.0
2011-03-02,10.00,10.00,9.87,9.67,12281747.0,223217888.0
2011-03-01,10.09,10.15,10.04,9.96,16225046.0,302414560.0
2011-02-28,9.68,10.10,10.09,9.65,21406202.0,393679296.0
2011-02-25,9.75,9.75,9.65,9.58,10324917.0,184430064.0
2011-02-24,9.84,9.84,9.76,9.64,13133451.0,237381856.0
2011-02-23,9.74,9.90,9.85,9.56,19844204.0,359611136.0
2011-02-22,9.53,9.87,9.71,9.49,35429048.0,639607872.0
2011-02-21,9.18,9.53,9.53,9.14,12769295.0,223039216.0
2011-02-18,9.44,9.44,9.25,9.24,9772229.0,168863872.0
2011-02-17,9.43,9.49,9.46,9.28,13664412.0,238387952.0
2011-02-16,9.49,9.49,9.43,9.28,19718018.0,342119552.0
2011-02-15,9.63,9.69,9.50,9.50,16149635.0,286452832.0
2011-02-14,9.56,9.74,9.62,9.40,13125609.0,234296704.0
2011-02-11,9.66,9.67,9.55,9.40,12383285.0,218364544.0
2011-02-10,9.36,9.76,9.65,9.36,19237120.0,343689632.0
2011-02-09,8.99,9.42,9.30,8.99,16088113.0,277585440.0
2011-02-01,9.25,9.34,8.99,8.93,9812679.0,164720784.0
2011-01-31,9.20,9.30,9.21,9.09,9251607.0,157913344.0
2011-01-28,8.99,9.28,9.25,8.92,12101944.0,205318208.0
2011-01-27,8.92,9.03,8.99,8.74,12311015.0,204456144.0
2011-01-26,8.57,8.97,8.89,8.57,12603870.0,206633392.0
2011-01-25,8.34,8.57,8.57,8.32,8489247.0,133073992.0
2011-01-24,8.53,8.63,8.32,8.27,7843880.0,123150104.0
2011-01-21,8.40,8.64,8.53,8.35,6663267.0,105578760.0
2011-01-20,8.70,8.77,8.42,8.35,8150266.0,129840768.0
2011-01-19,8.51,8.79,8.76,8.43,8592160.0,136633920.0
2011-01-18,8.33,8.54,8.50,8.30,5163150.0,80814560.0
2011-01-17,8.72,8.72,8.31,8.29,7876707.0,124003048.0
2011-01-14,8.97,8.97,8.78,8.70,6870979.0,112353056.0
2011-01-13,9.05,9.09,8.97,8.93,7711789.0,128857848.0
2011-01-12,8.99,9.06,8.96,8.84,6620939.0,110121792.0
2011-01-11,8.92,8.97,8.94,8.67,11930539.0,195005152.0
2011-01-10,9.30,9.30,8.97,8.76,19664548.0,328442432.0
2011-01-07,9.33,9.45,9.30,9.23,7439655.0,128881912.0
2011-01-06,9.32,9.46,9.37,9.31,10973496.0,191044608.0
2011-01-05,9.45,9.46,9.32,9.25,13116601.0,226527984.0
2011-01-04,9.56,9.67,9.49,9.36,11861730.0,208951472.0
