date,open,high,close,low,volume,amount
2015-11-27,11.60,11.60,10.78,10.78,24006588.0,267981568.0
2015-11-26,12.08,12.25,11.98,11.60,18346908.0,217939280.0
2015-11-25,12.03,12.56,12.08,11.90,19989544.0,244270304.0
2015-11-24,11.66,12.18,12.03,11.47,17782376.0,209542352.0
2015-11-23,11.33,12.20,11.65,11.28,29538076.0,347063968.0
2015-11-20,10.18,11.09,11.09,10.12,27366094.0,295037280.0
2015-11-19,10.01,10.10,10.08,9.87,8716301.0,86969136.0
2015-11-18,10.32,10.50,10.05,9.98,10666018.0,108809792.0
2015-11-17,10.19,10.74,10.32,10.01,19768796.0,204500688.0
2015-11-16,9.78,10.26,10.18,9.56,11755958.0,116073416.0
2015-11-13,10.02,10.35,10.01,9.90,13919788.0,140804592.0
2015-11-12,10.30,10.37,10.00,10.00,19878656.0,202045472.0
2015-11-11,10.46,10.46,10.46,9.91,34912752.0,357644608.0
2015-11-05,9.67,9.88,9.51,9.41,15502912.0,149440512.0
2015-11-04,9.46,9.87,9.64,9.41,19624892.0,189185072.0
2015-11-03,8.82,9.37,9.14,8.82,18876706.0,171804800.0
2015-11-02,8.48,9.28,9.01,8.31,19256540.0,169840864.0
2015-10-30,8.68,8.78,8.59,8.43,10258136.0,88641344.0
2015-10-29,8.56,8.85,8.69,8.53,12511320.0,109096616.0
2015-10-28,8.58,8.72,8.48,8.43,11832929.0,101812112.0
2015-10-27,8.50,8.69,8.63,8.12,11101999.0,93302120.0
2015-10-26,8.45,8.70,8.57,8.35,12164386.0,103347704.0
2015-10-23,7.99,8.39,8.31,7.95,13206801.0,108220456.0
2015-10-22,7.79,8.02,7.97,7.72,9507820.0,74872144.0
2015-10-21,8.53,8.64,7.79,7.71,14158927.0,117067200.0
2015-10-20,8.44,8.58,8.56,8.30,11337855.0,95811904.0
2015-10-19,8.61,8.68,8.43,8.31,11531225.0,98291168.0
2015-10-16,8.63,8.85,8.66,8.47,16659242.0,143132912.0
2015-10-15,8.33,8.65,8.63,8.25,17331090.0,146745600.0
2015-10-14,8.73,8.82,8.51,8.30,14281247.0,121128392.0
2015-10-13,8.25,8.81,8.73,8.16,15220924.0,130370448.0
2015-10-12,7.84,8.53,8.35,7.76,12712165.0,104057992.0
2015-10-09,7.52,7.89,7.80,7.51,10375487.0,80111984.0
2015-10-08,7.49,7.69,7.54,7.47,6229734.0,47002152.0
2015-09-30,7.18,7.31,7.23,7.15,3218488.0,23292550.0
2015-09-29,7.30,7.30,7.16,7.09,5183457.0,37156144.0
2015-09-28,7.21,7.48,7.42,7.16,3419373.0,25222502.0
2015-09-25,7.68,7.71,7.26,7.12,5919648.0,44278624.0
2015-09-24,7.55,7.72,7.70,7.54,5801571.0,44362440.0
2015-09-23,7.53,7.70,7.55,7.48,6184942.0,46864012.0
2015-09-22,7.60,7.92,7.79,7.57,7532854.0,58488500.0
2015-09-21,7.30,7.70,7.64,7.18,5957526.0,44762992.0
2015-09-18,7.44,7.55,7.45,7.20,5495447.0,40548168.0
2015-09-17,7.31,7.97,7.33,7.31,9400618.0,70950432.0
2015-09-16,6.85,7.55,7.45,6.85,7556337.0,53869584.0
2015-09-15,7.16,7.20,6.86,6.79,5877828.0,41242328.0
2015-09-14,8.06,8.15,7.26,7.25,8234740.0,62379144.0
2015-09-11,7.98,8.18,8.05,7.82,5543012.0,44351568.0
2015-09-10,8.08,8.22,7.97,7.91,6609261.0,53468684.0
2015-09-09,7.99,8.28,8.20,7.89,9684913.0,78549824.0
2015-09-08,7.39,7.97,7.90,7.33,6417976.0,49118356.0
2015-09-07,7.53,7.85,7.42,7.35,6038307.0,45759384.0
2015-09-02,7.50,7.91,7.32,7.21,7454367.0,56309328.0
2015-09-01,8.37,8.37,7.73,7.62,8942528.0,70646792.0
2015-08-31,8.49,8.84,8.45,8.20,10988332.0,93858768.0
2015-08-28,8.17,8.47,8.47,8.03,12768096.0,105005920.0
2015-08-27,7.70,7.90,7.90,7.44,9244813.0,71179536.0
2015-08-26,7.71,7.97,7.54,7.15,10436421.0,80055312.0
2015-08-25,7.54,7.87,7.55,7.54,18466500.0,139934912.0
2015-08-24,8.90,8.99,8.38,8.38,7507577.0,63543956.0
2015-08-21,9.98,10.25,9.31,9.30,9907051.0,97296952.0
2015-08-20,10.77,10.80,10.27,10.18,9241950.0,97395952.0
2015-08-19,10.26,10.90,10.81,9.80,13804822.0,142766528.0
2015-08-18,11.90,12.00,10.72,10.72,16012519.0,182238464.0
2015-08-17,11.80,11.91,11.91,11.51,13793873.0,161525936.0
2015-08-14,11.91,12.22,11.98,11.85,17120544.0,205978560.0
2015-08-13,11.88,12.16,11.92,11.60,15224948.0,180898544.0
2015-08-12,11.60,12.12,11.65,11.57,14541915.0,171377056.0
2015-08-11,11.62,12.32,11.82,11.46,23174000.0,273236416.0
2015-08-10,11.32,11.90,11.75,11.24,17132072.0,197547824.0
2015-08-07,10.97,11.29,11.29,10.82,15955043.0,177056032.0
2015-08-06,10.79,11.35,10.96,10.51,17501568.0,192164064.0
2015-07-31,10.27,10.64,10.50,10.27,7998502.0,83475016.0
2015-07-30,10.90,11.16,10.42,10.40,12554500.0,136535904.0
2015-07-29,10.66,11.05,11.03,10.30,12163975.0,128919256.0
2015-07-28,10.37,10.98,10.52,9.62,22997656.0,236837280.0
2015-07-27,11.44,11.88,10.69,10.69,17518488.0,197277920.0
2015-07-24,12.35,12.37,11.88,11.68,24796624.0,300394400.0
2015-07-23,11.71,12.45,12.38,11.65,22288580.0,268193312.0
2015-07-22,11.95,12.15,11.86,11.39,19605684.0,230305408.0
2015-07-21,11.08,12.00,12.00,10.85,20643402.0,241353728.0
2015-07-20,11.22,11.60,11.25,10.91,14634846.0,165213296.0
2015-07-17,10.68,11.55,11.29,10.64,13769762.0,152531312.0
2015-07-16,10.24,10.89,10.64,9.34,17748470.0,184149728.0
2015-07-15,10.90,11.20,10.24,10.24,17544764.0,186939136.0
2015-07-14,11.55,12.37,11.38,11.17,33654980.0,396595680.0
2015-07-13,11.55,12.01,12.01,11.17,28333480.0,330619200.0
2015-07-10,10.25,10.92,10.92,10.07,14393027.0,155399744.0
2015-07-09,9.10,9.93,9.93,9.03,16286001.0,156295776.0
2015-07-08,8.22,9.70,9.03,8.22,58219772.0,500752416.0
2015-07-07,9.61,9.98,9.13,9.13,14462847.0,134680832.0
2015-07-06,11.08,11.08,10.14,9.16,29814054.0,299394080.0
2015-07-03,10.50,11.60,10.08,9.82,26874376.0,279273856.0
2015-07-02,12.02,12.50,10.91,10.82,18802572.0,216366736.0
2015-07-01,12.76,13.48,12.02,11.85,22418284.0,289596352.0
2015-06-30,11.60,12.79,12.76,10.53,26745628.0,313657408.0
2015-06-29,13.41,13.41,11.63,11.63,25321216.0,310906688.0
2015-06-26,13.50,13.95,12.92,12.92,19563564.0,260229440.0
2015-06-25,15.40,15.43,14.35,14.00,18062388.0,270668512.0
2015-06-24,15.19,15.57,15.39,14.75,17215748.0,262624448.0
2015-06-23,15.17,15.45,15.06,13.65,18414952.0,266535904.0
2015-06-19,16.30,16.50,15.17,15.17,22393788.0,350208896.0
2015-06-18,17.29,17.76,16.85,16.80,11119723.0,193283792.0
2015-06-17,16.71,17.75,17.41,16.49,15295972.0,260813040.0
2015-06-16,17.18,17.86,16.91,16.75,16336161.0,282606976.0
2015-06-15,18.80,18.90,17.56,17.41,21977820.0,396567264.0
2015-06-12,18.05,18.79,18.51,18.05,22359684.0,413208800.0
2015-06-11,18.00,18.10,17.92,17.45,16836394.0,299467616.0
2015-06-10,17.90,18.49,18.10,17.55,14936813.0,270322752.0
2015-06-09,17.65,18.48,18.18,17.30,20037112.0,360756160.0
2015-06-08,18.40,18.40,17.73,17.31,25172184.0,448730912.0
2015-06-05,18.94,19.61,18.48,18.19,30349348.0,566797568.0
2015-06-04,18.18,19.22,18.90,17.20,29836584.0,550474176.0
2015-06-03,17.49,18.89,18.14,17.16,28496736.0,514455808.0
2015-06-02,16.85,17.85,17.60,16.60,35916852.0,624235712.0
2015-06-01,15.20,16.50,16.50,15.15,34258704.0,550077760.0
2015-05-29,14.78,15.19,15.00,13.89,28555748.0,416252864.0
2015-05-28,15.64,16.29,14.95,14.26,31445380.0,493588544.0
2015-05-27,15.50,15.75,15.67,14.88,29706118.0,454289376.0
2015-05-26,15.28,15.75,15.57,14.85,27610776.0,423391680.0
2015-05-25,14.45,15.19,15.04,14.30,26166906.0,388030464.0
2015-05-22,14.10,14.54,14.33,13.96,24762340.0,352599328.0
2015-05-21,13.36,13.95,13.85,13.36,20191984.0,276323200.0
2015-05-20,13.26,13.77,13.36,13.21,18937324.0,256143440.0
2015-05-19,12.96,13.35,13.31,12.95,13003882.0,171655952.0
2015-05-18,13.15,13.15,13.00,12.81,15989697.0,207283520.0
2015-05-15,13.89,13.89,13.21,13.19,16819696.0,225510016.0
2015-05-14,14.20,14.39,14.00,13.85,17725656.0,249174336.0
2015-05-13,14.10,14.41,14.25,13.72,19938132.0,280006656.0
2015-05-12,14.10,14.30,14.02,13.81,17031692.0,239896832.0
2015-05-11,13.51,13.83,13.74,13.40,15332182.0,208860784.0
2015-05-08,13.38,13.57,13.51,13.21,14354092.0,192664608.0
2015-05-07,12.97,13.90,13.38,12.35,22769728.0,295822144.0
2015-05-06,14.00,14.13,13.05,12.98,17988112.0,241859824.0
2015-05-05,15.48,15.48,13.81,13.73,19253688.0,276759488.0
2015-05-04,14.54,14.70,14.30,13.85,25829456.0,364092512.0
2015-04-30,14.90,15.01,14.71,14.61,14593217.0,216255632.0
2015-04-29,14.50,15.05,14.98,14.31,14772176.0,217740432.0
2015-04-28,15.00,15.56,14.70,14.25,27949958.0,416532672.0
2015-04-27,14.66,15.83,15.34,14.66,35147560.0,533147872.0
2015-04-24,14.15,14.74,14.63,13.91,26223440.0,377605568.0
2015-04-23,14.35,14.51,14.19,14.10,21132572.0,302228768.0
2015-04-22,14.20,14.60,14.26,13.92,28818166.0,411719520.0
2015-04-21,13.26,14.00,13.99,13.10,25086432.0,341893984.0
2015-04-20,13.75,13.78,13.20,13.08,23732486.0,319197248.0
2015-04-17,13.95,14.31,13.82,13.61,36518960.0,510821152.0
2015-04-16,13.30,14.10,13.85,12.96,27597220.0,377279808.0
2015-04-15,12.95,14.18,13.30,12.95,31105046.0,419968576.0
2015-04-14,13.28,13.28,12.89,12.78,23573924.0,305128064.0
2015-04-13,13.50,13.83,13.29,13.27,27907976.0,376641120.0
2015-04-10,13.10,13.54,13.31,12.90,29910114.0,397013024.0
2015-04-09,13.29,13.33,13.07,12.50,26095658.0,338174240.0
2015-04-08,12.90,13.80,13.39,12.20,44267292.0,572360896.0
2015-04-07,12.80,13.22,12.79,12.50,45507108.0,585122880.0
2015-04-03,11.40,12.10,12.02,11.25,34402260.0,406509152.0
2015-04-02,11.07,11.50,11.45,11.02,36053516.0,406288064.0
2015-04-01,10.95,11.06,11.00,10.82,29790404.0,326015488.0
2015-03-31,10.72,10.96,10.94,10.60,21786492.0,234770880.0
2015-03-30,10.44,10.80,10.70,10.43,18571588.0,197503296.0
2015-03-27,10.47,10.52,10.43,10.30,12711352.0,132281344.0
2015-03-26,10.20,10.55,10.42,10.19,13347941.0,138826864.0
2015-03-25,10.45,10.45,10.28,10.19,18129600.0,186408208.0
2015-03-24,10.90,10.92,10.49,10.27,28581820.0,300944448.0
2015-03-23,10.90,11.20,10.92,10.79,16101435.0,176007120.0
2015-03-20,10.98,11.06,10.83,10.70,17397868.0,188731584.0
2015-03-19,10.81,11.18,11.02,10.61,26226736.0,287246240.0
2015-03-18,10.69,10.85,10.76,10.66,17923664.0,192783408.0
2015-03-17,10.36,10.82,10.75,10.26,25415148.0,266980704.0
2015-03-16,10.21,10.41,10.38,10.07,18850318.0,193546928.0
2015-03-13,10.45,10.46,10.25,10.18,9148650.0,94120000.0
2015-03-12,10.13,10.39,10.36,10.02,9669847.0,98798792.0
2015-03-11,10.23,10.46,10.15,10.13,9218335.0,94765600.0
2015-03-10,10.34,10.51,10.31,10.22,9070612.0,93958960.0
2015-03-09,10.18,10.42,10.34,9.98,12765172.0,131171104.0
2015-03-06,10.57,10.76,10.26,10.20,14302990.0,149481936.0
2015-03-05,10.96,10.99,10.59,10.54,15300425.0,164002864.0
2015-03-04,10.89,11.28,11.09,10.78,12480813.0,136918784.0
2015-03-03,10.76,11.08,10.94,10.67,14380738.0,156514624.0
2015-03-02,11.24,11.36,10.84,10.64,19391060.0,212077936.0
2015-02-27,10.35,10.96,10.84,10.16,18984824.0,200917024.0
2015-02-26,10.30,10.60,10.45,10.23,13328395.0,138807120.0
2015-02-25,10.22,10.58,10.30,9.97,15460255.0,159632208.0
2015-02-17,9.89,10.30,10.22,9.81,18678984.0,189086784.0
2015-02-16,9.56,9.99,9.88,9.37,19841112.0,190481792.0
2015-02-13,9.68,9.75,9.52,9.52,10600518.0,101993176.0
2015-02-12,9.53,9.66,9.58,9.37,11381275.0,108021048.0
2015-02-11,9.69,9.71,9.64,9.30,11660487.0,110836520.0
2015-02-10,9.83,10.08,9.69,9.53,13182831.0,127811168.0
2015-02-09,9.44,10.19,9.89,9.37,20909688.0,205890576.0
2015-02-06,9.30,9.75,9.55,9.25,15981669.0,151160880.0
2015-02-05,9.47,9.90,9.30,9.28,21713222.0,207736624.0
2015-02-04,9.58,10.20,9.47,9.46,30152416.0,293349440.0
2015-02-03,8.82,9.66,9.37,8.82,36259520.0,340704128.0
2015-02-02,8.40,8.93,8.83,8.25,17865962.0,154756624.0
2015-01-30,8.72,8.85,8.78,8.63,10721126.0,93875600.0
2015-01-29,8.70,8.86,8.70,8.61,11041721.0,96159560.0
2015-01-28,9.04,9.09,8.79,8.74,13064290.0,116409216.0
2015-01-27,9.10,9.27,9.04,8.95,14464237.0,131656904.0
2015-01-26,9.05,9.15,9.14,8.80,15320182.0,137237632.0
2015-01-23,9.13,9.30,9.06,9.01,18700028.0,171355024.0
2015-01-22,9.11,9.25,9.12,8.97,15665627.0,142356400.0
2015-01-21,8.91,9.21,9.11,8.85,19312272.0,174842624.0
2015-01-20,8.63,8.97,8.91,8.63,15824321.0,139613168.0
2015-01-19,8.70,9.38,8.61,8.41,28467752.0,255000576.0
2015-01-16,8.53,9.31,8.97,8.53,23378842.0,209107648.0
2015-01-15,8.42,8.57,8.53,8.40,8915386.0,75861736.0
2015-01-14,8.50,8.57,8.40,8.34,9218360.0,77969328.0
2015-01-13,8.43,8.54,8.49,8.30,11323945.0,95458944.0
2015-01-12,8.63,8.85,8.42,8.38,15698478.0,134671840.0
2015-01-09,8.58,8.85,8.60,8.58,13171193.0,115104632.0
2015-01-08,8.99,9.00,8.67,8.65,19582926.0,171901344.0
2015-01-07,9.08,9.16,8.99,8.86,18018656.0,162194448.0
2015-01-06,9.35,9.64,9.14,9.10,20913498.0,194938752.0
2015-01-05,9.04,9.60,9.43,8.75,27740614.0,255848624.0
2014-12-31,9.10,9.18,9.03,8.83,14784971.0,132766792.0
2014-12-30,9.30,9.36,9.07,9.05,23339288.0,214292736.0
2014-12-29,8.70,9.50,9.40,8.70,38123408.0,351033824.0
2014-12-26,8.73,8.80,8.69,8.51,21627532.0,187367328.0
2014-12-25,8.60,8.98,8.73,8.50,37678016.0,329598752.0
2014-12-24,8.19,8.82,8.70,8.17,43549820.0,372387328.0
2014-12-23,8.00,8.50,8.26,7.85,39418216.0,325860800.0
2014-12-22,8.11,8.14,8.05,7.71,24501108.0,193842496.0
2014-12-19,7.99,8.25,8.10,7.81,26878978.0,216507184.0
2014-12-18,7.70,8.00,7.98,7.67,20889642.0,164346368.0
2014-12-17,7.94,7.95,7.72,7.61,18099296.0,140172640.0
2014-12-16,7.89,8.03,7.90,7.81,18175450.0,143815136.0
2014-12-15,7.76,8.02,7.96,7.65,26681278.0,210082544.0
2014-12-12,7.68,7.77,7.72,7.62,16296293.0,125660496.0
2014-12-11,7.40,7.68,7.68,7.39,17609066.0,132450584.0
2014-12-10,7.26,7.47,7.46,7.20,12514110.0,91941912.0
2014-12-09,7.64,7.67,7.24,7.19,25709180.0,193281680.0
2014-12-08,7.63,7.75,7.66,7.49,19282214.0,147391760.0
2014-12-05,7.90,7.98,7.64,7.40,32358728.0,249737872.0
2014-12-04,7.82,8.04,7.96,7.72,37126480.0,293365376.0
2014-12-03,7.56,7.74,7.74,7.49,26581972.0,202265344.0
2014-12-02,7.44,7.55,7.52,7.44,13887550.0,104238008.0
2014-12-01,7.67,7.68,7.45,7.38,24183412.0,181706912.0
2014-11-28,7.41,7.67,7.64,7.38,30511590.0,229410304.0
2014-11-27,7.45,7.52,7.41,7.38,15743791.0,117141136.0
2014-11-26,7.41,7.48,7.43,7.36,13882408.0,103026208.0
2014-11-25,7.33,7.43,7.40,7.28,12629787.0,93105248.0
2014-11-24,7.25,7.36,7.32,7.23,15488062.0,113142088.0
2014-11-21,7.19,7.23,7.21,7.16,7353319.0,52915804.0
2014-11-20,7.22,7.25,7.19,7.16,6662896.0,48012992.0
2014-11-19,7.20,7.24,7.20,7.13,8879676.0,63834216.0
2014-11-18,7.19,7.23,7.21,7.16,7946741.0,57192472.0
2014-11-17,7.15,7.22,7.19,7.11,7048539.0,50545484.0
2014-11-14,7.11,7.18,7.15,7.06,7507628.0,53457724.0
2014-11-13,7.21,7.23,7.12,7.06,9917689.0,70637568.0
2014-11-12,7.04,7.22,7.20,7.04,9379086.0,67041628.0
2014-11-11,7.46,7.56,7.13,7.08,23257042.0,169515376.0
2014-11-10,7.51,7.87,7.48,7.36,43126136.0,324880640.0
2014-11-07,7.53,7.72,7.57,7.43,19207488.0,145187984.0
2014-11-06,7.41,7.55,7.51,7.38,10828934.0,80858904.0
2014-11-05,7.36,7.46,7.41,7.30,9387743.0,69443888.0
2014-11-04,7.38,7.49,7.38,7.32,10089766.0,74573528.0
2014-11-03,7.32,7.50,7.38,7.28,15618504.0,115408832.0
2014-10-31,7.25,7.30,7.29,7.16,10977389.0,79359544.0
2014-10-30,7.24,7.32,7.23,7.18,10567114.0,76713536.0
2014-10-29,7.15,7.26,7.22,7.13,10947528.0,78748224.0
2014-10-28,6.96,7.14,7.13,6.93,10627505.0,75157504.0
2014-10-27,6.99,7.01,6.93,6.85,7943449.0,55004856.0
2014-10-24,6.98,7.07,6.98,6.95,7306978.0,51273204.0
2014-10-23,7.34,7.43,6.98,6.97,25273132.0,180664592.0
2014-10-22,7.47,7.73,7.35,7.32,22566640.0,168296768.0
2014-10-21,7.60,7.62,7.47,7.46,8587061.0,64650656.0
2014-10-20,7.54,7.65,7.61,7.51,8157614.0,61875160.0
2014-10-17,7.88,7.91,7.54,7.41,18447888.0,141164544.0
2014-10-16,8.41,8.67,7.96,7.93,46176288.0,380672000.0
2014-10-15,8.00,8.80,8.57,7.86,20664220.0,170525264.0
2014-10-14,8.31,8.35,8.02,7.99,13584779.0,110593480.0
2014-10-13,8.15,8.28,8.28,8.11,12558302.0,103076344.0
2014-10-10,7.98,8.20,8.19,7.94,14197219.0,114867064.0
2014-10-09,8.02,8.07,8.00,7.93,9611510.0,76751752.0
2014-10-08,7.96,8.07,8.03,7.95,7274269.0,58302604.0
2014-09-30,7.89,7.99,7.95,7.89,7354240.0,58504088.0
2014-09-29,8.04,8.11,7.90,7.85,15231397.0,120973408.0
2014-09-26,8.13,8.14,8.07,8.03,5919082.0,47867036.0
2014-09-25,8.23,8.30,8.16,8.12,11030533.0,90666584.0
2014-09-24,8.30,8.36,8.28,8.19,10982308.0,90785200.0
2014-09-23,8.16,8.45,8.33,8.08,11866135.0,98082824.0
2014-09-22,8.05,8.38,8.13,7.88,11491782.0,93819448.0
2014-09-19,7.96,8.06,8.04,7.90,5017603.0,40198220.0
2014-09-18,7.91,8.06,7.98,7.89,6978942.0,55658208.0
2014-09-17,7.90,7.94,7.88,7.80,5816863.0,45769052.0
2014-09-16,8.25,8.28,7.84,7.81,11294780.0,91289304.0
2014-09-15,8.29,8.42,8.28,8.21,9566476.0,79176160.0
2014-09-12,8.11,8.25,8.20,8.08,8326030.0,68025288.0
2014-09-11,8.29,8.36,8.17,8.09,14544387.0,119532952.0
2014-09-10,8.27,8.56,8.30,8.20,23630360.0,198145168.0
2014-09-05,8.21,8.24,8.14,8.04,10612463.0,86208160.0
2014-09-04,8.14,8.21,8.18,8.11,10035168.0,81982544.0
2014-09-03,8.17,8.21,8.15,8.01,15149615.0,123128760.0
2014-09-02,8.41,8.66,8.21,8.09,39692796.0,328499296.0
2014-09-01,8.35,8.62,8.46,8.31,8369193.0,70508672.0
2014-08-29,8.35,8.68,8.45,8.14,13587526.0,114076928.0
2014-08-28,8.21,8.92,8.49,8.21,19737868.0,167007344.0
2014-08-27,7.73,8.55,8.37,7.63,25016856.0,204100880.0
2014-08-26,7.44,7.86,7.80,7.30,21175730.0,161522256.0
2014-08-25,7.61,7.83,7.45,7.45,10047138.0,76770216.0
2014-08-22,7.47,7.68,7.59,7.45,8209275.0,62194000.0
2014-08-21,7.47,7.52,7.49,7.38,6706104.0,49871284.0
2014-08-20,7.44,7.60,7.46,7.40,9416722.0,70354400.0
2014-08-19,7.31,7.88,7.51,7.15,17792368.0,132616656.0
2014-08-18,7.22,7.45,7.34,7.17,9569731.0,70038768.0
2014-08-15,7.15,7.22,7.19,7.12,5233414.0,37545652.0
2014-08-14,7.18,7.20,7.11,7.07,6207127.0,44312304.0
2014-08-13,7.27,7.27,7.17,7.09,6489448.0,46372060.0
2014-08-12,7.32,7.34,7.22,7.16,6404533.0,46243948.0
2014-08-11,7.20,7.30,7.26,7.14,10284086.0,74562752.0
2014-08-08,7.06,7.21,7.16,7.06,6792975.0,48544640.0
2014-08-07,7.13,7.26,7.07,7.05,8949486.0,63997468.0
2014-08-06,7.08,7.19,7.10,7.05,9506780.0,67733120.0
2014-08-05,6.95,7.16,7.13,6.92,10905924.0,76957776.0
2014-08-04,6.82,6.95,6.95,6.80,6201685.0,42774020.0
2014-08-01,6.95,7.03,6.81,6.80,8489671.0,58809788.0
2014-07-31,7.03,7.05,6.99,6.93,9356100.0,65177900.0
2014-07-30,6.87,7.27,7.04,6.85,17482160.0,123703176.0
2014-07-29,6.84,6.96,6.86,6.81,9293410.0,63947852.0
2014-07-28,6.77,6.88,6.86,6.74,9829432.0,66960984.0
2014-07-25,6.67,6.81,6.76,6.66,5023436.0,33966224.0
2014-07-24,6.78,6.83,6.70,6.66,7753920.0,52092316.0
2014-07-23,6.78,7.10,6.85,6.75,12625106.0,87197352.0
2014-07-22,6.68,6.85,6.76,6.67,6554565.0,44329372.0
2014-07-21,6.64,6.75,6.67,6.61,4342169.0,28950048.0
2014-07-18,6.79,6.80,6.68,6.64,7494253.0,50404424.0
2014-07-17,6.60,6.87,6.81,6.55,11501333.0,77169704.0
2014-07-16,6.60,6.80,6.60,6.56,10535379.0,70320120.0
2014-07-15,6.49,6.64,6.61,6.46,8253647.0,54065788.0
2014-07-14,6.47,6.53,6.50,6.41,4624595.0,29912188.0
2014-07-11,6.40,6.48,6.44,6.40,3211984.0,20702464.0
2014-07-10,6.40,6.46,6.41,6.37,3512208.0,22540878.0
2014-07-09,6.42,6.52,6.39,6.37,6362350.0,40975768.0
2014-07-08,6.43,6.44,6.42,6.29,4735339.0,30171274.0
2014-07-07,6.52,6.56,6.44,6.38,6421110.0,41428844.0
2014-07-04,6.61,6.65,6.55,6.55,4283956.0,28217448.0
2014-07-03,6.60,6.64,6.60,6.53,6906090.0,45469468.0
2014-07-02,6.49,6.78,6.65,6.42,11617632.0,76339216.0
2014-07-01,6.63,6.65,6.53,6.46,8139355.0,53078424.0
2014-06-30,6.53,6.66,6.59,6.51,6370167.0,41908216.0
2014-06-27,6.63,6.67,6.57,6.53,8642400.0,56909460.0
2014-06-26,6.39,6.68,6.63,6.36,11103122.0,72632240.0
2014-06-25,6.36,6.50,6.41,6.32,6870691.0,44160112.0
2014-06-24,6.34,6.41,6.38,6.29,6494298.0,41271500.0
2014-06-23,6.38,6.49,6.34,6.32,8027319.0,51267320.0
2014-06-20,6.35,6.43,6.36,6.21,7595961.0,48004656.0
2014-06-19,6.94,6.95,6.39,6.35,14870683.0,98408144.0
2014-06-18,6.88,7.04,7.02,6.79,10806953.0,74831976.0
2014-06-17,7.12,7.19,6.86,6.83,14758713.0,102516728.0
2014-06-16,7.22,7.35,7.19,7.11,18035946.0,130062336.0
2014-06-13,6.97,7.36,7.22,6.83,24729948.0,175617136.0
2014-06-12,6.95,7.14,6.97,6.91,17517908.0,123124728.0
2014-06-11,6.98,7.05,6.98,6.87,12900102.0,89862104.0
2014-06-10,6.96,7.07,7.04,6.84,13398001.0,93369912.0
2014-06-09,6.85,7.07,7.04,6.81,17825804.0,123834272.0
2014-06-06,7.20,7.26,6.94,6.94,22882972.0,162713776.0
2014-06-05,7.33,7.51,7.36,7.01,37703312.0,273245952.0
2014-06-04,6.99,7.45,7.45,6.83,43997476.0,312764032.0
2014-06-03,6.16,6.77,6.77,6.16,21523128.0,144430432.0
2014-05-30,6.19,6.21,6.15,6.08,3134434.0,19235734.0
2014-05-29,6.13,6.21,6.19,6.10,3641265.0,22439700.0
2014-05-28,6.14,6.19,6.13,6.08,2390535.0,14635976.0
2014-05-27,6.20,6.20,6.09,6.08,2406442.0,15008917.0
2014-05-26,6.16,6.22,6.20,6.10,2570900.0,16104857.0
2014-05-23,6.13,6.19,6.12,6.11,1551648.0,9687276.0
2014-05-22,6.20,6.28,6.13,6.12,1879590.0,11864966.0
2014-05-21,6.04,6.28,6.23,6.02,2502609.0,15605176.0
2014-05-20,6.04,6.19,6.06,6.03,1832827.0,11338697.0
2014-05-19,6.23,6.28,6.09,5.91,2473758.0,15297713.0
2014-05-16,6.41,6.47,6.46,6.37,1824895.0,11934019.0
2014-05-15,6.43,6.49,6.40,6.37,2290623.0,14910804.0
2014-05-14,6.41,6.49,6.34,6.34,2061843.0,13420274.0
2014-05-13,6.35,6.67,6.48,6.31,4287155.0,28502714.0
2014-05-12,6.21,6.37,6.35,6.18,2537050.0,16259014.0
2014-05-09,6.24,6.26,6.15,6.14,1650840.0,10386947.0
2014-05-08,6.22,6.32,6.21,6.19,2035639.0,12911154.0
2014-05-07,6.21,6.30,6.22,6.20,1229226.0,7800561.0
2014-05-06,6.18,6.37,6.26,6.17,2119956.0,13548919.0
2014-05-05,6.20,6.24,6.19,6.14,1844657.0,11610137.0
2014-04-30,6.23,6.28,6.22,6.17,1671729.0,10563901.0
2014-04-29,6.13,6.23,6.23,6.13,1498356.0,9410588.0
2014-04-28,6.42,6.45,6.14,6.14,2472227.0,15763785.0
2014-04-25,6.59,6.63,6.42,6.41,3161368.0,20747874.0
2014-04-24,6.60,6.69,6.59,6.59,1779622.0,12000471.0
2014-04-23,6.61,6.71,6.59,6.57,2027340.0,13667537.0
2014-04-22,6.79,6.82,6.65,6.58,3508687.0,23779744.0
2014-04-21,6.91,6.91,6.78,6.77,2970146.0,20617320.0
2014-04-18,6.90,6.97,6.94,6.86,2195372.0,15424618.0
2014-04-17,6.92,7.01,6.95,6.90,3074939.0,21725390.0
2014-04-16,6.92,6.96,6.91,6.89,2339680.0,16446446.0
2014-04-15,7.07,7.07,6.90,6.90,4029222.0,28557344.0
2014-04-14,7.05,7.11,7.08,7.01,3708061.0,26585842.0
2014-04-11,7.05,7.12,7.05,7.00,3433992.0,24582260.0
2014-04-10,7.05,7.06,7.04,6.99,3863055.0,27582286.0
2014-04-09,6.94,7.07,7.06,6.89,6649408.0,47342136.0
2014-04-08,6.87,6.96,6.94,6.81,4835030.0,33896536.0
2014-04-04,6.89,6.90,6.89,6.81,2835265.0,19732240.0
2014-04-03,6.97,7.02,6.92,6.84,4622105.0,32439046.0
2014-04-02,6.95,7.04,6.95,6.91,1964724.0,13906872.0
2014-04-01,6.81,6.97,6.95,6.77,2700483.0,18942248.0
2014-03-31,6.96,6.99,6.80,6.80,2977122.0,20720752.0
2014-03-28,7.00,7.15,6.91,6.89,3627040.0,25819830.0
2014-03-27,7.21,7.26,7.04,7.03,4674561.0,33936868.0
2014-03-26,7.09,7.38,7.22,7.04,7835898.0,57341944.0
2014-03-25,7.04,7.14,7.10,7.00,4718837.0,33959416.0
2014-03-24,7.01,7.11,7.07,6.97,5584866.0,39949712.0
2014-03-21,6.81,7.16,7.06,6.71,7837788.0,55591852.0
2014-03-20,7.05,7.23,6.99,6.98,8420779.0,60640084.0
2014-03-19,6.95,7.13,7.12,6.85,6975667.0,49825840.0
2014-03-18,6.99,7.07,6.94,6.93,6137229.0,43708156.0
2014-03-17,6.87,7.00,7.00,6.87,5691627.0,40164936.0
2014-03-14,6.90,6.98,6.85,6.79,6489334.0,45259688.0
2014-03-13,6.90,6.99,6.95,6.86,6687680.0,47058940.0
2014-03-12,7.28,7.29,6.94,6.90,12139687.0,86369872.0
2014-03-11,7.35,7.62,7.47,7.27,6918968.0,52381688.0
2014-03-10,7.89,7.89,7.42,7.42,9402355.0,73140720.0
2014-03-07,7.79,8.10,8.01,7.72,12115611.0,97724136.0
2014-03-06,7.77,8.03,7.85,7.59,10823255.0,85429096.0
2014-03-05,8.26,8.41,7.88,7.88,11834325.0,97176472.0
2014-03-04,8.19,8.34,8.15,7.87,14171080.0,116920168.0
2014-03-03,7.81,8.45,8.27,7.69,21426112.0,177930096.0
2014-02-28,7.93,8.03,7.85,7.68,16020549.0,127979784.0
2014-02-27,8.00,8.61,8.09,7.79,29988622.0,250167152.0
2014-02-26,7.55,8.11,8.10,7.48,23731276.0,190414080.0
2014-02-25,7.34,7.97,7.55,7.34,16526422.0,128058232.0
2014-02-24,7.43,7.64,7.38,7.35,11456702.0,86798728.0
2014-02-21,8.29,8.29,7.64,7.59,29389248.0,231923600.0
2014-02-20,7.77,8.25,8.25,7.77,36181620.0,300090432.0
2014-02-19,7.13,7.53,7.50,6.99,16746183.0,125375768.0
2014-02-18,7.02,7.19,7.12,7.01,8871881.0,64233524.0
2014-02-17,7.05,7.12,7.01,7.00,5383014.0,38542100.0
2014-02-14,6.89,7.04,6.99,6.89,2571711.0,18231620.0
2014-02-13,7.15,7.18,6.90,6.79,5486349.0,39066496.0
2014-02-12,7.09,7.17,7.15,7.06,3501946.0,25359052.0
2014-02-11,7.04,7.15,7.09,7.02,3861579.0,27819976.0
2014-02-10,7.04,7.07,7.06,6.95,3710394.0,26488294.0
2014-02-07,6.84,6.95,6.92,6.79,2714399.0,18983008.0
2014-01-30,7.04,7.12,6.96,6.83,3888749.0,27573488.0
2014-01-29,7.18,7.37,7.10,7.07,6985972.0,50857256.0
2014-01-28,7.22,7.37,7.34,7.14,10839623.0,80186224.0
2014-01-27,7.13,7.23,7.21,7.05,3299069.0,23925136.0
2014-01-24,7.17,7.32,7.15,7.12,10559974.0,77856360.0
2014-01-23,7.08,7.32,7.20,7.01,4892698.0,35512588.0
2014-01-22,6.67,7.11,7.09,6.67,7451135.0,52615540.0
2014-01-21,6.46,6.78,6.71,6.38,7048145.0,47128992.0
2014-01-20,6.44,6.50,6.50,6.20,3569728.0,22968290.0
2014-01-17,6.57,6.62,6.50,6.48,1886394.0,12537432.0
2014-01-16,6.58,6.69,6.60,6.58,1402917.0,9473233.0
2014-01-15,6.57,6.66,6.62,6.54,1375178.0,9245710.0
2014-01-14,6.43,6.60,6.56,6.43,1881581.0,12453013.0
2014-01-13,6.62,6.69,6.46,6.45,2154786.0,14432237.0
2014-01-10,6.92,6.95,6.62,6.60,3297958.0,22557226.0
2014-01-09,6.92,7.04,6.95,6.84,2010809.0,14156966.0
2014-01-08,7.11,7.12,6.94,6.91,2061885.0,14667478.0
2014-01-07,7.11,7.14,7.06,7.04,1572075.0,11313207.0
2014-01-06,7.30,7.36,7.11,7.03,2535101.0,18360254.0
2014-01-03,7.48,7.56,7.34,7.30,3196335.0,23955812.0
2014-01-02,7.37,7.56,7.55,7.30,2157440.0,16348865.0
2013-12-31,7.23,7.38,7.36,7.19,1627629.0,12110172.0
2013-12-30,7.26,7.33,7.27,7.22,1464857.0,10840976.0
2013-12-27,7.09,7.28,7.26,7.08,1786714.0,13113766.0
2013-12-26,7.25,7.32,7.13,7.08,2351554.0,17177424.0
2013-12-25,7.31,7.35,7.30,7.23,1466553.0,10867723.0
2013-12-24,7.27,7.36,7.29,7.20,3815504.0,28296026.0
2013-12-23,7.22,7.28,7.27,7.09,2892875.0,21119988.0
2013-12-20,7.58,7.58,7.25,7.20,3035267.0,22714770.0
2013-12-19,7.67,7.67,7.52,7.52,1685837.0,13053886.0
2013-12-18,7.63,7.73,7.62,7.56,2482275.0,19245534.0
2013-12-17,7.65,7.72,7.64,7.63,1887553.0,14714509.0
2013-12-16,7.85,7.90,7.67,7.67,2992151.0,23629984.0
2013-12-13,7.66,7.94,7.85,7.66,4169799.0,33293282.0
2013-12-12,7.75,7.82,7.79,7.72,2666769.0,21096098.0
2013-12-11,7.92,7.93,7.77,7.70,4085620.0,32331434.0
2013-12-10,7.87,8.03,7.97,7.85,4689361.0,37910192.0
2013-12-09,7.86,7.90,7.86,7.80,3151419.0,25150262.0
2013-12-06,7.80,7.89,7.84,7.78,2945975.0,23465122.0
2013-12-05,7.76,7.91,7.85,7.75,3680791.0,29353084.0
2013-12-04,7.69,7.84,7.77,7.68,3753182.0,29699298.0
2013-12-03,7.64,7.75,7.73,7.54,3731661.0,29073854.0
2013-12-02,7.86,7.91,7.65,7.55,4887043.0,38372416.0
2013-11-29,7.88,7.96,7.92,7.88,4345730.0,34992320.0
2013-11-28,7.90,7.98,7.91,7.77,6028723.0,48418764.0
2013-11-27,7.82,7.88,7.87,7.72,3948349.0,31373908.0
2013-11-26,7.82,7.90,7.82,7.79,2719633.0,21671442.0
2013-11-25,7.96,8.00,7.83,7.81,4269210.0,34324328.0
2013-11-22,7.87,8.11,7.96,7.82,6276433.0,50783816.0
2013-11-21,7.79,7.89,7.88,7.72,4342963.0,34442280.0
2013-11-20,7.94,7.96,7.81,7.75,5109261.0,40573692.0
2013-11-19,7.85,8.00,7.90,7.78,5672600.0,45459372.0
2013-11-18,7.70,7.92,7.88,7.65,6738057.0,53454948.0
2013-11-15,7.64,7.84,7.70,7.53,5092622.0,39882308.0
2013-11-14,7.61,7.68,7.63,7.48,6805060.0,52441320.0
2013-11-13,8.10,8.10,7.64,7.58,9273482.0,73087080.0
2013-11-12,8.17,8.21,8.14,8.04,5743570.0,47369112.0
2013-11-11,8.18,8.40,8.17,7.99,5200340.0,43433200.0
2013-11-08,8.27,8.47,8.25,8.11,7614917.0,63847544.0
2013-11-07,8.52,8.57,8.34,8.24,9590893.0,81841952.0
2013-11-06,8.53,9.05,8.72,8.43,18311788.0,164213440.0
2013-11-05,8.31,8.86,8.62,7.94,15029753.0,128633824.0
2013-11-04,8.31,8.48,8.40,8.27,5956201.0,50782924.0
2013-11-01,8.83,8.89,8.38,8.23,15584161.0,133797960.0
2013-10-31,9.44,9.64,8.92,8.83,21588556.0,200781920.0
2013-10-30,9.15,9.68,9.50,9.06,28759076.0,274280928.0
2013-10-29,8.68,9.58,9.45,8.64,46892964.0,452376672.0
2013-10-28,8.86,9.07,8.71,8.45,13327770.0,117791776.0
2013-10-25,8.18,8.45,8.25,8.14,5280310.0,44728188.0
2013-10-24,8.24,8.24,8.17,8.04,1953405.0,16100497.0
2013-10-23,8.52,8.53,8.26,8.12,4387857.0,36980000.0
2013-10-22,8.24,8.54,8.47,8.20,6612742.0,56567988.0
2013-10-21,8.16,8.26,8.25,8.11,2054436.0,17120466.0
2013-10-18,8.18,8.23,8.18,8.10,1263273.0,10492639.0
2013-10-17,8.27,8.32,8.22,8.15,1771809.0,14811887.0
2013-10-16,8.34,8.46,8.27,8.06,3082007.0,25703520.0
2013-10-15,8.40,8.44,8.39,8.27,3579958.0,30354718.0
2013-10-14,8.53,8.56,8.43,8.33,4930225.0,42351152.0
2013-10-11,8.17,8.45,8.43,8.05,5449585.0,45911044.0
2013-10-10,8.17,8.24,8.18,8.03,2909687.0,24009224.0
2013-10-09,8.24,8.35,8.24,8.17,2275166.0,19031146.0
2013-10-08,8.17,8.36,8.25,8.09,2450581.0,20533020.0
2013-09-30,8.20,8.26,8.17,8.03,2157980.0,17774726.0
2013-09-27,8.18,8.28,8.21,8.13,2257010.0,18785778.0
2013-09-26,8.19,8.66,8.28,8.03,4547370.0,38659068.0
2013-09-25,8.42,8.49,8.25,8.10,4630009.0,38777140.0
2013-09-24,8.53,8.58,8.46,8.39,2269139.0,19519974.0
2013-09-23,8.52,8.61,8.58,8.40,4516333.0,38980628.0
2013-09-18,8.41,8.55,8.55,8.25,2907686.0,24813372.0
2013-09-17,8.38,8.53,8.42,8.31,2770283.0,23709370.0
2013-09-16,8.59,8.73,8.39,8.33,4502726.0,38909564.0
2013-09-13,8.84,8.89,8.59,8.56,3562452.0,31498706.0
2013-09-12,8.63,8.93,8.84,8.51,6136334.0,54756584.0
2013-09-11,9.07,9.13,8.63,8.60,8174616.0,73144792.0
2013-09-10,8.69,9.12,9.07,8.67,8995212.0,82185120.0
2013-09-09,8.50,8.84,8.74,8.41,7974497.0,70241000.0
2013-09-06,8.33,8.52,8.47,8.19,6262103.0,53615292.0
2013-09-05,8.27,8.52,8.36,8.08,11610390.0,98942088.0
2013-09-04,8.17,8.32,8.27,8.12,4978474.0,41751864.0
2013-09-03,8.17,8.29,8.22,8.08,5120110.0,42654972.0
2013-09-02,8.02,8.22,8.18,7.97,4619190.0,38155852.0
2013-08-30,7.91,8.09,8.03,7.91,5777434.0,47041920.0
2013-08-29,7.88,8.13,7.96,7.80,5321268.0,43199888.0
2013-08-28,8.02,8.03,7.90,7.67,6015720.0,48482128.0
2013-08-27,8.07,8.18,8.09,7.98,4981422.0,40965672.0
2013-08-26,7.91,8.30,8.09,7.90,8850550.0,73111984.0
2013-08-23,7.81,8.34,8.03,7.74,13777929.0,112300992.0
2013-08-22,7.53,8.11,7.85,7.48,9243141.0,73202088.0
2013-08-21,7.47,7.62,7.54,7.38,4374263.0,33487314.0
2013-08-20,7.46,7.57,7.44,7.39,4410863.0,33537856.0
2013-08-19,7.35,7.55,7.46,7.34,4586945.0,34929008.0
2013-08-16,7.43,7.76,7.35,7.34,5525232.0,42404760.0
2013-08-15,7.54,7.62,7.47,7.46,4618581.0,35349528.0
2013-08-14,7.60,7.71,7.59,7.55,5837131.0,45366528.0
2013-08-13,7.63,7.82,7.66,7.63,7645801.0,59930376.0
2013-08-12,7.44,7.71,7.60,7.42,10657668.0,81927192.0
2013-08-09,7.34,7.39,7.32,7.23,5171041.0,38541784.0
2013-08-08,7.30,7.41,7.31,7.26,3150307.0,23505914.0
2013-08-07,7.29,7.36,7.31,7.24,3409734.0,25337924.0
2013-08-06,7.18,7.40,7.29,7.18,5039650.0,37483592.0
2013-08-05,7.13,7.24,7.22,7.09,3227998.0,23596588.0
2013-08-02,7.15,7.23,7.14,7.11,2291482.0,16694312.0
2013-08-01,7.05,7.17,7.11,7.05,3372293.0,24429508.0
2013-07-31,7.17,7.19,7.06,7.04,2403486.0,17315928.0
2013-07-30,6.98,7.16,7.12,6.94,2533405.0,18209126.0
2013-07-29,7.28,7.28,7.02,7.02,3964911.0,28634598.0
2013-07-26,7.48,7.52,7.33,7.33,2429002.0,18323514.0
2013-07-25,7.45,7.52,7.48,7.25,4433274.0,33428832.0
2013-07-24,7.44,7.57,7.41,7.30,3624184.0,27288932.0
2013-07-23,7.29,7.52,7.47,7.24,3104148.0,23435610.0
2013-07-22,7.26,7.41,7.33,7.00,5164131.0,37994352.0
2013-07-19,7.71,7.81,7.33,7.19,5100202.0,39184096.0
2013-07-18,7.76,7.81,7.72,7.59,4053195.0,31775868.0
2013-07-17,7.79,7.94,7.75,7.73,5367848.0,42712772.0
2013-07-16,7.53,7.89,7.84,7.51,6119814.0,48257220.0
2013-07-15,7.53,7.66,7.59,7.44,4094643.0,31391310.0
2013-07-12,7.75,7.79,7.56,7.55,5624535.0,43954416.0
2013-07-11,7.61,7.92,7.78,7.59,7065882.0,55927528.0
2013-07-10,7.46,7.68,7.66,7.38,4092868.0,31476632.0
2013-07-09,7.23,7.55,7.51,7.19,4335106.0,32711312.0
2013-07-08,8.16,8.16,7.51,7.51,9714281.0,75891056.0
2013-07-05,8.66,8.76,8.34,8.31,11070680.0,95659048.0
2013-07-04,8.86,9.13,8.75,8.74,12536917.0,114695744.0
2013-07-03,8.66,8.90,8.90,8.51,10861849.0,96719000.0
2013-07-02,8.76,8.94,8.70,8.50,8858943.0,78407944.0
2013-07-01,8.42,8.82,8.77,8.33,9253698.0,80808864.0
2013-06-28,8.51,8.64,8.47,8.23,9229608.0,79343288.0
2013-06-27,8.86,9.03,8.64,8.51,12866015.0,114492520.0
2013-06-26,8.62,9.15,8.96,8.31,18068256.0,162934560.0
2013-06-25,7.97,8.75,8.73,7.75,19438468.0,162956528.0
2013-06-24,7.49,8.21,7.95,7.45,12915871.0,103874176.0
2013-06-21,7.40,7.87,7.66,7.40,8487154.0,66043980.0
2013-06-20,7.26,7.41,7.22,7.18,2965083.0,21956890.0
2013-06-19,7.54,7.55,7.26,7.13,3950392.0,29199350.0
2013-06-18,7.50,7.66,7.54,7.47,2261813.0,17313576.0
2013-06-17,7.55,7.58,7.49,7.28,3777870.0,28689090.0
2013-06-14,7.40,7.62,7.54,7.40,3085699.0,23685274.0
2013-06-13,8.07,8.08,7.50,7.43,5388515.0,41501684.0
2013-06-07,8.27,8.27,8.06,8.05,3953708.0,32827468.0
2013-06-06,8.20,8.56,8.23,8.18,4200282.0,36087216.0
2013-06-05,8.39,8.46,8.23,8.22,3949705.0,33772056.0
2013-06-04,8.81,8.84,8.36,8.36,5449157.0,47821600.0
2013-06-03,8.85,9.01,8.81,8.78,4862297.0,44448200.0
2013-05-31,8.88,9.03,8.92,8.80,5333563.0,48811020.0
2013-05-30,8.75,8.86,8.82,8.68,5560866.0,50294404.0
2013-05-29,8.83,9.04,8.80,8.75,8448553.0,77151168.0
2013-05-28,8.53,8.81,8.74,8.46,9248919.0,82537648.0
2013-05-27,8.53,8.67,8.53,8.46,4528967.0,39848272.0
2013-05-24,8.39,8.59,8.52,8.39,4356486.0,38187860.0
2013-05-23,8.49,8.57,8.41,8.37,4663293.0,40526132.0
2013-05-22,8.50,8.73,8.53,8.48,4984404.0,44016860.0
2013-05-21,8.48,8.60,8.50,8.37,4713804.0,41218428.0
2013-05-20,8.26,8.54,8.48,8.26,6639121.0,57635364.0
2013-05-17,8.11,8.38,8.27,8.09,4707651.0,39889424.0
2013-05-16,8.02,8.15,8.13,7.89,3463469.0,28677814.0
2013-05-15,8.02,8.09,8.06,7.97,1730571.0,14287819.0
2013-05-14,8.31,8.31,8.00,7.96,4309762.0,35793532.0
2013-05-13,8.38,8.41,8.29,8.25,2154569.0,18411240.0
2013-05-10,8.26,8.40,8.35,8.17,2325173.0,19811876.0
2013-05-09,8.21,8.31,8.27,8.19,2666269.0,22632526.0
2013-05-08,8.29,8.31,8.24,8.19,2172460.0,18426668.0
2013-05-07,8.16,8.31,8.21,8.10,2161379.0,18292202.0
2013-05-06,8.02,8.22,8.16,8.00,2872459.0,24064136.0
2013-05-03,7.95,8.12,8.00,7.90,2426316.0,20093240.0
2013-05-02,8.17,8.24,7.92,7.83,3305342.0,26969192.0
2013-04-26,8.47,8.48,8.17,8.15,2516684.0,21488618.0
2013-04-25,8.50,8.52,8.42,8.30,4009345.0,34691928.0
2013-04-24,8.38,8.54,8.47,8.38,2244846.0,19543588.0
2013-04-23,8.71,8.79,8.42,8.36,3131110.0,27413716.0
2013-04-22,8.69,8.92,8.70,8.61,3417947.0,30852608.0
2013-04-19,8.51,8.72,8.69,8.50,3923457.0,35015728.0
2013-04-18,8.47,8.60,8.55,8.41,3180138.0,27918034.0
2013-04-17,8.57,8.61,8.53,8.43,2981063.0,26112236.0
2013-04-16,8.26,8.59,8.56,8.21,4027416.0,34965144.0
2013-04-15,8.58,8.63,8.38,8.31,4567202.0,39479260.0
2013-04-12,8.78,8.92,8.70,8.55,6632442.0,59773920.0
2013-04-11,9.08,9.18,9.07,9.05,3015924.0,28255776.0
2013-04-10,9.04,9.13,9.05,9.00,2344541.0,21857880.0
2013-04-09,9.00,9.26,9.10,8.99,4386824.0,41338124.0
2013-04-08,8.87,8.94,8.83,8.70,4392522.0,39742416.0
2013-04-03,9.32,9.42,8.95,8.78,6764074.0,62516692.0
2013-04-02,9.56,9.66,9.33,9.28,2884315.0,28016518.0
2013-04-01,9.40,9.60,9.52,9.35,2507388.0,24561124.0
2013-03-29,9.53,9.61,9.52,9.48,2538385.0,24871426.0
2013-03-28,9.75,9.75,9.50,9.47,5036391.0,49565424.0
2013-03-27,9.92,10.04,9.88,9.77,4085868.0,41667560.0
2013-03-26,10.09,10.09,9.90,9.85,4573900.0,46716768.0
2013-03-25,10.40,10.40,10.13,10.06,4619378.0,48679408.0
2013-03-22,10.26,10.53,10.31,10.25,5239926.0,55964768.0
2013-03-21,10.22,10.49,10.34,10.22,5981269.0,63587448.0
2013-03-20,10.11,10.34,10.29,10.04,7046585.0,73994592.0
2013-03-19,9.89,10.36,10.22,9.84,7395656.0,76703736.0
2013-03-18,10.30,10.30,9.90,9.87,8175006.0,84386104.0
2013-03-15,10.50,10.67,10.44,10.21,8302749.0,89201568.0
2013-03-14,10.56,10.87,10.65,10.46,14100903.0,154722112.0
2013-03-13,9.99,10.82,10.82,9.98,25116528.0,276466912.0
2013-03-12,10.35,10.39,9.84,9.67,8063441.0,82660448.0
2013-03-11,10.69,10.70,10.30,10.21,6627967.0,70958328.0
2013-03-08,10.82,10.93,10.76,10.65,5848250.0,64931916.0
2013-03-07,10.91,11.02,10.88,10.78,6393257.0,71585872.0
2013-03-06,11.03,11.18,11.03,10.93,5908470.0,67116472.0
2013-03-05,10.84,10.97,10.94,10.62,4582224.0,50798660.0
2013-03-04,11.25,11.39,10.85,10.77,6482349.0,73896504.0
2013-03-01,11.51,11.56,11.41,11.28,5053070.0,59127412.0
2013-02-28,11.40,11.56,11.50,11.23,5091276.0,59776184.0
2013-02-27,11.55,11.86,11.37,11.19,8361566.0,98612712.0
2013-02-26,12.65,12.79,11.75,11.62,19935582.0,250116976.0
2013-02-25,11.26,11.88,11.83,11.25,10412605.0,124218008.0
2013-02-22,10.98,11.22,11.12,10.95,3929203.0,44890072.0
2013-02-21,11.23,11.25,10.92,10.83,5410088.0,61491192.0
2013-02-20,11.26,11.42,11.39,11.18,3381112.0,39345468.0
2013-02-19,11.47,11.64,11.25,11.23,5276635.0,61819252.0
2013-02-18,11.32,11.64,11.48,11.32,7073794.0,83792472.0
2013-02-08,10.97,11.37,11.26,10.97,4765152.0,55111892.0
2013-02-07,10.96,11.11,11.00,10.76,4276797.0,48234196.0
2013-02-06,10.81,11.18,11.00,10.74,5858400.0,65992764.0
2013-02-05,10.86,10.86,10.79,10.67,4801326.0,53140404.0
2013-02-04,10.71,10.93,10.86,10.49,6243968.0,68718464.0
2013-02-01,10.60,10.76,10.62,10.49,2974808.0,32515860.0
2013-01-31,10.58,10.77,10.69,10.57,3481715.0,38260576.0
2013-01-30,10.80,10.84,10.58,10.48,4349975.0,47493644.0
2013-01-29,10.79,10.89,10.75,10.62,4272489.0,47195608.0
2013-01-28,10.61,10.97,10.84,10.43,3972657.0,43830944.0
2013-01-25,10.88,10.88,10.48,10.48,3497201.0,38025508.0
2013-01-24,11.04,11.32,10.68,10.52,5438087.0,61298552.0
2013-01-23,10.98,11.07,11.05,10.90,2725867.0,30788468.0
2013-01-22,11.35,11.45,10.98,10.90,5041884.0,57432264.0
2013-01-21,11.32,11.51,11.35,11.30,4583093.0,53665480.0
2013-01-18,11.30,11.35,11.31,11.05,4281173.0,49443544.0
2013-01-17,11.25,11.39,11.16,11.03,3393019.0,39069972.0
2013-01-16,11.45,11.50,11.27,10.95,6019483.0,69490920.0
2013-01-15,11.12,11.43,11.42,11.09,7134777.0,83049824.0
2013-01-14,10.69,11.15,11.10,10.56,6005411.0,67636728.0
2013-01-11,11.16,11.26,10.78,10.62,5261383.0,58884972.0
2013-01-10,11.09,11.24,11.13,10.98,3167755.0,36140100.0
2013-01-09,11.24,11.35,11.13,10.98,5830626.0,66805804.0
2013-01-08,10.94,11.47,11.24,10.94,9004758.0,103713416.0
2013-01-07,10.60,11.01,10.93,10.40,5167591.0,57512668.0
2013-01-04,10.94,10.98,10.62,10.58,3982964.0,43929016.0
2012-12-31,10.62,10.95,10.83,10.61,4399446.0,48861428.0
2012-12-28,10.59,10.74,10.62,10.48,3989264.0,43506396.0
2012-12-27,10.94,11.22,10.59,10.53,8393992.0,93512608.0
2012-12-26,10.22,10.94,10.88,10.19,10561149.0,114944240.0
2012-12-25,9.90,10.37,10.22,9.85,7267980.0,75910880.0
2012-12-24,9.82,9.93,9.90,9.73,3043693.0,30890842.0
2012-12-21,10.21,10.45,9.85,9.81,6324736.0,65906144.0
2012-12-20,10.24,10.33,10.17,10.07,3347333.0,35074256.0
2012-12-19,10.22,10.38,10.24,10.18,3630786.0,38401020.0
2012-12-18,10.43,10.48,10.21,10.13,4992243.0,52670936.0
2012-12-17,10.21,10.73,10.43,10.21,9573361.0,102939032.0
2012-12-14,9.90,10.27,10.21,9.85,5724854.0,59625652.0
2012-12-13,9.87,10.12,9.88,9.79,2868949.0,29347990.0
2012-12-12,9.94,10.04,9.90,9.80,3340873.0,34017540.0
2012-12-11,10.06,10.27,10.03,9.78,6295534.0,64721564.0
2012-12-10,10.16,10.35,10.03,9.92,7224775.0,74893512.0
2012-12-07,9.72,9.96,9.87,9.61,7763274.0,78317560.0
2012-12-06,9.48,9.77,9.72,9.46,7187196.0,71225496.0
2012-12-05,9.12,9.79,9.60,9.12,8374489.0,81977440.0
2012-12-04,8.92,9.27,9.21,8.85,4150784.0,38643588.0
2012-12-03,9.00,9.28,9.03,8.85,3539862.0,33133518.0
2012-11-30,9.18,9.25,9.07,8.78,3473061.0,32172430.0
2012-11-29,9.39,9.43,9.25,9.18,5930770.0,56760496.0
2012-11-28,8.92,9.72,9.47,8.65,9000838.0,86291360.0
2012-11-27,8.84,9.12,8.98,8.66,3093443.0,28485364.0
2012-11-26,9.08,9.11,8.88,8.84,2095059.0,19225582.0
2012-11-23,9.22,9.32,9.08,9.07,2353491.0,22234828.0
2012-11-22,9.06,9.52,9.39,8.94,6433568.0,61528976.0
2012-11-21,9.00,9.16,9.14,8.86,1948174.0,18088760.0
2012-11-20,9.04,9.07,8.97,8.95,1813065.0,16765526.0
2012-11-19,9.44,9.62,9.08,8.85,4038063.0,37768808.0
2012-11-16,9.55,9.69,9.57,9.38,962420.0,9389894.0
2012-11-15,9.86,9.86,9.64,9.62,1257230.0,12570571.0
2012-11-14,9.89,9.96,9.96,9.65,1225656.0,12340368.0
2012-11-13,10.27,10.32,9.81,9.81,1441569.0,14825911.0
2012-11-12,10.35,10.41,10.28,10.10,1271818.0,13421408.0
2012-11-09,10.30,10.47,10.33,10.27,782185.0,8322805.0
2012-11-08,10.81,10.81,10.42,10.42,1516980.0,16491343.0
2012-11-07,10.84,10.95,10.86,10.79,920318.0,10288056.0
2012-11-06,10.94,11.01,10.86,10.72,1454279.0,16227688.0
2012-11-05,11.01,11.06,10.95,10.87,990254.0,11155347.0
2012-11-02,11.00,11.16,10.99,10.94,1472162.0,16672674.0
2012-11-01,10.83,11.06,11.00,10.83,2183312.0,24619714.0
2012-10-31,10.85,10.97,10.82,10.77,868293.0,9661528.0
2012-10-30,10.98,10.98,10.85,10.78,984948.0,11007710.0
2012-10-29,11.08,11.26,10.90,10.85,1063939.0,12080989.0
2012-10-26,11.63,11.66,11.13,11.08,1688799.0,19636220.0
2012-10-25,11.70,11.80,11.63,11.53,1631137.0,19553864.0
2012-10-24,11.56,12.29,11.84,11.49,2859554.0,35140092.0
2012-10-23,11.66,11.79,11.61,11.59,1119850.0,13450048.0
2012-10-22,11.62,11.74,11.67,11.48,764475.0,9115428.0
2012-10-19,11.75,11.85,11.69,11.59,1154509.0,13918199.0
2012-10-18,11.63,11.89,11.77,11.53,1639861.0,19804442.0
2012-10-17,11.47,11.62,11.53,11.35,1556885.0,18446516.0
2012-10-16,11.53,11.68,11.44,11.39,1361959.0,16100723.0
2012-10-15,11.94,11.96,11.53,11.47,2121511.0,25388310.0
2012-10-12,11.69,12.14,12.01,11.66,2848841.0,34865600.0
2012-10-11,11.74,12.31,11.69,11.48,3083263.0,37944548.0
2012-10-10,11.73,11.82,11.82,11.50,2046528.0,24578238.0
2012-10-09,11.66,11.86,11.81,11.46,2496176.0,30145958.0
2012-10-08,11.21,11.98,11.45,11.19,2777502.0,33272258.0
2012-09-28,10.87,11.24,11.21,10.87,1590174.0,18094228.0
2012-09-27,10.89,11.21,11.00,10.70,1654632.0,18713464.0
2012-09-26,11.13,11.23,10.74,10.69,1233505.0,13794971.0
2012-09-25,11.37,11.41,11.15,11.09,970580.0,11248874.0
2012-09-24,11.13,11.45,11.32,10.99,1044031.0,12013520.0
2012-09-21,11.38,11.53,11.37,11.28,1209201.0,14181263.0
2012-09-20,11.85,11.94,11.41,11.41,1730674.0,20715570.0
2012-09-19,11.87,12.05,11.97,11.78,1321508.0,16198182.0
2012-09-18,12.35,12.35,11.84,11.66,2340793.0,29018990.0
2012-09-17,12.89,13.27,12.47,12.47,2315684.0,30605312.0
2012-09-14,12.98,13.06,12.90,12.79,2391148.0,31816654.0
2012-09-13,12.93,13.07,12.84,12.84,1805129.0,23997918.0
2012-09-12,12.98,13.11,12.93,12.75,2089525.0,27735836.0
2012-09-11,13.20,13.20,12.92,12.54,2792858.0,36782324.0
2012-09-10,12.86,13.34,13.24,12.78,2752867.0,37367232.0
2012-09-07,12.35,13.04,12.93,12.35,4449088.0,58699712.0
2012-09-06,12.15,12.33,12.27,12.13,1247610.0,15670064.0
2012-09-05,12.29,12.44,12.22,12.00,2079302.0,26087944.0
2012-09-04,12.67,12.74,12.29,12.27,2298203.0,29566826.0
2012-09-03,12.64,12.85,12.75,12.46,1814396.0,23706278.0
2012-08-31,12.75,12.78,12.69,12.63,1276897.0,16661215.0
2012-08-30,12.79,13.02,12.71,12.65,1363996.0,17985438.0
2012-08-29,13.05,13.28,13.00,12.88,1755693.0,23710468.0
2012-08-28,12.99,13.07,12.84,12.74,1865870.0,24719598.0
2012-08-27,13.46,13.47,12.85,12.73,1557021.0,20790232.0
2012-08-24,13.67,13.85,13.46,13.42,1008827.0,14114800.0
2012-08-23,14.02,14.02,13.85,13.71,1283375.0,18258000.0
2012-08-22,13.92,14.08,13.88,13.86,1037182.0,14888909.0
2012-08-21,13.95,14.14,13.95,13.71,1123889.0,16172338.0
2012-08-20,13.61,13.82,13.78,13.61,886885.0,12496813.0
2012-08-17,13.95,14.04,13.80,13.68,1562547.0,22143358.0
2012-08-16,13.93,14.39,13.94,13.91,1349482.0,19501446.0
2012-08-15,14.23,14.66,14.17,13.91,1636531.0,24229250.0
2012-08-14,14.48,14.57,14.34,13.66,2260098.0,33060966.0
2012-08-13,15.04,15.04,14.45,14.45,2750412.0,41536164.0
2012-08-10,14.68,15.73,15.14,14.68,4403485.0,69174008.0
2012-08-09,14.81,14.81,14.62,14.43,1839648.0,27619550.0
2012-08-08,14.65,14.66,14.61,14.32,3279387.0,48998264.0
2012-08-07,13.71,14.94,14.67,13.71,4612178.0,69183312.0
2012-08-06,13.71,13.85,13.84,13.43,2715713.0,38231396.0
2012-08-03,13.62,14.02,13.68,13.23,2308196.0,32275560.0
2012-08-02,13.59,13.78,13.62,13.46,1733211.0,24278688.0
2012-08-01,13.40,13.71,13.61,13.32,1870109.0,26010926.0
2012-07-31,13.49,14.06,13.67,13.41,2671389.0,37869352.0
2012-07-30,13.14,13.55,13.49,13.03,2782045.0,38335476.0
2012-07-27,12.96,13.22,13.12,12.84,2094199.0,28234904.0
2012-07-26,12.85,13.00,12.83,12.73,1387084.0,18366520.0
2012-07-25,13.10,13.10,12.84,12.81,1175280.0,15650539.0
2012-07-24,13.07,13.32,13.10,12.74,1804348.0,24144278.0
2012-07-23,13.34,13.35,13.24,12.95,2292059.0,31128652.0
2012-07-20,13.05,13.37,13.21,13.05,2118814.0,28842114.0
2012-07-19,12.96,13.34,13.05,12.95,2730500.0,36925948.0
2012-07-18,13.17,13.17,12.95,12.69,3009284.0,39805544.0
2012-07-17,13.03,13.32,13.21,12.93,1906529.0,25805366.0
2012-07-16,13.64,13.64,13.33,12.73,5299773.0,71509352.0
2012-07-13,14.78,14.87,14.15,14.15,6479171.0,94959776.0
2012-07-12,15.44,15.81,15.73,15.29,2295061.0,36768736.0
2012-07-11,15.84,15.84,15.47,15.34,2371508.0,37737684.0
2012-07-10,16.11,16.37,15.85,15.83,1350051.0,22235176.0
2012-07-09,16.35,16.61,16.09,16.09,1583996.0,26563928.0
2012-07-06,16.82,16.82,16.65,16.22,1481692.0,25198568.0
2012-07-05,16.64,16.80,16.44,16.26,1728203.0,29316102.0
2012-07-04,16.38,17.16,16.88,16.34,2941393.0,51117132.0
2012-07-03,16.38,16.54,16.40,16.24,1693036.0,28574780.0
2012-07-02,16.25,16.62,16.44,16.24,2524517.0,42590876.0
2012-06-29,16.42,16.63,16.17,16.17,3831522.0,64454300.0
2012-06-28,16.53,16.63,16.50,16.35,2152452.0,36575452.0
2012-06-27,16.22,16.83,16.43,16.22,1866698.0,31779852.0
2012-06-26,16.85,16.86,16.21,15.89,3219413.0,54095800.0
2012-06-21,17.50,17.64,17.30,17.21,2079068.0,37225636.0
2012-06-20,17.24,17.58,17.33,17.24,1132184.0,20288206.0
2012-06-19,17.60,17.67,17.28,17.25,1623002.0,29151108.0
2012-06-18,17.50,17.78,17.59,17.48,1834884.0,33278040.0
2012-06-15,17.59,17.79,17.49,17.40,2466088.0,44580748.0
2012-06-14,17.40,17.81,17.46,17.24,3306518.0,59930344.0
2012-06-13,16.91,17.48,17.46,16.84,2986914.0,52784584.0
2012-06-12,16.72,16.95,16.84,16.64,1510768.0,26106730.0
2012-06-11,16.48,16.85,16.82,16.45,1923328.0,32975448.0
2012-06-08,16.99,16.99,16.46,16.33,1875125.0,32101060.0
2012-06-07,17.01,17.21,16.74,16.63,1753974.0,30415858.0
2012-06-06,17.50,17.50,16.81,16.74,2146398.0,37585524.0
2012-06-05,17.50,17.88,17.16,17.14,2841549.0,50869592.0
2012-06-04,17.62,18.03,17.56,17.54,2933413.0,53704412.0
2012-06-01,17.70,18.52,18.19,17.59,5460491.0,101982736.0
2012-05-31,17.58,17.90,17.70,17.47,2347745.0,42666920.0
2012-05-30,18.04,18.04,17.75,17.61,2818357.0,51638708.0
2012-05-29,17.32,18.54,18.07,17.31,5964548.0,110580000.0
2012-05-28,16.96,17.00,17.00,16.48,2227810.0,38492024.0
2012-05-25,16.93,17.16,16.96,16.82,2385560.0,41694148.0
2012-05-24,17.25,17.28,16.94,16.89,2612920.0,45825700.0
2012-05-23,17.55,17.55,17.30,17.22,1950132.0,34753216.0
2012-05-22,17.02,17.55,17.55,17.01,3321361.0,59264308.0
2012-05-21,17.48,17.66,17.17,16.87,2491784.0,44286792.0
2012-05-18,18.18,18.18,17.43,17.40,3729959.0,68163576.0
2012-05-17,18.42,18.51,18.29,18.06,2477626.0,46580248.0
2012-05-16,18.47,18.64,18.28,18.28,2066422.0,39116308.0
2012-05-15,18.66,18.76,18.55,18.28,3894509.0,74171168.0
2012-05-14,19.47,19.49,19.03,19.01,3451373.0,67939792.0
2012-05-11,19.02,19.55,19.31,19.00,4372820.0,86715888.0
2012-05-10,19.08,19.24,19.09,18.99,3280005.0,64478720.0
2012-05-09,19.15,19.58,19.09,19.02,3695027.0,73257568.0
2012-05-08,19.54,19.54,19.33,19.15,4040291.0,80226592.0
2012-05-07,19.95,19.96,19.56,19.15,7497895.0,150240384.0
2012-05-04,19.99,20.12,20.07,19.77,3212093.0,65956724.0
2012-05-03,19.98,20.15,19.97,19.94,3162158.0,65086744.0
2012-05-02,20.41,20.61,20.16,19.71,5292916.0,109364984.0
2012-04-27,19.34,20.95,19.98,19.26,5779874.0,120077400.0
2012-04-25,19.54,19.70,19.19,18.96,4333873.0,85702152.0
2012-04-24,19.67,20.32,19.54,19.15,4199117.0,84888224.0
2012-04-23,20.54,20.90,19.94,19.91,4630377.0,97119320.0
2012-04-20,19.93,20.59,20.22,19.79,3761197.0,78792240.0
2012-04-19,20.42,20.60,20.18,19.96,3768694.0,78826760.0
2012-04-18,20.41,20.70,20.53,20.26,4409994.0,92872256.0
2012-04-17,20.73,21.05,20.43,20.24,5200943.0,110225288.0
2012-04-16,20.85,21.18,20.79,20.47,6288984.0,135374064.0
2012-04-13,20.36,21.21,21.00,20.02,10608527.0,224043360.0
2012-04-12,21.39,21.39,20.62,20.42,12251035.0,262559968.0
2012-04-11,18.86,20.42,20.42,18.66,8142230.0,168447536.0
2012-04-09,19.44,19.44,18.57,18.52,7044006.0,136844864.0
2012-04-06,20.60,20.60,19.77,19.62,7401098.0,152030784.0
2012-04-05,20.13,20.69,20.60,19.91,6027983.0,126783992.0
2012-03-30,20.39,20.73,20.33,19.71,6607228.0,137974288.0
2012-03-29,20.36,20.89,20.39,19.52,9530024.0,200265024.0
2012-03-28,19.65,21.16,20.29,19.06,12186917.0,254460336.0
2012-03-27,20.62,21.07,19.84,19.66,9050317.0,188949088.0
2012-03-26,21.69,21.80,21.09,20.64,3421224.0,151823904.0
2012-03-23,22.19,22.48,21.59,21.03,4691283.0,214418912.0
2012-03-22,21.97,22.51,22.06,21.59,3116311.0,145265680.0
2012-03-21,22.59,22.72,22.06,21.30,5651856.0,260435184.0
2012-03-20,21.96,22.99,22.42,21.61,9720985.0,456463168.0
2012-03-19,20.53,21.29,21.29,20.21,3301312.0,144700640.0
2012-03-16,20.48,20.77,20.51,20.02,2454811.0,105501784.0
2012-03-15,20.26,20.87,20.47,19.65,3075813.0,131515512.0
2012-03-14,22.25,22.39,20.46,20.27,5336969.0,240336128.0
2012-03-12,22.11,22.11,21.73,21.63,3007181.0,137999472.0
2012-03-09,22.00,22.62,22.13,21.72,4169380.0,195029968.0
2012-03-08,21.54,22.01,22.01,21.03,4322754.0,196218928.0
2012-03-07,20.64,22.67,21.34,20.40,5613138.0,255654144.0
2012-03-05,20.10,21.21,20.78,19.96,5978344.0,261647360.0
2012-03-02,19.76,20.06,19.98,19.50,2248813.0,94459784.0
2012-03-01,19.75,19.87,19.66,19.46,1967598.0,81568864.0
2012-02-29,19.69,20.02,19.75,19.67,1962773.0,82125200.0
2012-02-28,19.60,20.05,19.81,19.58,2978778.0,124619288.0
2012-02-27,19.72,20.10,19.77,19.60,3732745.0,156250848.0
2012-02-24,19.52,19.91,19.73,19.39,2270121.0,94405496.0
2012-02-23,19.83,19.92,19.52,19.24,3294570.0,136113984.0
2012-02-22,20.16,20.16,19.84,19.36,4340270.0,180006928.0
2012-02-21,19.87,20.63,19.81,19.45,5091603.0,215617376.0
2012-02-20,20.08,20.08,19.69,19.23,3344383.0,138183264.0
2012-02-17,18.98,18.98,18.88,18.66,1509392.0,59926212.0
2012-02-16,18.53,18.92,18.78,18.40,1976381.0,77650256.0
2012-02-15,18.65,18.74,18.65,18.39,1522294.0,59561836.0
2012-02-14,18.45,18.78,18.65,18.39,1813403.0,71222032.0
2012-02-13,17.96,18.73,18.48,17.82,2200243.0,85699376.0
2012-02-10,18.26,18.26,18.16,17.93,1720073.0,65601200.0
2012-02-09,17.92,18.24,17.92,17.78,2153538.0,81670760.0
2012-02-08,17.60,18.24,18.09,17.60,2828251.0,107761976.0
2012-02-07,18.07,18.07,17.59,17.43,2627415.0,97820744.0
2012-02-06,16.94,18.26,18.07,16.79,4424396.0,164443552.0
2012-02-03,16.69,17.06,16.87,16.61,1705310.0,60752992.0
2012-02-02,16.60,16.78,16.75,16.41,1247324.0,43559648.0
2012-02-01,16.74,16.89,16.56,16.56,1109011.0,39025268.0
2012-01-31,16.70,17.07,16.75,16.60,1434502.0,50647596.0
2012-01-30,16.70,17.13,16.89,16.41,2484825.0,87895744.0
2012-01-20,15.66,16.83,16.54,15.66,4952859.0,170279536.0
2012-01-19,17.16,17.39,17.10,16.94,1543800.0,55739816.0
2012-01-18,17.46,17.79,17.14,16.90,2350644.0,85723856.0
2012-01-17,16.65,17.52,17.50,16.29,3172099.0,113943008.0
2012-01-16,16.44,17.30,16.65,16.20,2478111.0,88094992.0
2012-01-13,17.34,17.34,16.60,16.58,2565055.0,90867376.0
2012-01-12,17.32,17.60,17.22,16.99,2606594.0,94803776.0
2012-01-11,17.08,17.70,17.37,17.00,3245387.0,119175192.0
2012-01-10,16.81,17.49,17.22,16.64,4074327.0,147060720.0
2012-01-09,15.68,16.76,16.76,15.68,4991634.0,172269152.0
2012-01-05,14.51,15.89,15.23,14.33,3918339.0,127179544.0
2012-01-04,14.56,14.94,14.52,14.50,2108705.0,65597400.0
2011-12-30,14.02,14.35,14.32,14.02,1308303.0,39238208.0
2011-12-29,13.88,14.12,13.91,13.82,836643.0,24681290.0
2011-12-28,13.69,13.98,13.98,13.57,1088006.0,31727030.0
2011-12-27,14.10,14.21,13.72,13.61,965187.0,28202154.0
2011-12-26,14.39,14.54,14.15,14.07,662103.0,19947436.0
2011-12-23,14.56,14.80,14.39,14.28,1476973.0,45237192.0
2011-12-22,14.56,14.71,14.47,13.70,1713785.0,51570552.0
2011-12-21,15.34,15.46,14.56,14.52,1352494.0,42960252.0
2011-12-20,14.99,15.55,15.18,14.86,2112494.0,67657144.0
2011-12-19,14.11,15.26,15.18,13.63,2639062.0,80178464.0
2011-12-16,13.57,14.31,14.30,13.57,1616973.0,47529580.0
2011-12-15,13.87,13.90,13.62,13.47,1885375.0,54163884.0
2011-12-14,14.45,14.45,13.87,13.83,2490391.0,73930352.0
2011-12-13,15.42,15.47,14.47,14.04,2059286.0,63481964.0
2011-12-12,15.98,16.08,15.55,15.55,901959.0,30223970.0
2011-12-09,16.23,16.45,15.94,15.84,953967.0,32304528.0
2011-12-08,16.55,16.68,16.41,16.04,947857.0,32756256.0
2011-12-07,16.53,16.69,16.68,16.41,714721.0,24949960.0
2011-12-06,16.60,16.69,16.51,16.32,767155.0,26670678.0
2011-12-05,17.55,17.55,16.52,16.46,1701948.0,60269144.0
2011-12-02,18.50,18.50,17.50,17.26,1917378.0,71989504.0
2011-12-01,18.50,19.21,18.55,18.32,2950414.0,116209408.0
2011-11-29,18.55,18.64,18.53,18.27,1352033.0,52581260.0
2011-11-28,19.07,19.09,18.45,18.27,1703008.0,66423152.0
2011-11-25,19.31,19.31,18.88,18.82,822365.0,33065758.0
2011-11-24,19.36,19.48,19.16,19.03,851131.0,34407228.0
2011-11-23,19.67,19.96,19.53,19.50,563934.0,23286582.0
2011-11-22,19.86,19.91,19.67,19.50,736327.0,30595228.0
2011-11-21,19.96,20.16,20.05,19.69,944241.0,39811660.0
2011-11-18,19.83,19.92,19.92,19.51,1011295.0,41945468.0
2011-11-17,20.00,20.12,19.83,19.71,1111660.0,46668384.0
2011-11-16,20.68,20.68,19.88,19.86,1575655.0,67097944.0
2011-11-15,20.76,20.81,20.63,20.46,1834453.0,79852952.0
2011-11-14,20.45,20.68,20.54,20.40,1895761.0,82060832.0
2011-11-11,20.38,20.49,20.28,20.19,1014455.0,43372768.0
2011-11-10,20.26,20.49,20.38,20.02,1652468.0,70429736.0
2011-11-09,20.36,20.87,20.52,20.19,2151395.0,92996584.0
2011-11-08,19.81,20.63,20.34,19.80,3295311.0,141412304.0
2011-11-07,19.90,20.08,19.61,19.59,710452.0,29705882.0
2011-11-04,19.95,20.07,19.94,19.83,877903.0,36915400.0
2011-11-03,20.07,20.15,19.86,19.80,1521259.0,63928992.0
2011-11-02,19.05,19.78,19.78,18.98,929342.0,37644444.0
2011-11-01,19.83,19.92,19.56,19.55,922768.0,38261776.0
2011-10-31,20.11,20.38,19.95,19.94,974686.0,41239064.0
2011-10-28,20.27,20.34,20.11,19.93,864847.0,36628836.0
2011-10-27,19.75,20.15,19.99,19.75,1419788.0,59430048.0
2011-10-26,19.97,20.28,19.88,19.79,1411380.0,59401064.0
2011-10-24,19.39,20.21,19.57,19.27,1615642.0,66844228.0
2011-10-21,18.79,19.45,18.92,18.74,753550.0,30288362.0
2011-10-20,19.31,19.58,18.70,18.59,888305.0,35215968.0
2011-10-19,19.63,19.91,19.50,19.50,306620.0,12700436.0
2011-10-18,20.13,20.13,19.63,19.62,506780.0,21200384.0
2011-10-17,20.13,20.35,20.13,19.97,483209.0,20496582.0
2011-10-14,20.44,20.47,20.06,19.93,869993.0,36823372.0
2011-10-13,20.14,20.60,20.43,20.14,1197816.0,51540880.0
2011-10-12,19.67,20.23,20.14,19.18,900337.0,37619216.0
2011-10-11,20.33,20.45,19.77,19.60,764856.0,32222248.0
2011-10-10,19.40,20.40,19.85,19.40,993585.0,41751940.0
2011-09-30,18.69,19.19,19.11,18.69,459958.0,18372622.0
2011-09-29,19.38,19.38,18.62,18.61,786576.0,31287478.0
2011-09-28,19.90,20.30,19.58,19.49,393758.0,16420713.0
2011-09-27,19.65,20.11,19.74,19.61,328029.0,13665196.0
2011-09-26,19.90,20.19,19.58,19.49,456115.0,19038748.0
2011-09-23,19.94,20.38,20.07,19.55,582937.0,24501126.0
2011-09-22,21.02,21.02,20.38,20.37,561500.0,24415822.0
2011-09-21,20.73,21.26,21.20,20.55,693690.0,30640210.0
2011-09-20,21.06,21.08,20.73,20.64,552551.0,24219090.0
2011-09-19,20.98,21.28,20.97,20.87,649120.0,28824892.0
2011-09-16,20.95,21.77,21.11,20.95,1013113.0,45598188.0
2011-09-15,20.90,20.92,20.67,20.66,527038.0,23085930.0
2011-09-14,20.59,20.87,20.80,20.43,540655.0,23602360.0
2011-09-13,20.05,20.64,20.44,19.69,613618.0,26347366.0
2011-09-09,20.06,20.62,20.21,20.04,370011.0,15893541.0
2011-09-08,20.40,20.59,20.03,20.02,540746.0,23320924.0
2011-09-07,20.06,20.63,20.40,19.98,342668.0,14647706.0
2011-09-06,19.93,20.31,20.00,19.83,400901.0,16903294.0
2011-09-05,21.11,21.11,20.30,20.25,797602.0,34359628.0
2011-09-02,21.14,21.42,21.06,20.98,332531.0,14772858.0
2011-09-01,21.65,21.82,21.32,21.23,534437.0,24089176.0
2011-08-31,21.68,21.68,21.49,21.40,676448.0,30672908.0
2011-08-29,22.00,22.48,21.83,21.63,1366230.0,63626604.0
2011-08-26,21.47,22.05,22.00,21.36,1400409.0,64545528.0
2011-08-25,21.28,21.48,21.47,20.93,740198.0,33118872.0
2011-08-24,21.40,21.58,21.24,21.16,822789.0,37042808.0
2011-08-23,21.10,21.44,21.18,20.92,862541.0,38592320.0
2011-08-22,20.93,21.35,20.83,20.82,657309.0,29230178.0
2011-08-19,21.04,21.36,21.19,20.64,952523.0,42266996.0
2011-08-18,22.36,22.36,21.48,21.35,1329294.0,60974064.0
2011-08-17,22.20,22.53,22.27,21.82,1321395.0,61861580.0
2011-08-16,22.30,22.72,22.20,21.72,2439905.0,113931960.0
2011-08-15,23.00,23.47,22.37,22.31,3271074.0,156292096.0
2011-08-12,21.30,23.25,23.25,21.30,4730106.0,225732592.0
2011-08-11,20.36,21.42,21.30,20.06,1396314.0,61796028.0
2011-08-10,20.02,20.87,20.68,20.02,1040749.0,45289664.0
2011-08-09,19.35,19.97,19.93,18.22,935973.0,38143172.0
2011-08-08,20.79,20.79,19.86,19.51,802905.0,33838560.0
2011-08-05,20.63,21.01,20.82,20.40,699715.0,30715196.0
2011-08-04,20.45,21.25,21.11,20.35,912600.0,40082604.0
2011-08-03,20.33,20.63,20.42,20.33,380430.0,16405507.0
2011-08-02,20.63,20.77,20.55,20.23,425028.0,18311706.0
2011-08-01,20.54,21.03,20.63,20.54,375209.0,16428399.0
2011-07-29,20.67,20.77,20.55,20.40,349043.0,15173969.0
2011-07-28,20.45,20.70,20.54,20.40,523213.0,22619036.0
2011-07-27,20.65,20.97,20.77,20.60,444637.0,19496324.0
2011-07-26,20.31,20.86,20.64,20.04,509242.0,21911988.0
2011-07-25,20.64,20.78,20.18,20.17,580038.0,24818560.0
2011-07-22,20.64,20.87,20.69,20.64,295318.0,12914731.0
2011-07-21,20.78,20.90,20.64,20.49,345389.0,15074667.0
2011-07-20,20.97,21.24,20.68,20.49,842288.0,36726280.0
2011-07-19,21.37,21.40,20.87,20.87,459460.0,20254170.0
2011-07-18,21.53,21.75,21.22,21.14,788140.0,35391568.0
2011-07-15,21.44,21.75,21.57,21.26,531034.0,24094348.0
2011-07-14,21.01,21.92,21.53,20.88,1129285.0,51272584.0
2011-07-13,20.69,20.95,20.87,20.69,449142.0,19724718.0
2011-07-12,20.85,20.96,20.69,20.54,514057.0,22449756.0
2011-07-11,20.66,21.33,21.04,20.51,730608.0,32450806.0
2011-07-08,21.36,21.44,20.71,20.68,1462425.0,64196272.0
2011-07-07,20.80,21.54,21.35,20.41,1081348.0,48251376.0
2011-07-06,21.25,21.25,20.94,20.55,1331962.0,58455236.0
2011-07-05,21.74,21.93,21.35,21.21,1074461.0,48604248.0
2011-07-04,22.01,22.01,21.74,21.59,871385.0,39960968.0
2011-07-01,22.06,22.06,21.59,21.55,627922.0,28876846.0
2011-06-30,21.85,22.19,21.96,21.85,431147.0,19952636.0
2011-06-29,22.43,22.53,21.85,21.82,618311.0,28792150.0
2011-06-28,22.30,22.61,22.16,22.01,986081.0,46344348.0
2011-06-27,22.32,22.32,21.90,21.63,1288496.0,59743328.0
2011-06-20,21.06,21.28,20.51,20.16,588033.0,25503460.0
2011-06-17,20.73,22.72,21.13,20.42,634226.0,28940192.0
2011-06-16,21.85,21.85,20.81,20.80,581888.0,26035758.0
2011-06-15,22.14,22.36,21.87,21.80,785706.0,36426864.0
2011-06-14,22.70,22.95,22.36,22.22,1181417.0,56056040.0
2011-06-13,22.39,23.34,22.90,21.98,1905692.0,91711744.0
2011-06-09,23.72,23.72,22.07,21.97,2386488.0,113907800.0
2011-06-03,21.78,22.48,22.35,21.74,711498.0,33476908.0
2011-06-02,21.59,22.24,21.74,21.25,754874.0,34582356.0
2011-06-01,20.53,21.37,21.37,20.31,613976.0,27459146.0
2011-05-31,20.45,20.64,20.35,19.45,666686.0,28020016.0
2011-05-30,21.70,21.81,20.45,20.37,899648.0,39949252.0
2011-05-27,22.10,22.10,21.44,21.36,399310.0,18107922.0
2011-05-26,22.27,22.27,21.89,21.83,265646.0,12295558.0
2011-05-25,21.44,22.42,22.06,21.44,480160.0,22373622.0
2011-05-24,22.06,22.06,21.44,21.40,594156.0,27016800.0
2011-05-23,22.39,22.53,21.90,21.86,648480.0,30306908.0
2011-05-20,22.24,22.70,22.39,21.35,640328.0,30088086.0
2011-05-19,22.31,22.77,22.13,21.97,1003805.0,47018036.0
2011-05-18,23.05,23.34,22.64,22.11,1058823.0,50258428.0
2011-05-17,24.20,24.62,23.13,22.75,1540786.0,76204832.0
2011-05-13,23.70,24.66,23.95,23.70,1272581.0,65016200.0
2011-05-12,23.74,24.20,23.70,23.48,646685.0,32313102.0
2011-05-11,24.72,24.89,24.05,23.95,846446.0,43276576.0
2011-05-10,23.86,24.59,24.42,23.86,703217.0,36182684.0
2011-05-09,23.35,23.96,23.95,23.35,608138.0,30477076.0
2011-05-06,23.63,23.69,23.31,23.10,698646.0,34403932.0
2011-05-05,24.20,24.20,23.68,23.58,758883.0,37955824.0
2011-05-04,23.82,23.98,23.95,23.61,722154.0,36325724.0
2011-05-03,24.01,24.33,23.91,23.54,680443.0,34499064.0
2011-04-29,23.72,24.03,23.83,23.37,872341.0,43582844.0
2011-04-28,24.14,24.80,23.65,23.48,1222617.0,62568800.0
2011-04-27,23.51,24.48,24.14,23.29,1508092.0,77168328.0
2011-04-26,23.29,23.44,23.32,22.87,893168.0,43639908.0
2011-04-25,23.81,23.81,23.29,23.29,804021.0,39717360.0
2011-04-22,24.20,24.29,23.81,23.60,904920.0,45415584.0
2011-04-21,24.34,24.57,24.05,24.05,974398.0,49748348.0
2011-04-20,24.15,25.00,24.34,24.10,1419927.0,72993896.0
2011-04-19,25.86,25.86,24.67,23.66,3936944.0,205635632.0
2011-04-15,24.19,24.74,24.74,24.15,2050636.0,106768912.0
2011-04-14,22.46,23.56,23.56,22.20,1974630.0,97111568.0
2011-04-13,21.73,22.58,22.44,21.38,2908180.0,136570608.0
2011-04-12,21.56,21.78,21.73,21.45,661486.0,30167462.0
2011-04-11,21.59,22.11,21.56,21.41,1154926.0,53096124.0
2011-04-08,20.68,21.35,21.34,20.64,763749.0,34010012.0
2011-04-07,20.87,21.08,20.78,20.54,701658.0,30841850.0
2011-04-06,21.02,21.34,20.93,20.76,610666.0,26974458.0
2011-04-01,20.79,21.30,21.02,20.79,780384.0,34585020.0
2011-03-31,20.64,21.11,20.79,19.87,1528501.0,65367992.0
2011-03-30,21.11,21.68,20.58,20.49,1134335.0,50050204.0
2011-03-29,21.39,21.81,21.09,20.87,1448435.0,64946564.0
2011-03-28,22.13,22.42,21.54,21.21,1215522.0,55567556.0
2011-03-25,22.39,22.68,22.27,22.15,895763.0,42195876.0
2011-03-24,22.61,22.86,22.39,22.35,674225.0,32019386.0
2011-03-23,22.63,22.68,22.61,22.24,649518.0,30747644.0
2011-03-22,22.85,22.87,22.59,22.41,513463.0,24447528.0
2011-03-21,22.27,23.01,22.61,22.14,973141.0,46466096.0
2011-03-18,22.15,22.26,22.25,21.83,556817.0,25874118.0
2011-03-17,22.29,22.30,21.63,21.35,1137123.0,52328452.0
2011-03-16,22.30,22.66,22.39,22.07,657368.0,30868462.0
2011-03-15,22.77,22.94,22.30,22.07,1276724.0,60447528.0
2011-03-14,22.72,23.24,22.82,22.35,1524446.0,73352480.0
2011-03-10,22.25,22.61,22.35,22.20,1008096.0,47473736.0
2011-03-09,22.53,22.75,22.30,22.23,974346.0,46029120.0
2011-03-08,22.32,22.66,22.48,22.31,598615.0,28315134.0
2011-03-07,22.01,22.68,22.44,22.01,1284182.0,60678616.0
2011-03-04,22.07,22.30,21.99,21.49,1151629.0,53087616.0
2011-03-03,22.11,23.01,22.06,21.99,1608970.0,76407088.0
2011-03-02,22.20,22.25,22.00,21.83,1181636.0,54856576.0
2011-03-01,21.49,22.25,22.02,21.35,1650171.0,76426152.0
2011-02-28,21.49,21.49,21.33,20.97,1021582.0,45668456.0
2011-02-25,20.49,21.35,21.11,20.37,821807.0,35980268.0
2011-02-24,20.82,20.87,20.49,20.31,704093.0,30562490.0
2011-02-23,20.25,21.06,20.82,20.24,1424805.0,61922820.0
2011-02-22,21.16,21.20,20.24,20.16,2083050.0,89974456.0
2011-02-21,20.87,21.66,21.22,19.88,2334511.0,103131272.0
2011-02-18,22.04,22.06,20.89,20.89,3009038.0,134775072.0
2011-02-17,22.11,22.57,21.99,21.37,1939695.0,89476888.0
2011-02-16,20.95,21.97,21.96,20.95,2010161.0,91392792.0
2011-02-15,20.78,21.40,20.95,20.68,1182133.0,52505640.0
2011-02-14,20.78,21.58,20.88,20.71,2142603.0,95604280.0
2011-02-11,19.48,20.72,20.72,19.40,2184346.0,93393368.0
2011-02-10,20.12,20.12,19.73,19.21,4668117.0,195223488.0
2011-02-09,19.16,19.16,19.16,19.16,69352.0,2800434.0
2011-02-01,18.25,18.25,18.25,18.25,23330.0,897272.0
2011-01-31,17.38,17.38,17.38,17.38,57580.0,2109156.0
2011-01-28,15.76,16.55,16.55,15.51,687552.0,23321964.0
2011-01-27,15.84,15.85,15.76,15.76,715200.0,23786534.0
2011-01-26,17.46,17.46,16.60,16.60,1622243.0,57055208.0
2011-01-25,18.27,18.27,17.47,17.47,2331040.0,86765840.0
2011-01-24,18.64,18.64,18.39,18.03,2125766.0,82276904.0
2011-01-21,18.93,19.16,18.98,18.29,1352902.0,53754640.0
2011-01-20,20.13,20.25,19.13,19.13,1606880.0,65509544.0
2011-01-19,19.86,20.40,20.13,19.86,972100.0,41292712.0
2011-01-18,19.31,20.25,19.85,19.17,1105798.0,46549100.0
2011-01-17,19.70,19.83,19.30,18.99,1289459.0,52617828.0
2011-01-14,20.38,20.49,19.70,19.45,1129646.0,47349472.0
2011-01-13,20.66,20.82,20.36,20.31,899309.0,38804848.0
2011-01-12,20.40,21.11,20.83,20.31,818770.0,35473596.0
2011-01-11,21.59,21.73,20.44,20.38,1266936.0,55718152.0
2011-01-10,21.02,21.92,21.45,21.02,861821.0,39074188.0
2011-01-07,21.35,21.59,21.09,21.02,1258926.0,56346220.0
2011-01-06,22.29,22.29,21.55,21.25,1735242.0,79594584.0
2011-01-05,21.35,22.29,22.01,21.15,1642757.0,75697040.0
2011-01-04,21.54,21.91,21.42,20.97,1908074.0,85988400.0
