date,amount,close,high,low,open,volume
2015-11-27,721376768.0,5.91,6.41,5.82,6.40,116783320.0
2015-11-26,896557440.0,6.44,6.73,6.39,6.67,137641568.0
2015-11-25,1582326528.0,6.67,6.92,6.60,6.70,233486016.0
2015-11-24,1197827968.0,6.53,6.53,5.93,5.95,189234800.0
2015-11-23,655033728.0,5.94,6.07,5.80,5.84,110294816.0
2015-11-20,399683552.0,5.85,5.88,5.79,5.83,68447664.0
2015-11-19,288284608.0,5.84,5.86,5.76,5.82,49645820.0
2015-11-18,383012480.0,5.83,5.93,5.82,5.86,65261824.0
2015-11-17,481261248.0,5.87,5.96,5.81,5.85,82184248.0
2015-11-16,301503008.0,5.84,5.85,5.71,5.74,52093512.0
2015-11-13,392798752.0,5.82,5.96,5.77,5.80,67035540.0
2015-11-12,475153376.0,5.86,6.04,5.81,6.00,80748568.0
2015-11-11,514693120.0,5.98,6.08,5.90,6.04,86303072.0
2015-11-10,759011776.0,6.02,6.11,5.72,5.79,127272904.0
2015-11-09,560679616.0,5.82,5.87,5.67,5.75,97428488.0
2015-11-06,522867040.0,5.82,5.86,5.73,5.76,90068776.0
2015-11-05,749117632.0,5.78,5.92,5.71,5.92,128993248.0
2015-11-04,756993408.0,5.94,5.97,5.72,5.82,129060648.0
2015-11-03,731456576.0,5.85,6.04,5.67,5.67,124745480.0
2015-11-02,1172281088.0,5.74,6.05,5.74,6.00,199991072.0
2015-10-30,2172166144.0,6.38,6.62,6.38,6.38,338826080.0
2015-10-29,34335452.0,7.09,7.09,7.09,7.09,4842800.0
2015-10-28,36798812.0,7.88,7.88,7.88,7.88,4669900.0
2015-06-03,2261442816.0,8.75,8.94,8.20,8.47,261107072.0
2015-06-02,1616630272.0,8.18,8.18,7.43,7.43,206379152.0
2015-06-01,1046865152.0,7.43,7.45,7.09,7.09,142400320.0
2015-05-29,1134613248.0,7.04,7.20,6.50,6.93,162523824.0
2015-05-28,1651527040.0,6.95,7.82,6.88,7.26,222161104.0
2015-05-27,1097460096.0,7.28,7.47,7.18,7.46,150122064.0
2015-05-26,1498587904.0,7.46,7.52,7.14,7.37,202345984.0
2015-05-25,1319009664.0,7.34,7.46,6.85,6.88,181803184.0
2015-05-22,1362575104.0,7.02,7.14,6.48,6.64,198746656.0
2015-05-21,771717376.0,6.58,6.67,6.46,6.56,117319056.0
2015-05-20,906957952.0,6.46,6.73,6.32,6.33,138282032.0
2015-05-19,667160320.0,6.32,6.45,6.01,6.04,105839128.0
2015-05-18,451653216.0,6.06,6.15,5.99,6.13,74101696.0
2015-05-15,605119424.0,6.17,6.45,6.14,6.45,96765632.0
2015-05-14,843832704.0,6.49,6.68,6.26,6.28,129564664.0
2015-05-13,745852928.0,6.32,6.50,6.00,6.18,118837376.0
2015-05-12,664099648.0,6.20,6.36,6.11,6.18,106510704.0
2015-05-11,666858176.0,6.16,6.16,5.83,5.93,110143976.0
2015-05-08,602166720.0,5.80,5.82,5.63,5.65,105002808.0
2015-05-07,550050432.0,5.56,5.88,5.52,5.88,97237224.0
2015-05-06,686297408.0,5.89,6.28,5.71,6.15,112783608.0
2015-05-05,818303744.0,6.17,6.66,6.09,6.65,128561672.0
2015-05-04,682535552.0,6.65,6.77,6.48,6.62,102627488.0
2015-04-30,760403584.0,6.60,6.85,6.59,6.69,113545008.0
2015-04-29,801259264.0,6.82,6.92,6.58,6.85,118239528.0
2015-04-28,1405411200.0,6.88,7.20,6.68,6.95,203085168.0
2015-04-27,1362907392.0,7.09,7.20,6.68,6.68,194899024.0
2015-04-24,1517032448.0,6.64,6.86,6.08,6.15,230219584.0
2015-04-23,1280220672.0,6.30,6.43,6.01,6.15,204532352.0
2015-04-22,1662790144.0,6.11,6.46,6.02,6.29,268294880.0
2015-04-21,1179054208.0,5.90,5.90,5.39,5.39,206891584.0
2015-04-20,868832512.0,5.36,5.43,5.19,5.29,162910176.0
2015-04-17,728331968.0,5.29,5.41,5.19,5.33,137186512.0
2015-04-16,490777568.0,5.27,5.32,5.05,5.11,93824656.0
2015-04-15,619029312.0,5.19,5.53,5.13,5.40,115810240.0
2015-04-14,758366144.0,5.40,5.58,5.21,5.30,139796816.0
2015-04-13,875486912.0,5.30,5.45,5.04,5.04,166948048.0
2015-04-10,561221696.0,5.02,5.06,4.83,4.86,112390400.0
2015-04-09,580595264.0,4.90,5.01,4.73,4.95,118981656.0
2015-04-08,701202816.0,4.95,5.13,4.89,5.08,140220432.0
2015-04-07,708085568.0,5.06,5.09,4.95,5.04,140278144.0
2015-04-03,796921600.0,4.90,4.98,4.70,4.78,163007104.0
2015-04-02,888254208.0,4.78,4.88,4.66,4.73,185808400.0
2015-04-01,574457856.0,4.70,4.78,4.49,4.50,124295488.0
2015-03-31,447601792.0,4.51,4.67,4.49,4.62,97839472.0
2015-03-30,548374912.0,4.59,4.65,4.46,4.46,119955544.0
2015-03-27,553363008.0,4.45,4.48,4.37,4.41,124428576.0
2015-03-26,679159616.0,4.42,4.60,4.38,4.59,150904800.0
2015-03-25,620708544.0,4.63,4.72,4.54,4.68,133722384.0
2015-03-24,1095958656.0,4.73,4.80,4.36,4.44,236925440.0
2015-03-23,751436736.0,4.42,4.51,4.33,4.42,170127200.0
2015-03-20,687933760.0,4.31,4.38,4.16,4.18,160094720.0
2015-03-19,825630976.0,4.16,4.28,4.11,4.23,196398160.0
2015-03-18,769695936.0,4.22,4.33,4.08,4.12,183290640.0
2015-03-17,570785280.0,4.12,4.14,4.00,4.05,139861296.0
2015-03-16,681024896.0,4.06,4.19,3.82,3.83,169587248.0
2015-03-13,324960704.0,3.81,3.84,3.79,3.80,84999184.0
2015-03-12,281154048.0,3.80,3.85,3.77,3.83,73689104.0
2015-03-11,467670688.0,3.84,3.88,3.68,3.69,123377584.0
2015-03-10,331841504.0,3.71,3.74,3.64,3.69,89571008.0
2015-03-09,269862528.0,3.70,3.70,3.61,3.65,73671272.0
2015-03-06,291013056.0,3.67,3.73,3.60,3.66,79100128.0
2015-03-05,250494608.0,3.66,3.72,3.62,3.71,68211840.0
2015-03-04,214826336.0,3.74,3.77,3.63,3.65,57930876.0
2015-03-03,158762000.0,3.66,3.70,3.65,3.70,43187356.0
2015-03-02,133539008.0,3.72,3.72,3.65,3.68,36127248.0
2015-02-27,112861632.0,3.66,3.69,3.59,3.64,30854776.0
2015-02-26,101362000.0,3.65,3.66,3.55,3.61,28005000.0
2015-02-25,89069472.0,3.61,3.68,3.60,3.64,24520344.0
2015-02-17,183721392.0,3.66,3.74,3.58,3.61,50126496.0
2015-02-16,99763224.0,3.61,3.62,3.56,3.57,27636452.0
2015-02-13,112094152.0,3.57,3.60,3.52,3.55,31302592.0
2015-02-12,79953504.0,3.54,3.55,3.43,3.43,22819790.0
2015-02-11,48992684.0,3.45,3.46,3.40,3.42,14228514.0
2015-02-10,47331592.0,3.42,3.42,3.36,3.38,13889797.0
2015-02-09,83303584.0,3.37,3.42,3.35,3.41,24591368.0
2015-02-06,208022832.0,3.41,3.60,3.36,3.51,59805164.0
2015-02-05,238225776.0,3.59,3.70,3.49,3.55,66355036.0
2015-02-04,69055424.0,3.53,3.59,3.51,3.54,19383312.0
2015-02-03,105797992.0,3.55,3.55,3.48,3.50,29997182.0
2015-02-02,134052512.0,3.50,3.62,3.50,3.60,37653104.0
2015-01-30,137467520.0,3.64,3.75,3.61,3.74,37410248.0
2015-01-29,78569888.0,3.74,3.82,3.73,3.81,20846358.0
2015-01-28,38294224.0,3.83,3.86,3.81,3.83,9959536.0
2015-01-27,63737596.0,3.85,3.87,3.78,3.86,16605232.0
2015-01-26,65834296.0,3.85,3.85,3.76,3.78,17167876.0
2015-01-23,52460240.0,3.79,3.83,3.76,3.80,13799727.0
2015-01-22,73906272.0,3.80,3.86,3.78,3.79,19347678.0
2015-01-21,54892476.0,3.79,3.80,3.66,3.68,14567828.0
2015-01-20,40138056.0,3.69,3.70,3.59,3.63,10937693.0
2015-01-19,74998416.0,3.60,3.76,3.52,3.73,20329904.0
2015-01-16,58925068.0,3.80,3.81,3.76,3.81,15501546.0
2015-01-15,61097700.0,3.82,3.82,3.73,3.76,16149016.0
2015-01-14,48164268.0,3.78,3.86,3.76,3.85,12676125.0
2015-01-13,51609984.0,3.85,3.85,3.80,3.82,13462856.0
2015-01-12,88187320.0,3.81,3.97,3.75,3.97,22832008.0
2015-01-09,91713944.0,3.98,4.06,3.97,4.05,22773868.0
2015-01-08,74283312.0,4.07,4.18,4.05,4.16,18107040.0
2015-01-07,58329764.0,4.16,4.17,4.11,4.13,14073824.0
2015-01-06,112254312.0,4.16,4.24,4.10,4.20,26930622.0
2015-01-05,138941264.0,4.25,4.26,4.09,4.09,33140320.0
2014-12-31,68377936.0,4.10,4.10,3.99,4.04,16857586.0
2014-12-30,74564472.0,4.04,4.17,4.00,4.11,18280476.0
2014-12-29,154277104.0,4.12,4.24,4.09,4.14,37030224.0
2014-12-26,170910352.0,4.15,4.27,4.15,4.18,40594144.0
2014-12-25,165129536.0,4.19,4.19,4.06,4.10,40085560.0
2014-12-24,223688272.0,4.14,4.18,3.90,3.91,55043248.0
2014-12-23,64381928.0,3.91,4.00,3.84,3.94,16375274.0
2014-12-22,140528672.0,3.95,4.05,3.86,4.02,35257080.0
2014-12-19,96910512.0,3.99,4.01,3.90,3.94,24445602.0
2014-12-18,57860332.0,3.95,3.99,3.92,3.96,14604665.0
2014-12-17,114125328.0,3.96,4.06,3.90,4.04,28572854.0
2014-12-16,98628624.0,4.06,4.10,4.00,4.07,24328868.0
2014-12-15,194495136.0,4.07,4.13,3.92,3.94,48037968.0
2014-12-12,127170424.0,3.95,3.96,3.89,3.94,32356678.0
2014-12-11,200618496.0,3.94,3.98,3.72,3.74,51867568.0
2014-12-10,92901880.0,3.76,3.77,3.62,3.64,25084892.0
2014-12-09,168395744.0,3.67,3.85,3.66,3.80,44426308.0
2014-12-08,129502840.0,3.82,3.85,3.73,3.77,33978820.0
2014-12-05,168589008.0,3.79,3.98,3.76,3.96,43766992.0
2014-12-04,157844432.0,3.96,3.99,3.91,3.94,39906920.0
2014-12-03,170282992.0,3.93,3.99,3.86,3.87,43433540.0
2014-12-02,154251968.0,3.88,3.93,3.81,3.82,39646580.0
2014-12-01,94527088.0,3.80,3.81,3.76,3.81,24929508.0
2014-11-28,111158080.0,3.81,3.82,3.74,3.80,29358170.0
2014-11-27,111824984.0,3.80,3.82,3.75,3.76,29437824.0
2014-11-26,96595504.0,3.76,3.78,3.71,3.75,25719484.0
2014-11-25,105344648.0,3.77,3.77,3.67,3.72,28251440.0
2014-11-24,108597536.0,3.71,3.74,3.64,3.69,29221988.0
2014-11-21,44707332.0,3.65,3.66,3.60,3.60,12248154.0
2014-11-20,45888324.0,3.63,3.67,3.62,3.66,12551624.0
2014-11-19,55820916.0,3.68,3.71,3.66,3.69,15122048.0
2014-11-18,39962788.0,3.69,3.70,3.66,3.69,10827262.0
2014-11-17,53815636.0,3.69,3.73,3.65,3.71,14536538.0
2014-11-14,89551248.0,3.72,3.74,3.65,3.67,24105324.0
2014-11-13,66508796.0,3.64,3.68,3.59,3.67,18248736.0
2014-11-12,63381896.0,3.69,3.70,3.59,3.63,17340506.0
2014-11-11,98572776.0,3.64,3.80,3.59,3.80,26749490.0
2014-11-10,71318040.0,3.76,3.77,3.66,3.70,19053670.0
2014-11-07,91514664.0,3.70,3.78,3.64,3.76,24433878.0
2014-11-06,86762760.0,3.76,3.82,3.71,3.79,22972924.0
2014-11-05,88901688.0,3.81,3.92,3.80,3.92,23012562.0
2014-11-04,120630128.0,3.89,3.95,3.85,3.87,30864126.0
2014-11-03,112925792.0,3.87,3.91,3.81,3.86,29201292.0
2014-10-31,174360272.0,3.84,3.93,3.74,3.75,45189860.0
2014-10-30,121307776.0,3.76,3.78,3.70,3.73,32385278.0
2014-10-29,160644752.0,3.76,3.77,3.67,3.71,43065200.0
2014-10-28,62942600.0,3.69,3.71,3.61,3.62,17108162.0
2014-10-27,53659452.0,3.60,3.63,3.54,3.55,14884147.0
2014-10-24,74789264.0,3.56,3.63,3.54,3.55,20803644.0
2014-10-23,112398216.0,3.60,3.76,3.54,3.72,30812330.0
2014-10-22,115157992.0,3.73,3.89,3.71,3.86,30236672.0
2014-10-21,207964960.0,3.85,4.01,3.85,4.01,53186888.0
2014-10-20,356212128.0,4.00,4.18,3.95,4.17,88307904.0
2014-10-17,467208832.0,4.19,4.19,3.82,3.82,113284952.0
2014-10-16,212037664.0,3.82,3.96,3.75,3.77,54396872.0
2014-10-15,116776896.0,3.80,3.83,3.71,3.76,30821488.0
2014-10-14,126001872.0,3.79,3.79,3.65,3.68,33778728.0
2014-10-13,108225000.0,3.69,3.75,3.63,3.75,29340490.0
2014-10-10,97305296.0,3.76,3.82,3.75,3.82,25669922.0
2014-10-09,136237376.0,3.82,3.83,3.72,3.74,35931448.0
2014-10-08,94273688.0,3.72,3.74,3.70,3.72,25261206.0
2014-09-30,89901296.0,3.71,3.75,3.68,3.73,24216074.0
2014-09-29,115738616.0,3.73,3.84,3.71,3.77,30749720.0
2014-09-26,60643028.0,3.71,3.73,3.64,3.67,16377228.0
2014-09-25,104990424.0,3.68,3.76,3.66,3.75,28178120.0
2014-09-24,115535080.0,3.73,3.77,3.67,3.72,30944788.0
2014-09-23,100597024.0,3.75,3.77,3.67,3.71,26889624.0
2014-09-22,132042800.0,3.76,3.94,3.74,3.89,34373800.0
2014-09-19,166134656.0,3.84,3.91,3.73,3.81,43340636.0
2014-09-18,173627984.0,3.76,3.97,3.74,3.79,45433624.0
2014-09-17,174429536.0,3.81,3.81,3.52,3.59,47151700.0
2014-09-16,137566192.0,3.60,3.74,3.57,3.72,37374796.0
2014-09-15,107357720.0,3.70,3.76,3.62,3.66,28939284.0
2014-09-12,167262448.0,3.67,3.71,3.52,3.53,46035976.0
2014-09-11,115101712.0,3.53,3.57,3.46,3.55,32547060.0
2014-09-10,87122456.0,3.54,3.59,3.52,3.56,24487568.0
2014-09-09,110277784.0,3.59,3.64,3.52,3.60,30769884.0
2014-09-05,107446664.0,3.58,3.59,3.44,3.47,30628304.0
2014-09-04,112468120.0,3.47,3.54,3.44,3.52,32349376.0
2014-09-03,112446832.0,3.52,3.54,3.44,3.47,32055610.0
2014-09-02,105061416.0,3.47,3.51,3.40,3.43,30408692.0
2014-09-01,117500976.0,3.44,3.52,3.30,3.31,34143168.0
2014-08-29,56869272.0,3.32,3.33,3.24,3.24,17258644.0
2014-08-28,252482656.0,3.31,3.54,3.31,3.54,73326160.0
2014-08-27,125247232.0,3.39,3.39,3.22,3.24,37803048.0
2014-08-26,110697368.0,3.29,3.34,3.19,3.24,33852676.0
2014-08-25,109433000.0,3.27,3.30,3.18,3.25,33589176.0
2014-08-22,90403816.0,3.26,3.33,3.24,3.32,27532442.0
2014-08-21,146040384.0,3.32,3.42,3.27,3.38,43723092.0
2014-08-20,117422760.0,3.38,3.41,3.27,3.29,34927060.0
2014-08-19,102766240.0,3.29,3.31,3.16,3.17,31447908.0
2014-08-18,41383632.0,3.18,3.18,3.13,3.13,13054186.0
2014-08-15,26084034.0,3.13,3.14,3.08,3.11,8350553.0
2014-08-14,39926148.0,3.10,3.15,3.09,3.14,12742201.0
2014-08-13,33546848.0,3.15,3.17,3.10,3.16,10673465.0
2014-08-12,38507220.0,3.17,3.18,3.10,3.12,12262247.0
2014-08-11,22427768.0,3.11,3.12,3.08,3.08,7201735.0
2014-08-08,21235286.0,3.08,3.10,3.06,3.08,6867564.0
2014-08-07,42753844.0,3.08,3.18,3.08,3.17,13641280.0
2014-08-06,44490324.0,3.18,3.20,3.14,3.16,13943842.0
2014-08-05,61336548.0,3.17,3.19,3.08,3.09,19452856.0
2014-08-04,34453596.0,3.10,3.13,3.07,3.12,11099611.0
2014-08-01,36836732.0,3.06,3.10,3.05,3.08,11935598.0
2014-07-31,29391740.0,3.09,3.10,3.04,3.06,9543977.0
2014-07-30,32593888.0,3.07,3.10,3.05,3.07,10571640.0
2014-07-29,46522888.0,3.07,3.10,3.06,3.10,15100816.0
2014-07-28,45647256.0,3.10,3.11,3.07,3.07,14729908.0
2014-07-25,29321192.0,3.08,3.10,3.04,3.10,9553850.0
2014-07-24,37102716.0,3.09,3.10,3.04,3.08,12051877.0
2014-07-23,58049336.0,3.09,3.11,3.01,3.01,18878632.0
2014-07-22,34730300.0,3.02,3.04,2.96,2.98,11511457.0
2014-07-21,19014688.0,2.98,2.98,2.94,2.97,6394652.0
2014-07-18,27350748.0,2.97,3.01,2.90,2.94,9153066.0
2014-07-17,26133576.0,2.95,3.01,2.93,2.99,8793048.0
2014-07-16,43598076.0,2.99,3.01,2.93,2.95,14453569.0
2014-07-15,22459296.0,2.95,2.96,2.91,2.95,7583692.0
2014-07-14,32272602.0,2.94,2.97,2.90,2.91,10874743.0
2014-07-11,23369740.0,2.91,2.92,2.82,2.83,8011895.0
2014-07-10,13869328.0,2.83,2.86,2.82,2.82,4830486.0
2014-07-09,18589786.0,2.83,2.88,2.82,2.86,6456281.0
2014-07-08,15622247.0,2.88,2.89,2.84,2.88,5395984.0
2014-07-07,29015474.0,2.87,2.92,2.86,2.91,9978138.0
2014-07-04,28355752.0,2.92,2.97,2.91,2.96,9575475.0
2014-07-03,35786196.0,2.96,2.98,2.89,2.91,12012477.0
2014-07-02,26474880.0,2.91,2.92,2.86,2.90,9054913.0
2014-07-01,21149374.0,2.89,2.92,2.87,2.90,7251256.0
2014-06-30,35150544.0,2.90,2.90,2.83,2.83,12095146.0
2014-06-27,30695572.0,2.85,2.86,2.79,2.80,10707636.0
2014-06-26,21968272.0,2.81,2.83,2.78,2.78,7741806.0
2014-06-25,21127550.0,2.78,2.80,2.76,2.80,7515202.0
2014-06-24,74383312.0,2.81,2.88,2.78,2.88,26193216.0
2014-06-23,123181320.0,2.89,2.99,2.72,2.72,41371920.0
2014-06-20,12315156.0,2.72,2.73,2.69,2.71,4501665.0
2014-06-19,19335434.0,2.71,2.78,2.70,2.77,6954275.0
2014-06-18,23751498.0,2.77,2.79,2.75,2.77,8489385.0
2014-06-17,11935930.0,2.77,2.79,2.76,2.79,4259404.0
2014-06-16,18206218.0,2.79,2.79,2.77,2.79,6474162.0
2014-06-13,15411311.0,2.79,2.80,2.75,2.78,5486734.0
2014-06-12,11861568.0,2.78,2.79,2.75,2.77,4239250.0
2014-06-11,13147296.0,2.77,2.79,2.76,2.79,4696449.0
2014-06-10,22726472.0,2.79,2.81,2.75,2.79,8103660.0
2014-06-09,23305850.0,2.80,2.83,2.78,2.81,8230310.0
2014-06-06,31038372.0,2.81,2.83,2.74,2.76,11038873.0
2014-06-05,9753611.0,2.75,2.76,2.72,2.73,3520440.0
2014-06-04,15564279.0,2.73,2.75,2.71,2.74,5638212.0
2014-06-03,16818728.0,2.75,2.76,2.71,2.72,6088131.0
2014-05-30,12611669.0,2.72,2.74,2.71,2.72,4586283.0
2014-05-29,11352544.0,2.73,2.78,2.72,2.77,4089782.0
2014-05-28,16486722.0,2.76,2.78,2.72,2.74,5938336.0
2014-05-27,14332562.0,2.74,2.78,2.73,2.77,5154639.0
2014-05-26,15495611.0,2.77,2.77,2.71,2.73,5598589.0
2014-05-23,7440276.0,2.74,2.74,2.71,2.72,2697038.0
2014-05-22,10785812.0,2.72,2.75,2.72,2.73,3895438.0
2014-05-21,10040584.0,2.73,2.74,2.69,2.69,3654294.0
2014-05-20,9045200.0,2.72,2.77,2.71,2.74,3274885.0
2014-05-19,9666922.0,2.73,2.74,2.69,2.74,3532846.0
2014-05-16,6250870.0,2.75,2.76,2.70,2.73,2264157.0
2014-05-15,10514872.0,2.73,2.80,2.73,2.79,3780000.0
2014-05-14,9661576.0,2.80,2.83,2.79,2.81,3403660.0
2014-05-13,14173409.0,2.81,2.83,2.78,2.80,5003187.0
2014-05-12,16974266.0,2.80,2.81,2.73,2.76,6043569.0
2014-05-09,9501003.0,2.73,2.74,2.69,2.74,3453563.0
2014-05-08,13039451.0,2.74,2.79,2.70,2.70,4683086.0
2014-05-07,18761960.0,2.71,2.80,2.71,2.79,6763480.0
2014-05-06,15413997.0,2.80,2.86,2.76,2.78,5425221.0
2014-05-05,16414298.0,2.78,2.80,2.71,2.75,5882322.0
2014-04-30,10475749.0,2.75,2.75,2.70,2.72,3789399.0
2014-04-29,20538930.0,2.72,2.73,2.67,2.68,7535492.0
2014-04-28,29962322.0,2.69,2.83,2.67,2.83,10808405.0
2014-04-25,28968464.0,2.83,2.97,2.81,2.95,9912610.0
2014-04-24,23042298.0,2.95,3.00,2.95,3.00,7656558.0
2014-04-23,11296615.0,3.00,3.02,3.00,3.00,3713460.0
2014-04-22,19977798.0,3.00,3.02,2.98,3.00,6584967.0
2014-04-21,22972624.0,3.01,3.06,3.00,3.02,7495566.0
2014-04-18,17033814.0,3.04,3.04,2.99,3.01,5572915.0
2014-04-17,26597012.0,3.01,3.06,3.00,3.06,8695939.0
2014-04-16,19470030.0,3.05,3.06,3.01,3.03,6322528.0
2014-04-15,25166376.0,3.04,3.09,3.03,3.08,8119984.0
2014-04-14,29922646.0,3.10,3.10,3.04,3.09,9620905.0
2014-04-11,30770910.0,3.09,3.14,3.06,3.07,9817697.0
2014-04-10,39490468.0,3.08,3.12,3.07,3.11,12596310.0
2014-04-09,50782304.0,3.12,3.16,3.08,3.14,16084456.0
2014-04-08,60700568.0,3.16,3.28,3.14,3.20,18795252.0
2014-04-04,68259808.0,3.17,3.19,3.06,3.08,21507508.0
2014-04-03,35711084.0,3.10,3.13,3.04,3.11,11469352.0
2014-04-02,46341564.0,3.14,3.14,3.00,3.01,14957982.0
2014-04-01,22948756.0,3.01,3.03,2.99,2.99,7524553.0
2014-03-31,32802198.0,3.00,3.05,2.96,2.97,10764748.0
2014-03-28,56139672.0,2.98,3.06,2.97,3.03,18469040.0
2014-03-27,48162012.0,3.04,3.15,3.04,3.14,15369576.0
2014-03-26,57866744.0,3.14,3.24,3.11,3.22,18160974.0
2014-03-25,102694568.0,3.22,3.35,3.17,3.25,31047934.0
2014-03-24,115378672.0,3.24,3.29,3.10,3.11,35644864.0
2014-03-21,76134072.0,3.13,3.14,2.95,3.01,24736156.0
2014-03-20,65568972.0,3.01,3.19,3.00,3.15,20922574.0
2014-03-19,42562016.0,3.15,3.15,3.07,3.12,13476371.0
2014-03-18,46089132.0,3.11,3.18,3.10,3.18,14535605.0
2014-03-17,49419872.0,3.15,3.15,3.04,3.06,15702550.0
2014-03-14,78170936.0,3.09,3.22,3.06,3.20,24691820.0
2014-03-13,71927168.0,3.23,3.24,3.12,3.16,22271614.0
2014-03-12,165977072.0,3.15,3.42,3.12,3.41,51054744.0
2014-03-11,163565600.0,3.47,3.60,3.39,3.58,46484292.0
2014-03-10,321942304.0,3.55,3.76,3.32,3.39,88976472.0
2014-03-07,147690000.0,3.41,3.49,3.26,3.36,43153680.0
2014-03-06,169670208.0,3.38,3.48,3.18,3.22,50551628.0
2014-03-05,310762944.0,3.33,3.62,3.28,3.30,88307232.0
2014-03-04,114062192.0,3.29,3.35,3.22,3.34,34573688.0
2014-03-03,188091344.0,3.36,3.42,3.22,3.26,56207120.0
2014-02-28,216088592.0,3.31,3.34,3.16,3.25,65442112.0
2014-02-27,494612832.0,3.39,3.49,3.21,3.29,144643600.0
2014-02-26,205751712.0,3.17,3.17,2.99,3.17,64206668.0
2014-02-25,157563856.0,2.89,3.06,2.77,2.79,53673008.0
2014-02-24,56904568.0,2.79,2.92,2.77,2.81,19951900.0
2014-02-21,52090316.0,2.81,2.82,2.75,2.77,18465960.0
2014-02-20,55954636.0,2.77,2.79,2.74,2.77,19991776.0
2014-02-19,58388124.0,2.76,2.80,2.74,2.77,20892944.0
2014-02-18,64286524.0,2.77,2.82,2.74,2.82,22980946.0
2014-02-17,98278432.0,2.84,2.88,2.69,2.71,34732096.0
2014-02-14,26323690.0,2.71,2.73,2.67,2.68,9641733.0
2014-02-13,28237138.0,2.69,2.75,2.69,2.74,10260168.0
2014-02-12,43567284.0,2.75,2.75,2.71,2.71,15830756.0
2014-02-11,33289718.0,2.72,2.76,2.71,2.75,12077855.0
2014-02-10,53325112.0,2.76,2.77,2.70,2.71,19340338.0
2014-02-07,14979329.0,2.71,2.72,2.66,2.70,5507267.0
2014-01-30,11050243.0,2.70,2.75,2.64,2.75,4044697.0
2014-01-29,30095054.0,2.76,2.78,2.72,2.75,10825074.0
2014-01-28,19661972.0,2.75,2.75,2.68,2.71,7159163.0
2014-01-27,31224182.0,2.70,2.78,2.68,2.74,11301463.0
2014-01-24,47529644.0,2.81,2.83,2.70,2.70,16950640.0
2014-01-23,127679688.0,2.84,3.02,2.79,2.79,43941468.0
2014-01-22,83952160.0,2.79,2.79,2.49,2.55,30199742.0
2014-01-21,8099665.0,2.53,2.54,2.45,2.46,3191468.0
2014-01-20,2745469.0,2.46,2.48,2.44,2.46,1104388.0
2014-01-17,3204750.0,2.46,2.50,2.46,2.50,1280140.0
2014-01-16,4877437.0,2.50,2.52,2.48,2.51,1928319.0
2014-01-15,3217029.0,2.51,2.51,2.48,2.51,1275023.0
2014-01-14,3811822.0,2.51,2.51,2.46,2.46,1513271.0
2014-01-13,7184686.0,2.47,2.51,2.46,2.48,2862685.0
2014-01-10,8681614.0,2.47,2.48,2.44,2.44,3491856.0
2014-01-09,13188731.0,2.48,2.57,2.46,2.56,5226635.0
2014-01-08,8731377.0,2.56,2.63,2.56,2.61,3333126.0
2014-01-07,6142809.0,2.61,2.64,2.59,2.59,2321907.0
2014-01-06,10738040.0,2.60,2.64,2.60,2.62,4052114.0
2014-01-03,6656734.0,2.62,2.66,2.61,2.66,2504067.0
2014-01-02,7645847.0,2.66,2.67,2.63,2.66,2851455.0
2013-12-31,10841682.0,2.65,2.69,2.61,2.62,4050252.0
2013-12-30,11104166.0,2.63,2.67,2.61,2.66,4170227.0
2013-12-27,20455572.0,2.66,2.75,2.58,2.60,7600136.0
2013-12-26,7384343.0,2.59,2.65,2.59,2.64,2792325.0
2013-12-25,5958321.0,2.63,2.66,2.63,2.64,2227366.0
2013-12-24,5188984.0,2.65,2.65,2.62,2.64,1947308.0
2013-12-23,6368741.0,2.62,2.66,2.61,2.65,2397008.0
2013-12-20,9025383.0,2.64,2.68,2.63,2.66,3360082.0
2013-12-19,6450204.0,2.66,2.72,2.66,2.71,2370717.0
2013-12-18,3910936.0,2.71,2.73,2.69,2.72,1428659.0
2013-12-17,10655416.0,2.72,2.75,2.68,2.71,3879181.0
2013-12-16,12675771.0,2.69,2.75,2.66,2.75,4631120.0
2013-12-13,7365378.0,2.75,2.76,2.72,2.74,2657654.0
2013-12-12,9493824.0,2.74,2.76,2.73,2.75,3421760.0
2013-12-11,12491142.0,2.75,2.77,2.73,2.77,4498873.0
2013-12-10,15631015.0,2.77,2.80,2.76,2.80,5575900.0
2013-12-09,28155442.0,2.79,2.80,2.76,2.77,10005993.0
2013-12-06,16454997.0,2.77,2.79,2.75,2.76,5881667.0
2013-12-05,14533056.0,2.76,2.78,2.74,2.76,5209763.0
2013-12-04,18250738.0,2.76,2.78,2.69,2.70,6563507.0
2013-12-03,9213841.0,2.71,2.71,2.64,2.64,3400676.0
2013-12-02,19494950.0,2.66,2.74,2.63,2.74,7175150.0
2013-11-29,8919911.0,2.77,2.79,2.76,2.77,3188370.0
2013-11-28,16614637.0,2.77,2.81,2.76,2.76,5901309.0
2013-11-27,8559503.0,2.75,2.77,2.73,2.75,3080928.0
2013-11-26,12424430.0,2.75,2.77,2.73,2.74,4484541.0
2013-11-25,11659422.0,2.75,2.79,2.70,2.72,4185534.0
2013-11-22,9403444.0,2.72,2.76,2.72,2.74,3400315.0
2013-11-21,14219206.0,2.76,2.77,2.72,2.77,5126463.0
2013-11-20,19152686.0,2.77,2.82,2.74,2.79,6854591.0
2013-11-19,41234984.0,2.78,2.88,2.70,2.71,14567254.0
2013-11-18,16567012.0,2.70,2.70,2.66,2.66,6102978.0
2013-11-15,10365399.0,2.66,2.69,2.61,2.62,3848928.0
2013-11-14,5667665.0,2.63,2.64,2.59,2.59,2138774.0
2013-11-13,6441611.0,2.60,2.66,2.60,2.65,2423716.0
2013-11-12,5835597.0,2.66,2.67,2.62,2.65,2179271.0
2013-11-11,6436929.0,2.66,2.66,2.59,2.62,2412907.0
2013-11-08,10341186.0,2.64,2.67,2.60,2.64,3884710.0
2013-11-07,12636965.0,2.64,2.70,2.63,2.70,4682662.0
2013-11-06,10136848.0,2.70,2.75,2.69,2.73,3689879.0
2013-11-05,13253048.0,2.75,2.77,2.68,2.73,4811459.0
2013-11-04,8300156.0,2.75,2.75,2.70,2.71,3012120.0
2013-11-01,11230602.0,2.71,2.74,2.69,2.73,4096799.0
2013-10-31,16796354.0,2.75,2.76,2.67,2.74,6114026.0
2013-10-30,18368930.0,2.73,2.77,2.67,2.77,6658734.0
2013-10-29,43853036.0,2.78,2.86,2.67,2.69,15781437.0
2013-10-28,7696553.0,2.67,2.69,2.65,2.67,2844822.0
2013-10-25,10117830.0,2.68,2.72,2.65,2.70,3729050.0
2013-10-24,12439756.0,2.71,2.76,2.68,2.75,4533071.0
2013-10-23,25235646.0,2.76,2.85,2.73,2.84,8979493.0
2013-10-22,18162684.0,2.84,2.86,2.80,2.84,6363971.0
2013-10-21,24319370.0,2.86,2.88,2.78,2.86,8477544.0
2013-10-18,14160272.0,2.86,2.89,2.82,2.89,4914692.0
2013-10-17,35658196.0,2.87,2.92,2.78,2.79,12318729.0
2013-10-16,22868722.0,2.77,2.86,2.74,2.86,8116462.0
2013-10-15,34798316.0,2.87,2.91,2.81,2.91,12105446.0
2013-10-14,32464492.0,2.90,2.92,2.84,2.87,11140203.0
2013-10-11,35169604.0,2.88,2.89,2.80,2.80,12161556.0
2013-10-10,22366030.0,2.79,2.83,2.77,2.79,7896747.0
2013-10-09,18375922.0,2.79,2.81,2.74,2.76,6548162.0
2013-10-08,42123000.0,2.77,2.84,2.66,2.66,15036425.0
2013-09-30,23107758.0,2.67,2.71,2.60,2.65,8623737.0
2013-09-27,27173308.0,2.66,2.73,2.64,2.68,10013083.0
2013-09-26,61115780.0,2.70,2.87,2.67,2.79,21679060.0
2013-09-25,131172632.0,2.83,2.95,2.66,2.70,45817208.0
2013-09-24,27870780.0,2.70,2.70,2.63,2.68,10327095.0
2013-09-23,25009046.0,2.69,2.70,2.63,2.63,9278491.0
2013-09-18,36293480.0,2.65,2.69,2.61,2.62,13629546.0
2013-09-17,19996044.0,2.64,2.74,2.63,2.71,7377163.0
2013-09-16,17256458.0,2.72,2.74,2.67,2.71,6304769.0
2013-09-13,33969488.0,2.71,2.80,2.69,2.76,12316179.0
2013-09-12,27745658.0,2.76,2.78,2.68,2.71,10063802.0
2013-09-11,51969984.0,2.72,2.84,2.67,2.70,18807116.0
2013-09-10,29570726.0,2.65,2.65,2.60,2.60,11121929.0
2013-09-09,34132492.0,2.61,2.61,2.58,2.58,13000671.0
2013-09-06,13238382.0,2.59,2.61,2.57,2.59,5064881.0
2013-09-05,11598882.0,2.58,2.64,2.57,2.63,4409269.0
2013-09-04,10871144.0,2.63,2.65,2.61,2.63,4092922.0
2013-09-03,17371580.0,2.62,2.66,2.60,2.62,6520560.0
2013-09-02,13735044.0,2.62,2.65,2.56,2.60,5232471.0
2013-08-30,25484400.0,2.60,2.69,2.58,2.59,9551155.0
2013-08-29,12689518.0,2.60,2.60,2.53,2.55,4877007.0
2013-08-28,19287748.0,2.56,2.59,2.52,2.59,7459330.0
2013-08-27,19885736.0,2.57,2.60,2.55,2.58,7638806.0
2013-08-26,27373140.0,2.59,2.65,2.56,2.56,10389198.0
2013-08-23,28131000.0,2.57,2.57,2.47,2.47,11026771.0
2013-08-22,9428965.0,2.47,2.50,2.46,2.50,3759962.0
2013-08-21,8302281.0,2.50,2.51,2.45,2.47,3311934.0
2013-08-20,5048740.0,2.47,2.49,2.46,2.49,2016100.0
2013-08-19,8162563.0,2.48,2.49,2.43,2.45,3260701.0
2013-08-16,12690360.0,2.45,2.52,2.43,2.45,5066253.0
2013-08-15,9337399.0,2.47,2.52,2.46,2.51,3703891.0
2013-08-14,16596004.0,2.52,2.54,2.49,2.50,6528347.0
2013-08-13,12414213.0,2.51,2.52,2.47,2.48,4912808.0
2013-08-12,12368010.0,2.49,2.49,2.43,2.45,4964364.0
2013-08-09,8543138.0,2.44,2.46,2.43,2.44,3448048.0
2013-08-08,7695370.0,2.44,2.45,2.42,2.43,3120942.0
2013-08-07,11666276.0,2.43,2.47,2.43,2.45,4708588.0
2013-08-06,16818492.0,2.45,2.47,2.41,2.43,6797071.0
2013-08-05,12722700.0,2.44,2.45,2.39,2.41,5191295.0
2013-08-02,11286405.0,2.40,2.42,2.39,2.40,4644349.0
2013-08-01,13053853.0,2.40,2.40,2.33,2.35,5429677.0
2013-07-31,6867501.0,2.36,2.39,2.35,2.38,2859507.0
2013-07-30,5903010.0,2.37,2.38,2.32,2.37,2473748.0
2013-07-29,8911820.0,2.36,2.41,2.34,2.41,3704970.0
2013-07-26,6606217.0,2.38,2.40,2.37,2.39,2740165.0
2013-07-25,12995061.0,2.39,2.46,2.36,2.38,5325400.0
2013-07-24,9303774.0,2.37,2.40,2.35,2.39,3869282.0
2013-07-23,14186454.0,2.40,2.42,2.33,2.34,5875414.0
2013-07-22,6579146.0,2.34,2.37,2.30,2.33,2787768.0
2013-07-19,12308403.0,2.33,2.42,2.31,2.42,5136023.0
2013-07-18,9455349.0,2.40,2.43,2.37,2.40,3827603.0
2013-07-17,13994662.0,2.40,2.47,2.38,2.43,5618541.0
2013-07-16,17412354.0,2.44,2.45,2.37,2.37,7003056.0
2013-07-15,11323302.0,2.38,2.41,2.36,2.36,4608063.0
2013-07-12,16558744.0,2.35,2.41,2.35,2.40,6771325.0
2013-07-11,30553954.0,2.42,2.44,2.36,2.40,12321036.0
2013-07-10,9066445.0,2.33,2.34,2.25,2.26,3821075.0
2013-07-09,8581798.0,2.27,2.28,2.22,2.23,3700970.0
2013-07-08,8957832.0,2.22,2.31,2.21,2.31,3863286.0
2013-07-05,10645341.0,2.33,2.35,2.31,2.32,4430656.0
2013-07-04,15698234.0,2.32,2.34,2.24,2.27,6609241.0
2013-07-03,12854908.0,2.29,2.33,2.23,2.33,5490454.0
2013-07-02,13416120.0,2.34,2.36,2.32,2.34,5579403.0
2013-07-01,8320004.0,2.34,2.36,2.32,2.32,3455386.0
2013-06-28,10635367.0,2.33,2.38,2.29,2.33,4414469.0
2013-06-27,16304934.0,2.33,2.39,2.32,2.34,6713252.0
2013-06-26,11537929.0,2.37,2.40,2.32,2.38,4742428.0
2013-06-25,20148822.0,2.40,2.46,2.21,2.45,8402111.0
2013-06-24,12752221.0,2.45,2.60,2.42,2.60,4937940.0
2013-06-21,7304758.0,2.60,2.62,2.53,2.62,2746816.0
2013-06-20,9928445.0,2.64,2.69,2.62,2.69,3631737.0
2013-06-19,7817597.0,2.69,2.72,2.66,2.72,2826702.0
2013-06-18,8582005.0,2.72,2.74,2.70,2.72,3066828.0
2013-06-17,13676016.0,2.72,2.74,2.66,2.72,4924414.0
2013-06-14,14563788.0,2.74,2.75,2.70,2.73,5190390.0
2013-06-13,18981274.0,2.72,2.80,2.65,2.80,6760551.0
2013-06-07,16775885.0,2.83,2.92,2.83,2.91,5663340.0
2013-06-06,11331169.0,2.88,2.90,2.87,2.90,3812039.0
2013-06-05,12947652.0,2.89,2.91,2.88,2.91,4341139.0
2013-06-04,23361612.0,2.89,2.96,2.88,2.93,7777091.0
2013-06-03,25644778.0,2.93,2.99,2.91,2.96,8471280.0
2013-05-31,40034060.0,2.96,3.05,2.95,3.02,13005052.0
2013-05-30,122244872.0,3.01,3.06,2.87,2.88,39697296.0
2013-05-29,32849014.0,2.90,2.90,2.86,2.87,11059278.0
2013-05-28,26228230.0,2.87,2.88,2.81,2.84,8927297.0
2013-05-27,22867352.0,2.85,2.86,2.81,2.86,7816455.0
2013-05-24,17788084.0,2.87,2.88,2.85,2.85,6014249.0
2013-05-23,21758864.0,2.86,2.90,2.83,2.84,7374306.0
2013-05-22,18564342.0,2.85,2.87,2.83,2.86,6298229.0
2013-05-21,21478968.0,2.87,2.87,2.82,2.84,7293259.0
2013-05-20,19965576.0,2.85,2.85,2.81,2.82,6824977.0
2013-05-17,15744209.0,2.83,2.83,2.77,2.78,5447308.0
2013-05-16,17197768.0,2.79,2.79,2.75,2.76,6012009.0
2013-05-15,21634226.0,2.78,2.81,2.75,2.81,7577496.0
2013-05-14,24131386.0,2.81,2.87,2.80,2.85,8263018.0
2013-05-13,12352917.0,2.85,2.85,2.81,2.82,4238330.0
2013-05-10,16757602.0,2.82,2.83,2.77,2.79,5786511.0
2013-05-09,11180667.0,2.78,2.80,2.75,2.80,3908931.0
2013-05-08,11894622.0,2.80,2.81,2.77,2.78,4126943.0
2013-05-07,12270712.0,2.79,2.82,2.78,2.80,4255593.0
2013-05-06,20563046.0,2.81,2.82,2.77,2.79,7134376.0
2013-05-03,15775380.0,2.79,2.82,2.76,2.77,5477295.0
2013-05-02,22665958.0,2.78,2.86,2.72,2.86,7908836.0
2013-04-25,55457576.0,2.93,2.99,2.79,2.81,18492364.0
2013-04-24,25037284.0,2.80,2.83,2.76,2.82,8689048.0
2013-04-23,17441684.0,2.81,2.89,2.80,2.89,5955034.0
2013-04-22,14629347.0,2.90,3.01,2.88,2.92,4881528.0
2013-04-19,21211974.0,2.94,2.95,2.91,2.93,7022424.0
2013-04-18,20219846.0,2.93,2.94,2.87,2.88,6734626.0
2013-04-17,13775830.0,2.90,2.93,2.87,2.89,4611979.0
2013-04-16,18971340.0,2.90,2.90,2.83,2.85,6388673.0
2013-04-15,15319905.0,2.87,2.89,2.81,2.87,5211300.0
2013-04-12,14035762.0,2.87,2.90,2.86,2.86,4737608.0
2013-04-11,34259456.0,2.87,2.94,2.83,2.83,11457337.0
2013-04-10,6898923.0,2.83,2.84,2.79,2.81,2371535.0
2013-04-09,10664361.0,2.82,2.84,2.79,2.80,3669187.0
2013-04-08,12823408.0,2.80,2.80,2.75,2.78,4469594.0
2013-04-03,8865717.0,2.80,2.81,2.76,2.79,3089113.0
2013-04-02,8654760.0,2.78,2.82,2.77,2.78,3000355.0
2013-04-01,8116125.0,2.79,2.80,2.77,2.78,2819069.0
2013-03-29,14439490.0,2.78,2.83,2.77,2.83,5004558.0
2013-03-28,25058394.0,2.81,2.89,2.80,2.89,8515540.0
2013-03-27,36404628.0,2.92,2.92,2.80,2.85,12317026.0
2013-03-26,25110668.0,2.85,2.86,2.79,2.82,8589757.0
2013-03-25,11920395.0,2.82,2.87,2.80,2.85,4087358.0
2013-03-22,15190440.0,2.84,2.85,2.82,2.84,5197230.0
2013-03-21,27084786.0,2.85,2.87,2.79,2.81,9294854.0
2013-03-20,17524828.0,2.81,2.82,2.77,2.78,6069112.0
2013-03-19,21173750.0,2.78,2.82,2.72,2.78,7428161.0
2013-03-18,15117025.0,2.78,2.84,2.77,2.81,5240544.0
2013-03-15,12373600.0,2.81,2.84,2.79,2.81,4253853.0
2013-03-14,13207202.0,2.79,2.81,2.77,2.79,4587240.0
2013-03-13,19673784.0,2.79,2.85,2.78,2.84,6793519.0
2013-03-12,26450888.0,2.84,2.94,2.82,2.92,8933455.0
2013-03-11,18280918.0,2.91,2.95,2.89,2.94,6071526.0
2013-03-08,23307068.0,2.94,3.00,2.92,2.97,7665734.0
2013-03-07,58269028.0,2.97,3.05,2.93,2.93,18944552.0
2013-03-06,28284698.0,2.94,2.96,2.86,2.89,9408645.0
2013-03-05,14555339.0,2.90,2.90,2.85,2.86,4912592.0
2013-03-04,30015420.0,2.86,2.95,2.85,2.89,10016497.0
2013-03-01,16896786.0,2.91,2.94,2.88,2.94,5644723.0
2013-02-28,28766476.0,2.94,2.94,2.86,2.87,9574726.0
2013-02-27,27733758.0,2.89,2.91,2.80,2.85,9439742.0
2013-02-26,15440623.0,2.83,2.88,2.83,2.88,5236800.0
2013-02-25,11112132.0,2.89,2.92,2.88,2.91,3724940.0
2013-02-22,16426082.0,2.90,2.90,2.87,2.88,5517951.0
2013-02-21,23828134.0,2.89,2.96,2.88,2.96,7943661.0
2013-02-20,15401753.0,2.96,2.96,2.92,2.94,5076674.0
2013-02-19,25561920.0,2.94,2.98,2.93,2.97,8401743.0
2013-02-18,24541018.0,2.97,2.99,2.95,2.96,8022744.0
2013-02-08,21413912.0,2.96,2.97,2.93,2.93,7037165.0
2013-02-07,13504528.0,2.93,2.94,2.90,2.93,4490834.0
2013-02-06,22112360.0,2.94,2.97,2.92,2.96,7300633.0
2013-02-05,34602172.0,2.96,2.97,2.87,2.88,11468236.0
2013-02-04,20641866.0,2.89,2.92,2.89,2.91,6898887.0
2013-02-01,26062806.0,2.90,2.92,2.88,2.92,8732637.0
2013-01-31,33459782.0,2.93,2.94,2.89,2.94,11134931.0
2013-01-30,54689736.0,2.93,2.94,2.84,2.84,18351314.0
2013-01-29,23261574.0,2.84,2.87,2.83,2.86,7923867.0
2013-01-28,18150046.0,2.86,2.86,2.80,2.80,6188505.0
2013-01-25,13564288.0,2.81,2.81,2.78,2.80,4694152.0
2013-01-24,34730628.0,2.80,2.89,2.79,2.87,11836769.0
2013-01-23,29023616.0,2.87,2.90,2.83,2.88,9800786.0
2013-01-22,25260042.0,2.89,2.93,2.87,2.93,8467569.0
2013-01-21,51588400.0,2.93,2.95,2.90,2.94,17144152.0
2013-01-18,22657318.0,2.93,2.93,2.87,2.89,7567838.0
2013-01-17,22041096.0,2.88,2.91,2.87,2.90,7409918.0
2013-01-16,28316932.0,2.91,2.94,2.87,2.93,9440706.0
2013-01-15,33870712.0,2.93,2.94,2.88,2.90,11251511.0
2013-01-14,22856226.0,2.91,2.91,2.81,2.82,7710008.0
2013-01-11,30733738.0,2.84,2.93,2.83,2.93,10337859.0
2013-01-10,39689720.0,2.93,2.95,2.90,2.93,13183885.0
2013-01-09,43127944.0,2.94,2.94,2.90,2.93,14325331.0
2013-01-08,54127592.0,2.94,3.00,2.90,2.99,17896268.0
2013-01-07,43091732.0,2.99,3.08,2.98,3.07,13879283.0
2013-01-04,60966896.0,3.02,3.13,2.98,2.98,19513872.0
2012-12-31,22081222.0,2.95,2.97,2.92,2.92,7274387.0
2012-12-28,17411032.0,2.91,2.93,2.88,2.91,5814020.0
2012-12-27,20197170.0,2.90,2.95,2.88,2.92,6735094.0
2012-12-26,31928792.0,2.94,2.96,2.88,2.89,10588623.0
2012-12-25,20164862.0,2.90,2.91,2.82,2.83,6785860.0
2012-12-24,13139455.0,2.84,2.85,2.81,2.83,4498466.0
2012-12-21,13976522.0,2.82,2.87,2.80,2.85,4780839.0
2012-12-20,13986943.0,2.84,2.86,2.80,2.86,4785197.0
2012-12-19,15466963.0,2.87,2.91,2.83,2.89,5236212.0
2012-12-18,23987692.0,2.90,2.97,2.88,2.91,7954898.0
2012-12-17,22732218.0,2.88,2.99,2.85,2.87,7596338.0
2012-12-14,33726608.0,2.87,2.88,2.81,2.82,11493204.0
2012-12-13,8052420.0,2.76,2.83,2.75,2.83,2796639.0
2012-12-12,16809918.0,2.83,2.85,2.76,2.81,5808169.0
2012-12-11,33186214.0,2.81,2.97,2.76,2.78,11182322.0
2012-12-10,21784958.0,2.79,2.81,2.73,2.74,7601123.0
2012-12-07,32495122.0,2.75,2.83,2.71,2.73,11456875.0
2012-12-06,6617635.0,2.64,2.67,2.60,2.62,2441139.0
2012-12-05,14270892.0,2.63,2.64,2.51,2.52,5314386.0
2012-12-04,6198074.0,2.53,2.54,2.47,2.50,2403882.0
2012-12-03,5881975.0,2.51,2.56,2.50,2.56,2250480.0
2012-11-30,9240948.0,2.56,2.59,2.52,2.54,3503771.0
2012-11-29,6179869.0,2.55,2.59,2.54,2.56,2343162.0
2012-11-28,10360488.0,2.55,2.58,2.48,2.54,3962082.0
2012-11-27,13715549.0,2.54,2.68,2.52,2.67,5146512.0
2012-11-26,5043827.0,2.67,2.72,2.67,2.72,1812500.0
2012-11-23,10124959.0,2.73,2.75,2.69,2.74,3613969.0
2012-11-22,11829502.0,2.75,2.75,2.66,2.70,4237286.0
2012-11-21,10286517.0,2.72,2.74,2.64,2.70,3731272.0
2012-11-20,4483170.0,2.70,2.74,2.69,2.73,1603200.0
2012-11-19,11818439.0,2.72,2.73,2.63,2.66,4257707.0
2012-11-16,7483551.0,2.65,2.69,2.61,2.67,2749178.0
2012-11-15,7399847.0,2.68,2.75,2.67,2.72,2655066.0
2012-11-14,6587823.0,2.74,2.75,2.69,2.74,2350896.0
2012-11-13,14364275.0,2.75,2.76,2.72,2.73,5081236.0
2012-11-12,8922938.0,2.73,2.75,2.70,2.72,3179823.0
2012-11-09,11262263.0,2.73,2.76,2.70,2.70,4006671.0
2012-11-08,19742204.0,2.70,2.82,2.70,2.81,6940599.0
2012-11-07,11141796.0,2.82,2.86,2.81,2.85,3814967.0
2012-11-06,17267128.0,2.85,2.91,2.82,2.91,5872217.0
2012-11-05,21602142.0,2.91,2.96,2.89,2.91,7154466.0
2012-11-02,21271814.0,2.92,2.94,2.88,2.89,7092616.0
2012-11-01,23685642.0,2.91,2.93,2.83,2.83,7944623.0
2012-10-31,12548916.0,2.84,2.85,2.80,2.83,4307438.0
2012-10-30,19549432.0,2.83,2.88,2.80,2.83,6658718.0
2012-10-29,11705856.0,2.82,2.83,2.77,2.79,4040494.0
2012-10-26,25074198.0,2.82,2.88,2.78,2.88,8620965.0
2012-10-25,46129468.0,2.89,2.94,2.84,2.88,15486060.0
2012-10-24,84580128.0,2.95,3.10,2.79,2.81,27317554.0
2012-10-23,22166022.0,2.82,2.85,2.80,2.82,7605732.0
2012-10-22,17610140.0,2.81,2.83,2.75,2.79,6086354.0
2012-10-19,13818174.0,2.78,2.83,2.77,2.79,4784953.0
2012-10-18,25294500.0,2.80,2.83,2.74,2.74,8754861.0
2012-10-17,8399017.0,2.75,2.75,2.70,2.73,2991155.0
2012-10-16,9647967.0,2.73,2.75,2.71,2.74,3423951.0
2012-10-15,12199798.0,2.73,2.78,2.70,2.75,4336436.0
2012-10-12,12777581.0,2.76,2.82,2.75,2.79,4464330.0
2012-10-11,21282632.0,2.76,2.85,2.76,2.80,7339878.0
2012-10-10,30683740.0,2.81,2.83,2.73,2.78,10641170.0
2012-10-09,21695964.0,2.78,2.81,2.72,2.74,7604302.0
2012-10-08,11356813.0,2.74,2.82,2.70,2.77,4012695.0
2012-09-28,20347112.0,2.78,2.80,2.74,2.74,7108206.0
2012-09-27,24521702.0,2.76,2.80,2.64,2.64,8719082.0
2012-09-26,10021556.0,2.64,2.69,2.63,2.68,3661451.0
2012-09-25,21640520.0,2.69,2.73,2.61,2.63,7827456.0
2012-09-24,29516006.0,2.67,2.70,2.46,2.56,11052047.0
2012-09-21,9086473.0,2.56,2.58,2.54,2.56,3434795.0
2012-09-20,19882620.0,2.56,2.65,2.55,2.65,7462564.0
2012-09-19,13620154.0,2.65,2.67,2.61,2.62,5014196.0
2012-09-18,32626470.0,2.62,2.71,2.58,2.71,12061295.0
2012-09-17,19486878.0,2.71,2.85,2.71,2.84,6784123.0
2012-09-14,20687396.0,2.85,2.88,2.81,2.84,7032385.0
2012-09-13,21134918.0,2.83,2.89,2.82,2.88,7176972.0
2012-09-12,24592010.0,2.89,2.89,2.82,2.85,8346516.0
2012-09-11,25404524.0,2.85,2.87,2.81,2.86,8665880.0
2012-09-10,34442496.0,2.88,2.90,2.83,2.89,11688604.0
2012-09-07,48024272.0,2.88,2.93,2.81,2.83,16190561.0
2012-09-06,22175930.0,2.81,2.82,2.75,2.76,7717771.0
2012-09-05,22062964.0,2.76,2.79,2.74,2.78,7761797.0
2012-09-04,34258360.0,2.79,2.85,2.77,2.78,11837247.0
2012-09-03,36928716.0,2.78,2.81,2.75,2.76,12862638.0
2012-08-31,49257572.0,2.79,2.84,2.72,2.74,17126564.0
2012-08-30,48980344.0,2.75,2.85,2.68,2.78,17210452.0
2012-08-29,67568464.0,2.81,2.87,2.76,2.83,23269024.0
2012-08-28,156619280.0,2.89,3.02,2.74,2.81,52380284.0
2012-08-27,132692984.0,2.83,2.83,2.65,2.65,45763652.0
2012-08-24,7919929.0,2.57,2.63,2.56,2.63,2961643.0
2012-08-23,16001593.0,2.63,2.66,2.59,2.65,5925420.0
2012-08-22,6766760.0,2.64,2.70,2.64,2.66,2463521.0
2012-08-21,5835267.0,2.66,2.67,2.61,2.63,2134708.0
2012-08-20,6038788.0,2.63,2.65,2.56,2.65,2256075.0
2012-08-17,4025949.0,2.67,2.68,2.63,2.64,1472332.0
2012-08-16,7791006.0,2.65,2.71,2.64,2.70,2834277.0
2012-08-15,7335870.0,2.71,2.75,2.69,2.73,2624618.0
2012-08-14,20325078.0,2.73,2.76,2.64,2.67,7255721.0
2012-08-13,11522954.0,2.65,2.71,2.63,2.70,4185823.0
2012-08-10,11407306.0,2.71,2.73,2.66,2.68,4114027.0
2012-08-09,13943484.0,2.68,2.69,2.62,2.67,5085986.0
2012-08-08,12041319.0,2.67,2.71,2.62,2.70,4389777.0
2012-08-07,22731430.0,2.70,2.73,2.60,2.61,8231190.0
2012-08-06,8479272.0,2.61,2.62,2.54,2.54,3175433.0
2012-08-03,5844345.0,2.57,2.57,2.51,2.54,2230788.0
2012-08-02,4983575.0,2.53,2.56,2.50,2.52,1909598.0
2012-08-01,5059864.0,2.51,2.53,2.47,2.48,1951127.0
2012-07-31,4953652.0,2.49,2.52,2.47,2.52,1928378.0
2012-07-30,7791198.0,2.52,2.62,2.51,2.59,2957940.0
2012-07-27,4988646.0,2.60,2.64,2.59,2.64,1856978.0
2012-07-26,4686262.0,2.61,2.64,2.60,2.62,1735256.0
2012-07-25,5337162.0,2.61,2.67,2.61,2.65,1960300.0
2012-07-24,9221944.0,2.65,2.66,2.58,2.60,3395631.0
2012-07-23,5595949.0,2.61,2.62,2.57,2.60,2089494.0
2012-07-20,7350914.0,2.63,2.67,2.62,2.66,2698631.0
2012-07-19,13784434.0,2.67,2.70,2.58,2.60,5035005.0
2012-07-18,8001810.0,2.62,2.63,2.55,2.60,3001457.0
2012-07-17,6343096.0,2.61,2.62,2.56,2.60,2368528.0
2012-07-16,17672188.0,2.60,2.80,2.59,2.80,6432033.0
2012-07-13,6198620.0,2.78,2.82,2.77,2.81,2152124.0
2012-07-12,15302431.0,2.81,2.84,2.72,2.81,5338666.0
2012-07-11,9107077.0,2.80,2.85,2.78,2.85,3139063.0
2012-07-10,9293551.0,2.84,2.85,2.80,2.80,2601596.0
2012-07-09,11246980.0,2.82,2.89,2.81,2.87,3127280.0
2012-07-06,16338293.0,2.88,2.89,2.80,2.86,4535757.0
2012-07-05,27943020.0,2.84,2.89,2.80,2.89,7802087.0
2012-07-04,77064120.0,2.92,3.17,2.89,3.17,20328324.0
2012-07-03,44639980.0,3.07,3.07,2.95,2.98,11713779.0
2012-07-02,17623590.0,2.99,3.00,2.90,2.93,4725318.0
2012-06-29,12879603.0,2.93,2.94,2.85,2.92,3520102.0
2012-06-28,10586133.0,2.92,2.98,2.92,2.94,2841363.0
2012-06-27,10241097.0,2.93,2.99,2.93,2.99,2739459.0
2012-06-26,21778302.0,2.99,3.00,2.90,2.95,5849602.0
2012-06-25,12886024.0,2.96,3.04,2.93,3.02,3407543.0
2012-06-21,15190006.0,3.04,3.11,3.01,3.11,3936724.0
2012-06-20,14672549.0,3.12,3.16,3.09,3.13,3723008.0
2012-06-19,21067254.0,3.14,3.16,3.09,3.16,5350042.0
2012-06-18,11150209.0,3.16,3.18,3.15,3.15,2791577.0
2012-06-15,7758400.0,3.15,3.16,3.11,3.12,1956537.0
2012-06-14,6737849.0,3.12,3.15,3.12,3.13,1703021.0
2012-06-13,8935922.0,3.14,3.15,3.09,3.10,2262732.0
2012-06-12,7229690.0,3.10,3.12,3.08,3.12,1849020.0
2012-06-11,11692292.0,3.14,3.14,3.08,3.11,2976576.0
2012-06-08,9677273.0,3.11,3.15,3.10,3.13,2458575.0
2012-06-07,6828365.0,3.11,3.14,3.09,3.11,1739117.0
2012-06-06,7329458.0,3.09,3.14,3.08,3.12,1867495.0
2012-06-05,9333862.0,3.11,3.15,3.10,3.12,2369688.0
2012-06-04,16245951.0,3.12,3.21,3.12,3.21,4060629.0
2012-06-01,41555196.0,3.26,3.33,3.23,3.24,10105735.0
2012-05-31,11859901.0,3.24,3.27,3.22,3.27,2902460.0
2012-05-30,16385568.0,3.26,3.28,3.22,3.24,3986747.0
2012-05-29,20396224.0,3.26,3.28,3.18,3.19,4988885.0
2012-05-28,18482984.0,3.21,3.22,3.09,3.14,4650589.0
2012-05-25,18974690.0,3.17,3.26,3.15,3.25,4705420.0
2012-05-24,23732552.0,3.26,3.31,3.24,3.31,5760800.0
2012-05-23,13224941.0,3.32,3.34,3.26,3.33,3174349.0
2012-05-22,10169736.0,3.33,3.33,3.28,3.28,2436175.0
2012-05-21,14694401.0,3.28,3.33,3.26,3.31,3537110.0
2012-05-18,17191986.0,3.30,3.38,3.30,3.34,4084659.0
2012-05-17,24570662.0,3.38,3.40,3.30,3.34,5812429.0
2012-05-15,14643561.0,3.36,3.37,3.29,3.30,3494839.0
2012-05-14,23223796.0,3.34,3.38,3.32,3.38,5495849.0
2012-05-11,20526030.0,3.35,3.41,3.34,3.38,4823593.0
2012-05-10,20590142.0,3.38,3.43,3.37,3.41,4803189.0
2012-05-09,27429824.0,3.41,3.51,3.41,3.51,6298110.0
2012-05-08,25028004.0,3.53,3.57,3.51,3.56,5620201.0
2012-05-07,25882396.0,3.56,3.58,3.51,3.53,5778189.0
2012-05-04,29088702.0,3.54,3.57,3.52,3.55,6525388.0
2012-05-03,27964046.0,3.56,3.57,3.49,3.51,6261626.0
2012-05-02,26035288.0,3.51,3.53,3.47,3.49,5897203.0
2012-04-27,29145852.0,3.45,3.54,3.44,3.53,6644836.0
2012-04-26,44325988.0,3.54,3.60,3.51,3.53,9905740.0
2012-04-25,64063912.0,3.53,3.54,3.39,3.43,14537562.0
2012-04-24,34858392.0,3.43,3.56,3.29,3.48,8052500.0
2012-04-23,27905900.0,3.51,3.61,3.48,3.57,6218070.0
2012-04-20,46543784.0,3.57,3.60,3.49,3.52,10348378.0
2012-04-19,19104362.0,3.50,3.54,3.49,3.53,4305371.0
2012-04-18,31423616.0,3.53,3.56,3.45,3.46,7077409.0
2012-04-17,33415236.0,3.46,3.57,3.45,3.57,7554138.0
2012-04-16,49666504.0,3.55,3.60,3.48,3.49,11099900.0
2012-04-13,51867804.0,3.53,3.55,3.45,3.46,11729382.0
2012-04-12,44505020.0,3.47,3.49,3.38,3.43,10246334.0
2012-04-11,30269846.0,3.45,3.46,3.39,3.42,6987933.0
2012-04-10,40231752.0,3.43,3.45,3.31,3.36,9349135.0
2012-04-09,40641440.0,3.41,3.48,3.32,3.37,9440135.0
2012-04-06,55325148.0,3.39,3.45,3.28,3.29,12972819.0
2012-04-05,19063492.0,3.30,3.32,3.22,3.24,4614743.0
2012-03-30,15845925.0,3.23,3.26,3.19,3.21,3878476.0
2012-03-29,17868192.0,3.25,3.25,3.11,3.25,4446214.0
2012-03-28,17200300.0,3.25,3.43,3.22,3.41,4116056.0
2012-03-27,11636460.0,3.42,3.49,3.41,3.46,2667999.0
2012-03-26,16410413.0,3.45,3.51,3.39,3.48,3772385.0
2012-03-23,20471254.0,3.49,3.66,3.47,3.66,4580902.0
2012-03-22,27453670.0,3.66,3.72,3.58,3.72,5950233.0
2012-03-21,47210364.0,3.68,3.75,3.57,3.72,10108681.0
2012-03-20,95077480.0,3.71,3.84,3.64,3.64,20058442.0
2012-03-19,65754152.0,3.72,3.72,3.52,3.54,14363722.0
2012-03-16,30639072.0,3.56,3.56,3.39,3.40,6973558.0
2012-03-15,24196566.0,3.40,3.53,3.35,3.47,5582357.0
2012-03-14,84066832.0,3.52,3.81,3.42,3.75,17965972.0
2012-03-13,47465196.0,3.72,3.80,3.64,3.67,10063148.0
2012-03-12,24788210.0,3.67,3.67,3.62,3.67,5392992.0
2012-03-09,34239120.0,3.68,3.68,3.57,3.57,7460422.0
2012-03-08,36225224.0,3.60,3.67,3.50,3.50,7997731.0
2012-03-07,25915702.0,3.49,3.58,3.45,3.49,5821388.0
2012-03-06,26732900.0,3.53,3.62,3.52,3.56,5957760.0
2012-03-05,35704220.0,3.57,3.63,3.51,3.54,7966100.0
2012-03-02,21349092.0,3.53,3.54,3.49,3.49,4811159.0
2012-03-01,20116938.0,3.49,3.52,3.43,3.45,4570271.0
2012-02-29,18579194.0,3.47,3.53,3.46,3.50,4219995.0
2012-02-28,24055880.0,3.52,3.57,3.44,3.54,5448533.0
2012-02-27,35238528.0,3.57,3.64,3.55,3.57,7768681.0
2012-02-24,55673588.0,3.57,3.64,3.44,3.47,12500189.0
2012-02-23,29816842.0,3.45,3.49,3.38,3.45,6869348.0
2012-02-22,38999872.0,3.42,3.42,3.34,3.37,9103684.0
2012-02-21,29197824.0,3.37,3.37,3.26,3.33,6966480.0
2012-02-20,38860328.0,3.36,3.44,3.35,3.41,9120905.0
2012-02-17,24453506.0,3.37,3.40,3.31,3.37,5763130.0
2012-02-16,41483432.0,3.37,3.42,3.29,3.36,9792136.0
2012-02-15,41869364.0,3.36,3.38,3.26,3.27,9964215.0
2012-02-14,19967838.0,3.27,3.29,3.25,3.26,4838281.0
2012-02-13,28372714.0,3.28,3.29,3.23,3.24,6897481.0
2012-02-10,22349884.0,3.26,3.27,3.22,3.23,5454231.0
2012-02-09,39899648.0,3.25,3.28,3.23,3.26,9710411.0
2012-02-08,37726148.0,3.26,3.27,3.17,3.22,9236339.0
2012-02-07,45765264.0,3.22,3.29,3.14,3.17,11338259.0
2012-02-06,14174358.0,3.16,3.19,3.11,3.15,3561409.0
2012-02-03,29764744.0,3.17,3.21,3.03,3.07,7484366.0
2012-02-02,8673170.0,3.09,3.09,2.99,3.03,2266995.0
2012-02-01,6110444.0,3.03,3.06,2.99,3.03,1597733.0
2012-01-31,2673672.0,3.04,3.07,2.99,3.07,701051.0
2012-01-30,3501326.0,3.07,3.13,3.05,3.11,899747.0
2012-01-20,9236479.0,3.11,3.16,3.10,3.14,2343490.0
2012-01-19,8207530.0,3.15,3.21,3.05,3.09,2071087.0
2012-01-18,5832424.0,3.09,3.14,3.05,3.05,1489108.0
2012-01-17,3716478.0,3.09,3.09,2.92,2.92,965639.0
2012-01-16,2072548.0,2.93,3.01,2.92,2.99,556309.0
2012-01-13,5804013.0,3.00,3.19,2.97,3.19,1503309.0
2012-01-12,3867708.0,3.20,3.22,3.16,3.16,958010.0
2012-01-11,5337240.0,3.18,3.22,3.14,3.22,1328578.0
2012-01-10,11872550.0,3.23,3.24,3.09,3.13,2962388.0
2012-01-09,5564494.0,3.09,3.09,2.89,2.94,1449673.0
2012-01-06,1795380.0,2.94,2.95,2.84,2.91,493790.0
2012-01-05,5650633.0,2.93,3.07,2.91,3.05,1521996.0
2012-01-04,3564478.0,3.06,3.16,3.06,3.13,910579.0
2011-12-30,3585961.0,3.12,3.16,3.03,3.06,917830.0
2011-12-28,4133833.0,3.05,3.13,2.99,3.13,1071710.0
2011-12-27,2888460.0,3.15,3.28,3.13,3.28,716795.0
2011-12-26,2496894.0,3.28,3.32,3.24,3.30,601762.0
2011-12-23,1890163.0,3.28,3.32,3.22,3.26,455465.0
2011-12-22,3644062.0,3.26,3.44,3.15,3.44,887010.0
2011-12-21,2831629.0,3.41,3.64,3.40,3.64,632283.0
2011-12-20,2930339.0,3.62,3.67,3.57,3.57,644300.0
2011-12-19,1486283.0,3.62,3.62,3.49,3.62,330672.0
2011-12-16,1274242.0,3.62,3.63,3.50,3.57,282158.0
2011-12-15,2150103.0,3.53,3.72,3.53,3.72,475401.0
2011-12-14,1191524.0,3.72,3.84,3.72,3.84,251420.0
2011-12-13,2011327.0,3.78,3.95,3.76,3.95,415250.0
2011-12-12,1520424.0,3.98,3.99,3.95,3.96,303815.0
2011-12-09,4211152.0,3.96,4.04,3.95,4.03,838732.0
2011-12-08,7868272.0,4.04,4.11,3.96,4.11,1552880.0
2011-12-07,5375159.0,4.10,4.16,4.07,4.11,1033060.0
2011-12-06,5379040.0,4.11,4.13,4.04,4.09,1045295.0
2011-12-05,4276101.0,4.05,4.27,4.05,4.20,813487.0
2011-12-01,8240362.0,4.28,4.33,4.24,4.28,1518727.0
2011-11-30,4652102.0,4.19,4.30,4.07,4.29,879901.0
2011-11-29,3851248.0,4.29,4.29,4.23,4.25,716476.0
2011-11-28,3466428.0,4.23,4.27,4.22,4.25,646600.0
2011-11-25,2430318.0,4.23,4.25,4.21,4.24,456427.0
2011-11-24,3759970.0,4.25,4.25,4.16,4.23,706840.0
2011-11-23,5597126.0,4.24,4.26,4.16,4.21,1052396.0
2011-11-22,3069289.0,4.20,4.25,4.13,4.13,580001.0
2011-11-21,2667219.0,4.18,4.23,4.12,4.17,507579.0
2011-11-18,3806986.0,4.19,4.33,4.18,4.33,710824.0
2011-11-17,3752307.0,4.34,4.40,4.30,4.33,683957.0
2011-11-16,6403966.0,4.34,4.48,4.26,4.46,1158921.0
2011-11-14,7110150.0,4.45,4.46,4.37,4.37,1270426.0
2011-11-11,3152860.0,4.36,4.39,4.29,4.36,576313.0
2011-11-10,3484579.0,4.36,4.41,4.34,4.41,632395.0
2011-11-09,4599181.0,4.41,4.44,4.29,4.37,832010.0
2011-11-08,4811100.0,4.41,4.48,4.37,4.48,862496.0
2011-11-07,6787801.0,4.48,4.57,4.44,4.49,1196171.0
2011-11-04,11042687.0,4.52,4.52,4.40,4.40,1956766.0
2011-11-03,7843159.0,4.40,4.45,4.38,4.44,1404984.0
2011-11-02,13489483.0,4.44,4.47,4.22,4.26,2457819.0
2011-11-01,5870802.0,4.29,4.30,4.22,4.22,1093829.0
2011-10-31,4429890.0,4.28,4.29,4.25,4.29,820789.0
2011-10-28,5601456.0,4.29,4.29,4.23,4.25,1040504.0
2011-10-27,8597424.0,4.22,4.28,4.17,4.21,1614864.0
2011-10-26,4288513.0,4.23,4.27,4.18,4.18,802687.0
2011-10-25,4019315.0,4.20,4.25,4.14,4.15,759007.0
2011-10-24,2566703.0,4.15,4.18,3.97,4.07,499120.0
2011-10-21,1511446.0,4.08,4.13,3.99,3.99,292752.0
2011-10-20,1966523.0,4.13,4.35,3.96,4.33,373940.0
2011-10-19,1452826.0,4.33,4.39,4.28,4.36,264357.0
2011-10-18,4159196.0,4.35,4.52,4.35,4.49,742448.0
2011-10-17,3654498.0,4.48,4.57,4.48,4.54,642281.0
2011-10-14,3269886.0,4.54,4.61,4.52,4.61,570047.0
2011-10-13,6197365.0,4.61,4.62,4.50,4.50,1073334.0
2011-10-12,8277833.0,4.56,4.57,4.10,4.44,1458228.0
2011-10-11,4096490.0,4.44,4.54,4.37,4.50,725929.0
2011-10-10,1520111.0,4.42,4.52,4.40,4.41,270459.0
2011-09-30,1716983.0,4.41,4.45,4.37,4.41,308374.0
2011-09-29,5128396.0,4.40,4.57,4.40,4.53,911843.0
2011-09-28,3513718.0,4.58,4.67,4.58,4.67,605733.0
2011-09-27,5220883.0,4.63,4.67,4.52,4.60,901369.0
2011-09-26,1807050.0,4.57,4.63,4.53,4.53,312156.0
2011-09-23,2308729.0,4.61,4.63,4.47,4.58,399773.0
2011-09-22,4132585.0,4.63,4.75,4.60,4.71,699126.0
2011-09-21,7978426.0,4.74,4.78,4.56,4.61,1343260.0
2011-09-20,1951818.0,4.61,4.61,4.54,4.56,337579.0
2011-09-19,2034359.0,4.55,4.66,4.54,4.66,350540.0
2011-09-16,5241714.0,4.66,4.72,4.63,4.65,887055.0
2011-09-15,3021720.0,4.63,4.66,4.55,4.58,519096.0
2011-09-14,2490512.0,4.58,4.59,4.51,4.57,433570.0
2011-09-13,2448965.0,4.56,4.60,4.52,4.60,426653.0
2011-09-09,2798681.0,4.64,4.68,4.60,4.64,478866.0
2011-09-08,2774267.0,4.62,4.70,4.61,4.70,472052.0
2011-09-07,7257203.0,4.67,4.73,4.55,4.55,1237606.0
2011-09-06,2279264.0,4.55,4.55,4.48,4.48,398679.0
2011-09-05,4047005.0,4.52,4.69,4.50,4.59,707412.0
2011-09-02,12471894.0,4.60,4.77,4.57,4.77,2137652.0
2011-09-01,8243313.0,4.77,4.86,4.75,4.83,1363653.0
2011-08-31,3944068.0,4.83,4.86,4.78,4.86,648744.0
2011-08-30,4794946.0,4.84,4.90,4.83,4.85,781339.0
2011-08-29,5400320.0,4.83,4.88,4.79,4.86,884529.0
2011-08-26,8163309.0,4.86,4.90,4.82,4.88,1334318.0
2011-08-25,5754423.0,4.90,4.90,4.77,4.77,939689.0
2011-08-24,5438903.0,4.79,4.86,4.76,4.76,893896.0
2011-08-23,4081050.0,4.76,4.78,4.70,4.72,682183.0
2011-08-22,3346874.0,4.72,4.73,4.63,4.64,563820.0
2011-08-19,4758572.0,4.67,4.71,4.56,4.60,813251.0
2011-08-18,3278636.0,4.75,4.87,4.75,4.83,541142.0
2011-08-17,4260445.0,4.83,4.91,4.83,4.87,693412.0
2011-08-16,3823163.0,4.87,4.92,4.83,4.90,622721.0
2011-08-15,7758773.0,4.89,4.92,4.80,4.83,1263313.0
2011-08-12,5842790.0,4.83,4.86,4.78,4.79,959139.0
2011-08-11,4299644.0,4.77,4.79,4.60,4.67,720991.0
2011-08-10,9551592.0,4.75,4.78,4.63,4.65,1600917.0
2011-08-09,4669455.0,4.60,4.65,4.47,4.48,813335.0
2011-08-08,9746553.0,4.69,4.75,4.41,4.75,1666890.0
2011-08-05,10079345.0,4.80,4.85,4.75,4.83,1661925.0
2011-08-04,5988621.0,4.96,5.02,4.92,4.98,955518.0
2011-08-03,6420779.0,4.97,4.97,4.86,4.90,1034738.0
2011-08-02,4842169.0,4.93,4.94,4.85,4.90,785230.0
2011-08-01,5706982.0,4.92,4.94,4.83,4.84,925871.0
2011-07-29,5829238.0,4.86,4.91,4.85,4.86,946624.0
2011-07-28,7847625.0,4.86,4.94,4.83,4.94,1278099.0
2011-07-27,10753330.0,4.96,4.99,4.90,4.99,1719978.0
2011-07-26,6828951.0,4.94,4.97,4.83,4.86,1103958.0
2011-07-25,12776190.0,4.87,5.12,4.86,5.11,2042760.0
2011-07-22,7039669.0,5.11,5.17,5.09,5.12,1089084.0
2011-07-21,6655746.0,5.11,5.18,5.08,5.18,1029810.0
2011-07-20,8972781.0,5.19,5.22,5.13,5.17,1374044.0
2011-07-19,11010889.0,5.15,5.23,5.11,5.23,1690535.0
2011-07-18,10950639.0,5.24,5.29,5.22,5.28,1652194.0
2011-07-15,17588724.0,5.28,5.28,5.18,5.27,2662980.0
2011-07-14,30576666.0,5.28,5.28,5.06,5.07,4695025.0
2011-07-13,13078010.0,5.09,5.12,5.02,5.02,2039952.0
2011-07-12,13366049.0,5.05,5.12,5.04,5.12,2092088.0
2011-07-11,14841655.0,5.13,5.17,5.04,5.10,2305396.0
2011-07-08,18247354.0,5.12,5.26,5.09,5.20,2813706.0
2011-07-07,28829026.0,5.22,5.26,5.10,5.21,3632804.0
2011-07-06,22218128.0,5.19,5.20,5.03,5.06,2848441.0
2011-07-05,19456312.0,5.06,5.10,5.03,5.03,2523999.0
2011-07-04,38084504.0,5.05,5.10,4.97,4.98,4961173.0
2011-07-01,12766925.0,4.84,4.89,4.81,4.86,1724888.0
2011-06-30,13404470.0,4.84,4.84,4.75,4.82,1829376.0
2011-06-29,9127578.0,4.76,4.87,4.72,4.87,1241179.0
2011-06-28,12844035.0,4.85,4.94,4.84,4.94,1727913.0
2011-06-27,7344925.0,4.94,4.98,4.88,4.91,974540.0
2011-06-24,8288738.0,4.91,4.96,4.82,4.87,1105099.0
2011-06-23,5839553.0,4.86,4.89,4.75,4.75,790487.0
2011-06-22,5346300.0,4.80,4.84,4.72,4.75,728850.0
2011-06-21,3467322.0,4.75,4.76,4.68,4.68,480687.0
2011-06-20,3371267.0,4.68,4.72,4.65,4.72,472078.0
2011-06-17,2454162.0,4.70,4.76,4.66,4.72,342314.0
2011-06-16,2973186.0,4.67,4.75,4.65,4.74,416153.0
2011-06-15,6286068.0,4.75,4.85,4.75,4.78,858862.0
2011-06-14,4903018.0,4.82,4.85,4.72,4.72,666857.0
2011-06-13,2524085.0,4.75,4.78,4.65,4.73,351200.0
2011-06-10,6192171.0,4.78,4.81,4.68,4.76,854151.0
2011-06-09,7808919.0,4.78,4.99,4.74,4.91,1051145.0
2011-06-08,5925585.0,4.97,5.01,4.88,5.00,786177.0
2011-06-07,5971293.0,5.01,5.04,4.85,4.93,789570.0
2011-06-03,6428265.0,4.93,5.00,4.86,4.89,851664.0
2011-06-02,11542033.0,4.88,4.91,4.74,4.82,1569462.0
2011-06-01,8360542.0,4.88,4.91,4.72,4.85,1124456.0
2011-05-31,9330575.0,4.85,4.87,4.72,4.72,1279854.0
2011-05-30,11800629.0,4.72,4.91,4.70,4.87,1607912.0
2011-05-27,18534374.0,4.90,5.17,4.85,5.14,2417797.0
2011-05-26,16204400.0,5.14,5.37,5.14,5.37,2023372.0
2011-05-25,14996515.0,5.27,5.34,5.23,5.29,1860277.0
2011-05-24,23817050.0,5.29,5.37,5.22,5.37,2951039.0
2011-05-23,48877532.0,5.42,5.73,5.25,5.71,5839089.0
2011-05-20,42019276.0,5.76,5.92,5.71,5.75,4750969.0
2011-05-19,39951244.0,5.76,5.88,5.75,5.83,4509499.0
2011-05-18,70675448.0,5.85,5.96,5.51,5.58,8020688.0
2011-05-17,35311292.0,5.62,5.62,5.43,5.61,4171745.0
2011-05-16,50554900.0,5.60,5.67,5.48,5.53,5908120.0
2011-05-13,33098176.0,5.50,5.54,5.38,5.38,3953557.0
2011-05-12,16189114.0,5.41,5.49,5.41,5.47,1946246.0
2011-05-11,33433810.0,5.47,5.52,5.34,5.41,4038385.0
2011-05-09,21739044.0,5.37,5.46,5.35,5.40,2642204.0
2011-05-06,22846650.0,5.39,5.48,5.31,5.35,2777883.0
2011-05-05,23969898.0,5.40,5.42,5.24,5.24,2928195.0
2011-05-04,14048399.0,5.25,5.35,5.23,5.34,1738099.0
2011-05-03,10317885.0,5.35,5.35,5.21,5.24,1277837.0
2011-04-29,6570445.0,5.24,5.27,5.12,5.16,823621.0
2011-04-28,10051702.0,5.16,5.29,5.15,5.27,1260419.0
2011-04-27,11186350.0,5.24,5.32,5.18,5.29,1396773.0
2011-04-26,17965582.0,5.30,5.44,5.20,5.42,2219479.0
2011-04-25,12065613.0,5.43,5.50,5.37,5.47,1459260.0
2011-04-22,18139328.0,5.47,5.56,5.41,5.54,2178766.0
2011-04-21,25517326.0,5.54,5.54,5.45,5.47,3036064.0
2011-04-20,27560676.0,5.47,5.58,5.43,5.53,3299160.0
2011-04-19,29393802.0,5.44,5.46,5.33,5.38,3566479.0
2011-04-18,28805448.0,5.40,5.47,5.34,5.39,3502093.0
2011-04-15,29218828.0,5.42,5.42,5.21,5.29,3596361.0
2011-04-14,9019129.0,5.29,5.32,5.24,5.31,1119588.0
2011-04-13,9221998.0,5.32,5.33,5.16,5.29,1147805.0
2011-04-12,13827075.0,5.29,5.34,5.21,5.26,1722566.0
2011-04-11,12799387.0,5.29,5.34,5.25,5.31,1582772.0
2011-04-08,12311509.0,5.29,5.32,5.19,5.22,1532340.0
2011-04-07,12766652.0,5.22,5.27,5.18,5.27,1607742.0
2011-04-06,9585884.0,5.24,5.30,5.16,5.25,1204800.0
2011-04-01,16338666.0,5.26,5.29,5.18,5.20,2047224.0
2011-03-31,19162444.0,5.16,5.35,5.14,5.35,2415137.0
2011-03-30,31125378.0,5.36,5.57,5.27,5.53,3794413.0
2011-03-29,40959164.0,5.52,5.62,5.45,5.54,4836765.0
2011-03-28,58163224.0,5.57,5.58,5.42,5.43,6931218.0
2011-03-25,15560450.0,5.43,5.46,5.39,5.42,1880683.0
2011-03-24,25155722.0,5.43,5.48,5.37,5.42,3045173.0
2011-03-23,20072270.0,5.44,5.52,5.35,5.48,2419100.0
2011-03-22,10263635.0,5.47,5.54,5.44,5.53,1231889.0
2011-03-21,13370273.0,5.50,5.56,5.44,5.56,1597606.0
2011-03-18,21746114.0,5.52,5.62,5.44,5.56,2584816.0
2011-03-17,47595304.0,5.52,5.59,5.44,5.49,5654529.0
2011-03-16,69460672.0,5.50,5.57,5.44,5.48,8281436.0
2011-03-15,23715644.0,5.44,5.47,5.31,5.44,2879829.0
2011-03-14,41359188.0,5.46,5.48,5.31,5.42,5041672.0
2011-03-11,16188031.0,5.44,5.51,5.42,5.46,1940578.0
2011-03-10,31109914.0,5.50,5.54,5.46,5.50,3708210.0
2011-03-09,33647064.0,5.52,5.54,5.44,5.46,4011241.0
2011-03-08,31149214.0,5.49,5.54,5.39,5.50,3738873.0
2011-03-07,28998034.0,5.48,5.55,5.44,5.55,3470288.0
2011-03-04,55772560.0,5.54,5.62,5.43,5.52,6636866.0
2011-03-03,29515594.0,5.56,5.63,5.50,5.63,3485263.0
2011-03-02,25444608.0,5.59,5.61,5.50,5.60,3005013.0
2011-03-01,38184556.0,5.62,5.67,5.42,5.50,4495739.0
2011-02-28,17950054.0,5.44,5.52,5.38,5.50,2167360.0
2011-02-25,32172192.0,5.46,5.56,5.37,5.50,3878981.0
2011-02-24,60970004.0,5.48,5.50,5.11,5.24,7423968.0
2011-02-23,42832288.0,5.24,5.30,4.97,5.02,5420707.0
2011-02-22,22516680.0,5.05,5.14,4.96,5.14,2922780.0
2011-02-21,26473520.0,5.14,5.16,4.91,5.01,3424871.0
2011-02-18,8620554.0,5.01,5.04,4.91,5.03,1137109.0
2011-02-17,17155550.0,5.01,5.05,4.94,4.97,2248709.0
2011-02-16,22953670.0,5.01,5.03,4.82,4.90,3062748.0
2011-02-15,17911598.0,4.91,4.95,4.85,4.92,2395652.0
2011-02-14,17321070.0,4.92,4.93,4.79,4.80,2331223.0
2011-02-11,10560063.0,4.82,4.85,4.76,4.78,1435390.0
2011-02-10,8627284.0,4.80,4.80,4.63,4.68,1193194.0
2011-02-09,5208782.0,4.68,4.74,4.65,4.70,726959.0
2011-02-01,4780812.0,4.71,4.74,4.68,4.71,665460.0
2011-01-31,8433955.0,4.72,4.76,4.65,4.72,1172971.0
2011-01-28,8611423.0,4.74,4.76,4.63,4.69,1201695.0
2011-01-27,10726914.0,4.68,4.69,4.50,4.53,1521982.0
2011-01-26,3150252.0,4.56,4.57,4.49,4.51,453798.0
2011-01-25,4750408.0,4.53,4.55,4.40,4.47,690758.0
2011-01-24,12899798.0,4.47,4.71,4.44,4.64,1867345.0
2011-01-21,6384356.0,4.65,4.72,4.57,4.57,899003.0
2011-01-20,8121361.0,4.59,4.78,4.53,4.77,1141944.0
2011-01-19,7169704.0,4.76,4.76,4.65,4.66,996352.0
2011-01-18,8373647.0,4.66,4.78,4.46,4.57,1180827.0
2011-01-17,11841725.0,4.57,4.78,4.46,4.72,1681013.0
2011-01-14,19684468.0,4.72,4.94,4.71,4.91,2696382.0
2011-01-13,36609356.0,4.94,5.16,4.87,5.08,4851867.0
2011-01-12,41153468.0,5.03,5.22,5.02,5.07,5264583.0
2011-01-11,35568368.0,5.08,5.14,4.95,4.98,4600242.0
2011-01-10,48870340.0,5.03,5.11,4.84,4.84,6363211.0
2011-01-07,11339397.0,4.89,4.89,4.79,4.84,1530806.0
2011-01-06,9303932.0,4.83,4.93,4.78,4.84,1260381.0
2011-01-05,11003280.0,4.82,4.85,4.75,4.76,1499885.0
2011-01-04,14303261.0,4.83,4.84,4.66,4.73,1966422.0
