date,open,high,close,low,volume,amount
2015-11-27,6.01,6.15,5.70,5.61,23214056.0,138448656.0
2015-11-26,6.01,6.05,6.02,5.97,16627152.0,99872944.0
2015-11-25,5.96,5.99,5.99,5.94,9655159.0,57665232.0
2015-11-24,5.91,6.00,5.97,5.87,11466671.0,68116304.0
2015-11-23,6.01,6.07,5.94,5.92,16203868.0,97545656.0
2015-11-20,5.99,6.03,6.02,5.94,15975572.0,95689768.0
2015-11-19,5.87,6.01,6.00,5.85,15624819.0,92439712.0
2015-11-18,5.88,5.95,5.88,5.84,10511872.0,61772356.0
2015-11-17,5.85,5.97,5.91,5.82,15393166.0,90883304.0
2015-11-16,5.70,5.82,5.82,5.66,8299835.0,47782872.0
2015-11-13,5.90,5.91,5.77,5.76,12870787.0,74881848.0
2015-11-12,5.93,6.04,5.92,5.90,13060275.0,77787912.0
2015-11-11,6.04,6.05,6.00,5.91,14121824.0,84381928.0
2015-11-10,5.94,6.07,6.02,5.91,20396310.0,122432848.0
2015-11-09,5.89,6.04,5.99,5.80,26361908.0,156438256.0
2015-11-06,5.75,6.03,5.92,5.71,26229626.0,153740960.0
2015-11-05,5.75,5.92,5.80,5.71,32748348.0,190138624.0
2015-11-04,5.43,5.75,5.70,5.42,19432624.0,109131096.0
2015-11-03,5.53,5.57,5.43,5.39,9186268.0,50204052.0
2015-11-02,5.55,5.70,5.54,5.50,13338724.0,74619856.0
2015-10-30,5.65,5.77,5.69,5.56,11912139.0,67466304.0
2015-10-29,5.68,5.76,5.71,5.63,7668389.0,43708616.0
2015-10-28,5.76,5.82,5.66,5.62,11321398.0,65012384.0
2015-10-27,5.87,5.87,5.78,5.59,17640672.0,101545552.0
2015-10-26,5.74,5.80,5.79,5.65,18203472.0,104142176.0
2015-10-23,5.54,5.71,5.68,5.46,14668616.0,81516936.0
2015-10-22,5.39,5.53,5.51,5.39,10002066.0,54523276.0
2015-10-21,5.85,5.87,5.40,5.35,16005983.0,90689496.0
2015-10-20,5.71,5.78,5.78,5.67,10687284.0,61121212.0
2015-10-19,5.70,5.80,5.66,5.61,12290225.0,70224288.0
2015-10-16,5.65,5.75,5.70,5.60,15621742.0,88657240.0
2015-10-15,5.44,5.78,5.66,5.41,12277618.0,68835624.0
2015-10-14,5.59,5.64,5.48,5.47,12013780.0,66619524.0
2015-10-13,5.48,5.65,5.60,5.40,15001105.0,83417360.0
2015-10-12,5.28,5.56,5.49,5.28,15375064.0,83640456.0
2015-10-09,5.25,5.31,5.27,5.19,9247128.0,48604412.0
2015-10-08,5.20,5.27,5.23,5.16,9376957.0,48963872.0
2015-09-30,5.07,5.12,5.05,5.03,4057507.0,20570088.0
2015-09-29,5.02,5.14,5.04,5.01,6842189.0,34854680.0
2015-09-28,5.07,5.15,5.10,4.97,4265201.0,21649572.0
2015-09-25,5.15,5.17,5.04,5.00,6620675.0,33568720.0
2015-09-24,5.13,5.20,5.18,5.13,6528097.0,33720676.0
2015-09-23,5.13,5.24,5.12,5.09,6354811.0,32703648.0
2015-09-22,5.19,5.29,5.22,5.18,7503927.0,39269172.0
2015-09-21,5.07,5.21,5.19,5.00,8160669.0,41952472.0
2015-09-18,5.09,5.14,5.08,5.01,6368212.0,32270382.0
2015-09-17,5.10,5.35,5.05,5.01,12227568.0,63298404.0
2015-09-16,4.80,5.27,5.20,4.70,9979146.0,49850128.0
2015-09-15,4.89,5.04,4.79,4.76,7605976.0,37286348.0
2015-09-14,5.44,5.48,4.96,4.92,9824054.0,50877660.0
2015-09-11,5.44,5.50,5.40,5.31,7037999.0,38012852.0
2015-09-10,5.45,5.58,5.42,5.42,8692949.0,47742040.0
2015-09-09,5.36,5.60,5.56,5.31,15019139.0,82386936.0
2015-09-08,5.11,5.37,5.36,5.06,8932210.0,46730320.0
2015-09-07,5.20,5.35,5.17,5.14,8400160.0,44158284.0
2015-09-02,5.08,5.40,5.10,4.99,9017892.0,46820632.0
2015-09-01,5.43,5.45,5.17,5.10,10760872.0,56357244.0
2015-08-31,5.62,5.67,5.47,5.43,13821906.0,76508448.0
2015-08-28,5.35,5.81,5.78,5.25,20539064.0,112124144.0
2015-08-27,5.22,5.36,5.30,4.93,13987721.0,72788264.0
2015-08-26,5.23,5.40,5.13,4.85,18556092.0,95938992.0
2015-08-25,5.15,5.37,5.14,5.14,18926172.0,98247960.0
2015-08-24,6.06,6.12,5.71,5.71,15179320.0,87811208.0
2015-08-21,6.70,6.75,6.34,6.31,13959365.0,91135784.0
2015-08-20,6.76,7.19,6.87,6.66,17505288.0,122146096.0
2015-08-19,6.55,6.95,6.88,6.11,18634108.0,122544440.0
2015-08-18,7.56,7.65,6.76,6.76,27307022.0,196364656.0
2015-08-17,7.37,7.57,7.51,7.28,25093504.0,186443536.0
2015-08-14,7.28,7.47,7.35,7.22,23163476.0,170548672.0
2015-08-13,7.12,7.27,7.26,7.04,18130716.0,130134632.0
2015-08-12,7.20,7.44,7.21,7.17,20078372.0,146685536.0
2015-08-11,7.31,7.44,7.30,7.26,26255924.0,192790960.0
2015-08-10,7.12,7.40,7.39,7.03,26523220.0,192439648.0
2015-08-07,6.96,7.09,7.04,6.85,15540387.0,109066088.0
2015-08-06,6.85,7.10,6.89,6.77,14615874.0,101388168.0
2015-08-05,7.00,7.34,7.02,6.73,29171432.0,206165264.0
2015-08-04,6.57,7.22,7.14,6.42,27971024.0,190703904.0
2015-08-03,6.65,6.88,6.56,6.35,21027672.0,139819456.0
2015-07-31,6.50,6.66,6.45,6.38,11232922.0,73318816.0
2015-07-30,6.65,6.96,6.55,6.51,19137904.0,130336768.0
2015-07-29,6.40,6.75,6.72,6.16,16518032.0,105956088.0
2015-07-28,6.16,6.67,6.27,6.08,23784546.0,150009808.0
2015-07-27,7.22,7.60,6.75,6.75,27938370.0,200401680.0
2015-07-24,7.70,7.77,7.50,7.41,34310128.0,260194656.0
2015-07-23,7.60,7.91,7.69,7.22,41558456.0,312999360.0
2015-07-22,7.95,8.00,7.64,7.45,60328456.0,467267456.0
2015-07-21,6.75,7.45,7.45,6.50,34219968.0,244165088.0
2015-07-20,6.65,6.96,6.77,6.53,25117440.0,169433600.0
2015-07-17,6.35,6.73,6.65,6.29,20499344.0,133887912.0
2015-07-16,5.88,6.49,6.21,5.64,18714772.0,114685696.0
2015-07-15,6.58,6.66,6.10,6.10,20881676.0,131914648.0
2015-07-14,6.89,7.16,6.78,6.52,40546792.0,278873888.0
2015-07-13,6.40,6.66,6.66,6.29,26311348.0,171579920.0
2015-07-10,5.65,6.05,6.05,5.60,18907150.0,113046048.0
2015-07-09,4.60,5.50,5.50,4.60,26765128.0,141109072.0
2015-07-08,5.00,5.15,5.00,5.00,20687972.0,103509776.0
2015-07-07,6.00,6.00,5.55,5.55,14759400.0,83264488.0
2015-07-06,7.15,7.15,6.17,5.86,25574112.0,165178544.0
2015-07-03,7.08,7.16,6.51,6.51,20401792.0,135886000.0
2015-07-02,8.00,8.07,7.23,7.17,18187582.0,137907120.0
2015-07-01,8.19,8.44,7.96,7.71,21709400.0,178546448.0
2015-06-30,7.81,8.40,8.32,7.23,25510060.0,200107024.0
2015-06-29,8.61,8.65,7.81,7.46,28998492.0,231985344.0
2015-06-26,8.88,9.02,8.29,8.29,24695472.0,211931616.0
2015-06-25,9.44,9.83,9.21,8.92,28926976.0,275652224.0
2015-06-24,9.24,9.50,9.44,9.10,24022956.0,224395088.0
2015-06-23,9.07,9.28,9.16,8.31,23855476.0,212211152.0
2015-06-19,9.76,10.10,9.16,9.08,24548206.0,232947024.0
2015-06-18,10.44,10.69,10.09,9.90,26301348.0,272593184.0
2015-06-17,10.20,10.44,10.43,9.64,27468460.0,277624288.0
2015-06-16,10.75,10.75,10.20,10.10,35235640.0,365673728.0
2015-06-15,11.50,11.60,10.97,10.85,43948624.0,488981440.0
2015-06-12,10.76,11.45,11.31,10.67,49561188.0,551418048.0
2015-06-11,10.40,10.88,10.77,10.25,39036216.0,411799104.0
2015-06-10,10.30,10.69,10.45,10.10,33247268.0,346583808.0
2015-06-09,10.18,10.53,10.45,9.90,39595140.0,407067968.0
2015-06-08,10.11,10.90,10.46,10.11,70042520.0,740493120.0
2015-06-05,9.67,9.97,9.91,9.53,50317968.0,491602080.0
2015-06-04,9.94,9.94,9.60,8.99,36117000.0,342871648.0
2015-06-03,9.51,9.98,9.94,9.31,55220624.0,535086784.0
2015-06-02,9.32,9.57,9.45,9.20,32687664.0,306387872.0
2015-06-01,8.90,9.39,9.37,8.85,28437552.0,261266032.0
2015-05-29,9.02,9.19,8.98,8.31,35839244.0,318635136.0
2015-05-28,9.45,10.20,9.23,9.21,62859376.0,612901696.0
2015-05-27,9.57,9.59,9.40,9.25,38588260.0,362554944.0
2015-05-26,9.73,9.74,9.58,9.30,49280732.0,468991040.0
2015-05-25,9.25,9.66,9.63,9.12,49298016.0,471480928.0
2015-05-22,9.11,9.30,9.26,9.05,39464324.0,365660000.0
2015-05-21,8.95,9.02,9.02,8.74,29034204.0,259994080.0
2015-05-20,8.94,9.10,8.95,8.80,35579852.0,320838976.0
2015-05-19,8.66,9.11,8.93,8.63,29360284.0,264451216.0
2015-05-18,8.86,8.86,8.66,8.60,21289884.0,186636688.0
2015-05-15,9.04,9.04,8.86,8.69,31985640.0,284199520.0
2015-05-14,9.42,9.57,9.12,9.02,38157520.0,353791680.0
2015-05-13,9.27,9.30,9.25,8.95,43953680.0,406111520.0
2015-05-12,9.52,9.65,9.45,9.19,65321268.0,616241920.0
2015-05-11,9.42,9.87,9.71,9.17,76763272.0,735521920.0
2015-05-08,8.78,9.24,9.24,8.58,88758816.0,817597120.0
2015-05-07,8.99,9.06,8.40,8.40,50840128.0,441040512.0
2015-05-06,9.62,10.12,9.33,9.25,87032896.0,845428224.0
2015-05-05,10.28,10.28,10.28,10.04,106442568.0,1101820800.0
2015-05-04,9.35,9.35,9.35,9.35,9508967.0,89669560.0
2015-04-30,8.44,8.76,8.50,8.43,35858068.0,309487360.0
2015-04-29,9.05,9.43,8.82,8.62,66989960.0,605586432.0
2015-04-28,7.86,8.65,8.65,7.81,41060360.0,344865184.0
2015-04-27,7.78,8.00,7.86,7.76,18432036.0,146058304.0
2015-04-24,7.82,7.88,7.78,7.64,15344817.0,120055744.0
2015-04-23,8.00,8.06,7.93,7.82,20220770.0,161143072.0
2015-04-22,7.75,8.07,8.00,7.75,26514572.0,212617232.0
2015-04-21,7.47,7.68,7.66,7.40,16355507.0,124008936.0
2015-04-20,7.76,7.76,7.47,7.45,27672184.0,212040368.0
2015-04-17,7.81,8.06,7.84,7.77,27185632.0,215673024.0
2015-04-16,7.91,8.13,7.83,7.44,30446704.0,238747120.0
2015-04-15,8.01,8.53,8.00,7.99,42899996.0,355635072.0
2015-04-14,7.57,8.16,8.01,7.57,44627548.0,356674304.0
2015-04-13,7.31,7.81,7.57,7.16,46055820.0,348171360.0
2015-04-10,6.93,7.29,7.28,6.82,38558044.0,274708224.0
2015-04-09,7.14,7.14,6.86,6.66,26095494.0,179197600.0
2015-04-08,7.08,7.22,7.04,6.91,31587996.0,225313904.0
2015-04-07,6.86,7.21,7.08,6.86,32680456.0,233631520.0
2015-04-03,6.60,6.82,6.82,6.55,28887760.0,195544784.0
2015-04-02,6.71,6.73,6.65,6.58,22103656.0,147910208.0
2015-04-01,6.48,6.71,6.65,6.43,27410392.0,182133200.0
2015-03-31,6.54,6.62,6.51,6.42,25342968.0,166583248.0
2015-03-30,6.44,6.52,6.51,6.33,20970212.0,136366624.0
2015-03-27,6.38,6.55,6.51,6.26,18769956.0,120833440.0
2015-03-26,6.55,6.60,6.36,6.33,18788928.0,122222048.0
2015-03-25,6.54,6.63,6.55,6.46,17042266.0,112359552.0
2015-03-24,6.60,6.61,6.53,6.37,23144144.0,151182368.0
2015-03-23,6.51,6.60,6.60,6.47,18033300.0,118677248.0
2015-03-20,6.60,6.70,6.54,6.48,21194920.0,139769232.0
2015-03-19,6.78,6.84,6.60,6.47,22753256.0,151902848.0
2015-03-18,6.60,6.82,6.71,6.60,23563058.0,159788128.0
2015-03-17,6.40,6.79,6.54,6.36,20327108.0,133575008.0
2015-03-16,6.32,6.45,6.43,6.21,17926812.0,114751920.0
2015-03-13,6.22,6.33,6.30,6.08,18212272.0,113833216.0
2015-03-12,6.04,6.53,6.21,5.96,31830220.0,200798896.0
2015-03-11,5.80,6.10,6.03,5.80,23458286.0,141930400.0
2015-03-10,5.83,5.91,5.81,5.77,14284028.0,84261208.0
2015-03-09,5.81,5.93,5.82,5.77,17013084.0,100414200.0
2015-03-06,5.84,5.90,5.81,5.73,25249200.0,148283504.0
2015-03-05,5.63,5.80,5.67,5.60,17828904.0,102450888.0
2015-03-04,5.70,5.70,5.61,5.58,21682100.0,122967376.0
2015-03-03,5.51,5.88,5.72,5.43,39949968.0,226195152.0
2015-03-02,5.39,5.49,5.45,5.37,18807254.0,103307048.0
2015-02-27,5.37,5.41,5.37,5.35,9325762.0,50538200.0
2015-02-26,5.37,5.39,5.37,5.32,9500282.0,51307416.0
2015-02-25,5.37,5.40,5.36,5.30,5643539.0,30356780.0
2015-02-17,5.39,5.39,5.36,5.28,8568825.0,45993336.0
2015-02-16,5.33,5.39,5.37,5.32,4434789.0,23956792.0
2015-02-13,5.28,5.37,5.30,5.24,5361029.0,28758234.0
2015-02-12,5.17,5.33,5.27,5.16,7350128.0,39093808.0
2015-02-11,5.12,5.15,5.13,5.10,2638726.0,13643804.0
2015-02-10,5.04,5.13,5.11,5.04,2856585.0,14630999.0
2015-02-09,5.11,5.17,5.07,5.06,4620544.0,23830406.0
2015-02-06,5.30,5.30,5.11,5.10,6955123.0,36312240.0
2015-02-05,5.43,5.44,5.30,5.26,6458677.0,34799684.0
2015-02-04,5.37,5.43,5.37,5.33,7312147.0,39632532.0
2015-02-03,5.28,5.40,5.37,5.26,9081913.0,48910628.0
2015-02-02,5.20,5.33,5.28,5.17,7021572.0,37191420.0
2015-01-30,5.36,5.40,5.24,5.22,11129008.0,59320988.0
2015-01-29,5.41,5.60,5.39,5.35,18289000.0,101095064.0
2015-01-28,5.24,5.63,5.44,5.18,30698084.0,168515008.0
2015-01-27,5.18,5.28,5.25,5.12,12732001.0,66656136.0
2015-01-26,5.07,5.18,5.17,5.06,11493689.0,59323176.0
2015-01-23,5.09,5.09,5.03,5.02,5645928.0,28746242.0
2015-01-22,5.05,5.07,5.07,5.00,9097985.0,46183928.0
2015-01-21,4.95,5.05,5.04,4.91,8802305.0,44397608.0
2015-01-20,4.85,4.94,4.94,4.82,5276128.0,26012892.0
2015-01-19,5.00,5.02,4.79,4.75,9004734.0,44400524.0
2015-01-16,5.11,5.12,5.07,5.06,6139786.0,31424318.0
2015-01-15,5.00,5.10,5.10,5.00,4599736.0,23378000.0
2015-01-14,5.08,5.14,5.00,4.99,4070409.0,20761554.0
2015-01-13,5.07,5.12,5.09,4.96,5558424.0,28265780.0
2015-01-12,5.21,5.21,5.08,5.05,6230553.0,31971722.0
2015-01-09,5.27,5.31,5.24,5.23,5504247.0,29265442.0
2015-01-08,5.29,5.34,5.28,5.21,7233061.0,38406860.0
2015-01-07,5.39,5.41,5.31,5.25,10673806.0,57182192.0
2015-01-06,5.20,5.48,5.39,5.16,19511588.0,105548976.0
2015-01-05,5.13,5.23,5.21,5.10,7751946.0,40358592.0
2014-12-31,5.08,5.12,5.11,5.07,5570841.0,28586346.0
2014-12-30,5.35,5.39,5.06,5.03,17773136.0,92298872.0
2014-12-29,5.37,5.42,5.32,5.31,12976509.0,70370280.0
2014-12-26,5.37,5.41,5.39,5.37,7479166.0,40651244.0
2014-12-25,5.27,5.37,5.34,5.27,6482258.0,34747536.0
2014-12-24,5.25,5.30,5.26,5.17,7567062.0,39829308.0
2014-12-23,5.34,5.36,5.25,5.22,8578538.0,45628080.0
2014-12-22,5.37,5.52,5.36,5.32,15357735.0,84151800.0
2014-12-19,5.47,5.52,5.37,5.33,12559021.0,68599848.0
2014-12-18,5.45,5.50,5.46,5.41,8471402.0,46683396.0
2014-12-17,5.55,5.55,5.51,5.44,16890674.0,93449576.0
2014-12-16,5.65,5.65,5.58,5.52,13892588.0,77972704.0
2014-12-15,5.70,5.70,5.65,5.56,18011996.0,102272736.0
2014-12-12,5.50,5.91,5.70,5.50,37425768.0,215534496.0
2014-12-11,5.32,5.46,5.45,5.26,23199048.0,126688464.0
2014-12-10,5.18,5.34,5.32,5.12,18141750.0,95702432.0
2014-12-09,5.23,5.48,5.24,5.12,36975740.0,196072688.0
2014-12-08,5.25,5.37,5.25,5.19,25429060.0,134467856.0
2014-12-05,5.45,5.46,5.25,5.21,16962852.0,90714920.0
2014-12-04,5.40,5.48,5.44,5.36,18404332.0,100596648.0
2014-12-03,5.53,5.54,5.40,5.34,26225960.0,143238208.0
2014-12-02,5.49,5.53,5.53,5.44,13218329.0,73145144.0
2014-12-01,5.43,5.63,5.52,5.43,10001603.0,55666364.0
2014-11-28,5.62,5.69,5.48,5.43,14493175.0,80720608.0
2014-11-27,5.58,5.71,5.60,5.55,13035762.0,74038888.0
2014-11-26,5.41,5.59,5.58,5.36,14295924.0,78886168.0
2014-11-25,5.39,5.43,5.41,5.31,15246918.0,82500272.0
2014-11-24,5.53,5.62,5.39,5.33,14763582.0,81567304.0
2014-11-21,5.35,5.43,5.39,5.29,3947836.0,21365136.0
2014-11-20,5.39,5.40,5.37,5.23,7892164.0,42267140.0
2014-11-19,5.46,5.56,5.41,5.41,6912062.0,38219104.0
2014-11-18,5.52,5.52,5.44,5.40,3146494.0,17321942.0
2014-11-17,5.36,5.57,5.51,5.17,13226984.0,72852480.0
2014-11-14,5.52,5.63,5.31,5.29,8746878.0,47557328.0
2014-11-13,5.68,5.69,5.53,5.43,8523458.0,47445476.0
2014-11-12,5.57,5.75,5.67,5.57,9272530.0,53004664.0
2014-11-11,5.80,5.93,5.56,5.46,17024728.0,98026088.0
2014-11-10,5.74,5.84,5.80,5.74,8147962.0,47484428.0
2014-11-07,5.69,5.95,5.83,5.67,28045344.0,164885536.0
2014-11-06,5.87,6.00,5.67,5.65,15279633.0,89349336.0
2014-11-05,5.61,5.90,5.80,5.48,22350082.0,128688448.0
2014-11-04,5.85,5.85,5.65,5.47,21183824.0,119384488.0
2014-11-03,5.90,5.94,5.85,5.56,32059044.0,185950848.0
2014-10-31,5.49,5.74,5.69,5.45,22550052.0,126991232.0
2014-10-30,5.37,5.55,5.46,5.32,10420955.0,57152800.0
2014-10-29,5.36,5.45,5.37,5.32,14698888.0,79827072.0
2014-10-28,5.14,5.48,5.39,5.09,20159304.0,109132960.0
2014-10-27,4.85,5.18,5.18,4.74,13280596.0,67532936.0
2014-10-24,4.85,4.91,4.85,4.82,2514128.0,12337855.0
2014-10-23,5.01,5.07,4.85,4.81,5794237.0,28655198.0
2014-10-22,5.17,5.18,5.03,5.03,5352821.0,27546642.0
2014-10-21,5.07,5.18,5.18,5.01,5835153.0,29866836.0
2014-10-20,5.01,5.14,5.09,4.98,5210576.0,26595444.0
2014-10-17,5.05,5.19,5.01,4.88,8701692.0,43882096.0
2014-10-16,5.12,5.29,5.09,5.06,8764891.0,45790332.0
2014-10-15,5.24,5.24,5.16,5.12,7281439.0,37941908.0
2014-10-14,5.39,5.39,5.26,5.15,13689004.0,72637744.0
2014-10-13,4.96,5.44,5.40,4.82,13520796.0,70248552.0
2014-10-10,5.09,5.09,4.95,4.94,9180590.0,46288684.0
2014-10-09,4.96,5.21,5.10,4.96,13289040.0,67970016.0
2014-10-08,4.85,4.97,4.96,4.85,11675818.0,58016632.0
2014-09-30,4.77,4.85,4.84,4.77,10314298.0,50079144.0
2014-09-29,4.78,4.79,4.76,4.75,6587414.0,31687352.0
2014-09-26,4.75,4.81,4.78,4.72,4862501.0,23373476.0
2014-09-25,4.79,4.86,4.75,4.73,5680578.0,27509236.0
2014-09-24,4.73,4.77,4.77,4.71,5045186.0,24151480.0
2014-09-23,4.73,4.77,4.76,4.68,7420348.0,35301056.0
2014-09-22,4.82,4.83,4.75,4.71,4265361.0,20458814.0
2014-09-19,4.88,4.90,4.85,4.75,7075239.0,34411136.0
2014-09-18,4.85,4.99,4.88,4.84,11802065.0,58606084.0
2014-09-17,4.75,4.82,4.82,4.64,8285195.0,39525864.0
2014-09-16,4.81,4.89,4.75,4.75,13180402.0,63986700.0
2014-09-15,4.78,4.85,4.81,4.74,7960598.0,38410028.0
2014-09-12,4.77,4.82,4.80,4.68,7828987.0,37662952.0
2014-09-11,4.69,4.84,4.74,4.69,13157935.0,63357880.0
2014-09-10,4.75,4.76,4.69,4.65,11943298.0,56500524.0
2014-09-09,4.81,4.83,4.78,4.74,7930442.0,38143040.0
2014-09-05,4.71,4.92,4.80,4.71,18022384.0,87625160.0
2014-09-04,4.66,4.68,4.67,4.62,7099245.0,33350880.0
2014-09-03,4.62,4.67,4.63,4.61,4832500.0,22608822.0
2014-09-02,4.56,4.62,4.61,4.55,7295219.0,33722480.0
2014-09-01,4.55,4.58,4.55,4.54,5888715.0,27090862.0
2014-08-29,4.49,4.57,4.56,4.45,3973562.0,18070052.0
2014-08-28,4.53,4.55,4.46,4.46,3695393.0,16782926.0
2014-08-27,4.52,4.56,4.52,4.44,4636530.0,21018884.0
2014-08-26,4.59,4.64,4.51,4.49,5780974.0,26613930.0
2014-08-25,4.66,4.69,4.58,4.56,7008176.0,32553096.0
2014-08-22,4.61,4.68,4.65,4.57,6268066.0,29372634.0
2014-08-21,4.71,4.73,4.61,4.56,13316277.0,62327916.0
2014-08-20,4.93,4.94,4.74,4.66,17028536.0,81455064.0
2014-08-19,4.95,4.96,4.89,4.86,4443744.0,21957900.0
2014-08-18,4.96,5.01,4.95,4.86,10562312.0,52562068.0
2014-08-15,4.87,5.01,4.98,4.79,6824598.0,33763408.0
2014-08-14,4.82,5.03,4.86,4.82,9496341.0,47308028.0
2014-08-13,4.84,4.98,4.98,4.71,12228280.0,59996632.0
2014-08-12,4.78,4.86,4.83,4.70,6932547.0,33420252.0
2014-08-11,4.61,4.80,4.76,4.60,9330011.0,44465368.0
2014-08-08,4.57,4.63,4.61,4.56,2257206.0,10475289.0
2014-08-07,4.56,4.69,4.58,4.49,6819161.0,31654844.0
2014-08-06,4.48,4.57,4.56,4.46,5265947.0,23949750.0
2014-08-05,4.49,4.51,4.50,4.44,4050521.0,18267860.0
2014-08-04,4.44,4.49,4.49,4.43,3717638.0,16734840.0
2014-08-01,4.58,4.60,4.43,4.41,7177879.0,32283926.0
2014-07-31,4.56,4.59,4.54,4.45,4991606.0,22722952.0
2014-07-30,4.56,4.63,4.59,4.53,4043102.0,18628282.0
2014-07-29,4.50,4.64,4.59,4.50,5790275.0,26831678.0
2014-07-28,4.48,4.51,4.50,4.45,3811724.0,17242252.0
2014-07-25,4.46,4.50,4.48,4.40,4195542.0,18751546.0
2014-07-24,4.58,4.60,4.46,4.41,4452845.0,20105236.0
2014-07-23,4.67,4.74,4.57,4.52,4074074.0,18949522.0
2014-07-22,4.58,4.67,4.66,4.58,5933338.0,27807554.0
2014-07-21,4.42,4.60,4.59,4.36,6968154.0,31681122.0
2014-07-18,4.36,4.42,4.41,4.32,3705270.0,16398093.0
2014-07-17,4.44,4.47,4.36,4.34,4209050.0,18715786.0
2014-07-16,4.67,4.67,4.45,4.36,11952645.0,53776460.0
2014-07-15,4.74,4.78,4.67,4.65,4741754.0,22614344.0
2014-07-14,4.71,4.74,4.73,4.59,4442649.0,20966466.0
2014-07-11,4.53,4.66,4.61,4.53,2825987.0,13176513.0
2014-07-10,4.57,4.65,4.53,4.52,3292730.0,15175889.0
2014-07-09,4.53,4.73,4.56,4.52,10460578.0,48989520.0
2014-07-08,4.32,4.57,4.55,4.32,13359974.0,60387692.0
2014-07-07,4.42,4.52,4.34,4.31,6194961.0,27480130.0
2014-07-04,4.39,4.46,4.46,4.32,6000121.0,26729750.0
2014-07-03,4.38,4.46,4.39,4.30,5914337.0,26266130.0
2014-07-02,4.25,4.35,4.33,4.22,5955760.0,25881780.0
2014-07-01,4.10,4.34,4.25,4.10,13066953.0,56069824.0
2014-06-30,4.07,4.12,4.10,4.07,3163654.0,13070408.0
2014-06-27,4.05,4.08,4.06,4.03,2634897.0,10737289.0
2014-06-26,4.00,4.07,4.05,4.00,2837323.0,11581008.0
2014-06-25,4.06,4.06,4.01,3.97,1727257.0,6976540.0
2014-06-24,4.11,4.13,4.07,4.01,2516948.0,10311649.0
2014-06-23,4.09,4.15,4.11,4.06,3710316.0,15284646.0
2014-06-20,4.06,4.12,4.09,4.02,2506264.0,10293997.0
2014-06-19,4.04,4.13,4.09,3.95,3166227.0,12922864.0
2014-06-18,4.06,4.10,4.06,4.02,2488261.0,10177910.0
2014-06-17,4.09,4.13,4.06,4.06,1580871.0,6515375.0
2014-06-16,4.14,4.17,4.12,4.09,2470058.0,10273143.0
2014-06-13,4.09,4.14,4.13,4.06,2438428.0,10084943.0
2014-06-12,4.12,4.13,4.10,4.08,1804880.0,7462136.0
2014-06-11,4.07,4.14,4.11,4.05,2046510.0,8490185.0
2014-06-10,3.95,4.12,4.09,3.92,6464612.0,26524076.0
2014-06-09,3.93,3.95,3.95,3.89,1872578.0,7398032.0
2014-06-06,3.97,3.97,3.92,3.89,1919907.0,7583759.0
2014-06-05,3.92,4.00,3.98,3.90,2369588.0,9452839.0
2014-06-04,3.95,3.96,3.93,3.90,1052790.0,4157697.0
2014-06-03,3.93,3.98,3.96,3.91,2016064.0,8039040.0
2014-05-30,3.95,3.95,3.94,3.92,2291373.0,9093278.0
2014-05-29,3.99,4.00,3.92,3.89,2666595.0,10763468.0
2014-05-28,3.87,3.99,3.99,3.85,2928723.0,11796602.0
2014-05-27,3.92,3.92,3.85,3.84,1973566.0,7896599.0
2014-05-26,3.92,3.93,3.92,3.87,2675905.0,10717000.0
2014-05-23,3.90,3.91,3.90,3.84,1132620.0,4513174.0
2014-05-22,3.90,3.95,3.88,3.88,1595524.0,6410535.0
2014-05-21,3.88,3.93,3.91,3.82,1001815.0,4006858.0
2014-05-20,3.89,3.93,3.88,3.87,710608.0,2845832.0
2014-05-19,3.93,3.94,3.87,3.86,1500209.0,5997722.0
2014-05-16,3.92,3.97,3.97,3.78,3431646.0,13627234.0
2014-05-15,4.05,4.08,3.90,3.87,3920113.0,15958093.0
2014-05-14,4.20,4.21,4.05,4.05,3856795.0,16344725.0
2014-05-13,4.05,4.23,4.20,4.02,5194254.0,21958498.0
2014-05-12,3.95,4.09,4.08,3.94,3911846.0,16279206.0
2014-05-09,4.06,4.06,3.95,3.92,3276045.0,13385274.0
2014-05-08,3.94,4.09,4.05,3.94,6433006.0,26674748.0
2014-05-07,3.93,4.00,3.95,3.92,2651340.0,10821757.0
2014-05-06,3.93,4.01,3.94,3.92,3876524.0,15811204.0
2014-05-05,3.78,3.95,3.94,3.73,3387852.0,13408294.0
2014-04-30,3.86,3.91,3.79,3.77,4121304.0,16189815.0
2014-04-29,3.74,3.87,3.86,3.72,2025681.0,7912086.0
2014-04-28,3.84,3.84,3.73,3.69,1745901.0,6732939.0
2014-04-25,3.88,3.97,3.84,3.80,6352605.0,25454570.0
2014-04-24,3.99,3.99,3.88,3.85,6692255.0,26814022.0
2014-04-23,4.04,4.06,3.98,3.96,2837172.0,11633719.0
2014-04-22,4.14,4.19,4.04,3.94,6071837.0,25323330.0
2014-04-21,4.25,4.26,4.16,4.14,3114692.0,13429734.0
2014-04-18,4.23,4.35,4.27,4.19,3371736.0,14833002.0
2014-04-17,4.20,4.26,4.21,4.18,1904530.0,8251512.0
2014-04-16,4.10,4.22,4.20,4.10,2622152.0,11270617.0
2014-04-15,4.26,4.30,4.20,4.18,7067459.0,30734398.0
2014-04-14,4.40,4.41,4.29,4.19,8107288.0,35784368.0
2014-04-11,4.30,4.45,4.40,4.25,8819245.0,39613456.0
2014-04-10,4.22,4.30,4.29,4.18,8778549.0,38385796.0
2014-04-09,4.24,4.27,4.21,4.17,6109716.0,26357528.0
2014-04-08,4.21,4.26,4.23,4.14,4558647.0,19755990.0
2014-04-04,4.18,4.20,4.19,4.12,7065675.0,30206234.0
2014-04-03,4.39,4.39,4.18,4.10,7599575.0,32841560.0
2014-04-02,4.40,4.44,4.35,4.33,2598709.0,11714115.0
2014-04-01,4.37,4.46,4.41,4.37,2853909.0,12908317.0
2014-03-31,4.60,4.67,4.40,4.39,4300176.0,19909362.0
2014-03-28,4.62,4.72,4.59,4.52,5431868.0,25757800.0
2014-03-27,4.56,4.87,4.65,4.45,10711307.0,51736320.0
2014-03-26,4.54,4.61,4.54,4.49,2740288.0,12818074.0
2014-03-25,4.69,4.69,4.55,4.52,4827930.0,22802978.0
2014-03-24,4.49,4.75,4.65,4.47,6804539.0,32390286.0
2014-03-21,4.42,4.48,4.47,4.28,7183862.0,32416158.0
2014-03-20,4.77,4.79,4.47,4.40,8436708.0,40089532.0
2014-03-19,4.79,4.92,4.79,4.65,6175921.0,30463738.0
2014-03-18,4.74,4.85,4.80,4.65,4691869.0,23099494.0
2014-03-17,4.58,4.75,4.72,4.55,4669123.0,22513488.0
2014-03-14,4.76,4.81,4.65,4.53,8826697.0,42098212.0
2014-03-13,4.76,4.84,4.82,4.71,3959135.0,19487714.0
2014-03-12,4.66,4.80,4.79,4.51,4950189.0,23601998.0
2014-03-11,4.62,4.83,4.67,4.62,9028726.0,43603016.0
2014-03-10,4.84,4.84,4.61,4.57,8410436.0,40880032.0
2014-03-07,5.00,5.20,4.93,4.89,9920593.0,51284424.0
2014-03-06,4.81,5.22,5.00,4.81,19596724.0,102288704.0
2014-03-05,4.76,4.89,4.79,4.61,19311414.0,94705312.0
2014-03-04,4.48,4.72,4.72,4.38,10343453.0,48883748.0
2014-03-03,4.54,4.62,4.48,4.46,7109189.0,33068840.0
2014-02-28,4.37,4.55,4.53,4.24,8881219.0,40354152.0
2014-02-27,4.34,4.63,4.36,4.31,14129098.0,65093356.0
2014-02-26,3.90,4.37,4.34,3.90,14661538.0,62963668.0
2014-02-25,4.13,4.17,3.97,3.93,7713550.0,32233420.0
2014-02-24,4.17,4.29,4.11,4.01,12203015.0,51695468.0
2014-02-21,4.52,4.54,4.27,4.27,10652030.0,47931252.0
2014-02-20,4.53,4.73,4.54,4.51,12769189.0,60554060.0
2014-02-19,4.36,4.62,4.54,4.34,23754812.0,109393592.0
2014-02-18,4.57,4.62,4.39,4.34,17158188.0,79096096.0
2014-02-17,4.26,4.48,4.48,4.19,26875752.0,122337512.0
2014-02-14,4.03,4.11,4.07,4.01,2758770.0,11561747.0
2014-02-13,4.13,4.17,4.02,4.02,4537563.0,19132580.0
2014-02-12,4.04,4.14,4.12,4.01,4942083.0,20899902.0
2014-02-11,4.10,4.12,4.04,4.01,6095053.0,25428580.0
2014-02-10,3.97,4.11,4.10,3.95,4708077.0,19701536.0
2014-02-07,3.87,4.02,3.97,3.83,3064427.0,12495554.0
2014-01-30,3.94,3.95,3.88,3.83,2017394.0,8018334.0
2014-01-29,3.89,3.91,3.89,3.84,4752475.0,18978396.0
2014-01-28,4.01,4.03,3.86,3.81,6566621.0,26250330.0
2014-01-27,4.20,4.20,4.01,3.97,8302982.0,34616468.0
2014-01-24,4.26,4.39,4.22,4.16,12811071.0,55950608.0
2014-01-23,4.46,4.46,4.32,4.21,29740584.0,133156176.0
2014-01-22,3.68,4.05,4.05,3.67,13811967.0,56311124.0
2014-01-21,3.69,3.72,3.68,3.66,1433562.0,5436374.0
2014-01-20,3.75,3.77,3.70,3.67,2001900.0,7648440.0
2014-01-17,3.69,3.79,3.77,3.58,4970851.0,18969288.0
2014-01-16,3.68,3.74,3.69,3.65,3459964.0,13163798.0
2014-01-15,3.51,3.75,3.72,3.50,9221465.0,34770780.0
2014-01-14,3.44,3.54,3.53,3.40,3387592.0,12156648.0
2014-01-13,3.32,3.45,3.45,3.31,3017896.0,10527640.0
2014-01-10,3.31,3.35,3.35,3.22,4294513.0,14432094.0
2014-01-09,3.34,3.37,3.33,3.33,2373481.0,8197933.0
2014-01-08,3.35,3.41,3.34,3.31,3141243.0,10808279.0
2014-01-07,3.40,3.43,3.37,3.31,3081922.0,10682266.0
2014-01-06,3.52,3.52,3.44,3.36,3150278.0,11095435.0
2014-01-03,3.43,3.55,3.52,3.41,10137791.0,36187944.0
2014-01-02,3.41,3.47,3.46,3.37,6388509.0,22389342.0
2013-12-31,3.47,3.48,3.41,3.36,6663566.0,23374288.0
2013-12-30,3.53,3.55,3.46,3.46,3790428.0,13627008.0
2013-12-27,3.52,3.58,3.53,3.48,3536775.0,12832825.0
2013-12-26,3.65,3.65,3.53,3.44,6832544.0,24726076.0
2013-12-25,3.67,3.69,3.65,3.56,4556636.0,16917172.0
2013-12-24,3.77,3.79,3.67,3.63,5429354.0,20595810.0
2013-12-23,3.81,3.87,3.76,3.70,2364119.0,9153875.0
2013-12-20,3.86,3.90,3.81,3.73,3112428.0,12157204.0
2013-12-19,3.90,3.99,3.87,3.87,2195300.0,8818898.0
2013-12-18,3.90,3.94,3.90,3.88,2815228.0,11309457.0
2013-12-17,3.97,4.01,3.90,3.88,3921962.0,15801914.0
2013-12-16,4.00,4.19,3.97,3.97,6188671.0,25842494.0
2013-12-13,4.00,4.01,4.00,3.96,2715860.0,11134967.0
2013-12-12,4.00,4.05,3.99,3.96,3226121.0,13270247.0
2013-12-11,4.09,4.09,3.99,3.97,4536336.0,18747496.0
2013-12-10,4.11,4.14,4.09,4.08,2565027.0,10828995.0
2013-12-09,4.27,4.28,4.13,4.06,7434441.0,31590898.0
2013-12-06,4.14,4.25,4.24,4.14,5512614.0,23892062.0
2013-12-05,4.26,4.28,4.16,4.13,8346294.0,36019832.0
2013-12-04,4.00,4.27,4.24,4.00,15927520.0,68434352.0
2013-12-03,3.71,3.88,3.88,3.70,3176103.0,12406618.0
2013-12-02,3.89,3.92,3.74,3.69,3068548.0,11975523.0
2013-11-29,3.99,3.99,3.95,3.93,1961962.0,7971112.0
2013-11-28,3.95,4.05,4.00,3.92,3462855.0,14219594.0
2013-11-27,3.89,3.92,3.91,3.84,1427601.0,5713021.0
2013-11-26,3.92,3.93,3.89,3.81,3638064.0,14445024.0
2013-11-25,3.90,4.00,3.93,3.90,1265331.0,5141047.0
2013-11-22,4.01,4.01,3.93,3.91,2488043.0,10071811.0
2013-11-21,4.04,4.05,4.01,3.92,4225863.0,17330896.0
2013-11-20,4.04,4.07,4.04,4.01,2001896.0,8327640.0
2013-11-19,4.07,4.07,4.02,4.00,2305513.0,9570743.0
2013-11-18,4.06,4.09,4.07,3.99,6033317.0,24994960.0
2013-11-15,3.78,4.09,4.05,3.74,11107641.0,45937204.0
2013-11-14,3.57,3.74,3.72,3.51,3349093.0,12364638.0
2013-11-13,3.68,3.68,3.58,3.56,1653084.0,6161509.0
2013-11-12,3.67,3.69,3.69,3.64,1024220.0,3858597.0
2013-11-11,3.62,3.66,3.65,3.59,1117314.0,4160673.0
2013-11-08,3.71,3.75,3.63,3.60,2960902.0,11170898.0
2013-11-07,3.77,3.77,3.72,3.71,1841816.0,7084960.0
2013-11-06,3.81,3.88,3.77,3.76,2509066.0,9871239.0
2013-11-05,3.75,3.86,3.82,3.72,2437352.0,9597319.0
2013-11-04,3.74,3.79,3.75,3.69,1054592.0,4067539.0
2013-11-01,3.87,3.87,3.76,3.74,1937309.0,7581265.0
2013-10-31,3.71,3.87,3.84,3.70,3457634.0,13583435.0
2013-10-30,3.66,3.74,3.74,3.63,1601498.0,6115304.0
2013-10-29,3.74,3.78,3.66,3.58,3047616.0,11500360.0
2013-10-28,3.71,3.76,3.75,3.67,1720070.0,6590694.0
2013-10-25,3.96,3.96,3.70,3.68,4010778.0,15610658.0
2013-10-24,3.85,3.98,3.90,3.79,4304083.0,17310594.0
2013-10-23,3.98,4.01,3.87,3.84,6789383.0,27232736.0
2013-10-22,3.94,4.00,3.99,3.79,10852962.0,43542692.0
2013-10-21,3.71,3.92,3.88,3.68,11379367.0,44566912.0
2013-10-18,3.66,3.78,3.70,3.63,8672596.0,33244886.0
2013-10-17,3.81,3.82,3.64,3.59,12919905.0,49037560.0
2013-10-16,3.83,3.91,3.82,3.66,20447840.0,79447400.0
2013-10-15,4.33,4.33,3.88,3.88,27025914.0,110862288.0
2013-10-14,4.45,4.46,4.31,4.28,5948879.0,26635486.0
2013-10-11,4.42,4.52,4.45,4.32,6571822.0,29914362.0
2013-10-10,4.52,4.55,4.41,4.37,6690452.0,30484374.0
2013-10-09,4.52,4.64,4.56,4.35,12442188.0,57366416.0
2013-10-08,4.04,4.44,4.44,4.01,23053936.0,102165440.0
2013-09-30,3.93,4.12,4.03,3.93,8464734.0,35286068.0
2013-09-27,3.97,4.15,3.94,3.89,13272347.0,54973464.0
2013-09-26,3.89,4.09,4.02,3.77,17968800.0,72142648.0
2013-09-25,4.13,4.24,3.88,3.86,20383516.0,85339928.0
2013-09-24,3.62,3.99,3.99,3.50,21966020.0,87312344.0
2013-09-23,3.46,3.69,3.63,3.45,11622330.0,43417824.0
2013-09-18,3.30,3.58,3.50,3.29,13140920.0,46826092.0
2013-09-17,3.30,3.39,3.30,3.27,10691142.0,36676936.0
2013-09-16,3.17,3.34,3.31,3.15,7250379.0,24193826.0
2013-09-13,3.21,3.33,3.20,3.16,8861774.0,29463862.0
2013-09-12,3.15,3.38,3.31,3.05,22744194.0,75326352.0
2013-09-11,3.19,3.35,3.14,3.11,9947824.0,32893866.0
2013-09-10,3.14,3.26,3.19,3.10,6262812.0,20466910.0
2013-09-09,3.10,3.21,3.13,3.10,4143120.0,13494308.0
2013-09-06,3.10,3.17,3.09,3.08,4131124.0,13214806.0
2013-09-05,3.11,3.21,3.11,3.09,3779528.0,12190205.0
2013-09-04,3.21,3.26,3.15,3.14,6285682.0,20678802.0
2013-09-03,3.07,3.30,3.23,3.04,10404205.0,33808148.0
2013-09-02,3.25,3.26,3.07,3.05,8744372.0,28259302.0
2013-08-30,3.06,3.39,3.25,3.02,20950868.0,69709296.0
2013-08-29,3.09,3.17,3.08,3.00,12184689.0,38719576.0
2013-08-28,2.98,3.21,3.16,2.93,25731662.0,81736416.0
2013-08-27,2.67,2.95,2.95,2.65,19058082.0,55699608.0
2013-08-26,2.61,2.68,2.67,2.61,4497186.0,12258398.0
2013-08-23,2.69,2.69,2.62,2.58,4585007.0,12438556.0
2013-08-22,2.71,2.72,2.69,2.67,2773673.0,7685591.0
2013-08-21,2.72,2.73,2.71,2.67,2816241.0,7830932.0
2013-08-20,2.67,2.77,2.72,2.65,9177184.0,25684004.0
2013-08-19,2.62,2.65,2.65,2.62,1494921.0,4063052.0
2013-08-16,2.63,2.68,2.62,2.62,2933665.0,7971445.0
2013-08-15,2.62,2.68,2.64,2.62,3696338.0,10107976.0
2013-08-14,2.61,2.64,2.62,2.61,3805862.0,10288430.0
2013-08-13,2.60,2.62,2.61,2.59,1618489.0,4328981.0
2013-08-12,2.56,2.60,2.60,2.55,2162658.0,5745025.0
2013-08-09,2.56,2.57,2.57,2.54,1371399.0,3603199.0
2013-08-08,2.57,2.57,2.56,2.55,1388800.0,3647544.0
2013-08-07,2.57,2.59,2.57,2.56,1175050.0,3110363.0
2013-08-06,2.57,2.58,2.58,2.55,1607252.0,4234896.0
2013-08-05,2.57,2.58,2.57,2.55,1181278.0,3112900.0
2013-08-02,2.55,2.57,2.56,2.55,721800.0,1899129.0
2013-08-01,2.53,2.56,2.56,2.52,1148905.0,3011733.0
2013-07-31,2.53,2.55,2.53,2.52,896900.0,2335331.0
2013-07-30,2.52,2.55,2.53,2.50,715726.0,1860232.0
2013-07-29,2.55,2.55,2.52,2.50,1472529.0,3809864.0
2013-07-26,2.56,2.58,2.55,2.54,1214832.0,3187176.0
2013-07-25,2.56,2.58,2.58,2.54,1915390.0,5043171.0
2013-07-24,2.59,2.60,2.57,2.56,1091783.0,2884838.0
2013-07-23,2.55,2.60,2.60,2.55,1393315.0,3698618.0
2013-07-22,2.55,2.57,2.55,2.53,1091631.0,2857035.0
2013-07-19,2.58,2.59,2.55,2.54,1272716.0,3359067.0
2013-07-18,2.61,2.62,2.57,2.57,1889250.0,5017595.0
2013-07-17,2.65,2.65,2.62,2.62,1459100.0,3955389.0
2013-07-16,2.66,2.66,2.66,2.63,1470428.0,4008288.0
2013-07-15,2.65,2.69,2.66,2.64,1693301.0,4653281.0
2013-07-12,2.65,2.67,2.64,2.62,2138860.0,5837901.0
2013-07-11,2.62,2.68,2.66,2.62,3097106.0,8468051.0
2013-07-10,2.59,2.63,2.62,2.58,1575030.0,4227828.0
2013-07-09,2.59,2.62,2.59,2.58,830814.0,2217278.0
2013-07-08,2.63,2.67,2.59,2.57,3645142.0,9843416.0
2013-07-05,2.61,2.67,2.64,2.60,1881380.0,5109781.0
2013-07-04,2.60,2.62,2.61,2.58,1391861.0,3737060.0
2013-07-03,2.62,2.62,2.60,2.57,1535912.0,4095420.0
2013-07-02,2.63,2.64,2.62,2.57,1303778.0,3493211.0
2013-07-01,2.63,2.66,2.63,2.60,2532084.0,6842609.0
2013-06-28,2.62,2.67,2.63,2.61,5050735.0,13730040.0
2013-06-27,2.54,2.62,2.62,2.54,4676654.0,12799367.0
2013-06-26,2.48,2.54,2.54,2.45,1443614.0,3798524.0
2013-06-25,2.49,2.49,2.48,2.36,1780155.0,4626501.0
2013-06-24,2.59,2.59,2.50,2.48,1940913.0,5194290.0
2013-06-21,2.56,2.60,2.59,2.55,1409054.0,3838671.0
2013-06-20,2.60,2.62,2.56,2.56,1064219.0,2920450.0
2013-06-19,2.66,2.67,2.64,2.51,1980548.0,5459340.0
2013-06-18,2.67,2.68,2.66,2.65,954230.0,2692371.0
2013-06-17,2.67,2.68,2.67,2.66,956542.0,2706565.0
2013-06-14,2.67,2.68,2.68,2.65,1056376.0,2982391.0
2013-06-13,2.72,2.72,2.66,2.65,1843989.0,5215948.0
2013-06-07,2.78,2.78,2.72,2.71,2605034.0,7562449.0
2013-06-06,2.80,2.80,2.78,2.76,1580715.0,4645232.0
2013-06-05,2.81,2.81,2.80,2.80,1323568.0,3924343.0
2013-06-04,2.83,2.83,2.80,2.80,3216988.0,9579412.0
2013-06-03,2.82,2.84,2.83,2.81,1804740.0,5408063.0
2013-05-31,2.83,2.85,2.82,2.82,2824071.0,8487093.0
2013-05-30,2.82,2.84,2.83,2.81,2863367.0,8567182.0
2013-05-29,2.82,2.84,2.82,2.82,2948908.0,8841316.0
2013-05-28,2.82,2.84,2.83,2.80,2652523.0,7920905.0
2013-05-27,2.83,2.83,2.82,2.80,2020564.0,6023485.0
2013-05-24,2.81,2.83,2.83,2.80,1507135.0,4495383.0
2013-05-23,2.81,2.83,2.80,2.80,3533354.0,10532974.0
2013-05-22,2.85,2.85,2.82,2.81,3574762.0,10719794.0
2013-05-21,2.83,2.86,2.85,2.81,9459907.0,28396356.0
2013-05-20,2.81,2.85,2.84,2.80,7550847.0,22647878.0
2013-05-17,2.80,2.82,2.80,2.80,4684742.0,13921787.0
2013-05-16,2.80,2.81,2.80,2.80,2266012.0,6726772.0
2013-05-15,2.80,2.81,2.81,2.80,1202900.0,3574485.0
2013-05-14,2.82,2.82,2.80,2.80,1402674.0,4169295.0
2013-05-13,2.83,2.89,2.82,2.81,5103694.0,15377900.0
2013-05-10,2.80,2.82,2.82,2.78,2572591.0,7647868.0
2013-05-09,2.80,2.81,2.80,2.78,798899.0,2364531.0
2013-05-08,2.80,2.81,2.80,2.80,1633437.0,4844565.0
2013-05-07,2.80,2.80,2.80,2.79,911868.0,2697752.0
2013-05-06,2.80,2.80,2.80,2.79,1015176.0,3004919.0
2013-05-03,2.78,2.80,2.80,2.77,1249320.0,3691858.0
2013-05-02,2.76,2.78,2.78,2.75,1302380.0,3814291.0
2013-04-26,2.77,2.79,2.76,2.74,1019911.0,2980917.0
2013-04-25,2.79,2.79,2.78,2.76,1042300.0,3057694.0
2013-04-24,2.77,2.80,2.79,2.75,1027123.0,3014000.0
2013-04-23,2.79,2.80,2.80,2.73,2246585.0,6584727.0
2013-04-22,2.81,2.81,2.80,2.79,1234135.0,3655548.0
2013-04-19,2.81,2.82,2.82,2.80,3775975.0,11254003.0
2013-04-18,2.81,2.82,2.81,2.80,514783.0,1531274.0
2013-04-17,2.81,2.81,2.81,2.80,813732.0,2417366.0
2013-04-16,2.79,2.82,2.81,2.78,997229.0,2961041.0
2013-04-15,2.80,2.83,2.81,2.78,1436510.0,4267962.0
2013-04-12,2.78,2.86,2.80,2.75,1962116.0,5802540.0
2013-04-11,2.81,2.81,2.80,2.78,967900.0,2864094.0
2013-04-10,2.78,2.81,2.80,2.77,1109799.0,3275238.0
2013-04-09,2.72,2.83,2.80,2.71,3752149.0,11048680.0
2013-04-08,2.73,2.73,2.72,2.68,1236809.0,3544648.0
2013-04-03,2.76,2.77,2.75,2.73,1071466.0,3111148.0
2013-04-02,2.74,2.78,2.75,2.74,770886.0,2247841.0
2013-04-01,2.76,2.77,2.75,2.75,734730.0,2145123.0
2013-03-29,2.76,2.76,2.75,2.74,728829.0,2118738.0
2013-03-28,2.79,2.79,2.75,2.74,1263376.0,3680580.0
2013-03-27,2.80,2.81,2.80,2.78,741339.0,2190678.0
2013-03-26,2.80,2.80,2.80,2.78,776072.0,2294765.0
2013-03-25,2.80,2.81,2.81,2.80,706477.0,2098067.0
2013-03-22,2.80,2.82,2.81,2.80,908384.0,2699679.0
2013-03-21,2.80,2.82,2.80,2.80,1128140.0,3352351.0
2013-03-20,2.77,2.80,2.80,2.75,1241021.0,3662358.0
2013-03-19,2.76,2.78,2.77,2.74,879740.0,2569876.0
2013-03-18,2.80,2.80,2.78,2.75,1220359.0,3583118.0
2013-03-15,2.79,2.81,2.80,2.76,1183728.0,3496191.0
2013-03-14,2.81,2.83,2.80,2.79,1763302.0,5237840.0
2013-03-13,2.81,2.84,2.83,2.79,1640510.0,4884732.0
2013-03-12,2.83,2.86,2.84,2.76,3277755.0,9780808.0
2013-03-11,2.83,2.86,2.83,2.80,1446391.0,4336382.0
2013-03-08,2.84,2.85,2.83,2.82,963597.0,2892749.0
2013-03-07,2.86,2.86,2.83,2.83,1768121.0,5329308.0
2013-03-06,2.85,2.88,2.86,2.80,3379042.0,10177638.0
2013-03-05,2.75,2.86,2.85,2.75,4882466.0,14535356.0
2013-03-04,2.80,2.80,2.75,2.74,2614791.0,7662863.0
2013-03-01,2.80,2.82,2.81,2.79,1793800.0,5336321.0
2013-02-28,2.77,2.80,2.80,2.76,2087868.0,6156593.0
2013-02-27,2.76,2.78,2.77,2.75,1583025.0,4626651.0
2013-02-26,2.78,2.80,2.76,2.75,1851591.0,5442751.0
2013-02-25,2.79,2.80,2.79,2.78,1242735.0,3673433.0
2013-02-22,2.81,2.82,2.79,2.78,2252890.0,6683165.0
2013-02-21,2.87,2.87,2.80,2.80,2864082.0,8591208.0
2013-02-20,2.87,2.89,2.88,2.86,2062092.0,6274816.0
2013-02-19,2.90,2.94,2.87,2.86,3090834.0,9471374.0
2013-02-18,2.90,2.92,2.90,2.89,2476922.0,7615207.0
2013-02-08,2.90,2.91,2.90,2.88,1952371.0,5989088.0
2013-02-07,2.88,2.90,2.89,2.86,1961076.0,5982995.0
2013-02-06,2.88,2.90,2.88,2.87,2382897.0,7276193.0
2013-02-05,2.87,2.89,2.88,2.84,2752644.0,8366500.0
2013-02-04,2.86,2.90,2.88,2.86,3328261.0,10138528.0
2013-02-01,2.85,2.89,2.86,2.84,3339217.0,10121598.0
2013-01-31,2.85,2.89,2.85,2.83,7343168.0,22255920.0
2013-01-30,2.79,2.91,2.89,2.77,13296283.0,40201196.0
2013-01-29,2.79,2.80,2.78,2.76,2175739.0,6395264.0
2013-01-28,2.74,2.79,2.78,2.74,2045583.0,5993838.0
2013-01-25,2.77,2.79,2.74,2.74,2101648.0,6136410.0
2013-01-24,2.80,2.83,2.78,2.76,4127709.0,12251400.0
2013-01-23,2.80,2.81,2.80,2.78,2248925.0,6660820.0
2013-01-22,2.81,2.83,2.80,2.77,6292749.0,18639162.0
2013-01-21,2.76,2.85,2.80,2.75,6809117.0,20207416.0
2013-01-18,2.74,2.77,2.76,2.74,2106262.0,6143930.0
2013-01-17,2.75,2.76,2.75,2.73,2037748.0,5919729.0
2013-01-16,2.77,2.78,2.75,2.73,2292846.0,6692183.0
2013-01-15,2.77,2.79,2.78,2.76,3322839.0,9758304.0
2013-01-14,2.72,2.78,2.77,2.71,2273843.0,6616153.0
2013-01-11,2.76,2.76,2.72,2.71,1714868.0,4964526.0
2013-01-10,2.74,2.78,2.76,2.73,3309215.0,9663705.0
2013-01-09,2.74,2.76,2.74,2.73,2011434.0,5837613.0
2013-01-08,2.74,2.76,2.75,2.73,1680588.0,4882465.0
2013-01-07,2.74,2.75,2.74,2.73,1470681.0,4265145.0
2013-01-04,2.76,2.77,2.75,2.72,2831235.0,8226342.0
2012-12-31,2.73,2.77,2.75,2.72,2029819.0,5899306.0
2012-12-28,2.73,2.74,2.73,2.71,1167262.0,3371070.0
2012-12-27,2.74,2.76,2.72,2.71,1979011.0,5727549.0
2012-12-26,2.74,2.75,2.74,2.72,2083453.0,6030836.0
2012-12-25,2.70,2.75,2.74,2.68,4141078.0,11965499.0
2012-12-24,2.69,2.71,2.70,2.68,712551.0,2035286.0
2012-12-21,2.68,2.71,2.69,2.68,1111389.0,3173517.0
2012-12-20,2.68,2.69,2.68,2.66,1243968.0,3527429.0
2012-12-19,2.68,2.70,2.69,2.67,1032685.0,2946649.0
2012-12-18,2.68,2.72,2.69,2.68,1444730.0,4126957.0
2012-12-17,2.69,2.72,2.70,2.68,1817461.0,5199827.0
2012-12-14,2.62,2.70,2.70,2.61,3598746.0,10209903.0
2012-12-13,2.63,2.67,2.62,2.62,1051172.0,2940318.0
2012-12-12,2.62,2.64,2.63,2.62,757550.0,2108647.0
2012-12-11,2.64,2.65,2.63,2.60,1361758.0,3791707.0
2012-12-10,2.63,2.67,2.65,2.62,1451965.0,4067813.0
2012-12-07,2.59,2.63,2.63,2.59,1562554.0,4331572.0
2012-12-06,2.61,2.61,2.58,2.58,857200.0,2354813.0
2012-12-05,2.53,2.62,2.61,2.53,2263086.0,6237738.0
2012-12-04,2.53,2.55,2.54,2.52,750699.0,2013834.0
2012-12-03,2.54,2.56,2.52,2.50,706604.0,1892128.0
2012-11-30,2.54,2.57,2.56,2.46,935369.0,2517885.0
2012-11-29,2.55,2.60,2.54,2.54,992440.0,2691857.0
2012-11-28,2.56,2.58,2.54,2.53,814600.0,2201239.0
2012-11-27,2.62,2.62,2.58,2.57,739711.0,2030624.0
2012-11-26,2.65,2.65,2.63,2.62,309100.0,864694.0
2012-11-23,2.62,2.73,2.65,2.62,916512.0,2587523.0
2012-11-22,2.62,2.64,2.63,2.62,479010.0,1334599.0
2012-11-21,2.61,2.64,2.63,2.60,574079.0,1587354.0
2012-11-20,2.62,2.62,2.61,2.60,412500.0,1140788.0
2012-11-19,2.60,2.62,2.61,2.59,603520.0,1661108.0
2012-11-16,2.60,2.62,2.60,2.59,641054.0,1764357.0
2012-11-15,2.64,2.64,2.61,2.61,1059554.0,2941910.0
2012-11-14,2.65,2.65,2.64,2.63,608099.0,1701131.0
2012-11-13,2.69,2.69,2.64,2.63,849784.0,2392828.0
2012-11-12,2.66,2.68,2.68,2.65,655297.0,1851219.0
2012-11-09,2.65,2.67,2.66,2.64,610818.0,1719192.0
2012-11-08,2.68,2.70,2.66,2.66,1123334.0,3183617.0
2012-11-07,2.69,2.69,2.68,2.67,549640.0,1560846.0
2012-11-06,2.71,2.71,2.69,2.66,987116.0,2806624.0
2012-11-05,2.72,2.73,2.70,2.69,989547.0,2836748.0
2012-11-02,2.72,2.73,2.72,2.70,1192440.0,3429685.0
2012-11-01,2.66,2.72,2.71,2.66,1627668.0,4667581.0
2012-10-31,2.69,2.69,2.68,2.66,717928.0,2030988.0
2012-10-30,2.69,2.71,2.67,2.67,1185456.0,3370675.0
2012-10-29,2.64,2.73,2.67,2.63,1991388.0,5670963.0
2012-10-26,2.70,2.73,2.64,2.63,4461820.0,12638342.0
2012-10-25,2.71,2.78,2.73,2.70,6478908.0,18854722.0
2012-10-24,2.67,2.72,2.70,2.66,2853040.0,8174531.0
2012-10-23,2.70,2.71,2.68,2.68,1125200.0,3208499.0
2012-10-22,2.68,2.70,2.70,2.66,1253157.0,3560383.0
2012-10-19,2.69,2.70,2.68,2.67,1723192.0,4893838.0
2012-10-18,2.65,2.72,2.70,2.64,3579073.0,10212394.0
2012-10-17,2.63,2.65,2.65,2.62,639708.0,1788692.0
2012-10-16,2.62,2.64,2.63,2.62,846867.0,2362928.0
2012-10-15,2.65,2.65,2.63,2.62,673770.0,1876852.0
2012-10-12,2.66,2.68,2.65,2.63,1280373.0,3600654.0
2012-10-11,2.68,2.68,2.66,2.65,711179.0,2007891.0
2012-10-10,2.65,2.71,2.68,2.64,1846923.0,5240715.0
2012-10-09,2.62,2.66,2.66,2.62,1363471.0,3820604.0
2012-10-08,2.62,2.62,2.62,2.61,758815.0,2103782.0
2012-09-28,2.60,2.62,2.62,2.59,1303867.0,3603341.0
2012-09-27,2.56,2.62,2.60,2.56,1390656.0,3819141.0
2012-09-26,2.59,2.61,2.57,2.56,758541.0,2070747.0
2012-09-25,2.61,2.62,2.59,2.59,386295.0,1065380.0
2012-09-24,2.62,2.62,2.62,2.55,1531197.0,4217054.0
2012-09-21,2.65,2.66,2.62,2.62,836400.0,2340229.0
2012-09-20,2.68,2.69,2.64,2.64,1422389.0,4012262.0
2012-09-19,2.68,2.70,2.69,2.67,578794.0,1647883.0
2012-09-18,2.69,2.69,2.68,2.67,740100.0,2100578.0
2012-09-17,2.75,2.76,2.69,2.69,1339000.0,3849917.0
2012-09-14,2.76,2.78,2.76,2.73,2358454.0,6873738.0
2012-09-13,2.77,2.77,2.75,2.75,1467300.0,4280033.0
2012-09-12,2.77,2.78,2.77,2.75,1117611.0,3267717.0
2012-09-11,2.78,2.78,2.77,2.75,1109251.0,3242775.0
2012-09-10,2.78,2.79,2.79,2.75,1768331.0,5185879.0
2012-09-07,2.74,2.80,2.79,2.74,3988728.0,11701147.0
2012-09-06,2.71,2.73,2.72,2.70,437017.0,1256979.0
2012-09-05,2.70,2.73,2.71,2.69,467630.0,1341584.0
2012-09-04,2.76,2.76,2.71,2.70,884100.0,2555089.0
2012-09-03,2.72,2.76,2.75,2.71,809989.0,2350328.0
2012-08-31,2.71,2.74,2.74,2.71,325579.0,940120.0
2012-08-30,2.72,2.74,2.73,2.70,788168.0,2268532.0
2012-08-29,2.74,2.77,2.74,2.73,954703.0,2774830.0
2012-08-28,2.71,2.78,2.76,2.71,874497.0,2539775.0
2012-08-27,2.73,2.74,2.71,2.70,810489.0,2329919.0
2012-08-24,2.76,2.77,2.73,2.73,727060.0,2110515.0
2012-08-23,2.76,2.79,2.77,2.75,714268.0,2093150.0
2012-08-22,2.77,2.79,2.76,2.76,762436.0,2231567.0
2012-08-21,2.76,2.79,2.78,2.75,1235495.0,3624748.0
2012-08-20,2.78,2.80,2.76,2.75,1397895.0,4095850.0
2012-08-17,2.70,2.90,2.80,2.69,4335168.0,12836343.0
2012-08-16,2.72,2.73,2.70,2.70,468800.0,1347194.0
2012-08-15,2.74,2.75,2.72,2.71,543800.0,1571588.0
2012-08-14,2.72,2.74,2.74,2.69,1432794.0,4124597.0
2012-08-13,2.77,2.77,2.71,2.71,1071900.0,3107365.0
2012-08-10,2.76,2.78,2.76,2.74,796700.0,2328503.0
2012-08-09,2.75,2.77,2.77,2.73,1346711.0,3926385.0
2012-08-08,2.75,2.76,2.74,2.74,429904.0,1250228.0
2012-08-07,2.75,2.76,2.76,2.74,1093180.0,3184085.0
2012-08-06,2.72,2.76,2.76,2.71,956741.0,2772266.0
2012-08-03,2.74,2.74,2.73,2.69,705873.0,2027474.0
2012-08-02,2.71,2.74,2.73,2.69,1642581.0,4724467.0
2012-08-01,2.67,2.71,2.69,2.67,955508.0,2722890.0
2012-07-31,2.71,2.71,2.68,2.65,836688.0,2370084.0
2012-07-30,2.74,2.74,2.71,2.69,881164.0,2531034.0
2012-07-27,2.75,2.76,2.73,2.72,331400.0,959239.0
2012-07-26,2.74,2.76,2.73,2.73,945150.0,2747753.0
2012-07-25,2.76,2.77,2.75,2.74,1411800.0,4230623.0
2012-07-24,2.73,2.76,2.75,2.73,897434.0,2682040.0
2012-07-23,2.75,2.75,2.75,2.73,777277.0,2316466.0
2012-07-20,2.74,2.77,2.75,2.74,773400.0,2313457.0
2012-07-19,2.72,2.76,2.75,2.71,1290588.0,3849742.0
2012-07-18,2.71,2.73,2.73,2.70,603434.0,1780546.0
2012-07-17,2.68,2.73,2.72,2.68,1291778.0,3799081.0
2012-07-16,2.77,2.77,2.68,2.68,1990400.0,5883529.0
2012-07-13,2.77,2.78,2.77,2.76,815817.0,2460011.0
2012-07-12,2.76,2.78,2.77,2.74,1058237.0,3186352.0
2012-07-11,2.75,2.77,2.76,2.75,833042.0,2498977.0
2012-07-10,2.76,2.77,2.75,2.74,942914.0,2827833.0
2012-07-09,2.79,2.79,2.76,2.76,874275.0,2640728.0
2012-07-06,2.80,2.80,2.79,2.77,767851.0,2330257.0
2012-07-05,2.82,2.82,2.77,2.77,1863382.0,5651850.0
2012-07-04,2.84,2.85,2.82,2.81,669503.0,2061357.0
2012-07-03,2.83,2.86,2.83,2.81,1188584.0,3667247.0
2012-07-02,2.83,2.84,2.83,2.80,806006.0,2476146.0
2012-06-29,2.81,2.83,2.82,2.78,1231897.0,3767172.0
2012-06-27,2.83,2.84,2.82,2.81,1174042.0,3614531.0
2012-06-26,2.83,2.85,2.84,2.81,1182176.0,3636329.0
2012-06-25,2.86,2.87,2.83,2.82,1321002.0,4082291.0
2012-06-21,2.89,2.90,2.87,2.85,1532892.0,4779284.0
2012-06-20,2.89,2.90,2.89,2.88,798100.0,2517541.0
2012-06-19,2.90,2.90,2.89,2.88,651034.0,2051569.0
2012-06-18,2.89,2.91,2.91,2.88,1501000.0,4734574.0
2012-06-15,2.88,2.90,2.89,2.88,1329969.0,4176457.0
2012-06-14,2.90,2.90,2.88,2.88,1415817.0,4452320.0
2012-06-13,2.88,2.90,2.90,2.88,1316710.0,4151482.0
2012-06-12,2.89,2.90,2.88,2.88,1043178.0,3277778.0
2012-06-11,2.88,2.90,2.90,2.87,1342610.0,4220299.0
2012-06-08,2.89,2.90,2.88,2.88,940600.0,2956953.0
2012-06-07,2.90,2.92,2.88,2.87,1207132.0,3803020.0
2012-06-06,2.90,2.91,2.89,2.88,791900.0,2497624.0
2012-06-05,2.90,2.91,2.89,2.88,1387002.0,4368313.0
2012-06-04,2.94,2.94,2.89,2.89,1899700.0,6039078.0
2012-06-01,2.97,2.99,2.97,2.95,976432.0,3157534.0
2012-05-31,2.96,2.98,2.97,2.95,975302.0,3147175.0
2012-05-30,2.99,3.00,2.98,2.97,1820441.0,5912404.0
2012-05-29,2.96,3.00,3.00,2.96,2304435.0,7485300.0
2012-05-28,2.94,2.97,2.97,2.90,2474567.0,7896183.0
2012-05-25,2.96,2.97,2.94,2.92,1300493.0,4169653.0
2012-05-24,2.98,3.00,2.96,2.95,1329449.0,4299028.0
2012-05-23,3.00,3.00,2.99,2.98,1500756.0,4879088.0
2012-05-22,3.00,3.01,3.00,2.99,1566581.0,5114430.0
2012-05-21,3.05,3.05,3.00,2.98,3282717.0,10764671.0
2012-05-18,3.00,3.13,3.05,3.00,7985416.0,26732554.0
2012-05-17,2.95,3.07,3.02,2.94,4633726.0,15243111.0
2012-05-16,2.96,2.99,2.96,2.92,1875040.0,6024241.0
2012-05-15,2.96,2.98,2.97,2.93,1521906.0,4886599.0
2012-05-14,2.99,3.00,2.97,2.97,1197449.0,3884551.0
2012-05-11,3.00,3.01,2.98,2.98,774600.0,2522789.0
2012-05-10,3.00,3.01,3.00,3.00,975052.0,3190367.0
2012-05-09,3.05,3.06,3.00,3.00,2330070.0,7654773.0
2012-05-08,3.08,3.08,3.06,3.03,2358216.0,7856862.0
2012-05-07,3.08,3.08,3.08,3.06,2058261.0,6866762.0
2012-05-04,3.09,3.11,3.09,3.07,2467108.0,8278200.0
2012-05-03,3.07,3.10,3.09,3.06,3011611.0,10086609.0
2012-05-02,3.07,3.09,3.08,3.05,2989377.0,9995123.0
2012-04-27,3.05,3.07,3.05,3.03,1664159.0,5519816.0
2012-04-26,3.10,3.10,3.04,3.04,2163824.0,7194732.0
2012-04-25,3.04,3.10,3.08,3.02,3426174.0,11422752.0
2012-04-24,3.01,3.07,3.04,3.00,2842602.0,9380515.0
2012-04-23,3.05,3.06,3.03,3.02,1550922.0,5131117.0
2012-04-20,3.02,3.06,3.05,3.01,1869164.0,6187439.0
2012-04-19,3.05,3.05,3.03,3.01,1367616.0,4511416.0
2012-04-18,3.00,3.06,3.05,2.99,3356002.0,11058720.0
2012-04-17,3.01,3.08,3.01,3.00,3393993.0,11226236.0
2012-04-16,2.99,3.05,3.02,2.98,4008016.0,13192596.0
2012-04-13,2.99,3.01,3.00,2.97,2902095.0,9448260.0
2012-04-12,2.94,2.99,2.99,2.93,3320962.0,10713277.0
2012-04-11,2.94,2.96,2.95,2.90,1477899.0,4718101.0
2012-04-10,2.94,2.96,2.96,2.88,2758477.0,8749619.0
2012-04-09,2.93,3.00,2.97,2.91,4577850.0,14841014.0
2012-04-06,2.91,2.94,2.92,2.90,1537717.0,4885264.0
2012-04-05,2.88,2.93,2.92,2.88,1923225.0,6091166.0
2012-03-30,2.89,2.92,2.88,2.86,3005750.0,9423547.0
2012-03-29,2.91,2.92,2.88,2.87,1459568.0,4588216.0
2012-03-28,3.00,3.00,2.93,2.91,1893030.0,6071352.0
2012-03-27,3.01,3.03,3.01,3.00,1048100.0,3442413.0
2012-03-26,3.03,3.03,3.00,3.00,1652341.0,5411633.0
2012-03-23,3.06,3.07,3.02,3.02,1630887.0,5395864.0
2012-03-22,3.05,3.08,3.08,3.05,1459159.0,4869547.0
2012-03-21,3.05,3.08,3.07,3.02,1784156.0,5918381.0
2012-03-20,3.10,3.11,3.04,3.03,1531899.0,5099272.0
2012-03-19,3.06,3.11,3.10,3.05,1572734.0,5261093.0
2012-03-16,3.04,3.08,3.07,3.03,2332388.0,7764420.0
2012-03-15,3.08,3.08,3.04,3.03,2817190.0,9352950.0
2012-03-14,3.15,3.17,3.09,3.07,4805732.0,16319932.0
2012-03-13,3.12,3.15,3.14,3.11,2197909.0,7497577.0
2012-03-12,3.13,3.16,3.13,3.11,2261070.0,7703632.0
2012-03-09,3.12,3.14,3.14,3.11,2026040.0,6893731.0
2012-03-08,3.09,3.12,3.11,3.08,2766265.0,9367050.0
2012-03-07,3.09,3.11,3.08,3.07,2380318.0,7995912.0
2012-03-06,3.13,3.14,3.11,3.09,2069826.0,7003217.0
2012-03-05,3.15,3.17,3.14,3.13,2051884.0,7042750.0
2012-03-02,3.09,3.18,3.15,3.09,4267887.0,14589566.0
2012-03-01,3.10,3.11,3.10,3.09,2230931.0,7525976.0
2012-02-29,3.15,3.15,3.11,3.10,2226263.0,7558966.0
2012-02-28,3.16,3.17,3.14,3.12,2547740.0,8726006.0
2012-02-27,3.16,3.22,3.16,3.14,5890792.0,20435592.0
2012-02-24,3.11,3.15,3.14,3.09,4659518.0,15842384.0
2012-02-23,3.09,3.12,3.11,3.08,6279236.0,21196222.0
2012-02-22,3.07,3.10,3.09,3.05,3408038.0,11422595.0
2012-02-21,3.06,3.07,3.06,3.02,1087692.0,3608981.0
2012-02-20,3.08,3.09,3.06,3.05,1758841.0,5879684.0
2012-02-17,3.07,3.09,3.06,3.03,1279321.0,4263565.0
2012-02-16,3.06,3.08,3.07,3.04,2165582.0,7211754.0
2012-02-15,3.02,3.06,3.06,3.01,2352488.0,7796937.0
2012-02-14,3.03,3.04,3.02,3.01,1030292.0,3391708.0
2012-02-13,3.02,3.04,3.03,3.00,1105417.0,3638975.0
2012-02-10,3.01,3.04,3.03,3.01,1987629.0,6551666.0
2012-02-09,3.01,3.03,3.01,3.00,1507035.0,4952461.0
2012-02-08,2.96,3.02,3.01,2.95,2156764.0,7059470.0
2012-02-07,3.00,3.00,2.96,2.95,1090727.0,3517642.0
2012-02-06,3.01,3.02,3.00,3.00,1499705.0,4913146.0
2012-02-03,2.99,3.01,3.00,2.98,1320498.0,4307602.0
2012-02-02,2.97,3.00,2.99,2.95,773821.0,2505812.0
2012-02-01,2.98,3.00,2.96,2.94,808300.0,2617583.0
2012-01-31,2.95,3.00,2.97,2.93,1758760.0,5702086.0
2012-01-30,2.99,3.00,2.95,2.94,1033118.0,3335434.0
2012-01-20,2.97,3.00,2.99,2.96,1459610.0,4733608.0
2012-01-19,2.92,2.99,2.97,2.92,1487230.0,4788759.0
2012-01-18,2.97,3.00,2.93,2.92,1465716.0,4709426.0
2012-01-17,2.86,2.99,2.98,2.85,2291011.0,7322364.0
2012-01-16,2.88,2.92,2.86,2.86,1141238.0,3579130.0
2012-01-13,2.97,2.97,2.88,2.87,1270735.0,4024743.0
2012-01-12,2.96,3.00,2.96,2.96,1180060.0,3818670.0
2012-01-11,2.99,2.99,2.96,2.95,1301159.0,4196279.0
2012-01-10,2.93,3.00,2.99,2.91,2757223.0,8904061.0
2012-01-09,2.87,2.93,2.92,2.81,2331281.0,7360932.0
2012-01-06,2.88,2.90,2.87,2.80,1142609.0,3533197.0
2012-01-05,2.89,2.95,2.88,2.88,1558420.0,4946437.0
2012-01-04,2.94,2.95,2.91,2.90,815270.0,2593944.0
2011-12-30,2.89,2.95,2.92,2.89,727066.0,2318970.0
2011-12-29,2.90,2.92,2.91,2.88,775551.0,2452097.0
2011-12-28,2.91,2.94,2.90,2.88,1263976.0,3991354.0
2011-12-27,2.92,2.97,2.92,2.91,759900.0,2427526.0
2011-12-26,2.93,2.99,2.96,2.89,1795117.0,5769653.0
2011-12-23,2.90,2.97,2.95,2.88,1143436.0,3646919.0
2011-12-22,2.96,2.97,2.93,2.88,1001800.0,3180298.0
2011-12-21,3.02,3.02,2.97,2.96,535400.0,1745709.0
2011-12-20,2.99,3.03,3.00,2.98,616045.0,2017503.0
2011-12-19,2.99,3.00,3.00,2.91,1650991.0,5320114.0
2011-12-16,2.92,3.08,3.00,2.91,1569367.0,5080359.0
2011-12-15,3.01,3.01,2.92,2.92,1396243.0,4479490.0
2011-12-14,3.05,3.07,3.01,3.00,884259.0,2917145.0
2011-12-13,3.12,3.12,3.05,3.03,1249040.0,4152597.0
2011-12-12,3.09,3.14,3.12,3.09,653764.0,2220385.0
2011-12-09,3.11,3.12,3.12,3.11,263493.0,893462.0
2011-12-08,3.11,3.14,3.11,3.09,623807.0,2113127.0
2011-12-07,3.10,3.13,3.12,3.10,373550.0,1270881.0
2011-12-06,3.12,3.14,3.12,3.10,522281.0,1770505.0
2011-12-05,3.16,3.18,3.12,3.12,633531.0,2171750.0
2011-12-02,3.17,3.19,3.18,3.14,1536625.0,5293846.0
2011-12-01,3.17,3.22,3.20,3.16,1762787.0,6115760.0
2011-11-30,3.25,3.25,3.12,3.10,1662339.0,5711796.0
2011-11-29,3.23,3.26,3.26,3.23,694470.0,2452422.0
2011-11-28,3.22,3.23,3.22,3.21,759753.0,2661755.0
2011-11-25,3.22,3.24,3.22,3.20,602463.0,2109331.0
2011-11-24,3.26,3.26,3.22,3.20,1008051.0,3536256.0
2011-11-23,3.27,3.28,3.26,3.24,591600.0,2098868.0
2011-11-22,3.26,3.29,3.27,3.24,1108347.0,3939623.0
2011-11-21,3.25,3.28,3.27,3.24,640100.0,2271770.0
2011-11-18,3.34,3.35,3.26,3.25,1132565.0,4059760.0
2011-11-17,3.36,3.39,3.36,3.34,1560432.0,5703928.0
2011-11-16,3.36,3.45,3.38,3.28,6531018.0,23891092.0
2011-11-15,3.36,3.38,3.35,3.34,1613064.0,5888507.0
2011-11-14,3.33,3.38,3.38,3.33,2792221.0,10219052.0
2011-11-11,3.32,3.34,3.33,3.30,1642696.0,5925591.0
2011-11-10,3.34,3.34,3.32,3.30,2443049.0,8835576.0
2011-11-09,3.36,3.39,3.37,3.31,3855339.0,14059302.0
2011-11-08,3.32,3.45,3.37,3.31,9943234.0,36467580.0
2011-11-07,3.30,3.34,3.32,3.30,2037103.0,7356172.0
2011-11-04,3.31,3.34,3.32,3.30,1907420.0,6880545.0
2011-11-03,3.34,3.36,3.30,3.29,5883884.0,21293476.0
2011-11-02,3.21,3.49,3.32,3.17,6518553.0,23212044.0
2011-11-01,3.22,3.28,3.22,3.19,3340783.0,11741461.0
2011-10-31,3.23,3.25,3.22,3.21,3602802.0,12668872.0
2011-10-28,3.24,3.26,3.24,3.22,4320678.0,15228098.0
2011-10-27,3.22,3.24,3.22,3.18,3118799.0,10903040.0
2011-10-26,3.16,3.26,3.21,3.15,6352410.0,22208244.0
2011-10-25,3.11,3.31,3.19,3.08,5668625.0,19566010.0
2011-10-24,3.06,3.11,3.11,3.01,1304740.0,4362223.0
2011-10-21,3.08,3.08,3.06,3.04,970439.0,3226190.0
2011-10-20,3.11,3.13,3.08,3.04,1629691.0,5458647.0
2011-10-19,3.09,3.14,3.11,3.08,1416000.0,4802627.0
2011-10-18,3.15,3.16,3.09,3.09,2225695.0,7556371.0
2011-10-17,3.15,3.18,3.16,3.14,2090718.0,7195095.0
2011-10-14,3.14,3.16,3.15,3.12,2094610.0,7165191.0
2011-10-13,3.16,3.21,3.18,3.13,2860474.0,9862491.0
2011-10-12,3.07,3.19,3.15,3.05,3730984.0,12713445.0
2011-10-11,3.09,3.12,3.08,3.04,1773493.0,5939938.0
2011-10-10,3.04,3.08,3.05,3.02,1536245.0,5107356.0
2011-09-30,3.01,3.06,3.03,3.00,1099171.0,3621758.0
2011-09-29,3.06,3.07,3.01,3.01,1763984.0,5837219.0
2011-09-28,3.13,3.15,3.07,3.06,1049471.0,3541788.0
2011-09-27,3.11,3.12,3.12,3.10,613480.0,2076548.0
2011-09-26,3.11,3.13,3.10,3.09,959360.0,3244762.0
2011-09-23,3.08,3.12,3.10,3.06,1100776.0,3704054.0
2011-09-22,3.17,3.19,3.11,3.11,1850423.0,6346888.0
2011-09-21,3.12,3.20,3.20,3.11,2124647.0,7349199.0
2011-09-20,3.12,3.15,3.12,3.10,908624.0,3088783.0
2011-09-19,3.18,3.18,3.12,3.11,999972.0,3406904.0
2011-09-16,3.18,3.20,3.17,3.17,883602.0,3061237.0
2011-09-15,3.18,3.20,3.17,3.16,1098795.0,3804036.0
2011-09-14,3.17,3.20,3.18,3.15,1288486.0,4453098.0
2011-09-13,3.14,3.17,3.17,3.12,1378681.0,4718033.0
2011-09-09,3.16,3.20,3.19,3.15,1262550.0,4358804.0
2011-09-08,3.19,3.19,3.19,3.15,1076151.0,3708685.0
2011-09-07,3.11,3.17,3.16,3.10,1691527.0,5776063.0
2011-09-06,3.08,3.12,3.11,3.07,1344010.0,4540586.0
2011-09-05,3.11,3.12,3.09,3.08,1225482.0,4128311.0
2011-09-02,3.17,3.19,3.13,3.11,1325734.0,4532279.0
2011-09-01,3.22,3.23,3.18,3.17,1026021.0,3573785.0
2011-08-31,3.22,3.23,3.22,3.20,1020749.0,3572341.0
2011-08-30,3.22,3.28,3.22,3.22,1374165.0,4856622.0
2011-08-29,3.26,3.26,3.22,3.22,1549582.0,5444935.0
2011-08-26,3.26,3.29,3.27,3.24,1780176.0,6317813.0
2011-08-25,3.20,3.27,3.27,3.18,2453682.0,8648285.0
2011-08-24,3.22,3.23,3.20,3.18,1453502.0,5081027.0
2011-08-23,3.17,3.22,3.22,3.16,1400050.0,4866199.0
2011-08-22,3.16,3.20,3.18,3.15,1569402.0,5423716.0
2011-08-19,3.17,3.19,3.18,3.03,1920894.0,6564641.0
2011-08-18,3.25,3.27,3.21,3.20,1328940.0,4688026.0
2011-08-17,3.25,3.29,3.24,3.22,1495323.0,5306190.0
2011-08-16,3.30,3.30,3.25,3.25,1657250.0,5913476.0
2011-08-15,3.27,3.31,3.30,3.24,1829889.0,6535203.0
2011-08-12,3.24,3.29,3.28,3.20,3225878.0,11416894.0
2011-08-11,3.11,3.28,3.22,3.09,3054547.0,10573427.0
2011-08-10,3.19,3.20,3.17,3.13,2035437.0,7037384.0
2011-08-09,3.12,3.15,3.15,3.06,2445729.0,8302506.0
2011-08-08,3.30,3.33,3.18,3.14,2915996.0,10186177.0
2011-08-05,3.33,3.34,3.33,3.31,1608334.0,5830030.0
2011-08-04,3.40,3.42,3.39,3.37,760521.0,2813707.0
2011-08-03,3.35,3.41,3.40,3.34,1157177.0,4267764.0
2011-08-02,3.38,3.39,3.38,3.33,1723122.0,6294551.0
2011-08-01,3.40,3.43,3.41,3.38,1113424.0,4126045.0
2011-07-29,3.40,3.41,3.39,3.36,1269873.0,4680868.0
2011-07-28,3.42,3.42,3.39,3.36,1534424.0,5659798.0
2011-07-27,3.44,3.45,3.44,3.41,1963657.0,7329017.0
2011-07-26,3.43,3.45,3.44,3.39,1401166.0,5226005.0
2011-07-25,3.51,3.51,3.43,3.41,2503148.0,9406076.0
2011-07-22,3.50,3.53,3.53,3.50,1263410.0,4834921.0
2011-07-21,3.55,3.55,3.50,3.49,1711684.0,6541675.0
2011-07-20,3.57,3.57,3.54,3.52,1347098.0,5185622.0
2011-07-19,3.57,3.57,3.54,3.53,1817059.0,7012404.0
2011-07-18,3.57,3.60,3.57,3.57,1864950.0,7266715.0
2011-07-15,3.57,3.58,3.58,3.54,2573993.0,9995282.0
2011-07-14,3.60,3.61,3.58,3.55,3135292.0,12200385.0
2011-07-13,3.52,3.59,3.57,3.52,2290491.0,9079977.0
2011-07-12,3.56,3.57,3.52,3.51,2396300.0,9413473.0
2011-07-11,3.55,3.58,3.57,3.55,2050309.0,8122985.0
2011-07-08,3.55,3.57,3.57,3.53,2079449.0,8195745.0
2011-07-07,3.55,3.57,3.55,3.53,2629634.0,10363392.0
2011-07-06,3.56,3.57,3.56,3.53,2444470.0,9624139.0
2011-07-05,3.56,3.57,3.55,3.53,1870077.0,7358497.0
2011-07-04,3.50,3.57,3.56,3.48,3349914.0,13159056.0
2011-07-01,3.46,3.53,3.49,3.46,3983172.0,15415161.0
2011-06-30,3.44,3.48,3.46,3.42,2688197.0,10313831.0
2011-06-29,3.48,3.50,3.43,3.43,2598733.0,9996293.0
2011-06-28,3.49,3.51,3.49,3.48,1311810.0,5085666.0
2011-06-27,3.48,3.52,3.49,3.48,2261407.0,8779494.0
2011-06-24,3.42,3.50,3.48,3.41,3353237.0,12903676.0
2011-06-23,3.39,3.45,3.43,3.37,1727060.0,6527621.0
2011-06-22,3.41,3.42,3.39,3.39,1235741.0,4670914.0
2011-06-21,3.40,3.42,3.42,3.39,1874600.0,7087234.0
2011-06-20,3.44,3.44,3.40,3.38,2434375.0,9173175.0
2011-06-17,3.48,3.53,3.45,3.42,4882367.0,18852178.0
2011-06-15,3.56,3.63,3.56,3.55,2674987.0,10646635.0
2011-06-14,3.53,3.57,3.57,3.53,2441734.0,9652515.0
2011-06-13,3.55,3.55,3.53,3.50,1529886.0,5976420.0
2011-06-10,3.55,3.57,3.56,3.51,1975103.0,7757033.0
2011-06-09,3.59,3.59,3.55,3.54,1368572.0,5431876.0
2011-06-08,3.59,3.61,3.59,3.55,2215857.0,8783716.0
2011-06-07,3.57,3.61,3.60,3.57,1358239.0,5407061.0
2011-06-03,3.54,3.58,3.57,3.53,2033271.0,8043437.0
2011-06-02,3.57,3.58,3.54,3.51,3015584.0,11830373.0
2011-06-01,3.61,3.62,3.60,3.57,1662897.0,6640561.0
2011-05-31,3.56,3.59,3.58,3.55,2875036.0,11399904.0
2011-05-30,3.59,3.61,3.56,3.55,2136249.0,8492058.0
2011-05-27,3.66,3.66,3.59,3.58,2553669.0,10250969.0
2011-05-26,3.66,3.69,3.65,3.64,1838636.0,7475906.0
2011-05-25,3.68,3.68,3.65,3.64,1451800.0,5901777.0
2011-05-24,3.67,3.68,3.68,3.65,2224011.0,9041192.0
2011-05-23,3.77,3.79,3.68,3.66,3646400.0,15076410.0
2011-05-20,3.78,3.82,3.77,3.75,2689821.0,11297610.0
2011-05-19,3.80,3.81,3.78,3.75,2531600.0,10637761.0
2011-05-17,3.78,3.80,3.78,3.75,2067195.0,8683713.0
2011-05-16,3.79,3.83,3.78,3.78,2537340.0,10723908.0
2011-05-13,3.80,3.81,3.81,3.76,2480807.0,10428443.0
2011-05-12,3.82,3.84,3.80,3.79,2956313.0,12504734.0
2011-05-11,3.88,3.88,3.83,3.79,7497979.0,31834212.0
2011-05-10,3.90,3.92,3.88,3.85,2989792.0,12879276.0
2011-05-09,3.87,3.90,3.86,3.85,1464328.0,6294192.0
2011-05-06,3.85,3.88,3.86,3.83,2067519.0,8859859.0
2011-05-05,3.85,3.91,3.86,3.82,2292033.0,9832913.0
2011-05-04,3.87,3.93,3.87,3.84,4158510.0,17950184.0
2011-05-03,3.79,3.94,3.90,3.77,5137295.0,22129966.0
2011-04-29,3.76,3.81,3.80,3.75,2398395.0,10038173.0
2011-04-28,3.85,3.88,3.75,3.75,4281900.0,18064256.0
2011-04-27,3.89,3.93,3.86,3.83,2948050.0,12731458.0
2011-04-26,3.97,4.00,3.89,3.88,4530430.0,19747890.0
2011-04-25,4.03,4.03,3.97,3.96,4704235.0,20864750.0
2011-04-22,4.00,4.06,4.03,3.99,7295284.0,32644828.0
2011-04-21,4.00,4.04,4.01,3.97,6628037.0,29459676.0
2011-04-20,3.98,4.01,3.99,3.97,4286202.0,18999504.0
2011-04-19,4.03,4.03,3.99,3.98,6037293.0,26797846.0
2011-04-18,4.01,4.08,4.05,4.01,6408504.0,28797832.0
2011-04-15,4.05,4.05,4.04,3.99,5142632.0,22983720.0
2011-04-14,4.07,4.11,4.03,4.03,6989221.0,31541788.0
2011-04-13,4.02,4.10,4.09,4.00,12934183.0,58341924.0
2011-04-12,3.96,4.17,4.05,3.94,21272172.0,96005728.0
2011-04-11,3.99,4.00,3.96,3.95,6235745.0,27525924.0
2011-04-08,4.00,4.00,3.99,3.96,5373766.0,23760668.0
2011-04-07,3.98,4.02,4.00,3.94,6300934.0,27874882.0
2011-04-06,3.94,3.98,3.98,3.92,6319929.0,27793440.0
2011-04-01,3.93,3.96,3.96,3.92,4943226.0,21642416.0
2011-03-31,3.97,3.97,3.94,3.89,6216972.0,27108420.0
2011-03-30,3.94,4.00,3.97,3.93,10760380.0,47422080.0
2011-03-29,3.91,3.99,3.94,3.88,12318136.0,53896936.0
2011-03-28,3.92,3.94,3.92,3.90,4908117.0,21391484.0
2011-03-25,3.88,3.92,3.92,3.87,5258587.0,22770806.0
2011-03-24,3.89,3.91,3.88,3.87,2863872.0,12356973.0
2011-03-23,3.88,3.91,3.90,3.85,4844487.0,20919282.0
2011-03-22,3.89,3.89,3.88,3.84,2728797.0,11691472.0
2011-03-21,3.86,3.90,3.88,3.83,4308538.0,18501642.0
2011-03-18,3.84,3.88,3.84,3.83,2931384.0,12536755.0
2011-03-17,3.86,3.89,3.84,3.82,4963320.0,21257744.0
2011-03-16,3.77,3.89,3.88,3.76,5350454.0,22801798.0
2011-03-15,3.84,3.84,3.78,3.75,4952654.0,20795784.0
2011-03-14,3.84,3.85,3.84,3.82,2415024.0,10287006.0
2011-03-11,3.84,3.87,3.84,3.84,2921881.0,12510208.0
2011-03-10,3.90,3.90,3.85,3.85,2875222.0,12347290.0
2011-03-09,3.91,3.93,3.90,3.88,2736603.0,11848466.0
2011-03-08,3.92,3.94,3.91,3.89,3858238.0,16740716.0
2011-03-07,3.89,3.92,3.91,3.87,6706527.0,29011926.0
2011-03-04,3.84,3.89,3.88,3.84,3512424.0,15082041.0
2011-03-03,3.84,3.89,3.84,3.82,5162816.0,22113296.0
2011-03-02,3.84,3.85,3.84,3.79,2921783.0,12416695.0
2011-03-01,3.85,3.88,3.85,3.84,3697452.0,15846213.0
2011-02-28,3.82,3.85,3.85,3.79,3512764.0,14936209.0
2011-02-25,3.81,3.83,3.82,3.77,2546080.0,10754856.0
2011-02-24,3.78,3.82,3.82,3.76,3183612.0,13402060.0
2011-02-23,3.77,3.81,3.78,3.75,2676802.0,11231783.0
2011-02-22,3.85,3.88,3.77,3.76,4234849.0,17904754.0
2011-02-21,3.81,3.86,3.86,3.81,3094073.0,13203492.0
2011-02-18,3.85,3.86,3.84,3.80,3215999.0,13659556.0
2011-02-17,3.89,3.90,3.86,3.82,5360839.0,22951456.0
2011-02-15,3.91,3.91,3.86,3.85,9331797.0,40181296.0
2011-02-14,3.85,4.02,3.94,3.85,21729592.0,95589232.0
2011-02-11,3.69,3.74,3.74,3.68,3254845.0,13416926.0
2011-02-10,3.64,3.70,3.70,3.64,2595435.0,10591656.0
2011-02-09,3.67,3.68,3.65,3.62,2392371.0,9705607.0
2011-02-01,3.69,3.69,3.68,3.66,1530306.0,6238139.0
2011-01-31,3.66,3.68,3.68,3.65,2029391.0,8277419.0
2011-01-28,3.66,3.67,3.66,3.64,2126070.0,8632455.0
2011-01-27,3.63,3.69,3.67,3.60,3232487.0,13123830.0
2011-01-26,3.61,3.65,3.65,3.61,2037213.0,8214886.0
2011-01-25,3.60,3.64,3.61,3.59,1883887.0,7561643.0
2011-01-24,3.60,3.64,3.60,3.59,2466041.0,9894917.0
2011-01-21,3.57,3.64,3.60,3.57,2702926.0,10801923.0
2011-01-20,3.68,3.68,3.58,3.58,3201467.0,12909897.0
2011-01-19,3.66,3.70,3.68,3.63,1829478.0,7462527.0
2011-01-18,3.63,3.66,3.66,3.60,2145311.0,8645078.0
2011-01-17,3.73,3.74,3.64,3.63,3119437.0,12741098.0
2011-01-14,3.79,3.79,3.75,3.74,2177022.0,9073049.0
2011-01-13,3.81,3.82,3.79,3.79,1965880.0,8296720.0
2011-01-12,3.78,3.81,3.81,3.76,2568276.0,10802760.0
2011-01-11,3.76,3.79,3.78,3.74,2227445.0,9296557.0
2011-01-10,3.82,3.84,3.76,3.75,2944358.0,12415825.0
2011-01-07,3.81,3.86,3.83,3.78,4597561.0,19565486.0
2011-01-06,3.81,3.83,3.81,3.80,1838863.0,7785120.0
2011-01-05,3.84,3.85,3.81,3.78,3112392.0,13194066.0
2011-01-04,3.84,3.86,3.84,3.78,3608154.0,15336584.0
