date,amount,close,high,low,open,volume
2015-11-27,232520208.0,17.00,18.65,16.80,18.01,13057861.0
2015-11-26,172146944.0,18.05,18.18,16.69,17.40,9667727.0
2015-11-25,216496032.0,17.40,18.20,17.12,17.20,12259363.0
2015-11-24,279229472.0,17.26,17.44,16.08,16.30,16518193.0
2015-11-23,186075616.0,16.29,16.93,16.08,16.08,11244884.0
2015-11-20,133464864.0,16.12,16.37,15.56,15.70,8348789.0
2015-11-19,72572880.0,15.64,15.65,15.18,15.29,4689631.0
2015-11-18,94724224.0,15.13,15.66,15.08,15.27,6182335.0
2015-11-17,127615584.0,15.15,15.87,15.03,15.70,8211469.0
2015-11-16,87156616.0,15.60,15.60,14.88,15.00,5688654.0
2015-11-13,95394992.0,15.25,15.70,15.03,15.51,6172595.0
2015-11-12,127735816.0,15.75,16.22,15.40,16.19,8114343.0
2015-11-11,120027912.0,16.14,16.24,15.84,16.05,7484936.0
2015-11-10,178820752.0,16.06,16.65,15.88,16.40,11064787.0
2015-11-09,271085120.0,16.66,17.06,15.33,15.34,16543742.0
2015-11-06,175893968.0,15.51,15.65,14.80,14.85,11538158.0
2015-11-05,157492864.0,14.99,15.21,14.75,14.85,10525662.0
2015-11-04,161032080.0,14.85,15.10,14.25,14.38,10992738.0
2015-11-03,104157816.0,14.26,14.49,13.82,13.89,7374492.0
2015-11-02,92746096.0,13.88,14.47,13.75,13.97,6578210.0
2015-10-30,146459440.0,14.25,14.75,13.89,14.52,10253174.0
2015-10-29,144915024.0,14.46,14.55,13.52,13.57,10243840.0
2015-10-28,78974848.0,13.52,14.39,13.49,14.00,5681082.0
2015-10-27,110220272.0,13.99,14.19,13.28,13.80,8041909.0
2015-10-26,159094864.0,13.97,14.32,13.73,14.30,11316502.0
2015-10-23,233605040.0,14.20,14.47,13.38,13.43,16607156.0
2015-10-22,126188432.0,13.43,13.50,12.38,12.50,9745004.0
2015-10-21,144100112.0,12.50,13.78,12.10,13.47,10896570.0
2015-10-20,95370976.0,13.35,13.58,13.03,13.40,7164642.0
2015-10-19,94094616.0,13.05,13.45,12.83,13.43,7176544.0
2015-10-16,114703176.0,13.38,13.47,13.10,13.33,8638677.0
2015-10-15,130537816.0,13.30,13.48,12.78,12.90,9884789.0
2015-10-14,134437872.0,12.91,13.80,12.85,13.06,10277751.0
2015-10-13,136473904.0,13.38,13.43,12.85,12.93,10396409.0
2015-10-12,176180336.0,13.17,13.20,12.05,12.17,13863097.0
2015-10-09,101449824.0,12.00,12.26,11.96,12.26,8420993.0
2015-10-08,67628704.0,12.26,12.35,11.80,12.00,5593076.0
2015-09-30,35959092.0,11.53,11.77,11.33,11.58,3114960.0
2015-09-29,57331980.0,11.41,11.95,11.28,11.60,4940611.0
2015-09-28,45850284.0,11.89,11.93,11.35,11.86,3912193.0
2015-09-25,98538576.0,11.75,12.85,11.67,12.45,8019890.0
2015-09-24,66677064.0,12.45,12.77,12.19,12.50,5341708.0
2015-09-23,101820856.0,12.44,13.05,12.39,12.72,8007298.0
2015-09-22,127845160.0,12.95,13.20,12.64,12.64,9911517.0
2015-09-21,98578400.0,12.51,12.70,11.76,11.90,7985174.0
2015-09-18,76699784.0,11.95,12.09,11.58,11.85,6466822.0
2015-09-17,142940896.0,11.84,12.68,11.80,11.92,11681946.0
2015-09-16,90489128.0,12.03,12.03,10.81,10.99,7969235.0
2015-09-15,99512408.0,10.94,11.30,10.40,10.72,9230205.0
2015-09-14,193180384.0,11.30,13.10,11.28,12.80,15695756.0
2015-09-11,179660608.0,12.53,13.00,11.62,11.67,14453551.0
2015-09-10,111096848.0,11.97,12.40,11.50,11.88,9301885.0
2015-09-09,134128824.0,11.94,12.46,11.65,11.75,11165279.0
2015-09-08,114630560.0,11.81,11.96,10.66,10.80,10068438.0
2015-09-07,100898000.0,10.88,11.24,10.55,10.59,9287488.0
2015-09-02,139990464.0,10.59,11.85,10.59,10.75,12872103.0
2015-09-01,177682736.0,11.77,12.59,11.77,12.30,14866946.0
2015-08-31,315907264.0,13.08,13.85,12.67,13.85,23584408.0
2015-08-28,30430398.0,12.65,12.65,12.65,12.65,2405565.0
2015-08-27,127845576.0,11.50,11.50,10.45,10.90,11700877.0
2015-08-26,139265184.0,10.45,11.61,10.20,10.90,12685916.0
2015-08-25,180137136.0,10.80,11.65,10.80,10.90,16288913.0
2015-08-24,371285504.0,12.00,14.40,12.00,12.00,28684472.0
2015-07-31,119517232.0,13.33,13.88,12.68,12.69,8956770.0
2015-07-30,140704784.0,12.93,13.89,12.90,13.24,10431258.0
2015-07-29,117728616.0,13.26,13.26,12.21,12.90,9198524.0
2015-07-28,204938112.0,12.55,13.33,11.85,11.88,16562974.0
2015-07-27,164591792.0,13.17,14.70,13.17,14.05,11787591.0
2015-07-24,206426320.0,14.63,15.53,14.49,15.30,13658976.0
2015-07-23,214533584.0,15.30,15.38,14.21,14.55,14487148.0
2015-07-22,235318656.0,14.57,14.99,13.80,14.30,16348973.0
2015-07-21,257199024.0,14.58,14.70,12.85,13.10,18358692.0
2015-07-20,243768816.0,13.40,13.65,12.55,12.80,18462888.0
2015-07-17,214582960.0,12.75,12.75,11.47,11.60,17466200.0
2015-07-16,208306736.0,11.59,12.19,10.58,10.58,18356404.0
2015-07-15,219482528.0,11.75,13.12,11.75,13.12,18118756.0
2015-07-14,335752288.0,13.06,13.06,12.08,12.27,26052942.0
2015-07-13,287495488.0,11.87,11.87,11.00,11.87,24431080.0
2015-07-10,187483376.0,10.79,10.79,9.88,10.01,17684272.0
2015-07-09,259839552.0,9.81,9.81,8.03,8.03,28995552.0
2015-07-08,5769456.0,8.92,8.92,8.92,8.92,646800.0
2015-07-07,24901450.0,9.91,10.01,9.91,9.99,2508000.0
2015-07-06,200332128.0,11.01,13.20,11.01,12.90,16878782.0
2015-07-03,172961424.0,12.23,13.23,12.23,12.40,13906312.0
2015-07-02,245615888.0,13.59,15.60,13.59,14.10,17037512.0
2015-07-01,363374176.0,15.10,16.80,14.16,14.18,23262352.0
2015-06-26,196586768.0,15.30,16.40,15.30,16.40,12584883.0
2015-06-25,166857872.0,17.00,18.25,16.65,18.25,9459375.0
2015-06-24,202111808.0,18.12,18.20,17.55,17.78,11260153.0
2015-06-23,193171424.0,17.78,18.13,16.25,17.48,11101279.0
2015-06-19,234587440.0,18.01,19.70,18.01,19.25,12590695.0
2015-06-18,209752608.0,20.01,21.12,19.96,21.12,10177475.0
2015-06-17,264115872.0,21.12,21.31,19.75,20.71,12877295.0
2015-06-16,362702592.0,21.03,22.38,20.91,22.38,16754934.0
2015-06-15,550978112.0,22.95,23.88,22.70,23.18,23714512.0
2015-06-12,569411520.0,23.04,23.66,22.71,22.83,24573112.0
2015-06-11,457930784.0,22.71,23.00,21.60,22.02,20524810.0
2015-06-10,361544640.0,22.01,22.42,21.05,21.30,16557153.0
2015-06-09,409724832.0,21.77,22.38,21.36,22.38,18789496.0
2015-06-08,695804352.0,22.53,24.10,22.48,23.00,29938054.0
2015-06-05,639615104.0,22.69,22.90,21.28,21.94,28706592.0
2015-06-04,358860672.0,21.94,22.53,20.85,22.30,16551620.0
2015-06-03,524173696.0,22.56,23.00,20.50,22.18,23940336.0
2015-06-02,671625344.0,22.12,22.49,20.60,21.23,31342032.0
2015-06-01,606862464.0,21.15,22.59,20.90,21.10,28475634.0
2015-05-29,417245248.0,20.81,21.20,19.01,20.70,20484018.0
2015-05-28,530867552.0,20.70,23.35,20.30,22.12,23870236.0
2015-05-27,562234048.0,22.13,23.00,21.60,22.52,25438740.0
2015-05-26,668657280.0,23.02,24.20,21.79,22.00,29174884.0
2015-05-25,824317696.0,22.00,22.52,20.55,21.17,38350864.0
2015-05-22,916419328.0,21.33,21.33,19.00,19.61,45127904.0
2015-05-21,528835936.0,19.39,19.56,18.39,18.75,27735116.0
2015-05-20,653939968.0,19.01,19.76,18.88,19.18,34016028.0
2015-05-19,734583232.0,19.45,20.05,18.86,19.70,37842372.0
2015-05-18,372366816.0,18.37,18.37,16.54,16.54,21255364.0
2015-05-15,177097296.0,16.70,17.28,16.60,17.15,10548090.0
2015-05-14,184726768.0,17.13,17.49,17.01,17.31,10724490.0
2015-05-13,254547632.0,17.32,17.49,16.21,17.00,14857323.0
2015-05-12,237980800.0,17.17,17.54,16.88,17.53,13879860.0
2015-05-11,219956992.0,17.39,17.45,16.65,16.88,12825228.0
2015-05-08,136218816.0,16.84,17.08,16.05,16.69,8175536.0
2015-05-07,104387368.0,16.60,17.18,16.43,16.70,6228987.0
2015-05-06,198607856.0,16.73,17.50,16.24,16.24,11808117.0
2015-05-05,262408384.0,16.33,17.96,16.00,17.74,15753619.0
2015-05-04,140230096.0,17.72,17.84,17.01,17.20,7982595.0
2015-04-30,144575712.0,17.18,17.57,17.12,17.18,8350888.0
2015-04-29,164784896.0,17.10,17.37,16.66,17.37,9679988.0
2015-04-28,233468992.0,17.42,18.73,17.00,18.73,13116627.0
2015-04-27,287712704.0,18.59,19.13,18.20,18.65,15311051.0
2015-04-24,324975296.0,18.57,19.19,18.10,18.20,17405548.0
2015-04-23,170963760.0,18.18,18.32,17.90,18.28,9440506.0
2015-04-22,268295248.0,18.29,18.47,17.97,18.10,14769659.0
2015-04-21,167108592.0,18.10,18.29,17.20,17.35,9354173.0
2015-04-20,304749888.0,17.47,18.29,16.98,18.29,17307004.0
2015-04-17,243482512.0,18.44,18.99,18.10,18.79,13253909.0
2015-04-16,245708336.0,18.68,19.70,18.01,19.10,12913985.0
2015-04-15,245859456.0,19.80,21.10,18.90,21.00,12305398.0
2015-04-14,314558176.0,21.00,21.50,20.20,20.20,15133827.0
2015-04-13,406547360.0,21.00,21.14,18.58,19.23,20144460.0
2015-04-10,261449968.0,19.27,19.95,18.66,19.00,13627107.0
2015-04-09,358896896.0,19.10,19.42,17.44,18.05,19575486.0
2015-04-08,280413664.0,17.70,18.68,17.00,18.29,15789405.0
2015-04-07,279029376.0,18.29,18.55,17.31,17.70,15357064.0
2015-04-03,395401568.0,17.70,18.08,16.61,16.61,22516864.0
2015-04-02,357066688.0,16.60,17.01,16.25,16.30,21534384.0
2015-04-01,421662880.0,16.05,16.24,14.98,15.02,26815804.0
2015-03-31,290324672.0,15.05,15.43,14.53,15.05,19464932.0
2015-03-30,224000528.0,15.20,15.80,15.15,15.55,14610506.0
2015-03-27,155800176.0,15.30,15.33,14.65,15.10,10386628.0
2015-03-26,222869984.0,15.28,15.83,14.99,15.45,14557538.0
2015-03-25,471103040.0,15.83,16.19,14.98,15.20,29874348.0
2015-03-24,391382304.0,14.72,14.72,13.32,13.40,27354266.0
2015-03-23,139305392.0,13.38,13.38,13.07,13.14,10569117.0
2015-03-20,99781472.0,13.14,13.29,13.01,13.29,7603320.0
2015-03-19,100879680.0,13.28,13.54,13.19,13.54,7562069.0
2015-03-18,111393088.0,13.54,13.62,13.20,13.26,8260223.0
2015-03-17,133970560.0,13.26,13.59,13.16,13.34,10026365.0
2015-03-16,96842928.0,13.32,13.43,13.11,13.12,7284553.0
2015-03-13,80075056.0,13.16,13.33,13.00,13.00,6084210.0
2015-03-12,112836104.0,13.05,13.35,12.71,12.86,8602581.0
2015-03-11,60058232.0,12.79,12.97,12.50,12.61,4703570.0
2015-03-10,41607456.0,12.61,12.84,12.55,12.61,3284166.0
2015-03-09,45680500.0,12.61,12.77,12.40,12.62,3628306.0
2015-03-06,102171552.0,12.72,13.15,12.42,12.98,8033044.0
2015-03-05,60563656.0,12.98,13.10,12.82,13.05,4668232.0
2015-03-04,85373296.0,13.01,13.18,12.72,12.81,6580156.0
2015-03-03,78811104.0,12.80,13.07,12.70,12.86,6114963.0
2015-03-02,109643272.0,12.93,13.29,12.75,12.95,8426812.0
2015-02-27,87891656.0,12.96,13.00,12.71,12.80,6845819.0
2015-02-26,180994288.0,12.95,13.35,12.78,12.90,13883254.0
2015-02-25,146762320.0,12.96,13.00,12.02,12.44,11544048.0
2015-02-17,105280664.0,12.44,12.68,12.05,12.15,8450233.0
2015-02-16,75548072.0,12.16,12.21,11.90,12.09,6239372.0
2015-02-13,136948400.0,11.99,12.08,11.31,11.32,11582865.0
2015-02-12,31647964.0,11.30,11.47,11.19,11.33,2798722.0
2015-02-11,37429816.0,11.30,11.59,11.05,11.20,3301463.0
2015-02-10,53839228.0,11.19,11.25,10.71,10.92,4924677.0
2015-02-09,96392544.0,11.11,11.64,10.98,11.59,8673185.0
2015-02-06,63875472.0,11.59,11.67,11.35,11.53,5546005.0
2015-02-05,73594608.0,11.58,11.86,11.40,11.56,6339385.0
2015-02-04,64236824.0,11.57,11.65,11.43,11.58,5571736.0
2015-02-03,90366112.0,11.58,11.69,11.39,11.61,7848634.0
2015-02-02,118579928.0,11.59,12.04,11.40,11.89,10109943.0
2015-01-30,164484160.0,11.85,11.98,11.35,11.49,13952627.0
2015-01-29,148411136.0,11.48,11.63,11.10,11.19,12953548.0
2015-01-28,80270072.0,11.29,11.36,11.00,11.13,7150326.0
2015-01-27,74450800.0,11.13,11.24,10.92,11.02,6709482.0
2015-01-26,53585792.0,10.99,11.04,10.85,10.95,4897438.0
2015-01-23,89472568.0,10.88,11.16,10.83,11.15,8143319.0
2015-01-22,109902008.0,11.21,11.28,10.89,11.00,9878744.0
2015-01-21,92202096.0,10.96,11.04,10.75,11.00,8450275.0
2015-01-20,107084456.0,10.93,11.20,10.57,10.67,9807497.0
2015-01-19,148465728.0,10.68,10.95,10.21,10.32,13860596.0
2015-01-16,117932192.0,10.54,10.55,9.90,9.98,11553720.0
2015-01-15,27203906.0,10.17,10.22,10.05,10.16,2679956.0
2015-01-14,37800948.0,10.11,10.23,10.05,10.05,3725524.0
2015-01-13,66947892.0,10.15,10.20,9.98,10.08,6665997.0
2015-01-12,65629544.0,10.04,10.49,9.99,10.49,6477812.0
2015-01-09,44468008.0,10.52,10.74,10.51,10.64,4191239.0
2015-01-08,34805664.0,10.69,10.91,10.68,10.78,3231676.0
2015-01-07,41319264.0,10.82,11.02,10.75,11.02,3802001.0
2015-01-06,63795992.0,11.03,11.07,10.62,10.74,5851398.0
2015-01-05,54475588.0,10.80,10.99,10.64,10.95,5051225.0
2014-12-31,45160584.0,10.93,10.98,10.76,10.81,4150897.0
2014-12-30,60090500.0,10.82,10.93,10.71,10.75,5559543.0
2014-12-29,54109212.0,10.75,10.92,10.54,10.80,5061453.0
2014-12-26,75890824.0,10.84,10.87,10.39,10.55,7149332.0
2014-12-25,30062206.0,10.61,10.79,10.53,10.72,2833369.0
2014-12-24,43621580.0,10.71,10.71,10.40,10.55,4132376.0
2014-12-23,39303616.0,10.45,10.74,10.33,10.44,3729752.0
2014-12-22,76196032.0,10.45,10.80,10.38,10.69,7268709.0
2014-12-19,50139652.0,10.86,11.02,10.61,10.99,4645362.0
2014-12-18,38649868.0,10.99,11.09,10.87,10.99,3519640.0
2014-12-17,63096376.0,11.03,11.34,10.98,11.27,5692377.0
2014-12-16,61047308.0,11.35,11.64,11.26,11.49,5366187.0
2014-12-15,72914224.0,11.48,11.58,11.03,11.26,6399670.0
2014-12-12,58149468.0,11.27,11.38,11.13,11.13,5157252.0
2014-12-11,84220744.0,11.16,11.22,10.84,10.96,7584235.0
2014-12-10,93427664.0,10.97,10.97,10.66,10.72,8636483.0
2014-12-09,136024288.0,10.75,11.40,10.70,11.39,12297246.0
2014-12-08,115861824.0,11.47,11.81,11.44,11.81,10008317.0
2014-12-05,96523896.0,11.85,12.18,11.65,12.18,8141747.0
2014-12-04,119577976.0,12.20,12.20,11.98,12.05,9894206.0
2014-12-03,84067784.0,12.04,12.11,11.85,12.02,7031138.0
2014-12-02,140920240.0,12.04,12.32,11.95,12.19,11689488.0
2014-12-01,106927784.0,12.22,12.92,12.17,12.90,8624210.0
2014-11-28,180985872.0,12.70,12.92,12.49,12.61,14188376.0
2014-11-27,172299472.0,12.62,12.95,12.30,12.30,13590878.0
2014-11-26,109990992.0,12.30,12.44,12.10,12.28,9000932.0
2014-11-25,181482624.0,12.40,12.58,11.65,12.20,15141428.0
2014-11-24,110110880.0,12.22,12.65,12.20,12.56,8878972.0
2014-11-21,31359694.0,12.22,12.26,12.10,12.16,2574687.0
2014-11-20,31877212.0,12.08,12.16,12.00,12.15,2637678.0
2014-11-19,120762856.0,12.14,12.50,12.01,12.50,9959591.0
2014-11-18,23508778.0,12.49,12.65,12.43,12.53,1881658.0
2014-11-17,50239828.0,12.53,12.85,12.28,12.41,4000157.0
2014-11-14,58895808.0,12.44,13.00,12.31,13.00,4670841.0
2014-11-13,84933152.0,12.72,13.60,12.53,13.60,6525328.0
2014-11-12,65243864.0,13.63,13.70,13.32,13.56,4830813.0
2014-11-11,194311328.0,13.69,13.81,12.92,13.16,14451554.0
2014-11-10,82954632.0,13.15,13.30,12.27,12.55,6531461.0
2014-11-07,59826164.0,12.51,13.01,12.29,12.75,4714010.0
2014-11-06,40370448.0,12.70,13.05,12.65,13.05,3162755.0
2014-11-05,43539564.0,13.01,13.25,12.82,13.25,3358205.0
2014-11-04,63866724.0,13.18,13.46,13.10,13.45,4828174.0
2014-11-03,53158292.0,13.42,13.58,13.24,13.56,3961436.0
2014-10-31,105413016.0,13.56,13.58,13.17,13.17,7863466.0
2014-10-30,64618516.0,13.15,13.15,12.85,12.90,4965546.0
2014-10-29,62930708.0,12.89,12.97,12.80,12.95,4889416.0
2014-10-28,71564880.0,12.90,13.06,12.65,12.77,5546608.0
2014-10-27,55090668.0,12.74,12.84,12.23,12.30,4361759.0
2014-10-24,36005896.0,12.32,12.62,12.20,12.37,2886916.0
2014-10-23,35331240.0,12.36,12.64,12.20,12.61,2855763.0
2014-10-22,33384524.0,12.61,12.66,12.50,12.52,2651698.0
2014-10-21,53895292.0,12.54,12.78,12.48,12.78,4289066.0
2014-10-20,88480928.0,12.79,12.85,12.20,12.35,7050863.0
2014-10-17,117035288.0,12.32,13.11,12.13,13.11,9393497.0
2014-10-16,75845352.0,13.12,13.55,13.11,13.12,5687784.0
2014-10-15,71783568.0,13.30,13.51,13.07,13.40,5393551.0
2014-10-14,78058936.0,13.56,13.83,13.40,13.50,5718103.0
2014-10-13,81610272.0,13.52,13.67,13.28,13.67,6091102.0
2014-10-10,122487584.0,13.69,13.81,13.27,13.54,9097765.0
2014-10-09,107424760.0,13.69,13.93,13.50,13.86,7865822.0
2014-10-08,109977264.0,13.84,14.20,13.60,14.20,7979562.0
2014-09-30,65647696.0,14.17,14.39,13.98,14.20,4663585.0
2014-09-29,137413152.0,14.23,14.65,14.00,14.43,9603076.0
2014-09-26,70127616.0,14.02,14.45,13.85,13.90,4970345.0
2014-09-25,77976240.0,13.88,14.24,13.80,13.92,5573705.0
2014-09-24,99510928.0,14.06,14.28,13.71,14.19,7092476.0
2014-09-23,92237248.0,14.23,14.36,13.71,14.05,6568074.0
2014-09-22,96107192.0,14.21,14.99,14.20,14.95,6670221.0
2014-09-19,236234880.0,14.91,15.12,14.10,14.17,15909170.0
2014-09-18,180224528.0,14.10,14.18,13.08,13.33,13039046.0
2014-09-17,137171264.0,13.22,13.67,12.87,13.26,10406812.0
2014-09-16,156506544.0,13.25,14.36,13.15,14.28,11444635.0
2014-09-15,134943136.0,14.24,14.70,14.00,14.61,9485063.0
2014-09-12,94193896.0,14.59,14.94,14.34,14.64,6453333.0
2014-09-11,156972176.0,14.46,15.17,14.30,14.99,10659601.0
2014-09-10,198851680.0,15.08,15.47,13.91,14.26,13521466.0
2014-09-09,215926784.0,14.35,14.54,13.10,13.16,15456462.0
2014-09-05,84688800.0,13.22,13.31,12.85,13.10,6481427.0
2014-09-04,183245200.0,13.11,13.28,12.44,12.53,14078795.0
2014-09-03,137319280.0,12.52,12.87,12.25,12.87,11004256.0
2014-09-02,103985344.0,12.90,13.14,12.40,12.63,8114356.0
2014-09-01,81989976.0,12.57,12.78,12.24,12.32,6579753.0
2014-08-29,106965896.0,12.23,12.98,12.11,12.53,8654186.0
2014-08-28,164232704.0,12.68,13.68,12.60,13.13,12427166.0
2014-08-27,241672224.0,13.47,13.55,11.91,12.39,19263448.0
2014-08-26,166141040.0,12.41,13.45,12.40,13.04,13044574.0
2014-08-25,184469376.0,13.23,13.35,12.12,12.18,14454584.0
2014-08-22,190186800.0,12.18,12.43,11.37,11.37,15786660.0
2014-08-21,96106384.0,11.37,11.57,10.75,11.08,8625808.0
2014-08-20,128856704.0,11.10,11.35,10.55,10.68,11731354.0
2014-08-19,144397760.0,10.81,11.06,10.05,10.19,13670557.0
2014-08-18,82225992.0,10.27,10.53,10.20,10.32,7986666.0
2014-08-15,80456344.0,10.43,10.72,10.29,10.50,7664442.0
2014-08-14,136455936.0,10.60,10.98,10.01,10.18,12898603.0
2014-08-13,171205504.0,10.23,10.26,9.52,9.85,17218304.0
2014-08-12,157683808.0,9.90,10.10,9.23,9.35,16117273.0
2014-08-11,92842168.0,9.26,9.56,8.91,8.95,10034078.0
2014-08-08,63802628.0,8.70,8.88,8.55,8.58,7299438.0
2014-08-07,64547124.0,8.61,8.78,8.41,8.46,7518458.0
2014-08-06,62613668.0,8.45,8.50,8.25,8.45,7480796.0
2014-08-05,56305708.0,8.47,8.52,8.33,8.40,6673123.0
2014-08-04,53690276.0,8.38,8.42,8.25,8.37,6445021.0
2014-08-01,99561736.0,8.33,8.59,8.29,8.37,11820537.0
2014-07-31,107669840.0,8.40,8.54,8.11,8.15,12887514.0
2014-07-30,138018192.0,8.28,8.41,7.97,8.00,16748071.0
2014-07-29,70379800.0,8.07,8.14,7.78,7.83,8837733.0
2014-07-28,66694128.0,7.88,7.99,7.65,7.72,8509477.0
2014-07-25,35543176.0,7.70,7.76,7.49,7.50,4652442.0
2014-07-24,30434056.0,7.52,7.65,7.48,7.63,4033811.0
2014-07-23,42062456.0,7.62,7.73,7.54,7.73,5518630.0
2014-07-22,58090120.0,7.73,7.80,7.61,7.67,7523949.0
2014-07-21,53714416.0,7.66,7.80,7.49,7.74,7041655.0
2014-07-18,71062184.0,7.73,7.97,7.59,7.68,9165707.0
2014-07-17,130443512.0,7.79,8.46,7.78,8.36,16265901.0
2014-07-16,259963552.0,8.40,8.83,8.26,8.83,30406384.0
2014-07-15,7749159.0,8.03,8.03,8.03,8.03,965026.0
2014-02-13,31081640.0,7.30,7.46,7.22,7.27,4225772.0
2014-02-12,22801082.0,7.29,7.33,7.15,7.29,3149487.0
2014-02-11,24577218.0,7.26,7.35,7.18,7.28,3385738.0
2014-02-10,27986642.0,7.28,7.28,7.13,7.20,3876261.0
2014-02-07,9632264.0,7.20,7.28,7.15,7.23,1338888.0
2014-01-30,12126818.0,7.17,7.28,7.09,7.19,1691057.0
2014-01-29,13590546.0,7.19,7.26,7.02,7.07,1897215.0
2014-01-28,12782261.0,7.07,7.13,6.99,6.99,1809513.0
2014-01-27,15605682.0,6.99,7.16,6.98,7.04,2203731.0
2014-01-24,28646972.0,7.06,7.11,6.87,6.89,4100576.0
2014-01-23,9370841.0,6.89,6.95,6.85,6.94,1359815.0
2014-01-22,9263915.0,6.90,6.92,6.85,6.85,1344276.0
2014-01-21,11596672.0,6.88,6.95,6.85,6.91,1683100.0
2014-01-20,12953204.0,6.90,6.92,6.70,6.73,1897233.0
2014-01-17,9630288.0,6.73,6.77,6.68,6.70,1430638.0
2014-01-16,10847040.0,6.73,6.77,6.54,6.60,1631592.0
2014-01-15,6947295.0,6.61,6.61,6.53,6.61,1056640.0
2014-01-14,7735073.0,6.56,6.58,6.45,6.46,1189170.0
2014-01-13,5158055.0,6.47,6.59,6.45,6.51,793009.0
2014-01-10,7663608.0,6.51,6.61,6.50,6.54,1172770.0
2014-01-09,15627124.0,6.55,6.83,6.53,6.76,2330605.0
2014-01-08,7806053.0,6.79,6.91,6.78,6.85,1139800.0
2014-01-07,9776553.0,6.85,6.91,6.73,6.86,1432510.0
2014-01-06,14861015.0,6.86,7.01,6.85,7.01,2158058.0
2014-01-03,13179362.0,7.02,7.14,6.97,7.14,1874106.0
2014-01-02,10929935.0,7.15,7.16,7.07,7.10,1534281.0
2013-12-31,17478418.0,7.13,7.14,6.95,7.03,2469647.0
2013-12-30,15339197.0,7.02,7.07,6.95,7.00,2187200.0
2013-12-27,11315981.0,6.96,6.99,6.85,6.90,1631081.0
2013-12-26,15304201.0,6.91,7.13,6.88,7.07,2187200.0
2013-12-25,7688787.0,7.13,7.15,6.96,7.00,1091448.0
2013-12-24,13208870.0,7.03,7.10,6.97,7.07,1872874.0
2013-12-23,20442270.0,7.07,7.10,6.85,7.02,2910604.0
2013-12-20,14297132.0,6.99,7.12,6.95,7.08,2038116.0
2013-12-19,8896123.0,7.08,7.17,7.06,7.17,1251956.0
2013-12-18,12026814.0,7.11,7.17,7.08,7.09,1687724.0
2013-12-17,19592280.0,7.11,7.22,7.02,7.20,2754355.0
2013-12-16,14680924.0,7.21,7.33,7.19,7.24,2026622.0
2013-12-13,18864070.0,7.24,7.30,7.19,7.25,2605429.0
2013-12-12,18120486.0,7.27,7.39,7.19,7.21,2486470.0
2013-12-11,30819682.0,7.26,7.46,7.20,7.28,4209136.0
2013-12-10,24259120.0,7.26,7.36,7.21,7.36,3340769.0
2013-12-09,54851788.0,7.34,7.46,7.25,7.28,7466364.0
2013-12-06,99094360.0,7.40,7.62,6.94,6.95,13491364.0
2013-12-05,15678408.0,6.97,7.01,6.91,6.93,2253471.0
2013-12-04,20665374.0,6.96,6.99,6.83,6.85,2978410.0
2013-12-03,14792102.0,6.88,6.94,6.75,6.81,2160420.0
2013-12-02,28177452.0,6.80,7.05,6.73,7.00,4080241.0
2013-11-29,35464076.0,7.16,7.20,7.05,7.13,4979889.0
2013-11-28,23012554.0,7.10,7.12,6.98,7.00,3251748.0
2013-11-27,15845887.0,7.00,7.02,6.92,6.95,2270476.0
2013-11-26,17181604.0,6.95,7.06,6.93,7.02,2462973.0
2013-11-25,11596113.0,7.05,7.10,7.01,7.04,1641455.0
2013-11-22,19616914.0,7.05,7.14,6.99,7.06,2781725.0
2013-11-21,20445630.0,7.09,7.16,7.07,7.15,2876347.0
2013-11-20,18067526.0,7.16,7.19,7.11,7.16,2530211.0
2013-11-19,18763930.0,7.13,7.19,7.10,7.19,2630705.0
2013-11-18,25140324.0,7.18,7.18,7.02,7.16,3529485.0
2013-11-15,21381522.0,7.10,7.17,7.08,7.08,3000126.0
2013-11-14,20331200.0,7.08,7.13,6.89,6.95,2882114.0
2013-11-13,23464602.0,6.93,7.11,6.83,6.88,3364024.0
2013-11-12,7945462.0,6.92,6.92,6.82,6.86,1155123.0
2013-11-11,6719644.0,6.86,6.90,6.70,6.81,989450.0
2013-11-08,8701029.0,6.81,6.94,6.75,6.82,1273499.0
2013-11-07,20330098.0,6.90,7.08,6.83,7.07,2921109.0
2013-11-06,24394400.0,7.09,7.18,6.98,6.99,3450320.0
2013-11-05,9714922.0,6.94,6.96,6.78,6.90,1413507.0
2013-11-04,10056710.0,6.91,6.98,6.87,6.94,1452006.0
2013-11-01,9089952.0,6.91,6.95,6.81,6.81,1318618.0
2013-10-31,12274945.0,6.87,6.96,6.76,6.91,1787844.0
2013-10-30,13694745.0,6.94,6.96,6.72,6.78,1996819.0
2013-10-29,22498498.0,6.72,7.04,6.60,6.98,3299130.0
2013-10-28,12044112.0,6.96,7.00,6.88,6.96,1739621.0
2013-10-25,19278482.0,6.95,7.13,6.87,7.11,2765762.0
2013-10-24,25251558.0,7.08,7.30,7.08,7.22,3531713.0
2013-10-23,23545918.0,7.25,7.54,7.18,7.46,3207828.0
2013-10-22,21315998.0,7.51,7.58,7.44,7.52,2838752.0
2013-10-21,22441164.0,7.52,7.57,7.40,7.43,2994776.0
2013-10-18,19738106.0,7.42,7.50,7.33,7.45,2665415.0
2013-10-17,29929996.0,7.44,7.60,7.38,7.46,4000762.0
2013-10-16,39803380.0,7.45,7.78,7.38,7.78,5277234.0
2013-10-15,64197596.0,7.80,7.86,7.60,7.69,8314832.0
2013-10-14,25838146.0,7.64,7.71,7.59,7.61,3380544.0
2013-10-11,32205338.0,7.61,7.67,7.57,7.61,4227134.0
2013-10-10,42246072.0,7.61,7.82,7.55,7.82,5506886.0
2013-10-09,38440456.0,7.85,7.92,7.71,7.82,4921405.0
2013-10-08,39366356.0,7.81,7.90,7.64,7.78,5080031.0
2013-09-30,49692100.0,7.80,7.88,7.64,7.85,6422126.0
2013-09-27,69449872.0,7.81,8.04,7.54,7.54,8873254.0
2013-09-26,29010360.0,7.56,7.64,7.47,7.55,3838859.0
2013-09-25,60877920.0,7.57,7.75,7.48,7.48,7965501.0
2013-09-24,17458852.0,7.48,7.56,7.42,7.50,2333042.0
2013-09-23,27079976.0,7.52,7.52,7.37,7.39,3632021.0
2013-09-18,15370267.0,7.42,7.43,7.30,7.31,2085433.0
2013-09-17,20104474.0,7.34,7.52,7.32,7.52,2717527.0
2013-09-16,29995948.0,7.52,7.57,7.30,7.47,4036924.0
2013-09-13,18106744.0,7.48,7.49,7.31,7.37,2433919.0
2013-09-12,29446172.0,7.40,7.54,7.36,7.41,3966410.0
2013-09-11,43263616.0,7.40,7.50,7.22,7.50,5887650.0
2013-09-10,33665152.0,7.48,7.58,7.44,7.57,4496129.0
2013-09-09,35321344.0,7.54,7.61,7.42,7.59,4698657.0
2013-09-06,36130508.0,7.58,7.64,7.45,7.53,4800702.0
2013-09-05,48230428.0,7.62,7.90,7.55,7.72,6260570.0
2013-09-04,33469746.0,7.72,7.80,7.57,7.70,4362030.0
2013-09-03,41997720.0,7.72,7.77,7.60,7.74,5474941.0
2013-09-02,65359056.0,7.75,7.75,7.20,7.34,8624480.0
2013-08-30,35705612.0,7.35,7.61,7.25,7.45,4806554.0
2013-08-29,33231842.0,7.40,7.63,7.40,7.41,4432978.0
2013-08-28,32037292.0,7.53,7.70,7.42,7.62,4235780.0
2013-08-27,43003324.0,7.64,7.70,7.47,7.58,5674055.0
2013-08-26,46032348.0,7.60,7.60,7.15,7.15,6195458.0
2013-08-23,48570776.0,7.30,7.60,7.11,7.40,6581617.0
2013-08-22,87939688.0,7.40,7.75,7.26,7.26,11734212.0
2013-08-21,33982276.0,7.29,7.29,7.02,7.10,4721940.0
2013-08-20,33619384.0,7.12,7.28,7.08,7.24,4713249.0
2013-08-19,50832092.0,7.24,7.28,6.90,6.92,7063712.0
2013-08-16,27055526.0,6.98,7.12,6.82,6.85,3874543.0
2013-08-15,19247116.0,6.96,7.10,6.93,7.02,2744002.0
2013-08-14,28197944.0,7.02,7.22,7.02,7.22,3976438.0
2013-08-13,33310826.0,7.20,7.30,7.03,7.13,4659645.0
2013-08-12,48442136.0,7.11,7.16,6.86,6.88,6849862.0
2013-08-09,23503278.0,6.88,7.03,6.77,6.98,3403627.0
2013-08-08,29757382.0,6.99,6.99,6.80,6.83,4307935.0
2013-08-07,31473308.0,6.87,6.94,6.72,6.75,4578365.0
2013-08-06,20792984.0,6.77,6.83,6.68,6.83,3074884.0
2013-08-05,27177598.0,6.80,6.81,6.60,6.64,4023943.0
2013-08-02,26563586.0,6.67,6.68,6.49,6.61,4025290.0
2013-08-01,16490328.0,6.60,6.63,6.47,6.51,2509872.0
2013-07-31,13141439.0,6.51,6.64,6.47,6.52,2009380.0
2013-07-30,15135435.0,6.52,6.56,6.37,6.40,2340733.0
2013-07-29,20366184.0,6.40,6.59,6.36,6.55,3150430.0
2013-07-26,14441841.0,6.61,6.74,6.54,6.67,2179805.0
2013-07-25,17077010.0,6.72,6.94,6.71,6.88,2512072.0
2013-07-24,25676946.0,6.90,6.92,6.73,6.73,3757824.0
2013-07-23,23805964.0,6.77,6.85,6.55,6.55,3533385.0
2013-07-22,19373252.0,6.65,6.70,6.43,6.50,2933172.0
2013-07-19,25718870.0,6.60,6.91,6.59,6.81,3803357.0
2013-07-18,19595608.0,6.83,6.92,6.75,6.87,2874056.0
2013-07-17,28559982.0,6.90,7.08,6.85,7.06,4094171.0
2013-07-16,41281484.0,7.06,7.08,6.80,6.92,5970955.0
2013-07-15,40596564.0,6.92,7.04,6.89,6.95,5834772.0
2013-07-12,42981736.0,6.94,7.20,6.90,7.20,6125462.0
2013-07-11,41370968.0,7.21,7.23,6.99,7.04,5811793.0
2013-07-10,22264856.0,7.05,7.06,6.84,6.93,3198379.0
2013-07-09,21872564.0,6.93,7.00,6.72,6.85,3168486.0
2013-07-08,43452448.0,6.88,7.12,6.58,7.12,6349136.0
2013-07-05,62273644.0,7.24,7.53,7.24,7.53,8446305.0
2013-07-04,80764528.0,7.55,7.72,7.07,7.18,10801665.0
2013-07-03,49249904.0,7.21,7.33,7.06,7.33,6864594.0
2013-07-02,58885256.0,7.39,7.58,7.30,7.47,7948539.0
2013-07-01,54783148.0,7.55,7.60,7.38,7.52,7300048.0
2013-06-28,80995632.0,7.52,7.53,7.14,7.28,10963846.0
2013-06-27,54478180.0,7.19,7.45,7.10,7.18,7502336.0
2013-06-26,62569836.0,7.22,7.30,6.85,7.02,8768992.0
2013-06-25,51813932.0,7.04,7.07,6.13,6.70,7740840.0
2013-06-24,43707204.0,6.79,7.25,6.51,7.00,6245093.0
2013-06-21,25035340.0,7.03,7.10,6.71,6.95,3624194.0
2013-06-20,44487540.0,7.00,7.37,7.00,7.21,6198982.0
2013-06-19,53739828.0,7.27,7.28,6.93,7.05,7523021.0
2013-06-18,31853566.0,7.10,7.13,6.76,7.00,4582932.0
2013-06-17,41812656.0,7.00,7.27,6.99,7.06,5884376.0
2013-06-14,42071020.0,7.03,7.10,6.69,6.69,6038234.0
2013-06-13,41203688.0,6.70,6.85,6.55,6.85,6191863.0
2013-06-07,63449084.0,6.99,7.40,6.96,7.31,8926622.0
2013-06-06,70487856.0,7.32,7.72,7.26,7.62,9464686.0
2013-06-05,137663808.0,7.63,7.87,7.13,7.18,18188436.0
2013-06-04,95650544.0,7.22,7.35,6.77,6.96,13452051.0
2013-06-03,38680004.0,6.95,6.99,6.70,6.81,5661470.0
2013-05-31,47138784.0,6.86,7.07,6.85,6.87,6779763.0
2013-05-30,34373172.0,6.85,6.89,6.74,6.74,5030396.0
2013-05-29,38520384.0,6.79,6.90,6.76,6.85,5643555.0
2013-05-28,89505064.0,6.87,6.92,6.49,6.56,13205218.0
2013-05-27,35037884.0,6.56,6.68,6.50,6.53,5321592.0
2013-05-24,26331954.0,6.56,6.56,6.34,6.37,4089329.0
2013-05-23,28094568.0,6.39,6.47,6.33,6.43,4392290.0
2013-05-22,33567680.0,6.48,6.60,6.39,6.58,5171436.0
2013-05-21,33522190.0,6.59,6.60,6.47,6.51,5117671.0
2013-05-20,43699988.0,6.53,6.53,6.35,6.40,6791034.0
2013-05-17,31312590.0,6.43,6.48,6.32,6.48,4877931.0
2013-05-16,44628052.0,6.44,6.57,6.32,6.34,6912619.0
2013-05-15,21705836.0,6.35,6.36,6.26,6.34,3433355.0
2013-05-14,23143040.0,6.30,6.38,6.23,6.23,3671109.0
2013-05-13,27075880.0,6.29,6.39,6.20,6.30,4315046.0
2013-05-10,42145624.0,6.31,6.37,6.05,6.13,6718878.0
2013-05-09,26553782.0,6.14,6.28,6.07,6.26,4320070.0
2013-05-08,26991082.0,6.25,6.27,6.15,6.22,4338587.0
2013-05-07,34093792.0,6.22,6.33,6.12,6.14,5457951.0
2013-05-06,28906726.0,6.15,6.17,6.00,6.01,4725678.0
2013-05-03,28776844.0,6.01,6.11,5.98,5.98,4764799.0
2013-05-02,25183888.0,5.98,6.06,5.82,5.82,4231515.0
2013-04-26,41600508.0,6.01,6.26,5.98,6.21,6814949.0
2013-04-25,52166000.0,6.19,6.49,6.16,6.49,8265631.0
2013-04-24,36497164.0,6.53,6.57,6.41,6.45,5614061.0
2013-04-23,59532692.0,6.48,6.91,6.39,6.91,9086623.0
2013-04-22,68156272.0,6.91,7.01,6.77,6.78,9909856.0
2013-04-19,51637820.0,6.78,6.82,6.64,6.67,7663699.0
2013-04-18,38998368.0,6.66,6.83,6.63,6.74,5811750.0
2013-04-17,43644976.0,6.80,6.83,6.69,6.75,6449197.0
2013-04-16,54716416.0,6.75,6.90,6.62,6.79,8110528.0
2013-04-15,57731856.0,7.01,7.29,6.94,7.07,8094079.0
2013-04-12,70358432.0,7.03,7.21,6.92,7.10,9983694.0
2013-04-11,94038008.0,7.13,7.30,7.00,7.29,13185766.0
2013-04-10,105177384.0,7.48,7.65,7.25,7.35,14085580.0
2013-04-09,77578392.0,7.37,7.37,7.10,7.30,10715649.0
2013-04-08,136672896.0,7.35,7.64,7.12,7.25,18483368.0
2013-04-03,183242624.0,7.36,7.55,7.02,7.23,24940932.0
2013-04-02,198992352.0,7.30,7.75,7.13,7.73,26961264.0
2013-04-01,320836384.0,7.79,8.01,7.53,7.94,41358912.0
2013-03-29,83204472.0,7.57,7.57,7.35,7.35,11045021.0
2013-03-28,113882328.0,6.88,6.88,6.10,6.24,17151238.0
2013-03-27,15338326.0,6.25,6.37,6.20,6.31,2444691.0
2013-03-26,19953028.0,6.32,6.36,6.24,6.34,3173775.0
2013-03-25,25653246.0,6.34,6.35,6.20,6.24,4072632.0
2013-03-22,13920402.0,6.24,6.28,6.19,6.26,2234517.0
2013-03-21,20966950.0,6.26,6.31,6.12,6.16,3359220.0
2013-03-20,15210617.0,6.15,6.19,6.03,6.03,2484770.0
2013-03-19,13931545.0,6.02,6.14,5.93,6.08,2309804.0
2013-03-18,14800815.0,6.08,6.23,6.06,6.13,2410386.0
2013-03-15,16544893.0,6.13,6.25,6.07,6.10,2692597.0
2013-03-14,19150858.0,6.10,6.19,6.03,6.14,3137601.0
2013-03-13,25248368.0,6.14,6.30,6.12,6.12,4064157.0
2013-03-12,33062620.0,6.14,6.40,6.06,6.40,5319564.0
2013-03-11,23836632.0,6.40,6.60,6.37,6.52,3693299.0
2013-03-08,33495228.0,6.54,6.57,6.40,6.49,5144878.0
2013-03-07,38332940.0,6.42,6.61,6.37,6.50,5932516.0
2013-03-06,67942064.0,6.52,6.65,6.40,6.41,10375356.0
2013-03-05,53701640.0,6.39,6.54,6.16,6.16,8393575.0
2013-03-04,43514996.0,6.16,6.39,6.10,6.22,6949268.0
2013-03-01,26504640.0,6.24,6.25,6.11,6.14,4274646.0
2013-02-28,21900116.0,6.15,6.16,6.04,6.04,3575681.0
2013-02-27,14167494.0,6.05,6.19,5.99,6.11,2333948.0
2013-02-26,20799600.0,6.11,6.21,6.02,6.07,3394877.0
2013-02-25,11494924.0,6.07,6.13,5.99,6.03,1892498.0
2013-02-22,19825132.0,6.04,6.20,6.00,6.15,3247984.0
2013-02-21,32851406.0,6.15,6.34,6.10,6.25,5296435.0
2013-02-20,35261752.0,6.24,6.28,6.07,6.09,5691785.0
2013-02-19,17736636.0,6.05,6.14,6.04,6.10,2915303.0
2013-02-18,24390648.0,6.13,6.18,6.03,6.04,3994910.0
2013-02-08,15799129.0,6.02,6.04,5.92,5.92,2627240.0
2013-02-07,14918264.0,5.98,6.04,5.92,5.96,2497387.0
2013-02-06,15221543.0,5.96,5.98,5.88,5.88,2558880.0
2013-02-05,10965520.0,5.88,5.89,5.80,5.82,1873838.0
2013-02-04,16250269.0,5.85,5.95,5.83,5.91,2761394.0
2013-02-01,12133097.0,5.91,5.94,5.85,5.88,2059637.0
2013-01-31,11949437.0,5.91,6.00,5.87,5.97,2021846.0
2013-01-30,10618356.0,5.98,6.02,5.91,5.95,1782741.0
2013-01-29,10746771.0,5.98,5.99,5.91,5.92,1806727.0
2013-01-28,11619362.0,5.94,5.96,5.83,5.83,1967150.0
2013-01-25,11961854.0,5.83,5.93,5.78,5.80,2047565.0
2013-01-24,21149056.0,5.80,6.04,5.80,5.96,3568444.0
2013-01-23,13873223.0,5.99,6.05,5.90,5.99,2321049.0
2013-01-22,21863356.0,6.03,6.18,6.00,6.18,3601276.0
2013-01-21,18439454.0,6.16,6.20,6.08,6.11,3002536.0
2013-01-18,18841528.0,6.11,6.13,6.03,6.12,3093841.0
2013-01-17,17524718.0,6.07,6.15,6.04,6.13,2879326.0
2013-01-16,21707410.0,6.15,6.29,6.06,6.20,3518476.0
2013-01-15,32429426.0,6.21,6.23,6.09,6.12,5249377.0
2013-01-14,25290712.0,6.13,6.14,5.97,5.97,4149720.0
2013-01-11,22343858.0,5.95,6.21,5.87,6.13,3698159.0
2013-01-10,23388676.0,6.16,6.18,6.09,6.13,3814189.0
2013-01-09,34020168.0,6.13,6.27,6.07,6.20,5511027.0
2013-01-08,72404888.0,6.28,6.42,6.18,6.42,11535456.0
2013-01-07,115286560.0,6.40,6.46,6.08,6.08,18130652.0
2013-01-04,14966263.0,5.87,6.01,5.85,6.00,2530368.0
2012-12-31,30376846.0,6.02,6.07,5.84,5.91,5101913.0
2012-12-28,12012366.0,5.87,6.02,5.78,5.90,2054142.0
2012-12-27,17039576.0,5.81,5.95,5.70,5.76,2910594.0
2012-12-26,19076254.0,5.81,5.87,5.75,5.82,3281164.0
2012-12-25,15141502.0,5.79,5.82,5.69,5.70,2621483.0
2012-12-24,8220168.0,5.70,5.74,5.64,5.73,1444491.0
2012-12-21,11899488.0,5.72,5.85,5.67,5.71,2072101.0
2012-12-20,11364115.0,5.75,5.79,5.65,5.78,1982155.0
2012-12-19,12982497.0,5.75,5.90,5.70,5.89,2239136.0
2012-12-18,22119938.0,5.80,5.87,5.63,5.69,3839707.0
2012-12-17,11323049.0,5.69,5.70,5.60,5.63,2002571.0
2012-12-14,15452321.0,5.65,5.68,5.37,5.37,2771494.0
2012-12-13,10792655.0,5.45,5.51,5.39,5.45,1980466.0
2012-12-12,9078892.0,5.44,5.55,5.41,5.49,1664818.0
2012-12-11,8050895.0,5.47,5.53,5.45,5.47,1468454.0
2012-12-10,9485001.0,5.51,5.58,5.38,5.44,1729523.0
2012-12-07,6556533.0,5.43,5.45,5.28,5.30,1215137.0
2012-12-06,5946416.0,5.32,5.40,5.30,5.40,1115806.0
2012-12-05,10875351.0,5.37,5.39,5.17,5.17,2053635.0
2012-12-04,8240565.0,5.17,5.29,5.08,5.29,1598409.0
2012-12-03,7278558.0,5.25,5.47,5.18,5.47,1362021.0
2012-11-30,7159756.0,5.43,5.53,5.37,5.43,1322230.0
2012-11-29,4977130.0,5.38,5.58,5.38,5.50,909500.0
2012-11-28,5511421.0,5.50,5.71,5.45,5.71,990800.0
2012-11-27,8324054.0,5.70,5.86,5.58,5.86,1457850.0
2012-11-26,8167083.0,5.85,5.91,5.72,5.84,1400815.0
2012-11-23,3828953.0,5.80,5.87,5.78,5.85,658144.0
2012-11-22,5146966.0,5.84,5.89,5.76,5.81,883900.0
2012-11-21,4586188.0,5.85,5.85,5.70,5.83,792582.0
2012-11-20,2305664.0,5.83,5.88,5.78,5.88,396901.0
2012-11-19,3188308.0,5.85,5.85,5.70,5.82,551560.0
2012-11-16,5060249.0,5.83,5.84,5.70,5.78,874319.0
2012-11-15,4237625.0,5.78,5.95,5.76,5.90,723160.0
2012-11-14,5234487.0,5.92,5.95,5.84,5.88,886282.0
2012-11-13,6182434.0,5.88,6.02,5.86,5.98,1044471.0
2012-11-12,5963165.0,6.00,6.08,5.95,6.08,994866.0
2012-11-09,6840568.0,6.00,6.11,5.97,5.97,1130680.0
2012-11-08,6597387.0,6.00,6.07,5.93,6.03,1100067.0
2012-11-07,4833327.0,6.08,6.12,6.06,6.11,794481.0
2012-11-06,6759781.0,6.13,6.15,6.00,6.15,1114059.0
2012-11-05,5909283.0,6.16,6.18,6.12,6.14,960382.0
2012-11-02,7675543.0,6.15,6.17,6.10,6.15,1252691.0
2012-11-01,9828737.0,6.13,6.15,6.02,6.02,1610984.0
2012-10-31,5086978.0,6.05,6.11,6.01,6.07,842236.0
2012-10-30,5723377.0,6.07,6.09,6.01,6.03,947722.0
2012-10-29,10930221.0,6.04,6.10,5.99,6.08,1812852.0
2012-10-26,10665145.0,6.16,6.33,6.09,6.33,1732113.0
2012-10-25,9572349.0,6.28,6.45,6.28,6.40,1504276.0
2012-10-24,6693695.0,6.36,6.45,6.33,6.33,1048190.0
2012-10-23,7248779.0,6.40,6.48,6.37,6.48,1130850.0
2012-10-22,10585731.0,6.47,6.49,6.31,6.38,1651869.0
2012-10-19,7109239.0,6.39,6.51,6.38,6.50,1105616.0
2012-10-18,10642725.0,6.47,6.48,6.34,6.40,1654715.0
2012-10-17,8432691.0,6.38,6.42,6.30,6.37,1324101.0
2012-10-16,9550656.0,6.36,6.42,6.28,6.32,1499650.0
2012-10-15,6300285.0,6.32,6.39,6.26,6.39,996449.0
2012-10-12,11618419.0,6.39,6.52,6.33,6.36,1815512.0
2012-10-11,9997356.0,6.36,6.45,6.31,6.40,1568921.0
2012-10-10,12105539.0,6.42,6.47,6.30,6.32,1888522.0
2012-10-09,11512908.0,6.32,6.35,6.18,6.21,1824493.0
2012-10-08,4060085.0,6.21,6.26,6.17,6.26,654807.0
2012-09-28,8246247.0,6.25,6.28,6.13,6.17,1326967.0
2012-09-27,7619124.0,6.18,6.23,6.01,6.01,1239087.0
2012-09-26,5685776.0,6.09,6.16,6.00,6.11,940254.0
2012-09-25,5374923.0,6.12,6.19,6.07,6.19,878611.0
2012-09-24,5321132.0,6.17,6.30,5.98,6.03,868434.0
2012-09-21,7444231.0,6.06,6.15,6.01,6.14,1223329.0
2012-09-20,9995224.0,6.12,6.30,6.04,6.29,1620039.0
2012-09-19,4402328.0,6.26,6.28,6.16,6.21,705406.0
2012-09-18,6491968.0,6.22,6.28,6.18,6.22,1043191.0
2012-09-17,11731446.0,6.26,6.56,6.25,6.56,1835891.0
2012-09-14,10135292.0,6.57,6.61,6.51,6.58,1546650.0
2012-09-13,11482873.0,6.51,6.68,6.50,6.68,1737027.0
2012-09-12,12796642.0,6.68,6.71,6.60,6.67,1922323.0
2012-09-11,14054073.0,6.67,6.70,6.57,6.58,2114024.0
2012-09-10,19732724.0,6.65,6.82,6.56,6.82,2954538.0
2012-09-07,22349136.0,6.69,6.80,6.38,6.42,3391956.0
2012-09-06,7961640.0,6.37,6.38,6.26,6.30,1255520.0
2012-09-05,5053345.0,6.26,6.30,6.12,6.12,811639.0
2012-09-04,6621370.0,6.16,6.38,6.14,6.38,1059330.0
2012-09-03,7375292.0,6.33,6.38,6.20,6.28,1169790.0
2012-08-31,9270368.0,6.28,6.34,6.09,6.13,1480018.0
2012-08-30,10212461.0,6.11,6.28,6.00,6.18,1663958.0
2012-08-29,6944603.0,6.22,6.28,6.13,6.19,1116548.0
2012-08-28,9707040.0,6.20,6.25,6.08,6.08,1577129.0
2012-08-27,15160381.0,6.21,6.53,6.21,6.52,2400699.0
2012-08-24,12817038.0,6.55,6.68,6.50,6.56,1944531.0
2012-08-23,18909200.0,6.58,6.68,6.43,6.60,2890553.0
2012-08-22,19028970.0,6.62,6.88,6.55,6.82,2847957.0
2012-08-21,18537570.0,6.82,6.92,6.74,6.80,2710739.0
2012-08-20,19175154.0,6.83,6.86,6.60,6.82,2850952.0
2012-08-17,47372628.0,6.89,6.96,6.75,6.83,6903315.0
2012-08-16,73414600.0,7.12,7.16,6.46,6.51,10613781.0
2012-08-15,31952006.0,6.51,6.64,6.48,6.60,4883142.0
2012-08-14,55048888.0,6.79,6.96,6.28,6.29,8055337.0
2012-08-13,8885427.0,6.33,6.51,6.31,6.51,1386021.0
2012-08-10,9238233.0,6.47,6.55,6.37,6.49,1427220.0
2012-08-09,12975337.0,6.46,6.49,6.28,6.32,2022963.0
2012-08-08,9587292.0,6.29,6.39,6.27,6.28,1515231.0
2012-08-07,10435436.0,6.33,6.35,6.15,6.24,1656392.0
2012-08-06,11374662.0,6.23,6.23,6.04,6.05,1844521.0
2012-08-03,7271781.0,6.03,6.04,5.91,5.95,1212402.0
2012-08-02,6398673.0,5.92,6.05,5.89,6.00,1072751.0
2012-08-01,5615342.0,6.00,6.08,5.90,5.90,934793.0
2012-07-31,7141149.0,5.89,6.03,5.86,6.02,1202852.0
2012-07-30,13989660.0,6.02,6.50,6.01,6.45,2260315.0
2012-07-27,4769997.0,6.49,6.65,6.45,6.55,730429.0
2012-07-26,5721892.0,6.55,6.75,6.41,6.66,861270.0
2012-07-25,5988133.0,6.68,6.79,6.66,6.68,890589.0
2012-07-24,4795126.0,6.66,6.70,6.57,6.57,721477.0
2012-07-23,5054639.0,6.62,6.68,6.58,6.68,763740.0
2012-07-20,5704965.0,6.70,6.78,6.67,6.74,849543.0
2012-07-19,6711091.0,6.72,6.81,6.66,6.68,995930.0
2012-07-18,6838191.0,6.66,6.67,6.56,6.62,1034267.0
2012-07-17,9372541.0,6.63,6.71,6.40,6.42,1421758.0
2012-07-16,10905473.0,6.50,6.80,6.48,6.74,1643020.0
2012-07-13,10260734.0,6.75,6.82,6.50,6.74,1519412.0
2012-07-12,14456761.0,6.80,6.86,6.61,6.70,2129805.0
2012-07-11,6685565.0,6.72,6.72,6.59,6.65,1003330.0
2012-07-10,13065939.0,6.65,6.86,6.55,6.85,1948602.0
2012-07-09,13926275.0,6.86,7.39,6.80,7.04,1994074.0
2012-07-06,16692999.0,7.06,7.08,6.68,6.91,2428355.0
2012-07-05,10085709.0,6.89,7.12,6.87,7.09,1454302.0
2012-07-04,8884167.0,7.10,7.25,7.09,7.24,1242426.0
2012-07-03,9276345.0,7.24,7.34,7.15,7.20,1281241.0
2012-07-02,12774040.0,7.21,7.28,7.17,7.24,1771553.0
2012-06-29,9992443.0,7.20,7.20,6.93,6.98,1416531.0
2012-06-28,11286098.0,6.98,7.25,6.98,7.16,1588346.0
2012-06-27,10470026.0,7.08,7.26,7.05,7.23,1462968.0
2012-06-26,8760025.0,7.20,7.24,7.06,7.18,1222352.0
2012-06-25,13208981.0,7.18,7.49,7.16,7.49,1801968.0
2012-06-21,16754659.0,7.49,7.75,7.41,7.75,2224399.0
2012-06-20,16301026.0,7.75,7.94,7.73,7.90,2093205.0
2012-06-19,30286216.0,7.93,8.02,7.78,7.86,3824626.0
2012-06-18,19055808.0,7.85,7.87,7.70,7.73,2436967.0
2012-06-15,14893948.0,7.71,7.80,7.58,7.60,1936312.0
2012-06-14,9679270.0,7.58,7.72,7.58,7.71,1266361.0
2012-06-13,14875312.0,7.71,7.73,7.55,7.59,1943832.0
2012-06-12,6292096.0,7.58,7.64,7.53,7.54,830038.0
2012-06-11,12011276.0,7.62,7.66,7.33,7.44,1589914.0
2012-06-08,9499365.0,7.44,7.61,7.43,7.51,1265712.0
2012-06-07,11559301.0,7.50,7.68,7.50,7.58,1526639.0
2012-06-06,12761545.0,7.55,7.68,7.48,7.68,1687522.0
2012-06-05,13994583.0,7.57,7.65,7.50,7.53,1845932.0
2012-06-04,24043716.0,7.55,7.86,7.55,7.80,3126861.0
2012-06-01,12424697.0,8.00,8.09,7.94,8.01,1554535.0
2012-05-31,26652772.0,8.02,8.23,7.90,7.97,3300851.0
2012-05-30,22030760.0,7.97,8.04,7.88,7.96,2764230.0
2012-05-29,22583262.0,7.94,8.03,7.75,7.78,2841804.0
2012-05-28,20903280.0,7.82,7.84,7.50,7.68,2731984.0
2012-05-25,24531038.0,7.79,8.08,7.76,7.98,3105579.0
2012-05-24,26957330.0,8.03,8.23,7.94,7.98,3334704.0
2012-05-23,19036208.0,7.93,8.04,7.84,8.04,2396004.0
2012-05-22,26292752.0,8.06,8.13,7.88,7.88,3268951.0
2012-05-21,16434656.0,7.87,7.94,7.75,7.82,2097075.0
2012-05-18,27530104.0,7.82,8.07,7.80,8.03,3476218.0
2012-05-17,30382664.0,8.08,8.15,7.94,8.02,3762284.0
2012-05-16,30644628.0,8.06,8.29,8.03,8.05,3766038.0
2012-05-15,46970796.0,8.13,8.27,7.93,8.23,5821739.0
2012-05-14,92219424.0,8.34,8.68,8.23,8.32,10836466.0
2012-05-11,71329584.0,8.32,8.55,8.03,8.03,8647431.0
2012-05-09,40223956.0,8.03,8.17,7.98,8.17,4987105.0
2012-05-08,52354816.0,8.23,8.45,8.12,8.30,6342221.0
2012-05-07,71211960.0,8.32,8.54,8.23,8.28,8519214.0
2012-05-04,102797256.0,8.43,8.69,8.41,8.61,12050199.0
2012-05-03,240369296.0,8.79,8.98,8.41,8.98,27479980.0
2012-05-02,34352172.0,8.51,8.51,8.51,8.51,4036683.0
2012-04-27,42184980.0,7.74,7.79,7.34,7.59,5564032.0
2012-04-26,23334324.0,7.59,7.77,7.53,7.63,3052744.0
2012-04-25,34214988.0,7.63,7.75,7.36,7.41,4507652.0
2012-04-24,38276968.0,7.46,7.83,7.20,7.65,5104775.0
2012-04-23,37669744.0,7.73,7.86,7.66,7.86,4857760.0
2012-04-20,46862924.0,7.92,8.06,7.78,7.89,5926289.0
2012-04-19,65850552.0,7.88,8.13,7.85,7.92,8269143.0
2012-04-18,152838944.0,8.15,8.38,7.80,8.35,18904378.0
2012-04-17,116380736.0,8.07,8.07,7.45,7.45,14471958.0
2012-04-16,24473876.0,7.34,7.67,7.06,7.38,3279474.0
2012-04-13,20416864.0,7.45,7.70,7.35,7.60,2721178.0
2012-04-12,16066432.0,7.44,7.46,7.20,7.20,2180319.0
2012-04-11,9954554.0,7.26,7.31,7.10,7.15,1376985.0
2012-04-10,10414364.0,7.23,7.24,6.96,7.17,1470608.0
2012-04-09,9514657.0,7.15,7.24,7.03,7.16,1324845.0
2012-04-06,12982730.0,7.18,7.22,7.01,7.07,1818197.0
2012-04-05,11812435.0,7.07,7.10,6.85,6.85,1689412.0
2012-03-30,8258716.0,6.81,6.93,6.76,6.83,1207482.0
2012-03-29,12747595.0,6.83,7.10,6.82,7.07,1834557.0
2012-03-28,14541174.0,7.07,7.53,7.03,7.49,2014924.0
2012-03-27,7137150.0,7.49,7.56,7.47,7.54,949211.0
2012-03-26,9321697.0,7.48,7.58,7.44,7.53,1245849.0
2012-03-23,24660306.0,7.53,7.74,7.45,7.74,3260965.0
2012-03-22,10751739.0,7.79,7.80,7.69,7.74,1388254.0
2012-03-21,18340282.0,7.74,7.88,7.64,7.80,2367230.0
2012-03-20,20728158.0,7.78,8.07,7.77,8.05,2627110.0
2012-03-19,25768138.0,8.05,8.05,7.82,7.84,3244928.0
2012-03-16,19166756.0,7.84,7.88,7.65,7.78,2459300.0
2012-03-15,24502284.0,7.69,7.94,7.61,7.83,3161843.0
2012-03-14,55496104.0,7.84,8.47,7.70,8.32,6796104.0
2012-03-13,28694898.0,8.31,8.35,8.18,8.33,3475229.0
2012-03-12,45189228.0,8.32,8.38,8.12,8.13,5451279.0
2012-03-09,22476614.0,8.14,8.21,8.05,8.08,2769246.0
2012-03-08,29763118.0,8.06,8.15,7.99,8.07,3688676.0
2012-03-07,57337040.0,8.01,8.34,8.00,8.12,6999790.0
2012-03-06,51867700.0,8.22,8.22,7.88,8.02,6445174.0
2012-03-05,38681160.0,8.06,8.14,7.96,7.96,4812737.0
2012-03-02,27184698.0,7.97,7.98,7.82,7.85,3439061.0
2012-03-01,19696734.0,7.83,7.88,7.68,7.72,2519853.0
2012-02-29,20458508.0,7.71,7.96,7.69,7.80,2621471.0
2012-02-28,29215888.0,7.84,7.99,7.73,7.95,3719477.0
2012-02-27,53418072.0,7.98,8.25,7.91,7.95,6629447.0
2012-02-24,34250204.0,7.97,7.98,7.76,7.88,4344153.0
2012-02-23,30652486.0,7.88,8.04,7.81,7.89,3872949.0
2012-02-22,39435368.0,7.88,7.92,7.74,7.78,5024225.0
2012-02-21,27043400.0,7.78,7.80,7.61,7.64,3509736.0
2012-02-20,29989892.0,7.69,7.88,7.64,7.88,3859866.0
2012-02-17,29748840.0,7.73,7.83,7.59,7.73,3869239.0
2012-02-16,39487320.0,7.80,7.93,7.66,7.88,5074199.0
2012-02-15,43987712.0,7.90,7.92,7.70,7.77,5624830.0
2012-02-14,52599124.0,7.85,7.95,7.70,7.91,6740388.0
2012-02-13,96115848.0,7.97,8.15,7.42,7.50,12133915.0
2012-02-10,66886232.0,7.59,7.67,7.21,7.24,8950283.0
2012-02-09,44231128.0,7.27,7.50,7.14,7.15,6053932.0
2012-02-08,19045272.0,7.13,7.16,6.88,6.95,2694093.0
2012-02-07,17088466.0,6.95,7.17,6.85,7.08,2454107.0
2012-02-06,20118392.0,7.17,7.28,7.06,7.12,2815821.0
2012-02-03,29627120.0,7.17,7.35,6.90,6.98,4131742.0
2012-02-02,21086082.0,6.98,6.99,6.74,6.76,3061384.0
2012-02-01,14122326.0,6.75,6.87,6.64,6.65,2081690.0
2012-01-31,6581023.0,6.70,6.78,6.66,6.71,981232.0
2012-01-30,13297409.0,6.72,6.84,6.67,6.77,1965787.0
2012-01-20,14222645.0,6.75,6.75,6.60,6.67,2129044.0
2012-01-19,19303110.0,6.64,6.71,6.40,6.60,2926537.0
2012-01-18,15776347.0,6.66,7.00,6.60,6.91,2310023.0
2012-01-17,16932450.0,6.87,6.90,6.49,6.50,2514054.0
2012-01-16,10100277.0,6.50,6.84,6.50,6.65,1529503.0
2012-01-13,12689816.0,6.73,7.05,6.72,7.05,1856232.0
2012-01-12,16831738.0,7.05,7.07,6.91,6.92,2398991.0
2012-01-11,16490496.0,6.97,7.04,6.90,6.98,2368211.0
2012-01-10,25547510.0,7.01,7.04,6.68,6.78,3715749.0
2012-01-09,14648941.0,6.79,6.95,6.33,6.35,2231938.0
2012-01-06,7254722.0,6.35,6.39,6.16,6.24,1159089.0
2012-01-05,9002597.0,6.29,6.65,6.27,6.59,1392764.0
2012-01-04,8069189.0,6.60,6.95,6.59,6.91,1188575.0
2011-12-30,7747286.0,6.83,6.89,6.76,6.76,1134676.0
2011-12-29,7046258.0,6.72,6.83,6.64,6.68,1043250.0
2011-12-28,10522466.0,6.68,6.79,6.54,6.79,1587666.0
2011-12-27,8841493.0,6.82,7.12,6.80,7.02,1270829.0
2011-12-26,5753864.0,7.06,7.16,7.02,7.08,811217.0
2011-12-23,9511520.0,7.07,7.16,6.93,7.05,1345010.0
2011-12-22,14491600.0,7.01,7.27,6.86,7.07,2063347.0
2011-12-21,17100926.0,7.18,7.39,7.14,7.35,2345966.0
2011-12-20,20878928.0,7.33,7.42,7.12,7.15,2870156.0
2011-12-19,13515149.0,7.18,7.24,7.02,7.20,1899404.0
2011-12-16,14180131.0,7.28,7.28,7.04,7.05,1985053.0
2011-12-15,12806340.0,7.08,7.26,7.03,7.26,1796175.0
2011-12-14,9643411.0,7.31,7.50,7.28,7.47,1301963.0
2011-12-13,19219676.0,7.50,7.85,7.37,7.83,2555157.0
2011-12-12,15028729.0,7.89,8.18,7.89,8.15,1875650.0
2011-12-09,8319466.0,8.15,8.27,8.13,8.20,1017959.0
2011-12-08,15088706.0,8.27,8.43,8.13,8.39,1820402.0
2011-12-07,9635922.0,8.39,8.48,8.30,8.37,1146910.0
2011-12-06,18080606.0,8.44,8.55,8.22,8.55,2155232.0
2011-12-05,20568494.0,8.55,9.05,8.53,8.75,2350990.0
2011-12-02,31468200.0,8.83,9.22,8.74,8.96,3505769.0
2011-12-01,39177832.0,9.05,9.12,8.71,8.86,4390761.0
2011-11-30,31095518.0,8.59,9.14,8.36,9.14,3561542.0
2011-11-29,14236182.0,9.14,9.17,8.96,8.96,1563589.0
2011-11-28,8725773.0,8.94,9.00,8.89,8.90,975889.0
2011-11-25,17560894.0,8.90,9.18,8.90,9.18,1944020.0
2011-11-24,29965956.0,9.18,9.25,9.07,9.16,3274987.0
2011-11-23,21411032.0,9.24,9.32,9.05,9.12,2331793.0
2011-11-22,19975962.0,9.27,9.27,8.94,8.95,2197246.0
2011-11-21,14663180.0,9.04,9.10,8.93,9.07,1630022.0
2011-11-18,33376586.0,9.07,9.55,9.03,9.55,3614568.0
2011-11-17,37353604.0,9.59,9.84,9.58,9.65,3858588.0
2011-11-16,39551324.0,9.78,9.84,9.55,9.84,4092101.0
2011-11-15,41184936.0,9.85,9.86,9.63,9.70,4218683.0
2011-11-14,29766104.0,9.70,9.77,9.55,9.65,3079028.0
2011-11-11,24416182.0,9.51,9.66,9.48,9.55,2552680.0
2011-11-09,24969442.0,9.65,9.65,9.38,9.46,2625434.0
2011-11-08,26893942.0,9.46,9.63,9.39,9.56,2834480.0
2011-11-07,23021518.0,9.55,9.72,9.51,9.56,2393440.0
2011-11-04,32647174.0,9.56,9.67,9.47,9.60,3412699.0
2011-11-03,57524304.0,9.55,9.88,9.48,9.55,5950530.0
2011-11-02,38277612.0,9.52,9.53,9.11,9.20,4104205.0
2011-11-01,24616424.0,9.32,9.45,9.22,9.33,2638655.0
2011-10-31,19678344.0,9.33,9.37,9.23,9.33,2117805.0
2011-10-28,34346196.0,9.33,9.41,9.17,9.25,3703766.0
2011-10-27,20742604.0,9.14,9.33,9.11,9.16,2254550.0
2011-10-26,22206960.0,9.13,9.25,9.01,9.01,2428478.0
2011-10-25,24793094.0,9.13,9.14,8.81,8.85,2752659.0
2011-10-24,21729494.0,8.88,9.00,8.65,8.80,2455203.0
2011-10-21,9186577.0,8.80,8.90,8.77,8.78,1041212.0
2011-10-20,16836576.0,8.81,9.16,8.75,9.16,1893012.0
2011-10-19,12746357.0,9.14,9.29,9.07,9.21,1391626.0
2011-10-18,16476300.0,9.17,9.52,9.17,9.52,1761994.0
2011-10-17,21199102.0,9.55,9.72,9.52,9.65,2207032.0
2011-10-14,20894276.0,9.68,9.70,9.41,9.50,2188644.0
2011-10-13,18148302.0,9.48,9.57,9.40,9.40,1913652.0
2011-10-12,20048148.0,9.41,9.42,9.02,9.10,2147490.0
2011-10-11,12031634.0,9.11,9.50,9.01,9.49,1297575.0
2011-10-10,9629731.0,9.15,9.34,9.10,9.25,1048501.0
2011-09-30,22468252.0,9.25,9.59,9.14,9.49,2434023.0
2011-09-29,18491156.0,9.45,9.86,9.41,9.86,1935755.0
2011-09-28,14983175.0,9.85,10.11,9.79,10.03,1505181.0
2011-09-27,12612804.0,10.00,10.08,9.90,10.00,1263539.0
2011-09-26,18989452.0,9.92,10.15,9.92,9.95,1892241.0
2011-09-23,18933604.0,10.00,10.03,9.86,9.97,1903662.0
2011-09-22,23851178.0,10.04,10.29,10.02,10.26,2346769.0
2011-09-21,27462988.0,10.34,10.39,10.00,10.04,2680946.0
2011-09-20,24934960.0,10.04,10.17,9.91,10.16,2487259.0
2011-09-19,19319514.0,10.13,10.29,10.12,10.21,1895138.0
2011-09-16,13819977.0,10.21,10.37,10.21,10.27,1342229.0
2011-09-15,17952110.0,10.21,10.36,10.20,10.25,1746546.0
2011-09-14,19153044.0,10.26,10.26,9.99,10.11,1890479.0
2011-09-13,21077246.0,10.10,10.18,9.99,10.10,2091111.0
2011-09-09,13301811.0,10.28,10.44,10.20,10.30,1289748.0
2011-09-08,26187150.0,10.31,10.55,10.27,10.50,2518948.0
2011-09-07,22542476.0,10.42,10.45,10.18,10.20,2180870.0
2011-09-06,23333776.0,10.13,10.18,10.08,10.10,2307264.0
2011-09-05,25513658.0,10.14,10.34,10.11,10.15,2500287.0
2011-09-02,28033076.0,10.44,10.74,10.35,10.70,2671920.0
2011-09-01,21636114.0,10.69,10.83,10.60,10.67,2020439.0
2011-08-31,30104608.0,10.67,10.78,10.55,10.66,2825964.0
2011-08-30,42179480.0,10.70,11.04,10.66,10.83,3879341.0
2011-08-29,41751376.0,10.78,11.07,10.72,11.07,3842421.0
2011-08-26,49713424.0,11.08,11.15,10.91,10.97,4497960.0
2011-08-25,49261800.0,10.97,11.06,10.69,10.74,4527144.0
2011-08-24,57950552.0,10.71,11.09,10.67,11.06,5328145.0
2011-08-23,57422200.0,10.93,10.98,10.65,10.95,5309383.0
2011-08-22,32527372.0,11.05,11.13,10.90,10.95,2952105.0
2011-08-19,44459688.0,10.96,10.99,10.79,10.86,4080715.0
2011-08-18,77129296.0,11.20,11.72,11.19,11.50,6759314.0
2011-08-17,124584648.0,11.62,11.99,11.44,11.53,10706864.0
2011-08-16,144996720.0,11.66,11.76,11.10,11.19,12580842.0
2011-08-15,53931924.0,11.20,11.24,10.90,11.10,4850189.0
2011-08-12,51102896.0,11.02,11.15,10.94,11.04,4624521.0
2011-08-11,60137720.0,10.97,10.98,10.30,10.39,5585658.0
2011-08-10,62736216.0,10.67,10.96,10.64,10.81,5806584.0
2011-08-09,64027552.0,10.65,10.76,10.06,10.20,6174555.0
2011-08-08,81572576.0,10.57,11.25,10.35,11.21,7546158.0
2011-08-05,81391200.0,11.37,11.64,11.30,11.50,7094380.0
2011-08-04,44579016.0,11.91,12.08,11.81,11.90,3733503.0
2011-08-03,77164776.0,11.90,11.95,11.52,11.84,6549619.0
2011-08-02,94189720.0,12.00,12.32,11.80,12.25,7849744.0
2011-08-01,97101896.0,12.37,12.67,12.30,12.45,7800426.0
2011-07-29,136375424.0,12.38,12.78,12.38,12.68,10856720.0
2011-07-28,164082064.0,12.59,12.75,12.37,12.42,13060922.0
2011-07-27,210563024.0,12.59,12.70,12.06,12.15,16926320.0
2011-07-26,133811416.0,12.30,12.36,11.76,11.96,11095788.0
2011-07-25,96677208.0,11.96,12.25,11.68,12.00,8087214.0
2011-07-22,56113724.0,12.00,12.05,11.70,11.86,4724573.0
2011-07-21,51862544.0,11.76,12.07,11.75,12.01,4364676.0
2011-07-20,58842468.0,12.07,12.13,11.83,12.06,4895022.0
2011-07-19,69788304.0,12.01,12.17,11.93,12.17,5814629.0
2011-07-18,133663808.0,12.18,12.68,12.13,12.40,10796769.0
2011-07-15,133530016.0,12.52,12.59,12.20,12.35,10769977.0
2011-07-14,126434280.0,12.38,12.43,12.15,12.26,10281959.0
2011-07-13,118023656.0,12.27,12.36,11.67,11.73,9767230.0
2011-07-12,63062260.0,11.74,11.99,11.69,11.90,5327551.0
2011-07-11,85747792.0,12.02,12.07,11.57,11.68,7215765.0
2011-07-08,72112440.0,11.73,11.98,11.62,11.85,6130595.0
2011-07-07,92181416.0,11.86,12.15,11.85,12.12,7719071.0
2011-07-06,98934976.0,12.10,12.20,11.92,11.97,8205086.0
2011-07-05,94217872.0,12.01,12.10,11.89,12.04,7861297.0
2011-07-04,166949296.0,12.12,12.16,11.75,11.90,13924314.0
2011-07-01,214326656.0,12.04,12.18,11.26,11.37,18035854.0
2011-06-30,169020784.0,11.47,11.95,11.35,11.35,14543864.0
2011-06-29,52401256.0,10.86,11.18,10.85,11.18,4776643.0
2011-06-28,60630284.0,11.14,11.29,11.00,11.11,5440336.0
2011-06-27,63681048.0,11.06,11.18,10.93,11.10,5771369.0
2011-06-24,82417704.0,11.04,11.07,10.57,10.60,7549481.0
2011-06-23,47794756.0,10.67,10.73,10.34,10.51,4535290.0
2011-06-22,39270308.0,10.54,10.69,10.38,10.38,3722320.0
2011-06-21,21262546.0,10.38,10.38,10.19,10.19,2066272.0
2011-06-20,29839054.0,10.19,10.65,10.12,10.48,2890120.0
2011-06-17,39455744.0,10.55,10.84,10.50,10.70,3704941.0
2011-06-16,66724016.0,10.79,11.06,10.63,11.00,6163165.0
2011-06-15,52065160.0,11.16,11.38,11.12,11.28,4620062.0
2011-06-14,61803280.0,11.29,11.32,11.03,11.05,5497815.0
2011-06-13,38756764.0,11.02,11.10,10.83,11.00,3533364.0
2011-06-10,63438404.0,11.10,11.23,10.78,10.99,5770977.0
2011-06-09,83769232.0,11.07,11.49,11.03,11.26,7441864.0
2011-06-08,64569780.0,11.35,11.37,10.89,11.20,5825047.0
2011-06-07,61556072.0,11.24,11.45,10.98,11.01,5457408.0
2011-06-03,54630920.0,11.08,11.15,10.81,10.84,4942818.0
2011-06-02,58337572.0,10.85,10.95,10.62,10.92,5412506.0
2011-06-01,50544616.0,11.10,11.17,10.95,11.10,4564651.0
2011-05-31,62421852.0,11.11,11.12,10.64,10.70,5728106.0
2011-05-30,59547436.0,10.65,11.10,10.51,10.80,5504724.0
2011-05-27,104522992.0,11.00,11.94,11.00,11.82,9233301.0
2011-05-26,73349544.0,11.88,12.17,11.82,11.95,6116635.0
2011-05-25,78611904.0,11.85,12.38,11.75,12.21,6498846.0
2011-05-24,85844416.0,12.25,12.25,11.81,11.89,7105717.0
2011-05-23,116270576.0,12.02,12.48,11.90,12.48,9566167.0
2011-05-20,97165392.0,12.58,12.94,12.51,12.81,7667574.0
2011-05-19,97178568.0,12.84,13.11,12.77,12.80,7528653.0
2011-05-18,102576176.0,12.78,12.98,12.55,12.62,8009301.0
2011-05-17,217693008.0,12.67,13.28,12.64,13.22,16919992.0
2011-05-16,212460656.0,13.38,14.07,13.38,13.72,15524887.0
2011-05-13,202857008.0,13.71,13.84,13.34,13.51,14915780.0
2011-05-12,256825392.0,13.56,13.90,13.48,13.67,18777004.0
2011-05-11,443901280.0,13.95,14.28,13.41,13.68,31800932.0
2011-05-10,362997248.0,13.75,13.86,13.36,13.44,26577920.0
2011-05-09,574134720.0,13.63,14.03,12.81,12.81,41681864.0
2011-05-05,229606464.0,12.75,13.18,12.60,12.96,17895108.0
2011-05-04,316810368.0,13.21,13.69,12.92,13.34,23734676.0
2011-05-03,383276096.0,13.48,13.59,12.56,12.69,28949266.0
2011-04-29,387061152.0,12.85,13.10,12.24,12.59,30263580.0
2011-04-28,205691408.0,12.34,12.83,12.12,12.60,16475284.0
2011-04-27,239203280.0,12.65,12.88,11.95,12.11,19088460.0
2011-04-26,108154544.0,12.02,12.59,11.84,12.51,8908130.0
2011-04-25,172079040.0,12.55,12.84,12.06,12.10,13685283.0
2011-04-22,80234152.0,12.12,12.54,12.10,12.40,6540372.0
2011-04-21,147600224.0,12.41,12.87,12.36,12.55,11727717.0
2011-04-20,147197200.0,12.53,12.58,11.96,12.19,12014882.0
2011-04-19,132931720.0,12.20,12.35,11.83,11.96,10942750.0
2011-04-18,102382544.0,11.99,12.36,11.71,11.73,8477275.0
2011-04-15,47030284.0,11.75,11.79,11.46,11.53,4040686.0
2011-04-14,47766220.0,11.54,11.68,11.52,11.58,4121299.0
2011-04-13,62243004.0,11.52,11.55,11.03,11.35,5502426.0
2011-04-12,112415896.0,11.37,11.96,11.29,11.75,9697128.0
2011-04-11,64829744.0,11.81,12.15,11.80,12.02,5420616.0
2011-04-08,64014164.0,12.02,12.16,11.91,11.99,5327113.0
2011-04-07,61251376.0,12.02,12.15,11.80,11.92,5113649.0
2011-04-06,62838424.0,11.94,12.03,11.66,11.75,5287661.0
2011-04-01,50363300.0,11.76,11.79,11.51,11.68,4313038.0
2011-03-31,110552696.0,11.65,12.12,11.58,12.10,9354757.0
2011-03-30,140734816.0,12.20,12.90,12.16,12.40,11267882.0
2011-03-29,173438400.0,12.40,12.80,12.25,12.65,13848108.0
2011-03-28,319246720.0,12.75,13.19,12.06,12.20,25231448.0
2011-03-25,299226272.0,12.24,12.80,12.05,12.30,24052100.0
2011-03-24,56261488.0,11.64,11.67,11.34,11.53,4880431.0
2011-03-23,38385644.0,11.59,11.62,11.42,11.42,3332164.0
2011-03-22,43831992.0,11.45,11.69,11.38,11.69,3823794.0
2011-03-21,92505688.0,11.41,11.75,11.30,11.75,8065425.0
2011-03-18,128876696.0,11.84,12.18,11.72,11.98,10856742.0
2011-03-17,285543136.0,12.21,12.54,11.30,11.39,23587916.0
2011-03-16,49296452.0,11.40,11.44,11.25,11.26,4342997.0
2011-03-15,65451100.0,11.40,11.69,11.01,11.53,5787252.0
2011-03-14,79873960.0,11.52,11.70,11.17,11.22,6953591.0
2011-03-10,45976440.0,11.27,11.47,11.20,11.33,4056650.0
2011-03-09,52226104.0,11.34,11.51,11.30,11.50,4589001.0
2011-03-08,66973300.0,11.51,11.52,11.30,11.46,5873870.0
2011-03-07,108155192.0,11.45,11.74,11.37,11.68,9383969.0
2011-03-04,74482224.0,11.68,11.92,11.61,11.74,6334425.0
2011-03-03,104760048.0,11.80,11.97,11.49,11.58,8945404.0
2011-03-02,143745232.0,11.63,11.90,11.20,11.23,12336443.0
2011-03-01,91364560.0,11.30,11.47,11.07,11.09,8104293.0
2011-02-28,46197016.0,11.08,11.09,10.83,10.97,4194146.0
2011-02-25,32282196.0,10.97,11.03,10.82,10.98,2954720.0
2011-02-24,43684372.0,10.98,10.99,10.70,10.80,4023230.0
2011-02-23,36556164.0,10.83,10.85,10.54,10.68,3400784.0
2011-02-22,55294112.0,10.65,11.14,10.65,11.00,5105695.0
2011-02-21,34960356.0,11.00,11.06,10.80,10.82,3194119.0
2011-02-18,35461956.0,10.88,10.92,10.70,10.84,3277913.0
2011-02-17,40005984.0,10.86,10.97,10.75,10.96,3696423.0
2011-02-16,55596860.0,10.91,10.92,10.53,10.53,5165503.0
2011-02-15,31048856.0,10.53,10.68,10.48,10.57,2932363.0
2011-02-14,35552208.0,10.57,10.75,10.38,10.38,3369051.0
2011-02-11,30208384.0,10.40,10.54,10.31,10.40,2903207.0
2011-02-10,47420072.0,10.45,10.49,10.03,10.16,4564552.0
2011-02-09,21086662.0,10.18,10.18,9.91,9.91,2093021.0
2011-02-01,15031236.0,10.00,10.06,9.90,9.99,1505422.0
2011-01-31,18428026.0,10.03,10.07,9.85,10.00,1841604.0
2011-01-28,17950436.0,10.01,10.02,9.81,9.93,1807752.0
2011-01-27,20167084.0,9.93,10.02,9.65,9.71,2044422.0
2011-01-26,14661318.0,9.74,9.80,9.56,9.56,1506790.0
2011-01-25,12913403.0,9.60,9.62,9.46,9.54,1350106.0
2011-01-24,18184826.0,9.59,9.72,9.49,9.65,1896400.0
2011-01-21,22278102.0,9.68,9.75,9.49,9.54,2314932.0
2011-01-20,32689894.0,9.55,10.07,9.53,10.06,3349341.0
2011-01-19,30325504.0,10.04,10.08,9.90,9.94,3029311.0
2011-01-18,18506996.0,9.90,9.99,9.83,9.90,1867251.0
2011-01-17,28335758.0,9.85,10.25,9.78,10.20,2842797.0
2011-01-14,30413632.0,10.29,10.54,10.25,10.50,2926221.0
2011-01-13,23951680.0,10.58,10.76,10.57,10.65,2253752.0
2011-01-12,26611862.0,10.61,10.64,10.46,10.56,2517630.0
2011-01-11,39685204.0,10.53,10.79,10.41,10.70,3760925.0
2011-01-10,48774540.0,10.81,11.35,10.80,11.34,4431505.0
2011-01-07,36749128.0,11.32,11.48,11.13,11.18,3248707.0
2011-01-06,38160956.0,11.21,11.45,11.18,11.39,3381557.0
2011-01-05,45795080.0,11.37,11.53,11.27,11.39,4007130.0
2011-01-04,47689540.0,11.39,11.56,11.30,11.55,4186605.0
