date,amount,close,high,low,open,volume
2015-11-27,2109578368.0,48.95,52.70,48.18,52.00,41525884.0
2015-11-26,3331793152.0,52.94,54.95,49.98,50.02,63064788.0
2015-11-25,1159905024.0,50.18,50.69,49.01,49.60,23162512.0
2015-11-24,1039074368.0,49.77,50.56,48.18,49.03,21063160.0
2015-11-23,1485808512.0,49.36,51.10,48.65,50.56,29903808.0
2015-11-20,2076428928.0,51.10,52.50,49.50,50.00,40394928.0
2015-11-19,1038657792.0,49.15,49.49,47.50,48.00,21353200.0
2015-11-18,1536334464.0,47.88,50.75,47.50,50.04,31225672.0
2015-11-17,1957922176.0,50.00,53.29,49.85,52.77,38051140.0
2015-11-16,1830537728.0,52.36,53.68,50.05,50.81,35308920.0
2015-11-13,2876492800.0,51.50,53.00,47.58,49.00,56543484.0
2015-11-12,1513342592.0,49.30,50.47,48.37,50.47,30804160.0
2015-11-11,1573698304.0,49.90,51.48,49.06,50.44,31395124.0
2015-11-10,2024899584.0,49.81,50.90,48.56,50.30,40614544.0
2015-11-09,2483095040.0,50.99,52.28,49.55,50.00,48496232.0
2015-11-06,2551361024.0,50.75,51.80,47.08,47.08,51847760.0
2015-11-05,2031772288.0,47.21,49.07,47.12,48.58,42349784.0
2015-11-04,2506529024.0,48.85,49.20,46.30,47.20,52371688.0
2015-11-03,2267475456.0,47.00,47.65,44.43,45.50,49063576.0
2015-11-02,2277533184.0,44.79,47.80,42.51,42.88,49970828.0
2015-10-30,2200877312.0,44.79,47.05,44.12,47.05,48121252.0
2015-10-29,1895522944.0,47.70,49.62,47.02,48.98,39518444.0
2015-10-28,2311359744.0,48.98,52.48,48.61,51.00,45905128.0
2015-10-27,3181707776.0,51.45,53.00,49.11,51.90,62062376.0
2015-10-26,5175275008.0,53.17,54.50,47.90,49.08,102709000.0
2015-10-23,8944825344.0,50.05,52.88,48.00,48.00,181730960.0
2015-10-22,19476116.0,53.33,53.33,53.33,53.33,365200.0
2015-10-21,12083114.0,59.26,59.26,59.26,59.26,203900.0
2015-10-20,12015800.0,65.84,65.84,65.84,65.84,182500.0
2015-05-29,3608338432.0,73.15,73.15,67.40,67.40,50732104.0
2015-05-28,2888479488.0,66.50,71.10,66.00,69.50,42219320.0
2015-05-27,3292662528.0,69.52,74.78,67.92,71.89,46411260.0
2015-05-26,2726962176.0,70.68,70.68,64.30,66.00,40095916.0
2015-05-25,3088156416.0,64.25,64.25,56.03,56.31,50794436.0
2015-05-22,2425561088.0,58.41,62.25,57.16,61.35,41013064.0
2015-05-21,2473624064.0,60.99,62.00,58.16,60.00,41386176.0
2015-05-20,3126996480.0,61.00,63.51,58.90,60.95,51262936.0
2015-05-19,2963244288.0,60.90,61.11,56.00,57.30,50059608.0
2015-05-18,1755352448.0,55.55,55.55,50.60,50.60,32274126.0
2015-05-15,2154625792.0,50.50,53.26,46.30,47.85,43589888.0
2015-05-14,2515287808.0,48.55,49.96,45.50,48.00,52437728.0
2015-05-13,2876882944.0,47.42,48.46,42.32,42.81,61416760.0
2015-05-12,2265423360.0,44.05,44.88,42.26,43.68,52118880.0
2015-05-11,2465125120.0,43.20,43.20,39.60,39.60,58125208.0
2015-05-08,1779133184.0,39.27,39.27,36.50,36.50,46878856.0
2015-05-07,1130068096.0,35.70,38.53,35.00,37.50,30874636.0
2015-05-06,1414097152.0,37.70,39.15,36.80,36.80,37199656.0
2015-05-05,1265185408.0,36.92,38.58,36.03,36.69,33748076.0
2015-05-04,946522944.0,36.76,37.50,36.00,37.04,25727152.0
2015-04-30,1365056384.0,37.60,39.10,37.00,38.83,36023524.0
2015-04-29,1679253120.0,38.57,39.30,37.35,37.97,43533860.0
2015-04-28,2466249472.0,37.22,38.68,35.41,35.41,66321720.0
2015-04-27,1779898752.0,35.33,35.90,32.90,32.90,51553740.0
2015-04-24,1200904960.0,32.73,33.10,31.81,32.48,36943672.0
2015-04-23,1087554432.0,33.28,33.87,32.59,33.53,32675248.0
2015-04-22,1191080832.0,33.30,34.50,32.98,33.01,35500772.0
2015-04-21,1172043008.0,32.18,32.32,30.01,30.02,37334052.0
2015-04-20,1418739712.0,30.01,31.89,29.90,31.89,46180592.0
2015-04-17,1000471296.0,32.09,33.50,31.95,33.48,30855116.0
2015-04-16,990785024.0,32.39,33.58,31.16,31.55,30445424.0
2015-04-15,1381192960.0,32.50,35.10,31.80,35.10,41290936.0
2015-04-14,1352878208.0,35.27,36.30,34.61,36.30,38281728.0
2015-04-13,1200848256.0,36.41,37.25,35.50,36.08,33035306.0
2015-04-10,1221806976.0,36.40,37.50,35.82,35.98,33114684.0
2015-04-09,1603337472.0,35.82,36.40,33.79,36.12,45625216.0
2015-04-08,1816099456.0,36.43,38.48,35.28,38.20,49685464.0
2015-04-07,1828635392.0,37.32,37.32,33.93,33.95,50771012.0
2015-04-03,1332420608.0,33.93,34.22,32.51,32.95,39498056.0
2015-04-02,1487422080.0,33.19,34.84,33.08,33.50,44018712.0
2015-04-01,1280563328.0,32.52,33.08,31.48,31.50,39429208.0
2015-03-31,1096510336.0,31.52,32.19,30.79,31.50,34870280.0
2015-03-30,1031688064.0,31.80,32.98,31.40,32.11,32218412.0
2015-03-27,1143405824.0,32.08,32.50,30.60,30.73,36130288.0
2015-03-26,1560084224.0,30.73,33.29,30.01,32.60,49435644.0
2015-03-25,1399202944.0,32.65,33.22,32.00,33.20,42755212.0
2015-03-24,2511130112.0,33.46,34.42,31.00,32.50,76008752.0
2015-03-23,2024892672.0,32.42,33.06,29.66,29.98,64921424.0
2015-03-20,2070038144.0,30.12,30.66,28.78,28.90,68718976.0
2015-03-19,1075917696.0,28.90,29.25,28.38,29.00,37510720.0
2015-03-18,1282478848.0,29.16,29.65,28.20,28.89,44357832.0
2015-03-17,1383052416.0,29.07,29.98,28.55,29.39,47364656.0
2015-03-16,1577328000.0,29.40,30.00,28.39,28.50,53568956.0
2015-03-13,1013252096.0,28.00,28.60,27.22,27.46,36129972.0
2015-03-12,1116788864.0,27.41,28.42,26.11,28.40,41124660.0
2015-03-11,1565603968.0,28.10,29.56,27.22,29.39,55174424.0
2015-03-10,1599331712.0,29.55,29.93,26.92,27.37,55435092.0
2015-03-09,1178667520.0,27.29,27.95,25.99,26.38,43531360.0
2015-03-06,1990408448.0,26.69,29.50,26.69,29.48,71433208.0
2015-03-05,1477738752.0,29.65,30.78,28.80,29.59,49849768.0
2015-03-04,1722052352.0,29.91,30.79,28.91,29.20,58007576.0
2015-03-03,1553051392.0,29.37,30.50,29.20,30.15,52117368.0
2015-03-02,2221031936.0,30.60,31.11,28.71,29.43,74493992.0
2015-02-27,1721206016.0,28.55,28.55,25.60,26.01,63293656.0
2015-02-26,1572406912.0,25.95,27.48,25.02,26.31,60057336.0
2015-02-25,1901491712.0,26.31,28.80,26.01,28.10,69244120.0
2015-02-17,1532147072.0,27.14,27.14,24.12,25.12,59488196.0
2015-02-16,1109371648.0,24.67,24.80,23.00,23.05,46273072.0
2015-02-13,1044382912.0,22.90,23.97,22.80,22.86,44763824.0
2015-02-12,721283776.0,22.74,23.20,22.47,22.90,31585700.0
2015-02-11,1367858432.0,22.90,23.68,21.86,22.03,59363920.0
2015-02-10,1037092864.0,21.99,22.10,19.82,20.19,49019868.0
2015-02-09,748921792.0,20.17,21.25,19.82,20.53,36603140.0
2015-02-06,1145874432.0,20.73,22.10,20.45,21.66,54457012.0
2015-02-05,1947790976.0,21.92,22.61,20.40,20.58,90178896.0
2015-02-04,1846042752.0,20.55,21.58,20.06,20.59,88899264.0
2015-02-03,707562688.0,19.81,19.81,18.11,18.11,36599824.0
2015-02-02,599019136.0,18.01,18.65,17.57,17.61,32935050.0
2015-01-30,861187648.0,18.08,19.33,18.08,19.18,46434592.0
2015-01-29,725079680.0,19.21,19.55,18.56,18.64,37936280.0
2015-01-28,1149518336.0,18.99,20.25,18.76,19.80,59515496.0
2015-01-27,1355565184.0,19.86,20.36,19.25,19.60,68309552.0
2015-01-26,1962902016.0,19.65,20.20,18.33,18.50,101150808.0
2015-01-23,1941187456.0,18.59,20.15,18.50,19.05,100964440.0
2015-01-22,2320106752.0,19.13,20.12,18.88,19.90,119333368.0
2015-01-21,1875690880.0,18.98,18.98,18.20,18.40,99700336.0
2015-01-20,802669312.0,17.25,17.25,15.75,15.93,47512896.0
2015-01-19,1409482752.0,15.68,16.66,15.08,15.20,88848072.0
2015-01-16,1802809088.0,15.85,16.39,14.72,14.90,113722160.0
2015-01-15,428983136.0,14.90,15.02,14.52,14.77,29025820.0
2015-01-14,711167552.0,14.69,15.70,14.64,15.55,46793668.0
2015-01-13,896156096.0,15.63,15.78,14.80,14.94,57938076.0
2015-01-12,544592512.0,14.96,15.25,14.40,14.40,36406080.0
2015-01-09,478752032.0,14.55,15.29,14.55,14.93,32230438.0
2015-01-08,684438912.0,15.00,15.56,14.90,15.04,44869048.0
2015-01-07,948631424.0,15.22,15.48,14.26,14.70,63381396.0
2015-01-06,560975488.0,14.64,15.10,14.49,14.60,38004688.0
2015-01-05,554204736.0,14.60,15.22,14.31,15.05,37591152.0
2014-12-31,642462848.0,14.86,15.20,14.37,14.54,42962932.0
2014-12-30,709508928.0,14.54,14.96,14.06,14.45,48791024.0
2014-12-29,715758016.0,14.59,14.69,13.41,13.64,50593976.0
2014-12-26,431806752.0,13.55,13.79,13.16,13.39,31990216.0
2014-12-25,278862176.0,13.48,13.64,13.34,13.42,20652512.0
2014-12-24,405398816.0,13.40,13.87,13.07,13.07,30108020.0
2014-12-23,484417632.0,12.98,13.87,12.88,13.61,36391204.0
2014-12-22,801805952.0,13.48,14.76,13.46,14.64,57735100.0
2014-12-19,916563072.0,14.95,15.60,14.82,15.60,60367772.0
2014-12-18,1544165632.0,15.52,16.00,14.50,14.60,100550008.0
2014-12-17,1356705280.0,14.75,14.97,13.28,13.65,95147648.0
2014-12-16,920011392.0,13.81,14.25,13.67,14.15,66264852.0
2014-12-15,1198586880.0,14.33,14.90,14.08,14.08,82572048.0
2014-12-12,1158035712.0,14.07,14.20,12.89,13.15,85358856.0
2014-12-11,434900256.0,12.92,12.99,12.25,12.37,34190488.0
2014-12-10,317091616.0,12.43,12.51,11.80,11.85,25940274.0
2014-12-09,589188672.0,11.98,13.11,11.92,12.98,46530280.0
2014-12-08,650283392.0,12.98,13.15,12.25,12.48,50519284.0
2014-12-05,525699296.0,12.44,13.00,12.30,12.95,41722464.0
2014-12-04,629629632.0,12.94,13.27,12.80,13.03,48302408.0
2014-12-03,659745152.0,13.07,13.08,12.34,12.70,52448164.0
2014-12-02,447003264.0,12.79,13.09,12.66,12.87,34712996.0
2014-12-01,484258048.0,12.87,13.49,12.82,13.40,36892524.0
2014-11-28,315746816.0,13.38,13.57,13.35,13.38,23516384.0
2014-11-27,388949824.0,13.38,13.57,13.31,13.38,28940356.0
2014-11-26,640946752.0,13.42,13.68,13.02,13.61,48042264.0
2014-11-25,398131648.0,13.81,13.94,13.41,13.50,28981172.0
2014-11-24,314800000.0,13.49,13.75,13.46,13.66,23202344.0
2014-11-21,261187920.0,13.46,13.67,13.30,13.49,19353830.0
2014-11-20,214323968.0,13.58,13.69,13.41,13.69,15821951.0
2014-11-19,329659488.0,13.72,13.88,13.40,13.63,24102208.0
2014-11-18,347850944.0,13.68,13.96,13.21,13.32,25448046.0
2014-11-17,322277504.0,13.36,13.65,12.91,13.16,24120044.0
2014-11-14,266385264.0,12.98,13.22,12.80,13.01,20428894.0
2014-11-13,466143808.0,13.09,13.81,13.04,13.77,35218424.0
2014-11-12,345133664.0,13.76,13.94,13.40,13.65,25214128.0
2014-11-11,807505408.0,13.72,15.23,13.59,15.16,56969364.0
2014-11-10,605532032.0,15.10,15.34,14.79,15.21,40238328.0
2014-11-07,766530240.0,15.22,15.27,14.40,14.58,51890644.0
2014-11-06,266003520.0,14.57,14.78,14.45,14.78,18256624.0
2014-11-05,453597440.0,14.69,14.81,14.17,14.44,31234654.0
2014-11-04,514953152.0,14.50,14.87,14.32,14.81,35376256.0
2014-11-03,622867904.0,14.77,15.07,14.52,14.80,42117984.0
2014-10-31,1050596032.0,14.89,15.98,14.75,15.90,69202464.0
2014-10-30,807428160.0,15.80,16.19,15.66,16.00,50921624.0
2014-10-29,1340665088.0,16.11,16.50,15.25,15.46,83559272.0
2014-10-28,1003343936.0,15.41,15.87,15.31,15.64,64411288.0
2014-10-27,753399168.0,15.53,15.53,14.80,15.07,49512916.0
2014-10-24,1045811520.0,15.14,15.50,14.60,14.70,68817600.0
2014-10-23,451220096.0,14.58,14.78,14.22,14.30,30933880.0
2014-10-22,424306432.0,14.47,14.78,14.20,14.43,29127520.0
2014-10-21,411546784.0,14.31,14.87,14.27,14.70,28286248.0
2014-10-20,578004096.0,14.79,14.88,14.11,14.30,39554704.0
2014-10-17,577235328.0,14.31,14.63,14.03,14.10,40403852.0
2014-10-16,838725824.0,14.10,14.87,14.08,14.71,57808072.0
2014-10-15,725482048.0,15.07,15.30,14.70,15.18,48160124.0
2014-10-14,714463616.0,15.12,15.33,14.61,14.85,47633036.0
2014-10-13,668248128.0,14.94,15.20,14.38,15.07,45240700.0
2014-10-10,884853184.0,15.37,15.75,15.06,15.70,57772976.0
2014-10-09,1373755264.0,15.79,16.38,15.30,16.20,87041872.0
2014-10-08,1173250688.0,15.99,15.99,14.41,14.50,76601320.0
2014-09-30,1320801792.0,14.54,14.84,13.46,13.57,93251792.0
2014-09-29,926651072.0,13.57,13.85,13.04,13.23,68554720.0
2014-09-26,633773056.0,13.17,13.48,12.97,13.15,48025852.0
2014-09-25,1160457984.0,13.35,13.97,13.01,13.02,86188480.0
2014-09-24,825205312.0,12.92,13.40,12.50,12.74,63552260.0
2014-09-23,553454336.0,12.79,12.86,12.44,12.48,43633096.0
2014-09-22,860891456.0,12.76,13.46,12.48,13.30,66983160.0
2014-09-19,1270586240.0,13.57,14.13,12.62,12.78,95185008.0
2014-09-18,740360384.0,12.88,13.06,12.40,12.75,58104552.0
2014-09-17,828836800.0,12.75,12.96,12.45,12.66,65325220.0
2014-09-16,2097732224.0,12.86,14.48,12.86,14.29,156880416.0
2014-09-15,1360268928.0,14.29,14.29,13.00,13.05,98762024.0
2014-09-12,997357632.0,12.99,13.17,12.72,12.98,76647920.0
2014-09-11,1502248320.0,12.99,13.79,12.66,13.51,114781392.0
2014-09-10,2053725824.0,13.35,13.97,13.09,13.58,152529312.0
2014-09-09,966160768.0,13.07,13.07,11.97,12.30,76461704.0
2014-09-05,1088810624.0,11.88,12.18,11.20,11.29,92449136.0
2014-09-04,720159168.0,11.15,11.39,10.35,10.43,66459632.0
2014-09-03,708137536.0,10.41,10.79,9.95,9.99,68573376.0
2014-09-02,582919488.0,9.94,10.06,9.77,9.80,58868256.0
2014-09-01,832950144.0,9.98,9.98,9.11,9.11,85443592.0
2014-08-29,325820992.0,9.07,9.43,9.05,9.12,35307364.0
2014-08-28,310639968.0,9.11,9.36,9.00,9.10,33781564.0
2014-08-27,393709056.0,9.12,9.46,8.64,8.64,43283312.0
2014-08-26,214683728.0,8.62,8.96,8.57,8.78,24618284.0
2014-08-25,237083104.0,8.83,8.97,8.65,8.86,26975012.0
2014-08-22,394684544.0,8.87,9.08,8.37,8.42,45104552.0
2014-08-21,172654960.0,8.40,8.53,8.27,8.53,20596354.0
2014-08-20,197946800.0,8.53,8.68,8.46,8.59,23156802.0
2014-08-19,222189536.0,8.61,8.76,8.51,8.76,25794940.0
2014-08-18,281325856.0,8.70,8.70,8.41,8.47,32732312.0
2014-08-15,265622048.0,8.41,8.58,8.31,8.45,31416292.0
2014-08-14,181835648.0,8.23,8.47,8.22,8.37,21839330.0
2014-08-13,193351584.0,8.36,8.36,8.16,8.29,23387496.0
2014-08-12,216959168.0,8.29,8.34,8.19,8.26,26240092.0
2014-08-11,204727728.0,8.20,8.33,8.04,8.04,24916516.0
2014-08-08,134441136.0,8.04,8.10,7.89,7.93,16804304.0
2014-08-07,207170000.0,7.94,8.21,7.93,8.09,25661724.0
2014-08-06,192593584.0,8.06,8.06,7.92,8.00,24139372.0
2014-08-05,147207792.0,8.05,8.06,7.86,7.94,18421728.0
2014-08-04,95023520.0,7.93,7.97,7.81,7.85,12041932.0
2014-08-01,133744376.0,7.81,8.02,7.81,8.00,16859420.0
2014-07-31,166135504.0,8.01,8.08,7.86,7.90,20780872.0
2014-07-30,159926048.0,7.89,8.01,7.84,8.00,20196524.0
2014-07-29,278880960.0,7.96,8.05,7.79,7.86,35100408.0
2014-07-28,162456624.0,7.84,7.85,7.60,7.63,21075362.0
2014-07-25,78557656.0,7.59,7.64,7.53,7.59,10364234.0
2014-07-24,70866832.0,7.56,7.64,7.46,7.56,9387145.0
2014-07-23,73773176.0,7.56,7.71,7.50,7.71,9696778.0
2014-07-22,57721248.0,7.68,7.77,7.61,7.64,7484894.0
2014-07-21,38844740.0,7.66,7.71,7.60,7.67,5074883.0
2014-07-18,79108224.0,7.68,7.80,7.64,7.65,10262459.0
2014-07-17,63863188.0,7.61,7.76,7.58,7.70,8339922.0
2014-07-16,73783232.0,7.73,7.85,7.70,7.82,9494960.0
2014-07-15,94501288.0,7.80,7.94,7.76,7.93,12077213.0
2014-07-14,80038304.0,7.93,7.96,7.81,7.91,10146629.0
2014-07-11,66774080.0,7.90,7.95,7.80,7.87,8460517.0
2014-07-10,54898920.0,7.87,7.94,7.75,7.85,6984917.0
2014-07-09,106823320.0,7.86,8.13,7.85,8.12,13395283.0
2014-07-08,172013152.0,8.08,8.15,7.91,7.94,21315860.0
2014-07-07,124281592.0,7.95,8.10,7.85,7.85,15567098.0
2014-07-04,70440424.0,7.80,7.92,7.76,7.89,9000017.0
2014-07-03,96145088.0,7.87,8.04,7.82,7.91,12187954.0
2014-07-02,152769072.0,7.91,8.14,7.86,7.89,19172316.0
2014-07-01,149695920.0,7.84,7.95,7.70,7.72,19088364.0
2014-06-30,97845720.0,7.73,7.76,7.61,7.63,12678863.0
2014-06-27,59998804.0,7.63,7.67,7.53,7.57,7882059.0
2014-06-26,58626360.0,7.54,7.64,7.42,7.42,7780846.0
2014-06-25,43744928.0,7.43,7.57,7.36,7.57,5875083.0
2014-06-24,44932620.0,7.50,7.60,7.44,7.58,5987816.0
2014-06-23,51335564.0,7.57,7.62,7.46,7.47,6792306.0
2014-06-20,45179844.0,7.49,7.49,7.32,7.37,6092876.0
2014-06-19,73018904.0,7.36,7.69,7.32,7.59,9685439.0
2014-06-18,61921532.0,7.60,7.70,7.58,7.66,8121870.0
2014-06-17,68543192.0,7.65,7.78,7.61,7.78,8943600.0
2014-06-16,93447056.0,7.77,7.88,7.74,7.80,11984932.0
2014-06-13,149156448.0,7.80,7.87,7.63,7.65,19235124.0
2014-06-12,118494584.0,7.65,7.77,7.62,7.71,15391552.0
2014-06-11,190859584.0,7.71,7.82,7.53,7.55,24803596.0
2014-06-10,94205592.0,7.56,7.60,7.38,7.48,12548460.0
2014-06-09,61035716.0,7.49,7.49,7.33,7.38,8234991.0
2014-06-06,88672904.0,7.42,7.56,7.38,7.42,11840337.0
2014-06-05,52922704.0,7.37,7.39,7.19,7.29,7232825.0
2014-06-04,63501352.0,7.27,7.45,7.25,7.44,8698552.0
2014-06-03,57093676.0,7.43,7.57,7.40,7.50,7623729.0
2014-05-30,71763232.0,7.50,7.65,7.48,7.64,9517100.0
2014-05-29,101691104.0,7.65,7.74,7.53,7.63,13305244.0
2014-05-28,75310664.0,7.61,7.63,7.45,7.53,9983084.0
2014-05-27,51385984.0,7.52,7.62,7.48,7.61,6817076.0
2014-05-26,63516352.0,7.63,7.64,7.55,7.61,8365073.0
2014-05-23,67781920.0,7.60,7.64,7.47,7.60,8957005.0
2014-05-22,108516296.0,7.64,7.66,7.46,7.56,14342071.0
2014-05-21,61175892.0,7.50,7.53,7.20,7.29,8266740.0
2014-05-20,44149512.0,7.33,7.44,7.29,7.42,5997439.0
2014-05-19,33632848.0,7.38,7.41,7.28,7.41,4576643.0
2014-05-16,54858264.0,7.39,7.51,7.28,7.29,7407174.0
2014-05-15,84773528.0,7.37,7.57,7.30,7.57,11435983.0
2014-05-14,103899104.0,7.58,7.67,7.42,7.55,13764633.0
2014-05-13,96088216.0,7.55,7.63,7.35,7.37,12788400.0
2014-05-12,67379672.0,7.34,7.35,7.18,7.19,9163883.0
2014-05-09,30050630.0,7.13,7.15,7.03,7.10,4198288.0
2014-05-08,39851276.0,7.10,7.23,6.98,6.98,5549371.0
2014-05-07,63705792.0,7.07,7.18,7.06,7.18,8889052.0
2014-05-06,63933584.0,7.21,7.30,7.13,7.13,8777105.0
2014-05-05,54918876.0,7.15,7.21,7.06,7.13,7629223.0
2014-04-30,82235680.0,7.13,7.26,6.99,7.08,11390349.0
2014-04-29,71237384.0,7.10,7.10,6.93,6.97,10079570.0
2014-04-28,113452048.0,6.97,7.24,6.91,7.13,15867761.0
2014-04-25,211504064.0,7.09,7.65,6.88,7.56,29021364.0
2014-04-24,158132896.0,7.62,8.00,7.62,7.93,20168964.0
2014-04-23,223412976.0,8.01,8.17,7.87,8.16,27582304.0
2014-04-22,372560224.0,8.17,8.17,7.58,7.58,45484384.0
2014-04-21,51720604.0,7.43,7.82,7.43,7.73,6694991.0
2014-04-18,49809672.0,7.73,7.95,7.63,7.82,6346696.0
2014-04-17,58529012.0,7.81,8.01,7.77,7.79,7352041.0
2014-04-16,78616288.0,7.81,7.92,7.74,7.82,9947231.0
2014-04-15,98625160.0,7.88,7.89,7.63,7.70,12533774.0
2014-04-14,32618934.0,7.68,7.73,7.56,7.62,4225027.0
2014-04-11,36216436.0,7.62,7.68,7.54,7.58,4720627.0
2014-04-10,56861288.0,7.65,7.80,7.49,7.54,7348970.0
2014-04-09,45821992.0,7.52,7.63,7.48,7.56,6011231.0
2014-04-08,45330064.0,7.51,7.56,7.32,7.32,6001597.0
2014-04-04,22567734.0,7.34,7.38,7.25,7.30,3045496.0
2014-04-03,25441644.0,7.27,7.34,7.22,7.29,3460824.0
2014-04-02,29194950.0,7.27,7.32,7.22,7.32,3981007.0
2014-04-01,32550862.0,7.29,7.32,7.07,7.07,4458296.0
2014-03-31,37864056.0,7.12,7.36,7.07,7.30,5183301.0
2014-03-28,87993936.0,7.26,7.83,7.24,7.77,11607894.0
2014-03-27,48877764.0,7.82,7.96,7.76,7.86,6164605.0
2014-03-26,54313048.0,7.87,8.02,7.82,7.93,6814357.0
2014-03-25,73912688.0,7.96,7.98,7.70,7.77,9274784.0
2014-03-24,60361444.0,7.78,7.88,7.71,7.80,7685232.0
2014-03-21,91510000.0,7.80,7.80,7.43,7.75,11874373.0
2014-03-20,71925520.0,7.73,7.97,7.70,7.87,9095401.0
2014-03-19,100748848.0,7.87,8.15,7.73,8.05,12617472.0
2014-03-18,105673488.0,8.09,8.22,7.95,7.99,12899221.0
2014-03-17,77860616.0,8.01,8.09,7.73,7.93,9709491.0
2014-03-14,81321584.0,7.90,8.09,7.79,7.89,10161828.0
2014-03-13,149627456.0,7.88,8.09,7.64,7.98,18866054.0
2014-03-12,260495568.0,8.01,8.66,7.80,8.60,31784440.0
2014-03-11,307354880.0,8.66,9.17,8.49,8.72,34436736.0
2014-03-10,441536160.0,8.93,9.24,8.83,9.02,48441160.0
2014-03-07,420670720.0,9.03,9.03,8.24,8.24,47579840.0
2014-03-06,96516440.0,8.20,8.39,8.11,8.37,11610217.0
2014-03-05,86607416.0,8.40,8.70,8.38,8.60,10081336.0
2014-03-04,113508224.0,8.50,8.69,8.14,8.24,13265897.0
2014-03-03,83435224.0,8.33,8.37,8.08,8.15,10001457.0
2014-02-28,108077832.0,8.20,8.39,7.96,8.39,13131806.0
2014-02-27,143204368.0,8.38,8.77,8.32,8.56,16589868.0
2014-02-26,170254208.0,8.51,8.67,7.93,8.42,20225044.0
2014-02-25,314977984.0,8.52,9.14,8.35,8.61,35265372.0
2014-02-24,131163808.0,8.60,8.62,8.28,8.53,15322767.0
2014-02-21,147458576.0,8.62,8.88,8.47,8.64,16825042.0
2014-02-20,186574192.0,8.58,8.80,8.34,8.56,21462214.0
2014-02-19,188887392.0,8.62,8.85,8.52,8.75,21558838.0
2014-02-18,254726432.0,8.78,8.88,8.23,8.43,29386612.0
2014-02-17,196422880.0,8.43,8.70,8.37,8.42,22863976.0
2014-02-14,234398832.0,8.44,8.52,8.13,8.13,27715776.0
2014-02-13,170850224.0,8.00,8.50,7.95,8.50,20624276.0
2014-02-12,201333872.0,8.36,8.37,7.78,7.86,24625046.0
2014-02-11,97668984.0,7.86,8.06,7.83,7.93,12193466.0
2014-02-10,117904712.0,7.96,8.02,7.83,7.83,14685008.0
2014-02-07,80202960.0,7.83,7.83,7.53,7.73,10312097.0
2014-01-30,58554020.0,7.78,7.91,7.71,7.90,7438466.0
2014-01-29,118882752.0,7.89,7.90,7.63,7.73,15149120.0
2014-01-28,104171656.0,7.71,7.79,7.43,7.68,13502444.0
2014-01-27,148152224.0,7.63,7.79,7.40,7.43,19130362.0
2014-01-24,178791440.0,7.56,7.60,7.07,7.07,23924486.0
2014-01-23,48644456.0,7.13,7.19,7.05,7.12,6778300.0
2014-01-22,71959208.0,7.14,7.19,7.00,7.00,10049179.0
2014-01-21,30298692.0,6.95,6.95,6.67,6.69,4374667.0
2014-01-20,33833564.0,6.74,6.99,6.73,6.95,4914453.0
2014-01-17,30632220.0,6.95,7.03,6.90,7.01,4371085.0
2014-01-16,43893332.0,7.03,7.09,6.90,6.94,6183402.0
2014-01-15,29386588.0,6.94,7.01,6.86,6.99,4214957.0
2014-01-14,38153588.0,6.97,6.98,6.65,6.70,5518177.0
2014-01-13,44780696.0,6.65,6.94,6.64,6.80,6507705.0
2014-01-10,50942204.0,6.84,7.14,6.77,7.11,7262567.0
2014-01-09,61775372.0,7.14,7.32,7.10,7.27,8508763.0
2014-01-08,69770600.0,7.26,7.30,7.09,7.19,9552800.0
2014-01-07,52788116.0,7.16,7.25,7.04,7.10,7302204.0
2014-01-06,92695112.0,7.11,7.39,7.04,7.13,12737370.0
2014-01-03,137216368.0,7.17,7.21,6.83,6.87,19156812.0
2014-01-02,55074068.0,6.90,6.98,6.77,6.81,7923213.0
2013-12-31,41625464.0,6.81,6.89,6.76,6.77,6046931.0
2013-12-30,52758712.0,6.81,6.87,6.69,6.77,7696333.0
2013-12-27,29381306.0,6.73,6.75,6.57,6.62,4356123.0
2013-12-26,32231620.0,6.64,6.81,6.63,6.79,4772133.0
2013-12-25,30275578.0,6.80,6.80,6.68,6.74,4459249.0
2013-12-24,42799168.0,6.75,6.86,6.59,6.61,6284936.0
2013-12-23,35917512.0,6.59,6.76,6.53,6.72,5383599.0
2013-12-20,43494680.0,6.72,6.91,6.64,6.87,6388303.0
2013-12-19,33384864.0,6.86,7.01,6.85,6.94,4771911.0
2013-12-18,42294484.0,6.92,7.03,6.91,6.98,6037870.0
2013-12-17,39518432.0,6.98,7.21,6.96,7.11,5563070.0
2013-12-16,49193304.0,7.11,7.32,7.05,7.29,6805193.0
2013-12-13,33835764.0,7.30,7.35,7.25,7.31,4590923.0
2013-12-12,44498704.0,7.30,7.37,7.26,7.30,6030949.0
2013-12-11,72805376.0,7.33,7.40,7.23,7.29,9835952.0
2013-12-10,51314024.0,7.31,7.40,7.23,7.24,6934094.0
2013-12-09,64565980.0,7.23,7.40,7.18,7.31,8781028.0
2013-12-06,43408616.0,7.31,7.38,7.26,7.29,5869401.0
2013-12-05,58025444.0,7.29,7.46,7.26,7.45,7846778.0
2013-12-04,112598704.0,7.40,7.48,7.04,7.13,15180649.0
2013-12-03,69121656.0,7.14,7.16,6.92,7.08,9729462.0
2013-12-02,127868624.0,7.01,7.56,7.00,7.54,17551052.0
2013-11-29,83417416.0,7.68,7.78,7.65,7.66,10737900.0
2013-11-28,102865464.0,7.68,7.76,7.59,7.66,13288508.0
2013-11-27,92472720.0,7.61,7.72,7.53,7.58,12028811.0
2013-11-26,80876792.0,7.59,7.67,7.45,7.48,10603111.0
2013-11-25,70334864.0,7.52,7.68,7.49,7.57,9207432.0
2013-11-22,80135320.0,7.62,7.86,7.60,7.78,10315766.0
2013-11-21,124113880.0,7.74,7.78,7.48,7.60,16028648.0
2013-11-20,103083344.0,7.59,7.70,7.44,7.65,13526044.0
2013-11-19,113438216.0,7.67,7.88,7.57,7.73,14583433.0
2013-11-18,106502352.0,7.53,7.61,7.38,7.38,14035777.0
2013-11-15,93108296.0,7.31,7.40,7.13,7.16,12635644.0
2013-11-14,106952488.0,7.11,7.32,6.95,7.23,14953658.0
2013-11-13,83935064.0,7.25,7.66,7.25,7.66,11179033.0
2013-11-12,75181480.0,7.63,7.75,7.44,7.64,9798282.0
2013-11-11,116512480.0,7.64,8.08,7.59,8.08,14817437.0
2013-11-08,117892600.0,8.03,8.12,7.68,7.82,14776649.0
2013-11-07,132903488.0,7.81,8.18,7.80,8.11,16519975.0
2013-11-06,265005280.0,8.15,8.52,8.12,8.28,31527760.0
2013-11-05,119609856.0,8.35,8.39,8.12,8.24,14341509.0
2013-11-04,165127152.0,8.26,8.29,8.01,8.06,19955692.0
2013-11-01,78240480.0,8.01,8.04,7.65,8.02,9872773.0
2013-10-31,99026648.0,7.98,8.11,7.89,7.95,12277554.0
2013-10-30,89864232.0,7.95,8.02,7.63,7.80,11290737.0
2013-10-29,113336168.0,7.78,8.08,7.33,7.90,14422147.0
2013-10-28,70966936.0,7.85,7.91,7.64,7.76,9064458.0
2013-10-25,123046096.0,7.71,8.12,7.53,8.08,15662424.0
2013-10-24,96334952.0,8.02,8.19,7.93,7.93,11795751.0
2013-10-23,117065312.0,7.93,8.25,7.83,8.18,14461133.0
2013-10-22,164929232.0,8.17,8.50,8.08,8.43,19780036.0
2013-10-21,180768032.0,8.51,8.57,8.12,8.23,21423380.0
2013-10-18,100983912.0,8.23,8.38,8.03,8.12,12135342.0
2013-10-17,190353840.0,8.12,8.81,8.12,8.75,22323064.0
2013-10-16,253184000.0,8.68,9.21,8.52,9.21,28308824.0
2013-10-15,369333376.0,9.20,9.29,8.57,8.73,40696500.0
2013-10-14,200991920.0,8.63,8.79,8.45,8.66,23088752.0
2013-10-11,377275328.0,8.65,8.81,8.37,8.71,43438524.0
2013-10-10,270664320.0,8.95,9.41,8.95,9.36,29216616.0
2013-10-09,208189904.0,9.28,9.28,8.86,8.96,22550100.0
2013-10-08,215904816.0,9.04,9.26,8.80,9.05,23721222.0
2013-09-30,165054224.0,9.00,9.15,8.68,8.77,18241516.0
2013-09-27,198272960.0,8.70,8.87,8.25,8.58,22768764.0
2013-09-26,341976960.0,8.59,9.30,8.50,9.04,38045180.0
2013-09-25,501904992.0,9.31,10.08,9.21,9.61,51364176.0
2013-09-24,595767360.0,9.77,9.99,9.44,9.55,60801544.0
2013-09-23,659512448.0,9.71,10.01,9.33,9.51,67239632.0
2013-09-18,529193088.0,9.47,9.47,8.53,8.63,57243112.0
2013-09-17,291636704.0,8.61,9.00,8.57,8.82,32995388.0
2013-09-16,613478528.0,9.01,9.40,8.80,9.40,66600664.0
2013-09-13,264773824.0,8.89,8.89,8.52,8.52,29647112.0
2013-09-12,176691744.0,8.08,8.09,7.69,7.85,22204364.0
2013-09-11,168869168.0,7.84,8.27,7.84,8.15,20954292.0
2013-09-10,260352272.0,8.16,8.48,7.84,7.88,31319812.0
2013-09-09,285817408.0,8.02,8.40,7.81,8.07,35022448.0
2013-09-06,278060768.0,8.07,8.21,7.55,7.56,34685424.0
2013-09-05,198772544.0,7.64,8.02,7.62,8.00,25416632.0
2013-09-04,338561504.0,7.93,8.27,7.72,7.73,41699800.0
2013-09-03,376060768.0,7.93,8.08,7.64,8.08,47337476.0
2013-09-02,351129536.0,8.04,8.04,7.55,8.04,43467028.0
2013-08-30,205659744.0,7.30,7.80,7.11,7.50,27348812.0
2013-08-29,199062256.0,7.43,7.53,7.19,7.29,26658688.0
2013-08-28,280171104.0,7.25,7.58,6.88,6.94,38071032.0
2013-08-27,96293032.0,6.95,6.99,6.65,6.69,13831189.0
2013-08-26,60159984.0,6.69,6.72,6.47,6.57,9007137.0
2013-08-23,128619976.0,6.56,6.86,6.35,6.74,19383338.0
2013-08-22,50330880.0,6.80,6.94,6.79,6.94,7258837.0
2013-08-21,56595032.0,6.92,6.99,6.81,6.84,8164208.0
2013-08-20,76685184.0,6.90,7.11,6.83,6.95,10881367.0
2013-08-19,74566424.0,6.94,7.06,6.45,6.52,10771932.0
2013-08-16,125775752.0,6.61,7.28,6.57,7.26,17953164.0
2013-08-09,70628256.0,7.03,7.08,6.90,6.96,9980379.0
2013-08-08,50184752.0,6.97,7.03,6.86,6.90,7146737.0
2013-08-07,92399816.0,6.93,7.12,6.92,7.09,13085853.0
2013-08-06,108875584.0,7.09,7.17,6.94,6.94,15244282.0
2013-08-05,58033604.0,6.93,6.94,6.82,6.89,8359603.0
2013-08-02,83295136.0,6.89,7.05,6.87,6.99,11857926.0
2013-08-01,74332016.0,6.98,6.99,6.67,6.74,10691118.0
2013-07-31,68464984.0,6.74,6.90,6.70,6.82,9986788.0
2013-07-30,84771280.0,6.85,6.94,6.56,6.68,12393248.0
2013-07-29,108195904.0,6.75,7.12,6.74,7.11,15542533.0
2013-07-26,167507328.0,7.18,7.27,6.97,7.08,23255800.0
2013-07-25,139614480.0,6.99,7.28,6.89,6.95,19569484.0
2013-07-24,156148016.0,7.03,7.08,6.76,6.91,22272944.0
2013-07-23,87003104.0,6.84,6.90,6.62,6.62,12627153.0
2013-07-22,58935944.0,6.64,6.66,6.24,6.42,8911023.0
2013-07-19,107404448.0,6.50,6.96,6.50,6.90,15683296.0
2013-07-18,110433032.0,6.93,7.03,6.64,6.64,15936996.0
2013-07-17,78004368.0,6.67,6.89,6.67,6.81,11405448.0
2013-07-16,101371872.0,6.89,6.89,6.57,6.60,14896267.0
2013-07-15,60994976.0,6.56,6.62,6.34,6.35,9285028.0
2013-07-12,66925848.0,6.40,6.67,6.39,6.55,10170873.0
2013-07-11,95333064.0,6.55,6.65,6.36,6.42,14540899.0
2013-07-10,76641960.0,6.47,6.50,6.18,6.21,11934713.0
2013-07-09,60476980.0,6.21,6.33,6.09,6.19,9626320.0
2013-07-08,107971152.0,6.15,6.70,6.14,6.69,16739134.0
2013-07-05,92782176.0,6.83,7.13,6.83,7.08,13134896.0
2013-07-04,146481424.0,7.07,7.18,6.79,6.87,20495056.0
2013-07-03,90779160.0,6.92,6.99,6.69,6.94,13158336.0
2013-07-02,101785048.0,6.97,7.03,6.81,6.82,14520900.0
2013-07-01,92219824.0,6.88,6.90,6.46,6.60,13487472.0
2013-06-28,81296872.0,6.56,6.77,6.16,6.59,12264537.0
2013-06-27,173957456.0,6.64,7.12,6.64,7.06,25024210.0
2013-06-26,222449312.0,7.07,7.09,6.52,6.75,32103590.0
2013-06-25,178799488.0,6.69,6.82,5.95,6.40,27545804.0
2013-06-24,152796448.0,6.62,6.67,5.99,6.49,23531252.0
2013-06-21,69766312.0,6.39,6.45,5.87,5.95,11098108.0
2013-06-20,65478004.0,6.18,6.46,6.15,6.24,10242162.0
2013-06-19,66904804.0,6.28,6.47,6.12,6.45,10605018.0
2013-06-18,47789012.0,6.49,6.59,6.40,6.51,7310628.0
2013-06-17,51861044.0,6.50,6.59,6.38,6.49,7931999.0
2013-06-14,69003224.0,6.44,6.51,6.15,6.15,10706831.0
2013-06-13,58190356.0,6.14,6.47,5.89,6.35,9332778.0
2013-06-07,75366480.0,6.54,7.01,6.46,6.83,11134141.0
2013-06-06,97695576.0,6.84,7.09,6.75,6.75,13952803.0
2013-06-05,69664424.0,6.79,7.01,6.66,6.87,10155027.0
2013-06-04,88469464.0,6.91,7.27,6.76,7.09,12499299.0
2013-06-03,114604816.0,7.12,7.33,7.04,7.33,15869052.0
2013-05-31,207539840.0,7.39,7.67,7.36,7.58,27426308.0
2013-05-30,318447072.0,7.72,7.85,6.93,7.02,42699696.0
2013-05-29,182343616.0,7.17,7.53,7.13,7.21,24701490.0
2013-05-28,148081280.0,7.08,7.19,6.86,7.18,20891940.0
2013-05-27,235840000.0,7.18,7.34,6.91,7.05,32532668.0
2013-05-24,184771952.0,6.97,6.99,6.39,6.40,26927168.0
2013-05-23,125220872.0,6.36,6.60,6.10,6.10,19190984.0
2013-05-22,55563368.0,6.08,6.24,6.04,6.16,8915147.0
2013-05-21,63173512.0,6.20,6.20,5.92,6.01,10202045.0
2013-05-20,57811752.0,6.02,6.15,5.97,5.97,9379636.0
2013-05-17,61056008.0,6.00,6.07,5.82,5.84,10036247.0
2013-05-16,81694280.0,5.86,5.99,5.80,5.99,13710594.0
2013-05-15,72220392.0,6.02,6.10,5.86,5.90,11766059.0
2013-05-14,69062104.0,5.93,5.97,5.62,5.66,11687815.0
2013-05-13,50504024.0,5.68,5.84,5.56,5.81,8737831.0
2013-05-10,44488020.0,5.83,5.88,5.73,5.86,7559894.0
2013-05-09,50823556.0,5.87,6.01,5.77,5.90,8500079.0
2013-05-08,82895672.0,5.94,6.00,5.65,5.71,13946794.0
2013-05-07,42049396.0,5.71,5.80,5.58,5.73,7304280.0
2013-05-06,50334224.0,5.76,5.84,5.61,5.62,8610897.0
2013-05-03,53960180.0,5.65,5.84,5.63,5.70,9262067.0
2013-05-02,44069800.0,5.70,5.70,5.35,5.43,7826814.0
2013-04-26,67358616.0,5.52,5.86,5.47,5.73,11712327.0
2013-04-25,120268472.0,5.76,5.98,5.52,5.52,20415056.0
2013-04-24,86945672.0,5.58,5.71,5.32,5.32,15324563.0
2013-04-23,81890856.0,5.46,5.79,5.34,5.39,14587113.0
2013-04-22,50617860.0,5.42,5.43,5.25,5.36,9323120.0
2013-04-19,57343124.0,5.45,5.53,5.34,5.39,10389124.0
2013-04-18,45481904.0,5.39,5.54,5.34,5.41,8267482.0
2013-04-17,62299400.0,5.49,5.53,5.31,5.38,11306389.0
2013-04-16,112622200.0,5.44,5.61,5.02,5.07,20672748.0
2013-04-15,58080784.0,5.12,5.28,5.03,5.03,11073207.0
2013-04-12,25893782.0,5.03,5.13,4.99,5.02,5028062.0
2013-04-11,56547180.0,5.06,5.15,4.93,4.95,10989206.0
2013-04-10,30110154.0,4.95,5.02,4.82,4.91,6042438.0
2013-04-09,27448892.0,4.94,4.97,4.80,4.85,5497643.0
2013-04-08,20536738.0,4.84,4.84,4.62,4.80,4239771.0
2013-04-03,22049410.0,4.89,4.97,4.83,4.87,4422273.0
2013-04-02,45828548.0,4.91,5.15,4.87,5.09,9004732.0
2013-04-01,59563000.0,5.07,5.15,4.99,5.03,11541221.0
2013-03-29,71960216.0,5.04,5.13,4.95,5.06,14024850.0
2013-03-28,128061416.0,5.03,5.19,4.96,5.18,25029756.0
2013-03-27,100490472.0,5.12,5.12,4.67,4.67,19569908.0
2013-03-26,16257078.0,4.65,4.76,4.62,4.76,3431335.0
2013-03-25,19140912.0,4.74,4.80,4.70,4.75,3970678.0
2013-03-22,16885772.0,4.77,4.79,4.71,4.78,3499620.0
2013-03-21,23627804.0,4.78,4.88,4.74,4.77,4839372.0
2013-03-20,18099470.0,4.77,4.77,4.64,4.66,3778498.0
2013-03-19,13935942.0,4.65,4.66,4.56,4.59,2973605.0
2013-03-18,11299023.0,4.59,4.61,4.56,4.59,2428311.0
2013-03-15,22000156.0,4.60,4.70,4.53,4.59,4698513.0
2013-03-14,23576310.0,4.59,4.70,4.55,4.67,5043387.0
2013-03-13,19835672.0,4.66,4.77,4.60,4.74,4183241.0
2013-03-12,37056440.0,4.77,4.96,4.69,4.92,7557476.0
2013-03-11,30941312.0,4.95,4.97,4.85,4.89,6186216.0
2013-03-08,38833932.0,4.90,4.98,4.89,4.94,7732257.0
2013-03-07,49002388.0,4.93,4.98,4.81,4.98,9840907.0
2013-03-06,62556284.0,4.98,5.00,4.87,4.93,12452417.0
2013-03-05,71399120.0,4.99,4.99,4.63,4.63,14483325.0
2013-03-04,37306036.0,4.64,4.81,4.61,4.72,7800951.0
2013-03-01,22731636.0,4.76,4.76,4.67,4.72,4745193.0
2013-02-28,18411494.0,4.72,4.74,4.62,4.66,3855287.0
2013-02-27,16546166.0,4.65,4.73,4.62,4.70,3484575.0
2013-02-26,16380160.0,4.70,4.78,4.67,4.73,3414097.0
2013-02-25,13011270.0,4.71,4.73,4.65,4.66,2727191.0
2013-02-22,11629566.0,4.67,4.70,4.65,4.67,2448252.0
2013-02-21,33537240.0,4.67,4.86,4.65,4.86,6977761.0
2013-02-20,15975644.0,4.86,4.86,4.78,4.80,3261176.0
2013-02-19,24454838.0,4.80,4.91,4.77,4.89,4989258.0
2013-02-18,32563954.0,4.91,5.02,4.88,4.98,6501757.0
2013-02-08,21632282.0,4.86,4.88,4.79,4.80,4387215.0
2013-02-07,26215454.0,4.79,4.85,4.76,4.82,5392630.0
2013-02-06,27132390.0,4.82,4.89,4.81,4.86,5514954.0
2013-02-05,23981614.0,4.85,4.88,4.73,4.75,4885073.0
2013-02-04,24057186.0,4.77,4.85,4.75,4.82,4943647.0
2013-02-01,29585614.0,4.82,4.84,4.76,4.82,6072250.0
2013-01-31,44802048.0,4.83,4.97,4.77,4.97,9087949.0
2013-01-30,41691528.0,4.99,5.06,4.90,4.90,8255346.0
2013-01-29,48782272.0,4.92,5.01,4.90,5.01,9728037.0
2013-01-28,54491140.0,5.04,5.05,4.84,4.96,10864995.0
2013-01-25,60415708.0,4.97,5.11,4.95,5.11,11862310.0
2013-01-24,134727136.0,5.13,5.16,4.80,4.87,26505734.0
2013-01-23,61299192.0,4.87,4.89,4.73,4.81,12534518.0
2013-01-22,95763800.0,4.90,5.08,4.65,4.72,19348160.0
2013-01-21,45401452.0,4.72,4.73,4.62,4.62,9502990.0
2013-01-18,22827470.0,4.62,4.62,4.55,4.55,4895821.0
2013-01-17,25944340.0,4.55,4.65,4.53,4.64,5579985.0
2013-01-16,36889972.0,4.65,4.74,4.59,4.72,7786815.0
2013-01-15,46747984.0,4.71,4.75,4.60,4.65,9816756.0
2013-01-14,42506680.0,4.63,4.66,4.46,4.55,9124714.0
2013-01-11,48139396.0,4.57,4.75,4.55,4.59,10173878.0
2013-01-10,23701010.0,4.59,4.63,4.58,4.59,5076365.0
2013-01-09,24219454.0,4.59,4.66,4.57,4.62,5165998.0
2013-01-08,27165010.0,4.63,4.67,4.55,4.60,5805734.0
2013-01-07,15575290.0,4.60,4.61,4.53,4.56,3346885.0
2013-01-04,20403982.0,4.59,4.65,4.55,4.63,4381648.0
2012-12-31,25125486.0,4.60,4.66,4.56,4.64,5373362.0
2012-12-28,31157892.0,4.63,4.66,4.55,4.58,6660349.0
2012-12-27,80294416.0,4.62,4.90,4.62,4.86,16560562.0
2012-12-26,50576480.0,4.68,4.69,4.56,4.60,10760918.0
2012-12-25,61943140.0,4.62,4.64,4.39,4.40,13313866.0
2012-12-24,21515822.0,4.40,4.45,4.36,4.42,4801635.0
2012-12-21,23385006.0,4.43,4.50,4.39,4.45,5177060.0
2012-12-20,24979704.0,4.48,4.49,4.39,4.44,5527387.0
2012-12-19,31708354.0,4.45,4.51,4.37,4.45,7045965.0
2012-12-18,58606012.0,4.48,4.59,4.45,4.51,12811158.0
2012-12-17,137515504.0,4.58,4.72,4.42,4.72,29673496.0
2012-12-14,63723552.0,4.36,4.36,4.02,4.03,14659875.0
2012-12-13,10731664.0,3.97,4.03,3.95,4.01,2654559.0
2012-12-12,12319022.0,4.02,4.07,3.98,4.02,3020072.0
2012-12-11,24206560.0,4.05,4.15,4.04,4.05,5811849.0
2012-12-10,18898448.0,4.06,4.09,3.99,4.00,4606033.0
2012-12-07,20506016.0,4.00,4.02,3.90,3.94,5069780.0
2012-12-06,14654335.0,3.95,4.04,3.89,3.92,3645519.0
2012-12-05,16531342.0,3.92,3.96,3.77,3.77,4171768.0
2012-12-04,9135956.0,3.80,3.81,3.67,3.67,2405903.0
2012-12-03,12223696.0,3.76,3.99,3.73,3.99,3163129.0
2012-11-30,13966352.0,3.81,3.82,3.75,3.76,3632798.0
2012-11-29,4781813.0,3.77,3.84,3.75,3.80,1241674.0
2012-11-28,5930379.0,3.78,3.80,3.75,3.80,1546991.0
2012-11-27,14881728.0,3.82,4.00,3.80,3.99,3783261.0
2012-11-26,8747883.0,3.99,4.10,3.97,4.09,2135142.0
2012-11-23,9943760.0,4.09,4.11,4.05,4.08,2393762.0
2012-11-22,9695264.0,4.08,4.09,4.01,4.05,2354274.0
2012-11-21,8717114.0,4.09,4.09,3.99,4.07,2121490.0
2012-11-20,5966881.0,4.04,4.08,4.03,4.08,1447554.0
2012-11-19,8216497.0,4.08,4.08,3.99,4.01,2010472.0
2012-11-16,6096113.0,4.02,4.06,3.99,4.06,1493943.0
2012-11-15,9573769.0,4.06,4.17,4.05,4.15,2294314.0
2012-11-14,10087067.0,4.18,4.19,4.11,4.13,2392981.0
2012-11-13,7165489.0,4.14,4.24,4.14,4.24,1690283.0
2012-11-12,13057057.0,4.25,4.27,4.17,4.17,3043413.0
2012-11-09,12025097.0,4.16,4.19,4.11,4.15,2848935.0
2012-11-08,11219674.0,4.15,4.24,4.14,4.24,2635620.0
2012-11-07,8143426.0,4.27,4.33,4.23,4.31,1876351.0
2012-11-06,11198316.0,4.31,4.38,4.24,4.34,2567635.0
2012-11-05,6715624.0,4.37,4.42,4.33,4.39,1513659.0
2012-11-02,11634009.0,4.40,4.43,4.35,4.40,2608028.0
2012-11-01,13353867.0,4.40,4.43,4.32,4.32,2993669.0
2012-10-31,8702694.0,4.32,4.34,4.26,4.28,1994281.0
2012-10-30,7218323.0,4.28,4.33,4.25,4.28,1656488.0
2012-10-29,12980308.0,4.27,4.34,4.23,4.30,2986298.0
2012-10-26,26175404.0,4.31,4.60,4.26,4.60,5871175.0
2012-10-25,15465095.0,4.61,4.68,4.57,4.62,3292193.0
2012-10-24,14940492.0,4.62,4.62,4.51,4.56,3217213.0
2012-10-23,24800490.0,4.60,4.73,4.56,4.67,5251898.0
2012-10-22,38097900.0,4.67,4.72,4.46,4.48,8073152.0
2012-10-19,13892285.0,4.51,4.58,4.49,4.52,3022140.0
2012-10-18,33209560.0,4.54,4.60,4.36,4.42,7234070.0
2012-10-17,10817920.0,4.40,4.45,4.33,4.40,2429674.0
2012-10-16,11223428.0,4.40,4.46,4.33,4.36,2515031.0
2012-10-15,11840668.0,4.35,4.40,4.29,4.38,2689997.0
2012-10-12,14136497.0,4.37,4.47,4.32,4.42,3172282.0
2012-10-11,22371568.0,4.40,4.53,4.39,4.42,4948619.0
2012-10-10,17608426.0,4.45,4.45,4.34,4.38,3937100.0
2012-10-09,16415100.0,4.38,4.39,4.24,4.24,3719357.0
2012-10-08,13176155.0,4.25,4.31,4.22,4.29,3042485.0
2012-09-28,24676302.0,4.31,4.32,4.19,4.21,5700157.0
2012-09-27,17181138.0,4.23,4.28,4.11,4.12,4019572.0
2012-09-26,8937096.0,4.10,4.22,4.08,4.22,2124910.0
2012-09-25,7347891.0,4.20,4.28,4.18,4.21,1709356.0
2012-09-24,12271239.0,4.24,4.26,4.13,4.25,2886164.0
2012-09-21,10044216.0,4.27,4.36,4.26,4.32,2297915.0
2012-09-20,16011067.0,4.31,4.53,4.31,4.53,3567454.0
2012-09-19,9286229.0,4.53,4.55,4.49,4.51,2027695.0
2012-09-18,9770341.0,4.49,4.56,4.42,4.49,2144050.0
2012-09-17,18296350.0,4.53,4.75,4.51,4.70,3897315.0
2012-09-14,20111236.0,4.70,4.79,4.65,4.74,4199796.0
2012-09-13,30887136.0,4.70,4.82,4.69,4.79,6385974.0
2012-09-12,43378156.0,4.78,4.88,4.66,4.68,8952597.0
2012-09-11,20217014.0,4.66,4.67,4.60,4.62,4285947.0
2012-09-10,37867416.0,4.67,4.72,4.62,4.71,8006138.0
2012-09-07,47542264.0,4.65,4.72,4.48,4.50,10152787.0
2012-09-06,16098882.0,4.45,4.45,4.38,4.40,3588154.0
2012-09-05,16596623.0,4.39,4.44,4.32,4.44,3721448.0
2012-09-04,13045153.0,4.44,4.53,4.42,4.52,2871399.0
2012-09-03,16548375.0,4.51,4.51,4.39,4.46,3642768.0
2012-08-31,11865264.0,4.46,4.55,4.44,4.53,2606539.0
2012-08-30,8068002.0,4.53,4.61,4.48,4.58,1746509.0
2012-08-29,13579628.0,4.58,4.75,4.55,4.64,2872393.0
2012-08-28,7926229.0,4.62,4.68,4.57,4.60,1686042.0
2012-08-27,15543127.0,4.60,4.73,4.59,4.70,3300744.0
2012-08-24,19359392.0,4.73,4.92,4.73,4.91,3959761.0
2012-08-23,21954994.0,4.94,4.95,4.87,4.87,4390825.0
2012-08-22,13260210.0,4.87,4.96,4.85,4.94,2663840.0
2012-08-21,25665288.0,4.94,4.95,4.79,4.82,5165562.0
2012-08-20,12419202.0,4.84,4.90,4.70,4.80,2556829.0
2012-08-17,7357528.0,4.83,4.85,4.75,4.85,1508724.0
2012-08-16,6429224.0,4.85,4.86,4.78,4.78,1308795.0
2012-08-15,8798405.0,4.83,4.95,4.82,4.91,1780434.0
2012-08-14,13192835.0,4.91,4.92,4.77,4.86,2683502.0
2012-08-13,15782839.0,4.86,5.02,4.86,4.99,3151811.0
2012-08-10,15169082.0,5.02,5.12,5.00,5.12,2967386.0
2012-08-09,20238594.0,5.08,5.09,4.95,5.03,3963163.0
2012-08-08,31873056.0,5.03,5.26,5.02,5.11,6112153.0
2012-08-07,18042942.0,5.01,5.02,4.91,4.92,3564061.0
2012-08-06,11790084.0,4.90,4.92,4.77,4.78,2389854.0
2012-08-03,11869615.0,4.80,4.81,4.68,4.72,2455613.0
2012-08-02,6731644.0,4.72,4.74,4.64,4.72,1411832.0
2012-08-01,10226784.0,4.72,4.76,4.64,4.65,2134423.0
2012-07-31,11736007.0,4.65,4.76,4.64,4.72,2468096.0
2012-07-30,13615728.0,4.75,4.97,4.72,4.90,2787109.0
2012-07-27,13692480.0,4.92,5.02,4.90,5.02,2724940.0
2012-07-26,25498548.0,4.98,5.17,4.96,5.00,4957635.0
2012-07-25,9265610.0,4.94,5.00,4.92,4.93,1838796.0
2012-07-24,13472346.0,4.97,4.99,4.87,4.92,2687464.0
2012-07-23,22865634.0,4.94,5.15,4.91,5.14,4514803.0
2012-07-20,10772405.0,5.20,5.24,5.18,5.22,2038627.0
2012-07-19,20260748.0,5.22,5.30,5.14,5.18,3809264.0
2012-07-18,18804434.0,5.20,5.24,5.04,5.05,3604359.0
2012-07-17,15732695.0,5.07,5.16,5.06,5.13,3039611.0
2012-07-16,20435828.0,5.12,5.50,5.07,5.50,3811316.0
2012-07-13,11756621.0,5.51,5.61,5.48,5.56,2086318.0
2012-07-12,30509246.0,5.59,5.66,5.48,5.66,5391797.0
2012-07-11,18007708.0,5.63,5.65,5.37,5.52,3234670.0
2012-07-10,21841328.0,5.46,5.61,5.32,5.54,3964300.0
2012-07-09,25806692.0,5.52,5.71,5.52,5.71,4533111.0
2012-07-06,35917232.0,5.76,5.95,5.52,5.90,6176375.0
2012-07-05,21872864.0,5.85,6.02,5.78,5.96,3675717.0
2012-07-04,22312998.0,6.02,6.12,5.95,6.00,3638966.0
2012-07-03,26160972.0,5.95,6.03,5.92,6.00,4306716.0
2012-07-02,29428388.0,6.04,6.12,5.99,6.00,4784212.0
2012-06-29,32829554.0,6.03,6.07,5.82,5.90,5422304.0
2012-06-28,36006572.0,5.90,6.10,5.87,6.03,5896387.0
2012-06-27,43711028.0,5.93,6.30,5.90,6.06,7036211.0
2012-06-26,27919024.0,6.06,6.15,5.73,5.99,4599772.0
2012-06-25,39995052.0,6.03,6.25,6.02,6.09,6401971.0
2012-06-21,54249608.0,6.15,6.19,5.93,6.03,8782336.0
2012-06-20,12094642.0,6.03,6.08,5.96,5.99,1981709.0
2012-06-19,20640490.0,5.99,6.06,5.95,6.03,3379103.0
2012-06-18,20083012.0,6.04,6.06,5.95,6.01,3288533.0
2012-06-15,26956438.0,5.90,6.06,5.84,6.00,4475723.0
2012-06-14,31548114.0,5.99,6.16,5.96,6.05,5116061.0
2012-06-13,21137204.0,6.07,6.07,5.90,5.90,3455231.0
2012-06-12,25750414.0,5.91,5.96,5.75,5.88,4324358.0
2012-06-11,34168756.0,5.94,5.96,5.76,5.86,5723027.0
2012-06-08,37011060.0,5.85,6.12,5.76,6.08,6130989.0
2012-06-07,30408898.0,6.02,6.21,6.00,6.15,4887635.0
2012-06-05,31584912.0,6.06,6.33,6.05,6.24,5037562.0
2012-06-04,23973600.0,6.24,6.46,6.22,6.39,3718855.0
2012-06-01,17311486.0,6.50,6.64,6.49,6.55,2601666.0
2012-05-31,27156356.0,6.58,6.68,6.52,6.55,4036329.0
2012-05-30,25363154.0,6.59,6.63,6.46,6.51,3794199.0
2012-05-29,38021292.0,6.55,6.60,6.35,6.40,5762574.0
2012-05-28,29971686.0,6.42,6.43,6.19,6.28,4675001.0
2012-05-25,35126152.0,6.27,6.64,6.26,6.51,5355516.0
2012-05-24,38581736.0,6.51,6.71,6.47,6.63,5772667.0
2012-05-23,49173472.0,6.67,6.84,6.49,6.75,7275356.0
2012-05-22,28722948.0,6.79,6.87,6.73,6.73,4166558.0
2012-05-21,41335432.0,6.71,6.81,6.55,6.70,6096849.0
2012-05-18,69133768.0,6.76,7.10,6.74,6.83,9822515.0
2012-05-17,58272348.0,6.87,7.00,6.71,6.90,8348607.0
2012-05-16,104280928.0,6.94,7.21,6.79,6.88,14559483.0
2012-05-15,122840032.0,6.87,7.04,6.60,6.62,17545864.0
2012-05-14,106184640.0,6.74,6.99,6.49,6.54,15330061.0
2012-05-11,53031400.0,6.50,6.58,6.35,6.47,7935964.0
2012-05-09,43721312.0,6.40,6.50,6.33,6.50,6630605.0
2012-05-08,71753344.0,6.55,6.65,6.39,6.46,10695601.0
2012-05-07,67711176.0,6.44,6.61,6.40,6.61,10187907.0
2012-05-04,73863504.0,6.52,6.60,6.41,6.41,11064585.0
2012-05-02,99950584.0,6.39,6.57,6.23,6.46,15230918.0
2012-04-27,42938288.0,6.38,6.56,6.34,6.43,6504654.0
2012-04-26,70183752.0,6.48,6.69,6.42,6.68,10445705.0
2012-04-25,184673024.0,6.68,6.96,6.43,6.56,26611574.0
2012-04-24,104695576.0,6.51,6.57,6.06,6.15,15995528.0
2012-04-23,75906248.0,6.27,6.51,6.19,6.42,11640976.0
2012-04-20,127519200.0,6.45,6.66,6.08,6.15,19345356.0
2012-04-19,60006552.0,6.16,6.23,6.03,6.13,9508788.0
2012-04-18,94253840.0,6.21,6.27,5.92,5.93,14960273.0
2012-04-17,139848016.0,5.95,6.50,5.92,6.39,22042494.0
2012-04-13,288035392.0,6.32,6.96,6.32,6.62,42374228.0
2012-04-12,236355824.0,6.51,6.57,5.85,5.98,36546232.0
2012-04-11,104108832.0,5.97,6.01,5.64,5.64,17107628.0
2012-04-10,48390088.0,5.75,5.77,5.44,5.74,8402074.0
2012-04-09,52282808.0,5.76,5.98,5.45,5.54,8869512.0
2012-04-06,32143580.0,5.55,5.65,5.49,5.55,5619678.0
2012-04-05,31310060.0,5.55,5.61,5.39,5.39,5513542.0
2012-03-30,30290418.0,5.33,5.41,5.22,5.31,5539773.0
2012-03-29,68795560.0,5.37,5.67,5.19,5.64,12447671.0
2012-03-28,36564496.0,5.69,5.92,5.60,5.86,6196164.0
2012-03-27,31001164.0,5.85,5.93,5.80,5.91,5139476.0
2012-03-26,68392544.0,5.86,5.91,5.59,5.59,11454409.0
2012-03-23,33710072.0,5.58,5.74,5.53,5.74,5862153.0
2012-03-22,16775687.0,5.77,5.83,5.69,5.79,2833876.0
2012-03-21,32239732.0,5.77,5.83,5.66,5.75,5452002.0
2012-03-20,35283012.0,5.79,5.98,5.72,5.96,5908749.0
2012-03-19,42088296.0,5.96,6.02,5.72,5.76,6916740.0
2012-03-16,44444536.0,5.74,5.83,5.57,5.57,7549390.0
2012-03-15,61845624.0,5.57,5.92,5.45,5.84,10625644.0
2012-03-14,78340656.0,5.84,6.28,5.65,6.27,12702049.0
2012-03-13,40771820.0,6.28,6.31,6.13,6.19,6377039.0
2012-03-12,53815476.0,6.22,6.28,6.10,6.28,8462455.0
2012-03-09,146313248.0,6.28,6.46,6.05,6.06,22696698.0
2012-03-08,50646404.0,6.03,6.16,5.92,5.92,8160426.0
2012-03-07,49419028.0,5.91,6.10,5.87,5.88,8025522.0
2012-03-06,48581700.0,5.99,6.01,5.87,5.95,7979143.0
2012-03-05,62171148.0,6.01,6.12,5.92,6.08,10068973.0
2012-03-02,119549616.0,6.06,6.07,5.55,5.61,19877260.0
2012-03-01,40563140.0,5.57,5.68,5.37,5.39,7089451.0
2012-02-29,41583940.0,5.45,5.62,5.37,5.62,7375259.0
2012-02-28,42820604.0,5.62,5.72,5.57,5.72,7393181.0
2012-02-27,67316528.0,5.77,5.86,5.69,5.78,11380798.0
2012-02-24,71058424.0,5.73,5.80,5.63,5.78,12122847.0
2012-02-23,127663576.0,5.79,5.95,5.67,5.78,21245124.0
2012-02-21,104886656.0,5.66,5.77,5.55,5.56,18043072.0
2012-02-20,72716240.0,5.54,5.65,5.49,5.59,12714710.0
2012-02-17,80747216.0,5.55,5.66,5.41,5.61,14200751.0
2012-02-16,207188144.0,5.65,5.82,5.47,5.55,35910704.0
2012-02-15,78059896.0,5.35,5.35,4.88,4.89,14535594.0
2012-02-14,16862378.0,4.86,4.94,4.83,4.91,3364531.0
2012-02-13,25413354.0,4.91,4.91,4.71,4.77,5111127.0
2012-02-10,23726874.0,4.80,4.89,4.76,4.82,4789907.0
2012-02-09,41132024.0,4.83,4.88,4.64,4.67,8331103.0
2012-02-08,12375180.0,4.66,4.69,4.53,4.58,2604386.0
2012-02-07,11753993.0,4.55,4.72,4.55,4.72,2487768.0
2012-02-06,13673028.0,4.71,4.77,4.67,4.72,2825670.0
2012-02-03,15775060.0,4.69,4.71,4.61,4.64,3286687.0
2012-02-02,9819633.0,4.62,4.62,4.50,4.53,2085410.0
2012-02-01,8641093.0,4.52,4.62,4.48,4.57,1844261.0
2012-01-31,8948572.0,4.57,4.64,4.52,4.62,1909043.0
2012-01-30,13086642.0,4.61,4.75,4.60,4.66,2720107.0
2012-01-20,12913018.0,4.64,4.66,4.59,4.60,2716301.0
2012-01-19,14986702.0,4.60,4.68,4.56,4.61,3154145.0
2012-01-18,21278024.0,4.62,4.77,4.58,4.75,4431356.0
2012-01-17,35355872.0,4.75,4.77,4.34,4.48,7498031.0
2012-01-16,34082788.0,4.53,4.75,4.32,4.33,7237396.0
2012-01-13,18557406.0,4.32,4.49,4.29,4.47,4124667.0
2012-01-12,16297307.0,4.49,4.61,4.47,4.52,3508379.0
2012-01-11,22651692.0,4.53,4.59,4.46,4.48,4862102.0
2012-01-10,17558762.0,4.47,4.48,4.28,4.30,3873704.0
2012-01-09,12743906.0,4.28,4.30,4.07,4.11,2926859.0
2012-01-06,8807664.0,4.11,4.13,4.00,4.10,2113542.0
2012-01-05,14740253.0,4.10,4.31,4.10,4.24,3413094.0
2011-12-30,9588967.0,4.49,4.53,4.43,4.45,2074078.0
2011-12-29,10415968.0,4.42,4.50,4.39,4.44,2284621.0
2011-12-28,10262204.0,4.45,4.45,4.30,4.38,2271996.0
2011-12-27,9885908.0,4.40,4.47,4.37,4.44,2176960.0
2011-12-26,13898941.0,4.44,4.56,4.42,4.45,3010685.0
2011-12-23,10768587.0,4.41,4.49,4.36,4.38,2366435.0
2011-12-22,17215216.0,4.40,4.49,4.25,4.38,3853019.0
2011-12-21,12267935.0,4.46,4.74,4.43,4.71,2600690.0
2011-12-20,13685432.0,4.67,4.82,4.65,4.74,2822195.0
2011-12-19,18477574.0,4.78,4.83,4.46,4.61,3906738.0
2011-12-16,23853208.0,4.67,4.72,4.37,4.49,5137067.0
2011-12-15,18074716.0,4.49,4.72,4.49,4.72,3833744.0
2011-12-14,11403374.0,4.72,4.86,4.69,4.81,2317854.0
2011-12-13,17743216.0,4.83,5.11,4.77,5.11,3512607.0
2011-12-12,12554145.0,5.14,5.27,5.12,5.27,2354519.0
2011-12-09,8838118.0,5.25,5.34,5.23,5.29,1626658.0
2011-12-08,16219068.0,5.30,5.38,5.21,5.36,2976333.0
2011-12-07,10104613.0,5.36,5.40,5.31,5.35,1833384.0
2011-12-06,8034054.0,5.34,5.39,5.27,5.34,1469098.0
2011-12-05,11515114.0,5.33,5.53,5.32,5.48,2083563.0
2011-12-02,20332956.0,5.49,5.68,5.45,5.62,3585718.0
2011-12-01,23794452.0,5.69,5.82,5.66,5.77,4026683.0
2011-11-30,22129512.0,5.61,5.92,5.55,5.92,3761294.0
2011-11-29,22294146.0,5.92,5.93,5.79,5.86,3704852.0
2011-11-28,14268094.0,5.79,5.88,5.77,5.85,2389193.0
2011-11-25,15153476.0,5.84,5.93,5.83,5.85,2508545.0
2011-11-24,16064029.0,5.90,5.94,5.85,5.92,2650687.0
2011-11-23,11023685.0,5.98,6.05,5.94,6.05,1788301.0
2011-11-22,13242421.0,6.01,6.06,5.93,5.99,2150251.0
2011-11-21,26836710.0,6.03,6.22,5.94,6.21,4327213.0
2011-11-18,41260424.0,6.17,6.39,6.13,6.19,6419183.0
2011-11-17,28463346.0,6.22,6.35,6.19,6.19,4414975.0
2011-11-16,32776022.0,6.18,6.42,6.15,6.41,5074982.0
2011-11-15,33004534.0,6.42,6.43,6.32,6.34,5032917.0
2011-11-14,27601140.0,6.33,6.37,6.23,6.23,4246999.0
2011-11-11,25625022.0,6.21,6.29,6.17,6.17,4004500.0
2011-11-09,27779184.0,6.30,6.30,6.16,6.26,4329221.0
2011-11-08,28928106.0,6.23,6.38,6.22,6.32,4457931.0
2011-11-07,27324440.0,6.33,6.43,6.32,6.38,4175534.0
2011-11-04,43699656.0,6.39,6.49,6.32,6.47,6660403.0
2011-11-03,81177712.0,6.40,6.59,6.35,6.37,12176341.0
2011-11-02,52511920.0,6.32,6.32,6.04,6.07,8262271.0
2011-11-01,33525094.0,6.16,6.25,6.12,6.15,5284970.0
2011-10-31,29445184.0,6.25,6.32,6.17,6.26,4596886.0
2011-10-28,43884636.0,6.29,6.37,6.16,6.36,6819731.0
2011-10-27,73557016.0,6.27,6.43,6.14,6.14,11338423.0
2011-10-26,35073836.0,6.09,6.17,6.03,6.05,5595165.0
2011-10-25,39410108.0,6.11,6.18,5.90,5.93,6331438.0
2011-10-24,32834868.0,5.95,5.97,5.74,5.86,5452879.0
2011-10-21,23286534.0,5.87,6.01,5.87,5.95,3835448.0
2011-10-20,39070756.0,5.96,6.27,5.95,6.21,6259034.0
2011-10-19,29735706.0,6.23,6.37,6.21,6.30,4607940.0
2011-10-18,44598616.0,6.31,6.55,6.30,6.55,6800323.0
2011-10-17,43650464.0,6.54,6.69,6.52,6.62,6440282.0
2011-10-14,47978752.0,6.62,6.66,6.47,6.61,7099631.0
2011-10-13,101698208.0,6.60,6.80,6.47,6.66,14920666.0
2011-10-11,157170528.0,6.50,7.28,6.50,7.18,22235564.0
2011-10-10,248607744.0,7.16,7.76,7.09,7.33,33064224.0
2011-09-30,173732480.0,7.30,7.37,6.94,7.28,23629564.0
2011-09-29,237445696.0,7.25,7.47,7.18,7.25,31614788.0
2011-09-28,159798832.0,7.25,7.35,6.99,7.24,21765160.0
2011-09-27,133670744.0,7.14,7.26,6.97,7.25,18369844.0
2011-09-26,113675560.0,7.18,7.28,7.10,7.23,15367905.0
2011-09-23,126381296.0,7.21,7.24,6.91,7.09,17353304.0
2011-09-22,77170952.0,7.12,7.37,7.01,7.16,10472306.0
2011-09-21,152230016.0,7.24,7.31,6.98,7.09,20710088.0
2011-09-20,87011520.0,7.06,7.06,6.77,6.78,12153357.0
2011-09-19,25213188.0,6.83,7.03,6.75,6.87,3574928.0
2011-09-16,31132114.0,6.91,7.05,6.90,6.94,4334092.0
2011-09-15,32195422.0,6.94,6.98,6.90,6.98,4516168.0
2011-09-14,46365136.0,6.95,6.96,6.73,6.74,6582321.0
2011-09-13,18573910.0,6.72,6.76,6.62,6.71,2703985.0
2011-09-09,25160412.0,6.79,6.80,6.59,6.68,3645473.0
2011-09-08,52975580.0,6.70,6.88,6.57,6.62,7625885.0
2011-09-07,28370476.0,6.57,6.58,6.44,6.50,4231860.0
2011-09-06,43420872.0,6.43,6.57,6.37,6.49,6528283.0
2011-09-02,40704200.0,6.73,6.93,6.69,6.90,5850936.0
2011-09-01,34609984.0,6.95,7.09,6.86,7.01,4811086.0
2011-08-31,31457174.0,6.99,7.03,6.91,6.97,4387136.0
2011-08-30,42597896.0,6.97,7.20,6.96,7.12,5846586.0
2011-08-29,47796472.0,7.10,7.32,7.10,7.21,6470548.0
2011-08-26,55764640.0,7.29,7.38,7.15,7.25,7440484.0
2011-08-25,58922336.0,7.25,7.29,7.10,7.17,7959207.0
2011-08-24,116447016.0,7.17,7.44,7.13,7.33,15551762.0
2011-08-23,239005200.0,7.43,7.95,7.38,7.59,30485868.0
2011-08-22,178094624.0,7.49,7.49,7.20,7.41,23469930.0
2011-08-19,205352192.0,7.37,7.53,6.98,7.15,27298832.0
2011-08-18,46510368.0,7.12,7.24,7.03,7.06,6338952.0
2011-08-17,46357200.0,7.09,7.17,6.97,7.12,6372189.0
2011-08-16,50817792.0,7.15,7.22,7.09,7.22,6903120.0
2011-08-15,61061300.0,7.20,7.20,7.01,7.08,8333635.0
2011-08-12,47562168.0,7.07,7.19,7.00,7.17,6521576.0
2011-08-11,68246144.0,7.11,7.15,6.84,6.98,9415938.0
2011-08-10,72721352.0,7.00,7.00,6.60,6.72,10365660.0
2011-08-09,45076280.0,6.62,6.62,6.16,6.36,6838396.0
2011-08-08,77600568.0,6.62,7.04,6.42,6.94,11257278.0
2011-08-05,143554048.0,7.07,7.27,6.79,6.86,19683208.0
2011-08-04,71326936.0,7.05,7.24,6.87,6.87,9845781.0
2011-08-03,27643594.0,6.86,6.98,6.76,6.81,3899289.0
2011-08-02,37155920.0,6.91,6.91,6.54,6.71,5377975.0
2011-08-01,26237144.0,6.70,6.74,6.53,6.62,3838175.0
2011-07-29,21269646.0,6.62,6.67,6.50,6.58,3151234.0
2011-07-28,19660602.0,6.57,6.67,6.53,6.67,2908919.0
2011-07-27,22716514.0,6.69,6.76,6.55,6.63,3322104.0
2011-07-26,14325922.0,6.65,6.69,6.53,6.66,2114676.0
2011-07-25,29944652.0,6.63,6.98,6.62,6.94,4288181.0
2011-07-22,14683243.0,6.96,7.02,6.93,6.93,2048991.0
2011-07-21,25043368.0,6.92,7.07,6.91,7.07,3491086.0
2011-07-20,21345384.0,7.08,7.09,7.00,7.02,2947833.0
2011-07-19,27226366.0,7.01,7.14,6.98,7.09,3766977.0
2011-07-18,36552872.0,7.15,7.27,7.11,7.23,4963664.0
2011-07-15,50374524.0,7.21,7.26,7.13,7.22,6815915.0
2011-07-14,67531752.0,7.25,7.25,7.07,7.09,9183446.0
2011-07-13,29459444.0,7.04,7.08,6.91,6.91,4084883.0
2011-07-12,53760536.0,6.96,7.17,6.93,7.05,7410595.0
2011-07-11,30721534.0,7.07,7.07,6.87,6.89,4281373.0
2011-07-08,26030538.0,6.90,6.99,6.88,6.98,3659820.0
2011-07-07,53026040.0,6.98,7.14,6.98,7.05,7323049.0
2011-07-06,44931260.0,7.04,7.07,6.93,6.98,6248606.0
2011-07-05,41520056.0,6.98,7.05,6.91,6.92,5794619.0
2011-07-04,47485468.0,6.92,6.98,6.77,6.82,6706303.0
2011-07-01,28999396.0,6.79,6.83,6.69,6.74,4154566.0
2011-06-30,23767544.0,6.74,6.78,6.61,6.66,3436376.0
2011-06-29,23258600.0,6.61,6.78,6.59,6.76,3376795.0
2011-06-28,20477900.0,6.77,6.81,6.69,6.81,2952362.0
2011-06-27,34185984.0,6.78,6.87,6.69,6.73,4899731.0
2011-06-24,42827912.0,6.71,6.79,6.52,6.54,6231252.0
2011-06-23,19868888.0,6.58,6.59,6.35,6.50,2978308.0
2011-06-22,11342792.0,6.47,6.55,6.45,6.50,1699829.0
2011-06-21,10888687.0,6.49,6.51,6.41,6.46,1639610.0
2011-06-20,14414093.0,6.44,6.58,6.38,6.48,2174007.0
2011-06-17,14451508.0,6.48,6.62,6.48,6.60,2149533.0
2011-06-16,23975922.0,6.61,6.75,6.53,6.64,3515288.0
2011-06-15,21552350.0,6.69,6.90,6.69,6.85,3083223.0
2011-06-14,32876040.0,6.85,6.91,6.72,6.82,4664501.0
2011-06-10,44121652.0,6.84,6.89,6.49,6.62,6390999.0
2011-06-09,74995536.0,6.70,7.16,6.68,6.91,10566322.0
2011-06-08,14467670.0,6.60,6.64,6.57,6.62,2131886.0
2011-06-07,13428658.0,6.62,6.65,6.52,6.56,1982586.0
2011-06-03,12844943.0,6.54,6.60,6.43,6.43,1911366.0
2011-06-02,17332226.0,6.49,6.61,6.43,6.61,2597759.0
2011-06-01,18386846.0,6.64,6.65,6.52,6.59,2709803.0
2011-05-31,16236503.0,6.57,6.58,6.37,6.47,2441251.0
2011-05-30,15448107.0,6.43,6.55,6.40,6.50,2320347.0
2011-05-27,27941696.0,6.48,6.66,6.33,6.62,4207976.0
2011-05-26,28799860.0,6.64,7.00,6.57,6.95,4136359.0
2011-05-25,15163965.0,6.92,7.04,6.91,6.97,2118383.0
2011-05-24,33522556.0,6.95,7.09,6.84,7.05,3103719.0
2011-05-23,22345680.0,7.09,7.33,7.08,7.27,1996254.0
2011-05-20,39999460.0,7.31,7.42,7.21,7.41,3522541.0
2011-05-19,46965508.0,7.46,7.56,7.43,7.47,4024723.0
2011-05-18,22273322.0,7.44,7.46,7.33,7.39,1930420.0
2011-05-16,21550902.0,7.41,7.45,7.38,7.45,1867697.0
2011-05-13,19169048.0,7.42,7.43,7.26,7.26,1677087.0
2011-05-12,25273168.0,7.26,7.40,7.24,7.37,2213163.0
2011-05-11,22693442.0,7.40,7.45,7.34,7.38,1969063.0
2011-05-10,20496786.0,7.34,7.34,7.29,7.31,1798087.0
2011-05-09,15076995.0,7.31,7.36,7.27,7.31,1322130.0
2011-05-06,16933226.0,7.27,7.31,7.13,7.26,1504343.0
2011-05-05,18225018.0,7.25,7.30,7.20,7.25,1613894.0
2011-05-04,19499332.0,7.25,7.41,7.21,7.40,1712165.0
2011-05-03,18715550.0,7.40,7.40,7.29,7.34,1637882.0
2011-04-29,20820312.0,7.31,7.34,7.24,7.31,1832894.0
2011-04-28,44748008.0,7.24,7.64,7.20,7.53,3887739.0
2011-04-27,39976700.0,7.53,7.79,7.48,7.54,3358342.0
2011-04-26,24171700.0,7.47,7.61,7.45,7.58,2066494.0
2011-04-25,37817528.0,7.58,7.88,7.57,7.87,3170301.0
2011-04-22,52997780.0,7.82,7.99,7.81,7.91,4316579.0
2011-04-21,76368496.0,7.90,7.90,7.67,7.70,6249840.0
2011-04-20,28264678.0,7.66,7.67,7.58,7.65,2376949.0
2011-04-19,37210708.0,7.65,7.69,7.49,7.60,3149283.0
2011-04-18,38214316.0,7.60,7.70,7.56,7.70,3230920.0
2011-04-15,32493286.0,7.70,7.79,7.63,7.77,2707790.0
2011-04-14,29825264.0,7.76,7.82,7.74,7.81,2464500.0
2011-04-13,41562192.0,7.82,7.87,7.68,7.75,3426049.0
2011-04-12,29585200.0,7.77,7.83,7.71,7.72,2441076.0
2011-04-11,40991660.0,7.77,7.93,7.76,7.93,3372153.0
2011-04-08,47666172.0,7.84,8.04,7.81,7.91,3883677.0
2011-04-07,45517904.0,7.80,7.88,7.68,7.68,3739458.0
2011-04-06,79695136.0,7.70,7.78,7.43,7.45,6665526.0
2011-04-01,57633956.0,7.45,7.56,7.35,7.45,4983606.0
2011-03-31,36834552.0,7.45,7.57,7.43,7.57,3154147.0
2011-03-30,58607356.0,7.49,7.82,7.45,7.77,4959525.0
2011-03-29,53121584.0,7.75,8.06,7.70,8.03,4323952.0
2011-03-28,40588488.0,8.06,8.09,7.97,8.00,3243660.0
2011-03-25,33189664.0,8.00,8.06,7.97,7.99,2661105.0
2011-03-24,36652808.0,7.97,8.08,7.97,8.07,2933550.0
2011-03-23,37852492.0,8.01,8.03,7.88,7.91,3046561.0
2011-03-22,28144372.0,7.90,7.93,7.80,7.84,2291980.0
2011-03-21,63238768.0,7.82,8.06,7.81,8.04,5161432.0
2011-03-17,52399236.0,7.97,8.21,7.95,8.14,4168305.0
2011-03-16,43367288.0,8.14,8.17,8.04,8.06,3430730.0
2011-03-15,65197200.0,8.11,8.34,7.93,8.34,5170865.0
2011-03-14,40511684.0,8.33,8.43,8.20,8.24,3141846.0
2011-03-11,49252524.0,8.30,8.44,8.28,8.35,3775015.0
2011-03-10,64532980.0,8.39,8.59,8.38,8.59,4907802.0
2011-03-09,63544676.0,8.59,8.72,8.49,8.63,4757001.0
2011-03-08,121484328.0,8.63,8.77,8.40,8.42,9052345.0
2011-03-07,68945592.0,8.42,8.53,8.37,8.47,5245562.0
2011-03-04,66675080.0,8.46,8.49,8.16,8.24,5145428.0
2011-03-03,86006232.0,8.27,8.58,8.20,8.47,6601630.0
2011-03-02,83051144.0,8.48,8.58,8.31,8.41,6318758.0
2011-03-01,146202672.0,8.49,8.70,8.38,8.47,11000865.0
2011-02-28,201338416.0,8.51,8.65,8.13,8.22,15307929.0
2011-02-25,108904288.0,8.18,8.21,7.81,8.01,8745684.0
2011-02-24,61973336.0,7.94,7.99,7.79,7.90,5033691.0
2011-02-23,86384744.0,7.83,7.98,7.71,7.90,7080063.0
2011-02-22,146313344.0,7.97,8.26,7.96,8.06,11578510.0
2011-02-21,57016672.0,7.99,7.99,7.80,7.83,4622400.0
2011-02-18,73573728.0,7.91,8.24,7.89,8.15,5879358.0
2011-02-17,119976736.0,8.12,8.14,7.92,7.99,9568760.0
2011-02-16,65705924.0,7.95,7.98,7.84,7.95,5332532.0
2011-02-15,96689992.0,7.99,8.10,7.84,7.91,7804201.0
2011-02-14,61238868.0,7.91,7.97,7.77,7.88,4977221.0
2011-02-11,40966792.0,7.87,8.01,7.86,7.89,3325322.0
2011-02-10,57417148.0,7.95,8.02,7.75,7.78,4642160.0
2011-02-09,54939472.0,7.82,8.01,7.74,7.82,4489562.0
2011-02-01,77165896.0,7.88,7.92,7.57,7.59,6356115.0
2011-01-31,49221264.0,7.59,7.61,7.25,7.33,4229617.0
2011-01-28,26743498.0,7.37,7.39,7.14,7.22,2354587.0
2011-01-27,21101700.0,7.14,7.20,6.99,7.12,1897978.0
2011-01-26,21618736.0,7.12,7.19,6.98,7.05,1952364.0
2011-01-25,18064354.0,7.04,7.06,6.80,7.00,1677682.0
2011-01-24,21943718.0,6.99,7.19,6.95,7.18,1991928.0
2011-01-21,20902564.0,7.16,7.24,7.07,7.09,1876000.0
2011-01-20,29173868.0,7.13,7.47,7.13,7.44,2575046.0
2011-01-19,24953288.0,7.38,7.43,7.25,7.36,2174094.0
2011-01-18,13302500.0,7.31,7.37,7.23,7.30,1168427.0
2011-01-17,27249424.0,7.25,7.54,7.22,7.48,2377057.0
2011-01-14,28477140.0,7.54,7.74,7.50,7.74,2418840.0
2011-01-13,22877564.0,7.78,7.94,7.75,7.83,1873642.0
2011-01-12,26920758.0,7.81,7.95,7.75,7.95,2208680.0
2011-01-11,47265928.0,7.88,7.93,7.48,7.52,3907901.0
2011-01-10,32891132.0,7.57,7.93,7.57,7.83,2743639.0
2011-01-07,35233668.0,7.85,8.13,7.78,7.88,2844506.0
2011-01-05,29765344.0,7.87,7.99,7.84,7.89,2414642.0
2011-01-04,66883656.0,7.92,7.97,7.57,7.64,5483911.0
