date,open,high,close,low,volume,amount
2015-11-27,16.62,16.95,15.52,15.42,7676413.0,125047592.0
2015-11-26,16.64,17.05,16.68,16.50,7284830.0,122304904.0
2015-11-25,16.21,16.79,16.65,16.02,4828203.0,79394296.0
2015-11-24,16.10,16.28,16.28,15.82,4013615.0,64445284.0
2015-11-23,16.35,16.66,16.18,16.01,4829036.0,78920144.0
2015-11-20,16.39,16.63,16.43,16.20,4022683.0,65927216.0
2015-11-19,15.93,16.52,16.48,15.93,3401661.0,55064616.0
2015-11-18,16.40,16.70,16.09,16.01,2958722.0,48205232.0
2015-11-17,16.45,17.10,16.43,16.42,6759869.0,113306392.0
2015-11-16,15.51,16.47,16.27,15.45,5182986.0,83273872.0
2015-11-13,16.39,16.39,15.89,15.80,5739398.0,92246416.0
2015-11-12,16.85,16.93,16.51,16.38,5664148.0,93764168.0
2015-11-11,16.80,16.94,16.85,16.52,5182284.0,86794040.0
2015-11-10,16.80,17.06,16.80,16.48,6705893.0,112783640.0
2015-11-09,16.38,17.05,17.00,16.20,8841764.0,146543376.0
2015-11-06,16.11,16.65,16.65,16.11,8436131.0,138632016.0
2015-11-05,16.36,16.69,16.23,16.07,8814775.0,143675904.0
2015-11-04,15.67,16.46,16.43,15.67,8025015.0,129932192.0
2015-11-03,16.00,16.29,15.60,15.40,5651209.0,89073864.0
2015-11-02,15.77,16.52,16.16,15.46,9495663.0,153496112.0
2015-10-30,15.77,16.26,16.10,15.50,9486792.0,150775232.0
2015-10-29,15.28,16.25,15.99,15.28,12208691.0,193496912.0
2015-10-28,15.35,16.15,15.21,15.15,10097827.0,157977472.0
2015-10-27,15.32,15.90,15.70,14.28,12927474.0,197661904.0
2015-10-26,15.11,15.36,15.20,14.94,9162585.0,139010880.0
2015-10-23,14.40,15.10,14.86,14.28,8659928.0,127100592.0
2015-10-22,13.80,14.40,14.27,13.61,7792213.0,109216832.0
2015-10-21,15.24,15.39,13.76,13.76,13078544.0,190406752.0
2015-10-20,14.66,15.33,15.29,14.61,11498357.0,173156784.0
2015-10-19,14.50,14.72,14.60,14.31,10758769.0,156247216.0
2015-10-16,14.40,14.60,14.60,14.06,9779025.0,140448192.0
2015-10-15,13.61,14.34,14.31,13.61,8109008.0,114121472.0
2015-10-14,13.91,14.05,13.73,13.72,5603936.0,77842864.0
2015-10-13,13.89,14.15,14.08,13.75,6946271.0,96883472.0
2015-10-12,13.50,14.19,14.09,13.45,7513327.0,104462728.0
2015-10-09,13.13,13.48,13.45,13.00,6331848.0,84153064.0
2015-10-08,13.00,13.24,13.14,13.00,4758824.0,62365144.0
2015-09-30,12.68,12.72,12.58,12.43,2224086.0,27982898.0
2015-09-29,12.68,12.77,12.52,12.43,3294136.0,41508676.0
2015-09-28,12.73,12.93,12.85,12.38,3081369.0,39189756.0
2015-09-25,13.18,13.36,12.71,12.60,5347735.0,69314928.0
2015-09-24,12.96,13.27,13.20,12.95,4616435.0,60567172.0
2015-09-23,13.02,13.27,12.87,12.74,6049834.0,78567816.0
2015-09-22,13.45,13.65,13.38,13.12,6986611.0,93730448.0
2015-09-21,12.63,13.48,13.45,12.60,6730267.0,88479280.0
2015-09-18,12.69,13.10,12.95,12.60,5971372.0,76426792.0
2015-09-17,12.82,13.35,12.52,12.51,9340492.0,120739816.0
2015-09-16,11.81,12.71,12.71,11.81,9397317.0,115253440.0
2015-09-15,12.11,12.64,11.55,11.46,7504380.0,90381560.0
2015-09-14,14.22,14.64,12.64,12.41,12601990.0,173347600.0
2015-09-11,13.48,13.79,13.79,13.28,7539723.0,102349944.0
2015-09-10,13.41,13.80,13.59,13.28,8447194.0,114231416.0
2015-09-09,13.31,13.87,13.77,13.18,14447865.0,195143760.0
2015-09-08,12.04,13.32,13.18,11.97,7772815.0,97600584.0
2015-09-07,12.26,13.00,12.15,11.91,11230821.0,138045344.0
2015-09-02,12.00,13.33,11.99,11.68,6689294.0,82183712.0
2015-09-01,14.25,14.26,12.79,12.79,6317120.0,83415120.0
2015-08-31,14.97,14.97,14.21,14.15,7446009.0,108477312.0
2015-08-28,14.21,15.17,15.16,14.00,8161358.0,118097432.0
2015-08-27,13.30,13.80,13.80,12.54,7146150.0,94635680.0
2015-08-26,13.73,14.31,12.73,12.22,9747583.0,130657792.0
2015-08-25,13.43,14.35,13.43,13.43,7289069.0,98992000.0
2015-08-24,15.20,15.89,14.92,14.92,6929552.0,103944936.0
2015-08-21,17.67,17.96,16.58,16.50,10511545.0,180610368.0
2015-08-20,19.70,19.99,18.15,18.15,10726278.0,204262480.0
2015-08-19,17.90,20.85,20.17,17.38,17698266.0,331933760.0
2015-08-18,21.68,22.30,19.31,19.31,20759766.0,428652640.0
2015-08-17,20.00,21.45,21.45,19.75,19501860.0,401102880.0
2015-08-14,19.35,20.54,19.50,19.00,21008784.0,415406720.0
2015-08-13,17.36,18.89,18.85,17.17,13859685.0,251773120.0
2015-08-12,17.65,18.27,17.41,17.31,9602319.0,169434128.0
2015-08-11,18.12,19.02,17.95,17.85,16599969.0,306670464.0
2015-08-10,16.28,17.77,17.77,16.28,11324164.0,193968272.0
2015-08-07,15.65,16.24,16.15,15.58,8537635.0,136736608.0
2015-08-06,15.01,15.98,15.44,14.75,5316694.0,81852248.0
2015-08-05,15.71,16.20,15.50,15.26,7843627.0,123590528.0
2015-08-04,14.51,15.75,15.72,14.51,7371566.0,111905696.0
2015-08-03,15.52,15.86,14.46,14.44,9441941.0,140473168.0
2015-07-31,16.86,17.18,16.04,15.61,9719913.0,160098096.0
2015-07-30,18.50,18.79,17.27,17.00,13285550.0,242818560.0
2015-07-29,18.01,18.80,18.80,16.71,15805616.0,283019936.0
2015-07-28,15.60,17.80,17.65,15.20,19299176.0,317651584.0
2015-07-27,16.78,18.46,16.89,16.50,25581008.0,455940800.0
2015-07-24,17.05,17.89,16.78,16.62,12021139.0,208606240.0
2015-07-23,16.49,17.26,17.20,16.35,12329788.0,209661936.0
2015-07-22,16.19,16.66,16.57,15.74,9311318.0,151120960.0
2015-07-21,15.59,16.45,16.29,15.38,10391905.0,167042592.0
2015-07-20,15.97,16.50,16.01,15.53,11807966.0,189756064.0
2015-07-17,14.98,16.20,15.95,14.98,10245113.0,161176160.0
2015-07-16,14.22,15.29,14.93,13.36,9510007.0,138927920.0
2015-07-15,15.10,15.40,14.22,14.22,11720861.0,172185424.0
2015-07-14,15.55,16.59,15.80,15.16,20982136.0,332649152.0
2015-07-13,15.09,15.09,15.09,14.65,10679201.0,160466864.0
2015-07-10,13.49,13.72,13.72,13.10,5874352.0,79978192.0
2015-07-09,10.95,12.47,12.47,10.84,11031065.0,134410480.0
2015-07-08,10.58,12.09,11.34,10.58,23270066.0,256731504.0
2015-07-07,12.52,12.90,11.75,11.75,13238285.0,157997408.0
2015-07-06,15.24,15.24,13.05,12.52,13419155.0,185305664.0
2015-07-03,14.91,15.49,13.85,13.85,12486888.0,177873952.0
2015-07-02,17.18,17.59,15.39,15.39,11336706.0,182345008.0
2015-07-01,18.68,19.24,17.10,16.89,9397475.0,172945152.0
2015-06-30,17.62,18.72,18.70,15.89,13258955.0,229138752.0
2015-06-29,20.00,20.35,17.66,17.66,11374297.0,210664768.0
2015-06-26,20.99,21.40,19.62,19.62,7507058.0,151114768.0
2015-06-25,23.35,23.37,21.80,21.51,9227942.0,208234272.0
2015-06-24,22.51,23.59,23.35,22.30,11680303.0,268443936.0
2015-06-23,22.37,22.89,22.29,20.15,10302599.0,222130208.0
2015-06-19,24.54,24.54,22.37,22.37,8839201.0,204837040.0
2015-06-18,26.14,26.95,24.85,24.70,9637698.0,248903712.0
2015-06-17,26.80,26.81,26.12,24.50,11226009.0,285787136.0
2015-06-16,27.00,27.48,26.53,26.00,9295376.0,248924960.0
2015-06-15,28.20,28.50,26.76,26.72,13253163.0,361612576.0
2015-06-12,28.59,29.80,28.37,28.10,13442713.0,387595456.0
2015-06-11,27.33,28.80,28.39,27.03,13754057.0,388590560.0
2015-06-10,27.31,28.80,27.58,26.71,15760441.0,438231200.0
2015-06-09,27.00,29.71,27.94,26.26,23345294.0,652528512.0
2015-06-08,26.00,28.05,28.05,26.00,21925596.0,598849728.0
2015-06-05,23.78,25.51,25.51,23.40,21307688.0,521853856.0
2015-06-04,23.30,23.93,23.19,21.16,13619503.0,307697088.0
2015-06-03,24.35,24.50,23.51,23.03,12265390.0,290132320.0
2015-06-02,23.80,24.40,24.34,23.15,19320044.0,460860608.0
2015-06-01,21.39,22.90,22.90,21.37,10504932.0,234056752.0
2015-05-29,21.60,21.97,20.82,20.20,10990561.0,231955824.0
2015-05-28,23.40,24.30,21.56,21.45,15427905.0,360291456.0
2015-05-27,23.18,23.41,23.34,22.40,15467251.0,359582304.0
2015-05-26,22.21,23.26,23.15,21.75,17600904.0,402527680.0
2015-05-25,21.60,22.54,22.16,21.26,13341397.0,297681792.0
2015-05-22,21.70,22.19,21.99,20.81,10876018.0,239277712.0
2015-05-21,21.70,22.77,22.00,20.88,12342438.0,271479936.0
2015-05-20,23.16,23.97,21.72,21.58,19883334.0,460556224.0
2015-05-19,20.86,22.62,22.30,20.68,12592107.0,275895584.0
2015-05-18,20.61,21.13,20.86,20.24,9381175.0,197032496.0
2015-05-15,20.06,21.48,21.04,19.76,15074173.0,313352256.0
2015-05-14,19.55,20.12,20.05,19.26,10500784.0,209791136.0
2015-05-13,19.67,19.72,19.55,18.97,7732189.0,151752160.0
2015-05-12,19.23,19.90,19.60,18.95,10153297.0,200997408.0
2015-05-11,18.68,19.33,19.10,18.57,8952645.0,171292656.0
2015-05-08,18.05,18.61,18.47,17.85,5832087.0,108355560.0
2015-05-07,19.20,19.20,17.85,17.28,6623715.0,121510952.0
2015-05-06,18.88,20.05,19.20,18.72,9752392.0,192338896.0
2015-05-05,20.68,21.00,19.02,18.94,15157688.0,304867840.0
2015-05-04,18.05,19.53,19.53,18.05,9642920.0,186708720.0
2015-04-30,16.96,17.93,17.75,16.87,9402247.0,166950736.0
2015-04-29,15.96,17.06,16.99,15.96,5049403.0,85985584.0
2015-04-28,17.39,17.42,16.57,16.38,6387837.0,108676088.0
2015-04-27,17.70,17.94,17.39,17.06,8128284.0,143653056.0
2015-04-24,16.63,17.92,17.59,16.47,11847160.0,208862800.0
2015-04-23,16.62,16.91,16.91,16.35,8509997.0,143654448.0
2015-04-22,16.22,16.66,16.56,16.22,8054488.0,134406672.0
2015-04-21,15.68,16.17,16.17,15.53,5645442.0,91002456.0
2015-04-20,15.63,16.27,15.65,15.53,6717756.0,108528976.0
2015-04-17,15.73,15.88,15.73,15.58,5002074.0,79839560.0
2015-04-16,15.58,15.78,15.67,15.19,4741370.0,74381456.0
2015-04-15,16.19,16.34,15.59,15.48,4451612.0,71569184.0
2015-04-14,16.44,16.50,16.17,16.05,5141200.0,84924992.0
2015-04-13,16.08,16.62,16.45,15.98,6484193.0,107464160.0
2015-04-10,15.48,16.17,16.12,15.45,5529419.0,89383000.0
2015-04-09,16.41,16.43,15.59,15.36,8210291.0,130602360.0
2015-04-08,16.73,16.73,16.41,16.00,5261183.0,87762272.0
2015-04-07,16.78,16.87,16.80,16.41,7376187.0,124495968.0
2015-04-03,16.10,16.89,16.75,15.98,7987568.0,133150880.0
2015-04-02,16.09,16.17,16.14,15.85,5946256.0,96519176.0
2015-04-01,15.50,15.97,15.96,15.39,5869304.0,93644760.0
2015-03-31,15.71,15.82,15.48,15.42,4222363.0,66699596.0
2015-03-30,15.57,15.82,15.71,15.36,4129874.0,65528268.0
2015-03-27,15.61,15.78,15.53,15.43,3665848.0,57920500.0
2015-03-26,15.96,16.02,15.64,15.60,4608055.0,73620552.0
2015-03-25,15.96,16.17,15.96,15.58,6030969.0,97472280.0
2015-03-24,15.93,16.62,15.96,15.35,6987086.0,113406848.0
2015-03-23,15.83,15.96,15.88,15.60,5405299.0,86453448.0
2015-03-20,15.86,16.08,15.83,15.71,4801257.0,77509048.0
2015-03-19,15.78,16.02,15.92,15.36,5695260.0,91024928.0
2015-03-18,15.24,16.03,15.81,15.17,6057007.0,95254216.0
2015-03-17,15.09,16.00,15.44,14.91,7179093.0,112367752.0
2015-03-16,15.04,15.19,15.02,14.84,5483033.0,83315648.0
2015-03-13,14.77,15.04,14.86,14.61,3805638.0,57136604.0
2015-03-12,15.30,15.52,14.74,14.55,5586899.0,84729048.0
2015-03-11,15.28,15.61,15.30,15.14,6091879.0,94711560.0
2015-03-10,14.65,15.68,15.52,14.51,11693878.0,180059376.0
2015-03-09,14.94,15.06,14.77,14.47,11722376.0,175231472.0
2015-03-06,13.42,14.75,14.75,13.42,11104025.0,163153824.0
2015-03-05,13.47,13.50,13.41,13.31,2320353.0,31459116.0
2015-03-04,13.35,13.55,13.47,13.31,1832448.0,24973330.0
2015-03-03,13.64,13.65,13.38,13.36,2871358.0,39193584.0
2015-03-02,13.46,13.65,13.61,13.38,3776340.0,51646924.0
2015-02-27,13.53,13.59,13.41,13.36,1997112.0,27198998.0
2015-02-26,13.42,13.54,13.54,13.31,1808374.0,24598728.0
2015-02-25,13.76,13.76,13.48,13.42,2533236.0,34870872.0
2015-02-17,13.59,13.81,13.77,13.49,3053170.0,42326444.0
2015-02-16,13.26,13.66,13.66,13.18,3473451.0,47662972.0
2015-02-13,13.32,13.43,13.29,13.21,2079885.0,28141072.0
2015-02-12,13.20,13.31,13.30,13.15,1555809.0,20893654.0
2015-02-11,12.81,13.27,13.20,12.81,1603714.0,21327328.0
2015-02-10,12.78,12.94,12.79,12.64,1106470.0,14300225.0
2015-02-09,12.95,13.17,12.75,12.72,2005033.0,26453152.0
2015-02-06,13.18,13.30,13.09,13.07,2789574.0,37300720.0
2015-02-05,13.27,13.31,13.19,13.15,3833960.0,51481116.0
2015-02-04,13.31,13.39,13.24,13.20,2398170.0,32227784.0
2015-02-03,13.14,13.46,13.28,13.14,2023593.0,27262756.0
2015-02-02,13.11,13.30,13.17,13.05,2117673.0,28355794.0
2015-01-30,13.10,13.35,13.18,13.10,2813793.0,37765716.0
2015-01-29,13.01,13.16,13.08,12.92,1866099.0,24737152.0
2015-01-28,13.34,13.34,13.05,13.02,3068777.0,41032868.0
2015-01-27,13.37,13.50,13.36,13.13,3265236.0,44043412.0
2015-01-26,12.92,13.51,13.37,12.92,4024876.0,54371416.0
2015-01-23,13.09,13.28,12.95,12.92,3618591.0,48013616.0
2015-01-22,12.86,13.29,13.10,12.76,4911850.0,65339068.0
2015-01-21,12.59,13.12,12.87,12.53,4998224.0,65440100.0
2015-01-20,11.77,12.61,12.61,11.77,3505030.0,43884096.0
2015-01-19,12.28,12.39,11.76,11.75,3008517.0,36992068.0
2015-01-16,12.31,12.56,12.56,12.23,2005442.0,25227038.0
2015-01-15,12.21,12.38,12.30,12.15,1405089.0,17484812.0
2015-01-14,12.14,12.43,12.11,11.98,2236804.0,27702742.0
2015-01-13,12.00,12.17,12.11,11.93,1351595.0,16518390.0
2015-01-12,12.19,12.23,11.99,11.94,2262300.0,27677098.0
2015-01-09,12.20,12.40,12.15,12.12,2542626.0,31743872.0
2015-01-08,12.50,12.53,12.20,12.19,2215956.0,27651174.0
2015-01-07,12.57,12.62,12.50,12.35,2364043.0,29908166.0
2015-01-06,12.27,12.62,12.58,12.06,4490193.0,56157152.0
2015-01-05,12.39,12.39,12.29,12.03,4151035.0,51314120.0
2014-12-31,12.72,12.80,12.39,12.23,4264151.0,53438492.0
2014-12-30,12.92,13.30,12.80,12.63,3112820.0,40979320.0
2014-12-29,12.51,12.99,12.82,12.51,3255508.0,42165376.0
2014-12-26,12.54,12.58,12.54,12.39,2056444.0,26000774.0
2014-12-25,12.70,12.70,12.53,12.36,1991447.0,25319174.0
2014-12-24,12.04,12.41,12.33,12.04,2195356.0,27336714.0
2014-12-23,11.89,12.31,12.02,11.88,2966554.0,36468460.0
2014-12-22,12.77,12.77,11.98,11.87,5553182.0,69179544.0
2014-12-19,12.83,13.16,12.77,12.54,4305838.0,55539648.0
2014-12-18,13.08,13.35,13.01,13.00,3841315.0,51225704.0
2014-12-17,13.18,13.18,13.10,12.92,3731893.0,49233248.0
2014-12-16,13.57,13.57,13.21,13.05,5777106.0,77592136.0
2014-12-15,13.85,13.85,13.61,13.46,5423231.0,75169224.0
2014-12-12,13.35,13.61,13.61,13.08,6098812.0,82470552.0
2014-12-11,13.11,13.46,13.23,12.85,6189073.0,82946216.0
2014-12-10,12.82,13.30,13.11,12.28,6339646.0,82270192.0
2014-12-09,13.41,13.84,12.93,12.92,12697532.0,171581504.0
2014-12-08,12.45,13.14,12.86,12.21,7342523.0,94408368.0
2014-12-05,13.35,13.61,12.56,12.23,8423070.0,109264424.0
2014-12-04,13.36,13.50,13.38,13.20,6148907.0,83057840.0
2014-12-03,13.67,13.67,13.35,13.10,8770549.0,118558256.0
2014-12-02,13.56,14.35,13.72,13.41,13665359.0,191416096.0
2014-12-01,12.85,13.54,13.54,12.83,13823638.0,187722016.0
2014-11-28,11.98,12.62,12.31,11.88,8924768.0,111089320.0
2014-11-27,11.84,12.02,11.98,11.74,4571562.0,54923504.0
2014-11-26,11.98,12.06,11.84,11.74,4878345.0,58483716.0
2014-11-25,11.64,12.08,11.97,11.59,6486338.0,78369696.0
2014-11-24,11.47,11.69,11.55,11.38,4793914.0,56135664.0
2014-11-21,11.47,11.47,11.43,11.31,2311421.0,26712346.0
2014-11-20,11.19,11.47,11.42,11.17,3803988.0,43925116.0
2014-11-19,11.10,11.28,11.24,11.06,2570588.0,29172228.0
2014-11-18,11.11,11.20,11.15,11.01,2250786.0,25347816.0
2014-11-17,11.01,11.17,11.10,10.95,2465397.0,27709928.0
2014-11-14,11.19,11.19,11.05,10.99,1649720.0,18528658.0
2014-11-13,11.12,11.37,11.18,10.88,3860931.0,43685476.0
2014-11-12,10.90,11.14,11.11,10.85,3009746.0,33740164.0
2014-11-11,11.39,11.42,10.86,10.82,5670451.0,63239696.0
2014-11-10,11.34,11.50,11.36,11.20,3084036.0,35432688.0
2014-11-07,11.56,11.74,11.39,11.33,3634268.0,42489744.0
2014-11-06,11.46,11.60,11.56,11.36,2132680.0,24866802.0
2014-11-05,11.16,11.59,11.46,11.14,3505481.0,40520584.0
2014-11-04,11.55,11.56,11.21,11.19,3128978.0,35999800.0
2014-11-03,11.44,11.70,11.52,11.34,4274726.0,49953760.0
2014-10-31,11.53,11.59,11.47,11.25,4156340.0,47939860.0
2014-10-30,11.14,11.80,11.52,11.07,7799043.0,90383744.0
2014-10-29,11.13,11.28,11.16,10.98,5493518.0,62191880.0
2014-10-28,10.74,11.18,11.07,10.73,5818398.0,65125344.0
2014-10-27,10.37,10.65,10.59,10.37,3381714.0,36307144.0
2014-10-24,10.26,10.50,10.33,10.26,2723479.0,28692332.0
2014-10-23,10.53,10.64,10.27,10.24,3238741.0,34066504.0
2014-10-22,10.78,10.93,10.57,10.55,3538018.0,38532572.0
2014-10-21,11.17,11.19,10.81,10.76,5095580.0,56507260.0
2014-10-20,11.05,11.17,11.15,10.89,5006335.0,56191980.0
2014-10-17,10.77,11.02,10.99,10.31,5645517.0,61362704.0
2014-10-16,10.70,11.19,10.77,10.63,8125455.0,90751576.0
2014-10-15,10.60,10.82,10.76,10.41,4758174.0,51154852.0
2014-10-14,10.48,10.72,10.60,10.41,3417431.0,36708360.0
2014-10-13,10.56,10.57,10.49,10.31,3422129.0,36209328.0
2014-10-10,10.56,10.75,10.63,10.45,5407279.0,58208324.0
2014-10-09,10.40,10.97,10.78,10.18,9277658.0,99821088.0
2014-10-08,10.44,10.53,10.39,10.25,3584900.0,37582448.0
2014-09-30,10.34,10.45,10.44,10.24,2988094.0,31365742.0
2014-09-29,10.17,10.42,10.34,10.17,3621251.0,37828808.0
2014-09-26,9.90,10.16,10.16,9.86,4165482.0,42367652.0
2014-09-25,10.05,10.10,9.92,9.90,3224501.0,32676506.0
2014-09-24,9.86,10.05,10.01,9.83,3724086.0,37657296.0
2014-09-23,9.71,9.91,9.90,9.71,3147757.0,31373500.0
2014-09-22,9.87,9.93,9.74,9.71,2803991.0,27855362.0
2014-09-19,9.75,9.96,9.89,9.75,2762813.0,27592360.0
2014-09-18,9.77,9.86,9.76,9.69,2979604.0,29585042.0
2014-09-17,9.71,9.81,9.76,9.62,3555205.0,35044016.0
2014-09-16,10.16,10.24,9.70,9.69,4783467.0,48342284.0
2014-09-15,9.99,10.16,10.16,9.94,4693982.0,48060348.0
2014-09-12,9.84,10.04,9.98,9.76,4638806.0,46574860.0
2014-09-11,9.84,10.04,9.84,9.75,5172517.0,51786752.0
2014-09-10,9.87,9.87,9.82,9.71,3431903.0,34072964.0
2014-09-09,9.94,9.95,9.87,9.81,3474328.0,34807992.0
2014-09-05,9.87,9.96,9.88,9.76,3733523.0,37256012.0
2014-09-04,9.86,9.91,9.87,9.78,4058665.0,40525708.0
2014-09-03,9.86,10.05,9.82,9.74,7509273.0,75318016.0
2014-09-02,9.62,9.84,9.74,9.62,7130713.0,70369584.0
2014-09-01,9.31,9.62,9.57,9.31,4972526.0,48063552.0
2014-08-29,9.22,9.32,9.31,9.18,2041707.0,19225410.0
2014-08-28,9.21,9.34,9.23,9.15,2560224.0,24014856.0
2014-08-27,9.12,9.33,9.22,9.12,3406907.0,31881776.0
2014-08-26,9.37,9.46,9.12,9.08,4632440.0,43347740.0
2014-08-25,9.55,9.55,9.40,9.37,2260041.0,21631824.0
2014-08-22,9.48,9.56,9.52,9.41,3186034.0,30690652.0
2014-08-21,9.37,9.52,9.49,9.21,4378864.0,41616928.0
2014-08-20,9.40,9.62,9.42,9.35,4157794.0,39911724.0
2014-08-19,9.34,9.71,9.40,9.31,8205980.0,79182552.0
2014-08-18,9.27,9.33,9.33,9.18,4993544.0,46758064.0
2014-08-15,8.96,9.22,9.22,8.96,3581500.0,33141490.0
2014-08-14,9.08,9.19,8.99,8.98,3840940.0,35378956.0
2014-08-13,9.17,9.17,9.15,9.00,3715231.0,34232632.0
2014-08-12,9.05,9.25,9.17,9.02,5832519.0,54012384.0
2014-08-11,8.80,9.14,9.14,8.79,7645454.0,69833768.0
2014-08-08,8.73,8.83,8.81,8.70,3351458.0,29791268.0
2014-08-07,8.90,8.90,8.72,8.71,3516346.0,31371090.0
2014-08-06,8.88,8.97,8.92,8.81,3837925.0,34568612.0
2014-08-05,8.76,8.88,8.88,8.71,4431188.0,39496592.0
2014-08-04,8.62,8.78,8.76,8.62,3623795.0,32062026.0
2014-08-01,8.75,8.82,8.62,8.62,4048005.0,35886304.0
2014-07-31,8.72,8.79,8.77,8.68,3382708.0,30041990.0
2014-07-30,8.71,8.75,8.72,8.64,3990654.0,35151948.0
2014-07-29,8.78,8.81,8.73,8.71,3936344.0,34906956.0
2014-07-28,8.70,8.81,8.78,8.66,5588939.0,49557792.0
2014-07-25,8.58,8.71,8.67,8.52,2795403.0,24478442.0
2014-07-24,8.51,8.61,8.58,8.41,3474589.0,30004694.0
2014-07-23,8.67,8.69,8.56,8.51,3071422.0,26743538.0
2014-07-22,8.59,8.76,8.68,8.52,4097604.0,35897868.0
2014-07-21,8.59,8.73,8.59,8.54,5211913.0,45694676.0
2014-07-18,8.43,8.72,8.58,8.41,5359819.0,46618508.0
2014-07-17,8.35,8.53,8.47,8.34,4301113.0,36871880.0
2014-07-16,8.45,8.47,8.37,8.34,2740516.0,23324182.0
2014-07-15,8.34,8.49,8.45,8.33,4087521.0,34874740.0
2014-07-14,8.31,8.37,8.36,8.26,2962692.0,25012780.0
2014-07-11,8.21,8.30,8.28,8.17,2265578.0,18955032.0
2014-07-10,8.15,8.24,8.17,8.13,2423795.0,20062256.0
2014-07-09,8.39,8.41,8.20,8.19,2889922.0,24344562.0
2014-07-08,8.39,8.42,8.39,8.31,2529430.0,21486492.0
2014-07-07,8.29,8.40,8.38,8.25,3065545.0,25883138.0
2014-07-04,8.30,8.34,8.28,8.26,2090300.0,17586600.0
2014-07-03,8.26,8.32,8.31,8.21,2203462.0,18503348.0
2014-07-02,8.20,8.26,8.26,8.19,2065810.0,17232166.0
2014-07-01,8.22,8.24,8.20,8.17,2000949.0,16645742.0
2014-06-30,8.21,8.24,8.21,8.17,1862359.0,15484202.0
2014-06-27,8.24,8.26,8.23,8.20,2337635.0,19488598.0
2014-06-26,8.10,8.21,8.18,8.10,2147002.0,17763438.0
2014-06-25,8.17,8.17,8.09,8.05,1314633.0,10781410.0
2014-06-24,8.09,8.35,8.18,8.04,4272668.0,35414904.0
2014-06-23,7.95,8.13,8.08,7.95,2354143.0,19224470.0
2014-06-20,7.89,7.99,7.95,7.83,1479371.0,11852692.0
2014-06-19,7.98,8.11,7.83,7.78,2411108.0,19361138.0
2014-06-18,8.11,8.18,8.00,7.98,2996358.0,24466596.0
2014-06-17,8.33,8.33,8.13,8.12,3340111.0,27718608.0
2014-06-16,8.33,8.35,8.33,8.28,1850447.0,15620978.0
2014-06-13,8.28,8.37,8.35,8.22,2749626.0,23165666.0
2014-06-12,8.28,8.31,8.28,8.21,1860158.0,15555729.0
2014-06-11,8.26,8.34,8.31,8.25,1607868.0,13536481.0
2014-06-10,8.21,8.30,8.30,8.14,2213283.0,18529888.0
2014-06-09,8.14,8.21,8.21,8.10,1766250.0,14604593.0
2014-06-06,8.22,8.22,8.15,8.10,1596710.0,13216134.0
2014-06-05,8.15,8.22,8.22,8.09,2343437.0,19372220.0
2014-06-04,8.38,8.40,8.14,8.08,4397688.0,36605124.0
2014-06-03,8.38,8.47,8.39,8.36,1656271.0,14123667.0
2014-05-30,8.40,8.46,8.41,8.33,2572497.0,21920670.0
2014-05-29,8.56,8.63,8.39,8.38,3825960.0,32855624.0
2014-05-28,8.62,8.65,8.59,8.37,5440919.0,46948552.0
2014-05-27,8.79,8.96,8.65,8.64,4569213.0,40414472.0
2014-05-26,8.78,9.11,8.80,8.69,8682554.0,77942000.0
2014-05-23,8.41,9.01,8.84,8.40,7926183.0,69903504.0
2014-05-22,8.42,8.54,8.46,8.39,3494627.0,30062770.0
2014-05-21,8.34,8.44,8.42,8.28,2505637.0,21301052.0
2014-05-20,8.57,8.59,8.35,8.33,3239685.0,27747550.0
2014-05-19,8.45,8.52,8.51,8.38,2567999.0,22029554.0
2014-05-16,8.52,8.56,8.48,8.28,4565535.0,38990768.0
2014-05-15,8.63,8.73,8.55,8.49,4135852.0,36098992.0
2014-05-14,8.88,8.88,8.66,8.54,6528876.0,57498888.0
2014-05-13,8.85,8.90,8.82,8.68,5338668.0,49107008.0
2014-05-12,8.77,8.90,8.88,8.59,7388462.0,68020016.0
2014-05-09,9.03,9.20,8.75,8.68,11774101.0,109973416.0
2014-05-08,9.63,9.69,9.14,9.08,14093954.0,139148144.0
2014-05-07,9.39,9.77,9.68,9.20,14278926.0,142176640.0
2014-05-06,9.54,9.67,9.43,9.38,11353364.0,112863040.0
2014-05-05,9.35,9.72,9.53,9.19,22254020.0,220232096.0
2014-04-30,8.92,9.52,9.52,8.76,23275426.0,225351840.0
2014-04-29,8.96,9.17,8.87,8.63,10563767.0,98231608.0
2014-04-28,8.91,9.23,8.96,8.76,12776966.0,121010600.0
2014-04-25,8.76,9.13,9.02,8.63,11411778.0,107008080.0
2014-04-24,9.20,9.37,8.87,8.73,12417090.0,117136008.0
2014-04-23,9.06,9.31,9.27,8.96,10064895.0,96639640.0
2014-04-22,8.75,9.19,9.11,8.61,9332932.0,87380056.0
2014-04-21,8.63,8.96,8.76,8.55,5577468.0,51423924.0
2014-04-18,8.78,8.78,8.72,8.63,2341730.0,21338064.0
2014-04-17,8.66,8.86,8.80,8.60,3887918.0,35631872.0
2014-04-16,8.63,8.80,8.60,8.59,4642925.0,42261732.0
2014-04-15,8.88,8.92,8.73,8.68,7005517.0,64730896.0
2014-04-14,8.77,9.40,9.05,8.77,16676598.0,158086144.0
2014-04-11,8.38,8.81,8.76,8.34,7045997.0,63588644.0
2014-04-10,8.48,8.48,8.38,8.34,2137814.0,18887644.0
2014-04-09,8.34,8.48,8.44,8.34,2472844.0,21836090.0
2014-04-08,8.23,8.38,8.37,8.16,2359833.0,20592468.0
2014-04-04,8.18,8.27,8.25,8.11,995101.0,8570180.0
2014-04-03,8.29,8.36,8.18,8.13,1948225.0,16770326.0
2014-04-02,8.31,8.33,8.29,8.23,1617610.0,14040606.0
2014-04-01,8.18,8.30,8.30,8.06,2477996.0,21379986.0
2014-03-31,8.62,8.73,8.24,8.17,4917862.0,43793276.0
2014-03-28,8.44,8.64,8.60,8.44,5630172.0,50610504.0
2014-03-27,8.53,8.59,8.45,8.37,2577957.0,22926200.0
2014-03-26,8.51,8.51,8.49,8.35,2290243.0,20245430.0
2014-03-25,8.44,8.58,8.47,8.41,3084979.0,27477758.0
2014-03-24,8.30,8.48,8.44,8.30,3553070.0,31337390.0
2014-03-21,8.13,8.33,8.29,7.96,2094001.0,17895108.0
2014-03-20,8.25,8.38,8.12,8.11,2908520.0,25233098.0
2014-03-19,8.25,8.25,8.25,8.09,1864806.0,15955748.0
2014-03-18,8.14,8.36,8.23,8.13,3735179.0,32261846.0
2014-03-17,8.18,8.18,8.13,8.01,2886638.0,24500042.0
2014-03-14,8.12,8.27,8.18,8.07,1213083.0,10408414.0
2014-03-13,8.15,8.21,8.13,8.07,1426236.0,12182338.0
2014-03-12,8.13,8.17,8.17,7.93,1690809.0,14308706.0
2014-03-11,7.96,8.16,8.11,7.92,1815906.0,15305146.0
2014-03-10,8.45,8.52,8.06,8.03,3215745.0,27745318.0
2014-03-07,8.49,8.55,8.50,8.40,2407101.0,21390156.0
2014-03-06,8.48,8.53,8.49,8.33,3022034.0,26717020.0
2014-03-05,8.69,8.75,8.53,8.50,3423896.0,30974866.0
2014-03-04,8.72,8.77,8.64,8.44,5016825.0,45296456.0
2014-03-03,8.68,8.93,8.86,8.51,8786496.0,80633568.0
2014-02-28,8.03,8.68,8.63,8.01,7867219.0,69339256.0
2014-02-27,8.09,8.27,7.99,7.97,2278854.0,19478714.0
2014-02-26,7.89,8.08,8.08,7.83,2087163.0,17431514.0
2014-02-25,8.04,8.28,7.96,7.92,3605608.0,30703044.0
2014-02-24,7.99,8.10,8.04,7.96,2590923.0,21805728.0
2014-02-21,8.33,8.33,8.09,8.01,2875566.0,24646936.0
2014-02-20,8.33,8.55,8.35,8.33,6711585.0,59345336.0
2014-02-19,8.22,8.34,8.29,8.17,2774955.0,24028042.0
2014-02-18,8.27,8.29,8.22,8.15,2300924.0,19815820.0
2014-02-17,8.20,8.31,8.30,8.09,3868351.0,33370408.0
2014-02-14,7.93,8.12,8.12,7.93,2102559.0,17801316.0
2014-02-13,8.14,8.15,7.96,7.95,1851354.0,15649425.0
2014-02-12,7.95,8.12,8.12,7.95,3002137.0,25400598.0
2014-02-11,7.97,8.06,7.95,7.89,1845864.0,15418111.0
2014-02-10,7.75,8.00,7.99,7.72,2355974.0,19562990.0
2014-02-07,7.64,7.79,7.75,7.62,1168071.0,9434728.0
2014-01-30,7.86,7.90,7.75,7.72,874781.0,7158843.0
2014-01-29,7.81,7.86,7.86,7.75,1140039.0,9338670.0
2014-01-28,7.71,7.91,7.82,7.66,2248777.0,18408978.0
2014-01-27,7.72,7.79,7.72,7.69,998000.0,8095126.0
2014-01-24,7.68,7.76,7.74,7.64,1531213.0,12416259.0
2014-01-23,7.66,7.72,7.68,7.62,1458330.0,11727482.0
2014-01-22,7.52,7.70,7.69,7.52,2125734.0,16936434.0
2014-01-21,7.47,7.58,7.54,7.45,900383.0,7107450.0
2014-01-20,7.36,7.56,7.44,7.35,1228149.0,9585989.0
2014-01-17,7.50,7.50,7.32,7.31,828666.0,6396079.0
2014-01-16,7.46,7.53,7.51,7.46,740260.0,5826461.0
2014-01-15,7.47,7.50,7.49,7.41,727909.0,5689787.0
2014-01-14,7.32,7.50,7.50,7.30,1055131.0,8205683.0
2014-01-13,7.30,7.37,7.32,7.25,621853.0,4767984.0
2014-01-10,7.24,7.31,7.28,7.22,1072867.0,8180803.0
2014-01-09,7.44,7.52,7.30,7.25,1323488.0,10278222.0
2014-01-08,7.62,7.65,7.48,7.48,1480455.0,11702133.0
2014-01-07,7.53,7.64,7.56,7.47,1202024.0,9512857.0
2014-01-06,7.86,7.90,7.54,7.44,3053870.0,24328344.0
2014-01-03,8.06,8.06,7.93,7.90,1501128.0,12514239.0
2014-01-02,7.94,8.08,8.06,7.94,1730223.0,14579505.0
2013-12-31,7.90,7.99,7.98,7.85,1493878.0,12446010.0
2013-12-30,8.00,8.01,7.94,7.90,1494014.0,12425068.0
2013-12-27,7.79,7.97,7.93,7.78,1140435.0,9461162.0
2013-12-26,8.11,8.12,7.80,7.78,2623687.0,21729532.0
2013-12-25,8.07,8.13,8.13,7.93,1955216.0,16531155.0
2013-12-24,7.87,8.10,8.01,7.87,2337279.0,19620854.0
2013-12-23,7.84,7.90,7.81,7.71,1162019.0,9508214.0
2013-12-20,7.98,8.04,7.75,7.74,1518110.0,12462657.0
2013-12-19,7.98,8.10,8.01,7.98,1770976.0,14951054.0
2013-12-18,7.96,8.05,7.97,7.90,1205360.0,10094694.0
2013-12-17,7.87,7.98,7.91,7.84,1597913.0,13246697.0
2013-12-16,8.15,8.18,7.85,7.83,3421345.0,28541682.0
2013-12-13,8.13,8.21,8.13,8.07,2441893.0,20809534.0
2013-12-12,8.11,8.30,8.16,8.06,3010156.0,25870410.0
2013-12-11,8.23,8.56,8.12,8.11,6879463.0,60403808.0
2013-12-10,8.10,8.32,8.25,8.09,3578267.0,30815444.0
2013-12-09,8.11,8.15,8.10,8.01,2594755.0,21989280.0
2013-12-06,7.98,8.15,8.09,7.96,2661840.0,22541048.0
2013-12-05,7.93,8.05,8.02,7.93,2267127.0,19030528.0
2013-12-04,7.80,7.98,7.94,7.72,2062593.0,17114338.0
2013-12-03,7.55,7.77,7.77,7.51,1402288.0,11244400.0
2013-12-02,7.92,8.00,7.55,7.51,3465204.0,28165582.0
2013-11-29,8.03,8.08,8.08,7.96,2384812.0,20066584.0
2013-11-28,8.09,8.10,8.05,7.98,2928862.0,24705066.0
2013-11-27,7.86,8.06,8.05,7.82,3214060.0,26924686.0
2013-11-26,7.79,7.88,7.81,7.69,1347060.0,10970639.0
2013-11-25,7.77,7.94,7.80,7.76,1527442.0,12605386.0
2013-11-22,7.90,7.95,7.77,7.73,1415215.0,11648178.0
2013-11-21,7.93,7.93,7.87,7.80,1577070.0,13009144.0
2013-11-20,7.77,7.97,7.95,7.75,2798293.0,23145428.0
2013-11-19,7.76,7.82,7.78,7.73,2134498.0,17419192.0
2013-11-18,7.60,7.79,7.76,7.59,2219284.0,18021982.0
2013-11-15,7.39,7.64,7.62,7.37,1518550.0,12059256.0
2013-11-14,7.35,7.44,7.41,7.32,876880.0,6792496.0
2013-11-13,7.48,7.50,7.35,7.34,1460805.0,11345489.0
2013-11-12,7.48,7.55,7.50,7.38,1278982.0,10011513.0
2013-11-11,7.46,7.55,7.47,7.35,1638803.0,12790005.0
2013-11-08,7.74,7.80,7.58,7.55,3024637.0,24422174.0
2013-11-07,7.62,7.71,7.71,7.41,2006233.0,15916607.0
2013-11-06,7.74,7.80,7.60,7.59,1263051.0,10203157.0
2013-11-05,7.62,7.78,7.78,7.53,1631991.0,13156173.0
2013-11-04,7.57,7.69,7.62,7.57,915849.0,7329612.0
2013-11-01,7.55,7.66,7.57,7.50,1086736.0,8649247.0
2013-10-31,7.63,7.81,7.68,7.63,2571340.0,20845152.0
2013-10-30,7.47,7.64,7.63,7.41,1807797.0,14269765.0
2013-10-29,7.72,7.77,7.46,7.25,3031442.0,23870110.0
2013-10-28,7.69,7.87,7.69,7.65,1556461.0,12616514.0
2013-10-25,7.79,7.87,7.66,7.63,2162415.0,17533066.0
2013-10-24,7.71,7.82,7.79,7.64,1957183.0,15898967.0
2013-10-23,8.18,8.29,7.74,7.70,5910532.0,49091732.0
2013-10-22,8.57,8.61,8.21,8.19,4380636.0,38269604.0
2013-10-21,8.38,8.63,8.56,8.21,3444426.0,30542030.0
2013-10-18,8.23,8.44,8.37,8.20,2362196.0,20577328.0
2013-10-17,8.40,8.54,8.20,8.06,3504824.0,30622172.0
2013-10-16,8.59,8.70,8.35,8.25,4698325.0,41569340.0
2013-10-15,8.68,8.79,8.75,8.50,4671647.0,42150084.0
2013-10-14,8.63,8.98,8.65,8.60,9002737.0,82648096.0
2013-10-11,8.23,8.55,8.54,8.18,7278905.0,64475452.0
2013-10-10,8.01,8.41,8.18,7.95,5608345.0,48328204.0
2013-10-09,8.05,8.09,7.97,7.85,3254064.0,27113674.0
2013-10-08,7.88,8.11,8.05,7.83,3267835.0,27526362.0
2013-09-30,7.75,7.93,7.93,7.72,3202676.0,26399526.0
2013-09-27,7.66,7.84,7.75,7.55,3058431.0,24709014.0
2013-09-26,7.94,8.13,7.63,7.63,4554428.0,37773000.0
2013-09-25,7.71,8.24,7.98,7.68,8251265.0,69729624.0
2013-09-24,7.56,7.73,7.73,7.45,3897077.0,31058294.0
2013-09-23,7.50,7.59,7.53,7.45,2867822.0,22640468.0
2013-09-18,7.45,7.54,7.50,7.27,3201798.0,24796978.0
2013-09-17,7.72,7.72,7.43,7.39,3133091.0,24747772.0
2013-09-16,7.70,7.76,7.72,7.54,3001089.0,24081764.0
2013-09-13,7.58,7.85,7.66,7.54,5969808.0,48278740.0
2013-09-12,7.34,7.61,7.54,7.33,5826525.0,45856916.0
2013-09-11,7.42,7.44,7.35,7.30,3962372.0,30575586.0
2013-09-10,7.27,7.47,7.42,7.23,3950569.0,30487576.0
2013-09-09,7.14,7.31,7.29,7.10,3193161.0,24136446.0
2013-09-06,7.10,7.18,7.14,7.10,2767512.0,20729652.0
2013-09-05,7.25,7.25,7.14,7.08,3047185.0,22865974.0
2013-09-04,7.24,7.27,7.25,7.18,2303972.0,17458372.0
2013-09-03,7.12,7.25,7.24,7.10,2316208.0,17408588.0
2013-09-02,7.18,7.18,7.14,6.96,3335170.0,24699264.0
2013-08-30,7.22,7.47,7.21,7.15,5897256.0,45433648.0
2013-08-29,7.10,7.24,7.23,7.06,2696132.0,20215924.0
2013-08-28,7.12,7.20,7.10,7.04,2028151.0,15115894.0
2013-08-27,7.07,7.20,7.14,7.03,2734480.0,20399818.0
2013-08-26,6.91,7.10,7.07,6.87,1767931.0,13024531.0
2013-08-23,7.03,7.14,6.92,6.84,3114866.0,22851280.0
2013-08-22,7.10,7.18,7.03,7.01,1901496.0,14146648.0
2013-08-21,7.07,7.13,7.12,7.00,1895619.0,14058002.0
2013-08-20,7.11,7.13,7.06,7.01,3355977.0,24938064.0
2013-08-19,6.91,7.11,7.06,6.90,3234269.0,23793480.0
2013-08-16,6.81,7.00,6.90,6.77,2470530.0,17902438.0
2013-08-15,6.88,6.94,6.84,6.80,1306200.0,9384624.0
2013-08-14,6.93,6.98,6.92,6.88,1716156.0,12465998.0
2013-08-13,6.90,6.96,6.91,6.86,1436338.0,10408385.0
2013-08-12,6.83,6.93,6.91,6.77,2564114.0,18492008.0
2013-08-09,6.74,6.82,6.82,6.69,1804220.0,12789817.0
2013-08-08,6.69,6.74,6.70,6.63,1339121.0,9397936.0
2013-08-07,6.75,6.79,6.69,6.68,1484178.0,10482113.0
2013-08-06,6.70,6.82,6.78,6.62,1642879.0,11605087.0
2013-08-05,6.62,6.71,6.70,6.60,1296588.0,9063098.0
2013-08-02,6.62,6.66,6.62,6.57,1161790.0,8055244.0
2013-08-01,6.49,6.62,6.60,6.49,1011305.0,6970029.0
2013-07-31,6.53,6.66,6.51,6.48,1130993.0,7820470.0
2013-07-30,6.44,6.65,6.56,6.39,829345.0,5656313.0
2013-07-29,6.49,6.49,6.45,6.40,775455.0,5243158.0
2013-07-26,6.52,6.55,6.52,6.47,719170.0,4910420.0
2013-07-25,6.67,6.67,6.54,6.54,1138875.0,7863271.0
2013-07-24,6.64,6.79,6.67,6.60,2524042.0,17680900.0
2013-07-23,6.42,6.54,6.53,6.37,1242930.0,8463201.0
2013-07-22,6.29,6.42,6.42,6.22,1684936.0,11248347.0
2013-07-19,6.59,6.64,6.28,6.26,1539323.0,10476034.0
2013-07-18,6.52,6.65,6.61,6.41,2260122.0,15564426.0
2013-07-17,6.52,6.63,6.54,6.50,1552996.0,10676724.0
2013-07-16,6.52,6.59,6.56,6.48,1467349.0,10056389.0
2013-07-15,6.51,6.57,6.57,6.41,1512533.0,10311240.0
2013-07-12,6.60,6.65,6.49,6.47,1921341.0,13218260.0
2013-07-11,6.52,6.69,6.61,6.48,2924855.0,20249086.0
2013-07-10,6.38,6.52,6.52,6.34,1499497.0,10178765.0
2013-07-09,6.30,6.42,6.38,6.27,1469860.0,9790476.0
2013-07-08,6.54,6.58,6.41,6.39,3888065.0,26414496.0
2013-07-05,6.31,6.41,6.40,6.31,1181630.0,7886739.0
2013-07-04,6.27,6.39,6.35,6.15,1148037.0,7597176.0
2013-07-03,6.31,6.31,6.26,6.16,905923.0,5929045.0
2013-07-02,6.35,6.36,6.31,6.27,917974.0,6075437.0
2013-07-01,6.27,6.35,6.35,6.17,917313.0,6024062.0
2013-06-28,6.22,6.34,6.22,6.11,897884.0,5861261.0
2013-06-27,6.42,6.43,6.25,6.24,1778363.0,11840107.0
2013-06-26,6.29,6.46,6.44,6.21,2146625.0,14344963.0
2013-06-25,6.06,6.37,6.28,5.87,3106885.0,19890380.0
2013-06-24,6.37,6.39,6.07,6.01,1369544.0,8875587.0
2013-06-21,6.44,6.44,6.35,6.29,823862.0,5513571.0
2013-06-20,6.59,6.59,6.48,6.47,893399.0,6129355.0
2013-06-19,6.66,6.66,6.57,6.53,664838.0,4588016.0
2013-06-18,6.66,6.72,6.66,6.63,672156.0,4703094.0
2013-06-17,6.69,6.73,6.67,6.60,1119807.0,7797951.0
2013-06-14,6.89,6.89,6.75,6.56,1474054.0,10456846.0
2013-06-13,6.71,6.73,6.54,6.46,1584306.0,10890486.0
2013-06-07,6.98,7.04,6.77,6.73,2697882.0,19389290.0
2013-06-06,7.09,7.09,6.98,6.97,957407.0,7050174.0
2013-06-05,7.05,7.09,7.09,7.02,1314837.0,9729633.0
2013-06-04,7.27,7.28,7.06,7.01,2501126.0,18674698.0
2013-06-03,7.33,7.34,7.24,7.19,2270485.0,17249422.0
2013-05-31,7.45,7.51,7.35,7.34,3610856.0,28076542.0
2013-05-30,7.32,7.44,7.44,7.28,3549680.0,27518842.0
2013-05-29,7.31,7.37,7.32,7.30,2365862.0,18186272.0
2013-05-28,7.28,7.36,7.31,7.18,2688516.0,20575070.0
2013-05-27,7.26,7.34,7.28,7.23,1731383.0,13213143.0
2013-05-24,7.18,7.25,7.25,7.16,1293795.0,9772673.0
2013-05-23,7.22,7.32,7.18,7.17,2015125.0,15331188.0
2013-05-22,7.30,7.37,7.24,7.20,2659260.0,20290682.0
2013-05-21,7.25,7.32,7.29,7.20,3783004.0,28810338.0
2013-05-20,7.11,7.30,7.25,7.10,4409005.0,33407638.0
2013-05-17,7.07,7.13,7.11,6.99,2433511.0,18041808.0
2013-05-16,6.98,7.09,7.05,6.97,2279564.0,16851408.0
2013-05-15,6.89,7.00,7.00,6.86,1368886.0,9957925.0
2013-05-14,6.95,6.97,6.90,6.85,976707.0,7066680.0
2013-05-13,6.95,6.99,6.95,6.89,1503291.0,10944704.0
2013-05-10,6.81,6.95,6.95,6.78,1479680.0,10671076.0
2013-05-09,6.87,6.89,6.80,6.75,1138499.0,8115173.0
2013-05-08,6.94,6.96,6.89,6.84,1296920.0,9348633.0
2013-05-07,6.89,6.90,6.90,6.83,1121378.0,8287568.0
2013-05-06,6.82,6.89,6.89,6.78,1321946.0,9771850.0
2013-05-03,6.74,6.82,6.82,6.72,1195604.0,8751382.0
2013-05-02,6.65,6.75,6.73,6.63,737023.0,5329536.0
2013-04-26,6.66,6.72,6.68,6.63,1086797.0,7809240.0
2013-04-25,6.76,6.77,6.64,6.61,1283040.0,9250639.0
2013-04-24,6.69,6.80,6.79,6.65,808829.0,5874064.0
2013-04-23,6.85,6.91,6.66,6.64,936851.0,6808488.0
2013-04-22,6.76,6.85,6.85,6.76,1501587.0,11031568.0
2013-04-19,6.70,6.78,6.76,6.70,1097388.0,7994908.0
2013-04-18,6.68,6.74,6.70,6.64,472420.0,3408884.0
2013-04-17,6.64,6.70,6.70,6.64,429451.0,3086234.0
2013-04-16,6.56,6.67,6.65,6.54,831579.0,5918879.0
2013-04-15,6.51,6.61,6.58,6.51,621061.0,4397763.0
2013-04-12,6.65,6.71,6.61,6.59,585917.0,4206229.0
2013-04-11,6.77,6.81,6.66,6.64,739395.0,5374783.0
2013-04-10,6.77,6.79,6.76,6.71,542986.0,3952326.0
2013-04-09,6.68,6.78,6.76,6.68,748324.0,5445672.0
2013-04-08,6.63,6.74,6.71,6.51,1003189.0,7136074.0
2013-04-03,6.71,6.72,6.70,6.63,782703.0,5636742.0
2013-04-02,6.75,6.79,6.70,6.64,958502.0,6947150.0
2013-04-01,6.76,6.76,6.75,6.67,1256732.0,9109049.0
2013-03-29,6.76,6.84,6.73,6.68,1447488.0,10541125.0
2013-03-28,6.97,6.97,6.73,6.72,2176085.0,15964368.0
2013-03-27,7.07,7.14,7.02,6.94,2138018.0,16210292.0
2013-03-26,7.13,7.16,7.09,6.97,1909596.0,14496642.0
2013-03-25,7.21,7.22,7.15,7.08,3448549.0,26495638.0
2013-03-22,6.96,7.28,7.23,6.90,5497125.0,42437832.0
2013-03-21,6.91,7.01,6.96,6.89,1344632.0,10066579.0
2013-03-20,6.76,6.92,6.91,6.73,1201258.0,8869910.0
2013-03-19,6.77,6.83,6.75,6.62,1016806.0,7363593.0
2013-03-18,6.88,6.92,6.77,6.77,1257350.0,9280551.0
2013-03-15,6.84,6.98,6.86,6.81,1394764.0,10343205.0
2013-03-14,6.81,6.89,6.84,6.77,686261.0,5058705.0
2013-03-13,6.94,6.96,6.83,6.80,1609442.0,11915900.0
2013-03-12,7.28,7.31,6.96,6.80,2813135.0,21340412.0
2013-03-11,7.25,7.36,7.28,7.24,1429222.0,11235721.0
2013-03-08,7.29,7.34,7.22,7.21,1639868.0,12834885.0
2013-03-07,7.40,7.43,7.30,7.24,3315860.0,26266332.0
2013-03-06,7.18,7.44,7.41,7.15,4587638.0,36030952.0
2013-03-05,7.00,7.25,7.20,6.97,2517502.0,19443956.0
2013-03-04,7.15,7.20,7.00,6.94,1811827.0,13818433.0
2013-03-01,7.09,7.25,7.18,7.08,2114960.0,16332968.0
2013-02-28,7.00,7.12,7.09,6.94,1428351.0,10846633.0
2013-02-27,6.98,7.02,6.96,6.91,826519.0,6210311.0
2013-02-26,7.06,7.12,6.98,6.94,1326180.0,10086709.0
2013-02-25,7.03,7.11,7.10,7.01,1250397.0,9532127.0
2013-02-22,7.07,7.09,7.03,7.00,2757199.0,20940816.0
2013-02-21,7.27,7.27,7.07,7.03,2061437.0,15799407.0
2013-02-20,7.19,7.28,7.28,7.15,1229490.0,9578599.0
2013-02-19,7.34,7.37,7.18,7.15,1659398.0,12931701.0
2013-02-18,7.44,7.45,7.34,7.29,1932159.0,15314774.0
2013-02-08,7.35,7.44,7.43,7.33,1715805.0,13690042.0
2013-02-07,7.34,7.37,7.35,7.24,1219739.0,9588059.0
2013-02-06,7.31,7.45,7.34,7.29,1888592.0,15021229.0
2013-02-05,7.25,7.32,7.29,7.17,1487426.0,11632516.0
2013-02-04,7.29,7.51,7.28,7.24,2911065.0,23019554.0
2013-02-01,7.15,7.29,7.28,7.15,2311981.0,18007632.0
2013-01-31,7.18,7.20,7.16,7.11,1199558.0,9222956.0
2013-01-30,7.16,7.19,7.18,7.10,1560552.0,12006117.0
2013-01-29,7.11,7.16,7.15,7.07,1565373.0,12022149.0
2013-01-28,6.94,7.11,7.11,6.91,1021649.0,7751498.0
2013-01-25,6.94,6.96,6.89,6.89,830328.0,6191329.0
2013-01-24,7.19,7.25,6.93,6.89,2077552.0,15865727.0
2013-01-23,7.22,7.29,7.18,7.06,1304975.0,10083767.0
2013-01-22,7.29,7.37,7.24,7.19,2469412.0,19419138.0
2013-01-21,7.19,7.35,7.30,7.19,3001884.0,23598706.0
2013-01-18,7.13,7.17,7.14,7.03,1798328.0,13749707.0
2013-01-17,7.17,7.18,7.13,7.05,1423810.0,10927942.0
2013-01-16,7.24,7.27,7.18,7.10,1707578.0,13201141.0
2013-01-15,7.14,7.25,7.24,7.09,2689871.0,20847648.0
2013-01-14,6.86,7.12,7.10,6.82,2015749.0,15194541.0
2013-01-11,7.14,7.15,6.89,6.85,2079449.0,15670231.0
2013-01-10,7.10,7.19,7.16,7.10,1425981.0,10980969.0
2013-01-09,7.15,7.23,7.13,7.10,2028510.0,15620275.0
2013-01-08,7.18,7.27,7.17,7.06,2713383.0,20908558.0
2013-01-07,7.00,7.28,7.21,6.92,4050840.0,31240958.0
2013-01-04,6.98,7.03,7.02,6.78,2389215.0,17909486.0
2012-12-31,6.91,6.98,6.94,6.88,1420400.0,10609181.0
2012-12-28,6.81,6.95,6.90,6.76,1158164.0,8558185.0
2012-12-27,6.94,6.98,6.83,6.80,1911687.0,14141007.0
2012-12-26,6.79,6.95,6.94,6.77,2397389.0,17795034.0
2012-12-25,6.65,6.82,6.80,6.59,2342996.0,17036886.0
2012-12-24,6.57,6.65,6.65,6.57,1259861.0,8985371.0
2012-12-21,6.61,6.66,6.61,6.55,2035243.0,14462665.0
2012-12-20,6.52,6.62,6.60,6.51,1754727.0,12413309.0
2012-12-19,6.48,6.59,6.54,6.47,1474532.0,10405586.0
2012-12-18,6.48,6.61,6.51,6.45,1849428.0,13029412.0
2012-12-17,6.48,6.56,6.51,6.45,2435856.0,17061440.0
2012-12-14,6.20,6.51,6.45,6.20,2715524.0,18704128.0
2012-12-13,6.25,6.32,6.21,6.20,1026328.0,6910733.0
2012-12-12,6.37,6.40,6.28,6.22,1673416.0,11356811.0
2012-12-11,6.44,6.44,6.38,6.35,824634.0,5668321.0
2012-12-10,6.30,6.47,6.44,6.30,1731747.0,11955820.0
2012-12-07,6.12,6.35,6.30,6.12,801349.0,5394667.0
2012-12-06,6.18,6.22,6.15,6.10,519938.0,3445346.0
2012-12-05,5.96,6.24,6.16,5.94,1000514.0,6623433.0
2012-12-04,5.99,6.03,5.98,5.79,1241996.0,7853422.0
2012-12-03,6.08,6.13,6.00,6.00,336320.0,2194909.0
2012-11-30,6.02,6.12,6.12,6.01,399287.0,2619134.0
2012-11-29,6.06,6.11,6.03,6.02,316365.0,2068795.0
2012-11-28,6.22,6.22,6.08,6.04,541103.0,3553957.0
2012-11-27,6.51,6.51,6.22,6.22,643962.0,4386127.0
2012-11-26,6.55,6.56,6.50,6.48,245415.0,1720905.0
2012-11-23,6.53,6.58,6.55,6.51,405059.0,2855903.0
2012-11-22,6.54,6.55,6.52,6.50,316750.0,2225972.0
2012-11-21,6.50,6.58,6.58,6.45,441036.0,3098583.0
2012-11-20,6.54,6.54,6.50,6.49,438430.0,3077507.0
2012-11-19,6.50,6.55,6.51,6.46,324605.0,2270955.0
2012-11-16,6.55,6.55,6.50,6.45,431059.0,3013205.0
2012-11-15,6.65,6.66,6.55,6.54,513276.0,3644360.0
2012-11-14,6.66,6.67,6.65,6.60,697277.0,4989309.0
2012-11-13,6.76,6.80,6.64,6.62,745600.0,5384127.0
2012-11-12,6.72,6.77,6.76,6.71,903900.0,6565199.0
2012-11-09,6.84,6.86,6.73,6.72,1800160.0,13180948.0
2012-11-08,7.31,7.40,6.99,6.96,5129717.0,39617196.0
2012-11-07,7.02,7.20,7.18,7.02,1138671.0,8746172.0
2012-11-06,7.10,7.10,7.06,6.97,547292.0,4136756.0
2012-11-05,7.04,7.13,7.10,6.99,974256.0,7404943.0
2012-11-02,7.07,7.07,7.03,6.97,1445137.0,10928980.0
2012-11-01,6.99,7.06,7.04,6.97,1148200.0,8689997.0
2012-10-31,6.98,7.00,6.95,6.93,837598.0,6280767.0
2012-10-30,6.84,6.99,6.95,6.84,554891.0,4140065.0
2012-10-29,7.01,7.03,6.85,6.85,799798.0,5979289.0
2012-10-26,7.16,7.16,7.01,7.01,1054618.0,8026514.0
2012-10-25,7.16,7.24,7.18,7.15,752096.0,5835016.0
2012-10-24,7.11,7.23,7.19,7.11,657016.0,5077342.0
2012-10-23,7.25,7.27,7.20,7.19,690772.0,5380057.0
2012-10-22,7.24,7.28,7.28,7.16,957233.0,7444134.0
2012-10-19,7.24,7.28,7.25,7.22,936898.0,7321253.0
2012-10-18,7.15,7.28,7.23,7.12,1018300.0,7908540.0
2012-10-17,7.07,7.15,7.13,6.98,893633.0,6810652.0
2012-10-16,7.06,7.14,7.06,7.02,651092.0,4967964.0
2012-10-15,7.10,7.13,7.05,6.98,577772.0,4387131.0
2012-10-12,7.22,7.25,7.14,7.12,625526.0,4836516.0
2012-10-11,7.27,7.29,7.19,7.18,1058736.0,8244700.0
2012-10-10,7.17,7.33,7.30,7.14,1658651.0,12956719.0
2012-10-09,6.97,7.19,7.17,6.97,1564391.0,11996678.0
2012-10-08,7.08,7.13,6.97,6.95,680644.0,5150355.0
2012-09-28,6.92,7.08,7.08,6.89,1107799.0,8374424.0
2012-09-27,6.79,7.01,6.96,6.76,1183756.0,8787745.0
2012-09-26,6.95,6.98,6.79,6.77,808260.0,5977804.0
2012-09-25,7.04,7.10,6.97,6.94,815219.0,6155270.0
2012-09-24,6.96,7.10,7.06,6.91,609006.0,4602913.0
2012-09-21,7.07,7.15,7.04,6.96,1031184.0,7848378.0
2012-09-20,7.52,7.52,7.09,7.05,2680054.0,20818196.0
2012-09-19,7.45,7.52,7.52,7.38,751506.0,6023324.0
2012-09-18,7.49,7.49,7.41,7.33,760745.0,6054436.0
2012-09-17,7.66,7.68,7.44,7.42,1013351.0,8248802.0
2012-09-14,7.73,7.75,7.68,7.59,1237747.0,10253779.0
2012-09-13,7.79,7.92,7.67,7.67,2807916.0,23692072.0
2012-09-12,7.84,7.93,7.82,7.77,3024421.0,25511614.0
2012-09-11,7.65,7.85,7.83,7.62,3371749.0,28173246.0
2012-09-10,7.67,7.79,7.71,7.60,4797970.0,39704560.0
2012-09-07,7.56,7.79,7.63,7.54,3078944.0,25534610.0
2012-09-06,7.45,7.56,7.54,7.45,739725.0,5978849.0
2012-09-05,7.45,7.46,7.43,7.37,664678.0,5320213.0
2012-09-04,7.52,7.60,7.41,7.38,1720307.0,13899099.0
2012-09-03,7.39,7.60,7.55,7.39,1593141.0,12901983.0
2012-08-31,7.40,7.48,7.41,7.38,896588.0,7184380.0
2012-08-30,7.35,7.47,7.47,7.29,2508895.0,20030374.0
2012-08-29,7.25,7.40,7.36,7.23,1441115.0,11404236.0
2012-08-28,7.13,7.29,7.26,7.08,847728.0,6587237.0
2012-08-27,7.31,7.31,7.11,7.10,953199.0,7371686.0
2012-08-24,7.42,7.42,7.33,7.31,830670.0,6579739.0
2012-08-23,7.42,7.47,7.42,7.37,1126139.0,9008467.0
2012-08-22,7.52,7.52,7.42,7.37,1021159.0,8179585.0
2012-08-21,7.42,7.53,7.51,7.31,1249913.0,10065627.0
2012-08-20,7.45,7.45,7.41,7.31,402177.0,3192853.0
2012-08-17,7.42,7.51,7.45,7.37,692056.0,5538766.0
2012-08-16,7.42,7.47,7.42,7.38,512153.0,4089785.0
2012-08-15,7.53,7.53,7.45,7.34,772800.0,6198577.0
2012-08-14,7.24,7.56,7.51,7.24,762877.0,6132107.0
2012-08-13,7.69,7.70,7.49,7.46,864178.0,7047560.0
2012-08-10,7.73,7.77,7.73,7.68,576392.0,4797683.0
2012-08-09,7.66,7.77,7.75,7.58,1285034.0,10666100.0
2012-08-08,7.73,7.76,7.64,7.62,806673.0,6661738.0
2012-08-07,7.63,7.76,7.73,7.58,1791963.0,14860000.0
2012-08-06,7.43,7.63,7.60,7.43,1061132.0,8613916.0
2012-08-03,7.40,7.49,7.49,7.38,875241.0,7016271.0
2012-08-02,7.41,7.42,7.38,7.31,623934.0,4958725.0
2012-08-01,7.29,7.41,7.38,7.27,696380.0,5519498.0
2012-07-31,7.38,7.40,7.29,7.20,885030.0,6939907.0
2012-07-30,7.44,7.47,7.35,7.34,600365.0,4785160.0
2012-07-27,7.41,7.46,7.44,7.34,755431.0,6027041.0
2012-07-26,7.49,7.49,7.36,7.36,690990.0,5526510.0
2012-07-25,7.47,7.51,7.42,7.40,763613.0,6128098.0
2012-07-24,7.31,7.54,7.49,7.31,465945.0,3732377.0
2012-07-23,7.56,7.56,7.41,7.38,511976.0,4091260.0
2012-07-20,7.62,7.64,7.54,7.49,523044.0,4256308.0
2012-07-19,7.53,7.70,7.62,7.49,1012503.0,8303403.0
2012-07-18,7.43,7.52,7.52,7.38,457392.0,3665829.0
2012-07-17,7.35,7.44,7.41,7.35,728917.0,5807298.0
2012-07-16,7.96,7.96,7.35,7.33,1736880.0,14327339.0
2012-07-13,7.98,8.04,7.95,7.91,634628.0,5444631.0
2012-07-12,7.92,8.04,8.01,7.86,861346.0,7380204.0
2012-07-11,7.99,7.99,7.95,7.87,826719.0,7051047.0
2012-07-10,8.06,8.09,7.94,7.87,823030.0,7051299.0
2012-07-09,8.30,8.30,8.06,7.98,1402380.0,12288985.0
2012-07-06,8.30,8.35,8.32,8.13,1299392.0,11523575.0
2012-07-05,8.65,8.68,8.28,8.28,1480761.0,13390372.0
2012-07-04,8.81,8.82,8.66,8.65,563375.0,5280897.0
2012-07-03,8.78,8.84,8.78,8.73,764039.0,7234612.0
2012-07-02,8.73,8.96,8.76,8.69,1552307.0,14738119.0
2012-06-29,8.57,8.81,8.72,8.55,1977225.0,18563572.0
2012-06-28,8.73,8.91,8.72,8.47,1518392.0,14132697.0
2012-06-27,8.78,8.82,8.76,8.65,1256290.0,11829385.0
2012-06-25,8.79,9.00,8.76,8.68,1556580.0,14770234.0
2012-06-21,9.04,9.04,8.75,8.70,1820319.0,17249788.0
2012-06-20,9.11,9.22,9.04,9.00,1472303.0,14481443.0
2012-06-19,9.10,9.26,9.06,8.98,789707.0,7744026.0
2012-06-18,9.12,9.34,9.08,9.05,2203714.0,21807540.0
2012-06-15,8.91,9.37,9.17,8.91,3068872.0,30114288.0
2012-06-14,8.83,8.96,8.96,8.78,2163444.0,20671972.0
2012-06-13,8.76,8.88,8.86,8.73,748392.0,7109744.0
2012-06-12,8.80,8.84,8.72,8.71,788805.0,7442769.0
2012-06-11,8.68,8.88,8.84,8.68,644493.0,6109205.0
2012-06-08,8.79,8.81,8.73,8.69,1008499.0,9491578.0
2012-06-07,8.81,8.85,8.72,8.70,593578.0,5619741.0
2012-06-06,8.89,8.94,8.76,8.70,1053589.0,9984668.0
2012-06-05,9.00,9.06,8.90,8.72,1460216.0,13946784.0
2012-06-04,9.12,9.12,8.96,8.86,1046438.0,12411680.0
2012-06-01,9.17,9.26,9.24,9.16,1180777.0,14300101.0
2012-05-31,9.10,9.18,9.18,9.06,828947.0,9971748.0
2012-05-30,9.20,9.20,9.14,9.09,1136859.0,13678204.0
2012-05-29,9.07,9.16,9.15,9.01,1217486.0,14573032.0
2012-05-28,8.94,9.10,9.05,8.79,1015670.0,11938574.0
2012-05-25,8.98,9.08,8.98,8.88,1254755.0,14782802.0
2012-05-24,9.26,9.30,9.12,8.98,1695771.0,20424564.0
2012-05-23,9.30,9.38,9.28,9.19,1453209.0,17742226.0
2012-05-22,9.22,9.31,9.31,9.22,1222370.0,14921219.0
2012-05-21,9.25,9.35,9.24,9.16,1652990.0,20076892.0
2012-05-18,9.31,9.35,9.27,9.17,1940500.0,23650092.0
2012-05-17,9.23,9.39,9.36,9.17,2881988.0,35278860.0
2012-05-16,9.10,9.29,9.25,9.07,3283910.0,39779268.0
2012-05-15,9.02,9.12,9.11,8.95,1163746.0,13805446.0
2012-05-14,8.99,9.17,9.10,8.95,1711037.0,20395780.0
2012-05-11,9.02,9.05,8.94,8.94,848785.0,10036441.0
2012-05-10,8.99,9.07,9.02,8.98,1031089.0,12225788.0
2012-05-09,9.20,9.20,8.98,8.98,1834202.0,21875068.0
2012-05-08,9.30,9.32,9.25,9.17,1859484.0,22587798.0
2012-05-07,9.12,9.30,9.30,9.10,2481141.0,30054574.0
2012-05-04,9.17,9.19,9.17,9.05,1688895.0,20292462.0
2012-05-03,9.02,9.17,9.16,9.02,2447907.0,29289466.0
2012-05-02,9.03,9.09,9.05,8.91,2969108.0,35206672.0
2012-04-27,8.97,9.05,8.93,8.90,1363709.0,16073193.0
2012-04-26,8.92,9.07,9.01,8.83,2339054.0,27497862.0
2012-04-25,8.79,8.94,8.92,8.74,1975249.0,23007118.0
2012-04-24,8.83,8.96,8.78,8.61,3348393.0,38622792.0
2012-04-23,9.11,9.12,8.86,8.86,4307103.0,50742852.0
2012-04-19,9.25,9.32,9.26,9.19,2101034.0,25558640.0
2012-04-18,9.06,9.30,9.26,9.03,3257804.0,39378516.0
2012-04-17,9.16,9.23,9.03,9.03,2068760.0,24766644.0
2012-04-16,9.18,9.25,9.18,9.09,1839784.0,22194562.0
2012-04-13,9.11,9.31,9.24,9.11,3875374.0,46951044.0
2012-04-12,8.84,9.14,9.11,8.84,3260322.0,38561812.0
2012-04-11,8.85,8.98,8.85,8.72,3038395.0,35292016.0
2012-04-10,8.83,8.95,8.94,8.60,1795660.0,20663076.0
2012-04-09,9.03,9.03,8.83,8.82,1485359.0,17472084.0
2012-04-06,9.01,9.11,9.05,8.95,1767820.0,20995492.0
2012-04-05,8.85,9.06,9.05,8.85,2956305.0,34823804.0
2012-03-30,8.91,8.94,8.76,8.65,1691361.0,19584228.0
2012-03-29,9.08,9.17,8.86,8.86,1700453.0,20170658.0
2012-03-28,9.50,9.57,9.11,9.08,1957006.0,23761858.0
2012-03-27,9.62,9.68,9.52,9.43,1356284.0,17083974.0
2012-03-26,9.59,9.68,9.55,9.43,1597180.0,20055090.0
2012-03-23,9.93,9.93,9.64,9.56,2046694.0,26158412.0
2012-03-22,9.97,10.00,9.92,9.82,1476848.0,19242504.0
2012-03-21,10.11,10.16,9.98,9.85,2427411.0,31801434.0
2012-03-20,10.30,10.39,10.03,9.99,3339027.0,44375688.0
2012-03-19,10.12,10.48,10.40,10.09,5726782.0,77598992.0
2012-03-16,9.67,10.09,10.09,9.62,2892391.0,37565808.0
2012-03-15,9.65,9.79,9.69,9.36,2671955.0,33648540.0
2012-03-14,10.19,10.24,9.59,9.55,3649106.0,48131456.0
2012-03-13,10.22,10.28,10.19,10.06,3067710.0,40867220.0
2012-03-12,10.03,10.28,10.23,10.03,2816565.0,37722060.0
2012-03-09,9.90,10.03,10.01,9.84,1742190.0,22807380.0
2012-03-08,9.82,9.90,9.86,9.78,1848844.0,23976862.0
2012-03-07,9.50,9.93,9.78,9.43,2166727.0,27722174.0
2012-03-06,9.81,9.81,9.63,9.55,991374.0,12585161.0
2012-03-05,9.79,9.85,9.81,9.74,1240553.0,16005509.0
2012-03-02,9.64,9.80,9.74,9.61,1304110.0,16684308.0
2012-03-01,9.55,9.64,9.59,9.55,834117.0,10537096.0
2012-02-29,9.62,9.69,9.57,9.56,820684.0,10378325.0
2012-02-28,9.74,9.83,9.68,9.55,1316706.0,16776538.0
2012-02-27,9.81,9.92,9.73,9.70,1696553.0,21928078.0
2012-02-24,9.67,9.81,9.80,9.58,1503550.0,19202372.0
2012-02-23,9.64,9.69,9.69,9.54,2012178.0,25504658.0
2012-02-22,9.41,9.65,9.65,9.37,2175656.0,27249932.0
2012-02-21,9.36,9.43,9.43,9.21,1236736.0,15191698.0
2012-02-20,9.53,9.54,9.38,9.36,1722568.0,21408316.0
2012-02-17,9.39,9.58,9.46,9.36,2189790.0,27286256.0
2012-02-16,9.35,9.44,9.37,9.26,1360889.0,16721853.0
2012-02-15,9.20,9.40,9.34,9.15,1961119.0,23934184.0
2012-02-14,9.31,9.34,9.23,9.22,728552.0,8886360.0
2012-02-13,9.16,9.43,9.32,9.14,817032.0,10018765.0
2012-02-10,9.28,9.36,9.26,9.23,976287.0,11935905.0
2012-02-09,9.27,9.38,9.27,9.20,1177320.0,14420336.0
2012-02-08,8.98,9.31,9.28,8.97,1072511.0,12970278.0
2012-02-07,9.14,9.17,9.04,8.98,817303.0,9746176.0
2012-02-06,9.12,9.22,9.21,9.08,1330685.0,16032418.0
2012-02-03,8.95,9.14,9.11,8.90,1392724.0,16524669.0
2012-02-02,9.05,9.05,8.98,8.68,2147800.0,25067838.0
2012-02-01,9.16,9.16,8.98,8.97,766964.0,9154639.0
2012-01-31,9.16,9.17,9.14,9.02,330041.0,3954333.0
2012-01-30,9.22,9.27,9.14,9.11,754775.0,9122513.0
2012-01-20,9.09,9.24,9.20,9.08,1618268.0,19522618.0
2012-01-19,8.82,8.95,8.93,8.60,1112166.0,12929784.0
2012-01-18,8.85,8.93,8.70,8.69,742889.0,8616490.0
2012-01-17,8.41,8.88,8.85,8.41,752179.0,8583523.0
2012-01-16,8.70,8.70,8.41,8.38,610803.0,6854146.0
2012-01-13,9.07,9.11,8.70,8.59,1141219.0,13204182.0
2012-01-12,9.27,9.27,9.11,9.08,1424902.0,17183736.0
2012-01-11,9.11,9.31,9.27,8.99,2094440.0,25121980.0
2012-01-10,8.86,9.20,9.16,8.78,2270135.0,26951326.0
2012-01-09,8.54,8.92,8.89,8.38,862295.0,9898270.0
2012-01-06,8.48,8.60,8.54,8.20,631675.0,6955697.0
2012-01-05,8.73,8.82,8.48,8.36,541012.0,6162163.0
2012-01-04,8.88,8.97,8.78,8.76,797113.0,9318248.0
2011-12-30,8.67,8.85,8.85,8.65,656914.0,7573434.0
2011-12-29,8.55,8.70,8.65,8.48,971639.0,11032878.0
2011-12-28,8.56,8.62,8.61,8.41,662107.0,7395225.0
2011-12-27,8.79,8.80,8.60,8.59,699032.0,7950520.0
2011-12-26,8.95,9.01,8.82,8.76,446805.0,5232942.0
2011-12-23,8.89,9.08,9.01,8.89,369790.0,4378100.0
2011-12-22,9.21,9.24,8.96,8.78,817526.0,9624421.0
2011-12-21,9.58,9.62,9.24,9.24,417643.0,5200860.0
2011-12-20,9.58,9.69,9.50,9.46,497388.0,6277707.0
2011-12-16,9.41,9.64,9.62,9.24,428123.0,5296036.0
2011-12-15,9.43,9.49,9.34,9.27,369600.0,4566616.0
2011-12-14,9.55,9.70,9.40,9.40,315590.0,3958636.0
2011-12-13,9.74,9.83,9.55,9.54,474150.0,6006591.0
2011-12-12,9.94,9.95,9.85,9.81,260741.0,3383827.0
2011-12-09,9.77,9.90,9.88,9.77,467216.0,6064828.0
2011-12-08,9.93,9.97,9.90,9.73,451728.0,5848712.0
2011-12-07,9.81,9.98,9.90,9.81,311492.0,4063772.0
2011-12-06,9.99,10.00,9.97,9.73,514943.0,6694869.0
2011-12-05,10.20,10.28,9.99,9.97,351144.0,4641318.0
2011-12-02,10.50,10.53,10.28,10.25,373915.0,5068275.0
2011-12-01,10.60,10.73,10.47,10.43,928075.0,12936379.0
2011-11-30,10.76,10.78,10.34,10.19,519618.0,7160558.0
2011-11-29,10.68,10.79,10.79,10.63,409146.0,5762741.0
2011-11-28,10.48,10.69,10.60,10.48,239063.0,3337385.0
2011-11-25,10.72,10.72,10.55,10.49,320247.0,4472516.0
2011-11-24,10.52,10.70,10.66,10.40,486157.0,6757736.0
2011-11-23,10.58,10.67,10.59,10.53,215239.0,2997184.0
2011-11-22,10.51,10.63,10.58,10.41,339792.0,4705367.0
2011-11-21,10.64,10.67,10.66,10.49,337800.0,4705445.0
2011-11-18,10.84,10.84,10.59,10.57,556350.0,7840102.0
2011-11-17,10.92,11.04,10.94,10.87,529319.0,7629242.0
2011-11-16,11.30,11.30,10.96,10.91,1278724.0,18642548.0
2011-11-15,11.33,11.33,11.30,11.23,697318.0,10340471.0
2011-11-14,11.21,11.36,11.35,11.21,1506935.0,22361346.0
2011-11-11,11.14,11.31,11.17,11.13,565390.0,8331916.0
2011-11-10,11.17,11.38,11.15,11.11,984723.0,14578548.0
2011-11-09,11.20,11.31,11.30,11.08,787378.0,11611951.0
2011-11-08,11.32,11.39,11.16,11.10,978202.0,14444008.0
2011-11-07,11.34,11.54,11.32,11.31,1349491.0,20224478.0
2011-11-04,11.02,11.36,11.33,11.02,1801955.0,26667464.0
2011-11-03,10.90,11.19,10.95,10.90,1678421.0,24492638.0
2011-11-02,10.57,10.87,10.86,10.50,1000865.0,14074945.0
2011-11-01,10.76,10.85,10.70,10.63,1022526.0,14445093.0
2011-10-31,10.76,10.83,10.83,10.67,780202.0,11037992.0
2011-10-28,10.70,10.79,10.76,10.65,1183263.0,16679065.0
2011-10-27,10.74,10.74,10.60,10.57,980883.0,13730708.0
2011-10-26,10.81,10.81,10.65,10.57,1432476.0,20137730.0
2011-10-25,10.65,10.89,10.82,10.56,2343967.0,33202818.0
2011-10-24,9.92,10.76,10.76,9.82,1546630.0,21076414.0
2011-10-21,10.03,10.03,9.84,9.80,383751.0,4987999.0
2011-10-20,10.30,10.40,10.03,9.94,489215.0,6508374.0
2011-10-19,10.36,10.41,10.30,10.27,327640.0,4457681.0
2011-10-18,10.57,10.57,10.35,10.35,417643.0,5720805.0
2011-10-17,10.65,10.68,10.61,10.54,340110.0,4746925.0
2011-10-14,10.70,10.70,10.60,10.54,346349.0,4825909.0
2011-10-13,10.63,10.77,10.70,10.61,525118.0,7392119.0
2011-10-12,10.27,10.72,10.67,10.26,734315.0,10124004.0
2011-10-11,10.68,10.73,10.37,10.26,375021.0,5183248.0
2011-10-10,10.50,10.62,10.48,10.44,225827.0,3120770.0
2011-09-30,10.50,10.63,10.49,10.34,339255.0,4667647.0
2011-09-29,10.95,10.95,10.50,10.49,615399.0,8620330.0
2011-09-28,11.16,11.19,10.95,10.92,238900.0,3473825.0
2011-09-27,11.11,11.17,11.09,10.98,325769.0,4744422.0
2011-09-26,11.21,11.24,11.04,10.95,294260.0,4297217.0
2011-09-23,10.85,11.29,11.23,10.80,625009.0,9150450.0
2011-09-22,11.29,11.36,11.07,11.06,404750.0,5959439.0
2011-09-21,11.14,11.41,11.37,11.04,459426.0,6819770.0
2011-09-20,11.17,11.19,11.10,11.02,256995.0,3754270.0
2011-09-19,11.26,11.26,11.08,11.07,308900.0,4528768.0
2011-09-16,11.31,11.39,11.33,11.28,201530.0,3003297.0
2011-09-15,11.33,11.37,11.29,11.28,260930.0,3889856.0
2011-09-14,11.36,11.36,11.33,11.10,325762.0,4806129.0
2011-09-13,11.18,11.25,11.23,11.04,418987.0,6141706.0
2011-09-09,11.39,11.54,11.32,11.27,356625.0,5334145.0
2011-09-08,11.55,11.61,11.36,11.36,364828.0,5526871.0
2011-09-07,11.30,11.54,11.52,11.30,396592.0,5971244.0
2011-09-06,11.17,11.36,11.29,11.10,281168.0,4166097.0
2011-09-05,11.56,11.56,11.28,11.26,463818.0,6917269.0
2011-09-02,11.87,11.87,11.61,11.56,653199.0,10023257.0
2011-09-01,12.03,12.15,11.87,11.84,1023312.0,16158965.0
2011-08-31,11.80,12.12,12.03,11.71,1244228.0,19546640.0
2011-08-30,11.79,12.10,11.79,11.79,1532072.0,24112970.0
2011-08-29,11.69,11.90,11.77,11.67,708814.0,10990967.0
2011-08-26,11.66,11.84,11.81,11.57,1000124.0,15458461.0
2011-08-25,11.44,11.68,11.65,11.40,725344.0,11047585.0
2011-08-24,11.44,11.58,11.44,11.40,692780.0,10459036.0
2011-08-23,11.20,11.40,11.40,11.20,654069.0,9780372.0
2011-08-22,11.25,11.39,11.25,11.17,390700.0,5802959.0
2011-08-19,11.19,11.33,11.32,11.14,571488.0,8447975.0
2011-08-18,11.52,11.62,11.39,11.36,496926.0,7507694.0
2011-08-17,11.61,11.70,11.64,11.52,494001.0,7561821.0
2011-08-16,11.93,11.93,11.61,11.55,1491064.0,22965908.0
2011-08-15,11.82,11.97,11.93,11.78,793755.0,12406584.0
2011-08-12,11.64,11.91,11.79,11.64,1065680.0,16546186.0
2011-08-11,10.95,11.62,11.61,10.91,1228365.0,18304038.0
2011-08-10,11.27,11.47,11.26,11.23,1010973.0,15075497.0
2011-08-09,10.85,11.21,11.15,10.64,1082734.0,15517369.0
2011-08-08,11.56,11.57,11.14,10.85,1151200.0,16940860.0
2011-08-05,11.74,11.87,11.68,11.63,620885.0,9575842.0
2011-08-04,11.87,12.01,11.99,11.87,389084.0,6126958.0
2011-08-03,11.71,11.94,11.87,11.68,423744.0,6606590.0
2011-08-02,11.97,11.97,11.86,11.61,509210.0,7854249.0
2011-08-01,11.99,12.00,12.00,11.92,374086.0,5883155.0
2011-07-29,12.01,12.12,11.92,11.85,483648.0,7596618.0
2011-07-28,11.86,12.16,12.03,11.84,617315.0,9755481.0
2011-07-27,11.87,11.99,11.99,11.75,619392.0,9715602.0
2011-07-26,11.86,11.99,11.86,11.80,563109.0,8786887.0
2011-07-25,12.47,12.47,11.93,11.86,1007193.0,16041664.0
2011-07-22,12.44,12.61,12.47,12.41,529245.0,8699342.0
2011-07-21,12.62,12.66,12.45,12.40,723315.0,11932219.0
2011-07-20,12.69,12.85,12.60,12.56,900956.0,15044763.0
2011-07-19,12.70,12.91,12.69,12.54,1513673.0,25316982.0
2011-07-18,12.53,12.75,12.72,12.53,1470112.0,24512622.0
2011-07-15,12.53,12.65,12.53,12.46,1112212.0,18360490.0
2011-07-14,12.39,12.53,12.53,12.28,1068609.0,17469188.0
2011-07-13,12.16,12.47,12.39,12.16,1140795.0,18489052.0
2011-07-12,12.65,12.66,12.13,12.09,2272483.0,36765512.0
2011-07-11,12.51,12.91,12.66,12.28,3035546.0,50723084.0
2011-07-08,12.25,12.64,12.52,12.24,2232862.0,36621988.0
2011-07-07,12.02,12.37,12.26,11.96,1423730.0,22882174.0
2011-07-06,12.08,12.08,12.03,11.88,789970.0,12424445.0
2011-07-05,12.09,12.16,12.08,11.97,631010.0,10008330.0
2011-07-04,11.90,12.12,12.09,11.86,955006.0,15073091.0
2011-07-01,11.99,12.01,11.90,11.84,807950.0,12659818.0
2011-06-30,11.80,12.05,11.88,11.73,1087775.0,17027168.0
2011-06-29,11.61,11.99,11.88,11.49,1251227.0,19309554.0
2011-06-28,11.67,11.67,11.62,11.49,436050.0,6638085.0
2011-06-27,11.46,11.70,11.65,11.46,968527.0,14771753.0
2011-06-24,11.25,11.55,11.54,11.23,926401.0,13960759.0
2011-06-23,11.03,11.39,11.25,10.95,527125.0,7759584.0
2011-06-22,11.14,11.16,11.06,10.95,251215.0,3644289.0
2011-06-21,11.01,11.17,11.10,10.95,244059.0,3554672.0
2011-06-20,11.18,11.23,11.01,10.79,329714.0,4791309.0
2011-06-17,11.22,11.35,11.20,11.17,281594.0,4172057.0
2011-06-16,11.30,11.37,11.21,11.20,373377.0,5528894.0
2011-06-15,11.40,11.50,11.40,11.33,357073.0,5366279.0
2011-06-14,11.27,11.49,11.46,11.26,431347.0,6468105.0
2011-06-13,11.33,11.33,11.26,11.13,334152.0,4923153.0
2011-06-10,11.44,11.54,11.34,11.17,484942.0,7236541.0
2011-06-09,11.74,11.74,11.47,11.44,466969.0,7111949.0
2011-06-08,11.73,11.76,11.74,11.57,329726.0,5060836.0
2011-06-07,11.65,11.77,11.73,11.65,369467.0,5695414.0
2011-06-03,11.48,11.72,11.65,11.48,500225.0,7648708.0
2011-06-02,11.66,11.66,11.48,11.33,841981.0,12663091.0
2011-06-01,11.74,11.82,11.67,11.59,699096.0,10744138.0
2011-05-30,11.71,11.86,11.56,11.51,901865.0,13916901.0
2011-05-27,12.01,12.01,11.81,11.40,376228.0,5821608.0
2011-05-26,12.46,12.54,12.01,11.87,698090.0,11200187.0
2011-05-25,12.85,12.92,12.46,12.40,276517.0,4584220.0
2011-05-24,12.81,12.89,12.85,12.67,385975.0,9814928.0
2011-05-23,13.22,13.22,12.86,12.82,410463.0,10596221.0
2011-05-20,13.12,13.27,13.23,13.05,349731.0,9159467.0
2011-05-19,13.32,13.32,13.14,13.12,416867.0,10957873.0
2011-05-18,13.13,13.20,13.18,13.01,263569.0,6889545.0
2011-05-17,13.15,13.20,13.13,12.93,332399.0,8681275.0
2011-05-16,13.20,13.20,13.13,13.07,277320.0,7246679.0
2011-05-13,13.06,13.14,13.14,12.97,324248.0,8407469.0
2011-05-12,13.09,13.17,13.07,13.04,361197.0,9416585.0
2011-05-11,13.16,13.23,13.20,13.02,465812.0,12185338.0
2011-05-10,13.14,13.15,13.13,13.03,252677.0,6579963.0
2011-05-09,13.12,13.18,13.13,13.04,393510.0,10270107.0
2011-05-06,12.87,13.27,13.12,12.86,665835.0,17372618.0
2011-05-05,12.81,12.98,12.92,12.69,463902.0,11914056.0
2011-05-04,12.98,13.00,12.73,12.69,560390.0,14301002.0
2011-05-03,12.93,13.04,12.98,12.78,370206.0,9508247.0
2011-04-29,12.82,12.95,12.94,12.72,593243.0,15140868.0
2011-04-28,13.17,13.27,12.82,12.79,1073095.0,27684068.0
2011-04-27,13.36,13.46,13.17,13.10,594659.0,15708712.0
2011-04-26,13.59,13.62,13.39,13.26,778388.0,20752332.0
2011-04-25,13.52,13.60,13.59,13.45,1124374.0,30294638.0
2011-04-22,13.54,13.61,13.53,13.43,696881.0,18768918.0
2011-04-21,13.36,13.59,13.54,13.36,1136489.0,30583744.0
2011-04-20,13.13,13.30,13.27,13.13,400044.0,10530478.0
2011-04-19,13.38,13.38,13.22,13.14,724285.0,19064444.0
2011-04-18,13.48,13.59,13.41,13.32,800650.0,21395040.0
2011-04-14,13.47,13.63,13.55,13.45,675896.0,18204406.0
2011-04-13,13.40,13.55,13.53,13.38,662467.0,17766822.0
2011-04-12,13.32,13.48,13.42,13.31,661963.0,17631508.0
2011-04-11,13.50,13.57,13.37,13.31,803099.0,21496244.0
2011-04-08,13.35,13.50,13.50,13.33,613768.0,16403140.0
2011-04-07,13.32,13.42,13.37,13.25,679698.0,18052974.0
2011-04-06,13.53,13.55,13.33,13.31,884773.0,23546938.0
2011-04-01,13.51,13.57,13.55,13.43,432761.0,11632601.0
2011-03-31,13.49,13.60,13.52,13.24,695405.0,18599292.0
2011-03-30,13.58,13.69,13.54,13.48,885387.0,23890196.0
2011-03-29,13.85,13.99,13.58,13.57,1329992.0,36332092.0
2011-03-28,14.54,14.54,14.00,13.92,3192044.0,90021272.0
2011-03-25,14.33,14.57,14.53,14.29,3358494.0,96804352.0
2011-03-24,14.26,14.37,14.33,14.14,1831780.0,52018672.0
2011-03-23,14.12,14.50,14.32,14.04,2683185.0,76234848.0
2011-03-22,14.42,14.45,14.07,14.01,1829557.0,51241472.0
2011-03-21,14.08,14.52,14.33,14.08,2202878.0,62931436.0
2011-03-18,13.81,14.42,14.25,13.70,2513408.0,70889768.0
2011-03-17,13.72,13.87,13.82,13.36,1347945.0,36410604.0
2011-03-16,13.75,13.95,13.83,13.74,661261.0,18204978.0
2011-03-15,14.02,14.02,13.76,13.57,686751.0,18791764.0
2011-03-14,13.97,14.04,14.02,13.87,770290.0,21382702.0
2011-03-11,13.82,14.05,13.92,13.78,755340.0,20928840.0
2011-03-10,13.83,13.97,13.86,13.83,712117.0,19686482.0
2011-03-09,14.02,14.02,13.83,13.75,900435.0,24815074.0
2011-03-08,14.01,14.03,13.97,13.92,598937.0,16643017.0
2011-03-07,14.12,14.15,14.02,13.96,1326974.0,37036556.0
2011-03-04,14.00,14.08,14.07,13.92,437501.0,12180226.0
2011-03-03,14.11,14.11,14.01,13.98,888100.0,24777636.0
2011-03-02,13.94,14.16,14.10,13.91,957831.0,26745394.0
2011-03-01,13.84,14.17,14.10,13.82,1950940.0,54328792.0
2011-02-28,13.80,13.90,13.85,13.67,1109317.0,30327558.0
2011-02-25,13.76,13.87,13.77,13.65,551811.0,15082605.0
2011-02-24,13.81,13.81,13.77,13.63,614087.0,16755305.0
2011-02-23,13.69,13.86,13.80,13.67,1080448.0,29534600.0
2011-02-22,14.11,14.15,13.71,13.71,790989.0,21826536.0
2011-02-21,13.98,14.26,14.10,13.98,998197.0,28096536.0
2011-02-18,14.17,14.22,13.98,13.81,853433.0,23695068.0
2011-02-17,14.42,14.43,14.23,13.97,2288434.0,64538692.0
2011-02-16,13.65,14.33,14.33,13.54,3064909.0,84896528.0
2011-02-15,13.77,13.82,13.67,13.67,807813.0,22054676.0
2011-02-14,13.72,13.85,13.77,13.63,1110617.0,30422278.0
2011-02-11,13.58,13.70,13.60,13.53,401546.0,10860627.0
2011-02-10,13.24,13.71,13.64,13.19,644066.0,17245516.0
2011-02-09,13.41,13.41,13.29,13.19,271575.0,7177505.0
2011-02-01,13.40,13.43,13.34,13.27,382098.0,10134399.0
2011-01-31,13.36,13.47,13.40,13.28,567258.0,15096993.0
2011-01-28,13.08,13.57,13.43,13.07,726535.0,19197818.0
2011-01-27,13.04,13.15,13.13,12.92,502185.0,13058031.0
2011-01-26,12.77,13.03,13.01,12.67,503840.0,12946106.0
2011-01-25,12.87,12.89,12.71,12.60,465339.0,11758374.0
2011-01-24,12.92,13.03,12.79,12.79,547253.0,14037921.0
2011-01-21,12.69,12.95,12.93,12.65,313952.0,8002737.0
2011-01-20,13.07,13.11,12.70,12.69,356461.0,9156666.0
2011-01-19,12.95,13.17,13.11,12.79,358963.0,9302497.0
2011-01-18,12.77,12.99,12.91,12.67,295132.0,7532262.0
2011-01-17,13.17,13.30,12.77,12.75,626088.0,16159864.0
2011-01-14,13.56,13.56,13.31,13.21,309081.0,8171507.0
2011-01-13,13.47,13.57,13.47,13.43,303024.0,8128751.0
2011-01-12,13.40,13.50,13.45,13.22,552768.0,14729540.0
2011-01-11,13.50,13.50,13.35,13.22,404381.0,10731783.0
2011-01-10,13.74,13.79,13.49,13.49,432500.0,11739942.0
2011-01-07,13.89,14.04,13.79,13.75,562095.0,15488405.0
2011-01-06,13.87,14.11,13.91,13.81,945930.0,26314728.0
2011-01-05,13.77,13.90,13.80,13.69,763493.0,20988228.0
2011-01-04,13.76,13.82,13.78,13.59,985008.0,26888036.0
