date,open,high,close,low,volume,amount
2015-11-27,19.25,19.78,18.28,17.78,14510236.0,273649600.0
2015-11-26,20.10,20.58,19.48,19.48,9413063.0,187655712.0
2015-11-25,19.70,20.49,19.98,19.51,9521781.0,190947696.0
2015-11-24,19.77,20.28,19.74,18.91,10152913.0,197755104.0
2015-11-23,18.70,20.67,20.02,18.54,16789378.0,335649280.0
2015-11-20,18.17,19.18,18.79,18.17,10240549.0,192536048.0
2015-11-19,17.76,18.40,18.17,17.43,8092670.0,145843632.0
2015-11-18,18.50,18.68,17.55,17.50,9739363.0,175179584.0
2015-11-17,19.13,19.27,18.40,18.30,9782652.0,184369648.0
2015-11-16,17.80,18.88,18.80,17.68,9402690.0,174056688.0
2015-11-13,18.90,19.38,18.30,18.28,13372220.0,250818096.0
2015-11-12,19.12,19.45,19.16,18.82,12614398.0,241199152.0
2015-11-11,19.18,19.88,19.10,19.06,14369452.0,278777248.0
2015-11-10,18.50,20.20,19.33,18.28,21832872.0,423131712.0
2015-11-09,16.87,18.70,18.70,16.81,21420594.0,374869792.0
2015-11-06,17.10,17.57,17.00,16.80,17320964.0,296671488.0
2015-11-05,16.68,17.27,16.53,16.46,18089952.0,304703904.0
2015-11-04,15.43,16.52,16.52,15.33,17181300.0,275580256.0
2015-11-03,14.89,15.30,15.02,14.72,11890164.0,178679824.0
2015-11-02,15.11,15.98,14.89,14.89,23946208.0,366863872.0
2015-10-30,16.23,17.10,16.54,16.03,12190513.0,203450608.0
2015-10-29,16.78,17.39,16.43,16.35,15109834.0,253503536.0
2015-10-28,17.13,17.72,16.51,16.30,21122036.0,358113440.0
2015-10-27,16.22,17.94,17.40,15.99,33343278.0,561794112.0
2015-10-26,15.11,16.57,16.57,14.85,26051332.0,417527648.0
2015-10-23,14.79,15.49,15.06,14.38,26565520.0,401737856.0
2015-10-22,13.11,14.08,14.08,13.11,20595286.0,283357856.0
2015-10-21,13.66,14.25,12.80,12.70,24538044.0,334727872.0
2015-10-20,12.90,14.18,13.80,12.85,19649248.0,268934624.0
2015-10-19,13.10,13.72,13.19,12.80,22716880.0,301990592.0
2015-10-16,13.10,13.15,12.87,12.61,30176768.0,387773344.0
2015-10-15,11.43,12.39,12.39,11.43,17970508.0,220435648.0
2015-10-14,11.49,11.59,11.26,11.25,12517293.0,142775376.0
2015-10-13,11.44,11.78,11.64,11.34,12937026.0,149748208.0
2015-10-12,11.22,11.71,11.51,11.21,16816376.0,192806432.0
2015-10-09,11.00,11.38,11.17,10.91,12985649.0,145078352.0
2015-10-08,10.86,11.03,10.96,10.73,10183794.0,111199296.0
2015-09-30,10.59,10.70,10.54,10.54,5556653.0,58903472.0
2015-09-29,10.69,10.76,10.57,10.35,7335982.0,77637128.0
2015-09-28,10.68,10.88,10.81,10.51,7031079.0,75670328.0
2015-09-25,11.11,11.15,10.70,10.50,11674200.0,126251136.0
2015-09-24,11.16,11.34,11.18,11.04,12171075.0,135861360.0
2015-09-23,10.70,11.33,11.05,10.66,15663496.0,173289808.0
2015-09-22,11.80,11.80,11.22,11.17,34493312.0,395215712.0
2015-09-21,11.13,11.13,11.13,11.13,9180987.0,102184384.0
2015-09-18,10.50,10.58,10.12,9.88,16715307.0,169413392.0
2015-09-17,10.84,11.15,10.40,10.38,23040700.0,249742976.0
2015-09-16,10.40,11.21,10.95,10.10,20424006.0,216165312.0
2015-09-15,10.07,10.81,10.30,10.00,27434760.0,282633248.0
2015-09-14,11.55,11.73,10.57,10.56,53459808.0,589909184.0
2015-09-11,11.73,11.73,11.73,11.73,10742700.0,126011872.0
2015-09-10,13.03,13.03,13.03,13.03,443000.0,5772290.0
2015-09-09,14.48,14.48,14.48,14.48,527900.0,7643992.0
2015-05-25,14.69,16.31,16.08,14.57,20764428.0,368061632.0
2015-05-22,14.82,15.12,14.82,14.31,21445084.0,365427616.0
2015-05-21,14.58,15.04,14.95,14.18,22195638.0,378524384.0
2015-05-20,13.73,14.95,14.56,13.60,30966538.0,519732384.0
2015-05-19,13.28,13.73,13.60,13.16,17174328.0,267231232.0
2015-05-18,12.78,13.57,13.29,12.67,17995260.0,274736384.0
2015-05-15,13.00,13.13,12.87,12.65,10932112.0,163013392.0
2015-05-14,12.82,13.21,13.12,12.71,12834135.0,193360704.0
2015-05-13,12.66,12.97,12.81,12.51,11932846.0,176622864.0
2015-05-12,12.66,12.77,12.66,12.36,12679763.0,185353248.0
2015-05-11,12.59,12.76,12.65,12.25,11111072.0,160960800.0
2015-05-08,11.89,12.26,12.25,11.83,8177265.0,113581024.0
2015-05-07,11.93,12.18,11.76,11.59,7849387.0,107617664.0
2015-05-06,12.71,12.79,12.14,12.10,13872163.0,200501216.0
2015-05-05,12.88,13.29,12.78,12.69,14934661.0,224755024.0
2015-05-04,12.71,13.10,12.91,12.62,6652329.0,99214632.0
2015-04-30,13.03,13.23,12.73,12.73,8061725.0,121177736.0
2015-04-29,12.61,13.12,13.11,12.60,9447818.0,140646176.0
2015-04-28,13.64,13.64,12.89,12.77,12671473.0,192830640.0
2015-04-27,13.29,13.86,13.64,13.29,15555578.0,245435088.0
2015-04-24,13.38,13.42,13.29,12.97,11657633.0,178508080.0
2015-04-22,13.26,13.68,13.56,13.25,14182393.0,221046688.0
2015-04-21,12.78,13.44,13.26,12.72,15446231.0,234662224.0
2015-04-20,12.97,13.19,12.79,12.61,10919142.0,162397088.0
2015-04-17,13.13,13.35,13.11,12.75,12780462.0,194335488.0
2015-04-16,12.95,13.31,13.05,12.49,9122306.0,137673040.0
2015-04-15,13.45,13.48,12.99,12.75,12100681.0,183546384.0
2015-04-14,13.40,13.77,13.44,13.30,14096191.0,220518880.0
2015-04-13,13.05,13.77,13.48,12.88,20641390.0,317741728.0
2015-04-10,12.38,13.07,12.99,12.38,11885268.0,176060992.0
2015-04-09,12.79,12.91,12.46,12.00,10769154.0,154168432.0
2015-04-08,12.92,13.00,12.77,12.44,14455941.0,212933504.0
2015-04-07,12.65,13.17,13.00,12.53,13661850.0,202263776.0
2015-04-03,12.32,12.69,12.59,12.14,12663664.0,181906720.0
2015-04-02,12.09,12.38,12.38,12.00,13717376.0,194400096.0
2015-04-01,11.81,12.08,12.05,11.76,9682473.0,133996336.0
2015-03-31,11.93,11.96,11.79,11.67,10050934.0,137331728.0
2015-03-30,11.84,12.14,11.93,11.77,10231179.0,140919216.0
2015-03-27,11.98,12.07,11.89,11.74,9979157.0,137344976.0
2015-03-26,11.63,12.39,12.07,11.54,19328944.0,268815680.0
2015-03-25,11.34,11.66,11.65,11.19,11741044.0,155666912.0
2015-03-24,11.62,11.64,11.39,11.09,12186952.0,160413104.0
2015-03-23,11.48,11.63,11.58,11.43,8897617.0,118635632.0
2015-03-20,11.27,11.50,11.39,11.20,7902748.0,103843072.0
2015-03-19,11.19,11.43,11.29,11.12,9778538.0,127633264.0
2015-03-18,10.98,11.33,11.21,10.90,9134459.0,117928560.0
2015-03-17,10.97,11.11,10.94,10.82,10154854.0,129089768.0
2015-03-16,10.87,11.00,10.98,10.78,8026061.0,101366112.0
2015-03-13,10.61,10.89,10.79,10.55,6177108.0,76435824.0
2015-03-12,10.47,10.70,10.59,10.46,4883069.0,59702716.0
2015-03-11,10.63,10.66,10.52,10.48,5344750.0,65277628.0
2015-03-10,10.44,10.68,10.61,10.42,7502729.0,91931752.0
2015-03-09,10.23,10.46,10.44,10.12,6210996.0,74511600.0
2015-03-06,10.46,10.46,10.27,10.20,5232989.0,62473780.0
2015-03-05,10.50,10.54,10.42,10.32,6483849.0,78037928.0
2015-03-04,10.24,10.44,10.44,10.22,7086262.0,84648256.0
2015-03-03,10.24,10.41,10.25,10.11,8393894.0,99554896.0
2015-03-02,10.30,10.32,10.27,10.14,7025824.0,83125472.0
2015-02-27,10.13,10.27,10.23,10.10,5191864.0,61247736.0
2015-02-26,10.04,10.18,10.13,10.03,3978374.0,46584816.0
2015-02-25,10.02,10.09,10.06,9.95,3544144.0,41081124.0
2015-02-17,10.02,10.04,10.01,9.94,2458005.0,28417444.0
2015-02-16,9.95,10.04,9.97,9.87,3024382.0,34824200.0
2015-02-13,9.74,9.93,9.87,9.71,3585125.0,40836060.0
2015-02-12,9.60,9.76,9.73,9.56,2357176.0,26413024.0
2015-02-11,9.57,9.67,9.62,9.54,1677038.0,18627050.0
2015-02-10,9.45,9.59,9.57,9.43,1798266.0,19764724.0
2015-02-09,9.67,9.73,9.49,9.40,3590368.0,39676964.0
2015-02-06,9.85,9.96,9.67,9.60,4942116.0,55715872.0
2015-02-05,10.12,10.21,10.01,9.99,3231674.0,37677428.0
2015-02-04,10.23,10.31,10.11,10.10,4597589.0,54268656.0
2015-02-03,9.88,10.24,10.20,9.84,7755134.0,90979504.0
2015-02-02,9.77,9.92,9.80,9.72,2202819.0,25103630.0
2015-01-30,10.02,10.07,9.84,9.82,3323680.0,38095220.0
2015-01-29,10.06,10.13,10.01,9.97,3069159.0,35669532.0
2015-01-28,10.03,10.15,10.11,9.88,4397019.0,51026816.0
2015-01-27,10.03,10.08,10.05,9.82,4732330.0,54589420.0
2015-01-26,9.85,10.05,10.02,9.82,3571935.0,41180612.0
2015-01-23,9.98,10.06,9.85,9.81,6160945.0,70717688.0
2015-01-22,9.85,10.26,10.09,9.78,8232898.0,95418032.0
2015-01-21,9.72,9.89,9.85,9.61,5982492.0,67782544.0
2015-01-20,9.26,9.68,9.67,9.26,5156292.0,56860824.0
2015-01-19,9.34,9.66,9.26,9.16,5786099.0,62959760.0
2015-01-16,9.34,9.46,9.43,9.22,2940976.0,31938840.0
2015-01-15,9.33,9.48,9.34,9.32,2473297.0,26863578.0
2015-01-14,9.39,9.44,9.32,9.25,2390693.0,25900412.0
2015-01-13,9.22,9.41,9.39,9.17,2298145.0,24815462.0
2015-01-12,9.45,9.49,9.22,9.17,3527091.0,38037328.0
2015-01-09,9.59,9.81,9.59,9.59,3735284.0,41830996.0
2015-01-08,9.61,9.93,9.80,9.45,6521868.0,73637568.0
2015-01-07,9.59,9.72,9.60,9.49,3670680.0,40778268.0
2015-01-06,9.44,9.68,9.65,9.42,4285273.0,47453744.0
2015-01-05,9.25,9.59,9.53,9.08,5525981.0,60171524.0
2014-12-31,9.32,9.34,9.25,9.17,2593818.0,27709838.0
2014-12-30,9.18,9.28,9.27,9.12,3124747.0,33346820.0
2014-12-29,9.44,9.44,9.17,9.09,5431744.0,57840740.0
2014-12-26,9.39,9.59,9.44,9.17,3305318.0,36222492.0
2014-12-25,9.36,9.48,9.43,9.36,2919073.0,31847192.0
2014-12-24,9.12,9.40,9.37,9.12,3390963.0,36487508.0
2014-12-23,9.33,9.49,9.13,9.08,4424095.0,47541412.0
2014-12-22,9.85,9.85,9.30,9.16,6211501.0,67937560.0
2014-12-19,10.24,10.24,9.88,9.74,6599911.0,76220768.0
2014-12-18,10.20,10.36,10.30,10.15,4554908.0,53963504.0
2014-12-17,10.48,10.51,10.20,10.11,6475418.0,76690712.0
2014-12-16,10.48,10.65,10.57,10.31,5905607.0,71374952.0
2014-12-15,10.29,10.55,10.53,10.24,5877928.0,71006000.0
2014-12-12,10.32,10.50,10.47,10.27,4821414.0,58095680.0
2014-12-11,10.23,10.36,10.32,10.12,5168237.0,61271280.0
2014-12-10,9.97,10.29,10.24,9.94,4245387.0,49858896.0
2014-12-09,10.61,10.61,9.96,9.94,12468324.0,148141264.0
2014-12-08,10.75,10.75,10.65,10.53,6450288.0,79330736.0
2014-12-05,11.38,11.44,10.78,10.55,8749690.0,110918472.0
2014-12-04,11.15,11.48,11.38,11.06,8933085.0,116602552.0
2014-12-03,10.98,11.14,11.14,10.80,8328455.0,105469928.0
2014-12-02,10.87,11.01,10.95,10.87,5362359.0,67907360.0
2014-12-01,11.19,11.21,10.84,10.81,8927981.0,112800336.0
2014-11-28,11.49,11.50,11.23,11.13,9435208.0,123012480.0
2014-11-27,11.58,11.64,11.54,11.48,7603138.0,101442512.0
2014-11-26,11.69,11.69,11.59,11.48,7557801.0,101035528.0
2014-11-25,11.30,11.69,11.64,11.25,8322455.0,110936728.0
2014-11-24,11.20,11.38,11.32,11.15,7208434.0,93792368.0
2014-11-21,11.12,11.21,11.19,11.07,4374341.0,56448928.0
2014-11-20,11.12,11.32,11.18,11.09,6244344.0,80952832.0
2014-11-19,10.98,11.19,11.11,10.92,5459107.0,69825008.0
2014-11-18,10.89,11.11,11.07,10.79,4820478.0,60902240.0
2014-11-17,11.03,11.09,10.97,10.70,6875954.0,86716072.0
2014-11-14,11.15,11.22,10.97,10.80,11613987.0,147698128.0
2014-11-13,12.77,12.77,11.63,11.48,23793092.0,330649120.0
2014-11-05,11.58,11.76,11.61,11.58,3757722.0,50720676.0
2014-11-04,11.48,11.76,11.58,11.42,6880424.0,92288368.0
2014-11-03,11.35,11.55,11.47,11.22,6628701.0,87298840.0
2014-10-31,11.41,11.66,11.36,11.20,6618159.0,87203312.0
2014-10-30,11.38,11.66,11.40,11.30,7646430.0,101529384.0
2014-10-29,11.24,11.42,11.29,11.24,6234097.0,81720984.0
2014-10-28,10.98,11.31,11.28,10.96,5465176.0,70781608.0
2014-10-27,10.80,11.01,10.96,10.59,4344694.0,54580060.0
2014-10-24,10.72,10.87,10.75,10.66,3743358.0,46589776.0
2014-10-23,10.93,11.06,10.66,10.48,7687212.0,95757440.0
2014-10-22,11.43,11.54,10.99,10.98,7896068.0,102508368.0
2014-10-21,11.53,11.70,11.43,11.39,6376645.0,85274376.0
2014-10-20,11.48,11.58,11.53,11.24,5774907.0,76575376.0
2014-10-17,12.00,12.14,11.42,11.18,13703335.0,182585456.0
2014-10-16,12.27,12.40,11.98,11.96,12498275.0,176536816.0
2014-10-15,11.98,12.56,12.48,11.91,19198260.0,273870912.0
2014-10-14,11.95,12.71,12.05,11.89,21520610.0,305049760.0
2014-10-13,11.40,11.76,11.70,11.33,7253342.0,96483504.0
2014-10-10,11.83,11.83,11.48,11.45,9263477.0,124209304.0
2014-10-09,11.69,12.09,11.84,11.65,14441444.0,198227312.0
2014-10-08,11.52,11.64,11.64,11.32,8947757.0,118883792.0
2014-09-30,11.54,11.71,11.59,11.46,7126151.0,95490648.0
2014-09-29,11.50,11.71,11.56,11.48,8179882.0,109596512.0
2014-09-26,11.29,11.58,11.51,11.24,7980106.0,105245184.0
2014-09-25,11.69,11.71,11.37,11.35,11464641.0,153044608.0
2014-09-24,11.50,11.82,11.69,11.38,13847977.0,186362512.0
2014-09-23,11.28,11.63,11.50,11.23,10332396.0,136722448.0
2014-09-22,11.44,11.65,11.40,11.20,12924125.0,171145264.0
2014-09-19,11.65,11.83,11.53,11.34,17422332.0,232474976.0
2014-09-18,11.12,12.14,11.81,11.09,29565484.0,399941280.0
2014-09-17,11.22,11.71,11.26,10.98,19912856.0,261472896.0
2014-09-16,11.54,11.65,11.06,11.01,25792044.0,338490240.0
2014-09-15,11.50,12.17,11.72,11.43,39291528.0,534626368.0
2014-09-12,10.59,11.41,11.41,10.59,15372087.0,199232144.0
2014-09-11,10.33,10.42,10.37,10.12,8925659.0,106090928.0
2014-09-10,10.20,10.35,10.34,10.07,8785921.0,103553896.0
2014-09-09,10.14,10.31,10.24,10.01,8527004.0,100191904.0
2014-09-05,10.24,10.33,10.14,10.04,7730327.0,90712376.0
2014-09-04,10.21,10.26,10.22,10.10,7642172.0,89990792.0
2014-09-03,10.02,10.29,10.20,9.91,11816885.0,138045376.0
2014-09-02,9.93,10.04,10.02,9.88,8268582.0,95524960.0
2014-09-01,9.73,9.93,9.93,9.72,6185392.0,70414024.0
2014-08-29,9.64,9.79,9.77,9.54,4507592.0,50375088.0
2014-08-28,9.53,9.89,9.66,9.52,9747509.0,110143120.0
2014-08-27,9.56,9.67,9.59,9.53,8548361.0,94869528.0
2014-08-26,9.90,10.16,9.69,9.65,16789448.0,193273024.0
2014-08-25,9.72,9.93,9.91,9.59,10962119.0,124123536.0
2014-08-22,9.58,9.90,9.75,9.43,9174299.0,103010512.0
2014-08-21,9.66,9.66,9.59,9.41,5164452.0,56963408.0
2014-08-20,9.59,9.71,9.65,9.51,7592531.0,84461800.0
2014-08-19,9.61,9.66,9.59,9.47,6438644.0,71320984.0
2014-08-18,9.42,9.61,9.58,9.42,5340990.0,58895004.0
2014-08-15,9.38,9.48,9.45,9.28,4885153.0,53030696.0
2014-08-14,9.59,9.70,9.36,9.34,7992632.0,88099992.0
2014-08-13,9.44,9.71,9.58,9.42,8959173.0,98974352.0
2014-08-12,9.44,9.46,9.44,9.33,4082049.0,44326872.0
2014-08-11,9.34,9.44,9.44,9.29,3854693.0,41871220.0
2014-08-08,9.29,9.42,9.32,9.22,4280158.0,46146792.0
2014-08-07,9.42,9.49,9.33,9.30,4962248.0,53995148.0
2014-08-06,9.44,9.50,9.41,9.31,5930934.0,64408292.0
2014-08-05,9.28,9.59,9.51,9.26,10656442.0,116581632.0
2014-08-04,9.16,9.31,9.28,9.12,4711827.0,50359360.0
2014-08-01,9.25,9.34,9.16,9.12,6147053.0,65533740.0
2014-07-31,9.34,9.44,9.34,9.22,8496965.0,91624320.0
2014-07-30,9.25,9.59,9.24,9.21,11931496.0,129014696.0
2014-07-29,9.05,9.20,9.16,9.04,6474145.0,68441256.0
2014-07-28,8.82,9.12,9.08,8.82,4244898.0,44227668.0
2014-07-25,8.81,8.92,8.89,8.81,2706715.0,27775582.0
2014-07-24,9.04,9.04,8.81,8.73,4399013.0,45054680.0
2014-07-23,9.13,9.14,9.04,8.90,4394564.0,45832832.0
2014-07-22,9.06,9.15,9.13,8.95,4498416.0,47257272.0
2014-07-21,9.12,9.16,9.07,8.92,4431313.0,46405568.0
2014-07-18,8.97,9.23,9.21,8.95,9007299.0,95037120.0
2014-07-17,8.88,9.05,8.99,8.83,3858263.0,39933832.0
2014-07-16,8.95,9.04,8.81,8.76,4929116.0,50745736.0
2014-07-15,8.93,9.21,9.07,8.89,6544487.0,68524600.0
2014-07-14,8.85,8.95,8.93,8.81,3424495.0,35266200.0
2014-07-11,8.80,8.96,8.84,8.76,5056778.0,51828636.0
2014-07-10,8.64,8.86,8.75,8.63,3058202.0,30958846.0
2014-07-09,8.76,8.85,8.64,8.63,4393714.0,44427720.0
2014-07-08,8.81,8.83,8.80,8.67,3312239.0,33568240.0
2014-07-07,8.84,8.88,8.80,8.70,3756751.0,38156936.0
2014-07-04,8.69,8.89,8.89,8.68,6603362.0,67292832.0
2014-07-03,8.70,8.77,8.73,8.64,3135652.0,31583828.0
2014-07-02,8.63,8.79,8.70,8.61,3965021.0,39887804.0
2014-07-01,8.67,8.70,8.63,8.61,2802057.0,28008904.0
2014-06-30,8.63,8.69,8.67,8.58,3056491.0,30573192.0
2014-06-27,8.65,8.71,8.64,8.58,2820739.0,28243926.0
2014-06-26,8.52,8.73,8.67,8.51,5103904.0,51081232.0
2014-06-25,8.50,8.64,8.58,8.40,3037192.0,29949906.0
2014-06-24,8.45,8.62,8.51,8.36,2498519.0,24541050.0
2014-06-23,8.42,8.51,8.44,8.34,2071489.0,20206230.0
2014-06-20,8.28,8.43,8.42,8.22,2181583.0,21057760.0
2014-06-19,8.64,8.72,8.27,8.23,3047965.0,29805916.0
2014-06-18,8.64,8.75,8.65,8.51,3833131.0,38178472.0
2014-06-17,8.61,8.82,8.60,8.57,4461495.0,44773416.0
2014-06-16,8.53,8.71,8.64,8.44,4606797.0,45909384.0
2014-06-13,8.37,8.49,8.46,8.35,2680492.0,26190656.0
2014-06-12,8.32,8.42,8.33,8.32,1702373.0,16455640.0
2014-06-11,8.55,8.55,8.40,8.32,2695861.0,26200548.0
2014-06-10,8.28,8.42,8.42,8.23,2032167.0,21913798.0
2014-06-09,8.30,8.41,8.28,8.27,1710346.0,18375504.0
2014-06-06,8.49,8.58,8.35,8.28,3404604.0,36929188.0
2014-06-05,8.27,8.52,8.49,8.22,4548747.0,49231540.0
2014-06-04,8.14,8.39,8.33,8.06,2867530.0,30477108.0
2014-06-03,8.06,8.24,8.18,8.00,1680483.0,17761576.0
2014-05-30,8.01,8.16,8.09,8.01,1356591.0,14158871.0
2014-05-29,8.23,8.31,8.05,8.00,1675741.0,17672998.0
2014-05-28,8.18,8.29,8.26,8.13,1613308.0,17115354.0
2014-05-27,8.27,8.32,8.18,8.16,1230264.0,13071493.0
2014-05-26,8.23,8.28,8.28,8.17,1731337.0,18412970.0
2014-05-23,8.09,8.24,8.21,8.07,1265013.0,13333518.0
2014-05-22,8.06,8.29,8.11,8.06,1985801.0,21014588.0
2014-05-21,8.03,8.13,8.13,7.90,1843296.0,19141040.0
2014-05-20,8.14,8.23,8.02,8.00,1685479.0,17670286.0
2014-05-19,8.20,8.20,8.10,7.96,1873270.0,19478438.0
2014-05-16,8.11,8.34,8.26,8.11,2306493.0,24530530.0
2014-05-15,8.23,8.31,8.19,8.09,1846406.0,19496300.0
2014-05-14,8.27,8.28,8.23,8.18,1522502.0,16159157.0
2014-05-13,8.14,8.60,8.29,8.08,4422621.0,47907248.0
2014-05-12,7.94,8.19,8.14,7.91,2232785.0,23252864.0
2014-05-09,7.91,7.97,7.88,7.74,1742638.0,17651256.0
2014-05-08,7.92,8.07,7.94,7.90,1381604.0,14233242.0
2014-05-07,8.14,8.14,7.89,7.87,1630826.0,16822804.0
2014-05-06,8.07,8.23,8.16,8.07,2001968.0,21095202.0
2014-05-05,8.02,8.11,8.11,7.90,1563940.0,16143906.0
2014-04-30,7.99,8.06,8.02,7.97,1491158.0,15411629.0
2014-04-29,7.93,8.05,8.01,7.81,2112888.0,21690720.0
2014-04-28,8.45,8.49,7.92,7.90,3396499.0,35590668.0
2014-04-25,8.89,8.91,8.51,8.48,3759041.0,41884744.0
2014-04-24,8.99,9.11,8.90,8.87,2606790.0,30312254.0
2014-04-23,8.91,8.99,8.93,8.85,1458140.0,16747918.0
2014-04-22,8.99,9.07,8.87,8.71,2633917.0,30138650.0
2014-04-21,9.14,9.28,8.96,8.93,4395853.0,51850604.0
2014-04-18,9.00,9.33,9.30,8.87,5486401.0,64497684.0
2014-04-17,8.95,9.04,9.02,8.89,2092733.0,24168934.0
2014-04-16,9.00,9.05,8.92,8.87,2138342.0,24683018.0
2014-04-15,9.05,9.14,9.06,8.98,2234627.0,26126402.0
2014-04-14,8.96,9.09,9.07,8.90,1864856.0,21722756.0
2014-04-11,9.00,9.08,8.93,8.87,2217698.0,25645590.0
2014-04-10,9.04,9.10,9.09,8.95,3021460.0,35302640.0
2014-04-09,8.99,9.04,9.00,8.97,2256691.0,26216008.0
2014-04-08,8.83,9.02,8.98,8.82,2448830.0,28221408.0
2014-04-04,8.77,8.87,8.87,8.71,1746873.0,19881734.0
2014-04-03,8.78,8.83,8.76,8.72,1877654.0,21241388.0
2014-04-02,8.87,8.88,8.76,8.69,2213083.0,25000368.0
2014-04-01,8.73,8.86,8.86,8.73,1612751.0,18350376.0
2014-03-31,8.95,8.95,8.74,8.62,3069584.0,34653816.0
2014-03-28,9.42,9.50,8.92,8.92,5824038.0,68432016.0
2014-03-27,9.59,9.62,9.48,9.42,4886300.0,60002940.0
2014-03-26,9.40,9.65,9.61,9.38,5682074.0,69773200.0
2014-03-25,9.44,9.73,9.45,9.35,7727651.0,95059184.0
2014-03-24,9.19,9.34,9.25,9.14,3112345.0,37173492.0
2014-03-21,8.95,9.26,9.22,8.90,3606243.0,42318056.0
2014-03-20,9.45,9.57,9.00,8.99,5724843.0,68773152.0
2014-03-19,9.26,9.54,9.50,9.25,4851058.0,58952852.0
2014-03-18,9.40,9.49,9.35,9.31,3786837.0,45828108.0
2014-03-17,9.11,9.38,9.38,9.07,3994826.0,47903976.0
2014-03-14,9.07,9.18,9.07,8.96,2852314.0,33278500.0
2014-03-13,9.07,9.22,9.12,9.05,3205348.0,37752920.0
2014-03-12,9.31,9.33,9.10,8.83,6169700.0,72473976.0
2014-03-11,9.27,9.52,9.33,9.15,5865459.0,70702472.0
2014-03-10,9.69,9.74,9.36,9.32,8388064.0,103245240.0
2014-03-07,9.87,10.32,9.90,9.83,13794179.0,179004688.0
2014-03-06,9.56,9.89,9.85,9.30,8268608.0,102553024.0
2014-03-05,9.54,9.88,9.64,9.51,7395722.0,92495616.0
2014-03-04,9.49,9.59,9.52,9.32,4754029.0,58058232.0
2014-03-03,9.33,9.65,9.60,9.32,5358748.0,66024208.0
2014-02-28,9.26,9.43,9.42,8.99,5465940.0,64819232.0
2014-02-27,9.49,9.61,9.30,9.26,6646205.0,81221944.0
2014-02-26,9.18,9.43,9.42,9.18,5346290.0,64296748.0
2014-02-25,10.00,10.07,9.32,9.18,10812351.0,134992608.0
2014-02-24,9.70,9.97,9.97,9.55,7490316.0,94718424.0
2014-02-21,9.84,10.00,9.70,9.54,9374167.0,117819448.0
2014-02-20,10.27,10.60,9.96,9.92,15958075.0,211583504.0
2014-02-19,10.15,10.61,10.23,10.00,17723828.0,236274176.0
2014-02-18,9.86,10.28,10.14,9.78,15226229.0,198271120.0
2014-02-17,9.61,9.94,9.92,9.57,8772860.0,110979184.0
2014-02-14,9.44,9.63,9.57,9.44,5701890.0,70217288.0
2014-02-13,9.85,9.90,9.44,9.42,9308781.0,116296624.0
2014-02-12,9.83,9.95,9.92,9.61,8427216.0,106714184.0
2014-02-11,9.96,10.15,9.76,9.73,10596768.0,135284832.0
2014-02-10,9.76,10.04,9.96,9.65,10904100.0,138567616.0
2014-02-07,9.52,9.87,9.77,9.52,9468928.0,119075296.0
2014-01-30,9.47,9.66,9.43,9.40,5202774.0,64078484.0
2014-01-29,9.49,9.55,9.49,9.31,6122162.0,74523464.0
2014-01-28,9.58,9.68,9.52,9.42,8084898.0,99340600.0
2014-01-27,9.30,9.69,9.52,9.19,9877762.0,121153616.0
2014-01-24,9.18,9.42,9.35,9.17,7072188.0,85198296.0
2014-01-23,9.23,9.45,9.29,9.22,8012690.0,96739720.0
2014-01-22,9.03,9.49,9.31,8.99,10331904.0,123167376.0
2014-01-21,8.87,9.09,9.07,8.80,6946467.0,80508752.0
2014-01-20,8.68,8.90,8.88,8.62,3927310.0,44499196.0
2014-01-17,8.74,8.85,8.68,8.67,3691336.0,41792524.0
2014-01-16,8.87,8.94,8.78,8.74,4881512.0,55617624.0
2014-01-15,8.72,8.87,8.87,8.66,4997201.0,56674980.0
2014-01-14,8.41,8.74,8.74,8.40,4323016.0,47966880.0
2014-01-13,8.58,8.73,8.45,8.42,3745419.0,41354388.0
2014-01-10,8.65,8.81,8.54,8.51,4876055.0,54324488.0
2014-01-09,8.82,9.10,8.79,8.74,7340193.0,84697624.0
2014-01-08,8.74,8.95,8.80,8.74,4827657.0,55044164.0
2014-01-07,8.56,8.93,8.77,8.56,5148698.0,58322440.0
2014-01-06,9.28,9.28,8.66,8.54,9374098.0,108070368.0
2014-01-03,9.35,9.55,9.38,9.31,9109699.0,110595472.0
2014-01-02,9.18,9.42,9.39,9.07,8319240.0,100025976.0
2013-12-31,9.23,9.37,9.19,9.07,5786010.0,68683840.0
2013-12-30,9.29,9.52,9.30,9.24,8135467.0,98279112.0
2013-12-27,8.98,9.33,9.22,8.92,8542922.0,101520592.0
2013-12-26,9.45,9.48,9.04,9.02,10360703.0,123435928.0
2013-12-25,9.11,9.45,9.45,9.00,11202244.0,134043064.0
2013-12-24,9.00,9.26,9.16,8.94,10425047.0,122388760.0
2013-12-23,9.03,9.14,8.95,8.76,11065469.0,127977120.0
2013-12-20,9.61,9.61,9.16,9.14,18399452.0,221753648.0
2013-12-19,9.74,10.33,9.76,9.59,36760516.0,469328576.0
2013-12-18,9.21,9.74,9.74,9.21,14091560.0,175006592.0
2013-12-17,8.68,8.91,8.86,8.57,9551100.0,108576944.0
2013-12-16,8.70,8.80,8.71,8.56,5934695.0,66509304.0
2013-12-13,8.57,8.78,8.69,8.52,5837172.0,65529756.0
2013-12-12,8.52,8.83,8.67,8.51,8833244.0,99179240.0
2013-12-11,8.61,8.61,8.42,8.32,6262710.0,68134752.0
2013-12-10,8.79,8.83,8.63,8.61,6911109.0,77557856.0
2013-12-09,8.74,8.85,8.76,8.66,7861817.0,88847464.0
2013-12-06,8.72,8.97,8.88,8.60,12533296.0,142198800.0
2013-12-05,8.58,8.80,8.58,8.56,7303525.0,81760712.0
2013-12-04,8.45,8.69,8.61,8.45,9254123.0,102852792.0
2013-12-03,8.20,8.56,8.54,8.11,8817314.0,95279736.0
2013-12-02,8.90,8.90,8.40,8.40,17980152.0,198973520.0
2013-11-29,9.45,9.57,9.33,9.28,12335678.0,149996944.0
2013-11-28,9.42,9.56,9.51,9.23,12102745.0,146977792.0
2013-11-27,9.16,9.61,9.46,9.14,16327379.0,199108912.0
2013-11-26,9.14,9.36,9.15,9.08,9815277.0,116897424.0
2013-11-25,9.34,9.52,9.19,9.17,15927381.0,191139024.0
2013-11-22,9.07,9.63,9.49,8.97,29357208.0,352240736.0
2013-11-21,9.53,9.84,9.33,9.33,26490968.0,321721984.0
2013-11-20,10.38,10.58,10.37,10.17,19749004.0,262934848.0
2013-11-19,10.01,10.46,10.45,9.89,29875640.0,391992160.0
2013-11-18,9.44,10.42,10.21,9.36,37543004.0,489312832.0
2013-11-15,9.60,10.07,9.47,9.46,29536568.0,371257696.0
2013-11-14,9.21,9.66,9.66,8.97,21834334.0,261973888.0
2013-11-13,9.35,9.53,9.31,9.23,18319044.0,221736944.0
2013-11-12,9.69,9.78,9.73,9.28,25554956.0,314643904.0
2013-11-11,9.68,10.19,9.92,9.45,24648756.0,314721824.0
2013-11-08,9.75,10.17,9.68,9.66,27294424.0,349015840.0
2013-11-07,9.65,10.06,9.85,9.44,34941544.0,437958528.0
2013-11-06,9.61,10.60,10.10,9.48,48217512.0,627036288.0
2013-11-05,9.03,9.64,9.64,8.91,31870564.0,380777344.0
2013-11-04,8.04,8.76,8.76,7.97,14040236.0,156301104.0
2013-11-01,8.10,8.16,7.97,7.76,8694597.0,89418024.0
2013-10-31,8.60,8.89,8.39,8.36,20981388.0,232805072.0
2013-10-30,7.44,8.19,8.19,7.40,8467572.0,86524384.0
2013-10-29,7.83,8.08,7.45,7.11,7064861.0,69614536.0
2013-10-28,8.06,8.06,7.90,7.76,8255032.0,84418392.0
2013-10-22,8.21,8.90,8.52,8.20,14544462.0,160796480.0
2013-10-21,7.98,8.35,8.30,7.91,8180773.0,86744544.0
2013-10-18,7.90,7.98,7.96,7.78,3458641.0,35293416.0
2013-10-17,7.96,8.05,7.80,7.77,4605005.0,47194580.0
2013-10-16,8.13,8.18,7.92,7.83,4812938.0,49367180.0
2013-10-15,8.42,8.42,8.20,8.07,5514042.0,58168876.0
2013-10-14,8.38,8.43,8.31,8.23,7730130.0,82990992.0
2013-10-11,7.99,8.37,8.29,7.98,8795789.0,93017904.0
2013-10-10,8.08,8.12,7.94,7.90,4889605.0,50467604.0
2013-10-09,7.97,8.21,8.15,7.91,6216080.0,64871548.0
2013-10-08,7.82,8.08,8.03,7.72,7116973.0,72977480.0
2013-09-30,7.93,8.04,7.87,7.76,5123822.0,52083028.0
2013-09-27,8.13,8.25,7.94,7.84,8878933.0,91247992.0
2013-09-26,7.71,8.35,8.14,7.69,18036448.0,189341072.0
2013-09-25,7.80,7.83,7.65,7.59,4521519.0,44900832.0
2013-09-24,7.66,7.81,7.78,7.56,7457101.0,74402208.0
2013-09-23,7.63,7.89,7.66,7.59,8878366.0,88371744.0
2013-09-18,7.34,7.40,7.38,7.28,1669236.0,15845925.0
2013-09-17,7.50,7.56,7.35,7.34,2530959.0,24276200.0
2013-09-16,7.59,7.59,7.51,7.48,2666164.0,25942414.0
2013-09-13,7.69,7.74,7.58,7.52,3435786.0,33691064.0
2013-09-12,7.66,7.84,7.68,7.66,5422959.0,54113324.0
2013-09-11,7.75,7.81,7.59,7.53,6037179.0,59382004.0
2013-09-10,7.52,7.80,7.75,7.50,9124476.0,90277816.0
2013-09-09,7.47,7.62,7.51,7.42,4860549.0,47128820.0
2013-09-06,7.35,7.45,7.45,7.26,4065411.0,38775216.0
2013-09-05,7.35,7.39,7.34,7.30,2458130.0,23312338.0
2013-09-04,7.36,7.41,7.34,7.29,2897745.0,27483858.0
2013-09-03,7.30,7.40,7.38,7.23,3591423.0,33969584.0
2013-09-02,7.18,7.36,7.33,7.04,3436238.0,32059210.0
2013-08-30,7.44,7.48,7.19,7.17,4421520.0,41800196.0
2013-08-29,7.53,7.56,7.42,7.38,3643090.0,35011912.0
2013-08-28,7.40,7.61,7.52,7.31,6846425.0,66208808.0
2013-08-27,7.32,7.43,7.43,7.28,4054591.0,38666272.0
2013-08-26,7.13,7.35,7.33,7.13,3000758.0,28079296.0
2013-08-23,7.24,7.25,7.12,7.01,2978376.0,27513858.0
2013-08-22,7.19,7.23,7.18,7.14,2850367.0,26458450.0
2013-08-21,7.23,7.25,7.20,7.13,3549268.0,32855546.0
2013-08-20,7.37,7.42,7.25,7.21,4190887.0,39582340.0
2013-08-19,7.25,7.41,7.41,7.19,2936805.0,27763244.0
2013-08-16,7.52,7.74,7.34,7.32,6103658.0,58881876.0
2013-08-15,7.95,8.04,7.63,7.60,9295811.0,93999624.0
2013-08-14,7.64,7.76,7.75,7.56,6263626.0,61872068.0
2013-08-13,7.65,7.71,7.65,7.56,4276076.0,42159696.0
2013-08-12,7.50,7.71,7.68,7.42,6638475.0,64727248.0
2013-08-09,7.33,7.47,7.46,7.21,3265375.0,31014458.0
2013-08-08,7.25,7.44,7.33,7.25,2351623.0,22330548.0
2013-08-07,7.51,7.53,7.29,7.29,4042720.0,38587704.0
2013-08-06,7.53,7.60,7.54,7.41,4223722.0,40879300.0
2013-08-05,7.44,7.56,7.55,7.36,4375436.0,42163728.0
2013-08-02,7.43,7.64,7.49,7.36,8065423.0,78158328.0
2013-08-01,7.18,7.58,7.42,7.17,9737383.0,92871056.0
2013-07-31,7.01,7.09,6.97,6.97,2187229.0,19856724.0
2013-07-30,7.13,7.17,7.04,6.90,2348912.0,21338974.0
2013-07-29,7.05,7.23,7.15,6.99,3496515.0,32157164.0
2013-07-26,7.03,7.15,7.12,6.93,3090535.0,28066440.0
2013-07-25,7.27,7.27,7.05,7.04,3824510.0,35220636.0
2013-07-24,7.11,7.29,7.27,7.06,6048077.0,56004132.0
2013-07-23,6.88,7.10,7.10,6.86,4087852.0,37132548.0
2013-07-22,6.73,6.88,6.88,6.59,2940762.0,25637338.0
2013-07-19,7.11,7.11,6.86,6.84,4358523.0,39203384.0
2013-07-18,6.94,7.20,7.11,6.94,6714904.0,61493396.0
2013-07-17,7.10,7.16,6.87,6.87,3941183.0,35715792.0
2013-07-16,7.09,7.17,7.17,6.96,5065054.0,46200728.0
2013-07-15,6.90,7.09,7.09,6.89,4125160.0,37322316.0
2013-07-12,6.94,7.01,6.89,6.82,4212505.0,37684232.0
2013-07-11,6.66,6.96,6.88,6.66,4304018.0,38191760.0
2013-07-10,6.40,6.69,6.66,6.40,2424936.0,20544750.0
2013-07-09,6.43,6.52,6.46,6.35,1554490.0,12919719.0
2013-07-08,6.77,6.77,6.44,6.44,3229238.0,27369136.0
2013-07-05,6.97,7.04,6.88,6.87,3655867.0,32799728.0
2013-07-04,6.79,7.11,7.01,6.70,5738625.0,51585160.0
2013-07-03,6.84,6.88,6.84,6.59,3793641.0,32951946.0
2013-07-02,6.74,6.87,6.87,6.68,2826150.0,24752504.0
2013-07-01,6.63,6.74,6.73,6.53,2416856.0,20718828.0
2013-06-28,6.59,6.77,6.61,6.41,2762468.0,23525190.0
2013-06-27,6.95,7.05,6.63,6.59,4419957.0,38947788.0
2013-06-26,6.76,6.94,6.93,6.70,4209384.0,37183332.0
2013-06-25,6.72,6.87,6.76,6.13,4740937.0,40282140.0
2013-06-24,7.38,7.38,6.73,6.67,4052871.0,36617580.0
2013-06-21,7.36,7.45,7.37,7.21,3820771.0,36048864.0
2013-06-20,7.67,7.80,7.49,7.49,4071825.0,40313540.0
2013-06-19,7.81,7.81,7.70,7.49,3946548.0,38935544.0
2013-06-18,7.89,7.96,7.82,7.66,4795857.0,48319280.0
2013-06-17,8.13,8.13,7.88,7.86,5172576.0,52950036.0
2013-06-14,7.90,8.10,8.08,7.84,6154265.0,63348448.0
2013-06-13,8.33,8.33,7.85,7.82,8202045.0,83928880.0
2013-06-07,9.19,9.25,8.69,8.52,13887156.0,159786576.0
2013-06-06,8.96,9.45,9.33,8.88,14574969.0,173197328.0
2013-06-05,8.80,9.01,9.00,8.73,7312964.0,83724184.0
2013-06-04,8.73,8.87,8.80,8.49,6883499.0,77088896.0
2013-06-03,8.80,8.92,8.62,8.60,5940453.0,66979612.0
2013-05-31,8.82,9.13,8.87,8.70,8884825.0,102497168.0
2013-05-30,8.83,8.95,8.82,8.53,6026598.0,68340440.0
2013-05-29,8.76,8.94,8.79,8.72,5687101.0,71976432.0
2013-05-28,9.02,9.04,8.73,8.70,6831490.0,86586504.0
2013-05-27,8.98,9.11,9.05,8.88,6994287.0,90576040.0
2013-05-24,8.82,9.02,8.99,8.72,6089261.0,77666216.0
2013-05-23,8.69,8.97,8.77,8.69,6493709.0,82571024.0
2013-05-22,8.95,9.01,8.79,8.70,7410425.0,94282288.0
2013-05-21,8.84,8.99,8.93,8.73,9064226.0,115524600.0
2013-05-20,8.32,9.04,8.88,8.32,17473264.0,219685536.0
2013-05-17,8.20,8.32,8.21,8.12,5266085.0,62250336.0
2013-05-16,8.12,8.44,8.27,8.06,7680676.0,91643608.0
2013-05-15,8.13,8.17,8.17,7.96,4345215.0,50316376.0
2013-05-14,8.08,8.26,8.14,8.03,5659383.0,66368688.0
2013-05-13,8.28,8.44,8.14,8.09,6877723.0,81420288.0
2013-05-10,7.94,8.27,8.14,7.85,7232495.0,84072312.0
2013-05-09,7.89,8.05,8.03,7.78,5512833.0,62667872.0
2013-05-08,7.84,8.00,7.86,7.80,4521742.0,51236224.0
2013-05-07,7.64,7.80,7.80,7.59,3151209.0,34815828.0
2013-05-06,7.60,7.71,7.64,7.55,2892002.0,31837096.0
2013-05-03,7.41,7.65,7.60,7.41,3098462.0,33643704.0
2013-05-02,7.53,7.53,7.39,7.33,2323077.0,24758646.0
2013-04-26,7.79,7.85,7.52,7.43,3550079.0,39044168.0
2013-04-25,8.01,8.05,7.78,7.76,4861712.0,55402740.0
2013-04-24,7.79,8.13,8.08,7.77,6682116.0,76552744.0
2013-04-23,8.02,8.18,7.77,7.71,7872002.0,89910936.0
2013-04-22,7.70,7.95,7.93,7.66,6082317.0,68627056.0
2013-04-19,7.74,7.85,7.78,7.68,3895342.0,43576012.0
2013-04-18,7.62,7.73,7.69,7.54,2734057.0,30177352.0
2013-04-17,7.59,7.69,7.62,7.54,2172565.0,23762638.0
2013-04-16,7.53,7.59,7.57,7.41,1899491.0,20503158.0
2013-04-15,7.45,7.64,7.57,7.45,2693160.0,29142818.0
2013-04-12,7.58,7.89,7.65,7.57,6722971.0,74632392.0
2013-04-11,7.37,7.45,7.45,7.27,2367292.0,25040082.0
2013-04-10,7.41,7.49,7.34,7.26,2010257.0,21266798.0
2013-04-09,7.31,7.50,7.43,7.31,3051871.0,32535566.0
2013-04-08,7.25,7.39,7.36,7.16,2016559.0,21079984.0
2013-04-03,7.59,7.62,7.31,7.30,3243540.0,34704800.0
2013-04-02,7.70,7.77,7.59,7.57,2819906.0,31042932.0
2013-04-01,7.73,7.77,7.69,7.66,1955422.0,21650430.0
2013-03-29,7.66,7.76,7.66,7.62,2643879.0,29133466.0
2013-03-28,7.98,7.98,7.66,7.66,4518884.0,50449756.0
2013-03-27,7.98,8.07,8.06,7.87,4119471.0,47234660.0
2013-03-26,8.01,8.08,7.97,7.80,4884576.0,55630616.0
2013-03-25,8.24,8.33,8.05,8.02,5340050.0,62266632.0
2013-03-22,8.26,8.40,8.21,8.17,6123097.0,72690632.0
2013-03-21,8.12,8.49,8.35,8.03,10699030.0,126316376.0
2013-03-20,8.04,8.25,8.21,7.94,10676625.0,124578008.0
2013-03-19,7.90,8.10,7.98,7.78,7214538.0,82417856.0
2013-03-18,7.76,8.03,7.87,7.73,7385053.0,83720696.0
2013-03-15,7.80,7.94,7.70,7.62,6175893.0,68740480.0
2013-03-14,7.73,8.13,7.85,7.66,9822595.0,111368888.0
2013-03-13,7.86,8.20,7.85,7.71,13596001.0,155980672.0
2013-03-12,7.63,8.10,7.95,7.46,12868294.0,143908976.0
2013-03-11,7.66,7.76,7.62,7.60,4908060.0,54142980.0
2013-03-08,7.48,7.81,7.67,7.46,9745432.0,107678496.0
2013-03-07,7.48,7.62,7.48,7.37,3389101.0,36541500.0
2013-03-06,7.38,7.54,7.48,7.31,3637030.0,38912364.0
2013-03-05,7.21,7.39,7.38,7.20,2729501.0,28668436.0
2013-03-04,7.53,7.57,7.23,7.14,3746347.0,39613200.0
2013-03-01,7.66,7.66,7.58,7.46,6143186.0,66852916.0
2013-02-28,7.30,7.48,7.44,7.24,2982578.0,31723432.0
2013-02-27,7.31,7.39,7.29,7.16,2231689.0,23382990.0
2013-02-26,7.43,7.50,7.27,7.27,2567156.0,27268420.0
2013-02-25,7.57,7.57,7.52,7.38,4535138.0,48771672.0
2013-02-22,7.38,7.55,7.50,7.32,3077329.0,32780572.0
2013-02-21,7.55,7.55,7.38,7.36,2938940.0,31337894.0
2013-02-20,7.46,7.63,7.60,7.44,3795706.0,40970824.0
2013-02-19,7.59,7.61,7.52,7.36,4701288.0,50236364.0
2013-02-18,7.45,7.65,7.58,7.39,4907950.0,53117328.0
2013-02-08,7.37,7.47,7.43,7.36,2425959.0,25843122.0
2013-02-07,7.29,7.41,7.37,7.29,3136060.0,33033894.0
2013-02-06,7.31,7.36,7.30,7.23,3931171.0,41114140.0
2013-02-05,7.31,7.40,7.37,7.27,2206834.0,23283150.0
2013-02-04,7.55,7.62,7.34,7.34,2404661.0,25666374.0
2013-02-01,7.46,7.57,7.54,7.39,2115124.0,22813820.0
2013-01-31,7.57,7.57,7.49,7.41,1894666.0,20369788.0
2013-01-30,7.64,7.72,7.60,7.51,2259717.0,24670384.0
2013-01-29,7.52,7.69,7.60,7.50,2696879.0,29357272.0
2013-01-28,7.34,7.53,7.53,7.34,1831560.0,19652682.0
2013-01-25,7.39,7.51,7.38,7.32,1463138.0,15559638.0
2013-01-24,7.66,7.80,7.39,7.33,3280862.0,35582044.0
2013-01-23,7.78,7.78,7.66,7.55,2371402.0,26008300.0
2013-01-22,7.92,8.10,7.75,7.67,4370101.0,49642820.0
2013-01-21,7.85,7.96,7.89,7.75,3412195.0,38541956.0
2013-01-18,7.80,7.89,7.87,7.68,2964661.0,33206760.0
2013-01-17,7.77,7.97,7.80,7.73,4498456.0,50714816.0
2013-01-16,7.80,7.83,7.73,7.52,3569099.0,39502520.0
2013-01-15,7.73,8.08,7.89,7.66,5328635.0,60476356.0
2013-01-14,7.37,7.81,7.70,7.35,4032619.0,44285172.0
2013-01-11,7.59,7.64,7.34,7.32,2603489.0,28027972.0
2013-01-10,7.65,7.68,7.56,7.48,2088172.0,22686648.0
2013-01-09,7.52,7.96,7.58,7.48,5533873.0,61176952.0
2013-01-08,7.27,7.52,7.43,7.18,4308095.0,45645564.0
2013-01-07,7.16,7.25,7.23,7.07,1723399.0,17758394.0
2013-01-04,7.25,7.31,7.17,7.14,1878160.0,19460780.0
2012-12-31,7.25,7.27,7.18,7.14,1596372.0,16456856.0
2012-12-28,7.18,7.25,7.23,7.09,2032961.0,20964992.0
2012-12-27,7.32,7.42,7.22,7.19,3225610.0,33838016.0
2012-12-26,7.14,7.32,7.30,7.10,3063620.0,31915876.0
2012-12-25,7.05,7.23,7.16,6.98,2983252.0,30609398.0
2012-12-24,6.96,7.13,7.05,6.91,1884151.0,19120404.0
2012-12-21,6.96,7.09,7.02,6.91,1890543.0,19030912.0
2012-12-20,6.96,7.01,7.00,6.86,1628300.0,16236351.0
2012-12-19,6.84,7.17,7.03,6.84,3454201.0,34989376.0
2012-12-18,6.95,6.98,6.87,6.84,2328765.0,23074790.0
2012-12-17,6.66,7.07,7.01,6.66,3331928.0,32972192.0
2012-12-14,6.44,6.76,6.73,6.44,2323629.0,22233956.0
2012-12-13,6.70,6.70,6.47,6.45,1635254.0,15399806.0
2012-12-12,6.68,6.77,6.70,6.60,1440577.0,13826713.0
2012-12-11,6.82,6.82,6.76,6.72,1580410.0,15359787.0
2012-12-10,6.74,6.96,6.87,6.68,2284126.0,22436644.0
2012-12-07,6.72,6.94,6.74,6.68,2059595.0,20009818.0
2012-12-06,6.61,6.73,6.61,6.60,1094850.0,10464109.0
2012-12-05,6.47,6.71,6.65,6.42,2028565.0,19290130.0
2012-12-04,6.16,6.50,6.46,6.16,1455069.0,13256214.0
2012-12-03,6.52,6.53,6.18,6.18,956247.0,8696910.0
2012-11-30,6.40,6.54,6.52,6.38,932840.0,8671658.0
2012-11-29,6.54,6.61,6.39,6.39,614770.0,5742381.0
2012-11-28,6.68,6.68,6.54,6.41,1297143.0,12215575.0
2012-11-27,7.14,7.14,6.68,6.62,1809956.0,17734826.0
2012-11-26,7.32,7.41,7.14,7.14,854784.0,8926702.0
2012-11-23,7.37,7.48,7.31,7.31,974361.0,10378240.0
2012-11-22,7.52,7.52,7.37,7.34,773022.0,8217944.0
2012-11-21,7.46,7.56,7.55,7.27,1676080.0,17877156.0
2012-11-20,7.54,7.61,7.45,7.45,1042993.0,11265128.0
2012-11-19,7.53,7.62,7.54,7.39,1504347.0,16253933.0
2012-11-16,7.31,7.55,7.53,7.30,1753594.0,18867586.0
2012-11-15,7.38,7.50,7.38,7.25,1610746.0,17086402.0
2012-11-14,7.34,7.43,7.37,7.22,1444539.0,15197157.0
2012-11-13,7.63,7.66,7.40,7.37,1311060.0,14051998.0
2012-11-12,7.57,7.65,7.61,7.48,1419402.0,15431971.0
2012-11-09,7.58,7.68,7.49,7.47,1865626.0,20244678.0
2012-11-08,7.97,7.97,7.63,7.62,2533570.0,28237170.0
2012-11-07,8.14,8.16,8.01,7.99,2412213.0,27851604.0
2012-11-06,8.24,8.35,8.14,8.12,3007082.0,35537052.0
2012-11-05,8.28,8.28,8.10,8.08,1896969.0,22184670.0
2012-11-02,8.19,8.34,8.27,8.19,1814620.0,21519930.0
2012-11-01,8.12,8.29,8.21,8.09,1828888.0,21584820.0
2012-10-31,8.17,8.17,8.12,7.94,1663602.0,19271286.0
2012-10-30,8.17,8.31,8.18,8.16,1858927.0,21992300.0
2012-10-29,8.12,8.19,8.14,8.08,1260097.0,14724147.0
2012-10-26,8.29,8.34,8.14,8.01,2698729.0,31543524.0
2012-10-25,8.46,8.55,8.29,8.25,2692430.0,32474384.0
2012-10-24,8.48,8.53,8.39,8.37,2726829.0,33017000.0
2012-10-23,8.71,8.79,8.56,8.53,4259444.0,52781992.0
2012-10-22,8.43,8.80,8.71,8.42,6404165.0,79665776.0
2012-10-19,8.42,8.59,8.47,8.42,3656021.0,44678816.0
2012-10-18,8.25,8.52,8.47,8.21,4261556.0,51487560.0
2012-10-17,8.23,8.26,8.21,8.12,1551436.0,18274234.0
2012-10-16,8.14,8.27,8.23,8.08,2151965.0,25339038.0
2012-10-15,8.18,8.19,8.14,7.96,2630366.0,30490864.0
2012-10-12,8.33,8.42,8.18,8.12,1994941.0,23605016.0
2012-10-11,8.48,8.52,8.33,8.21,3623372.0,43483436.0
2012-10-10,8.49,8.61,8.53,8.42,3707101.0,45416552.0
2012-10-09,8.26,8.67,8.56,8.19,5257186.0,63773028.0
2012-10-08,8.11,8.34,8.26,8.11,2934629.0,34713976.0
2012-09-28,8.03,8.15,8.14,7.95,2743342.0,31927760.0
2012-09-27,7.89,8.10,8.04,7.85,2611896.0,29943568.0
2012-09-26,8.15,8.24,7.80,7.73,3586169.0,40921824.0
2012-09-25,8.13,8.41,8.27,8.11,3620616.0,43102564.0
2012-09-24,7.97,8.21,8.17,7.83,2049786.0,23814326.0
2012-09-21,8.12,8.26,8.05,8.03,2927118.0,34228044.0
2012-09-20,8.51,8.59,8.12,8.08,3743606.0,44667036.0
2012-09-19,8.46,8.53,8.49,8.39,1758825.0,21404216.0
2012-09-18,8.42,8.57,8.43,8.31,2852893.0,34628196.0
2012-09-17,8.70,8.72,8.43,8.41,4079477.0,49931232.0
2012-09-14,8.98,9.02,8.71,8.65,6109670.0,77094368.0
2012-09-13,9.11,9.38,8.91,8.91,10689095.0,140857920.0
2012-09-12,8.98,9.22,9.15,8.89,10008117.0,130570800.0
2012-09-11,9.02,9.24,8.86,8.82,8927197.0,115563624.0
2012-09-10,8.84,9.13,9.11,8.67,10020053.0,128313064.0
2012-09-07,8.70,8.98,8.84,8.59,9754511.0,123103456.0
2012-09-06,8.49,8.69,8.62,8.49,6025675.0,74308392.0
2012-09-05,8.27,8.47,8.41,8.12,4403047.0,52437224.0
2012-09-04,8.33,8.69,8.35,8.30,8291005.0,101522336.0
2012-09-03,8.22,8.59,8.40,7.98,8866990.0,105618664.0
2012-08-31,7.92,8.51,8.33,7.92,10152083.0,120476168.0
2012-08-30,8.84,8.84,8.06,7.99,14657044.0,174953040.0
2012-08-29,9.15,9.30,8.88,8.85,10783566.0,140325296.0
2012-08-28,9.40,9.43,9.33,8.90,18841444.0,248936960.0
2012-08-27,8.56,9.34,9.34,8.56,13012717.0,170749776.0
2012-08-24,8.77,8.83,8.49,8.42,7496801.0,92423024.0
2012-08-23,9.24,9.31,8.93,8.90,10655254.0,138587520.0
2012-08-22,9.10,9.57,9.24,9.05,13714170.0,183855840.0
2012-08-21,9.36,9.54,9.17,9.08,15986831.0,212918448.0
2012-08-20,8.88,9.61,9.43,8.75,16500056.0,217752608.0
2012-08-17,8.70,9.17,8.92,8.51,11820141.0,151909744.0
2012-08-16,8.84,9.22,8.76,8.65,12654553.0,162534224.0
2012-08-15,9.13,9.22,8.88,8.74,16991592.0,220118000.0
2012-08-14,8.19,9.03,9.03,8.18,19104416.0,239674080.0
2012-08-13,8.34,8.46,8.21,8.19,6014745.0,71907472.0
2012-08-10,8.45,8.81,8.41,8.37,9597048.0,118099320.0
2012-08-09,8.15,8.55,8.45,8.03,10942940.0,131543952.0
2012-08-08,7.87,8.19,8.13,7.73,4610321.0,52654732.0
2012-08-07,7.82,8.18,7.92,7.75,2852772.0,32703096.0
2012-08-06,7.50,7.81,7.80,7.50,2025799.0,22388612.0
2012-08-03,7.50,7.59,7.58,7.39,1239012.0,13359493.0
2012-08-02,7.48,7.59,7.48,7.38,1125758.0,12109168.0
2012-08-01,7.34,7.55,7.53,7.34,958543.0,10310813.0
2012-07-31,7.35,7.48,7.35,7.32,977442.0,10386417.0
2012-07-30,7.66,7.72,7.41,7.39,1094197.0,11806132.0
2012-07-27,7.72,7.76,7.64,7.56,1215882.0,13373202.0
2012-07-26,7.87,7.97,7.64,7.59,2120372.0,23746590.0
2012-07-25,7.89,8.05,7.89,7.87,1632615.0,18664238.0
2012-07-24,7.80,8.17,7.96,7.73,2324045.0,26723978.0
2012-07-23,8.10,8.10,7.82,7.73,2303289.0,25888444.0
2012-07-20,8.09,8.35,8.14,7.99,4064064.0,47997824.0
2012-07-19,7.96,8.25,8.11,7.96,3708298.0,43216836.0
2012-07-18,7.79,8.19,8.03,7.68,3516825.0,40349080.0
2012-07-17,7.66,7.81,7.76,7.32,2812215.0,30728694.0
2012-07-16,8.06,8.33,7.85,7.85,3887811.0,45495412.0
2012-07-13,8.00,8.21,8.05,7.91,2854173.0,33101000.0
2012-07-12,8.16,8.16,8.05,7.82,3902842.0,44662308.0
2012-07-11,8.17,8.20,8.19,8.02,1998469.0,23356642.0
2012-07-10,8.14,8.25,8.13,8.01,2116917.0,24701504.0
2012-07-09,8.44,8.51,8.14,8.10,3649692.0,43704564.0
2012-07-06,8.31,8.51,8.49,8.14,3515896.0,42151676.0
2012-07-05,8.36,8.36,8.25,8.14,2845003.0,33586516.0
2012-07-04,8.62,8.63,8.39,8.28,5325482.0,64501572.0
2012-07-03,8.33,8.91,8.66,8.33,10443846.0,129967080.0
2012-07-02,8.21,8.39,8.29,8.09,5594808.0,66547892.0
2012-06-29,8.12,8.20,8.17,7.92,6132092.0,71071752.0
2012-06-28,8.70,8.81,8.26,8.23,13686528.0,167920480.0
2012-06-27,7.45,8.17,8.17,7.45,4096107.0,47427176.0
2012-06-26,7.35,7.53,7.42,7.25,1992810.0,21308274.0
2012-06-25,7.80,7.84,7.34,7.34,2136532.0,23198542.0
2012-06-21,8.01,8.02,7.78,7.69,1894671.0,21248956.0
2012-06-20,7.97,8.02,7.95,7.89,1294603.0,15032264.0
2012-06-19,7.93,8.01,7.93,7.89,1824849.0,21206484.0
2012-06-18,7.76,7.99,7.93,7.76,2190959.0,25334194.0
2012-06-15,7.83,7.92,7.73,7.61,1782470.0,20258862.0
2012-06-14,7.92,7.96,7.81,7.78,2043577.0,23533522.0
2012-06-13,7.77,7.95,7.91,7.74,2131128.0,24530306.0
2012-06-12,7.82,7.85,7.77,7.69,1334615.0,15147232.0
2012-06-11,7.68,7.91,7.84,7.59,2570779.0,29273754.0
2012-06-08,7.92,7.94,7.68,7.66,1526936.0,17413894.0
2012-06-07,7.78,7.98,7.82,7.73,3385322.0,38954820.0
2012-06-06,7.88,7.95,7.65,7.59,1986685.0,22544404.0
2012-06-05,7.93,8.06,7.80,7.76,1700889.0,19591970.0
2012-06-04,8.08,8.19,7.91,7.90,2809334.0,33062476.0
2012-06-01,8.38,8.51,8.36,8.34,1726630.0,21240344.0
2012-05-31,8.47,8.53,8.38,8.34,2107446.0,25951616.0
2012-05-30,8.44,8.64,8.54,8.41,2724896.0,34038980.0
2012-05-29,8.36,8.54,8.45,8.28,2613931.0,32184798.0
2012-05-28,8.19,8.40,8.34,7.92,2482135.0,29772932.0
2012-05-25,8.63,8.69,8.25,8.21,4622611.0,56729240.0
2012-05-24,8.88,8.97,8.63,8.58,3803453.0,48813476.0
2012-05-23,8.81,8.95,8.90,8.69,3982833.0,51487576.0
2012-05-22,8.82,8.85,8.81,8.69,2411690.0,30953104.0
2012-05-21,8.62,8.87,8.76,8.55,2780749.0,35599796.0
2012-05-18,8.71,8.99,8.64,8.51,4169710.0,53759052.0
2012-05-17,8.67,8.80,8.77,8.43,2678284.0,33980552.0
2012-05-16,8.84,8.97,8.67,8.67,3034875.0,39021616.0
2012-05-15,8.57,8.95,8.90,8.50,3954036.0,50552800.0
2012-05-14,8.90,9.03,8.70,8.64,5377329.0,69245296.0
2012-05-11,9.42,9.49,8.86,8.82,11047124.0,147667056.0
2012-05-10,9.13,9.73,9.47,9.05,12387563.0,170254048.0
2012-05-09,9.42,9.57,9.01,9.01,10464488.0,141513424.0
2012-05-08,9.12,9.79,9.53,9.04,16107623.0,223638224.0
2012-05-07,8.88,9.22,9.12,8.72,7527817.0,99313040.0
2012-05-04,9.01,9.09,9.04,8.82,4431150.0,57992268.0
2012-05-03,8.96,9.11,9.05,8.86,5075279.0,66655296.0
2012-05-02,8.72,9.23,9.08,8.58,9264336.0,121879032.0
2012-04-27,8.60,8.96,8.59,8.43,4593984.0,58417656.0
2012-04-25,8.86,8.91,8.81,8.62,6181663.0,79427680.0
2012-04-24,8.45,8.96,8.89,8.44,8899646.0,113971568.0
2012-04-23,8.82,8.83,8.54,8.42,6906463.0,86987936.0
2012-04-20,8.56,8.89,8.89,8.52,8324272.0,106762176.0
2012-04-19,8.28,8.92,8.67,8.21,8980767.0,113874848.0
2012-04-18,8.10,8.33,8.29,8.10,4388002.0,52761356.0
2012-04-17,8.41,8.47,8.02,8.00,4985461.0,59497264.0
2012-04-16,8.48,8.51,8.45,8.32,4399946.0,54099116.0
2012-04-13,8.56,8.72,8.56,8.49,6209084.0,78206840.0
2012-04-12,8.49,8.90,8.66,8.49,8025300.0,102311968.0
2012-04-11,8.47,8.72,8.47,8.39,5650959.0,70314952.0
2012-04-10,8.38,8.65,8.64,8.02,7343931.0,89546296.0
2012-04-09,8.09,8.88,8.53,8.00,10626387.0,132540296.0
2012-04-06,8.14,8.38,8.17,8.00,7058403.0,84737032.0
2012-04-05,7.78,8.17,8.15,7.65,7771882.0,90708224.0
2012-03-30,7.67,7.97,7.78,7.67,6325925.0,72416080.0
2012-03-29,7.93,8.27,7.74,7.59,7557595.0,87785104.0
2012-03-28,8.46,8.46,8.10,7.97,7323955.0,87984544.0
2012-03-27,8.73,8.79,8.55,8.42,7157432.0,90118952.0
2012-03-26,8.75,8.93,8.73,8.62,7862125.0,100715800.0
2012-03-23,8.87,8.88,8.76,8.60,8911881.0,113768112.0
2012-03-22,9.16,9.71,9.01,8.99,15639659.0,213490608.0
2012-03-21,8.87,9.47,9.30,8.72,17537196.0,233572704.0
2012-03-20,8.95,9.35,8.93,8.88,17051842.0,226522944.0
2012-03-19,8.71,9.34,9.17,8.52,22727834.0,296780128.0
2012-03-16,8.00,8.75,8.62,7.80,19580932.0,239476528.0
2012-03-15,7.90,8.40,7.99,7.78,15214891.0,180299520.0
2012-03-14,8.34,8.38,7.78,7.64,7764824.0,91946240.0
2012-03-13,7.95,8.40,8.34,7.90,5832577.0,69511976.0
2012-03-12,8.08,8.25,7.99,7.84,4665319.0,54840844.0
2012-03-09,8.07,8.17,8.10,8.00,3391499.0,40054604.0
2012-03-08,8.06,8.18,8.00,7.91,4240649.0,49645272.0
2012-03-07,7.78,8.26,8.01,7.76,7560906.0,89467976.0
2012-03-06,7.77,8.00,7.88,7.74,5095232.0,58721112.0
2012-03-05,7.76,8.05,7.83,7.74,6233623.0,71895288.0
2012-03-02,7.54,7.76,7.71,7.50,5687235.0,63733272.0
2012-03-01,7.25,7.67,7.48,7.25,4607537.0,50553108.0
2012-02-29,7.22,7.28,7.19,7.13,1171915.0,12327897.0
2012-02-28,7.28,7.38,7.26,7.15,1800420.0,19070798.0
2012-02-27,7.45,7.53,7.34,7.30,3119112.0,33905460.0
2012-02-24,7.26,7.42,7.40,7.25,2619568.0,28171212.0
2012-02-23,7.32,7.36,7.29,7.17,2703405.0,28816008.0
2012-02-22,7.21,7.35,7.31,7.21,2494269.0,26536018.0
2012-02-21,7.15,7.23,7.22,6.98,2018733.0,21005062.0
2012-02-20,7.26,7.35,7.11,7.11,2234907.0,23708818.0
2012-02-17,7.17,7.28,7.17,7.10,1577907.0,16612193.0
2012-02-16,7.18,7.30,7.17,7.08,2255873.0,23737150.0
2012-02-15,7.18,7.32,7.22,7.02,3709210.0,39000656.0
2012-02-14,6.97,7.21,7.17,6.93,3943159.0,40727944.0
2012-02-13,6.74,7.06,7.02,6.70,4243163.0,43135548.0
2012-02-10,6.67,6.86,6.72,6.67,2027161.0,20003612.0
2012-02-09,6.77,6.83,6.76,6.74,2200852.0,21855658.0
2012-02-08,6.57,6.83,6.76,6.57,2295189.0,22436792.0
2012-02-07,6.57,6.62,6.50,6.47,943913.0,8999010.0
2012-02-06,6.69,6.70,6.63,6.57,1470781.0,14256176.0
2012-02-03,6.50,6.62,6.59,6.43,1786093.0,17113360.0
2012-02-02,6.33,6.48,6.46,6.32,1063564.0,9965350.0
2012-02-01,6.35,6.43,6.33,6.31,759374.0,7075476.0
2012-01-31,6.50,6.52,6.33,6.30,1080854.0,10059547.0
2012-01-30,6.50,6.61,6.50,6.40,1061288.0,10141542.0
2012-01-20,6.48,6.53,6.48,6.42,991068.0,9387741.0
2012-01-19,6.47,6.53,6.42,6.29,1273249.0,11928526.0
2012-01-18,6.72,6.88,6.45,6.40,1957761.0,19153686.0
2012-01-17,6.36,6.76,6.74,6.26,2010462.0,19263510.0
2012-01-16,6.36,6.61,6.42,6.29,1067985.0,10099723.0
2012-01-13,6.63,6.78,6.42,6.36,1515077.0,14467753.0
2012-01-12,6.77,6.89,6.70,6.70,1581111.0,15682782.0
2012-01-11,6.87,6.88,6.83,6.72,2170297.0,21611974.0
2012-01-10,6.83,6.98,6.89,6.66,2681959.0,26664050.0
2012-01-09,6.41,6.81,6.73,6.34,2521419.0,24423806.0
2012-01-06,6.29,6.36,6.34,5.90,1375182.0,12458139.0
2012-01-05,6.31,6.56,6.33,6.10,2140797.0,19844328.0
2012-01-04,6.43,6.62,6.32,6.28,1782708.0,16709464.0
2011-12-30,6.16,6.26,6.20,6.14,749823.0,6805723.0
2011-12-29,6.08,6.21,6.07,6.02,883803.0,7938041.0
2011-12-28,6.14,6.22,6.16,5.94,1381482.0,12299316.0
2011-12-27,6.53,6.61,6.22,6.20,1128656.0,10423187.0
2011-12-26,6.60,6.69,6.55,6.55,697190.0,6748991.0
2011-12-23,6.57,6.66,6.60,6.44,1393316.0,13391379.0
2011-12-22,6.98,7.10,6.57,6.41,3504749.0,33820856.0
2011-12-21,7.51,7.58,7.11,7.11,1836249.0,19754474.0
2011-12-20,7.72,7.78,7.45,7.45,2470593.0,27515406.0
2011-12-19,7.61,7.77,7.73,7.45,2684834.0,29793518.0
2011-12-16,7.39,7.80,7.78,7.13,2891978.0,31374946.0
2011-12-15,7.60,7.71,7.52,7.32,2999470.0,32855374.0
2011-12-14,7.65,7.98,7.78,7.61,3223177.0,36878644.0
2011-12-13,7.64,7.96,7.67,7.54,3496882.0,39771640.0
2011-12-12,7.40,8.12,7.78,7.39,4260242.0,48695336.0
2011-12-09,7.34,7.52,7.42,7.34,1058391.0,11482926.0
2011-12-08,7.42,7.76,7.59,7.36,2749898.0,30323342.0
2011-12-07,7.25,7.45,7.35,7.19,789514.0,8475576.0
2011-12-06,7.11,7.28,7.26,7.10,633041.0,6653090.0
2011-12-05,7.41,7.41,7.15,7.08,1041949.0,10973534.0
2011-12-02,7.54,7.72,7.41,7.39,981135.0,10737858.0
2011-12-01,7.79,7.86,7.66,7.65,1503578.0,17035328.0
2011-11-30,8.08,8.15,7.53,7.48,1779460.0,20257514.0
2011-11-29,8.05,8.14,8.09,7.97,1204275.0,14170960.0
2011-11-28,8.12,8.19,7.97,7.96,1168879.0,13687498.0
2011-11-25,8.28,8.33,8.07,8.06,1246183.0,14953384.0
2011-11-24,8.00,8.27,8.25,7.97,1563684.0,18616100.0
2011-11-23,8.04,8.19,8.10,8.02,1295735.0,15386609.0
2011-11-22,7.90,8.14,8.10,7.90,978341.0,11508631.0
2011-11-21,8.06,8.19,8.17,7.96,1415093.0,16744274.0
2011-11-18,8.02,8.26,8.04,7.95,1559370.0,18294122.0
2011-11-17,8.12,8.30,8.14,8.07,1490986.0,17873568.0
2011-11-16,8.53,8.54,8.12,8.08,2172562.0,26356344.0
2011-11-15,8.40,8.58,8.53,8.29,3118317.0,38520692.0
2011-11-14,8.38,8.51,8.41,8.23,3317892.0,40689692.0
2011-11-11,8.67,8.72,8.33,8.33,4966408.0,61461568.0
2011-11-10,8.67,9.01,8.65,8.37,8855226.0,111974584.0
2011-11-09,8.69,8.79,8.70,8.48,7208821.0,90947128.0
2011-11-08,8.67,8.75,8.65,8.48,6086728.0,76597824.0
2011-11-07,8.47,9.06,8.70,8.40,8981216.0,113701184.0
2011-11-04,8.07,8.79,8.51,7.98,7772471.0,95788312.0
2011-11-03,8.00,8.21,8.00,7.94,2164672.0,25613392.0
2011-11-02,7.73,8.00,8.00,7.65,1887089.0,21674538.0
2011-11-01,7.80,7.98,7.84,7.74,1802511.0,20787262.0
2011-10-31,7.75,7.86,7.86,7.67,2120063.0,24190492.0
2011-10-28,7.57,7.76,7.72,7.56,1842402.0,20622270.0
2011-10-27,7.50,7.59,7.52,7.44,1074042.0,11791694.0
2011-10-26,7.39,7.54,7.45,7.37,1089381.0,11896377.0
2011-10-25,7.21,7.47,7.44,7.19,1111245.0,11965862.0
2011-10-24,7.05,7.25,7.21,6.94,720150.0,7517259.0
2011-10-21,7.29,7.32,7.05,7.00,1373711.0,14344839.0
2011-10-20,7.59,7.93,7.44,7.31,2957773.0,33026804.0
2011-10-19,7.56,7.69,7.52,7.51,518382.0,5736661.0
2011-10-18,7.77,7.77,7.56,7.56,699763.0,7819850.0
2011-10-17,7.73,7.91,7.79,7.69,722348.0,8226087.0
2011-10-14,7.85,7.85,7.84,7.71,702923.0,7997526.0
2011-10-13,7.80,7.90,7.82,7.66,1604870.0,18364606.0
2011-10-12,7.36,7.86,7.80,7.28,1634083.0,18471354.0
2011-10-11,7.65,7.65,7.36,7.29,530935.0,5764158.0
2011-10-10,7.30,7.38,7.32,7.28,389243.0,4162997.0
2011-09-30,7.28,7.44,7.28,7.19,552326.0,5900879.0
2011-09-29,7.58,7.58,7.26,7.25,786138.0,8458059.0
2011-09-28,7.74,7.80,7.58,7.54,653364.0,7351703.0
2011-09-27,7.69,7.80,7.71,7.61,667742.0,7525563.0
2011-09-26,7.80,7.88,7.66,7.65,677334.0,7669588.0
2011-09-23,7.81,7.93,7.80,7.64,1157202.0,13209182.0
2011-09-22,8.12,8.20,7.97,7.94,1508430.0,17796416.0
2011-09-21,7.97,8.34,8.22,7.84,2046071.0,24347786.0
2011-09-20,7.91,8.06,7.99,7.80,851757.0,9888677.0
2011-09-19,7.74,8.08,7.93,7.74,1957879.0,22767288.0
2011-09-16,7.82,7.94,7.78,7.78,452900.0,5209308.0
2011-09-15,7.83,7.84,7.80,7.74,520705.0,5937199.0
2011-09-14,7.66,7.81,7.79,7.58,542489.0,6126027.0
2011-09-13,7.67,7.67,7.58,7.54,341539.0,3795676.0
2011-09-09,7.86,7.93,7.74,7.70,605980.0,6904892.0
2011-09-08,7.99,7.99,7.82,7.79,552471.0,6355402.0
2011-09-07,7.72,7.93,7.91,7.72,576768.0,6625473.0
2011-09-06,7.66,7.79,7.68,7.65,508756.0,5725155.0
2011-09-05,7.86,7.99,7.78,7.78,568998.0,6519856.0
2011-09-02,8.13,8.19,8.02,7.95,792352.0,9295977.0
2011-09-01,8.21,8.34,8.20,8.15,623410.0,7514973.0
2011-08-31,8.40,8.40,8.30,8.01,758214.0,9115780.0
2011-08-30,8.45,8.47,8.19,8.19,1361509.0,16603228.0
2011-08-29,8.40,8.50,8.37,8.31,1109229.0,13573473.0
2011-08-26,8.35,8.47,8.39,8.32,1590794.0,19507740.0
2011-08-25,8.24,8.41,8.39,8.18,1728062.0,20985614.0
2011-08-24,8.31,8.43,8.21,8.21,2294587.0,28013504.0
2011-08-23,8.06,8.27,8.21,8.06,2137429.0,25577474.0
2011-08-22,7.93,8.12,8.00,7.89,1152717.0,13491474.0
2011-08-19,7.73,7.91,7.90,7.67,799833.0,9102530.0
2011-08-18,8.02,8.02,7.92,7.89,1438668.0,16698845.0
2011-08-17,7.98,8.04,7.99,7.87,999839.0,11631360.0
2011-08-16,8.13,8.16,7.98,7.97,1244199.0,14636853.0
2011-08-15,7.99,8.15,8.13,7.93,1473830.0,17411408.0
2011-08-12,7.93,8.06,7.95,7.84,1889730.0,22064788.0
2011-08-11,7.45,7.82,7.81,7.26,1744771.0,19527040.0
2011-08-10,7.83,7.92,7.65,7.65,2135769.0,24338816.0
2011-08-09,7.45,7.72,7.60,7.18,2015094.0,22001450.0
2011-08-08,8.41,8.41,7.71,7.61,2738820.0,31987778.0
2011-08-05,8.56,8.71,8.46,8.46,2943817.0,36957000.0
2011-08-04,8.90,9.00,8.88,8.76,3552136.0,46161720.0
2011-08-03,8.95,9.12,8.92,8.89,3885368.0,51148152.0
2011-08-02,8.72,9.16,9.04,8.49,4422850.0,57471480.0
2011-08-01,8.53,8.80,8.78,8.42,2053624.0,25947948.0
2011-07-29,8.79,8.82,8.54,8.51,2341919.0,29533808.0
2011-07-28,8.58,8.88,8.77,8.58,3642571.0,46653920.0
2011-07-27,8.28,8.75,8.73,8.17,3838373.0,48219992.0
2011-07-26,8.16,8.30,8.28,8.07,1404736.0,16804606.0
2011-07-25,8.68,8.71,8.14,8.08,2746067.0,33660652.0
2011-07-22,8.69,8.87,8.74,8.62,2780909.0,35525968.0
2011-07-21,8.51,8.88,8.77,8.39,5109851.0,64541020.0
2011-07-20,8.28,9.03,8.62,8.28,7126789.0,91512408.0
2011-07-19,8.25,8.28,8.21,8.14,1302378.0,15621933.0
2011-07-18,8.33,8.40,8.29,8.21,1471819.0,17896778.0
2011-07-15,8.44,8.44,8.32,8.24,1848231.0,22452620.0
2011-07-14,8.05,8.40,8.39,8.04,4077383.0,49401100.0
2011-07-13,7.84,8.06,8.04,7.84,1366971.0,15939428.0
2011-07-12,8.06,8.06,7.83,7.80,1393995.0,16118388.0
2011-07-11,8.00,8.15,8.09,7.95,1079454.0,12715607.0
2011-07-08,8.06,8.10,8.00,7.97,1050649.0,12319723.0
2011-07-07,8.08,8.19,8.08,8.06,1452212.0,17255234.0
2011-07-06,8.22,8.22,8.12,8.00,1784454.0,21062918.0
2011-07-05,8.19,8.25,8.21,8.11,2084388.0,24963336.0
2011-07-04,8.07,8.28,8.19,8.02,2309281.0,27597468.0
2011-07-01,8.14,8.23,8.07,8.04,2280811.0,27060562.0
2011-06-30,8.04,8.17,8.10,7.94,4275565.0,50386340.0
2011-06-29,7.65,8.41,8.20,7.61,9044736.0,109655384.0
2011-06-28,7.65,7.71,7.65,7.54,1446025.0,16106993.0
2011-06-27,7.49,7.68,7.65,7.45,1581338.0,17568342.0
2011-06-24,7.31,7.60,7.52,7.25,2255349.0,24661624.0
2011-06-23,7.11,7.41,7.39,7.02,2264629.0,24163274.0
2011-06-22,7.14,7.19,7.11,7.06,938814.0,9767682.0
2011-06-21,7.04,7.15,7.12,7.02,1370690.0,14190375.0
2011-06-20,7.19,7.19,7.00,6.93,949603.0,9762596.0
2011-06-17,7.31,7.34,7.19,7.13,780936.0,8280364.0
2011-06-16,7.37,7.40,7.32,7.15,1100822.0,11671794.0
2011-06-15,7.44,7.56,7.42,7.40,692219.0,7580345.0
2011-06-14,7.34,7.50,7.50,7.30,846239.0,9184870.0
2011-06-13,7.50,7.50,7.35,7.25,1007243.0,10766066.0
2011-06-10,7.52,7.57,7.52,7.32,888687.0,9719200.0
2011-06-09,7.69,7.74,7.53,7.52,644453.0,7196131.0
2011-06-08,7.71,7.74,7.70,7.53,663163.0,7428238.0
2011-06-07,7.72,7.73,7.70,7.65,639243.0,7186586.0
2011-06-03,7.59,7.71,7.67,7.56,849573.0,9495392.0
2011-06-02,7.71,7.71,7.54,7.42,960712.0,10591014.0
2011-06-01,7.72,7.83,7.80,7.65,733955.0,8309802.0
2011-05-31,7.52,7.73,7.71,7.52,623392.0,6975235.0
2011-05-30,7.61,7.63,7.55,7.46,735246.0,8105385.0
2011-05-27,7.88,7.89,7.62,7.56,847715.0,9539274.0
2011-05-26,7.95,8.07,7.88,7.88,689702.0,8035356.0
2011-05-25,8.08,8.10,7.94,7.93,557653.0,6536957.0
2011-05-24,8.05,8.12,8.09,7.92,753223.0,8823512.0
2011-05-23,8.33,8.38,8.05,8.05,1507802.0,17962098.0
2011-05-20,8.32,8.41,8.34,8.28,729899.0,8901071.0
2011-05-19,8.38,8.45,8.32,8.31,845603.0,10359957.0
2011-05-18,8.31,8.36,8.36,8.25,838305.0,10202930.0
2011-05-17,8.40,8.42,8.31,8.16,1432246.0,17359170.0
2011-05-16,8.49,8.52,8.34,8.34,1054111.0,13016107.0
2011-05-13,8.45,8.55,8.48,8.34,1372168.0,16922798.0
2011-05-12,8.72,8.72,8.53,8.44,2070349.0,25855558.0
2011-05-11,8.56,8.89,8.78,8.55,1915557.0,24429500.0
2011-05-10,8.47,8.72,8.69,8.21,1511398.0,18871440.0
2011-05-09,8.38,8.50,8.47,8.38,716287.0,8859401.0
2011-05-06,8.60,8.60,8.40,8.28,1437913.0,17627362.0
2011-05-05,8.58,8.65,8.60,8.53,662411.0,8318344.0
2011-05-04,8.77,8.77,8.58,8.51,972877.0,12264082.0
2011-05-03,8.70,8.84,8.77,8.68,851775.0,10930103.0
2011-04-29,8.46,8.69,8.68,8.46,576418.0,7276443.0
2011-04-28,8.84,8.84,8.53,8.44,1623602.0,20454830.0
2011-04-27,9.03,9.25,8.75,8.62,2369436.0,30643618.0
2011-04-26,9.20,9.44,9.01,9.00,2204714.0,29930780.0
2011-04-25,9.54,9.54,9.22,9.21,1340087.0,18362580.0
2011-04-22,9.70,9.74,9.54,9.47,1012301.0,14166870.0
2011-04-21,9.51,9.79,9.70,9.51,1802804.0,25426386.0
2011-04-20,9.38,9.53,9.50,9.38,1048517.0,14491844.0
2011-04-19,9.57,9.58,9.38,9.36,1185067.0,16338715.0
2011-04-18,9.51,9.64,9.57,9.45,1225823.0,17064296.0
2011-04-15,9.77,9.83,9.58,9.53,1246257.0,17505074.0
2011-04-14,9.85,9.88,9.76,9.71,942635.0,16287264.0
2011-04-13,9.66,9.85,9.83,9.66,804199.0,13919082.0
2011-04-12,9.80,9.83,9.70,9.65,1056823.0,18172344.0
2011-04-11,9.94,9.99,9.85,9.84,1333074.0,23392052.0
2011-04-08,9.73,9.95,9.93,9.63,2116133.0,36716440.0
2011-04-07,9.73,9.89,9.73,9.66,1673829.0,28868454.0
2011-04-06,9.62,9.74,9.66,9.62,1311698.0,22455802.0
2011-04-01,9.48,9.68,9.67,9.44,1242079.0,21011938.0
2011-03-31,9.63,9.82,9.49,9.43,2419962.0,40894212.0
2011-03-30,10.34,10.34,9.74,9.60,3183735.0,56508308.0
2011-03-29,10.11,10.42,10.33,10.02,3847906.0,69832984.0
2011-03-28,10.20,10.22,10.11,10.01,3110474.0,55508516.0
2011-03-25,10.19,10.34,10.17,10.16,2740965.0,49665928.0
2011-03-24,10.39,10.45,10.25,10.24,2420758.0,44146596.0
2011-03-23,10.54,10.61,10.44,10.29,2407809.0,44377336.0
2011-03-22,10.36,10.44,10.41,10.10,3350176.0,60978172.0
2011-03-21,10.54,10.82,10.34,10.34,7669953.0,144017360.0
2011-03-18,10.00,10.71,10.54,10.00,9315325.0,171546208.0
2011-03-16,9.76,10.32,10.19,9.76,6230090.0,111800816.0
2011-03-15,10.05,10.05,9.77,9.58,2842804.0,49204508.0
2011-03-14,9.83,10.10,10.07,9.71,3802269.0,66798464.0
2011-03-11,9.80,10.02,9.83,9.70,3384143.0,59317364.0
2011-03-10,9.87,10.04,9.82,9.76,3105150.0,54549352.0
2011-03-09,9.78,9.99,9.90,9.73,3562765.0,62306016.0
2011-03-08,9.72,9.81,9.77,9.67,1836816.0,31636882.0
2011-03-07,9.60,9.87,9.70,9.60,2625986.0,45257392.0
2011-03-04,9.35,9.63,9.61,9.35,1419816.0,23913746.0
2011-03-03,9.50,9.61,9.38,9.37,2177818.0,36503948.0
2011-03-02,9.65,9.70,9.55,9.43,2148685.0,36375072.0
2011-03-01,9.69,9.93,9.71,9.67,3080124.0,53486556.0
2011-02-28,9.72,9.76,9.70,9.56,1554088.0,26599124.0
2011-02-25,9.81,9.82,9.69,9.50,2004833.0,34278672.0
2011-02-24,9.61,9.82,9.77,9.38,3592363.0,61020676.0
2011-02-23,9.60,9.70,9.64,9.47,1930143.0,32693452.0
2011-02-22,9.72,9.85,9.57,9.47,3231368.0,55356164.0
2011-02-21,9.49,10.16,9.90,9.49,5486213.0,96127432.0
2011-02-18,9.26,9.41,9.36,9.20,1935354.0,31874260.0
2011-02-17,9.09,9.41,9.34,9.06,4019098.0,66100964.0
2011-02-16,8.87,9.09,9.07,8.83,1776556.0,28314732.0
2011-02-15,8.98,9.05,8.88,8.86,1490821.0,23693270.0
2011-02-14,8.81,9.09,8.97,8.80,1889367.0,30032638.0
2011-02-11,8.90,8.97,8.86,8.76,1249373.0,19655056.0
2011-02-10,8.78,8.93,8.91,8.73,1612356.0,25234706.0
2011-02-09,8.67,8.87,8.87,8.39,2277853.0,34607332.0
2011-02-01,8.80,8.83,8.70,8.63,910975.0,14026452.0
2011-01-31,8.56,8.90,8.83,8.49,1319688.0,20487378.0
2011-01-28,8.36,8.70,8.60,8.34,920666.0,13953777.0
2011-01-27,8.25,8.44,8.41,8.08,627106.0,9235453.0
2011-01-26,8.16,8.28,8.25,8.11,367742.0,5349107.0
2011-01-25,8.50,8.50,8.11,8.07,792811.0,11528517.0
2011-01-24,8.47,8.56,8.47,8.43,572588.0,8600574.0
2011-01-21,8.36,8.58,8.47,8.36,685792.0,10252340.0
2011-01-20,8.78,8.78,8.39,8.39,960590.0,14536156.0
2011-01-19,8.65,8.78,8.77,8.56,808243.0,12442950.0
2011-01-18,8.63,8.68,8.67,8.53,609301.0,9280978.0
2011-01-17,8.96,8.96,8.63,8.51,1090911.0,16745511.0
2011-01-14,9.31,9.31,8.96,8.91,1428644.0,22752272.0
2011-01-13,9.35,9.36,9.25,9.22,588271.0,9652529.0
2011-01-12,9.38,9.46,9.26,9.11,835900.0,13686538.0
2011-01-11,9.16,9.48,9.30,9.16,753310.0,12438039.0
2011-01-10,9.60,9.60,9.33,9.32,1134463.0,18934276.0
2011-01-07,9.69,9.80,9.56,9.48,1513986.0,25731034.0
2011-01-06,9.79,9.89,9.63,9.53,2057059.0,35277380.0
2011-01-05,9.56,9.72,9.69,9.45,2212154.0,37802328.0
2011-01-04,9.38,9.67,9.57,9.37,2255933.0,38051996.0
