date,open,high,close,low,volume,amount
2015-11-27,42.84,42.84,39.69,39.31,17714500.0,730597888.0
2015-11-26,44.68,44.70,43.29,43.21,14964982.0,656807232.0
2015-11-25,43.21,46.00,44.90,43.21,24798364.0,1109991680.0
2015-11-24,43.15,43.28,42.79,42.10,9227555.0,392638560.0
2015-11-23,43.12,44.38,43.42,43.00,15564333.0,681136512.0
2015-11-20,42.42,43.35,42.83,42.42,11634706.0,499088832.0
2015-11-19,41.50,42.38,42.38,41.16,9409079.0,393021088.0
2015-11-18,43.00,43.58,41.22,41.11,12645299.0,534744768.0
2015-11-17,43.61,44.39,43.23,43.20,15786714.0,689616640.0
2015-11-16,42.00,43.60,43.60,41.56,10428552.0,446798048.0
2015-11-13,45.10,45.10,43.00,42.52,18821928.0,820072384.0
2015-11-12,47.40,47.48,45.25,44.82,34322548.0,1583237632.0
2015-11-11,43.70,45.96,45.82,43.27,24932422.0,1112342144.0
2015-11-10,43.00,45.25,43.77,42.83,21265720.0,939925568.0
2015-11-09,42.15,44.00,43.38,41.48,20799126.0,894006912.0
2015-11-06,42.20,43.34,42.79,42.07,17369540.0,743291200.0
2015-11-05,43.00,43.46,42.30,41.80,22130752.0,940176512.0
2015-11-04,40.90,43.88,43.47,40.70,23921742.0,1019669312.0
2015-11-03,40.59,40.99,40.23,39.40,11875992.0,477868992.0
2015-11-02,40.03,42.56,40.53,39.83,15387784.0,629917056.0
2015-10-30,43.00,43.00,41.65,41.09,19790324.0,831170368.0
2015-10-29,43.30,44.78,43.28,43.00,23982296.0,1049040704.0
2015-10-28,44.30,45.26,42.74,42.15,37248064.0,1638775168.0
2015-10-27,42.11,47.51,45.98,41.07,44916592.0,2011919360.0
2015-10-26,45.00,45.95,43.19,41.01,55712460.0,2442549248.0
2015-10-23,43.18,43.19,43.19,42.79,13293022.0,573766656.0
2015-10-22,36.80,39.26,39.26,36.80,23511084.0,908500160.0
2015-10-21,37.00,38.98,35.69,35.14,27035024.0,1013464128.0
2015-10-20,35.95,37.10,36.86,35.35,14769856.0,536121376.0
2015-10-19,37.52,38.26,36.20,35.75,17586872.0,649343744.0
2015-10-16,36.35,37.50,37.35,35.30,12983975.0,472767520.0
2015-10-15,35.01,36.45,36.28,34.90,9486762.0,339566528.0
2015-10-14,36.67,36.80,35.32,35.21,8373142.0,299293504.0
2015-10-13,36.51,37.10,36.74,36.21,7171881.0,262614032.0
2015-10-12,35.48,37.37,36.86,35.20,10992099.0,402606528.0
2015-10-09,35.34,35.47,35.10,34.42,8784487.0,306189728.0
2015-10-08,34.85,36.35,35.34,34.31,14047634.0,497583872.0
2015-09-30,31.40,34.20,33.59,31.37,16600377.0,544396096.0
2015-09-29,30.95,31.60,31.30,30.43,9140036.0,283549792.0
2015-09-28,30.65,31.99,31.85,29.52,8457265.0,263377696.0
2015-09-25,31.13,32.15,30.40,30.00,10251713.0,318675264.0
2015-09-24,31.28,31.74,31.35,30.80,8225771.0,257667776.0
2015-09-23,31.15,31.76,30.98,30.54,8312057.0,258547536.0
2015-09-22,32.29,32.78,31.70,31.40,10825793.0,345926880.0
2015-09-21,30.00,32.50,32.40,29.81,14074102.0,445320736.0
2015-09-18,29.63,30.88,30.51,28.88,9979746.0,298876352.0
2015-09-17,29.29,30.90,29.29,28.99,14859718.0,446487008.0
2015-09-16,27.18,29.26,29.26,27.10,10644139.0,299076960.0
2015-09-15,27.50,28.74,26.60,26.41,9756896.0,268238480.0
2015-09-14,31.80,31.96,28.26,28.26,10495998.0,309629600.0
2015-09-11,31.26,31.96,31.40,30.81,7774939.0,243117968.0
2015-09-10,31.90,32.77,31.10,31.01,8524094.0,272353952.0
2015-09-09,32.18,33.48,32.72,31.70,16260983.0,531416416.0
2015-09-08,29.80,32.11,32.02,29.00,10515794.0,320778816.0
2015-09-07,29.27,31.08,29.94,29.01,12266557.0,370113792.0
2015-09-02,26.00,29.87,29.19,26.00,18201664.0,520850304.0
2015-09-01,30.00,30.33,27.60,27.50,11917837.0,339589408.0
2015-08-31,32.00,32.05,30.21,30.03,13179485.0,409415712.0
2015-08-28,31.50,32.90,32.74,31.06,20255374.0,644177920.0
2015-08-27,29.01,30.58,30.58,28.71,21350700.0,633721408.0
2015-08-26,28.00,30.08,27.90,26.31,21756064.0,616266496.0
2015-08-25,27.56,29.11,27.56,27.56,18395620.0,515237536.0
2015-08-24,31.90,32.10,30.62,30.62,10109316.0,312263968.0
2015-08-21,35.90,36.39,34.02,34.00,10935069.0,383599264.0
2015-08-20,38.00,38.15,36.50,36.50,10875337.0,406255840.0
2015-08-19,38.38,38.90,38.49,35.01,21937464.0,819095744.0
2015-08-18,42.40,42.50,38.75,38.00,13409938.0,545058816.0
2015-08-17,42.38,42.40,42.18,40.56,11253316.0,465417344.0
2015-08-14,43.53,43.70,42.70,42.11,10453492.0,449773504.0
2015-08-13,42.51,43.10,43.10,41.20,12873558.0,542661312.0
2015-08-12,43.25,43.99,42.55,42.55,9251453.0,399471776.0
2015-08-11,44.89,46.09,44.14,43.80,14317260.0,644657728.0
2015-08-10,43.75,45.80,45.23,42.98,16562850.0,735947456.0
2015-08-07,40.20,42.90,42.70,39.87,14202974.0,588539968.0
2015-08-06,39.00,40.57,39.57,38.60,6554861.0,260861104.0
2015-08-05,39.96,41.60,39.99,39.01,12120804.0,492291136.0
2015-08-04,38.67,40.42,40.20,37.84,16265435.0,640668224.0
2015-08-03,40.40,41.00,38.21,37.20,18191522.0,702960704.0
2015-07-31,40.47,41.80,41.13,40.47,10675979.0,437376448.0
2015-07-30,43.90,43.90,41.30,39.92,14179293.0,602747904.0
2015-07-29,43.27,44.80,44.10,39.60,16329357.0,689547520.0
2015-07-28,42.60,44.30,43.23,39.61,28034528.0,1158429696.0
2015-07-27,48.70,48.70,44.01,44.01,17552744.0,819501888.0
2015-07-24,51.84,51.97,48.90,48.25,22291572.0,1124257152.0
2015-07-23,48.36,52.10,51.29,47.66,22675008.0,1129229184.0
2015-07-22,48.68,49.31,48.17,47.01,19970566.0,967220224.0
2015-07-21,47.28,49.51,48.80,46.50,20045696.0,965506880.0
2015-07-20,48.18,50.30,48.11,47.10,27930368.0,1357337728.0
2015-07-17,46.44,50.35,49.02,45.05,33522424.0,1610654848.0
2015-07-16,44.09,48.99,47.09,44.09,61650176.0,2857179136.0
2015-07-15,48.99,48.99,48.99,48.99,8344200.0,408782368.0
2015-07-14,54.43,54.43,54.43,54.43,3573900.0,194527376.0
2015-07-13,60.48,60.48,60.48,60.48,3084800.0,186568704.0
2015-06-24,66.50,68.58,67.20,64.00,10976852.0,733591424.0
2015-06-23,63.99,66.80,66.40,57.58,18986498.0,1190176000.0
2015-06-19,67.90,69.20,63.98,62.01,15848743.0,1036025408.0
2015-06-18,67.79,71.58,68.90,66.20,13736580.0,961217280.0
2015-06-17,68.26,68.80,67.95,63.50,10902282.0,721763584.0
2015-06-16,67.00,70.45,68.22,65.00,14415034.0,985093760.0
2015-06-15,72.70,72.91,67.60,67.10,15274177.0,1055455552.0
2015-06-12,67.80,73.40,71.10,67.80,15538457.0,1100391552.0
2015-06-11,66.00,68.49,67.68,64.10,14196935.0,953360512.0
2015-06-10,58.26,64.68,64.68,57.35,18254070.0,1137486720.0
2015-06-09,59.01,60.27,58.80,57.90,11970525.0,705571392.0
2015-06-08,60.12,61.51,59.97,58.01,13413531.0,798175360.0
2015-06-05,60.00,61.51,59.42,58.00,11363663.0,679693440.0
2015-06-04,60.25,62.60,59.02,54.24,11536871.0,680780288.0
2015-06-03,60.50,62.70,60.26,58.51,12778619.0,769300032.0
2015-06-02,57.01,61.11,60.75,56.46,16691683.0,990573824.0
2015-06-01,54.50,56.45,56.27,54.00,14447063.0,802460480.0
2015-05-29,52.00,54.11,52.44,49.81,14233282.0,749037632.0
2015-05-28,54.99,57.30,52.11,52.10,15078350.0,830550208.0
2015-05-27,57.20,57.22,55.09,54.90,15573188.0,867483840.0
2015-05-26,55.40,57.99,57.00,55.20,12435678.0,706908224.0
2015-05-25,55.55,56.56,55.40,53.30,14336124.0,792465856.0
2015-05-22,57.51,59.69,57.02,55.00,16183902.0,928809536.0
2015-05-21,54.00,57.45,57.20,53.00,15755015.0,874444032.0
2015-05-20,52.68,54.55,52.91,52.66,11884690.0,700208000.0
2015-05-19,51.73,54.06,52.65,49.82,12914222.0,731212224.0
2015-05-18,48.21,52.42,51.95,48.16,13719939.0,758555456.0
2015-05-15,49.41,49.41,48.09,46.71,10567433.0,559910272.0
2015-05-14,51.73,53.18,49.50,49.36,10876355.0,602685632.0
2015-05-13,48.18,53.27,51.73,46.83,16377303.0,904157952.0
2015-05-12,47.64,50.00,48.75,47.28,15566740.0,831529088.0
2015-05-11,43.91,47.90,47.64,43.64,21257840.0,1071233280.0
2015-05-08,41.09,44.14,43.55,41.09,12788318.0,598399552.0
2015-05-07,42.27,42.73,40.91,40.40,7587015.0,343929920.0
2015-05-06,41.55,42.80,41.46,40.99,6656976.0,307797216.0
2015-05-05,43.09,43.77,41.45,41.38,9462524.0,442258080.0
2015-05-04,43.18,43.73,43.27,41.81,10405530.0,494037536.0
2015-04-30,42.27,43.34,43.33,41.73,12431056.0,583582208.0
2015-04-29,40.61,41.70,41.54,40.45,7130137.0,324653536.0
2015-04-28,42.32,42.61,40.73,40.25,10991664.0,496075584.0
2015-04-27,43.25,44.09,42.32,42.14,13354701.0,629461440.0
2015-04-24,43.21,44.11,43.10,42.28,12533704.0,595282368.0
2015-04-23,44.05,44.64,43.17,42.80,13390712.0,640843392.0
2015-04-22,44.45,45.00,44.07,43.55,14895727.0,724284672.0
2015-04-21,43.13,44.55,44.15,40.45,15376053.0,721963200.0
2015-04-20,46.46,46.47,43.14,42.27,28144168.0,1368577664.0
2015-04-17,42.73,44.18,42.27,41.83,11433905.0,538082176.0
2015-04-16,40.46,44.12,43.16,38.05,18366540.0,864967104.0
2015-04-15,42.55,43.52,41.18,40.12,15801326.0,726475520.0
2015-04-14,44.64,44.68,43.55,42.45,16962172.0,809095104.0
2015-04-13,44.42,46.36,44.55,42.73,30899808.0,1500021760.0
2015-04-10,40.05,43.30,43.30,39.27,24213524.0,1122685056.0
2015-04-09,36.73,39.44,39.36,35.02,24919310.0,1015407552.0
2015-04-08,36.10,37.54,36.91,35.45,21790074.0,878063488.0
2015-04-07,34.10,36.09,35.53,33.83,16945804.0,655586880.0
2015-04-03,33.32,34.34,33.98,32.75,11822880.0,434592928.0
2015-04-02,33.73,34.41,33.41,32.91,12682865.0,469685696.0
2015-04-01,33.05,33.51,33.41,32.79,9788425.0,356004992.0
2015-03-31,32.28,33.45,33.07,31.82,12793556.0,460559136.0
2015-03-30,31.96,33.95,32.50,31.96,11594390.0,420467168.0
2015-03-27,31.19,32.51,31.91,30.99,10726247.0,375066240.0
2015-03-26,31.82,32.26,30.99,30.74,16242012.0,563074816.0
2015-03-25,29.37,32.53,32.36,29.11,31424016.0,1064333376.0
2015-03-24,30.48,30.48,29.64,28.54,17064200.0,556956352.0
2015-03-23,30.29,30.59,30.47,29.36,14721751.0,488167584.0
2015-03-20,30.10,30.72,30.18,29.83,8892460.0,296159872.0
2015-03-19,30.64,30.70,30.15,29.86,10186584.0,338796192.0
2015-03-18,29.17,30.97,30.74,28.89,19733692.0,651495168.0
2015-03-17,28.90,29.21,29.17,28.43,14382382.0,454828032.0
2015-03-16,27.86,28.95,28.86,27.86,10948241.0,344825824.0
2015-03-13,27.99,27.99,27.85,27.29,6144514.0,187046976.0
2015-03-12,28.27,28.40,27.80,27.43,9673316.0,294531520.0
2015-03-11,29.16,29.43,28.40,28.27,7315062.0,231837856.0
2015-03-10,28.21,29.18,29.16,28.18,12077191.0,383464640.0
2015-03-09,28.18,28.32,28.18,27.55,6792601.0,209150480.0
2015-03-06,29.39,29.89,28.19,28.18,9059402.0,287012064.0
2015-03-05,29.09,29.82,29.38,29.00,16703318.0,539894016.0
2015-03-04,28.10,29.18,29.07,28.09,13765761.0,432140832.0
2015-03-03,28.91,28.91,28.10,28.07,8717984.0,273154560.0
2015-03-02,28.37,29.33,28.91,28.05,9124286.0,287782688.0
2015-02-27,28.25,28.92,28.54,28.00,9895850.0,309674656.0
2015-02-26,29.46,29.72,28.26,27.89,13560977.0,422008224.0
2015-02-25,30.59,30.64,29.36,29.25,4497704.0,147860800.0
2015-02-17,30.35,30.97,30.45,29.44,8566982.0,284171872.0
2015-02-16,28.86,30.46,30.33,28.83,9236785.0,302097536.0
2015-02-13,29.12,29.45,28.86,28.47,4420074.0,141540688.0
2015-02-12,28.36,29.36,28.91,28.00,4279353.0,135311040.0
2015-02-11,27.92,28.91,28.44,27.55,4713409.0,147240768.0
2015-02-10,27.36,28.00,27.91,27.19,4070496.0,123264224.0
2015-02-09,28.28,29.15,27.36,27.27,7299212.0,225288528.0
2015-02-06,30.00,30.70,28.50,28.06,7894531.0,252258944.0
2015-02-05,28.64,31.19,30.00,28.61,12903032.0,428721536.0
2015-02-04,27.75,29.09,28.59,27.75,7018768.0,220724320.0
2015-02-03,27.80,28.36,27.67,27.36,3381858.0,103063256.0
2015-02-02,27.25,28.86,27.77,26.90,5649566.0,173965856.0
2015-01-30,28.02,28.32,27.26,26.82,5218013.0,157964496.0
2015-01-29,27.40,28.32,28.02,27.39,7380037.0,227063120.0
2015-01-28,27.65,28.55,27.47,27.36,4930403.0,151148848.0
2015-01-27,26.27,28.92,28.02,26.20,15872036.0,485514240.0
2015-01-26,26.18,26.78,26.29,25.95,5057530.0,146884304.0
2015-01-23,26.45,26.63,26.18,25.95,6994445.0,201853792.0
2015-01-22,26.08,26.82,26.82,25.72,9218349.0,266209200.0
2015-01-21,25.73,27.25,26.07,25.64,15956550.0,463722336.0
2015-01-20,23.50,25.52,25.52,23.50,12592444.0,346608384.0
2015-01-19,23.63,24.27,23.45,23.27,4767702.0,125077584.0
2015-01-16,24.35,24.42,23.95,23.69,2849907.0,74885568.0
2015-01-15,23.50,24.45,24.05,23.50,3760064.0,99718160.0
2015-01-14,23.74,23.85,23.64,23.40,2026382.0,52761924.0
2015-01-13,23.68,23.98,23.78,23.55,2650165.0,69327320.0
2015-01-12,23.55,23.95,23.80,23.34,2855769.0,74349760.0
2015-01-09,23.31,23.93,23.64,23.31,4429260.0,115497376.0
2015-01-08,23.36,23.68,23.30,23.25,2790243.0,72066208.0
2015-01-07,23.73,23.80,23.48,23.19,3260595.0,83968552.0
2015-01-06,22.66,23.86,23.64,22.37,6435123.0,165714032.0
2015-01-05,22.67,22.85,22.67,22.07,4948554.0,122370624.0
2014-12-31,22.09,23.08,22.69,22.09,4029076.0,100282064.0
2014-12-30,23.78,23.78,22.12,22.10,7510112.0,189364576.0
2014-12-29,24.39,24.39,23.81,23.71,4064190.0,106518192.0
2014-12-26,23.80,24.55,24.55,23.64,3626145.0,95168880.0
2014-12-25,24.00,24.00,23.79,23.60,2632472.0,68675680.0
2014-12-24,23.69,24.05,23.85,23.59,2962493.0,77517352.0
2014-12-23,24.25,24.46,23.65,23.56,4343287.0,113910264.0
2014-12-22,25.45,25.45,24.25,23.55,5895092.0,156974352.0
2014-12-19,25.83,26.18,25.45,25.18,5473440.0,154198704.0
2014-12-18,25.91,26.54,25.82,25.48,7175341.0,205169104.0
2014-12-17,25.14,26.40,25.94,25.10,10193620.0,291082784.0
2014-12-16,25.68,26.53,25.45,25.35,8634237.0,245476160.0
2014-12-15,24.65,25.89,25.67,24.59,12286707.0,344638016.0
2014-12-12,24.80,24.90,24.45,24.35,4437758.0,119879920.0
2014-12-11,23.88,24.85,24.54,23.73,7331014.0,197403392.0
2014-12-10,23.18,24.16,23.99,23.18,4373661.0,115168104.0
2014-12-09,23.78,24.13,23.54,23.53,7702715.0,201134192.0
2014-12-08,24.25,24.25,23.78,23.72,8261717.0,217000480.0
2014-12-05,24.91,24.91,24.27,23.83,5862167.0,157372528.0
2014-12-04,24.60,25.09,24.94,24.41,7313218.0,200093904.0
2014-12-03,24.23,24.85,24.64,23.64,10067329.0,267833568.0
2014-12-02,24.09,24.32,24.15,24.01,3840532.0,102181472.0
2014-12-01,24.55,24.65,24.26,23.82,6000469.0,158797904.0
2014-11-28,24.00,24.64,24.53,23.92,6853656.0,183651088.0
2014-11-27,24.26,24.32,23.91,23.84,5603473.0,147802208.0
2014-11-26,24.46,24.54,24.19,23.91,5111861.0,135839712.0
2014-11-25,23.66,24.46,24.45,23.57,6251168.0,165014848.0
2014-11-24,24.00,24.02,23.59,23.51,4830137.0,125542104.0
2014-11-21,23.71,23.74,23.73,23.39,1620635.0,42143740.0
2014-11-20,23.77,23.77,23.55,23.37,1587031.0,41185836.0
2014-11-19,24.00,24.15,23.86,23.75,2101862.0,55420980.0
2014-11-18,24.23,24.23,24.05,23.82,1447650.0,38202436.0
2014-11-17,23.69,24.14,24.10,23.54,2213355.0,58319208.0
2014-11-14,23.51,23.75,23.69,23.09,2091153.0,53974364.0
2014-11-13,24.17,24.17,23.60,23.32,4512254.0,116955296.0
2014-11-12,23.64,24.23,24.21,23.64,3577185.0,94438504.0
2014-11-11,25.02,25.11,23.77,23.57,6314057.0,168184256.0
2014-11-10,25.00,25.14,25.00,24.75,3465812.0,95085920.0
2014-11-07,24.96,25.20,24.82,24.70,2821558.0,77450680.0
2014-11-06,24.99,25.15,24.88,24.65,3138751.0,85753888.0
2014-11-05,25.24,25.25,24.98,24.76,3310071.0,90940392.0
2014-11-04,25.82,25.89,25.24,25.18,3333006.0,93234544.0
2014-11-03,25.73,25.93,25.82,25.55,3238580.0,91709704.0
2014-10-31,25.90,26.00,25.77,25.45,4182067.0,118234424.0
2014-10-30,25.89,26.55,26.00,25.77,7052370.0,203048208.0
2014-10-29,25.63,25.68,25.62,25.36,3333168.0,93575512.0
2014-10-28,25.27,25.61,25.45,25.27,4503829.0,126099464.0
2014-10-27,25.14,25.45,25.42,24.49,2197925.0,60107392.0
2014-10-24,25.60,25.86,25.20,25.03,1904420.0,53351764.0
2014-10-23,25.22,25.77,25.75,24.54,5315045.0,146587488.0
2014-10-22,25.62,25.78,25.27,25.18,4414880.0,123780032.0
2014-10-21,26.16,26.25,25.72,25.71,4255063.0,121304496.0
2014-10-20,26.14,26.73,26.17,25.87,5363065.0,154522832.0
2014-10-17,26.73,27.05,26.09,25.95,5568746.0,161502960.0
2014-10-16,26.18,27.04,26.81,25.91,8147813.0,238560192.0
2014-10-15,25.95,26.53,26.19,25.83,3968551.0,114243248.0
2014-10-14,26.28,26.65,26.07,25.82,3328867.0,96483672.0
2014-10-13,26.73,26.82,26.35,26.09,3276766.0,94892296.0
2014-10-10,26.52,26.82,26.69,26.12,4134774.0,120708704.0
2014-10-09,26.84,27.05,26.54,26.05,4772660.0,139343136.0
2014-10-08,26.53,26.79,26.74,25.98,5651218.0,164289696.0
2014-09-30,25.63,26.43,26.36,25.45,5913239.0,169203136.0
2014-09-29,25.56,25.68,25.62,25.30,3755398.0,105425072.0
2014-09-26,25.52,25.80,25.56,25.23,2754269.0,77041760.0
2014-09-25,25.86,26.04,25.58,25.55,3338368.0,94709896.0
2014-09-24,25.82,26.00,25.86,25.45,2801375.0,79496136.0
2014-09-23,25.91,26.12,25.88,25.18,4167641.0,117570824.0
2014-09-22,26.79,26.84,25.91,25.89,5039469.0,145149552.0
2014-09-19,26.59,26.91,26.78,26.27,4738910.0,139225952.0
2014-09-18,26.18,26.71,26.55,25.89,5669791.0,164954480.0
2014-09-17,26.82,26.82,26.33,25.64,5855847.0,167929344.0
2014-09-16,27.14,27.64,26.07,25.65,6770792.0,198857232.0
2014-09-15,26.36,27.26,27.12,26.09,6316757.0,186794848.0
2014-09-12,26.48,26.48,26.42,25.47,4051745.0,116049456.0
2014-09-11,26.52,26.81,26.49,26.35,6117622.0,178666992.0
2014-09-10,26.36,26.58,26.45,26.12,3983299.0,115218016.0
2014-09-09,26.53,26.73,26.36,26.27,4528323.0,131651176.0
2014-09-05,26.82,26.91,26.64,26.44,3986894.0,116737536.0
2014-09-04,27.03,27.25,26.50,26.25,6627421.0,192688048.0
2014-09-03,26.58,27.45,26.99,26.57,6752682.0,200927408.0
2014-09-02,25.61,27.00,26.49,25.47,6782122.0,195655632.0
2014-09-01,25.32,25.86,25.59,25.32,5453415.0,153387232.0
2014-08-29,25.09,25.53,25.26,25.00,1876417.0,51952768.0
2014-08-28,25.45,25.62,25.09,25.02,2340972.0,65028828.0
2014-08-27,25.77,26.16,25.54,25.18,5586123.0,157328384.0
2014-08-26,24.71,25.91,25.48,24.50,7790182.0,218015568.0
2014-08-25,26.18,26.25,24.98,23.65,17509570.0,478215328.0
2014-08-12,26.73,26.73,26.14,25.88,4867432.0,140417216.0
2014-08-11,26.81,27.14,26.36,26.14,6296471.0,184117488.0
2014-08-08,25.59,26.91,26.76,25.59,6145271.0,179089568.0
2014-08-07,26.11,26.32,25.59,25.54,6162021.0,175491248.0
2014-08-06,25.27,27.07,26.11,25.27,7349601.0,211819200.0
2014-08-05,24.98,25.55,25.42,24.85,6001589.0,167352560.0
2014-08-04,25.12,25.27,25.02,24.39,4205541.0,114732184.0
2014-08-01,24.67,26.23,24.93,24.43,6776219.0,188402560.0
2014-07-31,23.95,24.98,24.61,23.93,8782224.0,237882544.0
2014-07-30,23.24,23.95,23.95,23.03,6368996.0,165542704.0
2014-07-29,22.43,22.99,22.97,22.42,3350624.0,83836696.0
2014-07-28,22.30,22.68,22.42,22.15,4316982.0,106243536.0
2014-07-25,22.64,22.64,22.26,22.09,1963992.0,48190840.0
2014-07-24,22.97,23.06,22.55,22.25,3606407.0,89676488.0
2014-07-23,22.80,23.17,22.95,22.44,3967700.0,99648776.0
2014-07-22,22.64,23.05,22.80,22.60,1713134.0,42922596.0
2014-07-21,23.36,23.36,22.66,22.35,3623847.0,90742328.0
2014-07-18,23.64,23.81,23.35,23.27,1606198.0,41596296.0
2014-07-17,23.01,23.80,23.68,22.95,3100072.0,80374848.0
2014-07-16,23.39,23.73,23.06,23.04,1287065.0,32889554.0
2014-07-15,23.91,23.91,23.55,23.34,1890463.0,49052236.0
2014-07-14,23.65,23.91,23.91,23.46,2513519.0,65714132.0
2014-07-11,23.05,23.73,23.67,23.02,2258534.0,58009480.0
2014-07-10,23.07,23.32,23.05,22.92,1537178.0,39081128.0
2014-07-09,23.59,23.64,23.09,22.86,2983054.0,76436760.0
2014-07-08,23.74,23.91,23.65,23.41,2587459.0,67218200.0
2014-07-07,23.50,23.81,23.73,23.35,3746842.0,97479112.0
2014-07-04,23.55,23.71,23.45,23.19,2852172.0,73714952.0
2014-07-03,22.88,23.71,23.55,22.84,4337614.0,112034112.0
2014-07-02,22.73,22.86,22.83,22.45,2815956.0,70319024.0
2014-07-01,22.15,22.85,22.71,22.09,6591395.0,164364496.0
2014-06-30,22.08,22.23,22.05,21.86,1943447.0,47179440.0
2014-06-27,22.31,22.36,22.08,21.98,1571355.0,38196628.0
2014-06-26,22.33,22.61,22.26,22.12,2519244.0,61837944.0
2014-06-25,22.46,22.54,22.36,21.36,2011356.0,48817528.0
2014-06-24,22.36,22.63,22.54,22.36,1928125.0,47770052.0
2014-06-23,22.44,22.63,22.49,22.32,1651473.0,40910128.0
2014-06-20,22.15,22.48,22.39,22.00,1094253.0,26745780.0
2014-06-19,22.02,22.47,22.15,22.01,2454784.0,60065964.0
2014-06-18,22.73,22.78,21.96,21.82,4001428.0,97151728.0
2014-06-17,23.32,23.53,22.80,22.62,2666824.0,67466960.0
2014-06-16,23.53,23.64,23.23,23.18,1919252.0,49438412.0
2014-06-13,23.24,23.71,23.49,23.09,2388806.0,62021936.0
2014-06-12,23.81,23.85,23.25,23.20,3054591.0,78902384.0
2014-06-11,23.35,24.06,23.81,23.33,3260367.0,85662928.0
2014-06-10,23.52,23.69,23.52,23.01,2379094.0,61641076.0
2014-06-09,23.34,23.59,23.52,23.16,3345764.0,86465784.0
2014-06-06,22.65,23.36,23.34,22.42,3503921.0,88692600.0
2014-06-05,22.35,22.65,22.65,22.09,2443231.0,60233960.0
2014-06-04,22.69,22.86,22.26,22.21,1787393.0,44242984.0
2014-06-03,23.07,23.26,22.62,22.56,1445734.0,36521560.0
2014-05-30,23.21,23.32,23.10,22.76,2712681.0,68826304.0
2014-05-29,23.81,24.40,23.44,23.36,2913936.0,76908376.0
2014-05-28,23.45,24.15,23.79,23.09,3611999.0,94282464.0
2014-05-27,23.44,23.77,23.24,23.23,2382572.0,61631340.0
2014-05-26,23.54,23.90,23.47,23.13,3200990.0,82840424.0
2014-05-23,22.85,23.51,23.38,22.64,2777133.0,71129144.0
2014-05-22,21.77,23.92,22.99,21.76,5712333.0,145514336.0
2014-05-21,21.73,21.80,21.75,21.30,1423880.0,34109276.0
2014-05-20,21.15,21.79,21.73,21.15,2049534.0,48740152.0
2014-05-19,22.18,22.27,21.41,21.29,1421436.0,33850360.0
2014-05-16,21.25,21.87,21.82,21.12,2294221.0,54812872.0
2014-05-15,21.75,21.87,21.49,20.92,3792204.0,88746512.0
2014-05-14,21.21,21.89,21.87,21.05,2967466.0,70880656.0
2014-05-13,21.00,21.35,21.21,20.65,2570081.0,59877384.0
2014-05-12,21.55,21.65,21.01,19.91,5319428.0,121218040.0
2014-05-09,22.27,22.27,21.46,21.41,4366480.0,104705776.0
2014-05-08,22.20,22.68,22.18,22.00,4278249.0,105370440.0
2014-05-07,21.89,22.78,22.56,21.74,9992504.0,248165008.0
2014-05-06,21.15,22.04,21.95,20.93,4979482.0,118999808.0
2014-05-05,21.64,21.68,21.38,20.39,6111787.0,142029616.0
2014-04-30,21.25,21.92,21.64,21.25,4122347.0,98204328.0
2014-04-29,20.97,21.68,21.49,20.96,7918431.0,187081664.0
2014-04-28,21.71,22.17,20.84,20.65,16914550.0,398407456.0
2014-04-25,22.55,23.90,22.48,22.48,24521996.0,613124032.0
2014-04-24,24.98,24.98,24.98,24.98,1485400.0,40982184.0
2014-02-11,27.04,29.34,27.75,27.04,11078069.0,347059840.0
2014-02-10,27.06,28.02,26.67,26.49,6064178.0,182518400.0
2014-02-07,25.15,27.16,26.81,24.75,4493545.0,130330728.0
2014-01-30,25.98,25.99,25.34,25.15,2121460.0,59533056.0
2014-01-29,25.35,26.35,25.92,25.18,3314616.0,95143824.0
2014-01-28,25.81,25.84,25.50,24.90,4115721.0,115294936.0
2014-01-27,25.07,26.39,25.90,24.67,6432034.0,183196096.0
2014-01-24,23.49,25.50,25.26,23.41,11351464.0,312844256.0
2014-01-23,23.42,23.89,23.49,23.22,4039309.0,104930728.0
2014-01-22,22.64,23.45,23.43,22.61,4776353.0,122849968.0
2014-01-21,22.62,23.07,22.76,22.09,4776352.0,119207464.0
2014-01-20,23.88,23.90,22.56,22.27,4736652.0,120321560.0
2014-01-17,23.89,24.07,23.95,23.21,3462942.0,90737184.0
2014-01-16,23.67,24.27,23.96,23.28,5095192.0,133804632.0
2014-01-15,23.91,24.17,23.73,23.34,6061638.0,158594928.0
2014-01-14,22.66,24.88,23.89,22.37,9763757.0,255164672.0
2014-01-13,21.70,22.73,22.68,21.57,7735996.0,192163984.0
2014-01-10,21.52,22.16,21.79,21.37,4904081.0,118249408.0
2014-01-09,21.22,22.18,21.51,21.03,8120695.0,194823712.0
2014-01-08,21.18,21.64,21.22,20.98,4868163.0,114305760.0
2014-01-07,19.95,21.43,21.17,19.95,5210135.0,120397304.0
2014-01-06,20.55,20.60,20.24,20.13,2276421.0,50975540.0
2014-01-03,20.95,20.97,20.60,20.19,3827810.0,86673496.0
2014-01-02,20.96,21.18,20.93,20.74,3134244.0,72458264.0
2013-12-31,20.64,20.82,20.68,20.49,2399440.0,54776800.0
2013-12-30,20.29,20.78,20.67,20.25,3404697.0,77614024.0
2013-12-27,19.84,20.33,20.21,19.66,4985376.0,110468792.0
2013-12-26,20.96,20.96,19.83,19.83,6381978.0,142181712.0
2013-12-25,20.64,20.97,20.90,20.64,2313504.0,53055792.0
2013-12-24,21.10,21.23,20.77,20.57,2245415.0,51877816.0
2013-12-23,20.91,21.25,21.14,20.37,2363416.0,54343828.0
2013-12-20,20.72,21.01,20.72,20.64,1521032.0,34870000.0
2013-12-19,20.87,21.07,20.77,20.64,1270791.0,29234968.0
2013-12-18,20.64,20.99,20.87,20.57,1535491.0,35248800.0
2013-12-17,21.11,21.36,20.74,20.63,2692024.0,62139676.0
2013-12-16,21.62,21.67,21.10,21.00,2524618.0,59094752.0
2013-12-13,21.96,21.96,21.62,21.21,3289913.0,78194040.0
2013-12-12,21.73,22.23,21.85,21.73,1729848.0,42119156.0
2013-12-11,22.45,22.51,21.83,21.62,4268648.0,103210368.0
2013-12-10,22.63,22.67,22.45,22.07,3529804.0,87433056.0
2013-12-09,22.06,22.77,22.63,21.91,8148855.0,202015904.0
2013-12-06,21.19,21.82,21.62,21.19,2271933.0,54218320.0
2013-12-05,21.45,21.53,21.10,21.03,2366982.0,55331664.0
2013-12-04,21.48,21.89,21.46,21.44,2695848.0,64573416.0
2013-12-03,21.01,21.65,21.48,20.96,1680100.0,39701840.0
2013-12-02,22.27,22.27,21.23,21.10,4817220.0,115070520.0
2013-11-29,22.73,22.87,22.66,22.52,3087426.0,77269600.0
2013-11-28,22.51,22.78,22.51,22.41,3724054.0,92944504.0
2013-11-27,22.56,22.59,22.51,22.05,4036781.0,99581504.0
2013-11-26,21.81,22.75,22.47,21.64,5621283.0,139116576.0
2013-11-25,21.46,22.05,21.82,21.21,2941983.0,70647456.0
2013-11-22,21.96,22.35,21.60,21.55,4128330.0,100220336.0
2013-11-21,21.75,22.09,22.03,21.46,3060311.0,73759184.0
2013-11-20,22.21,22.34,21.93,21.44,7079145.0,170019264.0
2013-11-19,23.19,23.21,22.20,22.19,5203636.0,129536632.0
2013-11-18,22.47,23.72,23.11,22.19,8392879.0,210974976.0
2013-11-15,22.21,22.44,22.36,22.01,6615248.0,162578016.0
2013-11-14,21.89,22.51,22.20,21.67,4368307.0,107056208.0
2013-11-13,22.53,22.53,22.00,21.91,4691900.0,114990624.0
2013-11-12,21.17,22.38,22.37,21.02,7005963.0,169188592.0
2013-11-11,20.74,21.32,21.20,20.44,3971373.0,91750704.0
2013-11-08,20.37,20.73,20.61,20.20,2496973.0,56523968.0
2013-11-07,20.46,20.74,20.67,19.92,3482216.0,78007936.0
2013-11-06,20.98,21.25,20.67,20.62,2494804.0,57823032.0
2013-11-05,20.81,21.27,20.97,20.19,4076194.0,93901296.0
2013-11-04,19.97,20.86,20.74,19.97,5072265.0,115327584.0
2013-11-01,20.01,20.37,19.93,19.29,3328313.0,72865736.0
2013-10-31,20.85,21.01,20.23,20.01,3368196.0,76206904.0
2013-10-30,20.64,21.12,21.10,20.24,3688142.0,84659264.0
2013-10-29,20.20,21.07,20.70,19.65,7623762.0,172306784.0
2013-10-28,20.65,20.65,20.19,19.70,9261492.0,205963984.0
2013-10-25,21.79,22.05,21.08,20.72,5026072.0,118419376.0
2013-10-24,22.37,22.55,21.90,21.82,4690080.0,114642024.0
2013-10-23,23.80,23.80,22.37,22.19,7368309.0,185426896.0
2013-10-22,23.43,24.43,23.87,23.17,9235755.0,242694384.0
2013-10-21,22.35,23.89,23.25,22.19,8518392.0,219967984.0
2013-10-18,22.18,22.80,22.31,22.08,3616446.0,89634384.0
2013-10-17,22.36,23.09,22.22,22.05,5692169.0,141499328.0
2013-10-16,22.46,22.50,22.09,21.41,9103126.0,219758800.0
2013-10-15,24.00,25.14,22.72,22.64,14495657.0,379168352.0
2013-10-14,22.86,23.33,23.08,22.35,8637765.0,216889904.0
2013-10-11,23.23,23.45,22.95,22.35,7513643.0,187729456.0
2013-10-10,23.74,24.44,23.13,22.85,6150262.0,159231264.0
2013-10-09,22.68,24.09,23.96,22.59,6319877.0,164380960.0
2013-10-08,23.00,23.14,22.66,22.64,5366264.0,135205888.0
2013-09-30,22.46,23.45,23.14,21.97,7271523.0,183505856.0
2013-09-27,21.19,22.86,22.64,21.19,10853324.0,266928880.0
2013-09-26,19.94,21.91,21.05,19.85,12019833.0,279972416.0
2013-09-25,20.10,20.54,20.08,19.78,5705823.0,126537584.0
2013-09-24,19.59,20.28,20.20,19.46,9180018.0,201613008.0
2013-09-23,19.43,20.01,19.55,19.24,9138655.0,196921840.0
2013-09-18,18.34,19.67,19.49,18.34,9881744.0,208343696.0
2013-09-17,18.38,18.53,18.35,17.94,4118064.0,83033296.0
2013-09-16,18.25,18.70,18.53,18.11,6631156.0,134867840.0
2013-09-13,18.43,18.49,17.96,17.78,5391896.0,106819736.0
2013-09-12,18.20,18.61,18.42,18.20,3034305.0,61487216.0
2013-09-11,18.92,19.05,18.20,18.17,4306954.0,87531336.0
2013-09-10,19.30,19.39,18.92,18.77,4469368.0,93422584.0
2013-09-09,19.83,19.83,19.29,19.07,5513457.0,117869848.0
2013-09-06,19.30,19.97,19.88,19.28,6673708.0,145509888.0
2013-09-05,19.02,19.43,19.42,18.80,4424781.0,93915688.0
2013-09-04,18.74,19.10,19.04,18.68,3327712.0,69545424.0
2013-09-03,18.27,18.83,18.70,18.23,2667122.0,54884152.0
2013-09-02,17.97,18.28,18.24,17.93,1339793.0,26831562.0
2013-08-30,18.52,18.52,17.96,17.93,3381645.0,67725160.0
2013-08-29,19.02,19.59,18.67,18.63,4840850.0,101943240.0
2013-08-28,18.85,19.00,18.69,18.57,2930795.0,60795624.0
2013-08-27,18.63,19.10,19.02,18.48,4753802.0,98849568.0
2013-08-26,18.16,18.76,18.61,18.16,3764875.0,77256584.0
2013-08-23,18.29,18.42,18.15,17.75,2963753.0,59359760.0
2013-08-22,18.39,18.47,18.25,18.13,2074392.0,41836540.0
2013-08-21,18.47,18.61,18.32,18.11,2036952.0,41131820.0
2013-08-20,18.49,18.99,18.52,18.41,3432062.0,70872424.0
2013-08-19,18.34,18.51,18.50,18.09,4831659.0,97398312.0
2013-08-16,18.65,19.02,18.31,18.31,3476765.0,71487584.0
2013-08-15,19.05,19.10,18.71,18.65,2455551.0,50898812.0
2013-08-14,19.02,19.28,19.05,18.66,2595709.0,54191848.0
2013-08-13,19.29,19.36,19.06,19.00,2470277.0,52038108.0
2013-08-12,19.11,19.46,19.35,19.11,2910347.0,62072256.0
2013-08-09,18.73,19.31,19.11,18.71,4249946.0,89708472.0
2013-08-08,19.11,19.30,18.81,18.66,7600703.0,158307472.0
2013-08-07,20.28,20.30,19.32,19.26,4966830.0,107449896.0
2013-08-06,20.17,20.36,20.28,19.81,3763213.0,83212024.0
2013-08-05,19.71,20.21,20.17,19.49,3490896.0,77059872.0
2013-08-02,19.45,19.88,19.65,19.24,2815864.0,60908080.0
2013-08-01,18.73,19.36,19.36,18.63,3114166.0,65718456.0
2013-07-31,18.74,18.97,18.73,18.36,1481770.0,30647434.0
2013-07-30,19.38,19.58,18.74,18.11,2899650.0,59907764.0
2013-07-29,19.11,19.71,19.49,19.11,2035909.0,43922748.0
2013-07-26,19.91,20.10,19.47,19.09,3895966.0,83864400.0
2013-07-25,20.92,20.92,20.10,19.90,4971203.0,111987416.0
2013-07-24,20.10,21.10,20.92,19.85,6547291.0,149705248.0
2013-07-23,20.33,20.45,20.17,19.67,5569358.0,122886176.0
2013-07-22,19.02,20.45,20.19,18.57,6856223.0,150248736.0
2013-07-19,18.74,19.63,19.14,18.68,4047454.0,86085112.0
2013-07-18,19.47,19.66,19.02,18.92,4173887.0,88942344.0
2013-07-17,19.42,19.72,18.75,18.63,3273850.0,69245680.0
2013-07-16,19.73,19.73,19.41,19.11,2767458.0,59125768.0
2013-07-15,18.85,19.92,19.69,18.83,4250509.0,92024856.0
2013-07-12,18.60,19.11,18.90,18.47,3256012.0,67661024.0
2013-07-11,18.42,18.74,18.63,18.22,3045982.0,62371940.0
2013-07-10,17.68,18.47,18.39,17.52,2336757.0,46679416.0
2013-07-09,17.20,17.93,17.64,17.02,1414041.0,27501490.0
2013-07-08,18.27,18.29,17.48,17.48,2772864.0,54398892.0
2013-07-05,18.63,19.15,18.45,18.36,4003587.0,83551984.0
2013-07-04,18.32,18.96,18.67,17.96,4906603.0,101129784.0
2013-07-03,18.14,18.52,18.31,17.84,3475466.0,69814832.0
2013-07-02,17.93,18.36,18.20,17.52,3465881.0,68813496.0
2013-07-01,17.07,17.68,17.68,17.01,2695335.0,51868692.0
2013-06-28,17.48,17.69,17.07,16.84,2481005.0,47308356.0
2013-06-27,18.11,18.32,17.68,17.46,3342851.0,65983944.0
2013-06-26,17.09,18.11,18.11,17.09,4689346.0,92144936.0
2013-06-25,16.75,17.14,17.00,15.16,5342207.0,95373504.0
2013-06-24,17.34,17.34,16.84,16.35,2165073.0,40330844.0
2013-06-21,16.93,17.66,17.44,16.48,1947106.0,36761948.0
2013-06-20,18.27,18.29,17.34,17.04,3094560.0,60277908.0
2013-06-19,18.20,18.57,18.41,18.02,2500007.0,50420572.0
2013-06-18,19.18,19.19,18.56,17.95,3523232.0,72025216.0
2013-06-17,19.27,19.47,19.20,18.92,3579551.0,75794104.0
2013-06-14,18.29,19.29,19.19,18.25,5137861.0,107480328.0
2013-06-13,18.12,18.70,18.46,16.73,3193528.0,62823948.0
2013-06-07,18.73,18.82,18.49,18.13,3258086.0,66346972.0
2013-06-06,18.55,18.97,18.79,18.39,3171256.0,65543204.0
2013-06-05,18.06,19.08,18.70,17.98,4704627.0,96855864.0
2013-06-04,18.65,18.74,18.19,17.75,7132849.0,143907728.0
2013-06-03,19.03,19.41,18.88,18.56,5714517.0,119741568.0
2013-05-31,19.18,20.28,19.01,18.97,9950406.0,215601344.0
2013-05-30,18.47,20.17,19.41,18.39,10723675.0,230607584.0
2013-05-29,18.03,18.82,18.74,17.91,6986675.0,142577376.0
2013-05-28,18.45,19.09,18.41,18.31,14474366.0,299093152.0
2013-05-27,16.08,17.70,17.70,16.04,7597119.0,145033872.0
2013-05-24,15.89,16.17,16.08,15.89,1385889.0,24701742.0
2013-05-23,16.22,16.40,15.99,15.77,2920039.0,52394096.0
2013-05-22,16.48,16.48,16.23,16.08,2309834.0,41626952.0
2013-05-21,16.21,16.56,16.51,15.90,2986417.0,53975000.0
2013-05-20,16.22,16.46,16.33,15.72,4482196.0,80380728.0
2013-05-17,16.15,16.49,16.16,15.96,3464259.0,62465656.0
2013-05-16,16.13,16.38,16.09,15.97,3857893.0,69262200.0
2013-05-15,15.66,16.18,16.16,15.50,3597732.0,63953104.0
2013-05-14,15.77,15.81,15.68,15.32,2104699.0,36414096.0
2013-05-13,15.79,15.87,15.81,15.61,2968118.0,51833668.0
2013-05-10,15.39,15.93,15.79,15.37,4304232.0,75383544.0
2013-05-09,15.45,15.49,15.43,15.22,1999991.0,34003248.0
2013-05-08,14.89,15.43,15.39,14.85,3121672.0,52277076.0
2013-05-07,15.08,15.22,14.84,14.74,2617793.0,43364240.0
2013-05-06,14.58,15.10,15.10,14.53,5176417.0,85080168.0
2013-05-03,15.11,15.29,14.64,14.43,7510660.0,122766240.0
2013-05-02,15.44,15.53,15.10,15.03,2598755.0,43807324.0
2013-04-26,15.61,15.68,15.51,15.27,2132105.0,36610196.0
2013-04-25,15.61,15.72,15.61,15.47,4713869.0,81526352.0
2013-04-24,15.34,15.76,15.74,15.26,3081641.0,53132720.0
2013-04-23,15.63,15.63,15.48,15.33,2237161.0,38349380.0
2013-04-22,15.00,15.63,15.63,15.00,2816078.0,47976228.0
2013-04-19,14.85,15.12,15.01,14.72,2786723.0,46253948.0
2013-04-18,14.78,14.88,14.79,14.58,1389250.0,22681600.0
2013-04-17,14.73,14.81,14.81,14.63,1415058.0,23117606.0
2013-04-16,14.44,14.74,14.72,14.21,1131389.0,18248430.0
2013-04-15,14.80,14.80,14.44,14.42,857697.0,13827209.0
2013-04-12,15.08,15.08,14.71,14.70,889927.0,14671703.0
2013-04-11,14.76,14.88,14.82,14.67,735414.0,12059948.0
2013-04-10,14.93,14.93,14.73,14.63,1410960.0,23181968.0
2013-04-09,14.87,15.05,14.93,14.76,1252699.0,20780952.0
2013-04-08,14.65,14.76,14.63,14.06,1125923.0,18142498.0
2013-04-03,14.89,14.95,14.74,14.57,1504517.0,24504814.0
2013-04-02,15.34,15.39,14.89,14.47,3179466.0,52927808.0
2013-04-01,15.49,15.95,15.31,15.27,1927807.0,33408128.0
2013-03-29,15.19,15.57,15.54,15.19,1831776.0,31386242.0
2013-03-28,15.38,15.59,15.32,15.10,1455862.0,24886820.0
2013-03-27,15.89,16.02,15.45,15.32,3520993.0,61126896.0
2013-03-26,15.93,16.13,15.93,15.68,1415361.0,24936668.0
2013-03-25,16.08,16.09,16.03,15.74,1798069.0,31721680.0
2013-03-22,15.74,16.06,16.05,15.60,2338443.0,41304872.0
2013-03-21,15.40,15.81,15.76,15.32,2075165.0,36065264.0
2013-03-20,15.22,15.42,15.40,15.08,2203356.0,37359012.0
2013-03-19,15.40,15.63,15.13,15.03,1903262.0,32314320.0
2013-03-18,15.48,15.79,15.40,15.33,2188776.0,37956760.0
2013-03-15,15.41,15.77,15.58,15.28,2605484.0,45075640.0
2013-03-14,15.15,15.59,15.43,15.15,1333869.0,22894302.0
2013-03-13,15.32,15.47,15.24,15.14,1237296.0,20963518.0
2013-03-12,15.68,15.72,15.57,15.12,3280303.0,55892148.0
2013-03-11,15.45,15.72,15.72,15.23,1238956.0,21288576.0
2013-03-08,15.77,15.90,15.46,15.14,3863935.0,66287604.0
2013-03-07,16.46,16.46,15.74,15.57,4333987.0,76638024.0
2013-03-06,16.40,16.82,16.46,16.18,3673070.0,67026880.0
2013-03-05,15.83,16.36,16.35,15.77,3684743.0,66021300.0
2013-03-04,15.95,16.40,15.81,15.59,5130210.0,91611672.0
2013-03-01,15.60,16.31,16.09,15.31,7679320.0,133028872.0
2013-02-28,15.33,15.63,15.63,14.97,4339703.0,74101712.0
2013-02-27,16.08,16.22,15.33,15.02,7276696.0,125154608.0
2013-02-26,16.45,16.47,16.25,16.05,1917719.0,34601156.0
2013-02-25,16.33,16.81,16.45,16.33,1660809.0,30656454.0
2013-02-22,16.36,16.63,16.40,16.36,2751498.0,50288716.0
2013-02-21,16.63,17.01,16.39,15.91,3121450.0,56575820.0
2013-02-20,15.97,16.81,16.69,15.97,4062144.0,74469432.0
2013-02-19,16.45,16.50,15.97,15.86,2950703.0,52336172.0
2013-02-18,16.63,16.63,16.45,16.18,1351846.0,24607486.0
2013-02-08,16.37,16.68,16.52,16.37,2415968.0,44350944.0
2013-02-07,16.04,16.72,16.48,15.76,3116729.0,56305528.0
2013-02-06,15.39,16.09,16.02,15.38,4059337.0,71625432.0
2013-02-05,15.14,15.50,15.41,14.94,3002751.0,50822404.0
2013-02-04,15.52,15.65,15.14,14.92,3106482.0,52527420.0
2013-02-01,15.42,15.81,15.54,15.19,4356431.0,75277280.0
2013-01-31,15.06,15.50,15.37,14.74,4093958.0,69141304.0
2013-01-30,15.21,15.50,15.06,14.78,2971109.0,50147284.0
2013-01-29,14.97,15.50,15.24,14.94,4434098.0,75081816.0
2013-01-28,14.60,15.18,14.88,14.56,3593001.0,59445792.0
2013-01-25,13.87,14.71,14.51,13.87,3166362.0,50281640.0
2013-01-24,14.51,14.59,14.01,13.83,3733015.0,58984260.0
2013-01-23,14.57,14.64,14.51,14.38,2944119.0,47454560.0
2013-01-22,14.79,14.85,14.62,14.40,3426943.0,55376232.0
2013-01-21,14.87,14.89,14.85,14.67,4503402.0,73929776.0
2013-01-18,14.72,14.99,14.69,14.42,2825964.0,45903816.0
2013-01-17,14.61,14.95,14.77,14.33,3675031.0,59798424.0
2013-01-16,14.33,15.22,14.78,14.25,7643009.0,126047376.0
2013-01-15,14.05,14.55,14.33,13.99,10335192.0,164176736.0
2013-01-14,13.08,14.00,13.99,13.08,7536488.0,114554280.0
2013-01-11,13.56,13.56,13.11,13.06,3808790.0,56097328.0
2013-01-10,13.44,13.65,13.56,13.29,2741502.0,40925200.0
2013-01-09,13.81,13.90,13.47,13.39,4425124.0,66825740.0
2013-01-08,13.70,14.08,13.72,13.38,8236970.0,125579376.0
2013-01-07,13.52,13.88,13.68,13.43,3543292.0,53870508.0
2013-01-04,14.01,14.06,13.47,13.30,2640270.0,39687900.0
2012-12-31,13.63,14.04,13.97,13.63,3691285.0,56845500.0
2012-12-28,13.33,13.66,13.62,13.33,2203598.0,33147696.0
2012-12-27,13.58,13.90,13.33,13.31,3877428.0,58079156.0
2012-12-26,13.44,13.66,13.53,13.39,1652299.0,24787432.0
2012-12-25,13.15,13.54,13.45,13.02,2474169.0,36897468.0
2012-12-24,12.73,13.20,13.15,12.70,1993973.0,28884032.0
2012-12-21,12.80,12.95,12.75,12.67,1385581.0,19685322.0
2012-12-20,12.62,12.89,12.80,12.62,3178147.0,45078372.0
2012-12-19,12.44,12.68,12.65,12.44,3397559.0,47139068.0
2012-12-18,12.57,12.57,12.42,12.36,3284634.0,45376600.0
2012-12-17,12.71,12.78,12.55,12.37,4175327.0,58098980.0
2012-12-14,12.31,12.81,12.71,12.26,2942109.0,41399276.0
2012-12-13,12.24,12.48,12.27,12.24,831835.0,11429704.0
2012-12-12,12.62,12.71,12.30,12.26,2153121.0,29877314.0
2012-12-11,12.62,12.78,12.62,12.53,2968860.0,41617492.0
2012-12-10,12.33,12.65,12.62,12.30,1530134.0,21305286.0
2012-12-07,12.12,12.39,12.37,12.09,1481571.0,20131514.0
2012-12-06,12.26,12.35,12.13,12.07,2015291.0,27125406.0
2012-12-05,11.98,12.44,12.24,11.89,1951729.0,26442804.0
2012-12-04,11.71,11.98,11.98,11.53,1096485.0,14315316.0
2012-12-03,12.07,12.14,11.72,11.72,681564.0,9036679.0
2012-11-30,11.53,12.58,12.06,11.40,1721787.0,22647620.0
2012-11-29,11.79,11.94,11.69,10.99,1563164.0,20231658.0
2012-11-28,11.89,11.89,11.80,11.58,597170.0,7761818.0
2012-11-27,12.12,12.22,11.95,11.94,546122.0,7301771.0
2012-11-26,12.03,12.17,12.17,11.92,663004.0,8898799.0
2012-11-23,12.04,12.12,12.02,11.89,988654.0,13202460.0
2012-11-22,12.53,12.53,12.09,11.71,1439247.0,19479470.0
2012-11-21,12.67,12.71,12.59,12.36,1270673.0,17750794.0
2012-11-20,13.04,13.11,12.67,12.46,2164938.0,30418804.0
2012-11-19,12.98,13.05,12.99,12.73,1150878.0,16510259.0
2012-11-16,12.89,13.00,12.99,12.71,428051.0,6108536.0
2012-11-15,12.71,12.98,12.91,12.71,1369800.0,19623144.0
2012-11-14,12.89,12.92,12.86,12.62,1583502.0,22465650.0
2012-11-13,12.80,12.90,12.88,12.62,1148697.0,16276538.0
2012-11-12,13.16,13.33,12.72,12.62,2607384.0,37085200.0
2012-11-09,13.65,13.73,13.24,13.11,2551537.0,37616880.0
2012-11-08,13.83,13.89,13.79,13.71,971256.0,14870529.0
2012-11-07,13.96,14.05,13.92,13.90,848727.0,13154411.0
2012-11-06,13.98,14.08,13.90,13.78,1876197.0,28948558.0
2012-11-05,14.04,14.21,13.93,13.84,1136673.0,17678922.0
2012-11-02,13.95,14.17,14.08,13.88,1321379.0,20574352.0
2012-11-01,13.71,14.04,14.00,13.68,1175466.0,18117530.0
2012-10-31,13.89,13.93,13.71,13.70,881802.0,13483717.0
2012-10-30,13.95,14.02,13.81,13.70,760292.0,11682362.0
2012-10-29,13.90,14.15,13.92,13.62,1438911.0,22085962.0
2012-10-26,14.20,14.33,14.15,13.62,2023697.0,31111108.0
2012-10-25,14.26,14.46,14.37,14.13,746344.0,11815726.0
2012-10-24,14.42,14.59,14.28,14.22,2121232.0,33781272.0
2012-10-23,14.67,14.67,14.47,14.41,1601700.0,25807464.0
2012-10-22,14.60,14.72,14.65,14.37,845170.0,13666559.0
2012-10-19,14.71,14.71,14.53,14.45,1069762.0,17341160.0
2012-10-18,14.61,14.71,14.71,14.44,1735314.0,28219632.0
2012-10-17,14.32,14.74,14.54,14.26,2331081.0,37700364.0
2012-10-16,13.85,14.40,14.32,13.85,1310105.0,20732802.0
2012-10-15,14.35,14.35,14.00,13.81,2864417.0,44228636.0
2012-10-12,14.51,14.56,14.27,14.12,1132671.0,17933724.0
2012-10-11,14.50,14.62,14.33,14.28,2007795.0,32218670.0
2012-10-10,14.24,14.60,14.51,14.20,1597923.0,25624916.0
2012-10-09,14.02,14.33,14.26,14.02,1711433.0,27021670.0
2012-10-08,14.15,14.20,14.02,13.88,1039852.0,16163232.0
2012-09-28,14.01,14.14,14.14,13.90,1403332.0,21862998.0
2012-09-27,13.92,14.28,13.99,13.83,1350702.0,21024452.0
2012-09-26,14.05,14.06,13.88,13.87,1450482.0,22445848.0
2012-09-25,13.97,14.11,13.99,13.71,1027799.0,15855890.0
2012-09-24,13.62,14.00,13.88,13.52,2996382.0,46134288.0
2012-09-21,13.94,14.21,13.76,13.70,1476259.0,22815418.0
2012-09-20,14.46,14.47,14.19,14.07,1333346.0,21139096.0
2012-09-19,14.60,14.75,14.41,14.33,2706125.0,43494264.0
2012-09-18,14.60,14.81,14.62,14.44,1372518.0,22296790.0
2012-09-17,14.89,15.09,14.62,14.53,1609707.0,26579008.0
2012-09-14,14.91,15.08,14.88,14.77,1017892.0,16835308.0
2012-09-13,15.24,15.29,14.82,14.82,1239905.0,20768966.0
2012-09-12,15.44,15.51,15.18,15.04,2212963.0,37449940.0
2012-09-11,15.36,15.42,15.42,15.17,1355397.0,23057540.0
2012-09-10,15.50,15.56,15.32,15.26,2512704.0,42808348.0
2012-09-07,15.09,15.53,15.49,15.00,2787086.0,47479260.0
2012-09-06,14.69,15.04,15.00,14.69,842089.0,13918658.0
2012-09-05,14.69,14.90,14.79,14.60,729754.0,11982496.0
2012-09-04,14.80,15.01,14.73,14.70,1217308.0,20045684.0
2012-09-03,14.43,15.01,14.80,14.43,1353801.0,22235088.0
2012-08-31,14.33,14.72,14.60,14.19,1307591.0,21094102.0
2012-08-30,15.05,15.20,14.30,14.13,2377551.0,38490676.0
2012-08-29,15.14,15.32,15.14,14.88,933734.0,15701246.0
2012-08-28,14.65,15.23,15.14,14.60,2178550.0,35931844.0
2012-08-27,14.65,15.10,14.65,14.50,1598967.0,26250758.0
2012-08-24,15.59,15.63,14.96,14.96,2852511.0,48456768.0
2012-08-23,15.59,15.76,15.63,15.26,2123461.0,36448200.0
2012-08-22,15.96,15.99,15.63,15.57,1965665.0,34487196.0
2012-08-21,15.32,16.04,15.89,15.31,2797592.0,49113036.0
2012-08-20,15.32,15.50,15.40,15.03,2622810.0,44462364.0
2012-08-17,15.37,15.54,15.36,15.21,1612915.0,27480408.0
2012-08-16,15.54,15.59,15.49,15.24,1483550.0,25387790.0
2012-08-15,15.95,16.11,15.61,15.59,1643330.0,28810032.0
2012-08-14,15.76,16.04,15.98,15.43,2620255.0,45801968.0
2012-08-13,15.86,16.25,15.63,15.59,3628972.0,64424704.0
2012-08-10,15.87,16.02,15.91,15.73,2048556.0,36141456.0
2012-08-09,15.24,15.86,15.86,15.02,4311080.0,74722688.0
2012-08-08,15.54,15.67,15.36,15.23,3252339.0,55555628.0
2012-08-07,15.38,15.83,15.53,15.32,3954455.0,68590568.0
2012-08-06,14.96,15.72,15.38,14.91,4851178.0,83146464.0
2012-08-03,15.05,15.17,15.14,14.69,4995358.0,82935928.0
2012-08-02,14.83,15.11,14.87,14.65,2289650.0,37755048.0
2012-08-01,14.22,14.92,14.84,14.10,2900464.0,47074112.0
2012-07-31,14.33,14.56,14.26,13.87,1637826.0,25982538.0
2012-07-30,14.59,14.72,14.33,14.19,2049812.0,32782824.0
2012-07-27,14.63,14.78,14.65,14.24,2901843.0,46478912.0
2012-07-26,15.14,15.14,14.73,14.50,2899027.0,47399672.0
2012-07-25,14.85,15.11,15.03,14.69,4990325.0,82867816.0
2012-07-24,14.70,14.96,14.86,14.63,2708361.0,44460288.0
2012-07-23,14.42,14.87,14.87,14.15,3393581.0,54702260.0
2012-07-20,14.48,14.91,14.56,14.37,3631888.0,59325944.0
2012-07-19,14.35,14.55,14.42,14.24,2840818.0,45460464.0
2012-07-18,13.86,14.45,14.37,13.65,3525384.0,54662812.0
2012-07-17,13.94,14.21,13.82,13.70,2317306.0,35851616.0
2012-07-16,14.50,14.56,13.98,13.97,3107362.0,49025680.0
2012-07-13,14.56,14.76,14.49,14.39,2347123.0,37945776.0
2012-07-12,14.49,14.67,14.56,14.23,3434296.0,55348324.0
2012-07-11,13.92,14.49,14.41,13.92,3918254.0,61429360.0
2012-07-10,14.33,14.42,14.01,13.81,4191419.0,65240096.0
2012-07-09,14.34,14.73,14.35,14.26,6905110.0,111071136.0
2012-07-06,13.98,14.61,14.45,13.86,7214093.0,114045968.0
2012-07-05,14.08,14.26,13.93,13.91,4147494.0,64665896.0
2012-07-04,14.11,14.17,13.97,13.82,4030455.0,62323512.0
2012-07-03,13.48,14.11,14.11,13.40,4929381.0,76265344.0
2012-07-02,13.55,13.67,13.44,13.26,2150380.0,32212190.0
2012-06-29,13.11,13.38,13.38,13.11,1342300.0,19784578.0
2012-06-28,13.17,13.39,13.16,13.05,1505945.0,22064712.0
2012-06-27,12.91,13.38,13.13,12.67,2746644.0,40170500.0
2012-06-26,13.52,13.52,12.93,12.75,4208088.0,60933072.0
2012-06-25,13.70,13.92,13.52,13.42,3400614.0,51511064.0
2012-06-21,13.90,14.05,13.86,13.70,2410354.0,37051288.0
2012-06-20,14.42,14.46,13.98,13.92,5050026.0,79152888.0
2012-06-19,14.30,14.55,14.41,14.13,6517332.0,103867160.0
2012-06-18,14.42,14.73,14.28,14.17,7307832.0,116735192.0
2012-06-15,13.79,14.38,14.26,13.79,5870496.0,92504656.0
2012-06-14,14.01,14.16,13.72,13.71,4091478.0,63299844.0
2012-06-13,13.62,14.11,14.06,13.52,5522269.0,85315888.0
2012-06-12,13.24,13.86,13.62,13.11,3536108.0,53436820.0
2012-06-11,12.90,13.32,13.32,12.90,2139970.0,31351008.0
2012-06-08,13.14,13.32,12.99,12.89,1452286.0,21052608.0
2012-06-07,13.55,13.65,13.14,13.02,1882079.0,27772764.0
2012-06-06,13.26,13.66,13.46,13.23,2888335.0,43158460.0
2012-06-05,12.93,13.35,13.26,12.87,3101276.0,45414620.0
2012-06-04,12.77,13.37,12.99,12.75,2753286.0,40064812.0
2012-06-01,13.19,13.32,13.12,13.08,1515511.0,22156544.0
2012-05-31,12.96,13.30,13.19,12.84,2042143.0,29697362.0
2012-05-30,12.98,13.18,12.98,12.94,1707000.0,24656514.0
2012-05-29,12.98,13.19,13.05,12.98,1879553.0,27262744.0
2012-05-28,12.75,13.04,12.96,12.50,2370148.0,33768476.0
2012-05-25,13.44,13.45,12.78,12.49,6721666.0,95552648.0
2012-05-24,13.52,13.66,13.44,13.39,3705932.0,55416644.0
2012-05-23,13.73,14.00,13.71,13.38,4381834.0,66447720.0
2012-05-22,13.85,14.18,13.74,13.74,5151913.0,79899448.0
2012-05-21,13.68,13.79,13.70,13.32,3562250.0,70180376.0
2012-05-18,13.59,14.05,13.68,13.59,3801638.0,76418464.0
2012-05-17,13.21,13.86,13.77,13.21,3720627.0,73765056.0
2012-05-16,13.37,13.61,13.25,13.25,2446891.0,47842492.0
2012-05-15,13.44,13.46,13.42,13.13,1933285.0,37216804.0
2012-05-14,13.72,13.85,13.53,13.50,2689555.0,53196740.0
2012-05-11,13.38,13.69,13.60,13.25,3785544.0,74013128.0
2012-05-10,12.93,14.06,13.39,12.92,3702053.0,72613288.0
2012-05-09,13.19,13.19,13.06,12.90,1983117.0,37391104.0
2012-05-08,13.31,13.33,13.26,13.17,1968392.0,37764828.0
2012-05-07,13.15,13.35,13.32,13.03,2221562.0,42559908.0
2012-05-04,13.15,13.21,13.15,13.03,1637648.0,31162426.0
2012-05-03,13.04,13.24,13.15,12.97,1933460.0,36800512.0
2012-05-02,12.82,13.08,13.03,12.70,3177621.0,59753696.0
2012-04-27,12.61,12.69,12.56,12.50,1076436.0,19664670.0
2012-04-26,12.63,12.75,12.63,12.46,1742587.0,31900770.0
2012-04-24,12.81,12.86,12.58,12.28,2359826.0,42946664.0
2012-04-23,12.86,13.06,12.81,12.79,2502067.0,46793720.0
2012-04-20,12.76,12.97,12.92,12.72,2226670.0,41620208.0
2012-04-19,12.90,12.95,12.79,12.75,2463116.0,45877760.0
2012-04-18,12.57,12.82,12.82,12.45,2166209.0,39769308.0
2012-04-17,12.88,12.94,12.57,12.41,2637858.0,48268740.0
2012-04-16,12.95,12.97,12.88,12.81,1509322.0,28207314.0
2012-04-13,12.83,13.00,12.95,12.77,2283154.0,42760584.0
2012-04-12,12.69,12.83,12.83,12.52,2717121.0,49986404.0
2012-04-11,12.65,12.72,12.66,12.50,936086.0,17112376.0
2012-04-10,12.43,12.76,12.68,12.40,1829469.0,33252204.0
2012-04-09,12.68,12.81,12.55,12.52,1785780.0,32757760.0
2012-04-06,12.75,12.86,12.69,12.55,1934788.0,35610824.0
2012-04-05,12.41,12.82,12.82,12.32,2564899.0,46595680.0
2012-03-30,12.39,12.54,12.29,12.25,1584741.0,28391038.0
2012-03-29,12.60,12.75,12.39,12.32,2605075.0,47138564.0
2012-03-28,13.20,13.25,12.60,12.59,2237945.0,41770280.0
2012-03-27,13.44,13.51,13.25,13.19,2059651.0,39852916.0
2012-03-26,13.34,13.44,13.37,13.23,1372013.0,26519450.0
2012-03-23,13.82,13.82,13.34,13.29,2497582.0,48799988.0
2012-03-22,13.73,13.90,13.85,13.70,1593779.0,31834342.0
2012-03-21,14.02,14.12,13.77,13.65,3729690.0,74992880.0
2012-03-20,14.55,14.59,13.95,13.90,3244374.0,66650456.0
2012-03-19,14.59,14.86,14.51,14.35,4666864.0,98725328.0
2012-03-16,14.13,14.52,14.52,13.97,5005913.0,103564536.0
2012-03-15,14.01,14.28,14.11,13.52,5752992.0,115791256.0
2012-03-14,14.48,15.10,14.10,13.94,9152817.0,193986784.0
2012-03-13,14.39,14.59,14.48,14.26,4848191.0,101345032.0
2012-03-12,14.33,14.38,14.38,14.11,4043210.0,83609824.0
2012-03-09,14.18,14.24,14.22,14.01,4187799.0,85923568.0
2012-03-08,13.99,14.17,14.15,13.79,4635600.0,94334720.0
2012-03-07,13.81,14.10,13.90,13.67,4528889.0,91633888.0
2012-03-06,13.79,14.00,13.90,13.72,4302448.0,86544136.0
2012-03-05,14.10,14.17,13.80,13.78,5077867.0,102881416.0
2012-03-02,13.61,14.04,14.04,13.60,5654612.0,113740888.0
2012-03-01,13.48,13.72,13.55,13.45,2051781.0,40453784.0
2012-02-29,13.66,13.67,13.50,13.46,3804302.0,74708784.0
2012-02-28,13.90,14.00,13.70,13.52,5112936.0,101495584.0
2012-02-27,14.12,14.38,14.04,14.00,3958871.0,81208720.0
2012-02-24,14.07,14.15,14.12,13.93,3111234.0,63326728.0
2012-02-23,14.06,14.14,13.98,13.82,4186527.0,84822464.0
2012-02-22,13.72,14.08,14.07,13.69,3933274.0,79302664.0
2012-02-21,13.50,13.79,13.78,13.41,3126878.0,61946820.0
2012-02-20,13.63,13.90,13.52,13.52,3004742.0,59625324.0
2012-02-17,13.64,13.71,13.50,13.41,2132983.0,41684772.0
2012-02-16,13.72,14.00,13.65,13.52,2842868.0,56682448.0
2012-02-15,13.42,13.79,13.79,13.41,3024980.0,59870460.0
2012-02-14,13.59,13.61,13.55,13.38,2393424.0,46808044.0
2012-02-13,13.32,13.73,13.59,13.23,4266789.0,83707136.0
2012-02-10,13.31,13.55,13.32,13.26,4294341.0,83567336.0
2012-02-09,12.90,13.44,13.37,12.84,5649280.0,108438176.0
2012-02-08,12.52,12.92,12.88,12.41,3214530.0,59408276.0
2012-02-07,12.75,12.76,12.49,12.44,2769147.0,50381948.0
2012-02-06,12.69,12.93,12.82,12.67,3924639.0,72761272.0
2012-02-03,12.35,12.71,12.67,12.32,3659532.0,66590784.0
2012-02-02,12.19,12.40,12.39,12.14,2197816.0,39020708.0
2012-02-01,12.20,12.27,12.15,12.08,2493343.0,43966756.0
2012-01-31,12.59,12.60,12.17,12.06,4754473.0,84554744.0
2012-01-30,12.95,13.04,12.69,12.68,2127479.0,39671320.0
2012-01-20,12.95,13.00,12.88,12.43,4556499.0,83606536.0
2012-01-19,12.55,13.41,12.96,12.52,3701588.0,70244616.0
2012-01-18,13.30,13.45,12.73,12.68,1405475.0,26626306.0
2012-01-17,12.59,13.28,13.28,12.35,1251586.0,23422548.0
2012-01-16,12.86,13.08,12.62,12.62,913059.0,17017152.0
2012-01-13,13.76,13.76,12.93,12.83,2093017.0,39993680.0
2012-01-12,13.64,13.97,13.76,13.55,1239885.0,24780862.0
2012-01-11,14.12,14.13,13.73,13.71,2115270.0,42526364.0
2012-01-10,13.61,14.07,14.00,13.57,2176633.0,43752172.0
2012-01-09,13.12,13.66,13.61,12.97,1290816.0,25088708.0
2012-01-06,13.11,13.33,13.21,12.66,1511748.0,28366876.0
2012-01-05,13.79,13.79,13.24,13.16,1295947.0,25293110.0
2012-01-04,14.48,14.63,13.79,13.75,2106121.0,43031852.0
2011-12-30,13.75,14.45,14.45,13.58,2781868.0,56946344.0
2011-12-29,13.21,13.79,13.77,13.21,2191586.0,42973224.0
2011-12-28,13.59,13.62,13.19,12.97,1982116.0,37864928.0
2011-12-27,13.90,13.97,13.66,13.59,1265375.0,25290576.0
2011-12-26,13.77,14.06,13.91,13.77,950130.0,19211276.0
2011-12-23,13.77,14.07,13.94,13.54,1871522.0,37778576.0
2011-12-22,14.30,14.30,13.77,13.74,2755819.0,55715460.0
2011-12-21,14.65,14.82,14.38,14.38,1884451.0,39866904.0
2011-12-20,14.45,14.85,14.55,14.41,2530172.0,53853404.0
2011-12-19,14.96,14.96,14.53,14.41,2671036.0,56564668.0
2011-12-16,15.16,15.16,14.97,14.52,2653253.0,57291016.0
2011-12-15,15.30,15.30,15.17,14.90,1231968.0,26896694.0
2011-12-14,15.38,15.59,15.34,15.04,1884065.0,41806616.0
2011-12-13,15.59,15.61,15.35,15.26,1428205.0,31816978.0
2011-12-12,16.04,16.04,15.67,15.64,970392.0,22217348.0
2011-12-09,15.86,16.26,16.06,15.48,2038144.0,46930880.0
2011-12-08,15.93,16.21,15.97,15.59,1852253.0,42524856.0
2011-12-07,16.10,16.21,16.01,15.85,1925716.0,44674340.0
2011-12-06,16.08,16.40,16.17,15.78,1633410.0,38046884.0
2011-12-05,16.72,16.94,16.21,15.87,2786776.0,65802144.0
2011-12-02,17.12,17.53,16.97,16.90,2368692.0,59241332.0
2011-12-01,17.26,17.59,17.24,17.01,3451142.0,86884328.0
2011-11-30,17.31,17.31,16.82,16.69,3496993.0,86323912.0
2011-11-29,17.04,17.36,17.28,16.90,3134797.0,77973664.0
2011-11-28,16.41,17.15,17.01,16.36,3092480.0,74902984.0
2011-11-25,16.97,17.09,16.50,16.50,2010152.0,49002964.0
2011-11-24,16.69,17.12,16.97,16.61,1788167.0,43906260.0
2011-11-23,17.06,17.13,16.90,16.75,1678072.0,41272692.0
2011-11-22,16.83,17.17,17.00,16.68,1863079.0,45809012.0
2011-11-21,17.17,17.31,17.10,16.69,2974605.0,72799296.0
2011-11-18,17.45,17.47,17.24,16.84,4508386.0,111905192.0
2011-11-17,17.87,18.11,17.66,17.43,5181300.0,133444640.0
2011-11-16,18.17,18.55,17.87,17.67,8691711.0,228171968.0
2011-11-15,17.52,18.19,18.17,17.41,14011373.0,364144928.0
2011-11-14,17.72,17.72,17.52,17.17,16466545.0,414745600.0
2011-11-11,17.31,17.95,17.60,17.12,10619185.0,271369568.0
2011-11-10,16.39,17.57,17.25,16.26,7136231.0,176528640.0
2011-11-09,16.39,16.59,16.57,15.95,2919362.0,69149448.0
2011-11-08,16.75,17.08,16.45,16.35,5218377.0,125736256.0
2011-11-07,16.81,17.31,17.06,16.70,4254416.0,105053688.0
2011-11-04,16.66,16.97,16.90,16.48,5211568.0,126487056.0
2011-11-03,16.48,17.01,16.71,16.48,7509448.0,182505584.0
2011-11-02,15.84,16.45,16.41,15.59,8022232.0,184584800.0
2011-11-01,16.37,16.52,16.00,15.93,6099583.0,142952608.0
2011-10-31,17.26,17.28,16.59,16.48,5144153.0,125642216.0
2011-10-28,17.08,17.37,17.33,16.87,2848037.0,70930960.0
2011-10-27,17.30,17.44,17.02,16.97,1463418.0,36613388.0
2011-10-26,17.29,17.65,17.37,17.26,1406098.0,35518924.0
2011-10-25,17.01,17.59,17.47,16.83,571018.0,14276781.0
2011-10-24,16.57,17.00,16.96,16.35,570721.0,13821493.0
2011-10-21,16.90,16.97,16.66,16.57,256323.0,6205574.0
2011-10-20,17.24,17.25,16.79,16.57,651909.0,15882018.0
2011-10-19,17.26,17.64,17.28,17.25,202599.0,5106641.0
2011-10-18,17.65,17.65,17.31,17.30,600727.0,15162550.0
2011-10-17,17.77,18.00,17.66,17.59,565730.0,14608127.0
2011-10-14,17.90,17.95,17.73,17.46,354630.0,9085621.0
2011-10-13,17.39,18.00,17.86,17.26,875057.0,22640216.0
2011-10-12,16.81,17.52,17.50,16.55,829135.0,20542184.0
2011-10-11,16.97,17.24,16.81,16.55,509438.0,12587304.0
2011-10-10,17.17,17.30,16.72,16.69,416451.0,10184540.0
2011-09-30,16.87,17.12,17.10,16.79,988596.0,24301710.0
2011-09-29,17.35,17.52,16.90,16.83,1219938.0,30112778.0
2011-09-28,17.72,17.93,17.57,17.52,449780.0,11543562.0
2011-09-27,17.97,18.19,17.72,17.24,484883.0,12550388.0
2011-09-26,18.22,18.57,17.95,17.93,371629.0,9812252.0
2011-09-23,18.14,18.76,18.41,17.93,686528.0,18360078.0
2011-09-22,18.67,18.95,18.44,18.42,518800.0,14037765.0
2011-09-21,18.18,18.94,18.87,18.18,779177.0,21146980.0
2011-09-20,18.06,18.51,18.31,17.86,381699.0,10072613.0
2011-09-19,18.23,18.26,18.10,17.68,666527.0,17466114.0
2011-09-16,18.00,18.54,18.23,17.81,876682.0,23146400.0
2011-09-15,17.69,18.05,17.81,17.69,475805.0,12359224.0
2011-09-14,17.82,17.84,17.79,17.43,594261.0,15212411.0
2011-09-13,17.90,17.90,17.66,17.44,1099158.0,28028456.0
2011-09-09,18.28,18.54,18.11,17.93,336512.0,8836100.0
2011-09-08,18.52,18.61,18.19,18.00,514262.0,13579036.0
2011-09-07,17.59,18.61,18.27,17.48,1388254.0,36434376.0
2011-09-06,17.71,17.80,17.47,17.36,834596.0,21156436.0
2011-09-05,18.44,18.44,17.83,17.83,971064.0,25361774.0
2011-09-02,19.01,19.08,18.48,18.48,1065562.0,28870556.0
2011-09-01,19.05,19.39,19.00,18.97,861748.0,23911092.0
2011-08-31,19.31,19.33,18.99,18.94,1191878.0,33041756.0
2011-08-30,19.33,19.52,19.34,19.28,772624.0,21701668.0
2011-08-29,19.59,19.59,19.32,19.09,636087.0,17851084.0
2011-08-26,19.72,19.79,19.57,19.31,1094716.0,31075532.0
2011-08-25,19.72,19.86,19.72,19.55,1347253.0,38410488.0
2011-08-24,19.38,19.77,19.72,19.37,1297865.0,36971828.0
2011-08-23,18.84,19.44,19.33,18.84,649376.0,18092554.0
2011-08-22,19.45,19.82,19.10,19.04,1565127.0,44327180.0
2011-08-19,19.00,19.44,19.42,18.68,1442064.0,40204264.0
2011-08-18,19.86,19.96,19.37,19.34,1775830.0,50266776.0
2011-08-17,19.52,19.97,19.82,19.35,2161176.0,61680876.0
2011-08-16,20.00,20.18,19.64,19.45,2973536.0,84952304.0
2011-08-15,20.14,20.27,20.12,19.94,1807174.0,52714276.0
2011-08-12,20.69,20.69,20.15,20.15,2543710.0,75226536.0
2011-08-11,19.52,20.41,20.39,19.52,2515608.0,73491928.0
2011-08-10,20.21,20.68,20.07,19.91,2516363.0,73786672.0
2011-08-09,19.45,20.31,20.08,19.38,2441799.0,70434424.0
2011-08-08,20.41,20.90,20.07,19.61,3386536.0,99214568.0
2011-08-05,19.72,20.97,20.75,19.50,3732360.0,111298688.0
2011-08-04,20.68,21.28,20.38,20.28,2757543.0,82895960.0
2011-08-03,20.04,20.79,20.70,19.79,4201988.0,125460680.0
2011-08-02,19.70,20.30,20.20,19.38,2241953.0,64570568.0
2011-08-01,19.26,20.21,20.02,19.18,2836820.0,81980552.0
2011-07-29,19.64,19.66,19.31,19.17,1192237.0,33443646.0
2011-07-28,19.26,19.83,19.65,19.12,2145705.0,61051476.0
2011-07-27,18.83,19.51,19.45,18.52,2174640.0,60507744.0
2011-07-26,18.55,18.93,18.83,18.55,1169763.0,31872402.0
2011-07-25,19.30,19.30,18.65,18.56,2598964.0,70985632.0
2011-07-22,19.54,19.67,19.32,19.31,1741446.0,49218012.0
2011-07-21,19.59,19.95,19.57,19.15,2293973.0,65235392.0
2011-07-20,20.00,20.12,19.72,19.09,3763641.0,106309680.0
2011-07-19,19.93,20.34,20.00,19.52,4527207.0,131044984.0
2011-07-18,19.31,20.66,19.91,19.31,5241414.0,151896192.0
2011-07-15,18.50,19.24,19.02,18.49,3135380.0,85893896.0
2011-07-14,18.66,19.33,18.41,18.21,3640020.0,98631912.0
2011-07-13,17.60,18.72,18.67,17.59,3280424.0,86453640.0
2011-07-12,17.92,18.02,17.60,17.52,1636704.0,42062328.0
2011-07-11,17.90,18.11,18.02,17.72,1302225.0,33883220.0
2011-07-08,18.02,18.27,17.89,17.76,1250432.0,32550226.0
2011-07-07,18.27,18.60,18.12,18.07,2270916.0,60292924.0
2011-07-06,17.71,18.48,18.27,17.48,3685481.0,96570344.0
2011-07-05,17.59,17.81,17.73,17.26,2860931.0,73255544.0
2011-07-04,16.97,17.58,17.42,16.97,1631780.0,40866492.0
2011-07-01,16.97,17.24,16.96,16.92,1333227.0,32987926.0
2011-06-30,16.97,17.08,16.92,16.79,1461221.0,35831244.0
2011-06-29,17.19,17.44,16.92,16.85,1018289.0,25128890.0
2011-06-28,16.81,17.44,17.19,16.78,1678154.0,41605928.0
2011-06-27,16.79,17.17,16.81,16.68,934803.0,22905062.0
2011-06-24,16.23,16.88,16.73,16.14,1236946.0,29883308.0
2011-06-23,15.93,16.41,16.23,15.71,1690608.0,39315928.0
2011-06-22,16.33,16.48,15.96,15.69,1423298.0,32888124.0
2011-06-21,16.27,16.50,16.33,15.86,611493.0,14405768.0
2011-06-20,16.42,16.42,16.10,15.87,1025813.0,23981344.0
2011-06-17,16.90,17.04,16.48,16.48,633412.0,15308006.0
2011-06-16,17.39,17.60,16.90,16.90,770158.0,19138398.0
2011-06-15,17.50,17.77,17.50,17.39,723449.0,18483692.0
2011-06-14,17.24,17.72,17.52,17.11,759378.0,19352644.0
2011-06-13,16.97,17.44,17.24,16.77,1061346.0,26542132.0
2011-06-10,17.24,17.36,16.97,16.67,813507.0,19900652.0
2011-06-09,17.97,17.97,17.30,17.24,993291.0,25226610.0
2011-06-08,17.86,18.08,17.97,17.46,962611.0,24889726.0
2011-06-07,17.46,18.08,17.92,17.28,1319259.0,34201356.0
2011-06-03,16.55,17.60,17.46,16.55,1611772.0,40631128.0
2011-06-02,16.52,16.83,16.59,16.33,648248.0,15561714.0
2011-06-01,16.26,16.90,16.75,16.12,691887.0,16747148.0
2011-05-31,16.00,16.31,16.26,15.90,543373.0,12703003.0
2011-05-30,16.01,16.41,15.90,15.66,886671.0,20529196.0
2011-05-27,16.97,17.17,16.26,15.83,2071919.0,48625632.0
2011-05-26,17.07,17.36,16.97,16.91,491781.0,19508486.0
2011-05-25,17.59,17.85,17.05,16.81,1222640.0,48483612.0
2011-05-24,17.66,17.89,17.54,17.22,840901.0,33925416.0
2011-05-23,18.23,18.51,17.66,17.66,940216.0,39117224.0
2011-05-20,18.39,18.46,18.22,18.12,594611.0,25246530.0
2011-05-19,18.48,18.48,18.32,18.24,519108.0,22106692.0
2011-05-18,18.26,18.51,18.37,18.23,517488.0,22041028.0
2011-05-17,18.24,18.34,18.22,17.94,784516.0,33057468.0
2011-05-16,18.36,18.88,18.23,18.22,1304412.0,56215092.0
2011-05-13,19.18,19.35,18.45,18.32,2520812.0,109527952.0
2011-05-12,18.98,19.68,19.35,18.82,1677306.0,75342336.0
2011-05-11,18.52,19.39,19.13,18.45,1984176.0,87299432.0
2011-05-10,18.54,18.66,18.53,18.15,971980.0,41617884.0
2011-05-09,18.42,18.88,18.47,18.11,1442575.0,62266632.0
2011-05-05,17.76,18.26,18.06,17.76,614890.0,25813980.0
2011-05-04,18.07,18.49,18.05,17.73,742962.0,31195970.0
2011-05-03,17.46,18.19,18.10,17.25,914678.0,37999876.0
2011-04-29,17.16,17.59,17.39,17.16,379800.0,15282502.0
2011-04-28,17.66,18.19,17.25,17.16,1222953.0,50387196.0
2011-04-27,17.67,17.93,17.65,17.46,673960.0,27699562.0
2011-04-26,18.48,18.48,17.80,17.76,1109799.0,46665888.0
2011-04-25,18.02,18.94,18.54,17.89,2484844.0,106909856.0
2011-04-22,17.76,18.02,17.85,17.63,619772.0,25695970.0
2011-04-21,18.07,18.07,17.77,17.75,827705.0,34403016.0
2011-04-20,17.57,17.95,17.88,17.41,906099.0,37240120.0
2011-04-19,17.62,17.63,17.57,17.24,1248975.0,50673664.0
2011-04-18,17.15,17.70,17.57,16.98,866671.0,35095340.0
2011-04-15,17.82,17.82,17.22,17.11,1396120.0,56015184.0
2011-04-14,18.17,18.17,17.82,17.65,1371789.0,56650928.0
2011-04-13,18.21,18.54,18.19,17.95,1352993.0,57457992.0
2011-04-12,17.87,18.32,18.26,17.55,1443900.0,60141484.0
2011-04-11,18.21,18.75,17.86,17.80,1639191.0,69116632.0
2011-04-08,17.28,18.96,18.19,17.24,3241552.0,137408592.0
2011-04-07,16.63,17.35,17.32,16.38,2045826.0,81371840.0
2011-04-06,16.27,16.56,16.49,15.90,1109177.0,41759064.0
2011-04-01,16.51,16.63,16.25,16.08,746186.0,28214136.0
2011-03-31,16.11,16.57,16.42,16.10,1087703.0,41421392.0
2011-03-30,15.78,16.12,16.01,15.59,733514.0,27150086.0
2011-03-29,16.66,16.66,15.78,15.78,1610785.0,59920356.0
2011-03-28,16.76,16.92,16.61,16.60,950902.0,36979820.0
2011-03-25,16.72,16.85,16.76,16.69,761121.0,29599326.0
2011-03-24,16.49,16.92,16.72,16.49,1323549.0,51318420.0
2011-03-23,16.40,16.64,16.48,16.38,1029912.0,39364572.0
2011-03-22,16.75,16.79,16.44,16.38,694287.0,26510310.0
2011-03-21,16.64,16.76,16.61,16.60,425192.0,16443175.0
2011-03-18,16.64,16.91,16.55,16.46,748175.0,28906368.0
2011-03-17,17.38,17.38,16.54,16.48,1357199.0,52941828.0
2011-03-16,17.37,17.41,17.35,17.16,569884.0,22857422.0
2011-03-15,17.63,17.84,17.40,16.85,1507594.0,60308508.0
2011-03-14,17.16,17.67,17.64,17.11,1153900.0,46870352.0
2011-03-11,17.62,17.65,17.31,17.19,1080881.0,43721056.0
2011-03-10,17.25,17.78,17.61,17.24,1606086.0,65351164.0
2011-03-09,17.11,17.38,17.20,17.11,999774.0,39977960.0
2011-03-08,16.95,17.11,17.07,16.77,1019837.0,40064096.0
2011-03-07,16.77,17.41,16.97,16.69,2178604.0,85347848.0
2011-03-04,17.12,17.24,16.75,16.57,1482895.0,57665336.0
2011-03-03,17.90,18.05,17.11,17.10,1664807.0,67238336.0
2011-03-02,17.85,18.21,18.04,17.72,1003095.0,41722584.0
2011-03-01,18.20,18.20,17.80,17.80,1130259.0,47073644.0
2011-02-28,18.15,18.22,18.16,17.89,669733.0,28126780.0
2011-02-25,18.28,18.39,18.02,17.97,504071.0,21173018.0
2011-02-24,18.27,18.38,18.15,18.09,718238.0,30354360.0
2011-02-23,18.54,18.54,18.27,18.06,631076.0,26719466.0
2011-02-22,18.58,18.75,18.54,18.13,904524.0,38853104.0
2011-02-21,18.23,18.45,18.42,18.11,885964.0,37589364.0
2011-02-18,18.41,18.54,18.23,18.19,857830.0,36510668.0
2011-02-17,18.36,18.60,18.41,18.25,1319282.0,56509564.0
2011-02-16,18.28,18.58,18.37,18.23,1192141.0,50885184.0
2011-02-15,18.77,19.05,18.36,18.36,2139006.0,92056784.0
2011-02-14,18.15,18.88,18.71,18.15,1156025.0,50275400.0
2011-02-11,17.80,18.54,18.10,17.68,1335251.0,56391824.0
2011-02-10,16.81,17.90,17.72,16.81,1115466.0,45271504.0
2011-02-09,16.63,17.14,16.81,16.60,829650.0,32593014.0
2011-02-01,16.72,16.97,16.88,16.72,658447.0,25785366.0
2011-01-31,16.91,17.03,16.77,16.57,871882.0,33805504.0
2011-01-28,17.05,17.11,16.98,16.68,588533.0,23046738.0
2011-01-27,16.34,16.98,16.98,15.98,1608003.0,62629568.0
2011-01-26,15.52,16.94,16.38,15.31,2267244.0,85386152.0
2011-01-25,15.54,15.78,15.77,14.48,2606666.0,92002280.0
2011-01-24,16.64,16.81,15.52,15.47,2416607.0,89178936.0
2011-01-21,16.39,16.95,16.85,15.78,1832335.0,69071736.0
2011-01-20,17.93,17.93,16.68,16.54,1296457.0,51930896.0
2011-01-19,17.57,17.97,17.93,17.13,1471885.0,59849360.0
2011-01-18,17.46,18.02,17.56,17.45,696520.0,28494726.0
2011-01-17,18.44,18.44,17.89,17.37,826892.0,34129468.0
2011-01-14,18.63,18.79,18.41,18.19,694333.0,29696274.0
2011-01-13,19.51,19.51,18.72,18.54,1125981.0,49355432.0
2011-01-12,20.04,20.04,19.31,19.19,663047.0,29886454.0
2011-01-11,19.80,20.04,19.81,19.57,353077.0,16213975.0
2011-01-10,20.28,20.34,19.81,19.79,527998.0,24537088.0
2011-01-07,20.80,20.80,20.22,20.22,782220.0,36852120.0
2011-01-05,21.41,21.46,20.92,20.86,561539.0,27589448.0
2011-01-04,21.64,21.69,21.41,21.29,748138.0,37187752.0
