date,open,high,close,low,volume,amount
2015-11-27,19.88,20.05,18.27,17.79,8889385.0,169704736.0
2015-11-26,19.75,20.38,19.77,19.52,8533759.0,169850496.0
2015-11-25,19.33,19.80,19.73,19.16,7290459.0,142440016.0
2015-11-24,19.06,19.29,19.26,18.61,5978277.0,113207856.0
2015-11-23,19.19,19.40,19.14,18.89,7420504.0,142030768.0
2015-11-20,19.37,19.55,19.19,18.75,9838514.0,188022736.0
2015-11-19,18.65,19.50,19.49,18.65,13063268.0,250481264.0
2015-11-18,18.09,18.75,18.55,18.02,12212820.0,224990048.0
2015-11-17,18.40,18.76,18.14,17.96,9937156.0,183149520.0
2015-11-16,17.55,18.30,18.22,17.38,4983238.0,89140336.0
2015-11-13,18.10,18.28,17.93,17.81,6194234.0,111789936.0
2015-11-12,18.64,18.95,18.32,17.95,9462226.0,173317360.0
2015-11-11,18.25,18.77,18.73,18.11,6878616.0,127492600.0
2015-11-10,17.80,18.90,18.31,17.77,10556088.0,194483840.0
2015-11-09,17.83,18.17,18.02,17.25,11321558.0,200933968.0
2015-11-06,17.40,18.00,17.83,17.40,7453182.0,132317432.0
2015-11-05,17.73,17.76,17.42,17.21,8363482.0,146454512.0
2015-11-04,16.69,17.76,17.75,16.69,10308217.0,178908768.0
2015-11-03,16.79,16.97,16.73,16.55,4660030.0,78079040.0
2015-11-02,16.60,17.24,16.73,16.52,5813363.0,98177024.0
2015-10-30,17.00,17.44,17.02,16.51,6983681.0,118777456.0
2015-10-29,17.00,17.18,16.93,16.60,6188492.0,104854864.0
2015-10-28,17.20,17.70,16.88,16.81,8920230.0,154639920.0
2015-10-27,17.15,17.48,17.40,16.32,10674452.0,181198912.0
2015-10-26,17.48,17.79,17.48,17.01,16639920.0,289213216.0
2015-10-23,16.47,17.55,17.05,16.47,15090866.0,255407056.0
2015-10-22,15.40,16.24,16.10,15.25,8830394.0,139977056.0
2015-10-21,16.95,17.47,15.45,15.10,12304201.0,203963648.0
2015-10-20,16.16,16.86,16.76,16.16,8335527.0,138489936.0
2015-10-19,16.40,16.58,16.35,16.01,7958309.0,129838432.0
2015-10-16,16.35,16.51,16.40,15.90,9607413.0,156182656.0
2015-10-15,15.59,16.41,16.41,15.59,9269524.0,149265136.0
2015-10-14,16.22,16.40,15.70,15.65,8577243.0,137307504.0
2015-10-13,15.91,16.50,16.28,15.80,9353112.0,151440464.0
2015-10-12,15.59,16.34,16.08,15.46,10390278.0,165676128.0
2015-10-09,15.25,15.50,15.45,15.11,8673056.0,132851504.0
2015-10-08,15.16,15.49,15.30,14.88,10120934.0,154156880.0
2015-09-30,15.09,15.25,14.60,14.47,8522629.0,125712144.0
2015-09-29,14.71,15.75,15.09,14.60,14105941.0,213823696.0
2015-09-28,15.20,15.33,15.26,14.58,16569932.0,249835296.0
2015-09-25,15.30,15.30,15.30,15.21,18870156.0,288655968.0
2015-09-24,13.70,14.07,13.91,13.63,4435597.0,61469140.0
2015-09-23,13.67,13.88,13.60,13.49,4944173.0,67556048.0
2015-09-22,13.96,14.28,13.92,13.67,8508905.0,118780064.0
2015-09-21,13.02,14.18,14.05,12.99,7128156.0,97400064.0
2015-09-18,13.19,13.58,13.31,12.90,6321047.0,83645856.0
2015-09-17,13.12,13.95,13.00,13.00,8200233.0,110874496.0
2015-09-16,12.11,13.31,13.30,12.04,6673953.0,84445800.0
2015-09-15,12.44,12.96,12.10,11.88,7552647.0,92697888.0
2015-09-14,15.00,15.08,13.20,13.20,10195904.0,146331296.0
2015-09-11,14.00,14.67,14.67,13.70,6039179.0,87253768.0
2015-09-10,13.42,13.60,13.34,13.13,4230920.0,56805124.0
2015-09-09,13.05,13.67,13.63,12.91,7098320.0,95097216.0
2015-09-08,11.85,12.99,12.90,11.80,4426457.0,54355012.0
2015-09-07,12.01,12.50,11.95,11.00,4992583.0,60655920.0
2015-09-02,11.85,12.94,11.72,11.50,5461495.0,66318488.0
2015-09-01,13.86,13.86,12.47,12.47,6699744.0,86493736.0
2015-08-31,14.79,14.90,13.86,13.82,5679502.0,81387128.0
2015-08-28,14.46,15.08,15.03,14.00,8555841.0,123697168.0
2015-08-27,13.88,14.29,13.97,12.50,8176229.0,111387056.0
2015-08-26,14.49,15.15,13.50,13.06,9552412.0,135855696.0
2015-08-25,14.28,14.99,14.28,14.28,6961251.0,100312432.0
2015-08-24,16.50,16.67,15.87,15.87,5917451.0,94691312.0
2015-08-21,18.90,18.98,17.63,17.50,9666304.0,177724208.0
2015-08-20,18.59,19.99,19.30,18.05,12828365.0,246092192.0
2015-08-19,17.60,19.60,19.05,16.87,12165453.0,218242368.0
2015-08-18,20.70,20.82,18.72,18.72,12397924.0,243467824.0
2015-08-17,19.68,21.00,20.80,19.44,12246990.0,247968688.0
2015-08-14,19.28,20.22,19.50,19.23,11669837.0,230528352.0
2015-08-13,18.37,19.16,19.13,18.15,8494147.0,158905040.0
2015-08-12,18.56,19.15,18.35,18.28,6688030.0,125557344.0
2015-08-11,18.95,19.45,18.99,18.64,11384559.0,216458912.0
2015-08-10,18.02,19.38,19.16,17.78,15454123.0,288900160.0
2015-08-07,16.52,17.88,17.88,16.52,10571238.0,182325440.0
2015-08-06,16.01,16.76,16.44,15.80,5642682.0,92469544.0
2015-08-05,16.47,17.00,16.46,16.00,10466671.0,173793200.0
2015-08-04,14.78,16.24,16.24,14.78,8808297.0,137991696.0
2015-08-03,15.60,15.94,14.76,14.54,9056178.0,136592384.0
2015-07-31,16.40,16.93,16.15,15.80,12927597.0,211881344.0
2015-07-30,17.68,18.34,17.08,16.87,8231360.0,146424560.0
2015-07-29,16.85,17.70,17.67,15.93,8800485.0,145969792.0
2015-07-28,16.00,17.44,16.20,15.71,10241441.0,166409824.0
2015-07-27,18.80,19.78,17.46,17.46,10584568.0,197698384.0
2015-07-24,20.30,20.49,19.40,19.18,12501013.0,250398176.0
2015-07-23,19.09,20.00,19.80,19.01,10637872.0,208500896.0
2015-07-22,19.15,19.34,19.19,18.40,10545893.0,199243824.0
2015-07-21,17.60,19.68,19.28,17.11,11948836.0,222736368.0
2015-07-20,17.95,18.53,17.95,17.55,10198001.0,183462848.0
2015-07-17,16.58,18.09,17.72,16.58,9986977.0,173930624.0
2015-07-16,15.60,17.55,16.70,15.09,10804980.0,177809152.0
2015-07-15,17.89,18.17,16.77,16.77,7847090.0,135545040.0
2015-07-14,18.44,19.91,18.62,17.64,17166558.0,322968096.0
2015-07-13,16.84,18.25,18.25,16.84,15955582.0,284650976.0
2015-07-10,15.94,16.59,16.59,15.52,5195255.0,85181576.0
2015-07-09,12.95,15.09,15.09,12.95,11419525.0,166395056.0
2015-07-08,13.71,13.71,13.71,13.71,22354700.0,307600672.0
2015-07-07,15.81,15.84,15.24,15.24,3556000.0,54585960.0
2015-07-06,20.70,20.70,16.93,16.93,17435050.0,318415744.0
2015-07-03,17.94,19.28,18.81,17.09,14123392.0,256359296.0
2015-07-02,18.39,19.12,18.99,17.09,20710260.0,372756352.0
2015-07-01,20.18,21.27,18.99,18.12,13064474.0,266950944.0
2015-06-30,18.96,20.69,20.13,17.72,16316936.0,317242080.0
2015-06-29,22.42,22.80,19.69,19.69,7929421.0,163203984.0
2015-06-26,23.47,23.47,21.88,21.88,8242080.0,185476800.0
2015-06-25,26.63,26.84,24.31,24.01,7169864.0,184754560.0
2015-06-24,26.59,27.40,26.60,25.41,13742081.0,363266688.0
2015-06-23,26.16,26.60,26.06,23.91,6442832.0,163813840.0
2015-06-19,28.45,28.49,26.26,26.25,5911884.0,163189616.0
2015-06-18,30.64,31.69,29.17,28.87,7901651.0,241095632.0
2015-06-17,30.39,30.83,30.23,28.43,7013723.0,208051360.0
2015-06-16,31.89,32.66,29.79,29.70,9066466.0,278733888.0
2015-06-15,31.97,34.48,32.88,31.96,10343327.0,345010880.0
2015-06-12,30.19,32.66,31.53,29.99,9771517.0,310653472.0
2015-06-11,30.31,30.51,30.32,29.39,6430486.0,192988960.0
2015-06-10,29.79,30.84,30.31,28.90,7757182.0,233659424.0
2015-06-09,30.88,30.88,29.79,28.60,9122280.0,270985120.0
2015-06-08,29.95,32.21,30.88,29.95,10988737.0,342055200.0
2015-06-05,29.70,30.44,29.80,28.80,9823981.0,294252288.0
2015-06-04,30.82,30.97,29.45,27.98,12702461.0,371852000.0
2015-06-03,31.53,31.98,31.09,30.09,11532521.0,358088448.0
2015-06-02,30.31,32.86,32.21,30.04,14356333.0,454988736.0
2015-06-01,30.41,32.56,30.99,29.10,18401652.0,570161600.0
2015-05-29,26.95,29.70,29.70,24.69,24957530.0,708746624.0
2015-05-28,26.49,27.90,27.00,26.49,18170038.0,505954176.0
2015-05-27,23.14,25.36,25.36,22.86,13326289.0,323893056.0
2015-05-26,21.58,23.41,23.06,21.42,12278234.0,274954656.0
2015-05-25,21.12,21.71,21.59,20.94,7262204.0,156063904.0
2015-05-22,21.92,22.23,21.49,20.53,8994658.0,193217584.0
2015-05-21,21.58,22.17,21.81,21.32,7132513.0,155806976.0
2015-05-20,20.86,22.22,21.32,20.63,9442268.0,204583584.0
2015-05-19,20.13,20.88,20.85,19.60,9790712.0,199543616.0
2015-05-18,18.94,20.77,20.16,18.94,11984131.0,241338624.0
2015-05-15,18.73,19.43,19.19,18.23,8173680.0,153635040.0
2015-05-14,18.73,19.31,18.94,18.57,7940110.0,151590336.0
2015-05-13,18.04,18.98,18.95,17.52,11166347.0,206414896.0
2015-05-12,17.93,18.73,18.20,17.93,8624559.0,158112016.0
2015-05-11,17.49,17.94,17.92,17.25,8750340.0,155791120.0
2015-05-08,16.53,17.06,17.05,16.51,4753060.0,79970512.0
2015-05-07,16.74,16.74,16.32,16.14,3589563.0,58952228.0
2015-05-06,17.20,17.70,16.87,16.79,5081390.0,88647616.0
2015-05-05,17.45,17.61,17.13,17.03,4627675.0,80371128.0
2015-05-04,17.00,17.64,17.46,16.74,6497057.0,112281408.0
2015-04-30,16.97,17.23,17.00,16.94,4329660.0,74172384.0
2015-04-29,16.67,17.04,16.96,16.44,5115382.0,86546624.0
2015-04-28,17.72,17.72,16.68,16.49,8674702.0,148532464.0
2015-04-27,17.67,18.05,17.72,17.59,7444185.0,132996832.0
2015-04-24,17.71,17.71,17.67,17.27,6404194.0,112894824.0
2015-04-23,18.04,18.18,17.99,17.64,11744975.0,210716480.0
2015-04-22,17.75,18.70,18.33,17.75,7448342.0,136906640.0
2015-04-21,16.99,17.74,17.74,16.87,6038972.0,104717888.0
2015-04-20,17.40,17.48,16.94,16.85,6880032.0,118067448.0
2015-04-17,18.16,18.20,17.58,17.44,6808841.0,120982208.0
2015-04-16,17.69,18.32,17.86,17.35,6200525.0,110935408.0
2015-04-15,19.42,19.42,18.04,17.94,7925593.0,148904944.0
2015-04-14,19.46,19.63,19.53,18.71,7659503.0,147391248.0
2015-04-13,18.53,19.67,19.42,18.36,9373432.0,179346880.0
2015-04-10,17.63,18.48,18.43,17.54,7661479.0,139006032.0
2015-04-09,17.84,18.08,17.54,16.95,7923947.0,138570496.0
2015-04-08,18.73,18.87,18.07,17.36,8610817.0,157166048.0
2015-04-07,18.31,19.02,18.73,18.09,6951259.0,130520600.0
2015-04-03,17.74,18.51,18.32,17.56,8725020.0,159434208.0
2015-04-02,17.72,18.27,17.82,17.52,10267668.0,184539040.0
2015-04-01,16.64,17.80,17.50,16.64,8668800.0,150644032.0
2015-03-31,16.17,16.93,16.60,16.10,8710693.0,144060048.0
2015-03-30,15.98,16.32,16.16,15.89,6072958.0,98526992.0
2015-03-27,15.86,16.10,15.95,15.77,6909583.0,110443784.0
2015-03-26,16.49,16.49,16.19,15.84,7066903.0,114916856.0
2015-03-25,15.73,16.59,16.51,15.56,9837967.0,159256688.0
2015-03-24,16.17,16.22,15.74,15.30,8304819.0,131561032.0
2015-03-23,16.14,16.34,16.24,15.86,6718313.0,108250824.0
2015-03-20,15.66,15.93,15.86,15.56,5760988.0,91088288.0
2015-03-19,15.45,15.75,15.71,15.28,5989508.0,93242864.0
2015-03-18,14.82,15.44,15.41,14.80,7285763.0,111756784.0
2015-03-17,14.85,15.14,14.86,14.73,7005514.0,105242344.0
2015-03-16,14.54,14.89,14.80,14.52,6197373.0,91649080.0
2015-03-13,14.25,14.49,14.42,14.25,2943365.0,42443764.0
2015-03-12,14.38,14.53,14.23,14.16,3392513.0,48778440.0
2015-03-11,14.67,14.70,14.33,14.29,3312827.0,47988424.0
2015-03-10,14.49,14.84,14.64,14.49,4632965.0,68268912.0
2015-03-09,14.37,14.55,14.49,14.15,3392035.0,48986184.0
2015-03-06,14.64,14.67,14.39,14.27,6202813.0,89788912.0
2015-03-05,14.10,14.76,14.63,14.10,11002499.0,160036112.0
2015-03-04,13.83,14.23,14.10,13.82,6161602.0,86838656.0
2015-03-03,14.18,14.18,13.82,13.82,7512336.0,105633384.0
2015-03-02,14.04,14.33,14.28,13.92,6456730.0,91691560.0
2015-02-27,14.05,14.23,14.05,13.82,6568139.0,91852760.0
2015-02-26,14.18,14.38,14.16,14.00,2959809.0,41944116.0
2015-02-25,14.43,14.45,14.32,14.06,3093925.0,44262012.0
2015-02-17,13.90,14.44,14.41,13.70,6009263.0,85016712.0
2015-02-16,13.63,13.86,13.86,13.55,3585596.0,49515400.0
2015-02-13,13.84,13.89,13.66,13.64,4144353.0,57177300.0
2015-02-12,13.22,13.70,13.64,13.18,6350838.0,86478784.0
2015-02-11,12.81,13.28,13.21,12.71,2916893.0,38245224.0
2015-02-10,12.81,12.90,12.75,12.59,2234892.0,28453682.0
2015-02-09,12.87,12.93,12.75,12.63,1788519.0,22889002.0
2015-02-06,13.13,13.19,12.81,12.64,2546023.0,33095052.0
2015-02-05,13.42,13.49,13.16,13.13,3578724.0,47798432.0
2015-02-04,13.51,13.64,13.36,13.24,3321476.0,44552848.0
2015-02-03,13.02,13.63,13.47,13.02,4043796.0,54430648.0
2015-02-02,12.94,13.20,13.02,12.86,2142623.0,28130504.0
2015-01-30,13.10,13.27,13.11,12.85,3073145.0,40472220.0
2015-01-29,13.40,13.54,13.05,12.98,4857770.0,64301432.0
2015-01-28,13.52,13.65,13.45,13.39,2423309.0,32930174.0
2015-01-27,13.70,13.76,13.53,13.27,3910267.0,53165676.0
2015-01-26,13.28,13.83,13.70,13.26,4878653.0,66688080.0
2015-01-23,13.36,13.55,13.31,13.24,4339412.0,58173356.0
2015-01-22,13.25,13.42,13.29,13.18,4405419.0,58911456.0
2015-01-21,13.34,13.65,13.32,13.11,7855539.0,104859664.0
2015-01-20,12.40,13.33,13.32,12.40,8402908.0,109348744.0
2015-01-19,12.31,12.82,12.37,12.14,4473558.0,56459104.0
2015-01-16,12.38,12.54,12.54,12.27,2837497.0,35390464.0
2015-01-15,12.23,12.45,12.41,12.16,2713479.0,33581568.0
2015-01-14,12.16,12.36,12.23,12.08,2813431.0,34530044.0
2015-01-13,11.76,12.21,12.19,11.76,1948062.0,23450810.0
2015-01-12,12.00,12.03,11.80,11.73,2141925.0,25382574.0
2015-01-09,12.06,12.22,12.02,11.99,2665919.0,32414712.0
2015-01-08,12.20,12.30,12.06,12.03,2684825.0,32759878.0
2015-01-07,12.47,12.47,12.20,12.16,2638107.0,32481116.0
2015-01-06,12.25,12.51,12.47,12.09,4565880.0,56405644.0
2015-01-05,11.98,12.25,12.22,11.82,1841281.0,22302258.0
2014-12-31,11.84,12.04,12.02,11.74,1681285.0,20070768.0
2014-12-30,12.05,12.28,11.95,11.79,1926987.0,23175274.0
2014-12-29,12.51,12.52,12.15,12.08,2191616.0,26878476.0
2014-12-26,12.42,12.56,12.55,12.36,1418877.0,17704988.0
2014-12-25,12.43,12.58,12.41,12.32,1554534.0,19392034.0
2014-12-24,12.10,12.44,12.42,12.04,2192291.0,27030000.0
2014-12-23,11.91,12.36,11.99,11.87,1747434.0,21154744.0
2014-12-22,12.61,12.70,12.05,11.59,3851607.0,46197896.0
2014-12-19,13.12,13.15,12.71,12.61,2764455.0,35375696.0
2014-12-18,13.10,13.30,13.11,13.07,1830058.0,24226634.0
2014-12-17,13.55,13.55,13.15,13.07,2612327.0,34793888.0
2014-12-16,13.63,13.72,13.63,13.46,2723776.0,37158056.0
2014-12-15,13.50,13.75,13.70,13.34,4067373.0,55304680.0
2014-12-12,13.36,13.60,13.53,13.36,2601080.0,35182528.0
2014-12-11,13.13,13.37,13.35,13.04,2382999.0,31709270.0
2014-12-10,12.63,13.21,13.18,12.61,2931976.0,38147032.0
2014-12-09,13.30,13.34,12.64,12.61,5613545.0,73543520.0
2014-12-08,13.69,13.75,13.42,13.06,6334987.0,85635392.0
2014-12-05,14.55,14.56,13.78,13.46,6269307.0,87722160.0
2014-12-04,14.28,14.82,14.54,14.18,7082902.0,103470320.0
2014-12-03,14.09,14.28,14.25,13.70,4196256.0,58692444.0
2014-12-02,13.85,14.20,14.05,13.80,2757243.0,38957952.0
2014-12-01,14.25,14.27,13.95,13.78,4509904.0,63315932.0
2014-11-28,14.82,14.82,14.32,14.05,7486630.0,107321592.0
2014-11-27,14.66,14.79,14.69,14.46,4489704.0,65797960.0
2014-11-26,14.30,14.77,14.64,14.30,4853909.0,70598616.0
2014-11-25,13.90,14.30,14.29,13.87,2681520.0,38144968.0
2014-11-24,14.14,14.15,14.01,13.91,2418714.0,33975032.0
2014-11-21,13.86,13.97,13.94,13.74,1824415.0,25380876.0
2014-11-20,13.91,13.91,13.78,13.73,1737852.0,24046160.0
2014-11-19,13.88,14.04,13.93,13.81,2227406.0,31104434.0
2014-11-18,13.81,13.92,13.80,13.64,1903534.0,26293628.0
2014-11-17,13.49,13.93,13.79,13.36,3173113.0,43787200.0
2014-11-14,13.39,13.40,13.36,13.10,2614691.0,34754764.0
2014-11-13,13.95,14.04,13.40,13.29,4235234.0,57650520.0
2014-11-12,13.85,14.12,14.10,13.78,2376552.0,33199516.0
2014-11-11,14.90,14.93,13.86,13.74,5342598.0,75819424.0
2014-11-10,14.75,15.05,14.87,14.74,2438885.0,36368272.0
2014-11-07,14.75,15.08,14.76,14.64,6255916.0,93645816.0
2014-11-06,14.48,14.73,14.73,14.36,2241103.0,32776094.0
2014-11-05,14.63,14.69,14.49,14.30,2758111.0,39911312.0
2014-11-04,14.80,14.83,14.65,14.60,2269126.0,33430126.0
2014-11-03,14.69,14.79,14.79,14.48,3072683.0,45224192.0
2014-10-31,14.89,14.96,14.66,14.38,3824049.0,56096592.0
2014-10-30,14.94,15.08,14.86,14.70,3937312.0,58879828.0
2014-10-29,14.95,15.08,14.95,14.76,5086839.0,76174792.0
2014-10-28,14.54,15.00,14.87,14.40,3977687.0,59007568.0
2014-10-27,14.05,14.53,14.53,13.96,3120033.0,44658952.0
2014-10-24,13.99,14.23,14.14,13.90,2610569.0,36843344.0
2014-10-23,14.13,14.33,13.99,13.73,3799480.0,53426160.0
2014-10-22,14.70,14.75,14.16,14.11,4241792.0,61296096.0
2014-10-21,15.15,15.19,14.68,14.44,5430036.0,80530560.0
2014-10-20,14.85,15.31,15.21,14.75,4550298.0,69025424.0
2014-10-17,14.68,15.05,14.91,14.40,7945766.0,117195176.0
2014-10-16,15.54,15.90,14.67,14.66,12978291.0,198292128.0
2014-10-15,15.38,16.54,15.68,15.35,14272318.0,228010944.0
2014-10-14,14.81,16.31,15.55,14.68,15887381.0,250480144.0
2014-10-13,14.25,14.84,14.83,14.05,5283422.0,76469776.0
2014-10-10,13.91,14.78,14.37,13.81,8403050.0,121504344.0
2014-10-09,13.76,14.05,14.04,13.56,5293775.0,73573064.0
2014-10-08,13.71,13.79,13.76,13.46,3791386.0,51890696.0
2014-09-30,13.52,13.75,13.67,13.50,3308782.0,45215152.0
2014-09-29,13.09,13.59,13.53,13.08,4567992.0,61164624.0
2014-09-26,12.97,13.20,13.04,12.93,2800056.0,36716752.0
2014-09-25,12.90,13.38,13.04,12.88,5883562.0,77634720.0
2014-09-24,12.65,12.91,12.85,12.58,3066975.0,39422044.0
2014-09-23,12.59,12.76,12.73,12.54,3506714.0,44557212.0
2014-09-22,13.19,13.24,12.61,12.41,6597812.0,83842160.0
2014-09-19,12.86,13.21,13.19,12.81,3322448.0,43621128.0
2014-09-18,12.66,12.89,12.86,12.53,3042875.0,38982728.0
2014-09-17,12.62,12.81,12.70,12.34,4029048.0,50963396.0
2014-09-16,13.31,13.50,12.59,12.56,7510955.0,98699552.0
2014-09-15,13.00,13.35,13.33,12.85,4441376.0,58394120.0
2014-09-12,12.72,13.12,12.99,12.58,3825973.0,49647752.0
2014-09-11,12.78,13.25,12.71,12.48,6423155.0,83088904.0
2014-09-10,12.24,12.95,12.77,12.12,6418405.0,80807376.0
2014-09-09,12.33,12.33,12.26,12.13,3216065.0,39411332.0
2014-09-05,12.11,12.34,12.29,11.91,5141148.0,62496648.0
2014-09-04,12.06,12.34,12.11,12.04,3806520.0,46519168.0
2014-09-03,12.25,12.25,12.11,12.01,4400014.0,53464784.0
2014-09-02,12.21,12.28,12.26,11.99,3846872.0,46962464.0
2014-09-01,11.73,12.30,12.16,11.69,3790192.0,45925024.0
2014-08-29,11.76,11.88,11.74,11.51,2605131.0,30504874.0
2014-08-28,11.81,12.07,11.83,11.63,4724249.0,56189016.0
2014-08-27,11.13,12.16,11.91,11.11,7577775.0,88705112.0
2014-08-26,11.51,11.65,11.13,11.06,4411736.0,50204736.0
2014-08-25,11.35,11.68,11.54,11.31,3741829.0,43171584.0
2014-08-22,10.91,11.46,11.37,10.88,6039908.0,68089520.0
2014-08-21,10.91,10.95,10.87,10.72,2994591.0,32530374.0
2014-08-20,11.07,11.09,10.92,10.88,3034663.0,33363754.0
2014-08-19,10.99,11.21,11.03,10.91,3004827.0,33358052.0
2014-08-18,11.03,11.26,10.99,10.86,3682758.0,40793812.0
2014-08-15,10.69,11.00,10.94,10.68,2562735.0,27936922.0
2014-08-14,10.59,11.02,10.71,10.52,5369673.0,58432144.0
2014-08-13,10.52,10.71,10.58,10.48,3163664.0,33693804.0
2014-08-12,10.56,10.61,10.52,10.50,1605129.0,16988742.0
2014-08-11,10.44,10.64,10.59,10.44,3319943.0,35291644.0
2014-08-08,10.31,10.43,10.42,10.25,2904689.0,30171028.0
2014-08-07,10.39,10.53,10.31,10.28,2679693.0,27994924.0
2014-08-06,10.50,10.55,10.43,10.32,3160577.0,33010224.0
2014-08-05,10.48,10.67,10.56,10.38,3580615.0,37831244.0
2014-08-04,10.37,10.54,10.52,10.36,2989476.0,31393968.0
2014-08-01,10.31,10.46,10.36,10.22,4685063.0,48832632.0
2014-07-31,10.28,10.42,10.31,10.22,2823879.0,29254492.0
2014-07-30,10.15,10.37,10.32,10.12,3969390.0,40808692.0
2014-07-29,9.93,10.34,10.24,9.90,6316221.0,64198228.0
2014-07-28,9.74,10.00,9.93,9.74,2625123.0,26105418.0
2014-07-25,9.63,9.77,9.72,9.60,1721977.0,16735421.0
2014-07-24,9.74,9.79,9.64,9.54,3112320.0,30014536.0
2014-07-23,9.93,9.96,9.76,9.67,1916710.0,18887258.0
2014-07-22,9.79,10.00,9.96,9.77,2360778.0,23500320.0
2014-07-21,9.94,10.04,9.84,9.77,2095349.0,20694054.0
2014-07-18,9.96,10.04,9.91,9.87,2910865.0,29110884.0
2014-07-17,9.80,10.09,9.99,9.79,3496555.0,34972280.0
2014-07-16,9.92,9.99,9.80,9.77,2425146.0,23997434.0
2014-07-15,9.99,10.07,9.89,9.84,3503883.0,34899452.0
2014-07-14,9.67,10.13,9.99,9.65,7358135.0,73315680.0
2014-07-11,9.50,9.80,9.69,9.49,3225107.0,31379136.0
2014-07-10,9.47,9.61,9.52,9.47,1945343.0,18624744.0
2014-07-09,9.60,9.71,9.48,9.46,3515867.0,33885968.0
2014-07-08,9.65,9.76,9.63,9.53,2423912.0,23334504.0
2014-07-07,9.49,9.71,9.66,9.45,5081137.0,48823760.0
2014-07-04,9.48,9.60,9.52,9.48,2359647.0,22567934.0
2014-07-03,9.53,9.59,9.50,9.47,2504161.0,23915758.0
2014-07-02,9.41,9.56,9.52,9.35,4016029.0,38139476.0
2014-07-01,9.38,9.47,9.37,9.32,2285876.0,21488360.0
2014-06-30,9.30,9.47,9.40,9.25,2440982.0,22962210.0
2014-06-27,9.20,9.32,9.29,9.16,1431678.0,13312209.0
2014-06-26,9.09,9.21,9.20,9.09,1659665.0,15272039.0
2014-06-25,9.10,9.14,9.05,9.04,1034481.0,9417945.0
2014-06-24,9.04,9.15,9.14,9.02,1149748.0,10493377.0
2014-06-23,8.93,9.05,9.04,8.91,1270386.0,11474468.0
2014-06-20,8.90,8.97,8.93,8.80,1328079.0,11833265.0
2014-06-19,9.16,9.17,8.89,8.82,1712465.0,15474047.0
2014-06-18,9.25,9.32,9.13,9.09,1592620.0,14684634.0
2014-06-17,9.41,9.46,9.29,9.27,1543990.0,14467144.0
2014-06-16,9.37,9.53,9.41,9.33,2341454.0,22167868.0
2014-06-13,9.36,9.44,9.36,9.33,2195192.0,20676542.0
2014-06-12,9.36,9.41,9.35,9.32,1568616.0,14754800.0
2014-06-11,9.30,9.42,9.36,9.25,2437136.0,22911754.0
2014-06-10,9.20,9.32,9.32,9.12,1561595.0,14488824.0
2014-06-09,9.23,9.27,9.20,9.15,821979.0,7633572.0
2014-06-06,9.19,9.30,9.21,9.14,1030903.0,9568980.0
2014-06-05,9.19,9.24,9.22,9.15,1169940.0,10827148.0
2014-06-04,9.23,9.31,9.18,9.04,1417525.0,13020649.0
2014-06-03,9.25,9.48,9.27,9.24,1873477.0,17656660.0
2014-05-30,9.06,9.45,9.31,9.02,3317810.0,30998322.0
2014-05-29,9.18,9.28,9.05,9.04,2079580.0,19153000.0
2014-05-28,9.15,9.29,9.23,9.13,3056993.0,28294128.0
2014-05-27,9.38,9.62,9.27,9.27,6473021.0,61593320.0
2014-05-26,8.95,9.14,9.10,8.92,1830410.0,16707930.0
2014-05-23,8.82,8.95,8.95,8.76,823161.0,7349397.0
2014-05-22,8.86,8.97,8.82,8.81,748641.0,6708042.0
2014-05-21,8.81,8.91,8.89,8.64,897783.0,7996014.0
2014-05-20,8.75,8.90,8.82,8.74,1119638.0,9941763.0
2014-05-19,8.66,8.74,8.74,8.50,1104075.0,9558400.0
2014-05-16,8.67,8.73,8.67,8.62,875636.0,7648507.0
2014-05-15,9.02,9.02,8.67,8.66,1463564.0,12986657.0
2014-05-14,8.95,9.02,8.93,8.90,728671.0,6582419.0
2014-05-13,8.92,9.03,8.97,8.89,1278447.0,11518089.0
2014-05-12,8.78,8.94,8.93,8.68,1547402.0,13816750.0
2014-05-09,8.72,8.81,8.70,8.59,804324.0,7054650.0
2014-05-08,8.62,8.84,8.72,8.58,1160174.0,10190121.0
2014-05-07,8.83,8.89,8.59,8.59,1159162.0,10209595.0
2014-05-06,8.84,8.94,8.89,8.82,1237180.0,11053639.0
2014-05-05,8.77,8.87,8.84,8.71,1025108.0,9075357.0
2014-04-30,8.73,8.79,8.77,8.66,957588.0,8408552.0
2014-04-29,8.54,8.78,8.73,8.51,1385411.0,11998811.0
2014-04-28,8.79,8.84,8.53,8.46,1932640.0,16736664.0
2014-04-25,9.19,9.24,8.86,8.82,2342553.0,21317878.0
2014-04-24,9.19,9.24,9.19,9.09,1069926.0,9880537.0
2014-04-23,9.23,9.27,9.18,9.14,1170265.0,10847563.0
2014-04-22,9.22,9.30,9.24,9.14,1598788.0,14813249.0
2014-04-21,9.59,9.59,9.24,9.20,2251803.0,21301810.0
2014-04-18,9.56,9.60,9.59,9.52,951792.0,9161038.0
2014-04-17,9.58,9.65,9.56,9.55,2074652.0,20073922.0
2014-04-16,9.44,9.62,9.60,9.38,2470180.0,23657914.0
2014-04-15,9.43,9.54,9.47,9.39,1615710.0,15382185.0
2014-04-14,9.37,9.49,9.48,9.31,1754574.0,16564016.0
2014-04-11,9.46,9.56,9.36,9.36,1835660.0,17466464.0
2014-04-10,9.44,9.54,9.49,9.39,2439701.0,23293758.0
2014-04-09,9.38,9.41,9.40,9.32,1597084.0,15064360.0
2014-04-08,9.28,9.38,9.36,9.18,2022636.0,18906554.0
2014-04-04,9.18,9.30,9.28,9.16,1322558.0,12290351.0
2014-04-03,9.13,9.28,9.20,9.13,1656937.0,15333182.0
2014-04-02,9.28,9.28,9.18,9.12,2178333.0,20163970.0
2014-04-01,9.17,9.30,9.28,9.12,2242593.0,20773360.0
2014-03-31,9.44,9.54,9.16,9.08,3783607.0,35209284.0
2014-03-28,9.71,9.86,9.52,9.44,2447335.0,23725970.0
2014-03-27,9.97,9.97,9.77,9.69,2404588.0,23754344.0
2014-03-26,9.91,9.99,9.98,9.89,1957837.0,19604058.0
2014-03-25,10.07,10.19,9.87,9.86,3057714.0,30859318.0
2014-03-24,10.04,10.15,10.07,9.98,2574213.0,26140808.0
2014-03-21,9.76,10.08,10.04,9.67,2361464.0,23470006.0
2014-03-20,10.10,10.18,9.80,9.80,2656576.0,26854082.0
2014-03-19,10.13,10.31,10.09,9.99,3412302.0,34781976.0
2014-03-18,10.01,10.05,10.04,9.89,2942161.0,29548504.0
2014-03-17,9.84,10.00,9.99,9.76,2449396.0,24378112.0
2014-03-14,9.64,9.92,9.81,9.54,2458541.0,23958176.0
2014-03-13,9.57,9.72,9.72,9.48,2680699.0,25973358.0
2014-03-12,9.65,9.76,9.52,9.33,2360036.0,22633622.0
2014-03-11,9.59,9.89,9.65,9.51,2591770.0,25279966.0
2014-03-10,9.93,9.93,9.59,9.49,3942444.0,38571704.0
2014-03-07,10.26,10.37,10.01,10.00,3158050.0,32306400.0
2014-03-06,10.28,10.32,10.26,9.99,3071453.0,31412042.0
2014-03-05,10.41,10.61,10.28,10.15,4978060.0,51873716.0
2014-03-04,10.03,10.53,10.41,9.95,6818972.0,70896272.0
2014-03-03,9.83,10.13,10.09,9.83,3846058.0,38668464.0
2014-02-28,9.93,9.99,9.89,9.65,4961042.0,49070760.0
2014-02-27,10.16,10.53,10.13,10.08,7051240.0,73127832.0
2014-02-26,9.84,10.34,10.26,9.46,6286588.0,62507400.0
2014-02-25,10.08,10.83,10.06,9.83,12409526.0,128699160.0
2014-02-24,9.77,10.08,10.05,9.64,5605370.0,55975588.0
2014-02-21,9.75,9.95,9.81,9.73,3807090.0,37692172.0
2014-02-20,10.01,10.07,9.75,9.63,5063084.0,49963640.0
2014-02-19,9.93,10.22,10.03,9.89,7381325.0,74569088.0
2014-02-18,9.93,10.05,9.95,9.87,6142875.0,61620152.0
2014-02-17,9.67,10.33,10.04,9.61,11452615.0,115430024.0
2014-02-14,9.25,9.63,9.61,9.21,5716776.0,54342020.0
2014-02-13,9.28,9.49,9.27,9.24,3993492.0,37678552.0
2014-02-12,9.42,9.47,9.34,9.22,3889291.0,36532676.0
2014-02-11,9.24,9.47,9.34,9.14,5357707.0,50218368.0
2014-02-10,9.00,9.26,9.22,9.00,3973528.0,36770396.0
2014-02-07,8.75,9.02,9.00,8.70,2541543.0,22850988.0
2014-01-30,8.84,8.89,8.79,8.75,1618361.0,14355026.0
2014-01-29,8.78,8.96,8.93,8.73,2843567.0,25289118.0
2014-01-28,8.84,8.90,8.78,8.73,1492373.0,13201916.0
2014-01-27,8.85,8.90,8.83,8.76,2121620.0,18887772.0
2014-01-24,8.74,8.92,8.83,8.70,1983800.0,17667244.0
2014-01-23,8.76,8.84,8.74,8.69,1914323.0,16855814.0
2014-01-22,8.61,8.80,8.76,8.56,1824923.0,16005506.0
2014-01-21,8.50,8.63,8.61,8.47,1560807.0,13445133.0
2014-01-20,8.42,8.56,8.50,8.35,1303978.0,11134138.0
2014-01-17,8.53,8.53,8.42,8.39,1377491.0,11719988.0
2014-01-16,8.54,8.62,8.53,8.47,1494822.0,12872629.0
2014-01-15,8.47,8.56,8.54,8.43,1758492.0,15044747.0
2014-01-14,8.32,8.48,8.47,8.29,1513853.0,12812679.0
2014-01-13,8.35,8.40,8.35,8.29,1192338.0,10006360.0
2014-01-10,8.61,8.66,8.27,8.25,3098140.0,26245704.0
2014-01-09,8.92,8.97,8.64,8.61,4052892.0,35967112.0
2014-01-08,9.12,9.22,8.96,8.92,6115545.0,55578672.0
2014-01-07,9.04,9.23,9.12,8.98,4000049.0,36657420.0
2014-01-06,8.97,9.29,9.04,8.90,6149159.0,56171508.0
2014-01-03,9.00,9.08,8.98,8.88,2651635.0,23930952.0
2014-01-02,8.89,9.02,9.00,8.86,2646555.0,23880842.0
2013-12-31,8.86,8.93,8.88,8.80,1869542.0,16706526.0
2013-12-30,8.91,8.93,8.90,8.80,2256332.0,20161074.0
2013-12-27,8.63,8.90,8.87,8.61,3840069.0,33961080.0
2013-12-26,8.85,8.98,8.66,8.64,5297847.0,47005604.0
2013-12-25,8.66,9.36,8.97,8.61,6781798.0,61321636.0
2013-12-24,8.64,8.71,8.66,8.55,1339313.0,11652251.0
2013-12-23,8.58,8.71,8.61,8.41,1326480.0,11466818.0
2013-12-20,8.64,8.71,8.50,8.50,1523363.0,13174867.0
2013-12-19,8.71,8.75,8.66,8.65,1523576.0,13358537.0
2013-12-18,8.69,8.72,8.69,8.59,2174356.0,18959160.0
2013-12-17,8.65,8.74,8.66,8.60,1734461.0,15105537.0
2013-12-16,8.84,8.91,8.65,8.63,2212176.0,19500712.0
2013-12-13,8.82,8.95,8.86,8.75,2174929.0,19380214.0
2013-12-12,8.79,8.88,8.84,8.72,2074209.0,18389848.0
2013-12-11,8.90,8.90,8.83,8.66,1092245.0,9673315.0
2013-12-10,8.85,9.24,8.95,8.77,2317357.0,20983262.0
2013-12-09,8.83,8.83,8.82,8.74,1306647.0,11557712.0
2013-12-06,8.72,8.81,8.70,8.66,761587.0,6709092.0
2013-12-05,8.69,8.83,8.75,8.63,1487338.0,13117300.0
2013-12-04,8.49,8.74,8.69,8.46,1646849.0,14359478.0
2013-12-03,8.39,8.59,8.55,8.29,1795484.0,15290327.0
2013-12-02,8.55,8.77,8.39,8.34,2562955.0,22152614.0
2013-11-29,8.98,9.00,8.94,8.91,1652125.0,14885962.0
2013-11-28,8.90,8.98,8.94,8.85,1873122.0,16840674.0
2013-11-27,8.81,8.95,8.90,8.79,1467117.0,13154839.0
2013-11-26,8.78,8.86,8.84,8.78,883581.0,7844414.0
2013-11-25,8.75,8.92,8.79,8.74,685374.0,6094667.0
2013-11-22,8.77,8.86,8.78,8.73,927897.0,8226638.0
2013-11-21,8.79,8.84,8.74,8.71,1156833.0,10204854.0
2013-11-20,8.90,8.98,8.85,8.70,1643333.0,14556959.0
2013-11-19,8.93,9.01,8.90,8.78,2617442.0,23428626.0
2013-11-18,8.47,8.94,8.87,8.47,3369979.0,29673194.0
2013-11-15,8.38,8.51,8.47,8.30,1479403.0,12589607.0
2013-11-14,8.24,8.37,8.32,8.13,779209.0,6488860.0
2013-11-13,8.31,8.33,8.21,8.16,493857.0,4102257.0
2013-11-12,8.22,8.31,8.29,8.19,490689.0,4085281.0
2013-11-11,8.06,8.23,8.21,8.05,581044.0,4772507.0
2013-11-08,8.11,8.14,8.06,8.05,943395.0,7693267.0
2013-11-07,8.38,8.38,8.20,8.20,1220624.0,10173173.0
2013-11-06,8.49,8.53,8.43,8.41,998040.0,8508019.0
2013-11-05,8.52,8.52,8.51,8.33,776578.0,6574276.0
2013-11-04,8.44,8.53,8.52,8.43,405848.0,3466380.0
2013-11-01,8.48,8.59,8.48,8.34,874110.0,7428377.0
2013-10-31,8.49,8.53,8.48,8.37,595456.0,5073081.0
2013-10-30,8.44,8.51,8.51,8.25,984239.0,8312917.0
2013-10-29,8.61,8.74,8.39,8.22,1349229.0,11526758.0
2013-10-28,8.54,8.69,8.65,8.54,1048240.0,9094464.0
2013-10-25,9.00,9.04,8.71,8.71,1681728.0,14958641.0
2013-10-24,8.96,9.07,9.05,8.84,851318.0,7710092.0
2013-10-23,9.25,9.27,8.96,8.94,1602811.0,14617161.0
2013-10-22,9.37,9.41,9.21,9.19,1865087.0,17443530.0
2013-10-21,9.21,9.39,9.33,9.17,2256786.0,21154582.0
2013-10-18,9.19,9.24,9.18,9.14,1154985.0,10682220.0
2013-10-17,9.20,9.29,9.19,9.17,1727480.0,16044469.0
2013-10-16,9.51,9.51,9.19,9.10,2825525.0,26253472.0
2013-10-15,9.47,9.66,9.50,9.44,3735583.0,35893124.0
2013-10-14,9.38,9.46,9.44,9.24,2495581.0,23495502.0
2013-10-11,9.44,9.44,9.38,9.29,3923320.0,36938760.0
2013-10-10,9.27,9.50,9.44,9.12,6317703.0,59438108.0
2013-10-09,9.19,9.43,9.27,9.14,4462649.0,41698960.0
2013-10-08,9.00,9.24,9.21,8.99,3257283.0,30041054.0
2013-09-30,8.92,9.05,9.00,8.80,1796460.0,16130734.0
2013-09-27,8.79,8.89,8.83,8.77,1551863.0,13804762.0
2013-09-26,9.00,9.00,8.80,8.65,1990792.0,17663828.0
2013-09-25,9.11,9.11,8.96,8.94,1155797.0,10500350.0
2013-09-24,9.02,9.11,9.05,8.91,1174140.0,10643632.0
2013-09-23,8.93,9.08,9.03,8.80,1400730.0,12628700.0
2013-09-18,8.75,8.92,8.88,8.73,933651.0,8290659.0
2013-09-17,9.12,9.16,8.79,8.70,3607438.0,32289322.0
2013-09-16,9.23,9.51,9.16,9.12,5437064.0,50825744.0
2013-09-13,9.04,9.37,9.36,8.94,3296544.0,30397720.0
2013-09-12,8.95,9.03,9.01,8.91,1099987.0,9961907.0
2013-09-11,9.11,9.11,8.95,8.94,1445414.0,13092343.0
2013-09-10,9.02,9.06,9.01,8.95,1444547.0,13097195.0
2013-09-09,8.96,9.10,9.04,8.94,1413503.0,12862401.0
2013-09-06,8.99,8.99,8.95,8.87,955043.0,8600809.0
2013-09-05,8.98,9.02,8.94,8.88,1194095.0,10758455.0
2013-09-04,9.02,9.05,8.97,8.92,1476308.0,13351568.0
2013-09-03,8.74,9.03,8.99,8.74,1430384.0,12882460.0
2013-09-02,8.74,8.82,8.82,8.64,857172.0,7531556.0
2013-08-30,8.89,8.93,8.67,8.64,1553180.0,13761824.0
2013-08-29,8.85,8.90,8.86,8.78,1428566.0,12708323.0
2013-08-28,9.10,9.10,8.86,8.84,3050424.0,27438630.0
2013-08-27,9.13,9.18,9.10,8.94,1767698.0,16148845.0
2013-08-26,9.02,9.17,9.15,8.85,3699107.0,33516726.0
2013-08-23,9.23,9.35,9.20,9.03,3491407.0,32310518.0
2013-08-22,8.97,9.68,9.35,8.97,5981312.0,56513300.0
2013-08-21,8.61,8.85,8.83,8.61,973483.0,8583836.0
2013-08-20,8.64,8.75,8.62,8.59,782447.0,6826156.0
2013-08-19,8.56,8.73,8.69,8.56,632432.0,5515013.0
2013-08-16,8.77,8.88,8.61,8.59,1523741.0,13384762.0
2013-08-15,8.95,8.99,8.84,8.84,766545.0,6881391.0
2013-08-14,8.96,9.03,8.93,8.88,1199992.0,10816643.0
2013-08-13,9.02,9.02,8.98,8.91,860434.0,7758537.0
2013-08-12,8.93,8.99,8.99,8.82,1120406.0,10037435.0
2013-08-09,8.94,9.01,8.90,8.79,1202634.0,10769698.0
2013-08-08,8.94,9.08,8.95,8.89,1173566.0,10596137.0
2013-08-07,9.05,9.05,8.88,8.83,1585365.0,14256180.0
2013-08-06,8.90,9.23,9.08,8.84,3112445.0,28339538.0
2013-08-05,8.62,9.00,8.91,8.57,1910704.0,16862564.0
2013-08-02,8.61,8.74,8.57,8.51,1757399.0,15236936.0
2013-08-01,8.52,8.64,8.61,8.44,1687164.0,14504854.0
2013-07-31,8.34,8.59,8.54,8.33,2029129.0,17276692.0
2013-07-30,8.34,8.40,8.24,8.13,773940.0,6422065.0
2013-07-29,8.27,8.45,8.34,8.25,1430370.0,12049116.0
2013-07-26,8.28,8.39,8.32,8.23,657292.0,5504413.0
2013-07-25,8.43,8.44,8.27,8.24,1103703.0,9266861.0
2013-07-24,8.29,8.45,8.42,8.23,1475298.0,12371864.0
2013-07-23,8.11,8.32,8.31,8.11,1338050.0,11115058.0
2013-07-22,7.95,8.13,8.11,7.86,642626.0,5216028.0
2013-07-19,8.14,8.31,8.03,8.03,877890.0,7224008.0
2013-07-18,8.12,8.22,8.17,8.09,624561.0,5130092.0
2013-07-17,8.33,8.39,8.18,8.14,1082810.0,9005071.0
2013-07-16,8.29,8.37,8.36,8.16,1086853.0,9045853.0
2013-07-15,8.06,8.30,8.29,8.06,915137.0,7550353.0
2013-07-12,8.15,8.24,8.08,8.06,1250775.0,10275845.0
2013-07-11,7.96,8.23,8.14,7.94,1386537.0,11322357.0
2013-07-10,7.73,7.98,7.97,7.72,671738.0,5306474.0
2013-07-09,7.68,7.79,7.72,7.67,460941.0,3586484.0
2013-07-08,8.01,8.05,7.71,7.70,687374.0,5399415.0
2013-07-05,8.11,8.16,8.08,8.03,696452.0,5681527.0
2013-07-04,7.97,8.15,8.09,7.93,878557.0,7137827.0
2013-07-03,8.05,8.06,8.05,7.85,894969.0,7176512.0
2013-07-02,7.92,8.08,8.08,7.87,954290.0,7680788.0
2013-07-01,7.79,7.94,7.92,7.69,603413.0,4756267.0
2013-06-28,7.83,7.94,7.79,7.70,893743.0,7042864.0
2013-06-27,7.99,8.09,7.81,7.75,1152544.0,9225257.0
2013-06-26,7.78,8.00,7.99,7.67,1079426.0,8494343.0
2013-06-25,7.81,7.90,7.76,7.26,1335024.0,10219840.0
2013-06-24,8.44,8.44,7.81,7.76,1135577.0,9224384.0
2013-06-21,8.62,8.62,8.44,8.24,929538.0,7865654.0
2013-06-20,8.85,8.85,8.65,8.65,660873.0,5820412.0
2013-06-19,8.92,8.92,8.83,8.69,621499.0,5508066.0
2013-06-18,8.89,9.00,8.95,8.89,673132.0,6063608.0
2013-06-17,8.89,9.00,8.89,8.84,1017902.0,9143494.0
2013-06-14,8.77,8.93,8.93,8.77,712424.0,6368912.0
2013-06-13,8.94,8.94,8.77,8.65,830993.0,7352371.0
2013-06-07,9.15,9.23,9.00,8.99,1247130.0,11440193.0
2013-06-06,9.52,9.57,9.15,9.12,1565107.0,14674314.0
2013-06-05,9.43,9.53,9.52,9.39,1255311.0,11955951.0
2013-06-04,9.59,9.72,9.47,9.42,1777942.0,17107556.0
2013-06-03,9.61,9.69,9.57,9.54,1549050.0,15027320.0
2013-05-31,9.82,9.83,9.59,9.59,3881379.0,37820896.0
2013-05-30,9.65,9.83,9.83,9.59,1781741.0,17396742.0
2013-05-29,9.62,9.78,9.72,9.51,3272895.0,31749744.0
2013-05-28,9.58,9.62,9.57,9.44,1103173.0,10576217.0
2013-05-27,9.44,9.58,9.56,9.42,1482804.0,14216745.0
2013-05-24,9.32,9.42,9.40,9.32,1158505.0,10925145.0
2013-05-23,9.38,9.45,9.34,9.28,1184331.0,11150275.0
2013-05-22,9.47,9.53,9.40,9.36,1600000.0,15216577.0
2013-05-21,9.30,9.49,9.47,9.26,2012801.0,19034394.0
2013-05-20,9.33,9.34,9.31,9.23,2258548.0,21116892.0
2013-05-17,9.23,9.31,9.30,9.17,1367731.0,12748039.0
2013-05-16,9.09,9.30,9.22,9.09,1323437.0,12259256.0
2013-05-15,9.06,9.12,9.10,8.97,891732.0,8145060.0
2013-05-14,9.14,9.19,9.02,8.98,1193378.0,11083773.0
2013-05-13,9.06,9.16,9.13,8.97,1268030.0,11852269.0
2013-05-10,9.03,9.08,9.05,8.96,1002575.0,9312862.0
2013-05-09,9.08,9.14,9.03,8.95,1029524.0,9565160.0
2013-05-08,8.93,9.14,9.10,8.91,1891600.0,17634784.0
2013-05-07,8.93,8.93,8.88,8.82,937571.0,8563050.0
2013-05-06,8.85,8.94,8.94,8.80,1798770.0,16429521.0
2013-05-03,8.73,8.92,8.86,8.72,1169362.0,10646335.0
2013-05-02,8.62,8.80,8.73,8.58,1057755.0,9500885.0
2013-04-26,8.61,8.69,8.63,8.52,979859.0,8661230.0
2013-04-25,8.88,8.88,8.58,8.56,2515670.0,22581038.0
2013-04-24,8.86,8.94,8.94,8.71,1893212.0,17221230.0
2013-04-23,9.44,9.50,8.86,8.84,2103227.0,19673724.0
2013-04-22,9.32,9.59,9.47,9.32,2376653.0,23163160.0
2013-04-19,9.46,9.75,9.69,9.46,1015873.0,10081428.0
2013-04-18,9.43,9.56,9.52,9.43,596313.0,5831571.0
2013-04-17,9.45,9.51,9.49,9.34,597906.0,5795418.0
2013-04-16,9.21,9.43,9.41,9.21,666667.0,6401555.0
2013-04-15,9.34,9.43,9.30,9.23,497119.0,4777352.0
2013-04-12,9.56,9.66,9.38,9.36,1238136.0,12127244.0
2013-04-11,10.03,10.03,9.64,9.54,2385095.0,23974910.0
2013-04-10,10.14,10.22,9.96,9.88,1055279.0,10878564.0
2013-04-09,10.15,10.24,10.14,10.04,888693.0,9259300.0
2013-04-08,9.91,10.22,10.19,9.84,1006904.0,10389582.0
2013-04-03,10.20,10.29,10.07,9.97,1220791.0,12690054.0
2013-04-02,10.18,10.39,10.20,10.14,1543095.0,16283891.0
2013-04-01,10.16,10.33,10.24,10.15,1633226.0,17168632.0
2013-03-29,10.16,10.35,10.20,10.16,1171235.0,12339222.0
2013-03-28,10.31,10.31,10.16,10.12,2500763.0,26343122.0
2013-03-27,10.75,10.86,10.60,10.57,2248787.0,24764376.0
2013-03-26,10.40,10.77,10.72,10.14,2936011.0,31635300.0
2013-03-25,10.55,10.63,10.43,10.36,1516892.0,16288835.0
2013-03-22,10.55,10.63,10.54,10.45,1491082.0,16194160.0
2013-03-21,10.43,10.58,10.58,10.38,2862074.0,30840044.0
2013-03-20,10.07,10.42,10.39,10.02,2528776.0,26754948.0
2013-03-19,10.00,10.14,10.03,9.92,1148258.0,11845395.0
2013-03-18,10.01,10.21,10.00,9.96,1096072.0,11364548.0
2013-03-15,9.94,10.22,10.01,9.87,1430196.0,14824646.0
2013-03-14,9.98,10.08,9.95,9.93,965775.0,9937390.0
2013-03-13,10.11,10.20,9.95,9.87,1492091.0,15328665.0
2013-03-12,10.50,10.63,10.21,10.03,2610094.0,27515994.0
2013-03-11,10.49,10.59,10.54,10.32,1354655.0,14595800.0
2013-03-08,10.58,10.73,10.49,10.37,2240759.0,24349080.0
2013-03-07,10.59,10.69,10.46,10.36,2721404.0,29487800.0
2013-03-06,10.47,10.95,10.67,10.47,5728830.0,63293296.0
2013-03-05,9.96,10.49,10.43,9.91,3241437.0,34540292.0
2013-03-04,10.21,10.37,10.00,9.89,3079128.0,32245464.0
2013-03-01,10.10,10.34,10.25,10.02,2723367.0,28630028.0
2013-02-28,9.97,10.13,10.09,9.92,2265532.0,23480600.0
2013-02-27,10.35,10.41,9.96,9.89,3438968.0,35638120.0
2013-02-26,10.22,10.58,10.30,10.21,3412028.0,36417316.0
2013-02-25,10.24,10.38,10.25,10.15,2328058.0,24548248.0
2013-02-22,10.21,10.49,10.22,10.14,2382184.0,25298456.0
2013-02-21,10.37,10.69,10.26,10.06,4735426.0,50602796.0
2013-02-20,10.01,10.47,10.42,10.00,3227972.0,34193168.0
2013-02-19,10.27,10.27,10.00,9.94,2373256.0,24610874.0
2013-02-18,10.07,10.49,10.23,10.00,4814623.0,50883992.0
2013-02-08,9.67,10.00,9.99,9.62,3971097.0,40197104.0
2013-02-07,9.78,9.90,9.65,9.62,4242850.0,42333696.0
2013-02-06,9.76,9.82,9.82,9.68,1382199.0,13864438.0
2013-02-05,9.57,9.76,9.76,9.54,1068212.0,10611847.0
2013-02-04,9.70,9.78,9.57,9.55,1359808.0,13493322.0
2013-02-01,9.74,9.77,9.72,9.64,1658679.0,16577459.0
2013-01-31,9.61,9.77,9.72,9.53,1466873.0,14571959.0
2013-01-30,9.64,9.65,9.64,9.54,893430.0,8829676.0
2013-01-29,9.55,9.66,9.63,9.49,1231572.0,12178622.0
2013-01-28,9.21,9.56,9.52,9.21,1221926.0,11885840.0
2013-01-25,9.26,9.35,9.20,9.20,842202.0,8023166.0
2013-01-24,9.54,9.67,9.25,9.16,1700232.0,16569579.0
2013-01-23,9.53,9.61,9.54,9.38,1061856.0,10387138.0
2013-01-22,9.75,9.86,9.56,9.51,1609741.0,15978415.0
2013-01-21,9.80,9.86,9.77,9.67,1807486.0,18106692.0
2013-01-18,9.60,9.79,9.79,9.50,2300715.0,22861602.0
2013-01-17,9.57,9.70,9.57,9.46,1767486.0,17451554.0
2013-01-16,9.61,9.69,9.57,9.41,2083025.0,20493818.0
2013-01-15,9.38,9.76,9.66,9.36,2995780.0,29556706.0
2013-01-14,9.04,9.40,9.36,9.02,2336611.0,22345046.0
2013-01-11,9.32,9.37,9.05,9.04,1908573.0,18043838.0
2013-01-10,9.30,9.41,9.35,9.28,1155585.0,11112697.0
2013-01-09,9.34,9.45,9.33,9.24,1735591.0,16655874.0
2013-01-08,9.27,9.49,9.34,9.20,1763480.0,16943458.0
2013-01-07,9.09,9.51,9.29,9.08,1913228.0,18284418.0
2013-01-04,9.14,9.20,9.10,8.94,1531627.0,14293253.0
2012-12-31,9.14,9.15,9.10,9.03,879172.0,8221541.0
2012-12-28,9.00,9.10,9.09,8.88,1088053.0,10100049.0
2012-12-27,9.19,9.20,8.99,8.99,1364263.0,12712772.0
2012-12-26,9.02,9.19,9.13,8.97,1294430.0,12073832.0
2012-12-25,8.81,9.08,9.02,8.80,1582893.0,14622052.0
2012-12-24,8.71,8.86,8.80,8.64,1087646.0,9808103.0
2012-12-21,8.68,8.81,8.74,8.68,961142.0,8657842.0
2012-12-20,8.74,8.75,8.71,8.62,742301.0,6636839.0
2012-12-19,8.67,8.80,8.73,8.67,619519.0,5569431.0
2012-12-18,8.63,8.86,8.65,8.63,1045923.0,9395186.0
2012-12-17,8.77,8.81,8.71,8.65,1405185.0,12611997.0
2012-12-14,8.40,8.81,8.77,8.37,1666211.0,14852685.0
2012-12-13,8.42,8.59,8.48,8.31,1762096.0,15406808.0
2012-12-12,8.48,8.53,8.45,8.31,585827.0,5065993.0
2012-12-11,8.51,8.63,8.50,8.46,680723.0,5983764.0
2012-12-10,8.41,8.61,8.54,8.37,1056431.0,9222873.0
2012-12-07,8.22,8.47,8.44,8.16,843547.0,7245636.0
2012-12-06,8.24,8.36,8.26,8.17,613345.0,5215495.0
2012-12-05,8.01,8.39,8.32,7.94,936137.0,7941687.0
2012-12-04,7.88,8.07,8.03,7.67,785278.0,6314840.0
2012-12-03,8.17,8.20,7.85,7.85,505901.0,4200041.0
2012-11-30,8.07,8.21,8.13,8.05,541436.0,4530615.0
2012-11-29,8.35,8.47,8.12,8.07,900979.0,7665724.0
2012-11-28,8.55,8.55,8.36,8.32,571150.0,4924523.0
2012-11-27,8.95,8.96,8.58,8.58,814356.0,7298787.0
2012-11-26,9.00,9.08,9.00,8.96,266551.0,2468601.0
2012-11-23,8.98,9.14,9.01,8.93,596651.0,5557794.0
2012-11-22,9.07,9.10,8.97,8.94,418926.0,3875669.0
2012-11-21,8.92,9.11,9.09,8.86,620501.0,5741554.0
2012-11-20,8.99,9.08,8.92,8.92,458868.0,4255610.0
2012-11-19,8.99,9.02,8.99,8.85,401828.0,3695702.0
2012-11-16,8.97,9.09,8.98,8.93,466903.0,4314312.0
2012-11-15,9.23,9.28,8.98,8.97,604879.0,5685673.0
2012-11-14,9.15,9.29,9.25,9.10,596010.0,5632852.0
2012-11-13,9.38,9.38,9.15,9.12,650391.0,6188651.0
2012-11-12,9.43,9.49,9.38,9.33,752967.0,7276301.0
2012-11-09,9.39,9.48,9.37,9.34,659986.0,6381708.0
2012-11-08,9.60,9.60,9.39,9.39,901716.0,8809098.0
2012-11-07,9.58,9.72,9.67,9.56,520837.0,5169985.0
2012-11-06,9.78,9.88,9.65,9.51,1039944.0,10311172.0
2012-11-05,9.69,9.78,9.78,9.62,1106338.0,11065967.0
2012-11-02,9.59,9.78,9.69,9.58,781135.0,7772729.0
2012-11-01,9.47,9.68,9.64,9.43,1224735.0,12112646.0
2012-10-31,9.34,9.48,9.47,9.32,568628.0,5504981.0
2012-10-30,9.25,9.41,9.32,9.25,416059.0,4005748.0
2012-10-29,9.35,9.47,9.28,9.25,721155.0,6933615.0
2012-10-26,9.65,9.69,9.33,9.32,1214961.0,11794460.0
2012-10-25,9.78,9.84,9.65,9.62,1052684.0,10530376.0
2012-10-24,9.60,9.82,9.78,9.54,1892820.0,18935746.0
2012-10-23,9.74,9.75,9.61,9.58,1072153.0,10666508.0
2012-10-22,9.59,9.74,9.73,9.58,869002.0,8646708.0
2012-10-19,9.74,9.76,9.68,9.58,993270.0,9880338.0
2012-10-18,9.62,9.77,9.74,9.62,1168305.0,11664942.0
2012-10-17,9.65,9.71,9.61,9.50,1002998.0,9927756.0
2012-10-16,9.48,9.75,9.65,9.43,1721718.0,17092544.0
2012-10-15,9.47,9.55,9.47,9.36,729543.0,7078050.0
2012-10-12,9.39,9.56,9.48,9.38,729916.0,7120537.0
2012-10-11,9.59,9.66,9.38,9.38,1051853.0,10299542.0
2012-10-10,9.45,9.67,9.63,9.45,1226304.0,12126932.0
2012-10-09,9.35,9.60,9.56,9.35,1220926.0,11961759.0
2012-10-08,9.32,9.48,9.36,9.27,1030556.0,9937848.0
2012-09-28,9.05,9.34,9.27,9.00,960948.0,9093650.0
2012-09-27,8.98,9.12,9.09,8.83,1099078.0,10187621.0
2012-09-26,9.19,9.26,8.88,8.86,657247.0,6110698.0
2012-09-25,9.43,9.47,9.17,9.17,800358.0,7660631.0
2012-09-24,9.33,9.48,9.45,9.24,430546.0,4165086.0
2012-09-21,9.46,9.53,9.38,9.37,616212.0,5990533.0
2012-09-20,9.77,9.86,9.45,9.45,1289742.0,12796314.0
2012-09-19,9.81,9.87,9.83,9.75,474214.0,4784990.0
2012-09-18,9.68,9.85,9.81,9.68,782461.0,7869512.0
2012-09-17,10.03,10.16,9.76,9.69,1625889.0,16481502.0
2012-09-14,10.06,10.12,10.01,9.90,1826646.0,18794410.0
2012-09-13,10.31,10.38,9.93,9.93,2748866.0,28696534.0
2012-09-12,10.35,10.47,10.30,10.25,1446934.0,15393390.0
2012-09-11,10.34,10.40,10.35,10.24,1388129.0,14718103.0
2012-09-10,10.43,10.46,10.41,10.28,2036933.0,21707890.0
2012-09-07,10.22,10.49,10.42,10.21,2993454.0,31886842.0
2012-09-06,10.04,10.19,10.19,10.04,1373729.0,14307907.0
2012-09-05,10.03,10.14,10.03,9.92,1770608.0,18285472.0
2012-09-04,10.11,10.25,10.05,9.92,2531160.0,26207648.0
2012-09-03,9.77,10.15,10.02,9.67,2884504.0,29648296.0
2012-08-31,9.57,9.86,9.79,9.55,1405233.0,14066111.0
2012-08-30,9.89,9.98,9.67,9.48,2730981.0,27269118.0
2012-08-29,9.58,10.17,9.89,9.51,4062111.0,41412448.0
2012-08-28,9.52,9.67,9.59,9.42,1466304.0,14379183.0
2012-08-27,9.50,9.72,9.52,9.50,2028894.0,20050026.0
2012-08-24,9.63,9.78,9.57,9.45,1606393.0,15890607.0
2012-08-23,9.49,9.69,9.68,9.47,1551218.0,15321042.0
2012-08-22,9.57,9.66,9.54,9.45,1265660.0,12434266.0
2012-08-21,9.49,9.66,9.59,9.43,1497391.0,14749959.0
2012-08-20,9.31,9.47,9.45,9.16,966559.0,9278305.0
2012-08-17,9.51,9.51,9.33,9.23,959149.0,9228246.0
2012-08-16,9.29,9.56,9.44,9.26,1093586.0,10599486.0
2012-08-15,9.36,9.52,9.38,9.34,1187613.0,11513797.0
2012-08-14,9.22,9.40,9.39,9.13,1561061.0,14902833.0
2012-08-13,9.50,9.57,9.19,9.15,1561580.0,15045567.0
2012-08-10,9.57,9.65,9.56,9.47,1407936.0,13859554.0
2012-08-09,9.38,9.58,9.53,9.35,1931694.0,18838674.0
2012-08-08,9.42,9.71,9.43,9.39,2112549.0,20712572.0
2012-08-07,9.14,10.00,9.56,9.10,3379931.0,32970080.0
2012-08-06,8.94,9.12,9.10,8.88,1228502.0,11405494.0
2012-08-03,8.78,8.95,8.95,8.78,1020503.0,9310244.0
2012-08-02,8.65,8.94,8.77,8.59,1451060.0,13182634.0
2012-08-01,8.54,8.74,8.66,8.52,961984.0,8566221.0
2012-07-31,8.80,8.85,8.52,8.51,1410037.0,12487849.0
2012-07-30,9.09,9.21,8.84,8.83,843742.0,7767241.0
2012-07-27,9.17,9.20,9.09,9.06,837063.0,7842111.0
2012-07-26,9.28,9.32,9.09,9.06,1428165.0,13456491.0
2012-07-25,9.02,9.42,9.25,8.95,2232973.0,21279278.0
2012-07-24,8.86,9.14,9.05,8.78,1038372.0,9632456.0
2012-07-23,9.01,9.02,8.92,8.81,872658.0,8011338.0
2012-07-20,9.03,9.16,9.04,9.00,1483724.0,13850106.0
2012-07-19,8.85,9.10,9.03,8.76,1910971.0,17703622.0
2012-07-18,8.95,8.95,8.87,8.65,2065820.0,18656302.0
2012-07-17,9.17,9.17,8.95,8.81,2180887.0,19988924.0
2012-07-16,9.45,9.50,9.13,9.11,2265255.0,21764240.0
2012-07-13,9.45,9.56,9.45,9.36,2004969.0,19484616.0
2012-07-12,9.29,9.59,9.50,9.23,3627776.0,35281940.0
2012-07-11,9.45,9.57,9.39,9.18,3452830.0,33117536.0
2012-07-10,9.61,9.69,9.53,9.50,2245813.0,22159844.0
2012-07-09,9.77,10.07,9.76,9.67,4375725.0,44551964.0
2012-07-06,9.82,9.90,9.82,9.48,4628342.0,46039776.0
2012-07-05,9.67,9.89,9.79,9.60,3799571.0,38220196.0
2012-07-04,9.90,10.01,9.70,9.65,7150077.0,72197992.0
2012-07-03,10.38,10.40,10.00,9.82,11241873.0,116891832.0
2012-07-02,11.74,12.01,10.89,10.84,16125105.0,188521728.0
2012-06-29,10.85,11.77,11.75,10.85,7283588.0,85498888.0
2012-06-28,11.04,11.34,10.92,10.87,3082038.0,35278392.0
2012-06-27,11.00,11.43,11.08,10.94,3946418.0,45332544.0
2012-06-26,10.79,11.10,11.06,10.50,3159061.0,35253092.0
2012-06-25,11.01,11.27,10.87,10.80,2938599.0,33369520.0
2012-06-21,11.03,11.21,11.05,10.80,3032479.0,34296884.0
2012-06-20,11.47,11.47,11.12,11.06,5373964.0,61912556.0
2012-06-19,11.33,11.98,11.61,11.25,9594445.0,115487440.0
2012-06-18,11.25,11.62,11.33,11.04,7227305.0,84730992.0
2012-06-15,11.10,11.44,11.16,10.99,6101009.0,71590144.0
2012-06-14,11.18,11.24,11.13,10.95,6805019.0,79075504.0
2012-06-13,10.51,11.26,11.26,10.50,9579666.0,111254704.0
2012-06-12,10.21,10.37,10.23,10.08,1229349.0,13230914.0
2012-06-11,9.98,10.24,10.23,9.97,1166122.0,12393580.0
2012-06-08,10.11,10.20,9.97,9.97,794173.0,8349172.0
2012-06-07,10.23,10.26,10.02,9.99,960330.0,10154922.0
2012-06-06,10.22,10.31,10.08,10.00,939363.0,9973297.0
2012-06-05,10.00,10.19,10.15,9.95,1115297.0,11798562.0
2012-06-04,10.13,10.27,10.01,9.99,1221412.0,12965211.0
2012-06-01,10.23,10.40,10.32,10.21,1112498.0,11997150.0
2012-05-30,10.21,10.39,10.25,10.17,1623167.0,17490606.0
2012-05-29,10.12,10.24,10.23,9.99,1946998.0,20600184.0
2012-05-28,10.02,10.07,10.05,9.70,1553798.0,16123722.0
2012-05-25,10.09,10.31,10.02,10.02,1186231.0,12604815.0
2012-05-24,10.33,10.47,10.21,10.18,1267643.0,13688027.0
2012-05-23,10.57,10.57,10.42,10.28,1284710.0,13992099.0
2012-05-22,10.40,10.59,10.53,10.34,1457747.0,15965569.0
2012-05-21,10.32,10.46,10.32,10.12,1581505.0,17078090.0
2012-05-18,10.88,10.88,10.41,10.33,3044530.0,33744264.0
2012-05-17,10.90,11.11,10.94,10.86,2300647.0,26446212.0
2012-05-16,10.97,11.10,11.02,10.75,2392282.0,27403920.0
2012-05-15,11.25,11.26,10.99,10.71,4180337.0,48065944.0
2012-05-14,10.94,11.74,11.33,10.79,7355817.0,86694984.0
2012-05-11,10.46,11.32,10.96,10.46,5695464.0,65428376.0
2012-05-09,10.67,10.67,10.38,10.36,2023906.0,22269482.0
2012-05-08,10.60,10.77,10.74,10.53,2638197.0,29462198.0
2012-05-07,10.52,10.62,10.55,10.43,2005385.0,22038632.0
2012-05-04,10.59,10.85,10.62,10.57,3402487.0,38092048.0
2012-05-03,10.39,10.53,10.45,10.31,2146716.0,23507368.0
2012-05-02,10.32,10.53,10.39,10.30,2511057.0,27329902.0
2012-04-27,10.04,10.39,10.26,10.01,3241647.0,34837188.0
2012-04-26,9.85,10.08,9.98,9.75,2133482.0,22172060.0
2012-04-25,9.84,9.91,9.82,9.68,1767594.0,18150436.0
2012-04-24,9.80,10.01,9.89,9.59,2084445.0,21383318.0
2012-04-23,10.42,10.51,9.84,9.80,3141698.0,33316520.0
2012-04-20,10.42,10.55,10.45,10.40,2065455.0,22663020.0
2012-04-19,10.51,10.58,10.51,10.33,2611041.0,28575116.0
2012-04-18,10.51,10.60,10.57,10.32,4523395.0,49612804.0
2012-04-17,10.31,10.62,10.57,10.21,4596288.0,50284408.0
2012-04-16,10.20,10.48,10.38,10.01,3659298.0,39029820.0
2012-04-13,10.15,10.23,10.20,10.02,2922477.0,30962668.0
2012-04-12,9.75,10.18,10.15,9.73,3041207.0,31660244.0
2012-04-11,9.60,9.80,9.78,9.47,2113518.0,21440416.0
2012-04-10,9.70,9.91,9.90,9.40,2071104.0,20887592.0
2012-04-09,10.03,10.06,9.76,9.73,1531344.0,15843353.0
2012-04-06,10.02,10.20,10.10,9.94,1715048.0,18082502.0
2012-04-05,9.75,10.09,10.02,9.65,1489614.0,15462817.0
2012-03-30,10.09,10.09,9.71,9.65,1414384.0,14564386.0
2012-03-29,9.94,10.25,10.00,9.87,1485558.0,15607532.0
2012-03-28,10.78,10.83,10.09,9.99,2891654.0,31300880.0
2012-03-27,11.09,11.17,10.78,10.71,2152699.0,24611744.0
2012-03-26,11.37,11.40,11.02,10.86,3682501.0,42564244.0
2012-03-23,11.85,11.85,11.61,11.52,2998250.0,36573744.0
2012-03-22,11.74,12.00,11.95,11.50,4180525.0,51341908.0
2012-03-21,11.54,11.72,11.68,11.28,2795806.0,33686032.0
2012-03-20,11.89,11.89,11.54,11.49,3398955.0,41430440.0
2012-03-19,11.85,12.09,11.98,11.76,5393488.0,67543336.0
2012-03-16,11.35,11.80,11.75,11.31,5725749.0,69610584.0
2012-03-15,11.28,11.47,11.30,10.90,4935336.0,58099600.0
2012-03-14,12.06,12.14,11.25,11.18,7806641.0,95894424.0
2012-03-13,11.72,12.19,12.10,11.56,8016015.0,100463240.0
2012-03-12,11.54,11.74,11.71,11.53,3232367.0,39324632.0
2012-03-09,11.45,11.55,11.54,11.37,2599732.0,31227344.0
2012-03-08,11.23,11.53,11.42,11.23,3822441.0,45710460.0
2012-03-07,11.14,11.41,11.19,11.09,2683898.0,31710894.0
2012-03-06,11.47,11.48,11.26,11.17,3351655.0,39611700.0
2012-03-05,11.65,11.78,11.56,11.47,4021343.0,48819124.0
2012-03-02,11.90,11.90,11.68,11.46,6042208.0,73329696.0
2012-03-01,11.05,11.65,11.62,11.05,6526056.0,78338328.0
2012-02-29,11.14,11.31,11.17,11.07,2777775.0,32545924.0
2012-02-28,11.33,11.40,11.22,11.06,3729545.0,43866452.0
2012-02-27,11.44,11.64,11.41,11.28,5909145.0,70785968.0
2012-02-24,11.19,11.55,11.44,11.19,6640753.0,79197088.0
2012-02-23,11.11,11.25,11.14,10.89,4659466.0,54093724.0
2012-02-22,10.79,11.13,11.11,10.76,5689623.0,65421548.0
2012-02-21,10.65,10.80,10.79,10.42,4044115.0,44904408.0
2012-02-20,10.92,10.92,10.66,10.62,4155485.0,46746368.0
2012-02-17,10.92,11.20,10.74,10.68,4605635.0,52421120.0
2012-02-16,10.78,11.06,10.89,10.63,5717166.0,64880964.0
2012-02-15,10.57,10.79,10.78,10.44,4531861.0,50532336.0
2012-02-14,10.55,10.75,10.59,10.43,4292045.0,47510808.0
2012-02-13,10.19,10.91,10.69,10.09,7820109.0,86684928.0
2012-02-10,10.18,10.31,10.30,10.02,5074706.0,53986076.0
2012-02-09,10.03,10.48,10.19,9.99,6113934.0,65285336.0
2012-02-08,9.65,10.07,10.03,9.61,4768925.0,49575720.0
2012-02-07,10.00,10.00,9.66,9.52,4144532.0,42265512.0
2012-02-06,9.97,10.16,10.02,9.80,4514657.0,47127152.0
2012-02-03,9.84,10.02,9.99,9.77,6056846.0,62812008.0
2012-02-02,9.30,10.08,9.99,9.29,7375979.0,75397840.0
2012-02-01,9.22,9.45,9.34,9.07,3015560.0,29412702.0
2012-01-31,9.26,9.37,9.23,9.10,1793675.0,17296964.0
2012-01-30,9.45,9.53,9.30,9.22,3192014.0,31291242.0
2012-01-20,9.25,9.75,9.59,9.25,4031623.0,40288552.0
2012-01-19,8.82,9.22,9.15,8.78,2736733.0,26028314.0
2012-01-18,9.23,9.49,8.91,8.78,3642951.0,35136480.0
2012-01-17,8.69,9.50,9.30,8.61,3996932.0,37679272.0
2012-01-16,9.04,9.04,8.67,8.67,2682212.0,24809632.0
2012-01-13,9.91,9.97,9.15,9.15,5234070.0,51723272.0
2012-01-12,9.74,10.01,9.95,9.61,4659178.0,48114200.0
2012-01-11,9.79,10.03,9.84,9.66,6247382.0,64315576.0
2012-01-10,9.04,10.08,9.90,9.04,8703526.0,88049624.0
2012-01-09,8.43,9.25,9.16,8.43,6687973.0,62090080.0
2012-01-06,8.92,8.92,8.92,8.92,826500.0,7711245.0
2012-01-05,9.91,9.91,9.91,9.91,691700.0,7172929.0
2011-12-30,10.90,11.17,11.01,10.83,2997654.0,34423672.0
2011-12-29,10.85,11.08,10.87,10.63,3500090.0,39848512.0
2011-12-28,11.92,12.29,11.07,10.75,6927440.0,82774520.0
2011-12-27,11.61,11.93,11.85,11.41,3833891.0,46852636.0
2011-12-26,11.91,12.03,11.72,11.61,2755474.0,34131032.0
2011-12-23,11.58,12.07,11.91,11.56,3811914.0,47529400.0
2011-12-22,12.06,12.10,11.77,11.38,6426980.0,78687984.0
2011-12-21,12.88,13.09,12.34,12.29,5207704.0,69757608.0
2011-12-20,12.85,13.29,12.75,12.68,6216133.0,84625024.0
2011-12-19,12.86,13.09,13.02,12.52,5461632.0,72905816.0
2011-12-16,12.38,13.00,12.99,12.12,6069786.0,79948584.0
2011-12-15,12.09,12.70,12.40,12.09,5524882.0,72150824.0
2011-12-14,12.20,12.59,12.26,12.18,3935721.0,51005504.0
2011-12-13,13.00,13.14,12.29,12.20,5857435.0,76982864.0
2011-12-12,13.21,13.46,13.19,13.11,3427196.0,47771164.0
2011-12-09,13.27,13.67,13.27,13.14,5054944.0,70682472.0
2011-12-08,13.38,13.89,13.51,13.02,9438382.0,133182216.0
2011-12-07,13.07,13.61,13.50,12.95,8133311.0,113541000.0
2011-12-06,12.77,13.33,13.12,12.72,5755470.0,78354760.0
2011-12-05,13.41,13.46,12.86,12.76,5103603.0,69934680.0
2011-12-02,13.40,13.54,13.52,12.98,7230490.0,100475336.0
2011-12-01,13.57,13.83,13.48,13.30,11500948.0,162905024.0
2011-11-30,14.52,14.52,13.09,13.07,9289643.0,132723136.0
2011-11-29,14.42,14.69,14.53,14.31,9760710.0,148055056.0
2011-11-28,14.14,14.31,14.29,13.96,6649137.0,98480984.0
2011-11-25,14.14,14.38,14.05,13.94,5973374.0,88488536.0
2011-11-24,14.18,14.52,14.30,13.94,7222275.0,107719144.0
2011-11-23,14.72,14.86,14.43,14.34,11464733.0,174565648.0
2011-11-22,14.60,14.80,14.75,14.39,5677308.0,86957152.0
2011-11-21,15.00,15.00,14.75,14.49,8317677.0,127844296.0
2011-11-18,15.69,15.69,15.23,14.83,22002996.0,348932256.0
2011-11-17,15.82,17.47,16.48,15.67,27463654.0,485413216.0
2011-11-16,16.18,16.18,15.88,15.51,9510985.0,156824480.0
2011-11-15,15.95,16.22,16.11,15.72,9122239.0,152696640.0
2011-11-14,15.61,16.43,16.08,15.55,10468613.0,174733520.0
2011-11-11,15.58,15.83,15.50,15.36,9750911.0,158634704.0
2011-11-10,15.86,17.19,15.88,15.61,16890124.0,288571904.0
2011-11-09,15.84,16.37,16.25,15.63,13803005.0,231195600.0
2011-11-08,16.39,16.43,15.84,15.75,10228591.0,170655360.0
2011-11-07,16.53,16.78,16.42,16.13,8545840.0,146734656.0
2011-11-04,16.42,16.79,16.59,16.29,14258598.0,246352144.0
2011-11-03,16.11,16.88,16.81,16.01,19324948.0,338201408.0
2011-11-02,14.43,15.34,15.34,14.43,11555088.0,180787328.0
2011-11-01,13.30,13.94,13.94,13.30,5294010.0,76723280.0
2011-10-31,12.36,12.77,12.67,12.36,1867148.0,24518748.0
2011-10-28,12.26,12.40,12.32,12.14,1171593.0,15025936.0
2011-10-27,12.28,12.53,12.14,12.08,1820044.0,23416072.0
2011-10-26,12.02,12.39,12.26,11.85,1070678.0,13668665.0
2011-10-25,11.91,12.17,12.13,11.59,1179494.0,14782949.0
2011-10-24,11.82,11.94,11.91,11.43,947980.0,11547449.0
2011-10-21,11.74,11.95,11.92,11.64,501491.0,6160568.0
2011-10-20,12.14,12.14,11.86,11.75,371352.0,4606074.0
2011-10-19,12.43,12.43,12.19,12.10,468171.0,5990446.0
2011-10-18,12.43,12.72,12.29,12.27,653044.0,8522568.0
2011-10-17,12.52,12.70,12.54,12.48,474768.0,6255630.0
2011-10-14,12.62,12.63,12.52,12.36,737269.0,9630627.0
2011-10-13,12.15,12.88,12.75,12.14,1500038.0,19702108.0
2011-10-12,11.72,12.26,12.19,11.72,651371.0,8252773.0
2011-10-11,12.23,12.23,11.90,11.71,456669.0,5706620.0
2011-10-10,12.04,12.06,11.85,11.85,184515.0,2298511.0
2011-09-30,11.81,11.95,11.95,11.77,235097.0,2917661.0
2011-09-29,12.17,12.18,11.80,11.72,462442.0,5771750.0
2011-09-28,12.33,12.39,12.24,12.15,353451.0,4547465.0
2011-09-27,12.21,12.36,12.30,12.12,370959.0,4755748.0
2011-09-26,12.25,12.32,12.19,12.12,457624.0,5859717.0
2011-09-23,12.07,12.26,12.25,11.95,671734.0,8494952.0
2011-09-22,12.52,12.60,12.18,12.18,950072.0,12326389.0
2011-09-21,12.25,12.68,12.61,12.15,1523420.0,19838652.0
2011-09-20,12.24,12.39,12.31,12.04,322084.0,4130952.0
2011-09-19,12.38,12.49,12.24,12.19,463460.0,5952162.0
2011-09-16,12.76,12.77,12.50,12.42,1136504.0,14912426.0
2011-09-15,12.68,12.81,12.71,12.62,473556.0,6307848.0
2011-09-14,12.52,12.66,12.65,12.38,317180.0,4152465.0
2011-09-13,12.38,12.57,12.48,12.33,371444.0,4824754.0
2011-09-09,12.85,12.95,12.67,12.44,995387.0,13238491.0
2011-09-08,13.07,13.08,12.95,12.85,323660.0,4398649.0
2011-09-07,12.80,13.00,12.97,12.69,272431.0,3662935.0
2011-09-06,12.71,12.86,12.61,12.61,558324.0,7430806.0
2011-09-05,13.17,13.19,12.90,12.80,583172.0,7914721.0
2011-09-02,13.57,13.57,13.35,13.22,308774.0,4313781.0
2011-09-01,13.46,13.59,13.46,13.33,534090.0,7522756.0
2011-08-31,13.62,13.66,13.40,13.19,712191.0,9968906.0
2011-08-30,13.89,14.04,13.64,13.60,682528.0,9889552.0
2011-08-29,13.68,13.93,13.88,13.68,1116496.0,16147447.0
2011-08-26,13.68,13.89,13.78,13.65,1319162.0,18955770.0
2011-08-25,13.76,13.83,13.75,13.56,1197290.0,17161298.0
2011-08-24,13.57,13.91,13.70,13.39,899027.0,12961979.0
2011-08-23,13.37,13.52,13.52,13.22,421147.0,5909662.0
2011-08-22,13.26,13.43,13.22,13.16,429924.0,5966428.0
2011-08-19,13.15,13.28,13.28,13.04,631159.0,8687605.0
2011-08-18,13.67,13.76,13.38,13.31,638890.0,9039171.0
2011-08-17,13.85,13.95,13.71,13.49,802187.0,11509955.0
2011-08-16,13.82,14.03,13.82,13.68,1261274.0,18327682.0
2011-08-15,13.51,13.81,13.75,13.38,774299.0,11046775.0
2011-08-12,13.47,13.64,13.48,13.38,780085.0,11010126.0
2011-08-11,12.72,13.39,13.38,12.72,688281.0,9469862.0
2011-08-10,13.09,13.27,13.14,13.09,689707.0,9508352.0
2011-08-09,12.76,13.04,12.94,12.43,820308.0,10907730.0
2011-08-08,13.40,13.67,13.01,12.72,1021369.0,14084936.0
2011-08-05,13.83,14.05,13.68,13.38,850409.0,12232913.0
2011-08-04,14.23,14.42,14.17,14.17,531569.0,7961512.0
2011-08-03,14.16,14.29,14.24,14.02,512293.0,7596623.0
2011-08-02,14.55,14.55,14.17,13.87,893657.0,13147826.0
2011-08-01,14.50,14.60,14.43,14.35,551025.0,8334218.0
2011-07-29,14.62,14.65,14.49,14.38,718035.0,10941317.0
2011-07-28,14.44,14.62,14.48,14.27,713684.0,10755008.0
2011-07-27,14.32,14.70,14.56,14.14,843096.0,12836767.0
2011-07-26,14.20,14.43,14.32,14.15,522470.0,7807884.0
2011-07-25,14.89,15.15,14.25,14.16,1235612.0,18771178.0
2011-07-22,15.18,15.29,14.96,14.86,1367394.0,21483088.0
2011-07-21,15.15,15.50,15.26,15.15,3088565.0,49584440.0
2011-07-20,14.75,15.33,15.28,14.65,1920380.0,30345564.0
2011-07-19,15.02,15.02,14.72,14.64,829371.0,12801638.0
2011-07-18,15.37,15.47,15.03,14.90,2176047.0,34578376.0
2011-07-15,14.76,15.40,15.38,14.74,2719722.0,43179992.0
2011-07-14,14.40,14.79,14.73,14.35,1107272.0,16886906.0
2011-07-13,13.97,14.47,14.35,13.97,518737.0,7745492.0
2011-07-12,14.55,14.55,14.00,13.98,1038732.0,15474674.0
2011-07-11,14.62,14.75,14.61,14.33,683044.0,10401589.0
2011-07-08,14.83,14.87,14.75,14.67,636841.0,9819201.0
2011-07-07,14.70,14.96,14.91,14.62,1268107.0,19630614.0
2011-07-06,14.62,14.86,14.74,14.62,724006.0,11132739.0
2011-07-05,14.50,14.90,14.72,14.33,1428676.0,22011596.0
2011-07-04,14.32,14.57,14.50,14.32,1173405.0,17734564.0
2011-07-01,14.53,14.53,14.31,14.21,1604310.0,24067660.0
2011-06-30,14.43,14.59,14.47,14.14,2104323.0,31657578.0
2011-06-29,14.91,15.72,14.66,14.66,5517216.0,88069576.0
2011-06-28,13.74,15.10,15.06,13.74,3027997.0,46113672.0
2011-06-27,13.68,13.94,13.75,13.43,950574.0,13696404.0
2011-06-24,12.99,13.81,13.70,12.99,1387333.0,19599386.0
2011-06-23,12.75,13.16,13.07,12.74,448161.0,6110377.0
2011-06-22,12.81,13.00,12.82,12.62,324887.0,4361204.0
2011-06-21,12.63,12.81,12.78,12.55,281264.0,3736952.0
2011-06-20,12.62,12.81,12.55,12.51,265853.0,3501874.0
2011-06-17,12.89,12.92,12.72,12.63,395738.0,5305012.0
2011-06-16,13.18,13.26,12.89,12.85,320000.0,4375971.0
2011-06-15,13.38,13.53,13.26,13.19,351061.0,4887053.0
2011-06-14,13.25,13.53,13.46,13.02,439299.0,6139230.0
2011-06-13,13.19,13.26,13.21,12.90,266058.0,3637707.0
2011-06-10,13.56,13.77,13.35,12.71,504193.0,7010033.0
2011-06-09,13.47,13.94,13.59,13.47,532831.0,7653980.0
2011-06-08,13.77,13.83,13.69,13.57,651462.0,9330707.0
2011-06-07,12.87,14.20,13.88,12.81,1584610.0,22938662.0
2011-06-03,12.66,13.00,12.91,12.61,409462.0,5515910.0
2011-06-02,12.94,12.94,12.76,12.49,457717.0,6074496.0
2011-06-01,12.81,13.21,13.04,12.72,542752.0,7427553.0
2011-05-31,12.69,12.79,12.79,12.53,380365.0,5039942.0
2011-05-30,12.61,12.81,12.54,12.47,322957.0,4279231.0
2011-05-27,13.43,13.47,12.72,12.57,559991.0,7548311.0
2011-05-26,13.46,13.67,13.42,13.39,278600.0,3941659.0
2011-05-25,13.57,13.67,13.42,13.39,422570.0,5972278.0
2011-05-24,13.46,13.66,13.57,13.21,681758.0,9592784.0
2011-05-23,14.40,14.40,13.51,13.46,860918.0,12494083.0
2011-05-20,14.69,14.69,14.41,14.33,481966.0,7279918.0
2011-05-19,14.92,14.92,14.52,14.48,656137.0,10044978.0
2011-05-18,14.63,14.91,14.81,14.63,292075.0,4526563.0
2011-05-17,14.81,14.88,14.74,14.63,501491.0,7748683.0
2011-05-16,15.12,15.12,14.81,14.81,505638.0,7908291.0
2011-05-13,14.93,15.19,15.12,14.82,657562.0,10366767.0
2011-05-12,14.96,15.12,14.90,14.76,442058.0,6942743.0
2011-05-11,15.17,15.18,15.08,14.87,580709.0,9132979.0
2011-05-10,15.35,15.38,15.17,14.86,961459.0,15161532.0
2011-05-09,14.86,15.41,15.17,14.86,745610.0,11815825.0
2011-05-06,15.05,15.05,14.86,14.47,1510987.0,23283666.0
2011-05-05,15.34,15.67,15.23,15.22,655715.0,10610645.0
2011-05-04,16.07,16.07,15.53,15.31,1195167.0,19538330.0
2011-05-03,16.09,16.10,16.07,15.31,1687702.0,27970036.0
2011-04-29,15.40,16.15,16.08,15.40,907975.0,30489420.0
2011-04-28,16.29,16.38,15.60,15.27,818656.0,27280800.0
2011-04-27,16.36,16.43,16.14,16.06,906244.0,31042510.0
2011-04-26,15.80,16.57,16.25,15.63,1625815.0,55808976.0
2011-04-25,15.82,15.88,15.75,15.16,906934.0,29877226.0
2011-04-22,16.38,16.95,16.05,16.03,2001088.0,69480592.0
2011-04-20,15.71,15.96,15.89,15.67,842440.0,28227936.0
2011-04-19,15.57,15.86,15.72,15.41,672059.0,22194208.0
2011-04-18,15.77,16.00,15.64,15.60,718977.0,23892426.0
2011-04-15,15.56,15.91,15.80,15.44,1284171.0,42657452.0
2011-04-14,15.30,15.58,15.41,15.30,608349.0,19901242.0
2011-04-13,15.11,15.39,15.29,14.97,296231.0,9476026.0
2011-04-12,15.29,15.39,15.23,15.18,242282.0,7812634.0
2011-04-11,15.48,15.58,15.29,15.26,612802.0,19862038.0
2011-04-08,15.13,15.65,15.48,15.06,625981.0,20406208.0
2011-04-07,15.01,15.19,15.16,14.98,271274.0,8661718.0
2011-04-06,15.11,15.12,15.04,14.92,336419.0,10655162.0
2011-04-01,15.07,15.34,15.11,15.07,297369.0,9500768.0
2011-03-31,14.97,15.26,15.11,14.97,388038.0,12374266.0
2011-03-30,14.96,15.11,14.97,14.89,500768.0,15820412.0
2011-03-29,15.39,15.39,14.93,14.90,767621.0,24530910.0
2011-03-28,15.63,15.84,15.40,15.38,1344623.0,44149536.0
2011-03-25,15.76,16.10,15.65,15.25,1656520.0,54865252.0
2011-03-24,15.52,15.82,15.75,15.40,1083963.0,35770764.0
2011-03-23,15.45,15.66,15.52,15.34,620614.0,20373514.0
2011-03-22,15.32,15.48,15.45,15.13,580737.0,18731898.0
2011-03-21,15.29,15.34,15.32,15.16,593906.0,19159696.0
2011-03-18,15.13,15.30,15.22,15.08,461723.0,14812937.0
2011-03-17,15.21,15.29,15.14,15.07,509350.0,16357067.0
2011-03-16,15.40,15.53,15.21,15.12,793710.0,25627854.0
2011-03-15,15.27,15.31,15.29,14.97,1035465.0,33105626.0
2011-03-14,14.88,15.37,15.28,14.87,832235.0,26613700.0
2011-03-11,14.76,14.90,14.87,14.68,414512.0,13001868.0
2011-03-10,14.80,14.82,14.77,14.71,425591.0,13262088.0
2011-03-09,14.67,14.86,14.84,14.66,446897.0,13954611.0
2011-03-08,14.73,14.74,14.68,14.59,522988.0,16173803.0
2011-03-07,14.68,14.83,14.73,14.58,520733.0,16165159.0
2011-03-04,14.81,14.91,14.63,14.45,623684.0,19281938.0
2011-03-03,15.34,15.34,14.80,14.78,667398.0,21179906.0
2011-03-02,15.39,15.44,15.39,15.20,754997.0,24498700.0
2011-03-01,15.23,15.39,15.37,15.16,844841.0,27304144.0
2011-02-28,14.97,15.45,15.20,14.91,650327.0,20841716.0
2011-02-25,15.07,15.16,15.02,14.83,312256.0,9865959.0
2011-02-24,14.88,15.15,15.11,14.87,388527.0,12355395.0
2011-02-23,14.79,15.11,14.92,14.69,343605.0,10827903.0
2011-02-22,15.07,15.24,14.77,14.73,436820.0,13788498.0
2011-02-21,14.92,15.22,15.18,14.92,275807.0,8796659.0
2011-02-18,15.30,15.30,15.00,15.00,475118.0,15171424.0
2011-02-17,15.45,15.46,15.38,15.23,451519.0,14588689.0
2011-02-16,15.58,15.75,15.46,15.25,1174303.0,38137752.0
2011-02-15,14.89,15.82,15.63,14.78,1023508.0,33051346.0
2011-02-14,14.72,14.94,14.92,14.59,497789.0,15563222.0
2011-02-11,14.67,14.82,14.70,14.57,266948.0,8300546.0
2011-02-10,14.15,14.66,14.65,14.07,309022.0,9403188.0
2011-02-09,14.44,14.54,14.21,13.97,343150.0,10377716.0
2011-02-01,14.53,14.61,14.52,14.40,137901.0,4217073.0
2011-01-31,14.44,14.63,14.52,14.35,243102.0,7444340.0
2011-01-28,14.39,14.57,14.50,14.25,189449.0,5751285.0
2011-01-27,14.26,14.39,14.38,14.12,175424.0,5307969.0
2011-01-26,14.20,14.29,14.26,14.14,125250.0,3757506.0
2011-01-25,14.28,14.36,14.14,14.07,221621.0,6651512.0
2011-01-24,14.21,14.44,14.23,14.21,173190.0,5218345.0
2011-01-21,14.16,14.44,14.26,14.16,208446.0,6280168.0
2011-01-20,14.63,14.72,14.16,14.16,228600.0,6937264.0
2011-01-19,14.45,14.64,14.63,14.36,166817.0,5122482.0
2011-01-18,14.51,14.62,14.44,14.30,123990.0,3788659.0
2011-01-17,15.10,15.18,14.51,14.49,329068.0,10239758.0
2011-01-14,15.44,15.44,15.20,15.10,262243.0,8418504.0
2011-01-13,15.32,15.77,15.47,15.31,473458.0,15568493.0
2011-01-12,15.52,15.52,15.42,15.24,311876.0,10100087.0
2011-01-11,15.16,15.49,15.44,15.02,690085.0,22319530.0
2011-01-10,15.23,15.34,15.29,15.16,471879.0,15188172.0
2011-01-07,15.25,15.33,15.23,15.17,345083.0,11110863.0
2011-01-06,15.44,15.57,15.25,15.24,339865.0,10996080.0
2011-01-05,15.52,15.53,15.44,15.38,254284.0,8301211.0
2011-01-04,15.34,15.67,15.51,15.30,326256.0,10679878.0
