date,open,high,close,low,volume,amount
2015-11-27,10.37,10.75,9.88,9.65,20183586.0,209170688.0
2015-11-26,10.86,10.95,10.37,10.35,23384808.0,246898944.0
2015-11-25,10.80,11.06,10.84,10.62,15617149.0,169179104.0
2015-11-24,10.70,10.91,10.71,10.51,16178538.0,173002288.0
2015-11-23,11.45,11.55,10.85,10.66,26912718.0,300346912.0
2015-11-20,11.21,11.97,11.65,10.81,48520904.0,545482816.0
2015-11-19,10.62,11.54,11.49,10.42,49951240.0,546529024.0
2015-11-18,10.61,10.75,10.59,10.34,30272776.0,319081952.0
2015-11-17,9.91,10.90,10.70,9.91,44212240.0,460038720.0
2015-11-16,9.15,9.95,9.92,9.10,17585864.0,168863216.0
2015-11-13,9.30,9.45,9.29,9.16,9709026.0,90524688.0
2015-11-12,9.58,9.69,9.47,9.30,13507151.0,128049736.0
2015-11-11,9.65,9.68,9.60,9.45,13851841.0,132239128.0
2015-11-10,9.28,9.86,9.71,9.20,21083796.0,202149568.0
2015-11-09,9.20,9.59,9.42,9.13,17199926.0,161161904.0
2015-11-06,9.14,9.38,9.32,9.13,14679058.0,136412704.0
2015-11-05,9.19,9.29,9.10,9.02,21599320.0,197298256.0
2015-11-04,8.73,9.21,9.20,8.69,14865813.0,134685280.0
2015-11-03,8.74,8.84,8.68,8.59,6441432.0,56154632.0
2015-11-02,8.81,9.00,8.72,8.70,8680082.0,76692336.0
2015-10-30,9.20,9.21,8.99,8.81,9499674.0,85364976.0
2015-10-29,8.93,9.25,9.19,8.83,15041776.0,135952960.0
2015-10-28,8.87,9.20,9.00,8.81,20070256.0,181005376.0
2015-10-27,8.68,8.89,8.86,8.32,10914511.0,93984640.0
2015-10-26,8.90,9.12,8.79,8.56,10597454.0,93877672.0
2015-10-23,8.50,8.79,8.75,8.40,9751984.0,83699752.0
2015-10-22,8.10,8.60,8.51,8.09,11070556.0,92009256.0
2015-10-21,8.96,9.28,8.09,8.06,18187996.0,160541616.0
2015-10-20,8.75,9.00,8.95,8.60,10865493.0,95730288.0
2015-10-19,8.84,9.22,8.92,8.74,15974624.0,143045872.0
2015-10-16,8.85,8.85,8.80,8.53,11965600.0,104246128.0
2015-10-15,8.34,8.76,8.76,8.34,12463440.0,107275800.0
2015-10-14,8.44,8.53,8.41,8.32,8382233.0,70646488.0
2015-10-13,8.35,8.55,8.47,8.31,11016394.0,92713304.0
2015-10-12,8.06,8.79,8.52,8.00,14994371.0,125357864.0
2015-10-09,7.83,8.10,8.07,7.75,9368465.0,74940944.0
2015-10-08,8.25,8.25,7.96,7.85,10555192.0,85017904.0
2015-09-30,7.49,7.67,7.51,7.39,3939549.0,29714566.0
2015-09-29,7.52,7.57,7.38,7.29,4071778.0,30324460.0
2015-09-28,7.36,7.70,7.65,7.30,3840813.0,28963490.0
2015-09-25,7.86,7.94,7.40,7.25,6611942.0,50331140.0
2015-09-24,7.80,7.97,7.95,7.77,6272563.0,49456232.0
2015-09-23,7.99,8.07,7.79,7.71,9643629.0,76282136.0
2015-09-22,8.00,8.45,8.19,7.88,19788240.0,160673648.0
2015-09-21,7.05,7.83,7.79,7.05,9808022.0,73711208.0
2015-09-18,7.04,7.27,7.20,7.04,4090937.0,29208330.0
2015-09-17,7.15,7.47,7.09,7.06,7123253.0,51781928.0
2015-09-16,6.72,7.27,7.24,6.63,7712243.0,54103684.0
2015-09-15,7.04,7.20,6.61,6.50,6139502.0,42152624.0
2015-09-14,8.01,8.06,7.16,7.16,7811060.0,58632076.0
2015-09-11,7.85,8.01,7.96,7.72,6310432.0,49747800.0
2015-09-10,7.91,8.03,7.80,7.76,6852512.0,54190764.0
2015-09-09,7.72,8.08,8.06,7.66,10364409.0,81674672.0
2015-09-08,7.25,7.71,7.65,7.11,6485847.0,48125644.0
2015-09-07,7.16,7.48,7.28,7.16,7845114.0,57548672.0
2015-09-02,7.00,7.73,7.05,6.90,11418977.0,82662656.0
2015-09-01,8.28,8.75,7.67,7.66,14016534.0,115386704.0
2015-08-31,8.01,8.93,8.41,7.84,17759272.0,146849648.0
2015-08-28,7.70,8.21,8.15,7.61,11704072.0,92662536.0
2015-08-27,7.40,7.69,7.50,7.03,8033681.0,59333332.0
2015-08-26,7.70,7.98,7.17,7.03,10013187.0,75747512.0
2015-08-25,7.66,7.98,7.66,7.66,5725788.0,44021428.0
2015-08-24,9.00,9.04,8.51,8.51,6259793.0,53808536.0
2015-08-21,9.98,10.39,9.46,9.25,7404181.0,72307664.0
2015-08-20,10.18,10.59,10.15,10.01,9517997.0,98311864.0
2015-08-19,9.70,10.48,10.28,9.23,11944278.0,118277496.0
2015-08-18,11.45,11.69,10.26,10.26,16183643.0,179112512.0
2015-08-17,11.17,11.40,11.40,10.86,12226951.0,136323344.0
2015-08-14,11.12,11.28,11.09,10.95,13178067.0,146495632.0
2015-08-13,10.73,11.05,11.05,10.60,9582448.0,104090144.0
2015-08-12,11.00,11.17,10.70,10.67,14677399.0,160148256.0
2015-08-11,11.09,11.52,11.17,10.96,17740240.0,199138144.0
2015-08-10,10.75,11.19,11.09,10.60,17710252.0,193975936.0
2015-08-07,10.49,10.79,10.65,10.47,10491497.0,111796312.0
2015-08-06,10.28,10.57,10.47,10.15,8909203.0,92380832.0
2015-08-05,10.57,10.82,10.34,10.26,10536972.0,110836464.0
2015-08-04,10.22,10.69,10.69,10.06,13229275.0,137437376.0
2015-08-03,9.69,10.20,10.10,9.52,9839462.0,95419240.0
2015-07-31,9.52,9.90,9.88,9.52,10543603.0,102361216.0
2015-07-30,9.92,10.29,9.72,9.68,12934692.0,130280600.0
2015-07-29,9.80,10.10,10.05,9.15,11727297.0,112330824.0
2015-07-28,8.65,9.81,9.55,8.55,18306480.0,167284400.0
2015-07-27,10.12,10.42,9.43,9.43,15985116.0,159797008.0
2015-07-24,10.88,11.19,10.48,10.30,23948796.0,261332128.0
2015-07-23,10.58,10.87,10.80,10.38,19322732.0,206391072.0
2015-07-22,10.21,10.65,10.53,9.98,17640736.0,183167424.0
2015-07-21,10.00,10.45,10.26,9.86,11965403.0,122629528.0
2015-07-20,10.20,10.51,10.25,9.81,16208749.0,165537760.0
2015-07-17,9.70,10.39,10.19,9.60,14284479.0,143334928.0
2015-07-16,9.33,9.98,9.59,8.50,14696191.0,139682976.0
2015-07-15,10.03,10.08,9.33,9.33,17228344.0,165625808.0
2015-07-14,10.55,11.28,10.37,10.11,30116284.0,320100704.0
2015-07-13,10.20,10.76,10.76,9.90,26369676.0,274540480.0
2015-07-10,9.01,9.78,9.78,8.98,17603348.0,169576688.0
2015-07-09,8.08,8.89,8.89,8.08,17598536.0,151331248.0
2015-07-08,7.08,8.49,8.08,7.08,46701024.0,353063744.0
2015-07-07,7.95,8.45,7.87,7.87,11196420.0,89727064.0
2015-07-06,10.23,10.23,8.74,8.37,28473556.0,257755296.0
2015-07-03,9.75,10.52,9.30,9.01,22014858.0,211678176.0
2015-07-02,10.75,11.36,10.01,9.81,20626470.0,216848080.0
2015-07-01,11.82,12.24,10.81,10.81,18948072.0,221622752.0
2015-06-30,11.01,12.09,12.01,10.12,20213676.0,221623600.0
2015-06-29,12.74,12.74,11.24,11.23,17138108.0,202687408.0
2015-06-26,13.50,13.50,12.48,12.48,16491386.0,212927216.0
2015-06-25,14.72,14.74,13.87,13.53,14152957.0,201294080.0
2015-06-24,14.10,14.80,14.63,14.10,16328917.0,235953376.0
2015-06-23,14.00,14.39,14.28,12.71,16898724.0,231890048.0
2015-06-19,15.50,15.50,14.11,14.11,16008142.0,236896016.0
2015-06-18,16.05,16.48,15.68,15.63,15058493.0,243016528.0
2015-06-17,16.43,16.43,16.25,15.18,16827240.0,266739840.0
2015-06-16,16.81,16.81,16.15,15.82,17577248.0,288219520.0
2015-06-15,17.32,17.46,17.01,16.97,19433192.0,333564800.0
2015-06-12,17.11,18.00,17.32,16.91,26213628.0,460500960.0
2015-06-11,16.37,17.19,17.10,16.11,23445240.0,391036192.0
2015-06-10,15.82,16.63,16.33,15.82,18468944.0,302281536.0
2015-06-09,16.22,16.48,16.27,15.81,18188456.0,292559040.0
2015-06-08,16.68,16.98,16.22,16.18,20426022.0,335728480.0
2015-06-05,16.50,17.32,16.67,16.30,28067064.0,471146848.0
2015-06-04,16.46,16.48,16.31,14.83,25836072.0,410054016.0
2015-06-03,15.57,17.00,16.48,15.57,34411444.0,563479808.0
2015-06-02,14.99,15.50,15.50,14.80,27244692.0,414475104.0
2015-06-01,14.02,14.80,14.77,13.84,21502000.0,310004576.0
2015-05-29,13.81,14.38,13.94,12.90,24154436.0,333526016.0
2015-05-28,15.29,15.85,13.84,13.83,34093668.0,513515456.0
2015-05-27,15.73,15.83,15.37,15.00,29763760.0,459107488.0
2015-05-26,14.82,15.65,15.54,14.60,32374628.0,487476448.0
2015-05-25,14.18,14.98,14.80,14.01,30125640.0,440130656.0
2015-05-22,14.40,14.45,14.22,13.92,29872276.0,423738048.0
2015-05-21,13.60,14.09,13.96,13.50,24076100.0,333162272.0
2015-05-20,13.82,14.40,13.69,13.57,35469688.0,498816960.0
2015-05-19,13.41,14.00,13.71,13.20,25162788.0,342690976.0
2015-05-18,12.61,13.50,13.40,12.50,24215068.0,319025056.0
2015-05-15,13.25,13.25,12.71,12.65,18014964.0,231778160.0
2015-05-14,13.31,13.40,13.30,13.07,21564898.0,285739968.0
2015-05-13,12.99,13.30,13.18,12.66,23479816.0,307533728.0
2015-05-12,12.91,13.09,12.99,12.75,18781588.0,242460416.0
2015-05-11,12.28,12.88,12.74,12.06,18689616.0,232975888.0
2015-05-08,11.88,12.14,12.11,11.75,12951335.0,154650416.0
2015-05-07,12.55,12.55,11.70,11.66,17650064.0,211253024.0
2015-05-06,13.49,13.59,12.55,12.27,24419344.0,317127712.0
2015-05-05,13.43,13.90,13.43,13.31,29552372.0,401095936.0
2015-05-04,13.30,13.64,13.44,13.20,24136272.0,323503616.0
2015-04-30,13.63,14.45,13.41,13.35,50749436.0,708511040.0
2015-04-29,12.35,13.72,13.72,12.27,39968900.0,524436320.0
2015-04-28,12.96,13.27,12.47,12.40,28294152.0,363106176.0
2015-04-27,13.09,13.45,12.94,12.83,36973788.0,484764064.0
2015-04-24,12.68,13.18,13.16,12.51,43556816.0,564161664.0
2015-04-23,12.87,12.93,12.86,12.63,28918544.0,369421056.0
2015-04-22,12.91,13.03,12.87,12.71,43670496.0,562223168.0
2015-04-21,12.25,13.14,12.91,12.01,56050652.0,704592768.0
2015-04-20,11.65,12.39,12.30,11.52,47821536.0,574153536.0
2015-04-17,11.42,11.90,11.80,11.36,30310496.0,354279136.0
2015-04-16,11.15,11.47,11.36,11.00,14147992.0,159848864.0
2015-04-15,11.93,11.94,11.22,11.20,19874484.0,229837120.0
2015-04-14,11.92,12.02,11.97,11.72,23947584.0,284465088.0
2015-04-13,11.73,11.97,11.88,11.61,22217356.0,262701312.0
2015-04-10,11.45,11.69,11.66,11.33,18138792.0,210009392.0
2015-04-09,11.75,11.96,11.41,11.02,18563104.0,212014144.0
2015-04-08,12.05,12.05,11.78,11.52,24799404.0,292873600.0
2015-04-07,11.71,12.29,12.09,11.63,34224988.0,409099168.0
2015-04-03,11.55,11.69,11.66,11.38,26451840.0,305698400.0
2015-04-02,11.45,11.76,11.65,11.33,28451620.0,327214240.0
2015-04-01,11.20,11.50,11.42,11.15,19970440.0,226292048.0
2015-03-31,11.40,11.41,11.19,11.16,19318482.0,217845568.0
2015-03-30,11.40,11.53,11.42,11.30,19426476.0,221674672.0
2015-03-27,11.52,11.59,11.42,11.23,19315444.0,220188064.0
2015-03-26,11.18,11.72,11.55,11.08,38912704.0,446448512.0
2015-03-25,10.71,11.27,11.24,10.71,26138592.0,288032192.0
2015-03-24,11.08,11.13,10.80,10.50,23901048.0,258977296.0
2015-03-23,10.89,11.19,11.12,10.80,26654330.0,293747040.0
2015-03-20,10.80,10.92,10.88,10.72,17019136.0,183888912.0
2015-03-19,10.75,10.94,10.90,10.63,24626578.0,265346992.0
2015-03-18,10.46,10.85,10.76,10.46,25229312.0,270238496.0
2015-03-17,10.45,10.57,10.54,10.35,24639764.0,257792560.0
2015-03-16,10.25,10.42,10.41,10.19,14796690.0,153223888.0
2015-03-13,10.13,10.24,10.22,10.12,7286636.0,74183568.0
2015-03-12,10.17,10.30,10.12,10.04,8877812.0,90303912.0
2015-03-11,10.36,10.45,10.17,10.12,13593182.0,139370304.0
2015-03-10,10.38,10.54,10.36,10.30,17066020.0,177512544.0
2015-03-09,10.51,10.51,10.35,10.24,17531526.0,181149936.0
2015-03-06,10.16,10.50,10.48,10.06,28787104.0,295804736.0
2015-03-05,10.07,10.19,10.03,9.89,14549546.0,145433488.0
2015-03-04,10.21,10.39,10.16,10.07,17761652.0,180721728.0
2015-03-03,9.98,10.20,10.17,9.86,21050876.0,211806272.0
2015-03-02,9.81,10.00,9.95,9.79,13661530.0,135362224.0
2015-02-27,9.73,9.88,9.79,9.72,9120583.0,89312920.0
2015-02-26,9.61,9.82,9.80,9.58,10341274.0,100473896.0
2015-02-25,9.72,9.72,9.59,9.56,6383239.0,61507272.0
2015-02-17,9.66,9.75,9.66,9.55,8741751.0,84381256.0
2015-02-16,9.46,9.66,9.63,9.46,7738898.0,74146096.0
2015-02-13,9.38,9.58,9.45,9.36,7043535.0,66901524.0
2015-02-12,9.37,9.48,9.36,9.26,4245207.0,39752936.0
2015-02-11,9.24,9.43,9.34,9.21,3668048.0,34303620.0
2015-02-10,9.15,9.22,9.20,9.09,3354362.0,30750678.0
2015-02-09,9.18,9.33,9.15,9.14,3679018.0,33959940.0
2015-02-06,9.38,9.45,9.21,9.11,5529197.0,51278628.0
2015-02-05,9.58,9.70,9.40,9.36,8740729.0,82912000.0
2015-02-04,9.62,10.05,9.58,9.48,13037782.0,127412304.0
2015-02-03,9.65,9.85,9.78,9.60,11799214.0,115038072.0
2015-02-02,9.37,9.78,9.58,9.34,11494140.0,110516888.0
2015-01-30,9.46,9.63,9.31,9.30,7193080.0,67786152.0
2015-01-29,9.55,9.70,9.49,9.45,9097934.0,87079808.0
2015-01-28,9.56,9.95,9.74,9.56,23255116.0,227392144.0
2015-01-27,9.48,9.61,9.53,9.35,9462853.0,89675800.0
2015-01-26,9.26,9.48,9.47,9.26,9037673.0,85073256.0
2015-01-23,9.40,9.55,9.26,9.21,15787310.0,148096592.0
2015-01-22,8.99,9.90,9.54,8.95,29163216.0,274978208.0
2015-01-21,8.68,9.06,9.04,8.65,14505773.0,128424760.0
2015-01-20,8.49,8.72,8.68,8.49,6443529.0,55600484.0
2015-01-19,8.78,8.78,8.49,8.10,7525476.0,64267908.0
2015-01-16,8.87,9.01,8.92,8.85,5114104.0,45609036.0
2015-01-15,8.92,9.04,8.95,8.86,4692284.0,42041480.0
2015-01-14,8.86,8.92,8.92,8.81,3814942.0,33827684.0
2015-01-13,8.65,8.88,8.85,8.58,4713939.0,41247872.0
2015-01-12,8.86,8.87,8.65,8.58,4650385.0,40394396.0
2015-01-09,9.00,9.08,8.87,8.87,6485843.0,58398632.0
2015-01-08,9.00,9.38,9.14,8.92,10785068.0,99509912.0
2015-01-07,9.00,9.05,9.01,8.83,6517099.0,58398216.0
2015-01-06,8.84,9.02,9.00,8.72,6799199.0,60459588.0
2015-01-05,8.63,8.95,8.88,8.50,6734226.0,58790112.0
2014-12-31,8.51,8.65,8.63,8.44,5951666.0,50947528.0
2014-12-30,8.90,8.95,8.51,8.50,7884581.0,68067032.0
2014-12-29,9.15,9.17,8.94,8.90,6348475.0,57033080.0
2014-12-26,9.11,9.17,9.17,9.05,5883373.0,53585884.0
2014-12-25,9.12,9.15,9.10,9.00,5657237.0,51321244.0
2014-12-24,8.90,9.18,9.03,8.90,5743665.0,52044136.0
2014-12-23,9.05,9.22,8.89,8.88,5646759.0,51134724.0
2014-12-22,9.82,9.89,9.05,8.91,11530218.0,107158672.0
2014-12-19,10.17,10.17,9.90,9.62,11252774.0,110873808.0
2014-12-18,10.06,10.30,10.17,10.00,8128420.0,82367400.0
2014-12-17,10.39,10.39,10.08,10.02,10759805.0,109714200.0
2014-12-16,10.28,10.52,10.39,10.06,18715868.0,192446176.0
2014-12-15,9.99,10.30,10.28,9.91,14339848.0,145930352.0
2014-12-12,10.03,10.07,10.00,9.91,7114914.0,71113128.0
2014-12-11,9.77,10.05,9.97,9.68,8753251.0,86331944.0
2014-12-10,9.40,9.82,9.80,9.35,8685332.0,83798336.0
2014-12-09,10.00,10.01,9.53,9.50,12975611.0,127221696.0
2014-12-08,9.90,10.20,10.00,9.77,9950195.0,99718416.0
2014-12-05,10.48,10.53,9.98,9.71,13735367.0,138423888.0
2014-12-04,10.21,10.48,10.47,10.21,14747752.0,153214464.0
2014-12-03,10.03,10.29,10.28,9.90,14409760.0,145536240.0
2014-12-02,9.92,10.11,10.03,9.90,7880823.0,79045416.0
2014-12-01,10.20,10.20,9.93,9.90,10359796.0,103025144.0
2014-11-28,10.45,10.53,10.22,10.17,15852547.0,163495216.0
2014-11-27,10.54,10.77,10.59,10.45,14053284.0,148696448.0
2014-11-26,10.54,10.58,10.54,10.33,13235526.0,138389792.0
2014-11-25,10.31,10.60,10.58,10.28,15746186.0,164438400.0
2014-11-24,10.24,10.32,10.30,10.13,13581865.0,138785488.0
2014-11-21,10.20,10.30,10.24,10.12,9911001.0,101276712.0
2014-11-20,10.05,10.31,10.18,10.01,15503985.0,158145392.0
2014-11-19,10.10,10.18,10.08,9.87,11390160.0,114368080.0
2014-11-18,10.05,10.16,10.05,10.00,5750945.0,57914984.0
2014-11-17,10.00,10.17,10.08,9.87,7429810.0,74671856.0
2014-11-14,9.79,9.96,9.96,9.70,5742879.0,56635196.0
2014-11-13,10.05,10.13,9.87,9.69,9464747.0,93489504.0
2014-11-12,10.02,10.17,10.03,9.81,12931735.0,129158368.0
2014-11-11,11.05,11.05,10.11,9.90,12010908.0,125589608.0
2014-11-10,10.77,10.98,10.95,10.75,6171756.0,67191552.0
2014-11-07,11.28,11.30,10.83,10.77,11712167.0,129537016.0
2014-11-06,11.15,11.39,11.23,11.10,12631397.0,141987856.0
2014-11-05,10.80,11.38,11.29,10.71,18879348.0,210119184.0
2014-11-04,11.07,11.07,10.84,10.81,6460898.0,70522920.0
2014-11-03,10.78,11.04,11.02,10.74,9822939.0,107252296.0
2014-10-31,10.91,10.95,10.83,10.57,8602427.0,92671816.0
2014-10-30,10.91,11.10,10.91,10.88,11239547.0,123406848.0
2014-10-29,10.94,11.06,10.99,10.82,13690421.0,149755296.0
2014-10-28,10.70,10.99,10.98,10.64,10621050.0,115232552.0
2014-10-27,10.49,10.71,10.67,10.36,6871193.0,72810488.0
2014-10-24,10.38,10.53,10.50,10.31,6436622.0,67128976.0
2014-10-23,10.61,10.68,10.36,10.24,11405011.0,118563360.0
2014-10-22,10.75,10.90,10.62,10.62,6280532.0,67579864.0
2014-10-21,11.12,11.12,10.80,10.80,7399439.0,80987104.0
2014-10-20,10.89,11.12,11.06,10.80,10558446.0,115337648.0
2014-10-17,11.15,11.26,10.82,10.55,13345227.0,145880224.0
2014-10-16,11.80,11.80,11.23,11.22,19228048.0,221665520.0
2014-10-15,11.98,12.23,11.89,11.70,14090673.0,167669168.0
2014-10-14,12.43,12.60,12.12,12.08,33671048.0,414738240.0
2014-10-13,11.75,12.22,12.16,11.71,26992848.0,323374176.0
2014-10-10,11.76,11.81,11.75,11.61,13027192.0,152624848.0
2014-10-09,11.94,11.99,11.80,11.61,16585472.0,195791024.0
2014-10-08,11.62,11.95,11.94,11.55,19670904.0,231143712.0
2014-09-30,11.81,11.98,11.62,11.52,29760104.0,347166144.0
2014-09-29,12.09,12.50,11.95,11.91,41409992.0,501169920.0
2014-09-26,12.00,12.49,12.29,11.88,33055538.0,404569504.0
2014-09-25,12.18,12.31,12.10,11.98,28420804.0,344514144.0
2014-09-24,12.37,12.53,12.19,11.86,30204128.0,367895840.0
2014-09-23,12.20,12.71,12.32,12.10,35086840.0,433056448.0
2014-09-22,11.95,13.06,12.49,11.79,64103280.0,802571776.0
2014-09-19,12.33,13.08,12.18,12.05,78257920.0,976514432.0
2014-09-18,10.76,12.31,12.31,10.65,55881460.0,650784960.0
2014-09-17,10.75,11.63,11.19,10.65,54174856.0,610030208.0
2014-09-16,10.88,11.06,10.57,10.53,39149612.0,425803584.0
2014-09-15,10.80,11.45,11.25,10.61,71824656.0,795913984.0
2014-09-12,9.75,10.41,10.41,9.75,28170516.0,286803840.0
2014-09-11,9.44,9.65,9.46,9.36,15081497.0,143224288.0
2014-09-10,9.46,9.67,9.56,9.41,12177754.0,116472368.0
2014-09-09,9.55,9.55,9.48,9.38,8760056.0,82837616.0
2014-09-05,9.66,9.68,9.54,9.42,10115548.0,96212104.0
2014-09-04,9.61,9.63,9.63,9.47,13294673.0,127016024.0
2014-09-03,9.44,9.76,9.64,9.37,22613960.0,216293344.0
2014-09-02,9.37,9.47,9.43,9.29,13249265.0,124110200.0
2014-09-01,9.24,9.35,9.34,9.23,7853574.0,73090680.0
2014-08-29,9.20,9.29,9.23,9.09,5106967.0,46852212.0
2014-08-28,9.14,9.54,9.31,9.14,11282840.0,105661928.0
2014-08-27,9.01,9.17,9.14,9.01,4792572.0,43743776.0
2014-08-26,9.15,9.21,9.12,9.03,6431682.0,58716868.0
2014-08-25,9.27,9.37,9.10,9.08,7782877.0,71675960.0
2014-08-22,9.19,9.34,9.33,9.16,9051771.0,84083976.0
2014-08-21,9.15,9.23,9.19,9.07,6401499.0,58485360.0
2014-08-20,9.24,9.33,9.18,9.16,8140540.0,75287176.0
2014-08-19,9.41,9.45,9.24,9.18,9972968.0,92794384.0
2014-08-18,9.33,9.40,9.38,9.26,6607828.0,61765812.0
2014-08-15,9.33,9.41,9.33,9.23,6864486.0,64012196.0
2014-08-14,9.32,9.52,9.35,9.20,11238098.0,105586832.0
2014-08-13,9.40,9.54,9.35,9.21,11569070.0,108430840.0
2014-08-12,9.37,9.55,9.47,9.24,16425609.0,154633184.0
2014-08-11,9.21,9.38,9.37,9.17,13112051.0,122040232.0
2014-08-08,9.21,9.40,9.24,9.11,11704085.0,108804552.0
2014-08-07,9.12,9.26,9.22,9.10,11160997.0,102483816.0
2014-08-06,9.30,9.30,9.15,9.03,16733069.0,153169008.0
2014-08-05,8.83,9.60,9.30,8.77,28289534.0,261299232.0
2014-08-04,8.74,8.88,8.81,8.63,5893636.0,51738016.0
2014-08-01,8.96,9.07,8.69,8.68,10366762.0,92192448.0
2014-07-31,9.02,9.03,8.97,8.85,8976894.0,80098816.0
2014-07-30,8.66,9.12,9.02,8.63,16332057.0,146342432.0
2014-07-29,8.60,8.74,8.66,8.59,7328317.0,63534700.0
2014-07-28,8.44,8.63,8.60,8.44,6735069.0,57750364.0
2014-07-25,8.31,8.45,8.44,8.31,5633987.0,47278008.0
2014-07-24,8.69,8.76,8.33,8.25,11695905.0,98722624.0
2014-07-23,9.06,9.10,8.64,8.60,10171886.0,89800400.0
2014-07-22,8.88,9.07,9.06,8.88,6431137.0,57917968.0
2014-07-21,9.11,9.11,8.86,8.82,6771249.0,60671664.0
2014-07-18,8.90,9.18,9.12,8.90,9746166.0,88363584.0
2014-07-17,9.02,9.14,8.90,8.80,9343255.0,83789184.0
2014-07-16,9.41,9.45,9.09,9.06,14484177.0,133534248.0
2014-07-15,9.12,9.47,9.45,9.01,19461192.0,180052400.0
2014-07-14,9.07,9.19,9.15,8.89,10063268.0,91287184.0
2014-07-11,9.14,9.27,9.07,8.91,14019005.0,127912072.0
2014-07-10,8.90,9.18,9.08,8.82,12573306.0,112988296.0
2014-07-09,9.08,9.38,8.95,8.94,22232044.0,202987248.0
2014-07-08,9.12,9.25,9.11,8.88,20417308.0,185099456.0
2014-07-07,8.62,9.18,9.14,8.59,28842710.0,257332960.0
2014-07-04,8.37,8.87,8.70,8.28,26152736.0,225519936.0
2014-07-03,8.36,8.38,8.37,8.26,11996915.0,99748008.0
2014-07-02,8.50,8.56,8.40,8.33,10920921.0,91989632.0
2014-07-01,8.44,8.59,8.49,8.44,9079246.0,77301480.0
2014-06-30,8.50,8.59,8.50,8.37,12921196.0,109426088.0
2014-06-27,8.65,8.69,8.50,8.48,15993278.0,137032256.0
2014-06-26,8.60,8.92,8.64,8.57,25020824.0,217802928.0
2014-06-25,8.60,8.87,8.73,8.42,24221074.0,210153280.0
2014-06-24,8.24,8.76,8.68,8.19,26278558.0,224635808.0
2014-06-23,8.30,8.50,8.27,8.23,13621909.0,113957208.0
2014-06-20,8.10,8.45,8.37,7.86,16102449.0,131784288.0
2014-06-19,8.50,8.55,8.15,8.03,18337924.0,151886080.0
2014-06-18,8.00,8.56,8.56,7.98,28476858.0,236865296.0
2014-06-17,8.11,8.15,8.00,7.99,9991347.0,80476336.0
2014-06-16,7.92,8.28,8.20,7.88,18907216.0,153857024.0
2014-06-13,7.70,7.85,7.83,7.65,7883695.0,61488608.0
2014-06-12,7.89,7.94,7.75,7.75,8849227.0,69163920.0
2014-06-11,7.97,7.97,7.92,7.78,6692937.0,52545668.0
2014-06-10,7.86,7.99,7.95,7.72,8620412.0,68145984.0
2014-06-09,8.02,8.12,7.86,7.81,11832304.0,93702488.0
2014-06-06,8.35,8.65,8.13,8.02,15017532.0,125619288.0
2014-06-05,8.35,8.45,8.40,8.24,13460244.0,112266584.0
2014-06-04,8.14,8.59,8.45,8.12,25714688.0,214770992.0
2014-06-03,8.16,8.31,8.19,8.07,15483305.0,127016776.0
2014-05-30,7.88,8.25,8.18,7.85,19409672.0,157661088.0
2014-05-29,8.07,8.11,7.94,7.89,11011468.0,87853336.0
2014-05-28,7.91,8.14,8.13,7.81,16351638.0,130492576.0
2014-05-27,8.30,8.37,7.99,7.96,20593804.0,167145008.0
2014-05-26,8.05,8.41,8.36,8.00,22576832.0,185644624.0
2014-05-23,8.08,8.25,8.10,7.95,19137728.0,154321184.0
2014-05-22,8.27,8.59,8.19,8.16,22686496.0,189306896.0
2014-05-21,8.25,8.57,8.28,8.05,19088736.0,158833680.0
2014-05-20,8.40,8.81,8.29,8.24,27670148.0,234198480.0
2014-05-19,8.19,8.84,8.54,7.87,34995132.0,293644672.0
2014-05-16,7.62,8.51,8.32,7.52,35655624.0,293064288.0
2014-05-15,7.00,7.80,7.79,6.95,24561612.0,181964256.0
2014-05-14,7.43,7.43,7.09,7.08,15404218.0,110661288.0
2014-05-13,6.64,7.28,7.28,6.62,10739869.0,77123944.0
2014-05-12,6.44,6.64,6.62,6.44,3507489.0,23070426.0
2014-05-09,6.51,6.51,6.42,6.36,2247470.0,14431748.0
2014-05-08,6.40,6.56,6.49,6.38,1950949.0,12658543.0
2014-05-07,6.57,6.60,6.44,6.43,2608407.0,16894132.0
2014-05-06,6.58,6.67,6.59,6.56,2272164.0,15034981.0
2014-05-05,6.51,6.59,6.55,6.46,2478424.0,16204150.0
2014-04-30,6.42,6.54,6.50,6.37,2750057.0,17814988.0
2014-04-29,6.38,6.48,6.42,6.31,3420795.0,21880240.0
2014-04-28,6.80,6.85,6.38,6.34,6629898.0,43147748.0
2014-04-25,7.37,7.43,6.79,6.76,6469506.0,46079908.0
2014-04-24,7.58,7.64,7.39,7.37,4434545.0,33178652.0
2014-04-23,7.56,7.62,7.60,7.53,2458211.0,18624338.0
2014-04-22,7.54,7.59,7.55,7.45,2921743.0,21985434.0
2014-04-21,7.71,7.74,7.55,7.53,7278922.0,55620184.0
2014-04-18,7.62,7.85,7.81,7.50,9772086.0,75439528.0
2014-04-17,7.57,7.70,7.66,7.50,5651188.0,42972288.0
2014-04-16,7.57,7.62,7.54,7.49,2956336.0,22295788.0
2014-04-15,7.69,7.71,7.57,7.56,4482260.0,34119576.0
2014-04-14,7.56,7.72,7.70,7.53,4707316.0,36159704.0
2014-04-11,7.73,7.75,7.67,7.64,5148947.0,39578816.0
2014-04-10,7.69,7.85,7.80,7.63,7495481.0,57958340.0
2014-04-09,7.57,7.71,7.70,7.57,6137000.0,46843720.0
2014-04-08,7.45,7.58,7.57,7.43,5045941.0,37972984.0
2014-04-04,7.53,7.61,7.53,7.40,9279073.0,69338592.0
2014-04-03,7.72,7.72,7.56,7.54,6294524.0,47828696.0
2014-04-02,7.85,7.90,7.71,7.62,6516283.0,50326316.0
2014-04-01,7.70,7.91,7.83,7.36,12083269.0,93773712.0
2014-03-28,8.39,8.47,8.16,8.13,6453158.0,53485620.0
2014-03-27,8.51,8.71,8.43,8.40,11007659.0,94047024.0
2014-03-26,8.30,8.81,8.60,8.25,16110310.0,137419776.0
2014-03-25,8.12,8.59,8.46,8.11,16359316.0,137228576.0
2014-03-24,8.00,8.06,8.01,7.94,4232306.0,33860316.0
2014-03-21,7.83,8.05,8.05,7.74,4196476.0,33220772.0
2014-03-20,8.01,8.05,7.83,7.81,4222937.0,33634544.0
2014-03-19,7.95,8.18,8.07,7.84,5624977.0,44996168.0
2014-03-18,8.08,8.08,7.97,7.94,3710106.0,29696328.0
2014-03-17,7.84,8.03,8.00,7.81,3829910.0,30365042.0
2014-03-14,7.93,7.93,7.80,7.75,2876406.0,22493984.0
2014-03-13,7.88,7.96,7.94,7.83,2808976.0,22200160.0
2014-03-12,7.83,7.94,7.85,7.73,2758918.0,21597492.0
2014-03-11,7.90,7.97,7.85,7.72,4548029.0,35636556.0
2014-03-10,8.29,8.30,7.95,7.95,6104209.0,49583616.0
2014-03-07,8.40,8.63,8.40,8.31,7726616.0,65397656.0
2014-03-06,8.14,8.57,8.40,8.10,8204654.0,68372088.0
2014-03-05,8.16,8.31,8.22,8.12,6490390.0,53442064.0
2014-03-04,8.27,8.27,8.15,8.10,6364300.0,51891684.0
2014-03-03,8.31,8.38,8.30,8.17,6832602.0,56476052.0
2014-02-28,8.35,8.48,8.39,8.02,9845005.0,81006640.0
2014-02-27,8.69,8.91,8.66,8.66,5452446.0,47952688.0
2014-02-26,8.56,8.78,8.77,8.40,5673945.0,48718392.0
2014-02-25,9.11,9.16,8.62,8.46,9124123.0,81167520.0
2014-02-24,8.92,9.12,9.10,8.85,6718135.0,60510392.0
2014-02-21,9.21,9.27,8.90,8.82,11515136.0,103303856.0
2014-02-20,9.37,9.67,9.21,9.20,15575053.0,146772784.0
2014-02-19,9.14,9.61,9.38,9.08,18252482.0,171526352.0
2014-02-18,9.18,9.29,9.16,9.05,10065374.0,92024584.0
2014-02-17,9.04,9.22,9.19,9.03,11580443.0,105955256.0
2014-02-14,8.81,9.08,9.04,8.81,7866822.0,70468072.0
2014-02-13,9.14,9.14,8.81,8.80,8721178.0,78316272.0
2014-02-12,8.91,9.09,9.05,8.81,9248048.0,82707208.0
2014-02-11,8.86,8.98,8.91,8.77,9450823.0,83969112.0
2014-02-10,8.60,8.92,8.86,8.60,10466002.0,92012496.0
2014-02-07,8.42,8.65,8.60,8.39,6854056.0,58680496.0
2014-01-30,9.10,9.10,8.60,8.60,15044452.0,130820440.0
2014-01-29,9.63,9.68,9.55,9.49,7899747.0,75435896.0
2014-01-28,9.50,9.73,9.70,9.46,15571486.0,149757552.0
2014-01-27,9.40,9.49,9.48,9.24,10978195.0,103045312.0
2014-01-24,9.38,9.59,9.47,9.31,9484164.0,89600800.0
2014-01-23,9.40,9.57,9.40,9.34,10470431.0,98814712.0
2014-01-22,9.13,9.73,9.50,9.13,15620341.0,147414960.0
2014-01-21,9.25,9.47,9.22,9.07,8739456.0,80860088.0
2014-01-20,9.02,9.23,9.09,9.01,4086598.0,37230952.0
2014-01-17,9.50,9.51,9.13,9.11,7949827.0,73405168.0
2014-01-16,9.86,9.87,9.57,9.40,14197006.0,135967792.0
2014-01-15,9.78,10.00,9.95,9.71,5081062.0,50030348.0
2014-01-14,9.50,9.77,9.77,9.50,3915432.0,37856340.0
2014-01-13,9.69,9.82,9.55,9.42,6004566.0,57643644.0
2014-01-10,10.18,10.18,9.65,9.61,8429646.0,83535744.0
2014-01-09,10.27,10.53,10.28,10.27,8266554.0,85963480.0
2014-01-08,10.24,10.42,10.27,10.12,5725228.0,58781196.0
2014-01-07,10.07,10.36,10.23,10.02,5401822.0,55431380.0
2014-01-06,10.38,10.38,10.07,10.05,7998007.0,81334712.0
2014-01-03,10.71,10.87,10.53,10.40,9769650.0,103656656.0
2014-01-02,10.56,10.84,10.77,10.51,9091157.0,97702104.0
2013-12-31,10.60,10.75,10.56,10.43,8212043.0,86953520.0
2013-12-30,10.62,10.87,10.66,10.54,10184834.0,109276504.0
2013-12-27,10.23,10.65,10.59,10.23,10430001.0,109861104.0
2013-12-26,10.47,10.62,10.30,10.30,10090759.0,105275232.0
2013-12-25,10.15,10.57,10.55,10.07,11637308.0,120591112.0
2013-12-24,10.02,10.33,10.19,9.91,8567179.0,87007368.0
2013-12-23,10.05,10.15,10.02,9.81,7329099.0,73360792.0
2013-12-20,10.30,10.45,10.09,9.93,10950561.0,110920856.0
2013-12-19,10.25,10.67,10.36,10.21,15439925.0,160820160.0
2013-12-18,10.82,11.45,10.52,10.40,27473074.0,301324800.0
2013-12-17,10.64,11.28,10.86,10.51,28547538.0,312771072.0
2013-12-16,10.39,10.95,10.73,10.20,26640560.0,284142528.0
2013-12-13,10.19,10.50,10.39,10.10,10483203.0,107862288.0
2013-12-12,10.12,10.90,10.38,10.12,18918480.0,199493216.0
2013-12-11,10.28,10.37,10.13,10.02,8580605.0,87375104.0
2013-12-10,10.35,10.48,10.43,10.09,15541100.0,160462448.0
2013-12-09,10.16,10.44,10.35,10.00,16027860.0,164524160.0
2013-12-06,9.73,10.37,10.26,9.63,19175722.0,191836752.0
2013-12-05,9.65,9.84,9.60,9.56,6413215.0,62113440.0
2013-12-04,9.51,9.76,9.62,9.49,7332233.0,70754864.0
2013-12-03,9.30,9.58,9.51,9.20,7092109.0,66967272.0
2013-12-02,9.94,10.05,9.30,9.28,16466741.0,158466864.0
2013-11-29,10.18,10.49,10.31,10.13,13042583.0,134534176.0
2013-11-28,10.26,10.37,10.20,10.11,14563305.0,149263728.0
2013-11-27,9.84,10.74,10.27,9.80,23592428.0,243129264.0
2013-11-26,9.80,10.10,9.86,9.72,9440264.0,93784664.0
2013-11-25,10.04,10.15,9.80,9.76,10117462.0,100589184.0
2013-11-22,10.15,10.33,10.04,9.90,19117668.0,193730416.0
2013-11-21,9.80,10.17,10.17,9.70,20930188.0,209034752.0
2013-11-20,9.82,10.01,9.90,9.74,9843572.0,97075712.0
2013-11-19,9.71,10.04,9.90,9.62,15310753.0,151136512.0
2013-11-18,9.43,9.96,9.76,9.37,16079470.0,156143424.0
2013-11-15,9.35,9.77,9.44,9.28,15029501.0,143174464.0
2013-11-14,9.02,9.48,9.48,8.62,14113390.0,127776360.0
2013-11-13,9.65,9.65,9.10,9.08,14380619.0,133235328.0
2013-11-12,9.82,9.96,9.77,9.60,10971931.0,106833832.0
2013-11-11,9.58,9.99,9.96,9.48,14103154.0,138358560.0
2013-11-08,9.70,9.90,9.70,9.51,13216395.0,128410232.0
2013-11-07,9.80,10.06,9.66,9.65,20222612.0,198626816.0
2013-11-06,9.60,10.75,10.11,9.53,33517018.0,342275008.0
2013-11-05,9.38,10.11,9.81,9.15,17915344.0,173538624.0
2013-11-04,8.91,9.80,9.51,8.91,14457222.0,136394656.0
2013-11-01,9.20,9.38,8.92,8.75,13442581.0,120921784.0
2013-10-31,9.99,10.19,9.62,9.50,30045048.0,298076448.0
2013-10-30,8.42,9.26,9.26,8.32,9289013.0,83141344.0
2013-10-29,8.94,9.08,8.42,8.07,5751343.0,49111216.0
2013-10-28,8.88,9.13,8.88,8.85,3690694.0,33213296.0
2013-10-25,9.07,9.24,8.90,8.82,4928413.0,44705276.0
2013-10-24,9.34,9.34,9.06,9.03,6321943.0,57909076.0
2013-10-23,9.88,9.88,9.39,9.33,9907307.0,94447888.0
2013-10-22,9.55,9.98,9.87,9.47,13576058.0,133271656.0
2013-10-21,9.42,9.78,9.67,9.29,11650568.0,112181224.0
2013-10-18,9.38,9.54,9.46,9.21,7347947.0,68868640.0
2013-10-17,9.52,9.68,9.41,9.33,8906806.0,84887264.0
2013-10-16,9.80,9.80,9.56,9.37,8437693.0,80361168.0
2013-10-15,9.90,10.09,9.86,9.72,13361971.0,132348528.0
2013-10-14,9.87,10.50,10.18,9.70,19438528.0,196987280.0
2013-10-11,9.65,9.92,9.79,9.56,12689653.0,123951904.0
2013-10-10,9.75,9.97,9.53,9.51,13207201.0,128574704.0
2013-10-09,9.50,9.90,9.90,9.40,19036256.0,184226816.0
2013-10-08,9.29,9.70,9.62,9.04,16901896.0,159629056.0
2013-09-30,9.35,9.75,9.34,9.26,15235637.0,144405392.0
2013-09-27,9.92,10.00,9.48,9.37,28838868.0,279197152.0
2013-09-26,8.93,9.81,9.81,8.92,37662616.0,362889216.0
2013-09-25,9.04,9.14,8.92,8.89,4404564.0,39671196.0
2013-09-24,9.03,9.09,9.08,8.91,5191403.0,46702984.0
2013-09-23,8.91,9.09,9.01,8.85,4912246.0,44091216.0
2013-09-18,8.73,8.83,8.76,8.63,3094719.0,27007690.0
2013-09-17,8.86,9.00,8.75,8.74,3881351.0,34338684.0
2013-09-16,9.04,9.10,8.97,8.96,3957578.0,35680424.0
2013-09-13,9.26,9.26,9.03,9.01,7233873.0,65621088.0
2013-09-12,9.30,9.69,9.27,9.23,14713235.0,138413904.0
2013-09-11,9.11,9.27,9.12,9.05,8176441.0,74725968.0
2013-09-10,9.09,9.27,9.17,9.00,9566435.0,87233064.0
2013-09-09,8.92,9.35,9.13,8.85,11384300.0,103430248.0
2013-09-06,8.79,8.93,8.88,8.74,7151473.0,63409944.0
2013-09-05,8.65,8.87,8.84,8.62,6355185.0,55749440.0
2013-09-04,8.68,8.76,8.65,8.61,3258905.0,28264824.0
2013-09-03,8.59,8.77,8.70,8.52,3842679.0,33254076.0
2013-09-02,8.41,8.69,8.62,8.33,4125857.0,35209364.0
2013-08-30,8.78,8.78,8.43,8.41,4808916.0,41350144.0
2013-08-29,8.85,8.86,8.73,8.65,3882591.0,33952532.0
2013-08-28,8.82,8.97,8.87,8.65,6042065.0,53337076.0
2013-08-27,8.75,8.87,8.86,8.72,4387831.0,38599160.0
2013-08-26,8.60,8.79,8.76,8.59,3069494.0,26702170.0
2013-08-23,8.66,8.75,8.57,8.49,3611188.0,31219612.0
2013-08-22,8.75,8.76,8.63,8.60,3483920.0,30301860.0
2013-08-21,8.68,8.77,8.74,8.60,4305491.0,37397336.0
2013-08-20,8.90,8.98,8.72,8.66,3951030.0,34943920.0
2013-08-19,8.79,8.97,8.97,8.65,3411451.0,30259724.0
2013-08-16,9.08,9.26,8.85,8.81,5978824.0,53994248.0
2013-08-15,9.40,9.40,9.13,9.08,6142078.0,56726380.0
2013-08-14,9.30,9.46,9.37,9.26,7479632.0,69898152.0
2013-08-13,9.43,9.44,9.35,9.29,9039618.0,84585248.0
2013-08-12,9.20,9.47,9.40,9.01,15234826.0,140577216.0
2013-08-09,8.84,9.09,9.08,8.72,8059044.0,72122904.0
2013-08-08,8.85,8.99,8.88,8.81,3424519.0,30478750.0
2013-08-07,9.05,9.09,8.86,8.85,5901191.0,52751140.0
2013-08-06,9.09,9.13,9.04,8.96,7229292.0,65319204.0
2013-08-05,9.07,9.14,9.10,8.96,6925877.0,62691156.0
2013-08-02,8.89,9.28,9.10,8.85,13639501.0,123750672.0
2013-08-01,8.70,9.18,8.94,8.70,12699395.0,114078856.0
2013-07-31,8.68,8.74,8.57,8.51,4308607.0,37135544.0
2013-07-30,8.83,8.85,8.69,8.46,5493969.0,47652676.0
2013-07-29,8.60,8.95,8.85,8.55,10322585.0,90645704.0
2013-07-26,8.27,8.80,8.67,8.25,6597047.0,56679040.0
2013-07-25,8.56,8.63,8.35,8.35,4156255.0,35362464.0
2013-07-24,8.50,8.67,8.60,8.39,6886700.0,59234372.0
2013-07-23,8.22,8.45,8.41,8.21,4431790.0,37303032.0
2013-07-22,8.09,8.26,8.19,7.97,3762590.0,30688766.0
2013-07-19,8.41,8.49,8.10,8.08,4339441.0,36325616.0
2013-07-18,8.62,8.73,8.41,8.39,5160320.0,44325384.0
2013-07-17,8.96,9.00,8.67,8.61,6185027.0,54804908.0
2013-07-16,8.73,9.14,9.02,8.69,7626440.0,68248288.0
2013-07-15,8.69,8.79,8.76,8.56,4565271.0,39972052.0
2013-07-12,8.83,8.98,8.58,8.55,6436944.0,56866620.0
2013-07-11,8.52,8.90,8.83,8.47,7693250.0,67307360.0
2013-07-10,8.06,8.52,8.48,8.06,3812745.0,31837676.0
2013-07-09,7.96,8.20,8.12,7.96,2650618.0,21567168.0
2013-07-08,8.54,8.54,7.99,7.97,4402510.0,36829460.0
2013-07-05,8.65,8.89,8.67,8.56,6028676.0,52790920.0
2013-07-04,8.38,9.05,8.75,8.25,9929565.0,87099896.0
2013-07-03,8.49,8.49,8.32,8.18,4126169.0,34563124.0
2013-07-02,8.33,8.51,8.51,8.25,4216185.0,35648032.0
2013-07-01,8.18,8.39,8.33,8.12,2455395.0,20433832.0
2013-06-28,8.30,8.45,8.18,8.03,3478572.0,28979076.0
2013-06-27,8.55,8.71,8.32,8.32,5274134.0,45269688.0
2013-06-26,8.46,8.64,8.59,8.25,4874676.0,41651848.0
2013-06-25,8.38,8.75,8.44,7.70,5918079.0,48669720.0
2013-06-24,9.49,9.49,8.55,8.55,4140554.0,36997768.0
2013-06-21,9.25,9.70,9.51,8.93,4401582.0,41092340.0
2013-06-20,9.70,9.83,9.55,9.53,4135714.0,40375496.0
2013-06-19,9.84,9.86,9.75,9.48,3682802.0,35697344.0
2013-06-18,9.79,9.89,9.83,9.67,3151625.0,31084720.0
2013-06-17,9.86,9.89,9.78,9.61,3858196.0,37941392.0
2013-06-14,9.75,9.91,9.84,9.65,5061066.0,49785400.0
2013-06-13,10.24,10.24,9.70,9.53,5212259.0,51397116.0
2013-06-07,10.89,10.98,10.37,10.10,9722317.0,101795200.0
2013-06-06,11.13,11.13,10.87,10.85,5746940.0,63261884.0
2013-06-05,11.01,11.14,11.13,10.84,6524271.0,72360264.0
2013-06-04,11.44,11.48,10.98,10.89,9675179.0,108276864.0
2013-06-03,11.67,11.85,11.50,11.45,13047300.0,152859920.0
2013-05-31,11.63,12.21,11.85,11.54,27590828.0,330719296.0
2013-05-30,11.50,11.71,11.57,11.41,10585021.0,123077328.0
2013-05-29,11.47,11.71,11.51,11.40,10258079.0,119505448.0
2013-05-28,11.53,11.53,11.44,11.32,8036308.0,92280304.0
2013-05-27,11.31,11.65,11.55,11.24,12099161.0,139873008.0
2013-05-24,11.14,11.34,11.33,11.11,7038645.0,79481200.0
2013-05-23,11.26,11.49,11.15,11.14,8115356.0,92321320.0
2013-05-22,11.53,11.68,11.30,11.28,10318314.0,119221288.0
2013-05-21,11.50,11.58,11.53,11.35,11389428.0,131306632.0
2013-05-20,11.22,11.65,11.50,11.21,15738350.0,181323184.0
2013-05-17,11.14,11.28,11.19,11.02,7473443.0,83866136.0
2013-05-16,11.16,11.39,11.12,11.09,9316598.0,105014248.0
2013-05-15,11.24,11.24,11.19,11.05,7659225.0,85860000.0
2013-05-14,10.97,11.42,11.30,10.95,13928157.0,157641696.0
2013-05-13,11.14,11.28,11.10,10.95,7028660.0,78528080.0
2013-05-10,10.90,11.31,11.07,10.74,10510805.0,116655936.0
2013-05-09,10.82,10.96,10.96,10.69,8144307.0,88889552.0
2013-05-08,10.80,10.92,10.78,10.73,5062700.0,55014828.0
2013-05-07,10.72,10.86,10.81,10.57,5500968.0,59308444.0
2013-05-06,10.59,10.80,10.73,10.59,4050520.0,43707616.0
2013-05-03,10.34,10.80,10.64,10.33,4964444.0,53035720.0
2013-05-02,10.24,10.46,10.32,10.19,3289142.0,34227900.0
2013-04-26,10.79,10.91,10.30,10.29,6419428.0,68375952.0
2013-04-25,11.34,11.34,10.78,10.78,8429847.0,93698568.0
2013-04-24,11.24,11.49,11.38,11.12,7156689.0,81493288.0
2013-04-23,11.53,11.69,11.18,11.09,9970041.0,114408232.0
2013-04-22,11.19,11.93,11.63,11.00,16672259.0,192817904.0
2013-04-19,11.12,11.44,11.30,11.10,9081960.0,102844160.0
2013-04-18,10.99,11.25,11.16,10.90,6234060.0,69929192.0
2013-04-17,10.90,11.18,11.07,10.88,7080808.0,78846432.0
2013-04-16,10.71,10.89,10.85,10.45,4620445.0,49777528.0
2013-04-15,10.75,10.88,10.83,10.42,6084475.0,64881848.0
2013-04-12,10.79,11.13,10.93,10.78,4570867.0,50587160.0
2013-04-11,11.04,11.22,10.92,10.88,3858802.0,42585860.0
2013-04-10,10.98,11.18,10.95,10.75,4665635.0,51435220.0
2013-04-09,10.65,11.22,11.03,10.64,7782508.0,85720232.0
2013-04-08,10.74,10.74,10.64,10.24,6229880.0,65725216.0
2013-04-03,10.86,11.11,10.88,10.72,5930079.0,65091668.0
2013-04-02,11.22,11.31,10.83,10.81,8019683.0,89031256.0
2013-04-01,11.24,11.39,11.16,11.06,5525236.0,62433056.0
2013-03-29,11.48,11.58,11.16,11.04,9396278.0,106809064.0
2013-03-28,12.21,12.21,11.50,11.37,12728159.0,150840880.0
2013-03-27,11.95,12.33,12.30,11.90,12902487.0,157631984.0
2013-03-26,12.09,12.13,11.93,11.81,10060137.0,121190496.0
2013-03-25,12.41,12.53,12.14,12.14,11534115.0,142877360.0
2013-03-22,12.57,12.67,12.38,12.29,20926458.0,262507072.0
2013-03-21,12.16,12.68,12.61,11.98,30939612.0,383878752.0
2013-03-20,11.54,12.31,12.15,11.54,18064652.0,219666560.0
2013-03-19,11.86,12.13,11.86,11.58,10329878.0,123567008.0
2013-03-18,11.75,11.93,11.74,11.48,9055431.0,106752360.0
2013-03-15,11.76,12.02,11.70,11.44,12666455.0,149362112.0
2013-03-14,11.78,12.31,11.83,11.70,14701759.0,177689760.0
2013-03-13,12.18,12.68,11.97,11.90,24893284.0,307204288.0
2013-03-12,11.89,12.63,12.47,11.59,33248398.0,405891712.0
2013-03-11,11.92,12.39,12.12,11.84,22329412.0,272209856.0
2013-03-08,11.31,12.51,12.12,11.31,30843704.0,374995776.0
2013-03-07,11.58,11.80,11.44,11.27,10403761.0,121166112.0
2013-03-06,11.31,11.51,11.44,11.28,7632239.0,87616064.0
2013-03-05,11.14,11.37,11.34,11.00,6410865.0,72351304.0
2013-03-04,11.33,11.39,11.04,10.95,7846864.0,87841088.0
2013-03-01,11.29,11.58,11.54,11.20,10625601.0,122061752.0
2013-02-28,11.09,11.42,11.32,11.01,6149238.0,69613344.0
2013-02-27,11.17,11.25,11.09,10.93,5323642.0,59151856.0
2013-02-26,11.34,11.42,11.10,11.09,8090459.0,91197688.0
2013-02-25,11.38,11.59,11.46,11.35,4325496.0,49870144.0
2013-02-22,11.53,11.68,11.32,11.29,5632131.0,65255244.0
2013-02-21,11.91,11.91,11.53,11.35,9353060.0,109559400.0
2013-02-20,11.72,12.08,12.01,11.61,10265157.0,122823896.0
2013-02-19,11.96,12.01,11.69,11.58,9456254.0,111855840.0
2013-02-18,11.62,12.22,12.06,11.56,18229558.0,218879072.0
2013-02-08,11.57,11.65,11.59,11.45,6212759.0,72251800.0
2013-02-07,11.39,11.65,11.59,11.39,7609611.0,88380272.0
2013-02-06,11.45,11.57,11.44,11.38,5565668.0,64201196.0
2013-02-05,11.24,11.51,11.41,11.10,5069400.0,58129620.0
2013-02-04,11.59,11.76,11.30,11.28,8542713.0,98073072.0
2013-02-01,11.62,11.70,11.57,11.47,7565413.0,88021040.0
2013-01-31,11.48,11.83,11.71,11.48,7865731.0,92359296.0
2013-01-30,11.83,11.92,11.66,11.51,9700212.0,113884424.0
2013-01-29,11.51,11.93,11.82,11.51,11192277.0,132998104.0
2013-01-28,11.06,11.56,11.50,11.06,7205679.0,82774704.0
2013-01-25,11.21,11.57,11.27,11.21,5915826.0,67782304.0
2013-01-24,11.76,11.98,11.32,11.19,11527882.0,134601760.0
2013-01-23,11.96,11.96,11.82,11.55,11395007.0,134556096.0
2013-01-22,12.36,12.60,12.01,11.88,17556984.0,216565072.0
2013-01-21,12.09,12.57,12.27,11.85,19105250.0,235034592.0
2013-01-18,12.03,12.33,12.11,11.69,15121084.0,182591744.0
2013-01-17,11.75,12.56,12.08,11.75,29236144.0,360487200.0
2013-01-16,12.03,12.07,11.87,11.61,21433654.0,255989264.0
2013-01-15,12.03,12.64,12.30,11.53,48826584.0,597132672.0
2013-01-14,10.54,11.61,11.61,10.52,26067840.0,297726944.0
2013-01-11,11.14,11.20,10.56,10.54,11593039.0,126457488.0
2013-01-10,11.04,11.24,11.10,10.95,10398813.0,115631472.0
2013-01-09,11.39,11.75,11.06,10.97,20900208.0,239477120.0
2013-01-08,10.89,11.29,11.20,10.75,19224080.0,214545248.0
2013-01-07,10.65,10.93,10.84,10.54,9087226.0,98354104.0
2013-01-04,10.94,11.05,10.65,10.60,10548812.0,113966576.0
2012-12-31,11.08,11.10,10.90,10.81,9621540.0,105705664.0
2012-12-28,10.84,11.04,10.99,10.67,14344373.0,156411808.0
2012-12-27,10.89,11.55,10.90,10.87,27546856.0,309036992.0
2012-12-26,10.40,10.81,10.70,10.40,17526870.0,187503744.0
2012-12-25,10.09,10.62,10.43,10.05,15962575.0,166634784.0
2012-12-24,10.15,10.44,10.17,9.97,9507877.0,97896072.0
2012-12-21,10.21,10.51,10.14,10.10,11047806.0,114322560.0
2012-12-20,10.24,10.39,10.27,10.05,11316366.0,116378816.0
2012-12-19,10.06,10.80,10.45,10.00,20710558.0,217966224.0
2012-12-18,10.23,10.27,10.07,10.00,11146915.0,113329968.0
2012-12-17,10.01,10.42,10.30,10.01,16708642.0,171474576.0
2012-12-14,9.50,10.12,10.01,9.50,12171709.0,121711808.0
2012-12-13,10.00,10.17,9.64,9.64,9139009.0,90711720.0
2012-12-12,9.92,10.24,10.00,9.90,9588532.0,96817832.0
2012-12-11,10.06,10.17,9.97,9.90,12746216.0,128446832.0
2012-12-10,9.53,10.34,10.22,9.40,21285228.0,212802064.0
2012-12-07,9.43,9.60,9.52,9.27,13573144.0,128940736.0
2012-12-06,9.23,9.73,9.47,9.11,15004082.0,143398464.0
2012-12-05,8.83,9.57,9.22,8.78,16848232.0,156168768.0
2012-12-04,8.55,9.09,8.98,8.36,12063286.0,105625224.0
2012-12-03,8.71,8.91,8.33,8.32,5729767.0,49652800.0
2012-11-30,8.71,9.00,8.87,8.59,5523240.0,49172488.0
2012-11-29,8.95,9.25,8.71,8.66,7837799.0,70750080.0
2012-11-28,8.83,9.24,9.09,8.25,12840963.0,114917720.0
2012-11-27,9.63,9.63,8.95,8.86,8906535.0,82098488.0
2012-11-26,10.09,10.21,9.69,9.64,4807078.0,47896088.0
2012-11-23,10.07,10.29,10.07,10.06,4742396.0,48400812.0
2012-11-22,10.33,10.40,10.11,10.10,4725487.0,48584532.0
2012-11-21,10.40,10.48,10.42,9.94,6875212.0,70904848.0
2012-11-20,10.62,10.68,10.39,10.39,4284394.0,45326856.0
2012-11-19,10.57,10.62,10.56,10.25,4497301.0,47220808.0
2012-11-16,10.44,10.73,10.51,10.40,5211510.0,55432456.0
2012-11-15,10.39,10.90,10.55,10.21,8230673.0,87777536.0
2012-11-14,10.80,10.94,10.51,10.15,8641460.0,90832512.0
2012-11-13,11.32,11.39,10.81,10.80,6555162.0,72708120.0
2012-11-12,11.05,11.49,11.33,11.05,7837628.0,88807032.0
2012-11-09,10.96,11.21,11.02,10.90,4949479.0,55102700.0
2012-11-08,11.53,11.53,10.97,10.95,10368166.0,117188832.0
2012-11-07,11.97,11.97,11.65,11.55,10835661.0,127925440.0
2012-11-06,12.36,12.58,12.08,12.06,13066545.0,161540048.0
2012-11-05,12.21,12.27,12.01,11.94,9196524.0,111400152.0
2012-11-02,12.18,12.49,12.30,12.13,13938338.0,172964608.0
2012-11-01,12.09,12.24,12.17,11.92,9565734.0,116581248.0
2012-10-31,12.19,12.33,12.08,11.84,9179723.0,111225368.0
2012-10-30,11.76,12.59,12.22,11.76,16728005.0,206877760.0
2012-10-29,11.74,11.98,11.83,11.64,7279047.0,86605624.0
2012-10-26,12.03,12.16,11.72,11.38,11987310.0,140876112.0
2012-10-25,12.50,12.58,12.03,11.89,15089426.0,185282128.0
2012-10-24,12.93,13.18,12.36,12.20,19240736.0,245324112.0
2012-10-23,13.28,13.37,12.99,12.93,20488012.0,270157536.0
2012-10-22,12.41,13.47,13.31,12.34,31600780.0,415992032.0
2012-10-19,12.71,12.98,12.58,12.50,17695926.0,226418256.0
2012-10-18,12.10,12.91,12.75,12.10,23126224.0,291906432.0
2012-10-17,12.32,12.35,12.04,12.02,9071808.0,110670752.0
2012-10-16,12.12,12.38,12.16,11.96,10208002.0,125421704.0
2012-10-15,12.51,12.59,12.11,11.91,12957611.0,157923200.0
2012-10-12,12.63,12.86,12.48,12.34,12652618.0,160184192.0
2012-10-11,12.78,13.08,12.66,12.49,23694104.0,302779840.0
2012-10-10,12.73,13.61,13.04,12.64,38015060.0,502567232.0
2012-10-09,12.00,13.13,12.92,11.88,31569402.0,397101536.0
2012-10-08,11.73,12.31,11.99,11.65,19416034.0,234774000.0
2012-09-28,11.54,11.72,11.65,11.37,15062788.0,175364208.0
2012-09-27,11.15,11.73,11.51,11.14,18384606.0,213463168.0
2012-09-26,11.59,11.72,11.12,11.09,15674005.0,179843376.0
2012-09-25,11.14,12.13,11.78,11.05,27855822.0,325922016.0
2012-09-24,11.01,11.41,11.21,10.84,14475215.0,162937648.0
2012-09-21,11.73,11.88,11.05,10.95,19928244.0,227431824.0
2012-09-20,12.26,12.56,11.71,11.49,16737321.0,204176496.0
2012-09-19,12.38,12.68,12.34,12.13,13699037.0,170579024.0
2012-09-18,12.86,13.14,12.40,11.94,20057486.0,254196992.0
2012-09-17,12.97,13.42,13.10,12.68,25687588.0,337473600.0
2012-09-14,13.62,13.67,13.10,13.01,30760614.0,408917696.0
2012-09-13,14.02,14.51,13.66,13.66,37504568.0,532640608.0
2012-09-12,13.92,14.20,13.86,13.49,31731174.0,440698496.0
2012-09-11,13.31,14.52,13.77,13.18,59534720.0,834792960.0
2012-09-10,12.33,13.76,13.71,12.23,55500804.0,729874560.0
2012-09-07,12.54,13.06,12.51,12.34,37870240.0,481648192.0
2012-09-06,12.28,12.63,12.55,11.95,30482276.0,378847776.0
2012-09-05,12.18,12.68,12.16,11.88,30935016.0,381594816.0
2012-09-04,11.81,13.07,12.51,11.71,52957824.0,671274688.0
2012-09-03,11.87,12.64,12.08,11.12,46671220.0,556101440.0
2012-08-31,10.64,11.87,11.87,10.62,47648424.0,544389888.0
2012-08-30,11.58,11.78,10.79,10.79,37318576.0,417267552.0
2012-08-29,12.23,12.55,11.99,11.81,24047776.0,293482336.0
2012-08-28,12.23,12.50,12.32,11.69,31374280.0,379740224.0
2012-08-27,12.23,12.99,12.55,11.89,38294264.0,483772224.0
2012-08-24,12.59,12.93,12.28,12.24,38285712.0,482052704.0
2012-08-23,13.02,14.12,13.05,12.57,67085176.0,895684800.0
2012-08-22,11.70,13.02,13.02,11.54,62522572.0,780602240.0
2012-08-21,11.56,12.38,11.83,11.46,60185968.0,720073088.0
2012-08-20,10.14,11.45,11.45,10.01,50054080.0,552468096.0
2012-08-17,9.79,10.63,10.40,9.61,47288568.0,489067808.0
2012-08-16,9.94,10.19,9.75,9.66,36303008.0,360702496.0
2012-08-15,10.84,11.33,10.43,10.17,57817848.0,626174784.0
2012-08-14,9.40,10.38,10.38,9.40,53168344.0,533800160.0
2012-08-13,9.94,10.07,9.44,9.40,43977352.0,427778272.0
2012-08-10,9.35,9.87,9.87,9.19,60244464.0,584794304.0
2012-08-09,8.05,8.98,8.98,7.91,37901352.0,325788064.0
2012-08-08,7.66,8.33,8.16,7.58,35400784.0,282567808.0
2012-08-07,6.97,7.66,7.66,6.92,25306672.0,192630384.0
2012-08-06,6.68,6.99,6.96,6.62,6895683.0,47291628.0
2012-08-03,6.59,6.71,6.70,6.52,5095633.0,33932436.0
2012-08-02,6.62,6.75,6.59,6.49,4663290.0,31040734.0
2012-08-01,6.27,6.73,6.62,6.27,5751356.0,38127748.0
2012-07-31,6.86,6.91,6.42,6.34,6503648.0,43232864.0
2012-07-30,7.41,7.44,6.87,6.74,7640168.0,53881676.0
2012-07-27,7.73,7.80,7.39,7.38,7278834.0,55039752.0
2012-07-26,7.76,7.86,7.74,7.56,9668926.0,74882472.0
2012-07-25,7.52,7.93,7.80,7.52,10378389.0,81145456.0
2012-07-24,7.51,8.01,7.61,7.38,11012427.0,86009592.0
2012-07-23,7.64,7.71,7.54,7.29,10834931.0,81770592.0
2012-07-20,8.03,8.75,8.05,7.97,17651364.0,147796256.0
2012-07-19,8.40,8.40,8.05,7.81,8374177.0,136806672.0
2012-07-18,8.37,8.64,8.40,8.20,5581785.0,95617360.0
2012-07-17,8.15,8.40,8.37,8.01,4157777.0,69511256.0
2012-07-16,9.04,9.29,8.19,8.06,9599525.0,170024448.0
2012-07-13,8.97,9.08,8.95,8.80,4678418.0,84640128.0
2012-07-12,8.85,9.08,9.01,8.61,5239399.0,94255544.0
2012-07-11,8.62,8.88,8.87,8.54,3363331.0,59298336.0
2012-07-10,8.73,8.84,8.64,8.60,3621944.0,63848676.0
2012-07-09,9.19,9.29,8.80,8.65,6284050.0,114811296.0
2012-07-06,8.91,9.29,9.27,8.74,7463595.0,136572928.0
2012-07-05,8.97,9.04,8.88,8.73,4567819.0,81968904.0
2012-07-04,8.80,9.08,9.03,8.70,6611106.0,118887512.0
2012-07-03,8.52,9.30,8.89,8.52,12884686.0,233972448.0
2012-07-02,8.18,8.62,8.61,8.10,6158682.0,104335272.0
2012-06-29,8.17,8.17,8.07,7.76,6187571.0,99977536.0
2012-06-28,8.60,8.65,8.28,8.25,8794410.0,150639280.0
2012-06-27,8.08,8.91,8.68,8.08,15976225.0,281935840.0
2012-06-26,7.96,8.17,8.10,7.90,2850616.0,46560884.0
2012-06-25,8.07,8.23,7.94,7.94,2363327.0,38576548.0
2012-06-21,8.38,8.53,8.15,8.11,3294009.0,55097460.0
2012-06-20,8.48,8.59,8.37,8.35,3196661.0,54643360.0
2012-06-19,8.44,8.64,8.50,8.36,5774073.0,99542512.0
2012-06-18,8.10,8.55,8.48,8.05,7034767.0,119068640.0
2012-06-15,8.23,8.32,8.07,7.83,4270445.0,69926168.0
2012-06-14,8.30,8.40,8.18,8.15,3377015.0,56309860.0
2012-06-13,8.15,8.49,8.34,8.13,5700836.0,96495792.0
2012-06-12,8.23,8.30,8.13,8.01,4463701.0,73716696.0
2012-06-11,7.67,8.39,8.31,7.67,8191481.0,134648768.0
2012-06-08,7.65,7.83,7.67,7.56,4621471.0,72124664.0
2012-06-07,7.28,7.90,7.58,7.27,6827780.0,105001488.0
2012-06-06,7.31,7.31,7.19,7.15,1745464.0,25534444.0
2012-06-05,7.41,7.44,7.23,7.17,2644452.0,38959152.0
2012-06-04,7.76,7.76,7.32,7.32,3793871.0,57946164.0
2012-06-01,7.88,8.06,7.91,7.68,3301011.0,53265940.0
2012-05-31,7.76,7.98,7.87,7.73,3434773.0,54807736.0
2012-05-30,7.73,7.97,7.81,7.66,4350327.0,69176944.0
2012-05-29,7.68,7.90,7.78,7.51,4677073.0,72911072.0
2012-05-28,7.81,7.94,7.76,7.33,4817679.0,74494120.0
2012-05-24,8.31,8.42,8.05,8.03,4876197.0,80804128.0
2012-05-23,8.26,8.39,8.37,8.16,4781681.0,80422456.0
2012-05-22,8.37,8.40,8.30,8.15,3814661.0,63877680.0
2012-05-21,8.02,8.39,8.30,8.01,4194624.0,69889928.0
2012-05-18,8.20,8.58,8.12,8.08,5500396.0,92844992.0
2012-05-17,8.35,8.40,8.29,8.01,5119946.0,85095736.0
2012-05-16,8.15,8.56,8.29,8.10,7555552.0,128438584.0
2012-05-15,7.86,8.28,8.24,7.76,6172255.0,101011552.0
2012-05-14,8.05,8.23,7.97,7.76,5730550.0,93213152.0
2012-05-11,8.55,8.59,8.00,7.91,11468985.0,192338032.0
2012-05-10,8.15,8.94,8.66,8.05,14534014.0,250399104.0
2012-05-09,8.70,8.73,8.17,8.11,13416527.0,228880800.0
2012-05-08,7.82,8.60,8.60,7.81,14375371.0,240885168.0
2012-05-07,7.51,7.89,7.82,7.46,7398677.0,115468208.0
2012-05-04,7.55,7.66,7.61,7.46,4114754.0,63009004.0
2012-05-03,7.46,7.60,7.58,7.34,6266292.0,94943480.0
2012-05-02,7.26,7.84,7.63,7.19,11760767.0,180295008.0
2012-04-27,7.09,7.33,7.17,7.04,4119749.0,60191104.0
2012-04-26,7.24,7.34,7.11,7.07,4106484.0,59672216.0
2012-04-25,7.14,7.41,7.34,6.96,7975078.0,116799160.0
2012-04-24,7.01,7.42,7.20,6.96,5966510.0,86645704.0
2012-04-23,7.35,7.35,7.12,7.05,5018659.0,72696752.0
2012-04-20,7.25,7.47,7.39,7.13,6540162.0,96633264.0
2012-04-19,7.11,7.61,7.32,6.97,9499840.0,142226192.0
2012-04-18,7.06,7.30,7.17,6.98,6719219.0,97543768.0
2012-04-17,7.34,7.35,6.97,6.95,6998332.0,100285512.0
2012-04-16,7.17,7.49,7.37,7.13,7168743.0,106127264.0
2012-04-13,7.61,7.66,7.30,7.29,11524841.0,172624320.0
2012-04-12,6.85,7.50,7.50,6.85,13217535.0,196624160.0
2012-04-11,6.82,7.05,6.82,6.77,6045556.0,84176584.0
2012-04-10,6.70,7.07,7.07,6.48,8026239.0,109565800.0
2012-04-09,6.59,7.26,6.94,6.59,13172740.0,185357376.0
2012-04-06,6.82,6.85,6.70,6.59,9836108.0,133212624.0
2012-04-05,6.36,6.75,6.75,6.29,13196682.0,174510288.0
2012-03-30,5.76,6.14,6.14,5.72,5608909.0,68694152.0
2012-03-29,5.57,5.82,5.58,5.49,3159799.0,36037844.0
2012-03-28,6.21,6.21,5.73,5.69,3796930.0,45524092.0
2012-03-27,6.29,6.36,6.26,6.20,3231297.0,41156496.0
2012-03-26,6.31,6.48,6.25,6.19,3534761.0,45324120.0
2012-03-23,6.42,6.43,6.37,6.23,4538175.0,58239328.0
2012-03-22,6.64,6.77,6.50,6.46,6001295.0,80279992.0
2012-03-21,6.46,6.86,6.74,6.25,10823696.0,143855296.0
2012-03-20,6.23,6.76,6.52,6.18,10638530.0,139813040.0
2012-03-19,6.13,6.41,6.28,6.03,8228314.0,103956616.0
2012-03-16,5.61,6.18,6.18,5.57,8366164.0,100932624.0
2012-03-15,5.48,5.73,5.62,5.48,4100112.0,46572520.0
2012-03-14,5.83,5.87,5.47,5.43,3615317.0,41591808.0
2012-03-13,5.74,5.87,5.85,5.70,2539601.0,29724054.0
2012-03-12,5.75,5.77,5.74,5.66,1761206.0,20328928.0
2012-03-09,5.73,5.75,5.73,5.64,2085848.0,24060382.0
2012-03-08,5.76,5.86,5.73,5.68,3581341.0,41775092.0
2012-03-07,5.54,5.73,5.73,5.43,3343892.0,37829384.0
2012-03-06,5.60,5.62,5.56,5.48,1888264.0,21196432.0
2012-03-05,5.59,5.68,5.60,5.55,2958469.0,33637728.0
2012-03-02,5.35,5.62,5.59,5.35,2953563.0,33145846.0
2012-03-01,5.33,5.42,5.36,5.32,844423.0,9186527.0
2012-02-29,5.45,5.45,5.35,5.34,1170914.0,12749472.0
2012-02-28,5.48,5.51,5.46,5.35,2079366.0,22827366.0
2012-02-27,5.58,5.62,5.53,5.51,2559209.0,28800194.0
2012-02-24,5.52,5.58,5.56,5.47,2357012.0,26330126.0
2012-02-23,5.43,5.52,5.52,5.38,3113907.0,34462468.0
2012-02-22,5.29,5.43,5.42,5.26,2527955.0,27474290.0
2012-02-21,5.25,5.29,5.29,5.12,1398625.0,14803038.0
2012-02-20,5.35,5.35,5.27,5.23,1697793.0,18148598.0
2012-02-17,5.39,5.41,5.26,5.23,1710018.0,18283818.0
2012-02-16,5.33,5.43,5.38,5.30,2033975.0,22094270.0
2012-02-15,5.26,5.34,5.33,5.21,1519990.0,16291952.0
2012-02-14,5.21,5.31,5.26,5.19,1087860.0,11513199.0
2012-02-13,5.18,5.29,5.24,5.14,1336315.0,14138887.0
2012-02-10,5.24,5.31,5.21,5.15,1549488.0,16361754.0
2012-02-09,5.14,5.52,5.24,5.12,2827002.0,30423802.0
2012-02-08,5.05,5.20,5.15,5.03,2187712.0,22665950.0
2012-02-07,4.96,5.22,5.11,4.96,3346326.0,34636896.0
2012-02-06,4.99,5.02,5.00,4.95,1260939.0,12704430.0
2012-02-03,4.78,5.03,4.99,4.78,1955395.0,19525402.0
2012-02-02,4.75,4.83,4.82,4.69,739465.0,7116064.0
2012-02-01,4.78,4.87,4.73,4.73,809182.0,7865598.0
2012-01-31,4.84,4.84,4.78,4.74,593187.0,5740539.0
2012-01-30,4.70,4.93,4.84,4.70,1311497.0,12852914.0
2012-01-20,4.67,4.79,4.76,4.66,708898.0,6805438.0
2012-01-19,4.60,4.70,4.67,4.56,521541.0,4910206.0
2012-01-18,4.74,4.80,4.60,4.56,1208537.0,11504931.0
2012-01-17,4.45,4.74,4.73,4.45,1144072.0,10727010.0
2012-01-16,4.49,4.60,4.47,4.46,832704.0,7632572.0
2012-01-13,4.89,4.89,4.62,4.60,1243699.0,11861153.0
2012-01-12,4.89,4.97,4.91,4.86,1099512.0,10929614.0
2012-01-11,4.94,4.97,4.91,4.86,1597876.0,15868235.0
2012-01-10,4.74,4.99,4.94,4.70,2260741.0,22254204.0
2012-01-09,4.49,4.76,4.75,4.45,2250210.0,21189068.0
2012-01-06,4.39,4.50,4.45,4.33,1071764.0,9508173.0
2012-01-05,4.62,4.67,4.46,4.27,3175498.0,28611658.0
2012-01-04,4.88,4.99,4.74,4.74,1690475.0,16762289.0
2011-12-30,4.84,4.88,4.86,4.81,1371719.0,13456235.0
2011-12-29,4.77,4.84,4.82,4.75,767310.0,7452078.0
2011-12-28,4.89,4.89,4.80,4.67,969237.0,9347742.0
2011-12-27,5.05,5.07,4.89,4.89,524901.0,5282586.0
2011-12-26,5.14,5.17,5.06,5.06,534965.0,5537002.0
2011-12-23,5.14,5.22,5.14,5.11,867490.0,9067988.0
2011-12-22,5.19,5.22,5.14,4.97,780336.0,8014676.0
2011-12-21,5.56,5.56,5.24,5.24,568317.0,6257297.0
2011-12-20,5.53,5.59,5.48,5.45,806671.0,9037887.0
2011-12-19,5.51,5.56,5.54,5.38,599641.0,6617580.0
2011-12-16,5.48,5.53,5.50,5.34,653003.0,7184594.0
2011-12-15,5.49,5.51,5.34,5.32,719597.0,7900215.0
2011-12-14,5.72,5.85,5.58,5.56,799455.0,9199383.0
2011-12-13,6.08,6.13,5.81,5.81,1116289.0,13372920.0
2011-12-12,6.13,6.36,6.14,6.10,1031126.0,12963904.0
2011-12-09,6.18,6.25,6.12,6.12,472557.0,5893341.0
2011-12-08,6.32,6.33,6.23,6.10,755427.0,9494650.0
2011-12-07,6.24,6.34,6.30,6.22,466014.0,5914209.0
2011-12-06,6.23,6.34,6.24,6.21,584090.0,7395555.0
2011-12-05,6.53,6.53,6.24,6.24,748007.0,9642852.0
2011-12-02,6.64,6.65,6.53,6.48,783323.0,10367696.0
2011-12-01,6.67,6.85,6.67,6.66,1548320.0,21106992.0
2011-11-30,6.81,6.82,6.53,6.42,1462345.0,19715584.0
2011-11-29,6.63,6.96,6.87,6.59,2046167.0,28062888.0
2011-11-28,6.52,6.60,6.58,6.51,884008.0,11745095.0
2011-11-25,6.56,6.64,6.51,6.50,963368.0,12788395.0
2011-11-24,6.63,6.68,6.59,6.55,924382.0,12363814.0
2011-11-23,6.79,6.79,6.69,6.65,647211.0,8804799.0
2011-11-22,6.67,6.76,6.76,6.63,715758.0,9725565.0
2011-11-21,6.74,6.79,6.71,6.63,952435.0,12874990.0
2011-11-18,7.01,7.06,6.74,6.67,1342557.0,18601394.0
2011-11-17,7.10,7.21,7.08,7.08,1091506.0,15738917.0
2011-11-16,7.34,7.40,7.10,7.08,1656808.0,24400246.0
2011-11-15,7.34,7.37,7.35,7.27,1234265.0,18282282.0
2011-11-14,7.24,7.37,7.34,7.21,1340994.0,19850216.0
2011-11-11,7.26,7.35,7.19,7.16,1606580.0,23510726.0
2011-11-10,7.37,7.41,7.27,7.24,1800541.0,26657438.0
2011-11-09,7.41,7.46,7.46,7.29,2202499.0,32931794.0
2011-11-08,7.39,7.55,7.35,7.35,2862643.0,43137356.0
2011-11-07,7.34,7.44,7.36,7.27,2171241.0,32435192.0
2011-11-04,7.26,7.38,7.34,7.19,1908132.0,28188792.0
2011-11-03,7.36,7.50,7.26,7.24,3009004.0,44924092.0
2011-11-02,7.08,7.38,7.37,7.00,2820798.0,41162032.0
2011-11-01,7.09,7.21,7.17,7.05,2212398.0,31932512.0
2011-10-31,7.09,7.26,7.13,7.07,2167867.0,31377270.0
2011-10-28,7.12,7.18,7.12,7.00,1955915.0,28127554.0
2011-10-27,7.02,7.15,7.02,6.97,1568088.0,22373372.0
2011-10-26,6.99,7.14,7.03,6.97,2360233.0,33657444.0
2011-10-25,7.03,7.19,7.12,6.89,3533655.0,50322240.0
2011-10-24,6.57,7.12,7.06,6.54,3984438.0,55416676.0
2011-10-21,6.55,6.63,6.62,6.37,1408329.0,18551570.0
2011-10-20,6.51,6.60,6.60,6.34,1115375.0,14606757.0
2011-10-19,6.61,6.64,6.51,6.50,583162.0,7725975.0
2011-10-18,6.79,6.79,6.58,6.58,558152.0,7562920.0
2011-10-17,6.90,6.90,6.80,6.77,618618.0,8538604.0
2011-10-14,6.91,6.91,6.82,6.73,752808.0,10386482.0
2011-10-13,6.82,6.99,6.92,6.82,1032922.0,14423317.0
2011-10-12,6.58,6.90,6.87,6.52,1011427.0,13956007.0
2011-10-11,6.77,6.91,6.58,6.53,413901.0,5581274.0
2011-10-10,6.65,6.75,6.60,6.59,240269.0,3223445.0
2011-09-30,6.70,6.75,6.65,6.58,448656.0,6040585.0
2011-09-29,6.90,6.91,6.68,6.68,637076.0,8702443.0
2011-09-28,7.12,7.12,6.93,6.92,550448.0,7798443.0
2011-09-27,7.08,7.09,7.01,6.96,538993.0,7664111.0
2011-09-26,7.02,7.18,6.99,6.99,587999.0,8418503.0
2011-09-23,6.97,7.11,7.09,6.93,633763.0,9003176.0
2011-09-22,7.34,7.34,7.07,7.07,973937.0,14216941.0
2011-09-21,7.01,7.56,7.40,6.97,1759852.0,26055390.0
2011-09-20,7.00,7.08,7.01,6.92,480894.0,6793326.0
2011-09-19,7.14,7.19,7.08,7.02,727902.0,10479479.0
2011-09-16,7.07,7.16,7.07,7.07,370680.0,5325347.0
2011-09-15,7.07,7.19,7.05,7.03,513871.0,7376599.0
2011-09-14,7.03,7.05,7.03,6.87,445659.0,6274028.0
2011-09-13,7.07,7.07,6.97,6.93,466077.0,6573670.0
2011-09-09,7.25,7.25,7.14,7.09,298202.0,4314578.0
2011-09-08,7.30,7.41,7.17,7.17,539041.0,7897907.0
2011-09-07,7.07,7.35,7.30,7.07,797911.0,11662438.0
2011-09-06,6.92,7.17,7.06,6.87,510440.0,7233177.0
2011-09-05,7.20,7.22,7.05,6.99,571090.0,8174054.0
2011-09-02,7.39,7.41,7.22,7.17,761550.0,11182181.0
2011-09-01,7.53,7.59,7.42,7.40,551787.0,8338088.0
2011-08-31,7.54,7.60,7.50,7.39,690576.0,10452440.0
2011-08-30,7.47,7.83,7.54,7.47,1763560.0,27363920.0
2011-08-29,7.61,7.61,7.44,7.43,1421471.0,21621536.0
2011-08-26,7.70,7.75,7.71,7.58,1264654.0,19677640.0
2011-08-25,7.66,7.71,7.69,7.52,1160673.0,17919062.0
2011-08-24,7.55,7.80,7.57,7.49,1540647.0,23830210.0
2011-08-23,7.35,7.48,7.48,7.31,812249.0,12189848.0
2011-08-22,7.31,7.38,7.31,7.26,1041185.0,15431487.0
2011-08-19,7.32,7.40,7.29,7.17,1199654.0,17684082.0
2011-08-18,7.66,7.74,7.48,7.47,1036450.0,15930681.0
2011-08-17,7.69,7.82,7.69,7.61,1100655.0,17179544.0
2011-08-16,7.85,7.86,7.71,7.69,1490997.0,23411618.0
2011-08-15,7.45,7.88,7.78,7.45,2977658.0,46266480.0
2011-08-12,7.23,7.69,7.43,7.23,2521544.0,38209716.0
2011-08-11,6.94,7.24,7.20,6.86,1717380.0,24613946.0
2011-08-10,7.27,7.34,7.14,7.13,1742095.0,25565072.0
2011-08-09,6.93,7.19,7.10,6.61,2318154.0,32560368.0
2011-08-08,7.86,7.86,7.22,7.16,3038819.0,45667832.0
2011-08-05,7.91,8.10,7.95,7.78,1974010.0,31785702.0
2011-08-04,8.28,8.40,8.23,8.17,1525024.0,25549970.0
2011-08-03,8.19,8.43,8.26,8.11,1629921.0,27417348.0
2011-08-02,8.48,8.48,8.29,8.11,2498732.0,41811288.0
2011-08-01,8.56,8.61,8.54,8.43,1853343.0,31991184.0
2011-07-29,8.82,8.83,8.58,8.55,3815037.0,67035268.0
2011-07-28,8.49,8.87,8.83,8.46,6092975.0,107543448.0
2011-07-27,8.40,8.62,8.62,8.34,3465991.0,59937520.0
2011-07-26,8.30,8.50,8.50,8.08,2538270.0,42775524.0
2011-07-25,8.76,8.77,8.34,8.30,3855010.0,66652976.0
2011-07-22,8.45,8.83,8.76,8.34,5518396.0,96562928.0
2011-07-21,8.43,8.54,8.34,8.33,2182448.0,37136996.0
2011-07-20,8.33,8.85,8.50,8.33,5843135.0,101528480.0
2011-07-19,8.39,8.39,8.20,8.15,1830271.0,30518692.0
2011-07-18,8.44,8.50,8.39,8.35,1600743.0,27177366.0
2011-07-15,8.49,8.57,8.44,8.38,2991154.0,51255740.0
2011-07-14,8.10,8.54,8.50,8.10,3588356.0,60796956.0
2011-07-13,7.95,8.13,8.12,7.95,1460422.0,23839644.0
2011-07-12,8.19,8.19,7.94,7.91,1971592.0,31992768.0
2011-07-11,8.16,8.27,8.22,8.13,1200529.0,19935458.0
2011-07-08,8.36,8.45,8.23,8.19,1938512.0,32390438.0
2011-07-07,8.40,8.52,8.37,8.31,2562603.0,43629660.0
2011-07-06,8.23,8.55,8.46,8.13,3688125.0,62480956.0
2011-07-05,8.28,8.32,8.25,8.16,2159216.0,36006208.0
2011-07-04,8.21,8.32,8.26,8.11,2424692.0,40402732.0
2011-07-01,8.24,8.35,8.17,8.13,1897902.0,31599280.0
2011-06-30,8.08,8.32,8.27,8.00,2669274.0,44379552.0
2011-06-29,8.54,8.54,8.17,8.16,5223667.0,87826880.0
2011-06-28,7.77,8.56,8.56,7.66,6571545.0,110877232.0
2011-06-27,7.71,7.90,7.78,7.66,2183313.0,34454288.0
2011-06-24,7.47,7.84,7.74,7.44,2556362.0,39605908.0
2011-06-23,7.31,7.56,7.55,7.18,2082390.0,31419826.0
2011-06-22,7.35,7.36,7.32,7.21,577000.0,8505314.0
2011-06-21,7.25,7.36,7.32,7.12,601050.0,8842502.0
2011-06-20,7.41,7.41,7.24,7.20,766473.0,11272777.0
2011-06-17,7.48,7.56,7.41,7.40,858761.0,12987604.0
2011-06-16,7.39,7.57,7.47,7.33,1338559.0,20149248.0
2011-06-15,7.56,7.63,7.48,7.47,666352.0,10174858.0
2011-06-14,7.46,7.64,7.59,7.41,968012.0,14785826.0
2011-06-13,7.42,7.48,7.46,7.31,652243.0,9731392.0
2011-06-10,7.45,7.48,7.42,7.32,810540.0,12235428.0
2011-06-09,7.67,7.71,7.48,7.48,834149.0,12912286.0
2011-06-08,7.74,7.74,7.66,7.53,1036815.0,16152288.0
2011-06-07,7.69,7.80,7.76,7.66,806455.0,12756038.0
2011-06-03,7.58,7.73,7.69,7.58,894185.0,14014124.0
2011-06-02,7.64,7.67,7.59,7.39,1147319.0,17648776.0
2011-06-01,7.63,7.71,7.68,7.57,1013105.0,15875078.0
2011-05-31,7.46,7.65,7.63,7.46,824986.0,12732369.0
2011-05-30,7.49,7.57,7.46,7.38,1125154.0,17236552.0
2011-05-27,7.62,7.73,7.47,7.44,1132347.0,17460556.0
2011-05-26,7.78,7.91,7.66,7.66,780529.0,12430883.0
2011-05-25,7.86,7.98,7.76,7.75,839174.0,13405850.0
2011-05-24,7.93,7.93,7.86,7.60,1397659.0,22196042.0
2011-05-23,8.46,8.46,7.96,7.96,1717210.0,28671794.0
2011-05-19,8.67,8.68,8.46,8.45,1651360.0,28899276.0
2011-05-18,8.45,8.71,8.67,8.34,2660345.0,46641344.0
2011-05-17,8.41,8.53,8.46,8.27,1504268.0,25947938.0
2011-05-16,8.35,8.45,8.44,8.22,1247602.0,21392536.0
2011-05-13,8.17,8.36,8.35,8.13,1300679.0,21876182.0
2011-05-12,8.45,8.45,8.20,8.20,1639014.0,27918908.0
2011-05-11,8.46,8.55,8.45,8.41,1673890.0,29078736.0
2011-05-10,8.41,8.46,8.43,8.35,1245848.0,21423802.0
2011-05-09,8.30,8.51,8.41,8.27,1756723.0,30189790.0
2011-05-06,8.15,8.34,8.29,8.08,1970627.0,33314774.0
2011-05-05,8.19,8.34,8.22,8.11,3211139.0,53975944.0
2011-05-04,8.76,8.76,8.23,8.22,3147849.0,54474372.0
2011-05-03,8.81,8.89,8.77,8.63,2168744.0,38616108.0
2011-04-29,8.85,8.92,8.81,8.64,4593257.0,82563624.0
2011-04-28,9.03,9.35,9.16,8.57,9235595.0,165647360.0
2011-04-27,9.81,9.87,9.53,9.43,2869930.0,56103460.0
2011-04-26,9.96,9.98,9.79,9.74,1577739.0,31680458.0
2011-04-25,10.04,10.13,9.95,9.84,1480243.0,30079016.0
2011-04-22,10.22,10.27,10.13,10.07,1378157.0,28586228.0
2011-04-21,10.27,10.28,10.23,10.13,1101558.0,22974726.0
2011-04-20,10.10,10.32,10.19,10.10,962859.0,20086308.0
2011-04-19,10.54,10.54,10.13,10.03,2944119.0,61612192.0
2011-04-18,10.59,10.61,10.58,10.49,1462404.0,31526600.0
2011-04-15,10.48,10.57,10.57,10.43,1181712.0,25387410.0
2011-04-14,10.55,10.62,10.48,10.45,1575530.0,33819972.0
2011-04-13,10.52,10.60,10.59,10.44,1320617.0,28405960.0
2011-04-12,10.53,10.62,10.52,10.45,1642297.0,35317656.0
2011-04-11,11.01,11.10,10.54,10.54,3330025.0,73090376.0
2011-04-08,10.72,11.02,11.01,10.72,1953695.0,43447712.0
2011-04-07,10.55,10.73,10.72,10.54,1427035.0,31068808.0
2011-04-06,10.72,10.72,10.56,10.42,1839926.0,39643956.0
2011-04-01,10.66,10.75,10.72,10.55,1375521.0,29903854.0
2011-03-31,10.77,10.86,10.64,10.50,2025823.0,44003268.0
2011-03-30,10.98,10.98,10.68,10.57,2968015.0,64954048.0
2011-03-29,11.45,11.59,11.01,11.01,2977658.0,69117832.0
2011-03-28,11.74,11.84,11.49,11.47,3275959.0,78000648.0
2011-03-25,11.36,11.74,11.68,11.36,4078139.0,96438576.0
2011-03-24,11.30,11.47,11.33,11.26,2560154.0,59560508.0
2011-03-23,11.28,11.29,11.26,11.13,1647448.0,37812140.0
2011-03-22,11.26,11.35,11.20,11.06,1371629.0,31241574.0
2011-03-21,11.11,11.43,11.26,11.11,1957293.0,45178548.0
2011-03-18,11.15,11.25,11.17,11.06,1415125.0,32216304.0
2011-03-17,11.20,11.28,11.06,11.05,2564000.0,58409780.0
2011-03-16,11.18,11.36,11.28,11.13,2723419.0,62591300.0
2011-03-15,11.24,11.33,11.18,10.99,3522160.0,80341520.0
2011-03-14,11.42,11.54,11.23,11.11,4888606.0,112196248.0
2011-03-11,11.84,11.86,11.55,11.55,4245550.0,101210368.0
2011-03-10,11.78,12.19,11.84,11.74,5985203.0,146337456.0
2011-03-09,11.77,11.88,11.72,11.63,3106407.0,74499592.0
2011-03-08,11.85,11.87,11.77,11.62,2701812.0,64775808.0
2011-03-07,11.59,11.89,11.81,11.47,3250838.0,77785232.0
2011-03-04,11.36,11.59,11.53,11.31,2927902.0,68367608.0
2011-03-03,11.84,12.07,11.52,11.52,3847481.0,92614432.0
2011-03-02,11.65,11.93,11.89,11.47,3888726.0,93364488.0
2011-03-01,11.90,12.01,11.65,11.55,4092732.0,98487256.0
2011-02-28,11.75,11.99,11.97,11.60,4454054.0,107605968.0
2011-02-25,11.94,12.12,11.83,11.70,3371164.0,81490008.0
2011-02-24,11.74,12.13,12.03,11.55,4802277.0,116527400.0
2011-02-23,11.85,12.08,11.74,11.65,6220713.0,150935296.0
2011-02-22,12.22,12.26,11.65,11.45,8545178.0,205162912.0
2011-02-21,12.00,12.70,12.22,11.89,8995033.0,226110192.0
2011-02-18,11.80,12.04,11.94,11.65,6662668.0,161297456.0
2011-02-17,11.98,12.23,11.96,11.68,8978141.0,218930448.0
2011-02-16,11.05,12.33,11.88,11.01,13104421.0,314733632.0
2011-02-15,10.57,11.37,11.21,10.44,9344443.0,208360272.0
2011-02-14,10.87,11.25,10.67,10.51,7993756.0,175723168.0
2011-02-10,9.80,10.33,10.28,9.79,3794315.0,78590032.0
2011-02-09,9.83,10.08,9.88,9.79,2066188.0,41878100.0
2011-02-01,9.93,10.13,10.00,9.86,2025073.0,41296740.0
2011-01-31,9.69,10.03,9.92,9.67,2288140.0,46159964.0
2011-01-28,9.64,9.83,9.70,9.56,2319583.0,46138836.0
2011-01-27,9.55,9.81,9.64,9.42,2674794.0,52858656.0
2011-01-26,9.49,9.86,9.61,9.36,3910719.0,76943392.0
2011-01-25,9.22,9.63,9.57,9.05,3994445.0,76528136.0
2011-01-24,9.35,9.41,9.25,9.15,3219347.0,61027592.0
2011-01-21,9.79,9.83,9.54,9.00,12655900.0,243685664.0
2011-01-20,10.23,10.37,9.98,9.98,2656135.0,55080728.0
2011-01-19,10.02,10.31,10.30,9.86,2870300.0,59419544.0
2011-01-18,10.00,10.10,10.05,9.86,1099783.0,22508434.0
2011-01-17,10.43,10.56,10.00,9.94,2213986.0,45892484.0
2011-01-14,10.67,10.70,10.57,10.34,2734034.0,58605468.0
2011-01-13,10.68,10.79,10.70,10.61,1595695.0,34892856.0
2011-01-12,10.63,10.72,10.71,10.38,2232581.0,48314240.0
2011-01-11,10.93,11.06,10.62,10.52,4221031.0,92207968.0
2011-01-10,10.93,11.25,11.01,10.85,3964715.0,89751256.0
2011-01-07,10.95,11.25,11.00,10.82,4568328.0,103707920.0
2011-01-06,11.16,11.29,10.95,10.88,3710087.0,83779520.0
2011-01-05,11.42,11.42,11.19,11.05,5273600.0,120724832.0
2011-01-04,11.36,11.64,11.42,11.16,5835018.0,135675168.0
