date,open,high,close,low,volume,amount
2015-11-27,12.85,12.95,11.68,11.55,21588188.0,263966480.0
2015-11-26,13.22,13.32,12.80,12.79,20305020.0,263812688.0
2015-11-25,13.30,13.37,13.28,12.96,19519216.0,257116624.0
2015-11-24,13.08,13.27,13.18,12.62,20969892.0,271618048.0
2015-11-23,12.73,13.65,13.07,12.66,38146364.0,504847456.0
2015-11-20,12.00,12.85,12.70,11.90,35728592.0,444357632.0
2015-11-19,11.50,11.94,11.93,11.50,15987415.0,187938928.0
2015-11-18,11.98,12.02,11.53,11.51,17897860.0,210424240.0
2015-11-17,11.68,12.35,11.99,11.66,38315220.0,463051776.0
2015-11-16,10.57,11.69,11.60,10.51,27043192.0,303227840.0
2015-11-13,11.08,11.18,10.86,10.75,16429566.0,180513408.0
2015-11-12,11.24,11.42,11.26,10.90,26878322.0,299774016.0
2015-11-11,11.12,11.34,11.24,11.03,19065592.0,212628320.0
2015-11-10,11.22,11.39,11.15,10.95,22016196.0,246049040.0
2015-11-09,10.80,11.40,11.25,10.72,28165800.0,314430208.0
2015-11-06,10.70,10.95,10.92,10.67,20076964.0,218072624.0
2015-11-05,10.84,10.98,10.66,10.56,21312196.0,229509248.0
2015-11-04,10.14,10.77,10.76,10.14,18445184.0,195022768.0
2015-11-03,10.26,10.34,10.13,10.02,10452978.0,106313256.0
2015-11-02,10.28,10.65,10.10,10.04,14554831.0,150790560.0
2015-10-30,10.98,10.98,10.57,10.51,16602564.0,178511088.0
2015-10-29,10.85,11.05,10.87,10.61,20601608.0,222918896.0
2015-10-28,10.85,11.48,10.80,10.63,33347124.0,370717408.0
2015-10-27,10.60,11.16,11.07,10.38,26772904.0,288160512.0
2015-10-26,10.75,11.25,11.07,10.52,39243320.0,424992896.0
2015-10-23,10.16,10.69,10.47,10.15,37573256.0,392012448.0
2015-10-22,9.38,10.30,10.09,9.38,31961836.0,317478528.0
2015-10-21,10.17,10.79,9.44,9.38,39279860.0,400892512.0
2015-10-20,9.69,10.52,10.21,9.60,32392086.0,325777120.0
2015-10-19,9.61,9.88,9.72,9.52,22708026.0,219970272.0
2015-10-16,9.55,9.69,9.60,9.28,22889204.0,217109984.0
2015-10-15,8.74,9.55,9.50,8.73,23948274.0,219775712.0
2015-10-14,9.02,9.09,8.82,8.80,14609076.0,130661168.0
2015-10-13,8.99,9.09,9.02,8.84,17351352.0,155835520.0
2015-10-12,8.56,9.12,9.06,8.56,21341520.0,190087488.0
2015-10-09,8.18,8.57,8.47,8.13,15711800.0,131553600.0
2015-10-08,8.14,8.28,8.20,8.07,11842994.0,96937216.0
2015-09-30,7.87,8.00,7.87,7.83,5999249.0,47478020.0
2015-09-29,7.83,7.94,7.83,7.75,5751260.0,45016064.0
2015-09-28,7.78,7.96,7.95,7.64,5748727.0,45031488.0
2015-09-25,8.14,8.14,7.77,7.72,10998255.0,87108008.0
2015-09-24,7.91,8.15,8.15,7.90,11992755.0,96470840.0
2015-09-23,7.90,8.03,7.86,7.78,9171364.0,72388928.0
2015-09-22,8.05,8.17,8.06,7.91,13255102.0,106574600.0
2015-09-21,7.54,8.00,8.00,7.48,10526928.0,82377208.0
2015-09-18,7.61,7.74,7.68,7.49,8588929.0,65538612.0
2015-09-17,7.82,8.09,7.61,7.57,15626684.0,122519008.0
2015-09-16,7.28,7.83,7.83,7.17,12334500.0,92432560.0
2015-09-15,7.34,7.63,7.12,7.08,11603316.0,85633104.0
2015-09-14,8.48,8.53,7.54,7.54,14077340.0,110992448.0
2015-09-11,8.42,8.54,8.38,8.29,8971896.0,75525680.0
2015-09-10,8.61,8.74,8.44,8.41,10034204.0,86045912.0
2015-09-09,8.55,8.78,8.75,8.36,16866788.0,145278720.0
2015-09-08,7.88,8.50,8.40,7.81,10056471.0,81663112.0
2015-09-07,7.76,8.19,7.90,7.76,10207686.0,81590696.0
2015-09-02,7.42,8.21,7.60,7.40,11001338.0,85118728.0
2015-09-01,8.48,8.60,7.92,7.90,11657413.0,94634520.0
2015-08-31,9.17,9.17,8.68,8.61,13751210.0,120578464.0
2015-08-28,8.60,9.20,9.17,8.57,17417984.0,153751568.0
2015-08-27,8.29,8.45,8.45,7.85,13846753.0,113274192.0
2015-08-26,8.54,8.85,7.95,7.80,19568966.0,163749984.0
2015-08-25,8.50,8.80,8.42,8.42,12940321.0,110206320.0
2015-08-24,10.01,10.09,9.36,9.36,13962813.0,132651088.0
2015-08-21,10.87,11.09,10.40,10.30,14890417.0,159426752.0
2015-08-20,11.45,11.55,11.01,11.00,16088351.0,180970224.0
2015-08-19,11.00,11.80,11.64,10.32,23414138.0,259352320.0
2015-08-18,12.79,12.83,11.41,11.41,31166492.0,381007936.0
2015-08-17,12.55,12.68,12.68,12.23,21688232.0,270237120.0
2015-08-14,12.56,12.80,12.61,12.44,25425496.0,320748480.0
2015-08-13,12.05,12.49,12.48,12.00,20178984.0,247184928.0
2015-08-12,12.26,12.66,12.13,12.10,22821332.0,281425664.0
2015-08-11,12.34,12.99,12.54,12.21,32541870.0,411666144.0
2015-08-10,11.78,12.50,12.35,11.68,25266074.0,306976480.0
2015-08-07,11.30,11.61,11.55,11.22,18931508.0,216963232.0
2015-08-06,10.95,11.39,11.11,10.79,13995541.0,156024224.0
2015-08-05,11.40,11.85,11.33,11.01,24536284.0,282590432.0
2015-08-04,10.70,11.60,11.59,10.66,22623828.0,251138432.0
2015-08-03,11.40,11.58,10.55,10.50,20942680.0,228341072.0
2015-07-31,11.53,12.13,11.63,11.37,20563536.0,241498432.0
2015-07-30,12.50,12.87,11.94,11.88,40148624.0,503541600.0
2015-07-29,11.40,12.22,12.22,11.07,33671240.0,392219680.0
2015-07-28,11.00,12.10,11.11,10.72,36185300.0,403015456.0
2015-07-27,12.90,13.55,11.91,11.91,40179080.0,515690720.0
2015-07-24,13.30,14.18,13.23,13.04,41413276.0,563680960.0
2015-07-23,13.03,13.49,13.30,12.84,35323228.0,465337376.0
2015-07-22,13.30,13.71,13.15,12.62,51670700.0,682695360.0
2015-07-21,12.50,13.52,13.51,11.80,54155784.0,694423296.0
2015-07-20,11.66,12.29,12.29,11.22,58657432.0,702397824.0
2015-07-17,10.15,11.17,11.17,10.15,33422156.0,361553152.0
2015-07-16,9.55,10.30,10.15,8.82,46256956.0,455772992.0
2015-07-15,9.80,9.80,9.80,9.80,7026293.0,68857672.0
2015-07-14,8.91,8.91,8.91,8.91,337462.0,3006787.0
2015-07-07,8.55,8.63,8.10,8.10,17068768.0,140502560.0
2015-07-06,10.95,10.95,9.00,8.96,29994228.0,293170272.0
2015-07-03,10.48,10.99,9.96,9.96,24034768.0,244652544.0
2015-07-02,12.30,12.50,11.07,11.07,25206596.0,288019744.0
2015-07-01,13.30,13.90,12.30,12.30,27560664.0,364795008.0
2015-06-30,12.99,13.88,13.67,11.76,28777380.0,365260832.0
2015-06-29,14.80,14.99,13.07,13.07,21954410.0,296080512.0
2015-06-26,15.70,15.72,14.52,14.52,20738880.0,308710944.0
2015-06-25,16.28,16.65,16.13,15.76,23425200.0,380696960.0
2015-06-24,16.35,16.57,16.25,15.75,20527160.0,332961280.0
2015-06-23,16.50,17.11,15.99,14.86,21867312.0,347110400.0
2015-06-19,17.00,17.80,16.45,16.34,20258848.0,345367456.0
2015-06-18,18.15,18.94,18.16,18.05,29775716.0,552982272.0
2015-06-17,17.18,18.18,18.11,17.10,28314200.0,501907968.0
2015-06-16,18.60,18.60,17.18,16.85,32610404.0,578375232.0
2015-06-15,19.65,19.70,18.65,18.38,37926988.0,721944960.0
2015-06-12,19.84,20.02,19.63,19.50,29335482.0,576707264.0
2015-06-11,19.89,20.12,19.82,19.57,26972512.0,534765568.0
2015-06-10,19.40,20.36,19.89,19.20,33472546.0,666548160.0
2015-06-09,19.20,19.80,19.39,19.10,27747824.0,537926528.0
2015-06-08,20.59,20.65,19.55,19.40,37456704.0,739954304.0
2015-06-05,20.45,20.95,20.55,19.10,61681760.0,1237458816.0
2015-06-04,21.15,21.15,20.32,19.48,48176884.0,965535744.0
2015-06-03,23.52,23.70,21.63,21.16,25259904.0,1400511872.0
2015-06-02,22.88,23.90,23.52,22.04,18239096.0,1058042048.0
2015-06-01,20.24,22.26,22.22,20.13,19336926.0,1030417088.0
2015-05-29,20.12,20.72,20.24,18.57,17475600.0,869424192.0
2015-05-28,21.71,22.26,19.91,19.91,24086536.0,1280108544.0
2015-05-27,20.32,21.36,20.81,19.72,17362420.0,890166464.0
2015-05-26,19.08,20.52,20.26,18.81,17602820.0,863764800.0
2015-05-25,17.90,19.39,19.07,17.60,17226592.0,812348352.0
2015-05-22,18.01,18.68,18.35,17.02,20226644.0,908419776.0
2015-05-21,16.23,17.68,17.63,16.23,16654583.0,711958912.0
2015-05-20,15.52,17.01,16.20,15.52,17440892.0,717013376.0
2015-05-19,14.51,15.65,15.52,14.50,15169883.0,574077504.0
2015-05-18,14.38,14.92,14.67,14.29,9294440.0,342488768.0
2015-05-15,15.10,15.10,14.61,14.44,8894441.0,329507360.0
2015-05-14,15.22,15.38,15.24,14.75,11574573.0,437896768.0
2015-05-13,14.44,15.26,15.08,14.31,14291121.0,532511136.0
2015-05-12,14.70,14.74,14.55,14.30,10654677.0,387955040.0
2015-05-11,14.24,14.78,14.69,14.06,11616844.0,422409920.0
2015-05-08,13.40,14.11,14.10,13.40,10820352.0,374369920.0
2015-05-07,13.31,13.43,13.25,13.19,5299709.0,177161600.0
2015-05-06,13.26,13.54,13.21,13.10,6142764.0,205845104.0
2015-05-05,13.17,13.61,13.32,13.07,7723996.0,258907536.0
2015-05-04,13.42,13.42,13.18,13.07,5534953.0,183217024.0
2015-04-30,13.59,13.72,13.43,13.29,7660870.0,257613360.0
2015-04-29,13.23,13.86,13.56,13.16,6439884.0,220344048.0
2015-04-28,14.24,14.24,13.43,13.21,11364387.0,387799808.0
2015-04-27,14.54,14.62,14.26,14.12,8306799.0,298902816.0
2015-04-24,14.24,14.54,14.38,13.90,10383767.0,371147104.0
2015-04-23,14.38,14.78,14.53,14.22,9626179.0,349614784.0
2015-04-22,14.25,14.93,14.37,14.14,11965240.0,435785440.0
2015-04-21,12.71,13.99,13.99,12.71,12734132.0,433109792.0
2015-04-20,13.75,13.75,12.72,12.67,14022050.0,464095104.0
2015-04-17,13.77,14.12,13.79,13.69,9353621.0,325334112.0
2015-04-16,13.55,14.22,13.74,13.17,11700014.0,405418016.0
2015-04-15,15.14,15.44,13.99,13.95,13564659.0,493381728.0
2015-04-14,15.48,15.48,15.08,15.00,12895391.0,492112992.0
2015-04-13,15.74,16.14,15.66,15.46,14702498.0,584043776.0
2015-04-10,14.75,15.97,15.71,14.68,16284260.0,638681664.0
2015-04-09,15.66,15.66,15.02,14.46,16673848.0,630046976.0
2015-04-08,15.81,16.34,15.83,15.42,19672576.0,781245952.0
2015-04-07,15.06,16.37,15.99,14.89,26739164.0,1028156672.0
2015-04-03,14.74,15.74,15.15,14.56,34152908.0,1305216000.0
2015-04-02,13.54,14.77,14.56,13.35,21718006.0,770283904.0
2015-04-01,12.30,13.43,13.43,12.06,17634128.0,572603136.0
2015-03-31,12.13,12.54,12.22,11.91,14369245.0,441253792.0
2015-03-30,11.72,12.27,12.03,11.57,12636878.0,379908992.0
2015-03-27,11.59,11.90,11.71,11.24,12154821.0,352598208.0
2015-03-26,12.23,12.78,11.61,11.55,21342390.0,648385600.0
2015-03-25,11.55,12.75,12.48,11.39,18429454.0,557212288.0
2015-03-24,11.75,11.93,11.63,11.11,16763222.0,486594240.0
2015-03-23,11.19,11.93,11.88,11.01,16519583.0,476624544.0
2015-03-20,11.00,11.31,11.13,10.81,14050807.0,389778432.0
2015-03-19,10.24,11.15,11.07,10.07,18449850.0,494485184.0
2015-03-18,10.11,10.72,10.26,10.11,17700252.0,459640448.0
2015-03-17,9.49,9.77,9.76,9.44,14604608.0,352667808.0
2015-03-16,9.11,9.64,9.51,9.08,14886169.0,350982400.0
2015-03-13,9.00,9.14,9.00,8.94,4900809.0,111097088.0
2015-03-12,9.02,9.07,8.92,8.85,5585288.0,125624672.0
2015-03-11,9.26,9.26,9.02,9.00,7612459.0,173545280.0
2015-03-10,9.28,9.38,9.22,9.18,6870888.0,159459744.0
2015-03-09,9.24,9.36,9.28,9.17,8108278.0,188439296.0
2015-03-06,9.28,9.47,9.34,9.08,12571164.0,291962976.0
2015-03-05,8.90,9.39,9.32,8.89,17905324.0,412388768.0
2015-03-04,8.71,8.89,8.88,8.69,7722778.0,170094128.0
2015-03-03,8.79,8.98,8.71,8.67,12141703.0,268643456.0
2015-03-02,8.63,8.83,8.80,8.55,12571111.0,274247104.0
2015-02-27,8.56,8.63,8.60,8.46,10225124.0,218928160.0
2015-02-26,8.60,8.66,8.63,8.56,3847330.0,83076816.0
2015-02-25,8.81,8.81,8.60,8.56,5606111.0,121560592.0
2015-02-17,8.43,8.79,8.77,8.39,11256774.0,242670384.0
2015-02-16,8.48,8.52,8.42,8.23,11442535.0,239310512.0
2015-02-13,8.49,8.59,8.44,8.44,7690251.0,164257360.0
2015-02-12,8.63,8.70,8.44,8.44,5954995.0,127935632.0
2015-02-11,8.26,8.55,8.51,8.19,4746773.0,100167336.0
2015-02-10,8.09,8.26,8.26,8.09,3406363.0,70045256.0
2015-02-09,8.01,8.22,8.17,7.97,3024568.0,61710028.0
2015-02-06,8.51,8.52,8.10,8.07,6530440.0,135091808.0
2015-02-05,8.57,8.67,8.49,8.47,5712331.0,122868304.0
2015-02-04,8.64,8.65,8.49,8.49,5318487.0,114476240.0
2015-02-03,8.56,8.69,8.67,8.37,7460093.0,159624496.0
2015-02-02,8.39,8.65,8.55,8.21,6570075.0,140285552.0
2015-01-30,9.03,9.05,8.47,8.41,13185497.0,285371776.0
2015-01-29,8.96,9.16,8.97,8.90,7898327.0,178737280.0
2015-01-28,9.40,9.40,9.04,9.00,18909518.0,434540576.0
2015-01-27,9.36,9.83,9.61,9.29,23474064.0,565699200.0
2015-01-26,9.18,9.48,9.37,9.18,13517480.0,316790432.0
2015-01-23,9.20,9.55,9.31,9.12,21417784.0,501568672.0
2015-01-22,9.36,9.63,9.30,9.18,40799408.0,965799552.0
2015-01-21,9.11,9.11,9.11,8.93,20599396.0,470417216.0
2015-01-20,8.28,8.28,8.28,8.28,5145641.0,106977880.0
2015-01-19,7.46,7.65,7.53,7.18,4878003.0,91232712.0
2015-01-16,7.45,7.67,7.63,7.38,3965550.0,75201344.0
2015-01-15,7.54,7.56,7.48,7.37,1979738.0,37074188.0
2015-01-14,7.47,7.97,7.56,7.43,4014265.0,76598040.0
2015-01-13,7.35,7.49,7.47,7.26,5117360.0,94607288.0
2015-01-12,7.40,7.59,7.41,7.26,4557150.0,84715304.0
2015-01-09,7.12,7.57,7.45,7.02,12304276.0,227353040.0
2015-01-08,6.92,7.29,7.02,6.92,3826510.0,68048392.0
2015-01-07,6.97,7.03,6.97,6.90,2744529.0,47871284.0
2015-01-06,6.88,7.08,7.02,6.73,4454438.0,77188048.0
2015-01-05,6.87,6.95,6.88,6.70,4017998.0,69035728.0
2014-12-31,7.15,7.19,6.88,6.84,4646000.0,80752712.0
2014-12-30,7.06,7.17,7.14,6.84,5220162.0,92324448.0
2014-12-29,7.30,7.40,7.13,7.01,4313482.0,77304560.0
2014-12-26,7.22,7.37,7.33,7.14,4330536.0,78690200.0
2014-12-25,7.13,7.29,7.23,7.02,3492356.0,63026708.0
2014-12-24,6.94,7.16,7.10,6.92,3393328.0,60099920.0
2014-12-23,7.10,7.29,6.94,6.81,5714741.0,101771904.0
2014-12-22,7.78,7.79,7.12,7.02,8786602.0,159499632.0
2014-12-19,7.60,7.81,7.81,7.51,11748417.0,227610384.0
2014-12-18,7.47,7.68,7.60,7.33,7300353.0,138379456.0
2014-12-17,7.54,7.55,7.48,7.29,4334960.0,80671400.0
2014-12-16,7.66,7.68,7.54,7.45,4886686.0,92791888.0
2014-12-15,7.24,7.73,7.65,7.23,6880269.0,129851384.0
2014-12-12,7.21,7.34,7.24,7.19,4762114.0,86804488.0
2014-12-11,7.17,7.36,7.24,7.10,5862932.0,106019816.0
2014-12-10,7.04,7.37,7.26,6.78,7267640.0,128724432.0
2014-12-09,7.47,7.61,7.07,6.77,9495274.0,171522304.0
2014-12-08,7.96,8.04,7.45,7.42,11492758.0,221184240.0
2014-12-05,7.91,8.10,8.06,7.69,11720553.0,233005840.0
2014-12-04,7.54,8.05,7.93,7.54,10970297.0,217490064.0
2014-12-03,7.54,7.70,7.41,7.37,7222994.0,135914928.0
2014-12-02,6.98,7.67,7.55,6.97,11592811.0,217323888.0
2014-12-01,7.12,7.16,6.98,6.97,5713382.0,101183560.0
2014-11-28,7.09,7.24,7.12,6.97,7116353.0,127060464.0
2014-11-27,7.14,7.31,7.16,7.05,5760806.0,103883240.0
2014-11-26,6.97,7.29,7.10,6.97,7361451.0,132090864.0
2014-11-25,6.81,6.97,6.95,6.81,4676371.0,81285712.0
2014-11-24,6.77,6.87,6.81,6.76,3656736.0,62482436.0
2014-11-21,6.70,6.82,6.74,6.65,3218590.0,54505740.0
2014-11-20,6.65,6.74,6.70,6.64,2782271.0,46726580.0
2014-11-19,6.52,6.75,6.70,6.49,5397555.0,90067208.0
2014-11-18,6.51,6.53,6.52,6.44,2107590.0,34300040.0
2014-11-17,6.45,6.58,6.51,6.34,3351922.0,54666124.0
2014-11-14,6.37,6.44,6.39,6.32,3160178.0,50648972.0
2014-11-13,6.61,6.66,6.44,6.39,4207216.0,68285784.0
2014-11-12,6.51,6.66,6.65,6.42,3550718.0,58552464.0
2014-11-11,6.84,6.97,6.54,6.35,8134305.0,135016560.0
2014-11-10,6.79,6.93,6.83,6.75,3347770.0,57241756.0
2014-11-07,6.98,7.09,6.84,6.78,5369843.0,93445880.0
2014-11-06,6.82,7.07,7.00,6.71,6412059.0,111307160.0
2014-11-05,6.87,6.91,6.88,6.61,8994396.0,152293520.0
2014-11-04,7.13,7.37,6.84,6.81,18254580.0,322154624.0
2014-11-03,7.12,7.43,7.30,7.06,15985204.0,292505344.0
2014-10-31,7.16,7.19,7.10,6.99,15448451.0,274624704.0
2014-10-30,6.88,7.16,7.06,6.81,18100168.0,318703584.0
2014-10-29,6.77,6.93,6.90,6.74,19324242.0,332043776.0
2014-10-28,6.49,6.85,6.74,6.49,14221547.0,238795696.0
2014-10-27,6.41,6.51,6.49,6.39,3207603.0,52010756.0
2014-10-24,6.41,6.49,6.46,6.33,12359959.0,199103376.0
2014-10-23,6.45,6.60,6.34,6.23,14419688.0,231307184.0
2014-10-22,6.58,6.67,6.49,6.41,4404551.0,72933560.0
2014-10-21,6.70,6.73,6.65,6.54,6977763.0,116352616.0
2014-10-20,6.65,6.77,6.70,6.59,7531051.0,126314216.0
2014-10-17,6.79,6.83,6.66,6.45,6694325.0,111202352.0
2014-10-16,6.73,6.92,6.83,6.69,7327445.0,125336592.0
2014-10-15,6.79,6.97,6.79,6.67,4753282.0,81163376.0
2014-10-14,6.75,6.98,6.83,6.71,6176908.0,106267192.0
2014-10-13,6.58,6.77,6.77,6.56,5619961.0,93752744.0
2014-10-10,6.65,6.75,6.62,6.60,4160738.0,69446512.0
2014-10-09,6.73,6.86,6.69,6.57,6997616.0,117577288.0
2014-10-08,6.75,6.83,6.76,6.64,3715038.0,62824624.0
2014-09-30,6.61,6.73,6.73,6.57,4224169.0,70344208.0
2014-09-29,6.52,6.79,6.59,6.47,12014483.0,200191392.0
2014-09-26,6.36,6.55,6.51,6.30,5978918.0,96010752.0
2014-09-25,6.44,6.49,6.39,6.34,5659939.0,90996928.0
2014-09-24,6.30,6.51,6.42,6.26,6654341.0,107834032.0
2014-09-23,6.26,6.36,6.30,6.22,6116900.0,96494576.0
2014-09-22,6.24,6.45,6.28,6.10,12696945.0,199473072.0
2014-09-19,5.98,6.27,6.26,5.96,11038738.0,170527968.0
2014-09-18,5.88,5.96,5.96,5.81,5206008.0,77203112.0
2014-09-17,5.89,5.97,5.88,5.78,5437338.0,79899840.0
2014-09-16,6.17,6.20,5.88,5.86,8434361.0,127821320.0
2014-09-15,5.94,6.34,6.12,5.90,7303743.0,111430024.0
2014-09-12,5.85,5.95,5.94,5.82,5281812.0,78123496.0
2014-09-11,6.00,6.02,5.85,5.82,7217224.0,106995408.0
2014-09-10,5.74,6.01,5.98,5.74,7807964.0,115686920.0
2014-09-09,5.87,5.87,5.78,5.71,5026682.0,72877136.0
2014-09-05,5.84,5.90,5.77,5.75,8230211.0,119763736.0
2014-09-04,5.75,5.90,5.83,5.72,7282689.0,106454488.0
2014-09-03,5.76,5.82,5.75,5.67,7138003.0,102785568.0
2014-09-02,5.73,5.77,5.74,5.68,6821972.0,98102792.0
2014-09-01,5.57,5.85,5.73,5.57,6127420.0,87263144.0
2014-08-29,5.34,5.57,5.56,5.34,5435530.0,74920576.0
2014-08-28,5.43,5.52,5.34,5.33,4239548.0,57542892.0
2014-08-27,5.38,5.49,5.45,5.38,4382804.0,59837832.0
2014-08-26,5.54,5.55,5.39,5.37,8392199.0,114716312.0
2014-08-25,5.67,5.68,5.57,5.56,7569440.0,106412336.0
2014-08-22,5.52,5.77,5.69,5.51,11862045.0,169187488.0
2014-08-21,5.49,5.58,5.51,5.42,8068053.0,111251768.0
2014-08-20,5.43,5.63,5.52,5.36,15617629.0,216997856.0
2014-08-19,5.35,5.44,5.43,5.32,7273030.0,98460672.0
2014-08-18,5.21,5.37,5.35,5.21,6353063.0,84654104.0
2014-08-15,5.17,5.22,5.21,5.14,4219981.0,54996856.0
2014-08-14,5.20,5.24,5.14,5.13,4854771.0,63269444.0
2014-08-13,5.25,5.26,5.21,5.15,3689250.0,48113672.0
2014-08-12,5.23,5.27,5.24,5.20,3212477.0,42222664.0
2014-08-11,5.17,5.24,5.22,5.16,4712696.0,61627376.0
2014-08-08,5.12,5.17,5.14,5.12,2470488.0,31898468.0
2014-08-07,5.18,5.33,5.14,5.13,6348662.0,83383104.0
2014-08-06,5.17,5.20,5.19,5.12,3364401.0,43580948.0
2014-08-05,5.21,5.21,5.19,5.13,4936938.0,64101540.0
2014-08-04,5.02,5.25,5.19,5.00,9749671.0,126145584.0
2014-08-01,5.04,5.07,4.98,4.98,4494051.0,56666600.0
2014-07-31,5.04,5.08,5.06,5.01,4059382.0,51412540.0
2014-07-30,5.00,5.06,5.04,4.96,4157369.0,52266636.0
2014-07-29,4.98,5.02,4.98,4.96,3752279.0,47014184.0
2014-07-28,4.91,4.99,4.98,4.91,3646731.0,45421480.0
2014-07-25,4.84,4.90,4.90,4.84,2019845.0,24688660.0
2014-07-24,4.84,4.88,4.84,4.78,3285388.0,39738736.0
2014-07-23,4.93,4.94,4.86,4.81,3033448.0,37095380.0
2014-07-22,4.89,4.97,4.94,4.86,2376219.0,29421322.0
2014-07-21,4.98,4.98,4.91,4.87,2387025.0,29385762.0
2014-07-18,4.94,5.00,4.98,4.94,1973654.0,24636736.0
2014-07-17,4.95,4.98,4.97,4.92,2094024.0,26013066.0
2014-07-16,5.01,5.02,4.94,4.91,3447985.0,42905264.0
2014-07-15,5.03,5.08,5.01,4.97,3024765.0,37978456.0
2014-07-14,4.94,5.05,5.03,4.93,5294955.0,66551628.0
2014-07-11,4.87,4.96,4.94,4.86,2698222.0,33285976.0
2014-07-10,4.86,4.88,4.87,4.84,2597069.0,31679408.0
2014-07-09,4.90,5.01,4.85,4.84,4618366.0,57205300.0
2014-07-08,4.91,4.93,4.92,4.84,2547795.0,31262746.0
2014-07-07,4.94,5.04,4.92,4.89,3293481.0,40906776.0
2014-07-04,4.95,4.97,4.95,4.90,2322023.0,28748582.0
2014-07-03,4.86,4.99,4.95,4.84,4633971.0,57491652.0
2014-07-02,4.84,4.90,4.86,4.81,2834406.0,34499264.0
2014-07-01,4.87,4.91,4.84,4.82,2376533.0,28999182.0
2014-06-30,4.83,4.93,4.87,4.83,2636061.0,32257080.0
2014-06-27,4.81,4.88,4.83,4.81,2549230.0,30991696.0
2014-06-26,4.82,4.88,4.81,4.80,3414516.0,41469588.0
2014-06-25,4.76,4.83,4.82,4.72,2122411.0,25427906.0
2014-06-24,4.67,4.78,4.78,4.65,1778704.0,21123836.0
2014-06-23,4.66,4.71,4.67,4.66,1074226.0,12621468.0
2014-06-20,4.61,4.70,4.68,4.59,1189199.0,13880506.0
2014-06-19,4.76,4.81,4.61,4.58,1987819.0,23418108.0
2014-06-18,4.73,4.77,4.76,4.72,1602169.0,19044240.0
2014-06-17,4.80,4.81,4.73,4.73,1543251.0,18414234.0
2014-06-16,4.82,4.88,4.81,4.80,2562807.0,31105102.0
2014-06-13,4.73,4.84,4.82,4.72,2413387.0,29091396.0
2014-06-12,4.79,4.79,4.74,4.71,1810687.0,21568794.0
2014-06-11,4.79,4.80,4.80,4.74,2432601.0,29087784.0
2014-06-10,4.65,4.79,4.78,4.63,4110667.0,48794532.0
2014-06-09,4.61,4.65,4.60,4.59,902919.0,10484454.0
2014-06-06,4.62,4.65,4.61,4.59,1006880.0,11651748.0
2014-06-05,4.56,4.61,4.61,4.55,1127040.0,12967185.0
2014-06-04,4.65,4.67,4.57,4.54,1820201.0,20929324.0
2014-06-03,4.67,4.71,4.65,4.64,1427995.0,16762754.0
2014-05-30,4.67,4.70,4.67,4.63,1012134.0,11847593.0
2014-05-29,4.74,4.74,4.67,4.66,1788279.0,21080366.0
2014-05-28,4.69,4.76,4.74,4.67,1753160.0,20734444.0
2014-05-27,4.73,4.76,4.71,4.70,1723479.0,20432048.0
2014-05-26,4.72,4.73,4.73,4.68,1412604.0,16700366.0
2014-05-23,4.65,4.69,4.69,4.62,1132198.0,13232679.0
2014-05-22,4.69,4.73,4.67,4.67,1521646.0,17943444.0
2014-05-21,4.66,4.70,4.69,4.58,1286843.0,15036959.0
2014-05-20,4.66,4.71,4.65,4.61,1498658.0,17567816.0
2014-05-19,4.59,4.65,4.63,4.58,938727.0,10870663.0
2014-05-16,4.57,4.61,4.61,4.55,870061.0,9995482.0
2014-05-15,4.65,4.66,4.57,4.56,1198884.0,13848063.0
2014-05-14,4.63,4.68,4.62,4.61,1086914.0,12663556.0
2014-05-13,4.66,4.71,4.66,4.64,1312794.0,15378222.0
2014-05-12,4.61,4.68,4.66,4.56,2037464.0,23714088.0
2014-05-09,4.54,4.59,4.55,4.47,1541892.0,17441966.0
2014-05-08,4.56,4.64,4.55,4.53,1269637.0,14607191.0
2014-05-07,4.65,4.65,4.54,4.53,1850484.0,21268140.0
2014-05-06,4.62,4.69,4.65,4.59,1948450.0,22717882.0
2014-05-05,4.58,4.63,4.63,4.49,1652927.0,18934012.0
2014-04-30,4.57,4.61,4.60,4.54,1204938.0,13869820.0
2014-04-29,4.50,4.57,4.57,4.47,1361335.0,15453902.0
2014-04-28,4.63,4.63,4.46,4.44,2922479.0,33564816.0
2014-04-25,4.88,4.89,4.68,4.67,3475122.0,42488540.0
2014-04-24,4.93,4.98,4.89,4.89,3020720.0,37996148.0
2014-04-23,4.86,4.97,4.96,4.82,4119420.0,51839932.0
2014-04-22,4.89,4.97,4.86,4.78,3555524.0,44317708.0
2014-04-21,4.79,5.00,4.89,4.78,5373916.0,67382496.0
2014-04-18,4.81,4.85,4.83,4.77,1373931.0,16886966.0
2014-04-17,4.80,4.84,4.81,4.78,1692086.0,20819544.0
2014-04-16,4.77,4.80,4.78,4.74,1350687.0,16463104.0
2014-04-15,4.84,4.88,4.78,4.77,2437150.0,29877934.0
2014-04-14,4.77,4.85,4.85,4.75,2219155.0,27223954.0
2014-04-11,4.82,4.82,4.77,4.75,2300401.0,28011476.0
2014-04-10,4.87,4.89,4.82,4.82,3047863.0,37716248.0
2014-04-09,4.88,4.90,4.87,4.84,2509535.0,31144824.0
2014-04-08,4.79,4.91,4.88,4.77,3167438.0,39257048.0
2014-04-04,4.74,4.81,4.80,4.74,2025328.0,24705536.0
2014-04-03,4.71,4.84,4.77,4.71,3626303.0,44329388.0
2014-04-02,4.72,4.73,4.69,4.67,1637703.0,19641998.0
2014-04-01,4.61,4.71,4.71,4.57,2052559.0,24326034.0
2014-03-31,4.70,4.73,4.61,4.59,2077645.0,24684964.0
2014-03-28,4.79,4.84,4.69,4.68,3877198.0,46841592.0
2014-03-27,4.64,4.85,4.79,4.64,7476563.0,91725944.0
2014-03-26,4.66,4.68,4.68,4.63,3026817.0,36037048.0
2014-03-25,4.66,4.68,4.64,4.62,2421744.0,28744144.0
2014-03-24,4.66,4.70,4.67,4.62,2874299.0,34173236.0
2014-03-21,4.51,4.68,4.67,4.50,3645349.0,42803464.0
2014-03-20,4.60,4.65,4.50,4.50,2943348.0,34475928.0
2014-03-19,4.69,4.69,4.62,4.58,2607621.0,30773290.0
2014-03-18,4.68,4.73,4.69,4.64,2568797.0,30756986.0
2014-03-17,4.53,4.68,4.67,4.53,1837959.0,21710966.0
2014-03-14,4.61,4.61,4.55,4.52,1835228.0,21349218.0
2014-03-13,4.62,4.64,4.62,4.57,2065835.0,24302766.0
2014-03-12,4.63,4.64,4.58,4.50,2409592.0,28142970.0
2014-03-11,4.61,4.64,4.63,4.52,2311371.0,27117916.0
2014-03-10,4.84,4.84,4.62,4.61,4197205.0,50263720.0
2014-03-07,5.01,5.02,4.86,4.84,5553878.0,69391576.0
2014-03-06,5.06,5.07,5.01,4.94,2828088.0,36078876.0
2014-03-05,5.19,5.20,5.06,5.04,4257693.0,55676660.0
2014-03-04,5.08,5.18,5.12,5.02,5237503.0,68074568.0
2014-03-03,4.95,5.12,5.11,4.95,4783940.0,61686728.0
2014-02-28,4.92,5.00,4.99,4.81,4498008.0,56454660.0
2014-02-27,5.02,5.23,4.93,4.91,6350772.0,82668112.0
2014-02-26,4.91,5.05,5.02,4.82,4360321.0,55076844.0
2014-02-25,5.20,5.36,4.91,4.85,7966231.0,104092128.0
2014-02-24,5.10,5.21,5.21,5.08,4786317.0,62914636.0
2014-02-21,5.18,5.27,5.13,5.05,6833875.0,89845176.0
2014-02-20,5.30,5.40,5.20,5.17,9016629.0,121477136.0
2014-02-19,5.23,5.53,5.29,5.22,17887584.0,245704224.0
2014-02-18,4.97,5.24,5.20,4.94,11709054.0,153608752.0
2014-02-17,4.84,4.97,4.96,4.81,8043016.0,101166560.0
2014-02-14,4.71,4.81,4.81,4.69,4427085.0,53891872.0
2014-02-13,4.80,4.83,4.71,4.71,4617458.0,56351104.0
2014-02-12,4.78,4.84,4.80,4.75,5146508.0,63022768.0
2014-02-11,4.80,4.81,4.76,4.73,3662189.0,44566084.0
2014-02-10,4.70,4.82,4.79,4.70,4277635.0,52274456.0
2014-02-07,4.58,4.70,4.70,4.56,1939102.0,23042174.0
2014-01-30,4.66,4.72,4.62,4.62,2024810.0,24170270.0
2014-01-29,4.60,4.69,4.68,4.59,2289127.0,27220748.0
2014-01-28,4.55,4.60,4.59,4.48,1896086.0,22012248.0
2014-01-27,4.58,4.66,4.55,4.55,2614669.0,30785314.0
2014-01-24,4.49,4.61,4.57,4.47,2486331.0,28840790.0
2014-01-23,4.47,4.54,4.49,4.43,2864124.0,32887284.0
2014-01-22,4.35,4.48,4.46,4.35,2191180.0,24813762.0
2014-01-21,4.28,4.37,4.35,4.28,1534728.0,17010352.0
2014-01-20,4.32,4.35,4.29,4.27,1445938.0,15901201.0
2014-01-17,4.43,4.44,4.34,4.32,1841628.0,20472634.0
2014-01-16,4.41,4.47,4.44,4.40,1828758.0,20748236.0
2014-01-15,4.37,4.49,4.41,4.36,2202900.0,24898616.0
2014-01-14,4.23,4.38,4.37,4.23,2107972.0,23266532.0
2014-01-13,4.30,4.34,4.23,4.17,2208758.0,23951898.0
2014-01-10,4.43,4.43,4.29,4.27,2359153.0,26118026.0
2014-01-09,4.52,4.55,4.45,4.45,2093643.0,24086396.0
2014-01-08,4.52,4.55,4.53,4.43,1944495.0,22363126.0
2014-01-07,4.49,4.53,4.49,4.46,2056431.0,23584028.0
2014-01-06,4.72,4.72,4.50,4.46,3494207.0,40879900.0
2014-01-03,4.70,4.76,4.73,4.67,2376884.0,28590400.0
2014-01-02,4.68,4.77,4.75,4.68,1931752.0,23367096.0
2013-12-31,4.71,4.75,4.69,4.67,3733485.0,44851188.0
2013-12-30,4.80,4.91,4.72,4.71,5318522.0,65229540.0
2013-12-27,4.72,4.83,4.79,4.71,3481766.0,42584320.0
2013-12-26,4.71,4.86,4.75,4.70,4835992.0,59049412.0
2013-12-25,4.72,4.75,4.72,4.67,2708569.0,32609256.0
2013-12-24,4.58,4.73,4.71,4.57,3001318.0,35839916.0
2013-12-23,4.55,4.62,4.56,4.52,1349959.0,15782750.0
2013-12-20,4.57,4.60,4.59,4.44,2451102.0,28376216.0
2013-12-19,4.59,4.62,4.56,4.56,1143590.0,13412555.0
2013-12-18,4.61,4.62,4.57,4.55,1380061.0,16155554.0
2013-12-17,4.64,4.70,4.58,4.58,2462891.0,28979234.0
2013-12-16,4.71,4.74,4.68,4.65,2574703.0,30919038.0
2013-12-13,4.65,4.72,4.70,4.64,2513300.0,30096488.0
2013-12-12,4.65,4.76,4.66,4.65,2683959.0,32229624.0
2013-12-11,4.74,4.74,4.66,4.62,3245698.0,38852572.0
2013-12-10,4.83,4.85,4.77,4.75,3244535.0,39763512.0
2013-12-09,4.82,4.86,4.83,4.77,3346317.0,41054784.0
2013-12-06,4.83,4.88,4.81,4.79,4180001.0,51584656.0
2013-12-05,4.77,4.86,4.81,4.73,6261700.0,77013192.0
2013-12-04,4.71,4.82,4.77,4.69,4569068.0,55768008.0
2013-12-03,4.57,4.73,4.71,4.53,2633002.0,31303080.0
2013-12-02,4.77,4.79,4.57,4.51,4940887.0,59009564.0
2013-11-29,4.74,4.93,4.85,4.71,6125233.0,75046032.0
2013-11-28,4.74,4.80,4.74,4.73,5227479.0,63577136.0
2013-11-27,4.68,4.80,4.74,4.68,5442325.0,66000212.0
2013-11-26,4.59,4.70,4.64,4.56,2210178.0,26272042.0
2013-11-25,4.56,4.67,4.59,4.53,2125716.0,25082492.0
2013-11-22,4.69,4.72,4.58,4.46,2879383.0,33997276.0
2013-11-21,4.59,4.74,4.69,4.53,4437218.0,52739548.0
2013-11-20,4.59,4.64,4.61,4.55,3026536.0,35559120.0
2013-11-19,4.52,4.68,4.61,4.47,5662613.0,66219280.0
2013-11-18,4.46,4.52,4.52,4.42,3964324.0,45312032.0
2013-11-15,4.33,4.45,4.44,4.31,3704439.0,41686624.0
2013-11-14,4.22,4.35,4.31,4.20,2247671.0,24571320.0
2013-11-13,4.28,4.32,4.26,4.25,1665097.0,18259188.0
2013-11-12,4.28,4.32,4.29,4.25,3903219.0,42725856.0
2013-11-11,4.23,4.29,4.28,4.21,2506577.0,27206918.0
2013-11-08,4.34,4.36,4.23,4.22,2402253.0,26245446.0
2013-11-07,4.50,4.50,4.36,4.35,3104656.0,34934948.0
2013-11-06,4.51,4.58,4.50,4.50,2227350.0,25869302.0
2013-11-05,4.52,4.56,4.55,4.43,1534994.0,17629242.0
2013-11-04,4.55,4.56,4.52,4.50,1562528.0,18070514.0
2013-11-01,4.55,4.57,4.53,4.46,1915317.0,22038102.0
2013-10-31,4.63,4.63,4.54,4.53,1926795.0,22446338.0
2013-10-30,4.54,4.66,4.63,4.52,2163212.0,25391544.0
2013-10-29,4.68,4.71,4.54,4.45,3127715.0,36624872.0
2013-10-28,4.66,4.73,4.67,4.56,3422271.0,40530212.0
2013-10-25,5.23,5.23,4.68,4.68,11478456.0,140665696.0
2013-10-24,5.17,5.25,5.20,5.15,1653793.0,21944438.0
2013-10-23,5.52,5.52,5.22,5.07,5027956.0,68540088.0
2013-10-22,5.65,5.65,5.55,5.52,4182657.0,59385884.0
2013-10-21,5.59,5.67,5.65,5.52,4239928.0,60618652.0
2013-10-18,5.64,5.66,5.60,5.52,4463615.0,63726376.0
2013-10-17,5.42,5.69,5.66,5.36,8699575.0,123940920.0
2013-10-16,5.36,5.47,5.40,5.35,3725622.0,51522404.0
2013-10-15,5.46,5.48,5.37,5.36,3704925.0,51056452.0
2013-10-14,5.54,5.56,5.47,5.43,3593650.0,50302332.0
2013-10-11,5.51,5.57,5.54,5.48,5871130.0,82916624.0
2013-10-10,5.52,5.54,5.51,5.40,5874693.0,81928016.0
2013-10-09,5.45,5.58,5.52,5.43,6123620.0,86324200.0
2013-10-08,5.35,5.44,5.44,5.33,4051869.0,55986116.0
2013-09-30,5.24,5.33,5.33,5.23,1918667.0,25897936.0
2013-09-27,5.22,5.28,5.24,5.20,1428759.0,19091022.0
2013-09-26,5.31,5.35,5.22,5.21,2382324.0,32052004.0
2013-09-25,5.44,5.46,5.31,5.31,3167022.0,43636032.0
2013-09-24,5.31,5.47,5.44,5.28,4569849.0,62811616.0
2013-09-23,5.27,5.32,5.32,5.21,2656695.0,35747184.0
2013-09-18,5.25,5.35,5.25,5.21,2789861.0,37479912.0
2013-09-17,5.17,5.47,5.29,5.17,8119883.0,111185720.0
2013-09-16,5.20,5.24,5.22,5.08,3162165.0,41789244.0
2013-09-13,5.12,5.20,5.19,5.11,2437224.0,32099716.0
2013-09-12,5.06,5.14,5.12,5.06,1458913.0,19052876.0
2013-09-11,5.14,5.17,5.08,5.06,2035140.0,26490230.0
2013-09-10,5.16,5.17,5.14,5.11,1694187.0,22217426.0
2013-09-09,5.13,5.16,5.14,5.10,2276793.0,29878894.0
2013-09-06,5.10,5.15,5.12,5.02,1262968.0,16462074.0
2013-09-05,5.02,5.15,5.11,5.02,1251896.0,16243671.0
2013-09-04,5.12,5.19,5.06,5.04,1134703.0,14762095.0
2013-09-03,5.08,5.17,5.16,5.06,1317474.0,17239592.0
2013-09-02,4.93,5.09,5.08,4.86,1288501.0,16557852.0
2013-08-30,5.11,5.16,4.97,4.96,2277325.0,29387654.0
2013-08-29,5.15,5.18,5.11,5.09,1661084.0,21745666.0
2013-08-28,5.23,5.23,5.14,5.12,2420525.0,31917960.0
2013-08-27,5.31,5.35,5.28,5.20,1903638.0,25590882.0
2013-08-26,5.13,5.31,5.31,5.13,1958927.0,26212246.0
2013-08-23,5.26,5.36,5.19,5.11,1835994.0,24477400.0
2013-08-22,5.24,5.36,5.29,5.21,2026488.0,27494950.0
2013-08-21,5.17,5.24,5.23,5.13,1180620.0,15645907.0
2013-08-20,5.19,5.24,5.16,5.13,1234040.0,16319189.0
2013-08-19,5.10,5.20,5.19,5.08,1292253.0,17047902.0
2013-08-16,5.24,5.33,5.11,5.09,2377359.0,31605486.0
2013-08-15,5.40,5.42,5.26,5.25,1925391.0,26181078.0
2013-08-14,5.45,5.47,5.38,5.37,2531603.0,34984296.0
2013-08-13,5.36,5.46,5.45,5.34,3413324.0,47268788.0
2013-08-12,5.26,5.36,5.35,5.21,2727574.0,37017588.0
2013-08-09,5.34,5.42,5.27,5.14,3841711.0,52080304.0
2013-08-08,5.38,5.52,5.39,5.33,4338501.0,60204300.0
2013-08-07,5.37,5.52,5.51,5.31,3601711.0,49760256.0
2013-08-06,5.42,5.46,5.41,5.29,3239122.0,44563300.0
2013-08-05,5.22,5.45,5.42,5.21,3803972.0,52254524.0
2013-08-02,5.18,5.35,5.20,5.16,3070190.0,41168976.0
2013-08-01,5.05,5.17,5.17,5.02,2013232.0,26306820.0
2013-07-31,5.13,5.21,5.04,5.00,1810696.0,23568686.0
2013-07-30,5.35,5.40,5.11,5.01,3027225.0,39876344.0
2013-07-29,5.25,5.41,5.31,5.22,3520333.0,47834012.0
2013-07-26,5.31,5.39,5.34,5.21,6900418.0,93219488.0
2013-07-25,4.94,5.47,5.45,4.94,12848987.0,177133280.0
2013-07-24,5.05,5.08,4.97,4.90,2349694.0,29866428.0
2013-07-23,4.90,5.09,5.09,4.86,2158110.0,27453094.0
2013-07-22,5.08,5.08,4.92,4.77,1837351.0,22857596.0
2013-07-19,5.28,5.33,5.11,5.10,1460801.0,39338832.0
2013-07-18,5.35,5.35,5.28,5.17,959774.0,25984154.0
2013-07-17,5.49,5.49,5.29,5.26,1363279.0,37785040.0
2013-07-16,5.28,5.47,5.40,5.23,1973199.0,54914252.0
2013-07-15,5.15,5.23,5.22,5.12,1112504.0,29855756.0
2013-07-12,5.14,5.21,5.15,5.10,938649.0,25096076.0
2013-07-11,4.99,5.18,5.15,4.97,1008547.0,26617770.0
2013-07-10,4.89,5.01,4.99,4.84,500516.0,12754377.0
2013-07-09,4.81,4.89,4.88,4.74,409268.0,10208181.0
2013-07-08,5.01,5.02,4.81,4.80,846267.0,21434060.0
2013-07-05,5.18,5.20,5.11,5.10,691790.0,18352196.0
2013-07-04,5.08,5.21,5.15,5.05,965199.0,25711262.0
2013-07-03,5.13,5.13,5.09,5.00,696588.0,18276486.0
2013-07-02,5.10,5.16,5.15,5.06,766105.0,20231556.0
2013-07-01,4.98,5.10,5.10,4.95,644809.0,16835458.0
2013-06-28,5.00,5.04,4.99,4.90,678925.0,17406402.0
2013-06-27,5.01,5.14,4.97,4.96,1079372.0,28185314.0
2013-06-26,4.93,5.02,5.01,4.86,852080.0,21847876.0
2013-06-25,4.93,4.96,4.93,4.55,1291590.0,32042040.0
2013-06-24,5.08,5.15,4.93,4.85,1021005.0,26569746.0
2013-06-21,5.00,5.11,5.08,4.95,688466.0,17922660.0
2013-06-20,5.19,5.25,5.13,5.11,780448.0,20901088.0
2013-06-19,5.35,5.35,5.25,5.13,1228092.0,33139652.0
2013-06-18,5.46,5.46,5.38,5.33,714934.0,19884340.0
2013-06-17,5.44,5.48,5.40,5.36,802474.0,22514900.0
2013-06-14,5.34,5.43,5.40,5.34,813508.0,22689640.0
2013-06-13,5.34,5.37,5.35,5.18,1040927.0,28324174.0
2013-06-07,5.51,5.59,5.41,5.36,851845.0,24034684.0
2013-06-06,5.65,5.68,5.49,5.48,1255944.0,36232620.0
2013-06-05,5.74,5.78,5.67,5.62,1139561.0,33389904.0
2013-06-04,5.80,5.91,5.74,5.72,1843787.0,55328364.0
2013-06-03,6.04,6.04,5.80,5.79,2360164.0,71845624.0
2013-05-31,5.73,5.99,5.94,5.71,2736253.0,83419992.0
2013-05-30,5.75,5.75,5.73,5.67,1023075.0,30187574.0
2013-05-29,5.76,5.83,5.77,5.73,1094766.0,32717402.0
2013-05-28,5.79,5.79,5.77,5.66,1287658.0,38134008.0
2013-05-27,5.67,5.85,5.78,5.66,2179218.0,65090352.0
2013-05-24,5.52,5.69,5.67,5.51,1536404.0,44496332.0
2013-05-23,5.53,5.61,5.51,5.50,1210473.0,34744028.0
2013-05-22,5.65,5.67,5.54,5.54,1378387.0,39760056.0
2013-05-21,5.59,5.69,5.68,5.52,1549897.0,45028392.0
2013-05-20,5.42,5.64,5.58,5.42,1993135.0,57317380.0
2013-05-17,5.40,5.42,5.42,5.34,1022403.0,28469326.0
2013-05-16,5.50,5.51,5.39,5.36,1355440.0,38107412.0
2013-05-15,5.38,5.47,5.45,5.36,763498.0,21400304.0
2013-05-14,5.43,5.52,5.38,5.34,1049485.0,29344300.0
2013-05-13,5.51,5.53,5.43,5.40,1008916.0,28393256.0
2013-05-10,5.49,5.53,5.47,5.42,1224948.0,34646000.0
2013-05-09,5.32,5.48,5.48,5.32,1986367.0,55730464.0
2013-05-08,5.33,5.37,5.32,5.29,746567.0,20536456.0
2013-05-07,5.31,5.34,5.32,5.26,976341.0,26726728.0
2013-05-06,5.30,5.37,5.31,5.29,1081162.0,29761482.0
2013-05-03,5.16,5.30,5.29,5.15,978460.0,26653144.0
2013-05-02,5.13,5.15,5.14,5.01,512347.0,13462744.0
2013-04-26,5.18,5.25,5.14,5.13,609839.0,16311220.0
2013-04-25,5.31,5.31,5.19,5.19,1107339.0,30024688.0
2013-04-24,5.20,5.33,5.31,5.16,1338863.0,36447032.0
2013-04-23,5.42,5.46,5.22,5.22,2406286.0,66184088.0
2013-04-22,5.17,5.28,5.27,5.17,1258493.0,33988760.0
2013-04-19,5.08,5.21,5.20,5.08,897426.0,24005458.0
2013-04-18,4.99,5.17,5.14,4.96,1051495.0,27800470.0
2013-04-17,4.90,5.02,5.02,4.90,501208.0,12838098.0
2013-04-16,4.85,4.90,4.90,4.78,335201.0,8362566.0
2013-04-15,4.84,4.91,4.86,4.84,449468.0,11341383.0
2013-04-12,4.86,4.92,4.85,4.84,237727.0,5987163.0
2013-04-11,4.90,4.97,4.92,4.89,411702.0,10492589.0
2013-04-10,4.84,4.91,4.86,4.84,240850.0,6057396.0
2013-04-09,4.84,4.93,4.89,4.82,302019.0,7632568.0
2013-04-08,4.84,4.84,4.84,4.64,433822.0,10704413.0
2013-04-03,4.93,4.96,4.90,4.89,290935.0,7391544.0
2013-04-02,5.06,5.06,4.93,4.92,451886.0,11622560.0
2013-04-01,4.90,5.05,5.01,4.90,429928.0,11114791.0
2013-03-29,4.97,5.02,4.90,4.90,505145.0,12915570.0
2013-03-28,5.15,5.15,4.97,4.94,750730.0,19435718.0
2013-03-27,5.09,5.23,5.16,5.09,616176.0,16472007.0
2013-03-26,5.11,5.18,5.11,5.06,454983.0,11996635.0
2013-03-25,5.13,5.20,5.15,5.10,372342.0,9911763.0
2013-03-22,5.11,5.14,5.14,5.08,432853.0,11441230.0
2013-03-21,5.08,5.16,5.12,5.08,688837.0,18265680.0
2013-03-20,5.01,5.13,5.12,4.96,823635.0,21627360.0
2013-03-19,4.93,5.02,5.01,4.91,477616.0,12234485.0
2013-03-18,5.03,5.08,4.93,4.90,1280595.0,33049608.0
2013-03-15,5.20,5.26,5.13,5.09,959030.0,25715710.0
2013-03-14,5.24,5.29,5.22,5.18,522531.0,14113679.0
2013-03-13,5.26,5.29,5.26,5.15,655776.0,17649744.0
2013-03-12,5.39,5.42,5.26,5.17,1440869.0,39329012.0
2013-03-11,5.15,5.43,5.41,5.12,2284496.0,63182740.0
2013-03-08,5.10,5.18,5.12,5.10,625355.0,16595126.0
2013-03-07,5.22,5.26,5.12,5.10,967575.0,25803264.0
2013-03-06,5.19,5.26,5.22,5.15,837031.0,22591838.0
2013-03-05,5.07,5.16,5.15,5.07,782949.0,20749172.0
2013-03-04,5.32,5.32,5.06,5.03,1611226.0,42890552.0
2013-03-01,5.31,5.37,5.36,5.28,956999.0,26332174.0
2013-02-28,5.23,5.31,5.31,5.19,818231.0,22202530.0
2013-02-27,5.27,5.33,5.22,5.16,1597734.0,43164652.0
2013-02-26,5.35,5.45,5.34,5.31,726710.0,20221498.0
2013-02-25,5.38,5.44,5.41,5.30,1168577.0,32468574.0
2013-02-22,5.47,5.51,5.40,5.35,1022643.0,28796902.0
2013-02-21,5.59,5.59,5.47,5.45,1304592.0,37168956.0
2013-02-20,5.46,5.62,5.62,5.46,1420830.0,40901888.0
2013-02-19,5.54,5.61,5.46,5.46,1378679.0,39405556.0
2013-02-18,5.58,5.70,5.57,5.55,1869164.0,54247060.0
2013-02-08,5.36,5.60,5.57,5.36,2078746.0,59205592.0
2013-02-07,5.32,5.36,5.36,5.26,952287.0,26163276.0
2013-02-06,5.29,5.38,5.32,5.26,1050781.0,28954180.0
2013-02-05,5.19,5.30,5.28,5.14,1038625.0,28162456.0
2013-02-04,5.33,5.41,5.22,5.22,1249569.0,34136616.0
2013-02-01,5.24,5.33,5.33,5.23,926546.0,25386618.0
2013-01-31,5.30,5.31,5.25,5.21,904129.0,24551102.0
2013-01-30,5.34,5.37,5.29,5.23,1111219.0,30382090.0
2013-01-29,5.37,5.40,5.38,5.30,1483674.0,40985300.0
2013-01-28,5.23,5.39,5.36,5.20,1624504.0,44590872.0
2013-01-25,5.20,5.26,5.22,5.16,1108512.0,29856142.0
2013-01-24,5.23,5.38,5.18,5.10,1850275.0,50373684.0
2013-01-23,5.22,5.27,5.24,5.09,1422144.0,38180552.0
2013-01-22,5.46,5.49,5.24,5.19,2696919.0,74186928.0
2013-01-21,5.52,5.55,5.51,5.45,1157567.0,32835558.0
2013-01-18,5.51,5.58,5.52,5.45,1272205.0,36272744.0
2013-01-17,5.48,5.55,5.51,5.40,1708485.0,48313600.0
2013-01-16,5.53,5.56,5.52,5.39,2114325.0,59856764.0
2013-01-15,5.54,5.70,5.51,5.50,3071015.0,88497496.0
2013-01-14,5.25,5.54,5.51,5.25,3329868.0,93794744.0
2013-01-11,5.29,5.36,5.24,5.20,2567628.0,70148216.0
2013-01-10,5.25,5.35,5.22,5.18,1890058.0,51327260.0
2013-01-09,5.38,5.38,5.25,5.20,2467166.0,67526752.0
2013-01-08,5.20,5.56,5.41,5.19,3577774.0,99851392.0
2013-01-07,5.22,5.25,5.22,5.12,2276444.0,60975576.0
2013-01-04,5.23,5.26,5.22,5.13,2539459.0,68262392.0
2012-12-31,5.17,5.32,5.21,5.15,2325431.0,62835160.0
2012-12-28,5.03,5.25,5.15,5.03,3332139.0,88802144.0
2012-12-27,5.20,5.32,5.03,5.03,3897307.0,104534672.0
2012-12-26,5.00,5.34,5.17,4.96,4214146.0,112990304.0
2012-12-25,4.90,5.00,5.00,4.84,3643717.0,92913088.0
2012-12-24,4.66,5.05,4.90,4.66,3324000.0,83648368.0
2012-12-21,4.54,4.72,4.63,4.53,1605029.0,38481872.0
2012-12-20,4.45,4.59,4.54,4.42,904543.0,21174256.0
2012-12-19,4.40,4.47,4.45,4.39,495279.0,11340837.0
2012-12-18,4.43,4.49,4.41,4.39,575941.0,13197597.0
2012-12-17,4.38,4.54,4.45,4.37,1021691.0,23420922.0
2012-12-14,4.19,4.40,4.38,4.18,966460.0,21661462.0
2012-12-13,4.26,4.27,4.21,4.21,365910.0,8015984.0
2012-12-12,4.28,4.31,4.27,4.22,574959.0,12669197.0
2012-12-11,4.31,4.33,4.30,4.28,417147.0,9279531.0
2012-12-10,4.28,4.35,4.34,4.26,789046.0,17558044.0
2012-12-07,4.22,4.31,4.29,4.21,814972.0,17981290.0
2012-12-06,4.22,4.28,4.22,4.20,241407.0,5279138.0
2012-12-05,4.12,4.30,4.24,4.06,795132.0,17395110.0
2012-12-04,4.04,4.14,4.12,4.02,218644.0,4610015.0
2012-12-03,4.20,4.22,4.04,4.02,333192.0,7107886.0
2012-11-30,4.16,4.21,4.19,4.15,214434.0,4631169.0
2012-11-29,4.24,4.25,4.16,4.16,213541.0,4627118.0
2012-11-28,4.20,4.24,4.21,4.17,231778.0,5028462.0
2012-11-27,4.33,4.33,4.24,4.19,530451.0,11643779.0
2012-11-26,4.46,4.46,4.34,4.34,307771.0,6986724.0
2012-11-23,4.44,4.47,4.46,4.41,280857.0,6458034.0
2012-11-22,4.43,4.50,4.45,4.41,508980.0,11751891.0
2012-11-21,4.38,4.42,4.42,4.33,295807.0,6707116.0
2012-11-20,4.39,4.41,4.37,4.35,239272.0,5423474.0
2012-11-19,4.30,4.39,4.37,4.30,237865.0,5342623.0
2012-11-16,4.34,4.37,4.33,4.31,216857.0,4850513.0
2012-11-15,4.42,4.42,4.34,4.34,370206.0,8373396.0
2012-11-14,4.39,4.43,4.42,4.36,268984.0,6105648.0
2012-11-13,4.48,4.48,4.37,4.37,401700.0,9156797.0
2012-11-12,4.46,4.51,4.48,4.46,268479.0,6229586.0
2012-11-09,4.45,4.51,4.45,4.43,321758.0,7436808.0
2012-11-08,4.61,4.61,4.45,4.45,720323.0,16877678.0
2012-11-07,4.63,4.67,4.63,4.62,420360.0,10077401.0
2012-11-06,4.72,4.73,4.64,4.60,609536.0,14626327.0
2012-11-05,4.70,4.77,4.72,4.70,522713.0,12772916.0
2012-11-02,4.75,4.79,4.73,4.69,461105.0,11264154.0
2012-11-01,4.67,4.75,4.74,4.65,934846.0,22764790.0
2012-10-31,4.65,4.67,4.64,4.60,312849.0,7496157.0
2012-10-30,4.66,4.68,4.63,4.63,387532.0,9312269.0
2012-10-29,4.62,4.67,4.66,4.61,319849.0,7677497.0
2012-10-26,4.84,4.84,4.61,4.60,1438371.0,34789416.0
2012-10-25,4.82,4.91,4.89,4.79,715983.0,17968112.0
2012-10-24,4.84,4.90,4.80,4.78,938977.0,23497278.0
2012-10-23,5.08,5.08,4.92,4.92,813227.0,20961482.0
2012-10-22,4.99,5.11,5.07,4.97,706519.0,18447312.0
2012-10-19,4.99,5.06,5.02,4.97,800562.0,20728488.0
2012-10-18,4.94,5.05,5.02,4.94,964684.0,24980448.0
2012-10-17,4.94,4.97,4.94,4.90,504460.0,12894917.0
2012-10-16,4.99,5.02,4.93,4.91,800279.0,20490708.0
2012-10-15,5.01,5.02,4.99,4.94,791013.0,20334502.0
2012-10-12,4.84,4.99,4.98,4.83,1029954.0,26217438.0
2012-10-11,4.95,4.95,4.87,4.84,800190.0,20190542.0
2012-10-10,4.93,4.97,4.96,4.90,883147.0,22526192.0
2012-10-09,4.90,4.97,4.94,4.88,996131.0,25389056.0
2012-10-08,4.81,4.92,4.89,4.80,1021887.0,25686812.0
2012-09-28,4.66,4.80,4.79,4.63,770064.0,18865502.0
2012-09-27,4.52,4.70,4.69,4.49,619245.0,14814218.0
2012-09-26,4.55,4.62,4.52,4.48,507385.0,11918570.0
2012-09-25,4.68,4.71,4.61,4.59,399837.0,9600805.0
2012-09-24,4.66,4.71,4.68,4.56,691393.0,16537076.0
2012-09-21,4.69,4.74,4.67,4.66,614213.0,14920836.0
2012-09-20,4.88,4.91,4.69,4.69,1106995.0,27396574.0
2012-09-19,4.84,4.90,4.88,4.80,643283.0,16135886.0
2012-09-18,4.80,4.93,4.85,4.79,824689.0,20793178.0
2012-09-17,5.06,5.06,4.85,4.84,2014754.0,51385716.0
2012-09-14,4.93,5.32,5.07,4.93,3379877.0,89612432.0
2012-09-13,4.90,4.91,4.84,4.83,674913.0,16961204.0
2012-09-12,4.92,4.94,4.89,4.82,1064417.0,26846346.0
2012-09-11,4.92,4.93,4.88,4.85,1184438.0,29851684.0
2012-09-10,4.87,5.05,4.95,4.84,2663318.0,68534512.0
2012-09-07,4.77,4.88,4.85,4.69,2913233.0,72216680.0
2012-09-06,4.48,4.52,4.52,4.47,404833.0,9422642.0
2012-09-05,4.51,4.52,4.50,4.32,643148.0,14845338.0
2012-09-04,4.52,4.56,4.52,4.51,532348.0,12479107.0
2012-09-03,4.49,4.56,4.52,4.49,330635.0,7742250.0
2012-08-31,4.51,4.54,4.51,4.49,198554.0,4631933.0
2012-08-30,4.49,4.56,4.52,4.41,779273.0,18146728.0
2012-08-29,4.43,4.49,4.45,4.41,440684.0,10150885.0
2012-08-28,4.37,4.49,4.43,4.37,686824.0,15723103.0
2012-08-27,4.55,4.55,4.38,4.38,784930.0,18007430.0
2012-08-24,4.76,4.76,4.58,4.57,1034054.0,24844452.0
2012-08-23,4.75,4.82,4.79,4.74,609225.0,15040165.0
2012-08-22,4.79,4.80,4.77,4.72,621805.0,15267026.0
2012-08-21,4.74,4.83,4.79,4.69,984078.0,24321130.0
2012-08-20,4.68,4.76,4.74,4.65,365741.0,8844763.0
2012-08-17,4.69,4.78,4.73,4.68,361784.0,8827895.0
2012-08-16,4.68,4.76,4.70,4.68,371133.0,9019766.0
2012-08-15,4.80,4.84,4.71,4.70,591000.0,14504261.0
2012-08-14,4.76,4.87,4.84,4.70,1081946.0,26692224.0
2012-08-13,4.85,4.85,4.76,4.74,807354.0,19971630.0
2012-08-10,4.90,4.90,4.87,4.80,1186274.0,29713512.0
2012-08-09,4.70,4.93,4.92,4.69,2385095.0,59416704.0
2012-08-08,4.69,4.72,4.71,4.61,965669.0,23351106.0
2012-08-07,4.71,4.71,4.69,4.66,980801.0,23769486.0
2012-08-06,4.66,4.74,4.72,4.65,1033039.0,25086978.0
2012-08-03,4.62,4.71,4.70,4.59,658968.0,15859028.0
2012-08-02,4.57,4.71,4.66,4.57,771076.0,18481618.0
2012-08-01,4.52,4.64,4.59,4.52,709916.0,16877298.0
2012-07-31,4.48,4.57,4.52,4.45,494480.0,11519957.0
2012-07-30,4.57,4.63,4.51,4.49,696666.0,16400885.0
2012-07-27,4.43,4.69,4.60,4.43,1524960.0,36166220.0
2012-07-26,4.32,4.40,4.32,4.31,234374.0,5265456.0
2012-07-25,4.37,4.41,4.34,4.33,185400.0,4191266.0
2012-07-24,4.33,4.42,4.40,4.31,208369.0,4703670.0
2012-07-23,4.37,4.37,4.35,4.27,133679.0,2994375.0
2012-07-20,4.41,4.47,4.41,4.41,244189.0,5606139.0
2012-07-19,4.35,4.47,4.44,4.25,513616.0,11714341.0
2012-07-18,4.39,4.39,4.36,4.17,838706.0,18484744.0
2012-07-17,4.42,4.42,4.39,4.31,262195.0,5911296.0
2012-07-16,4.66,4.66,4.43,4.43,350020.0,8178464.0
2012-07-13,4.65,4.70,4.63,4.61,267143.0,6428543.0
2012-07-12,4.58,4.70,4.67,4.55,324219.0,7767960.0
2012-07-11,4.57,4.62,4.62,4.57,199929.0,4756576.0
2012-07-10,4.56,4.60,4.57,4.54,227784.0,5370455.0
2012-07-09,4.67,4.74,4.59,4.58,404269.0,9706429.0
2012-07-06,4.64,4.73,4.72,4.55,571496.0,13702431.0
2012-07-05,4.76,4.76,4.62,4.58,523568.0,12589206.0
2012-07-04,4.76,4.80,4.78,4.72,480713.0,11846255.0
2012-07-03,4.73,4.79,4.72,4.69,367308.0,9029570.0
2012-07-02,4.73,4.80,4.74,4.72,403258.0,9929831.0
2012-06-29,4.60,4.72,4.72,4.58,301779.0,7280175.0
2012-06-27,4.75,4.77,4.66,4.66,345894.0,8432579.0
2012-06-26,4.66,4.73,4.73,4.65,192125.0,4662570.0
2012-06-25,4.74,4.75,4.69,4.67,282037.0,6858056.0
2012-06-21,4.84,4.84,4.74,4.71,548747.0,13502842.0
2012-06-20,4.87,4.91,4.87,4.86,391054.0,9862451.0
2012-06-19,4.93,4.94,4.87,4.86,463952.0,11728879.0
2012-06-18,4.82,4.95,4.93,4.82,631874.0,16013818.0
2012-06-15,4.83,4.85,4.82,4.75,560427.0,13916697.0
2012-06-14,4.85,4.89,4.83,4.83,629577.0,15821845.0
2012-06-13,4.75,4.86,4.86,4.74,668588.0,16638268.0
2012-06-12,4.71,4.81,4.74,4.71,335577.0,8259999.0
2012-06-11,4.71,4.79,4.74,4.67,718625.0,17592660.0
2012-06-08,4.77,4.81,4.71,4.69,437149.0,10719980.0
2012-06-07,4.88,4.88,4.74,4.74,416349.0,10364722.0
2012-06-06,4.87,4.91,4.80,4.77,527083.0,13316701.0
2012-06-05,4.85,4.89,4.87,4.83,354318.0,9001233.0
2012-06-04,4.97,4.97,4.85,4.85,628463.0,16113039.0
2012-06-01,5.07,5.08,5.04,5.03,352202.0,9322317.0
2012-05-31,5.04,5.10,5.06,5.01,490586.0,13012412.0
2012-05-30,5.11,5.12,5.05,5.05,668984.0,17760408.0
2012-05-29,4.89,5.13,5.12,4.88,1463393.0,38671228.0
2012-05-28,4.76,4.89,4.88,4.74,379954.0,9564698.0
2012-05-25,4.83,4.86,4.78,4.74,294650.0,7399478.0
2012-05-24,4.84,4.92,4.82,4.81,280291.0,7118912.0
2012-05-23,4.97,4.97,4.88,4.85,449706.0,11501635.0
2012-05-22,4.93,4.99,4.97,4.91,345370.0,8941693.0
2012-05-21,4.86,4.92,4.89,4.83,285098.0,7286815.0
2012-05-18,4.96,4.96,4.87,4.85,381550.0,9812419.0
2012-05-17,4.92,5.01,4.99,4.88,384231.0,9967785.0
2012-05-16,4.99,5.04,4.91,4.91,411568.0,10702249.0
2012-05-15,4.93,5.00,5.00,4.91,701973.0,18218048.0
2012-05-14,5.01,5.07,4.96,4.96,581670.0,15252691.0
2012-05-11,5.04,5.08,4.97,4.97,519848.0,13637099.0
2012-05-10,5.04,5.09,5.04,5.02,658701.0,17397162.0
2012-05-09,5.27,5.27,5.05,5.04,936704.0,25106824.0
2012-05-07,5.22,5.31,5.28,5.21,847347.0,23352682.0
2012-05-04,5.29,5.32,5.26,5.21,847728.0,23300844.0
2012-05-03,5.26,5.33,5.31,5.19,1036556.0,28396030.0
2012-05-02,5.19,5.29,5.24,5.16,889970.0,24370588.0
2012-04-27,5.11,5.20,5.14,5.11,433767.0,11675430.0
2012-04-26,5.25,5.25,5.15,5.14,931475.0,25219608.0
2012-04-25,4.95,5.27,5.22,4.91,1309959.0,35051864.0
2012-04-24,4.97,5.06,4.95,4.82,843523.0,21809088.0
2012-04-23,5.12,5.19,5.03,5.01,1172090.0,31269498.0
2012-04-20,5.14,5.16,5.12,5.06,877579.0,23492530.0
2012-04-19,5.12,5.19,5.16,5.08,1271306.0,34211136.0
2012-04-18,4.94,5.12,5.11,4.90,1493972.0,39414684.0
2012-04-17,4.95,4.99,4.94,4.86,1142074.0,29456146.0
2012-04-16,4.78,4.98,4.97,4.78,1642309.0,41824920.0
2012-04-13,4.82,4.96,4.94,4.79,1112156.0,28363108.0
2012-04-12,4.68,4.84,4.81,4.63,832823.0,20741912.0
2012-04-11,4.61,4.68,4.63,4.55,383599.0,9271588.0
2012-04-10,4.61,4.68,4.68,4.49,450384.0,10759973.0
2012-04-09,4.63,4.70,4.61,4.59,322641.0,7843842.0
2012-04-06,4.62,4.69,4.64,4.60,426490.0,10369979.0
2012-04-05,4.51,4.64,4.63,4.49,589767.0,14150918.0
2012-03-30,4.53,4.57,4.48,4.44,596104.0,14042544.0
2012-03-29,4.66,4.66,4.53,4.52,765881.0,18317574.0
2012-03-28,4.91,4.91,4.70,4.68,719979.0,17885048.0
2012-03-27,4.90,4.98,4.92,4.89,414589.0,10713746.0
2012-03-26,5.00,5.00,4.87,4.85,448048.0,11511099.0
2012-03-23,5.09,5.13,4.93,4.93,957623.0,25103288.0
2012-03-22,5.14,5.17,5.13,5.07,906991.0,24295862.0
2012-03-21,5.17,5.20,5.15,5.01,1439932.0,38448932.0
2012-03-20,5.29,5.29,5.16,5.16,1417542.0,38574148.0
2012-03-19,5.10,5.37,5.33,5.08,3282963.0,90380520.0
2012-03-16,4.90,5.07,5.07,4.90,1769432.0,46343356.0
2012-03-15,4.82,4.96,4.91,4.76,1732362.0,44062772.0
2012-03-14,5.04,5.13,4.87,4.82,2556869.0,67228792.0
2012-03-13,5.00,5.05,5.03,4.95,2147270.0,56319328.0
2012-03-12,4.89,5.06,5.03,4.89,1906590.0,49779668.0
2012-03-08,4.76,4.87,4.82,4.76,728432.0,18399830.0
2012-03-07,4.75,4.86,4.76,4.70,623999.0,15597619.0
2012-03-06,4.84,4.87,4.78,4.74,731444.0,18316328.0
2012-03-05,4.86,4.94,4.89,4.84,769025.0,19707240.0
2012-03-02,4.78,4.87,4.86,4.78,768002.0,19447650.0
2012-03-01,4.78,4.82,4.78,4.76,595292.0,14906574.0
2012-02-29,4.82,4.87,4.78,4.77,720115.0,18126712.0
2012-02-28,4.95,5.00,4.86,4.82,1522271.0,38887396.0
2012-02-27,5.01,5.07,5.01,4.96,1366207.0,35766428.0
2012-02-24,4.96,4.98,4.98,4.90,870701.0,22511934.0
2012-02-23,4.93,5.01,4.97,4.90,1120157.0,28955894.0
2012-02-22,4.80,4.94,4.92,4.79,1326817.0,33806944.0
2012-02-21,4.78,4.85,4.85,4.72,710985.0,17770224.0
2012-02-20,4.78,4.89,4.78,4.74,1075817.0,27090690.0
2012-02-17,4.72,4.77,4.74,4.70,764533.0,18941142.0
2012-02-16,4.74,4.78,4.73,4.66,831269.0,20520582.0
2012-02-15,4.60,4.74,4.74,4.58,908897.0,22308138.0
2012-02-14,4.65,4.66,4.60,4.57,642413.0,15477086.0
2012-02-13,4.60,4.66,4.65,4.55,805406.0,19530616.0
2012-02-10,4.62,4.67,4.60,4.58,630231.0,15218083.0
2012-02-09,4.61,4.66,4.64,4.59,571265.0,13858659.0
2012-02-08,4.48,4.62,4.61,4.44,675501.0,16012287.0
2012-02-07,4.61,4.65,4.51,4.47,420201.0,9971111.0
2012-02-06,4.72,4.72,4.64,4.59,455284.0,11036533.0
2012-02-03,4.76,4.76,4.67,4.64,479368.0,11732559.0
2012-02-02,4.54,4.64,4.64,4.54,298641.0,7198866.0
2012-02-01,4.52,4.68,4.53,4.51,381822.0,9165348.0
2012-01-31,4.57,4.60,4.55,4.50,317568.0,7558058.0
2012-01-30,4.54,4.70,4.57,4.49,783199.0,18883174.0
2012-01-20,4.41,4.56,4.53,4.40,605399.0,14288865.0
2012-01-19,4.33,4.40,4.38,4.24,421382.0,9594476.0
2012-01-18,4.37,4.50,4.33,4.32,543291.0,12541708.0
2012-01-17,4.13,4.37,4.37,4.09,939120.0,20666998.0
2012-01-16,4.25,4.26,4.07,4.07,436048.0,9495425.0
2012-01-13,4.53,4.53,4.28,4.26,817923.0,18723394.0
2012-01-12,4.55,4.55,4.45,4.41,395210.0,9211679.0
2012-01-11,4.49,4.49,4.47,4.41,756800.0,17627316.0
2012-01-10,4.41,4.50,4.48,4.31,990068.0,22997072.0
2012-01-09,4.06,4.38,4.34,4.01,777514.0,17356620.0
2012-01-06,4.05,4.11,4.06,3.85,462645.0,9603531.0
2012-01-05,4.21,4.28,4.05,4.05,361319.0,7903035.0
2012-01-04,4.41,4.41,4.21,4.21,290223.0,6532975.0
2011-12-30,4.31,4.38,4.36,4.31,300034.0,6841342.0
2011-12-29,4.18,4.36,4.33,4.15,422238.0,9435700.0
2011-12-28,4.22,4.24,4.20,4.12,550031.0,12015244.0
2011-12-27,4.34,4.39,4.27,4.26,380778.0,8604168.0
2011-12-26,4.39,4.46,4.41,4.34,342541.0,7911559.0
2011-12-23,4.47,4.48,4.42,4.37,545062.0,12634602.0
2011-12-22,4.55,4.59,4.43,4.30,605207.0,13907396.0
2011-12-21,4.74,4.74,4.60,4.58,467506.0,11435203.0
2011-12-20,4.68,4.76,4.70,4.64,553112.0,13613238.0
2011-12-19,4.70,4.75,4.72,4.60,423152.0,10314678.0
2011-12-16,4.59,4.77,4.76,4.57,461806.0,11255168.0
2011-12-15,4.72,4.72,4.58,4.53,525021.0,12631770.0
2011-12-14,4.85,4.89,4.72,4.68,435800.0,10894611.0
2011-12-13,5.17,5.18,4.85,4.81,599165.0,15521007.0
2011-12-12,5.29,5.29,5.20,5.18,194669.0,5319235.0
2011-12-09,5.23,5.27,5.22,5.16,305149.0,8313718.0
2011-12-08,5.37,5.37,5.29,5.22,537820.0,14868924.0
2011-12-07,5.22,5.29,5.23,5.20,336311.0,9225793.0
2011-12-06,5.14,5.24,5.23,5.14,408599.0,11118469.0
2011-12-05,5.31,5.37,5.17,5.14,694097.0,19099290.0
2011-12-02,5.55,5.55,5.33,5.33,1040006.0,29391796.0
2011-12-01,5.66,5.72,5.56,5.52,1679896.0,49168148.0
2011-11-30,5.98,5.98,5.49,5.45,1749815.0,52386328.0
2011-11-29,5.92,5.98,5.93,5.87,1837555.0,56950372.0
2011-11-28,5.98,5.98,5.88,5.81,1111425.0,34245380.0
2011-11-25,5.98,5.98,5.92,5.90,1014132.0,31453752.0
2011-11-24,6.00,6.04,5.98,5.87,1644937.0,51214532.0
2011-11-23,6.15,6.16,6.07,5.95,1984818.0,62862736.0
2011-11-22,6.10,6.19,6.12,5.97,2410712.0,76754192.0
2011-11-21,5.92,6.11,6.10,5.85,3518333.0,110367560.0
2011-11-18,5.92,6.03,5.92,5.80,1822542.0,56414044.0
2011-11-17,5.75,6.06,5.96,5.74,1514009.0,47067544.0
2011-11-16,6.08,6.08,5.75,5.69,1321094.0,40442404.0
2011-11-15,5.93,6.02,5.95,5.91,699101.0,21833088.0
2011-11-14,5.82,5.94,5.94,5.77,1093295.0,33641332.0
2011-11-11,5.71,5.77,5.76,5.68,487542.0,14593769.0
2011-11-10,5.75,5.81,5.73,5.71,330644.0,9951385.0
2011-11-09,5.83,5.83,5.81,5.70,432007.0,13047062.0
2011-11-08,5.83,5.88,5.77,5.71,364400.0,11049401.0
2011-11-07,5.99,5.99,5.85,5.81,348154.0,10668823.0
2011-11-04,6.02,6.02,5.85,5.81,623277.0,19122174.0
2011-11-03,5.81,5.92,5.83,5.81,948442.0,29120428.0
2011-11-02,5.65,5.82,5.81,5.65,590258.0,17729664.0
2011-11-01,5.77,5.82,5.73,5.68,493981.0,14888994.0
2011-10-28,5.75,5.83,5.78,5.74,571657.0,17258276.0
2011-10-27,5.76,5.77,5.73,5.66,352599.0,10536867.0
2011-10-26,5.62,5.80,5.73,5.62,582755.0,17436942.0
2011-10-25,5.53,5.71,5.71,5.48,395302.0,11640503.0
2011-10-24,5.41,5.54,5.51,5.33,115684.0,3296375.0
2011-10-21,5.37,5.48,5.40,5.37,149315.0,4229585.0
2011-10-20,5.46,5.55,5.43,5.43,194196.0,5562545.0
2011-10-19,5.63,5.63,5.54,5.45,97810.0,2833179.0
2011-10-18,5.65,5.70,5.54,5.54,187723.0,5505854.0
2011-10-17,5.69,5.74,5.70,5.67,200292.0,5982149.0
2011-10-14,5.66,5.69,5.64,5.60,306489.0,9065646.0
2011-10-13,5.53,5.68,5.65,5.53,286457.0,8450068.0
2011-10-12,5.41,5.63,5.60,5.36,265648.0,7719562.0
2011-10-11,5.55,5.59,5.45,5.37,255509.0,7382477.0
2011-10-10,5.60,5.60,5.46,5.46,180357.0,5188322.0
2011-09-30,5.46,5.63,5.45,5.45,206315.0,5911834.0
2011-09-29,5.65,5.65,5.52,5.52,188166.0,5474877.0
2011-09-28,5.83,5.83,5.69,5.66,197600.0,5929739.0
2011-09-27,5.85,5.87,5.75,5.73,198204.0,5993159.0
2011-09-26,5.84,5.88,5.78,5.75,325101.0,9842796.0
2011-09-23,5.83,6.08,5.84,5.76,300482.0,9152023.0
2011-09-22,6.09,6.09,5.90,5.85,539211.0,16873544.0
2011-09-21,6.01,6.17,6.14,5.95,551089.0,17557740.0
2011-09-20,5.95,6.07,6.03,5.89,551400.0,17341692.0
2011-09-19,5.85,5.96,5.95,5.73,366786.0,11299943.0
2011-09-16,5.92,5.96,5.93,5.83,221365.0,6849423.0
2011-09-15,5.94,5.99,5.90,5.89,142282.0,4415862.0
2011-09-14,5.99,5.99,5.91,5.77,259430.0,7976408.0
2011-09-13,5.87,6.04,5.90,5.72,413327.0,12655029.0
2011-09-08,6.01,6.04,5.95,5.94,349495.0,10920369.0
2011-09-07,5.92,6.03,6.00,5.92,253739.0,7929883.0
2011-09-06,6.02,6.12,5.92,5.89,441900.0,13922855.0
2011-09-05,6.12,6.16,6.06,5.82,759846.0,23662998.0
2011-09-02,6.20,6.26,6.17,6.11,422403.0,13617729.0
2011-09-01,6.27,6.31,6.27,6.15,317201.0,10350136.0
2011-08-31,6.28,6.31,6.27,6.08,589437.0,19061312.0
2011-08-30,6.31,6.38,6.23,6.23,632894.0,20883070.0
2011-08-29,6.30,6.33,6.26,6.21,426835.0,14010697.0
2011-08-26,6.33,6.40,6.32,6.25,852616.0,28171862.0
2011-08-25,6.10,6.40,6.33,6.05,1691209.0,55234544.0
2011-08-24,6.04,6.11,6.08,5.98,938185.0,29767556.0
2011-08-23,5.89,6.02,6.02,5.86,632504.0,19594416.0
2011-08-22,5.90,5.98,5.89,5.85,322150.0,9947956.0
2011-08-19,5.77,5.94,5.90,5.74,630482.0,19231880.0
2011-08-18,6.24,6.34,6.00,5.96,1288365.0,41033944.0
2011-08-16,6.02,6.14,6.12,5.96,1150829.0,36549720.0
2011-08-15,5.97,6.07,6.04,5.91,1153105.0,36214440.0
2011-08-12,5.79,6.01,5.98,5.77,1753504.0,54243384.0
2011-08-11,5.54,5.77,5.75,5.53,1095818.0,32678466.0
2011-08-10,5.85,5.92,5.73,5.54,1264185.0,38401056.0
2011-08-09,5.64,5.77,5.76,5.30,1390894.0,40480564.0
2011-08-08,5.97,6.22,5.85,5.79,783469.0,24378760.0
2011-08-05,6.31,6.40,6.26,6.23,641791.0,21221676.0
2011-08-04,6.56,6.59,6.53,6.49,317629.0,10867126.0
2011-08-03,6.46,6.57,6.53,6.42,443726.0,15128510.0
2011-08-02,6.65,6.68,6.53,6.43,623208.0,21227654.0
2011-08-01,6.69,6.76,6.70,6.63,304844.0,10698488.0
2011-07-29,6.81,6.86,6.69,6.65,522739.0,18458470.0
2011-07-28,6.72,6.84,6.81,6.63,755135.0,26799230.0
2011-07-27,6.57,6.82,6.75,6.50,832380.0,29296094.0
2011-07-26,6.53,6.57,6.56,6.46,443427.0,15110374.0
2011-07-25,6.77,6.86,6.52,6.51,957121.0,33625940.0
2011-07-22,6.72,6.81,6.78,6.72,689850.0,24455758.0
2011-07-21,6.84,6.84,6.70,6.69,737484.0,25985448.0
2011-07-20,6.78,6.86,6.84,6.74,918473.0,32677518.0
2011-07-19,7.00,7.00,6.76,6.72,1531514.0,54495124.0
2011-07-18,6.90,7.07,7.02,6.90,1682893.0,61654260.0
2011-07-15,7.09,7.26,7.01,6.88,4026760.0,147350496.0
2011-07-14,7.64,7.65,7.53,7.47,1959778.0,77531936.0
2011-07-13,7.22,7.74,7.59,7.07,2743827.0,105141184.0
2011-07-12,7.45,7.50,7.24,7.21,1665924.0,64107916.0
2011-07-11,7.45,7.62,7.53,7.38,1291632.0,50743636.0
2011-07-08,7.27,7.53,7.40,7.15,1229825.0,47546136.0
2011-07-07,7.36,7.53,7.38,7.32,1913676.0,74361616.0
2011-07-06,7.16,7.51,7.35,7.06,2043302.0,77905408.0
2011-07-05,7.05,7.23,7.18,6.96,1714956.0,63842932.0
2011-07-04,6.73,7.15,7.05,6.73,1864666.0,68072968.0
2011-07-01,7.01,7.07,6.72,6.66,1938170.0,69364048.0
2011-06-30,6.98,6.99,6.81,6.77,2005357.0,72204296.0
2011-06-29,6.39,6.93,6.93,6.39,1132458.0,40653220.0
2011-06-28,6.33,6.36,6.30,6.26,490977.0,16190993.0
2011-06-27,6.18,6.40,6.37,6.18,1194497.0,39564744.0
2011-06-24,6.14,6.29,6.19,6.07,1114567.0,36214560.0
2011-06-23,5.99,6.16,6.14,5.96,826169.0,26406680.0
2011-06-22,6.04,6.07,5.99,5.95,666326.0,20933508.0
2011-06-21,5.81,6.09,6.08,5.81,1334019.0,41726580.0
2011-06-20,5.57,5.80,5.80,5.54,448683.0,13279945.0
2011-06-17,5.71,5.71,5.57,5.56,333767.0,9764969.0
2011-06-16,5.75,5.75,5.65,5.65,345576.0,10295023.0
2011-06-15,5.88,5.93,5.81,5.79,324690.0,9961485.0
2011-06-14,5.81,5.94,5.89,5.76,415977.0,12778052.0
2011-06-13,5.70,5.83,5.81,5.70,320108.0,9679882.0
2011-06-10,5.85,5.85,5.77,5.68,586187.0,17572838.0
2011-06-09,6.15,6.17,5.87,5.87,775936.0,24458002.0
2011-06-08,6.25,6.25,6.16,6.06,691572.0,22168706.0
2011-06-07,6.18,6.27,6.25,6.06,1048697.0,33777772.0
2011-06-03,6.33,6.47,6.30,6.16,2479396.0,81863800.0
2011-06-02,5.64,6.26,6.26,5.64,1688377.0,54129900.0
2011-06-01,5.62,5.70,5.69,5.59,621448.0,18344352.0
2011-05-31,5.55,5.63,5.62,5.39,660891.0,19081726.0
2011-05-30,5.54,5.62,5.52,5.45,324979.0,9425020.0
2011-05-27,5.66,5.72,5.55,5.55,388107.0,11377468.0
2011-05-26,5.80,5.83,5.69,5.68,194666.0,5846711.0
2011-05-25,5.94,5.94,5.73,5.71,254282.0,7721506.0
2011-05-24,5.81,5.91,5.89,5.72,512797.0,15751718.0
2011-05-23,5.98,5.98,5.77,5.77,457970.0,14037232.0
2011-05-20,6.14,6.17,5.98,5.96,538708.0,17069302.0
2011-05-19,6.21,6.26,6.15,6.14,203951.0,6653769.0
2011-05-18,6.20,6.26,6.23,6.18,245875.0,8055944.0
2011-05-17,6.34,6.34,6.22,6.14,253385.0,8287055.0
2011-05-16,6.28,6.30,6.21,6.19,237464.0,7782133.0
2011-05-13,6.28,6.36,6.28,6.15,380294.0,12539777.0
2011-05-12,6.55,6.61,6.31,6.29,527917.0,17879652.0
2011-05-11,6.65,6.68,6.58,6.57,239854.0,8353099.0
2011-05-09,6.56,6.66,6.58,6.56,264921.0,9214642.0
2011-05-06,6.52,6.64,6.57,6.47,177178.0,6132342.0
2011-05-05,6.53,6.61,6.57,6.52,170701.0,5903963.0
2011-05-04,6.51,6.64,6.53,6.40,330316.0,11365751.0
2011-05-03,6.60,6.63,6.55,6.40,304830.0,10448912.0
2011-04-29,6.63,6.65,6.59,6.51,344750.0,11967175.0
2011-04-28,6.95,6.95,6.64,6.61,339175.0,12121666.0
2011-04-27,6.84,6.95,6.80,6.69,409305.0,14648112.0
2011-04-26,7.01,7.03,6.85,6.81,319581.0,11570526.0
2011-04-25,7.17,7.17,7.03,6.98,446940.0,16590867.0
2011-04-22,7.13,7.24,6.98,6.95,487070.0,18110372.0
2011-04-21,7.14,7.31,7.13,7.12,594557.0,22511204.0
2011-04-20,7.05,7.25,7.14,6.98,809816.0,30506762.0
2011-04-18,6.88,7.08,7.08,6.87,767979.0,28135308.0
2011-04-15,6.93,6.94,6.88,6.84,489420.0,17706282.0
2011-04-14,6.95,6.95,6.95,6.87,572207.0,20791972.0
2011-04-13,6.92,6.96,6.96,6.84,444307.0,16116044.0
2011-04-12,6.91,7.00,6.92,6.89,586714.0,21433710.0
2011-04-11,7.22,7.22,6.99,6.88,1556078.0,57432056.0
2011-04-08,7.27,7.36,7.35,7.24,267333.0,10304917.0
2011-04-07,7.20,7.35,7.30,7.20,288817.0,11093654.0
2011-04-06,7.22,7.29,7.20,7.19,301462.0,11493697.0
2011-04-01,7.17,7.30,7.29,7.15,299898.0,11425853.0
2011-03-31,7.22,7.27,7.16,7.14,276192.0,10456417.0
2011-03-30,7.22,7.30,7.19,7.18,354547.0,13469749.0
2011-03-29,7.47,7.47,7.22,7.22,785672.0,30154390.0
2011-03-28,7.63,7.67,7.48,7.47,534652.0,21214374.0
2011-03-25,7.54,7.63,7.61,7.49,324603.0,12930056.0
2011-03-24,7.64,7.67,7.56,7.54,317608.0,12705567.0
2011-03-23,7.50,7.59,7.59,7.42,394205.0,15579299.0
2011-03-22,7.59,7.61,7.50,7.39,374509.0,14761694.0
2011-03-21,7.56,7.72,7.58,7.54,318477.0,12708447.0
2011-03-18,7.67,7.76,7.63,7.60,411161.0,16513696.0
2011-03-17,7.87,7.87,7.58,7.58,708319.0,28775120.0
2011-03-16,7.82,7.94,7.91,7.79,540030.0,22367350.0
2011-03-15,8.02,8.02,7.84,7.71,632429.0,26042790.0
2011-03-14,7.91,8.03,8.02,7.83,884619.0,36948992.0
2011-03-11,7.77,8.01,7.91,7.75,1099819.0,45920560.0
2011-03-10,7.71,7.90,7.81,7.67,865909.0,35640092.0
2011-03-09,7.71,7.77,7.67,7.66,477219.0,19309582.0
2011-03-08,7.68,7.74,7.72,7.66,504628.0,20465358.0
2011-03-07,7.66,7.74,7.68,7.60,635252.0,25627174.0
2011-03-04,7.60,7.68,7.65,7.50,526410.0,21000644.0
2011-03-03,7.82,7.86,7.60,7.60,520082.0,21157888.0
2011-03-02,7.87,7.90,7.82,7.73,517327.0,21265958.0
2011-03-01,7.77,8.05,7.93,7.75,973517.0,40600184.0
2011-02-28,7.69,7.78,7.75,7.61,625174.0,25311466.0
2011-02-25,7.71,7.76,7.74,7.61,401692.0,16262404.0
2011-02-24,7.71,7.75,7.67,7.63,380858.0,15401635.0
2011-02-23,7.62,7.76,7.70,7.58,404372.0,16304990.0
2011-02-22,7.99,8.04,7.62,7.60,734625.0,30061788.0
2011-02-21,7.75,7.99,7.97,7.73,713238.0,29613390.0
2011-02-18,7.88,7.88,7.83,7.68,656203.0,26865160.0
2011-02-17,7.96,7.96,7.88,7.81,551656.0,22832776.0
2011-02-16,7.78,7.96,7.91,7.74,577620.0,23945020.0
2011-02-15,7.80,7.85,7.79,7.74,788029.0,32305470.0
2011-02-14,7.71,7.86,7.80,7.64,607063.0,24904708.0
2011-02-11,7.65,7.72,7.71,7.59,607494.0,24516574.0
2011-02-10,7.34,7.63,7.62,7.32,480443.0,19091236.0
2011-02-09,7.41,7.53,7.34,7.31,384140.0,14998131.0
2011-02-01,7.60,7.69,7.50,7.48,373388.0,14821516.0
2011-01-31,7.46,7.62,7.60,7.39,356440.0,14077474.0
2011-01-28,7.29,7.50,7.46,7.29,321420.0,12591717.0
2011-01-27,7.22,7.41,7.36,7.10,438852.0,16859542.0
2011-01-26,7.16,7.31,7.22,7.12,366232.0,13932377.0
2011-01-25,7.37,7.37,7.15,7.06,397126.0,14951819.0
2011-01-24,7.68,7.78,7.33,7.31,434086.0,17221450.0
2011-01-21,7.52,7.78,7.68,7.52,371495.0,14943911.0
2011-01-20,7.92,7.92,7.52,7.52,478566.0,19447410.0
2011-01-19,7.73,7.94,7.88,7.70,297166.0,12317370.0
2011-01-18,7.71,7.78,7.75,7.61,221152.0,8991842.0
2011-01-17,8.26,8.31,7.71,7.69,638509.0,26561852.0
2011-01-14,8.28,8.38,8.33,8.17,309027.0,13420545.0
2011-01-13,8.41,8.45,8.33,8.28,393435.0,17325006.0
2011-01-12,8.22,8.38,8.35,8.21,356974.0,15602586.0
2011-01-11,8.43,8.43,8.22,8.15,899180.0,38989128.0
2011-01-10,8.50,8.67,8.45,8.37,686951.0,30834026.0
2011-01-07,8.65,8.73,8.52,8.51,828707.0,37426788.0
2011-01-06,8.84,8.92,8.66,8.66,922987.0,42517320.0
2011-01-05,8.92,8.98,8.86,8.85,749350.0,35093636.0
2011-01-04,8.92,8.99,8.99,8.81,1204072.0,56374668.0
