date,amount,close,high,low,open,volume
2015-11-27,453318080.0,51.69,57.55,50.65,57.49,8374265.0
2015-11-26,665373120.0,56.20,59.00,54.06,57.99,11738196.0
2015-11-25,1091063040.0,58.73,60.03,54.80,55.00,18554172.0
2015-11-24,481210112.0,54.57,56.57,49.88,52.49,9009442.0
2015-11-23,1014477760.0,53.79,59.59,52.52,57.89,18141700.0
2015-11-20,1421773952.0,57.22,57.22,51.00,51.00,26350354.0
2015-06-26,152913536.0,52.02,57.00,52.02,55.33,2878408.0
2015-06-25,262210864.0,57.80,61.79,55.83,61.10,4410213.0
2015-06-24,274872640.0,60.60,62.54,59.00,62.12,4531110.0
2015-06-23,357044736.0,60.70,64.57,55.32,60.53,6017688.0
2015-06-19,228936528.0,61.47,69.23,61.47,69.23,3503682.0
2015-06-18,359751424.0,68.30,70.97,65.70,65.78,5195751.0
2015-06-17,383283616.0,65.78,66.88,61.50,61.79,5956383.0
2015-06-16,259465216.0,60.80,60.97,58.07,59.00,4318430.0
2015-06-15,190554480.0,59.40,61.25,59.00,61.25,3174952.0
2015-06-12,315859968.0,60.77,62.50,59.00,61.80,5217074.0
2015-06-11,198946176.0,61.80,63.14,61.40,62.80,3210102.0
2015-06-10,248704768.0,62.79,63.00,60.33,61.88,4019187.0
2015-06-09,211552560.0,61.87,64.77,60.34,61.88,3391510.0
2015-06-08,248374464.0,61.78,62.80,59.01,62.80,4067744.0
2015-06-05,348816096.0,63.96,65.27,61.58,62.54,5499687.0
2015-06-04,278252096.0,62.35,63.80,58.01,62.50,4582701.0
2015-06-03,347139104.0,61.80,64.86,58.51,62.72,5682803.0
2015-06-02,450893120.0,62.17,62.30,59.30,59.50,7416120.0
2015-06-01,356658400.0,58.50,58.50,51.00,52.50,6301948.0
2015-05-29,286641344.0,53.18,56.01,49.50,55.00,5291160.0
2015-05-28,471802272.0,54.00,62.18,53.97,60.00,8204441.0
2015-05-27,431884000.0,59.50,59.50,53.50,55.00,7475682.0
2015-05-26,403657248.0,55.00,55.00,49.32,50.37,7705683.0
2015-05-25,290994464.0,50.03,51.85,47.50,48.00,5799816.0
2015-05-22,239218528.0,48.40,50.73,48.01,50.73,4877879.0
2015-05-21,190703872.0,49.50,50.38,47.90,47.95,3880074.0
2015-05-20,223952048.0,47.90,51.90,46.46,46.46,4547845.0
2015-05-19,302663936.0,47.22,49.00,45.65,46.85,6409948.0
2015-05-18,267803104.0,45.65,45.65,41.51,41.51,5926729.0
2015-05-15,214000400.0,41.50,41.50,39.00,40.40,5317663.0
2015-05-14,274994176.0,40.90,41.80,40.03,41.09,6748258.0
2015-05-13,183699280.0,41.40,42.50,40.90,42.11,4427680.0
2015-05-12,170011024.0,42.11,42.65,40.51,41.80,4085547.0
2015-05-11,141166448.0,41.07,41.65,39.30,39.30,3487580.0
2015-05-08,115510240.0,38.99,39.50,36.08,36.69,3062863.0
2015-05-07,132746880.0,36.40,39.88,36.00,38.10,3563438.0
2015-05-06,80247056.0,40.00,41.29,39.20,41.29,1997254.0
2015-05-05,130579696.0,41.30,44.68,39.96,44.68,3127142.0
2015-05-04,162860128.0,44.39,45.00,42.85,45.00,3742027.0
2015-04-30,275049824.0,45.65,48.00,41.88,48.00,6088294.0
2015-04-22,169763856.0,44.21,45.28,43.30,44.00,3845562.0
2015-04-21,207727104.0,43.50,43.62,41.19,41.19,4864395.0
2015-04-20,192264032.0,41.19,43.85,38.80,39.55,4681512.0
2015-04-17,147353136.0,39.98,40.80,38.88,39.00,3689968.0
2015-04-16,115382800.0,38.53,39.60,36.80,37.90,2985977.0
2015-04-15,154999776.0,38.50,40.80,37.25,40.44,4025912.0
2015-04-14,143883536.0,40.40,40.87,38.20,39.39,3629300.0
2015-04-13,127618168.0,39.30,40.00,38.20,38.90,3269051.0
2015-04-10,177261680.0,38.90,40.80,36.79,36.79,4538663.0
2015-04-09,163576320.0,37.72,38.28,33.51,35.00,4573116.0
2015-04-08,137174688.0,34.90,36.66,34.00,36.66,3899381.0
2015-04-07,150466880.0,36.48,37.66,35.17,37.59,4154473.0
2015-04-03,165457632.0,36.68,36.75,33.51,33.51,4643495.0
2015-04-02,150563904.0,33.41,33.41,30.10,30.10,4669637.0
2015-04-01,116452416.0,30.37,30.80,28.76,28.76,3896909.0
2015-03-31,109088032.0,29.05,31.29,28.60,28.67,3677532.0
2015-03-30,117874136.0,28.84,29.80,28.51,29.78,4050300.0
2015-03-27,110340952.0,29.37,29.37,26.24,26.38,3930241.0
2015-03-26,80534536.0,26.70,27.13,25.74,26.60,3026352.0
2015-03-25,93699400.0,26.98,27.07,25.68,26.60,3582198.0
2015-03-24,51267420.0,26.67,27.49,25.03,27.38,1922609.0
2015-03-23,53875772.0,27.38,27.45,26.40,26.77,2007790.0
2015-03-20,38930312.0,26.59,27.33,26.51,26.80,1453750.0
2015-03-19,49401900.0,26.80,27.29,26.46,27.10,1843560.0
2015-03-18,60835908.0,27.29,27.33,25.77,26.00,2292934.0
2015-03-17,47027560.0,26.20,26.35,25.72,26.20,1809715.0
2015-03-16,35535200.0,26.25,26.38,25.50,25.50,1363416.0
2015-03-13,44170812.0,25.65,26.29,24.50,24.65,1731082.0
2015-03-12,30412334.0,24.39,25.19,24.10,24.38,1234903.0
2015-03-11,27215292.0,24.74,24.90,24.26,24.88,1107026.0
2015-03-10,35866588.0,24.78,24.80,23.80,24.29,1469275.0
2015-03-09,68254544.0,24.40,24.72,23.75,24.25,2830839.0
2015-03-06,37344208.0,24.29,25.28,24.18,25.09,1522912.0
2015-03-05,45950864.0,25.09,25.61,24.80,25.60,1828397.0
2015-03-04,37413608.0,25.79,26.10,25.31,25.40,1458004.0
2015-03-03,46980552.0,25.50,26.40,25.31,25.80,1833644.0
2015-03-02,72935392.0,26.15,26.50,24.51,24.86,2831578.0
2015-02-27,68476504.0,24.89,25.19,23.88,23.92,2779291.0
2015-02-26,47083248.0,23.96,24.18,23.01,23.50,1990574.0
2015-02-25,51268124.0,23.55,24.20,22.77,23.55,2178183.0
2015-02-17,33071742.0,23.55,24.30,23.20,24.18,1389397.0
2015-02-16,25229498.0,24.10,24.39,23.50,23.76,1052750.0
2015-02-13,43920648.0,24.00,24.15,23.02,23.63,1841213.0
2015-02-12,50849360.0,23.69,24.00,22.30,22.30,2173724.0
2015-02-11,21575272.0,22.42,22.50,21.26,21.26,973835.0
2015-02-10,26332478.0,21.61,22.16,21.40,22.16,1213411.0
2015-02-09,36305368.0,22.32,22.46,21.00,22.46,1687344.0
2015-02-06,31599368.0,22.30,23.22,21.98,22.93,1417075.0
2015-02-05,21704740.0,22.90,23.58,22.85,23.40,941672.0
2015-02-04,54440932.0,23.40,23.74,22.41,22.41,2342670.0
2015-02-03,29583482.0,22.39,22.79,22.30,22.38,1316312.0
2015-02-02,45081612.0,22.28,23.00,22.00,23.00,2003206.0
2015-01-30,67144800.0,23.50,24.73,22.92,23.66,2812609.0
2015-01-29,40395144.0,23.54,23.54,22.70,23.20,1739439.0
2015-01-28,66982820.0,23.25,23.77,22.70,23.05,2874421.0
2015-01-27,47083624.0,23.00,23.69,22.61,23.48,2043505.0
2015-01-26,60559332.0,23.55,24.00,23.03,23.75,2577782.0
2015-01-23,82052544.0,23.79,24.12,23.18,24.10,3469683.0
2015-01-22,100826832.0,24.19,24.90,23.00,23.70,4233823.0
2015-01-21,162797040.0,23.54,24.41,22.19,22.39,6918227.0
2015-01-20,132659248.0,22.19,22.19,20.00,20.00,6243129.0
2015-01-19,94686848.0,20.17,20.58,19.05,19.40,4710114.0
2015-01-16,33131310.0,20.06,20.20,19.60,20.13,1663331.0
2015-01-15,39701948.0,19.80,20.41,19.48,19.75,1993481.0
2015-01-14,59798224.0,19.77,20.37,19.30,20.20,3016796.0
2015-01-13,115021880.0,19.81,19.81,17.94,17.94,5926287.0
2015-01-12,20245250.0,18.01,18.60,17.60,18.60,1119678.0
2015-01-09,24881062.0,18.66,18.80,18.31,18.80,1347593.0
2015-01-08,41412068.0,18.84,19.20,18.26,18.31,2202162.0
2015-01-07,41106128.0,18.74,19.70,18.49,18.78,2151862.0
2015-01-06,35088960.0,18.41,18.59,17.53,17.75,1925097.0
2015-01-05,30263320.0,18.00,18.05,17.20,17.99,1711929.0
2014-12-31,81813200.0,18.02,18.54,16.56,17.17,4742702.0
2014-12-30,57629376.0,17.25,17.50,16.74,17.19,3382784.0
2014-12-29,30266560.0,17.58,18.48,17.51,18.30,1702993.0
2014-12-26,45090804.0,18.10,18.47,17.50,17.50,2477446.0
2014-12-25,22825764.0,17.93,18.25,17.38,17.66,1275967.0
2014-12-24,59538688.0,17.66,17.73,16.08,16.25,3487761.0
2014-12-23,70930200.0,16.50,16.95,15.65,16.95,4410858.0
2014-12-22,100937776.0,17.33,19.22,17.33,19.21,5725969.0
2014-12-19,56158604.0,19.25,19.60,18.80,19.55,2930704.0
2014-12-18,78468848.0,19.55,20.15,19.43,19.75,3953382.0
2014-12-17,80565608.0,19.80,20.20,19.00,20.20,4144921.0
2014-12-16,111326416.0,20.10,20.60,19.70,19.99,5543740.0
2014-12-15,104573568.0,20.05,20.15,19.08,19.11,5293063.0
2014-12-12,50033596.0,19.59,19.61,18.81,19.15,2602916.0
2014-12-11,46358344.0,19.15,19.15,18.50,19.00,2453200.0
2014-12-10,38706668.0,18.80,19.22,18.00,18.01,2057857.0
2014-12-09,119570696.0,18.35,19.69,18.01,19.31,6322391.0
2014-12-08,151654944.0,19.74,20.40,19.00,20.40,7752595.0
2014-12-05,208429440.0,20.40,20.93,18.09,20.13,10404534.0
2014-12-04,126227752.0,20.10,20.19,19.47,19.84,6355436.0
2014-12-03,223154016.0,19.79,20.45,19.42,19.61,11181561.0
2014-12-02,252729600.0,19.79,19.80,17.90,18.03,13265834.0
2014-12-01,194749568.0,18.00,18.40,17.52,18.40,10859666.0
2014-11-28,182418432.0,18.50,19.35,18.20,19.26,9685370.0
2014-11-27,146811456.0,19.30,19.77,19.23,19.48,7560090.0
2014-11-26,191518896.0,19.45,20.17,19.30,19.96,9744785.0
2014-11-25,246336112.0,20.20,20.65,19.35,19.59,12325089.0
2014-11-24,260327280.0,19.66,19.97,18.98,19.97,13441588.0
2014-11-21,149435856.0,19.83,20.37,19.50,19.60,7500551.0
2014-11-20,226877056.0,19.95,20.50,19.18,19.45,11369324.0
2014-11-19,219783600.0,19.56,19.98,19.01,19.23,11263326.0
2014-11-18,257154336.0,19.30,20.48,18.90,19.48,13187316.0
2014-11-17,348564992.0,19.71,19.95,18.80,19.80,17897616.0
2014-11-12,554083712.0,19.80,19.80,18.56,19.20,28603802.0
2014-11-11,492481184.0,18.00,18.00,17.50,18.00,27481798.0
2014-11-10,48044460.0,16.36,16.36,16.36,16.36,2936703.0
2014-11-07,17810944.0,14.87,14.87,14.87,14.87,1197777.0
2014-11-06,4575425.0,13.52,13.52,13.52,13.52,338419.0
2014-11-05,2463125.0,12.29,12.29,12.29,12.29,200417.0
2014-11-04,968015.0,11.17,11.17,11.17,11.17,86662.0
2014-11-03,526663.0,10.15,10.15,10.15,10.15,51888.0
2014-10-31,513945.0,9.23,9.23,9.23,9.23,55682.0
2014-07-11,36685940.0,8.39,8.57,8.37,8.37,4326984.0
2014-07-10,35942680.0,8.43,8.48,8.08,8.14,4323704.0
2014-07-09,22290424.0,8.09,8.30,8.07,8.23,2718125.0
2014-07-08,14364076.0,8.27,8.30,8.17,8.28,1743753.0
2014-07-07,26263542.0,8.29,8.32,8.15,8.21,3190922.0
2014-07-04,47335476.0,8.27,8.48,8.04,8.04,5692248.0
2014-07-03,46404672.0,8.02,8.26,8.00,8.18,5717407.0
2014-07-02,23232374.0,8.22,8.25,8.11,8.17,2841227.0
2014-07-01,21359988.0,8.17,8.18,8.04,8.10,2626829.0
2014-06-30,17711106.0,8.07,8.11,8.02,8.08,2197194.0
2014-06-27,20293118.0,8.06,8.09,7.88,7.93,2523120.0
2014-06-26,19410582.0,7.93,8.03,7.82,7.84,2438487.0
2014-06-25,8591566.0,7.82,7.89,7.75,7.82,1100852.0
2014-06-24,11118625.0,7.84,7.87,7.71,7.73,1425154.0
2014-06-23,13475437.0,7.72,7.79,7.62,7.65,1747832.0
2014-06-20,9529683.0,7.66,7.68,7.40,7.40,1245223.0
2014-06-19,17436040.0,7.50,7.93,7.48,7.88,2229017.0
2014-06-18,17097486.0,7.91,7.93,7.71,7.74,2161923.0
2014-06-17,11346409.0,7.74,7.86,7.68,7.86,1445340.0
2014-06-16,12006081.0,7.86,7.98,7.82,7.91,1504051.0
2014-06-13,15312812.0,7.90,7.92,7.72,7.77,1929458.0
2014-06-12,8535323.0,7.78,7.90,7.77,7.82,1075336.0
2014-06-11,9854973.0,7.88,7.88,7.79,7.81,1240182.0
2014-06-10,16778968.0,7.84,7.88,7.63,7.63,2122195.0
2014-06-09,8109324.0,7.65,7.83,7.62,7.72,1038014.0
2014-06-06,13686664.0,7.73,7.86,7.68,7.72,1737589.0
2014-06-05,9334120.0,7.77,7.77,7.57,7.62,1202399.0
2014-06-04,10249309.0,7.65,7.73,7.58,7.70,1323318.0
2014-06-03,21714680.0,7.72,7.83,7.54,7.57,2773332.0
2014-05-30,9959319.0,7.57,7.65,7.38,7.38,1302800.0
2014-05-29,5562581.0,7.42,7.55,7.41,7.52,735361.0
2014-05-28,8010606.0,7.52,7.53,7.35,7.49,1059563.0
2014-05-27,5698290.0,7.46,7.54,7.42,7.42,752159.0
2014-05-26,5536299.0,7.47,7.49,7.41,7.47,733429.0
2014-05-23,3978297.0,7.42,7.44,7.36,7.42,530015.0
2014-05-22,9140712.0,7.38,7.46,7.30,7.32,1219324.0
2014-05-21,4442947.0,7.33,7.37,7.14,7.27,604184.0
2014-05-20,3938895.0,7.27,7.39,7.26,7.28,530910.0
2014-05-19,3766533.0,7.28,7.31,7.17,7.28,514306.0
2014-05-16,4647565.0,7.28,7.32,7.19,7.24,632763.0
2014-05-15,6740100.0,7.24,7.45,7.24,7.44,906525.0
2014-05-14,4346681.0,7.44,7.50,7.41,7.45,574852.0
2014-05-13,8821624.0,7.46,7.54,7.40,7.40,1164159.0
2014-05-12,9907896.0,7.47,7.47,7.23,7.23,1326894.0
2014-05-09,5680664.0,7.21,7.31,7.09,7.20,782506.0
2014-05-08,5309210.0,7.22,7.34,7.16,7.17,721276.0
2014-05-07,8763708.0,7.16,7.39,7.16,7.31,1185774.0
2014-05-06,6021709.0,7.33,7.41,7.28,7.28,809750.0
2014-05-05,5818264.0,7.32,7.33,7.18,7.26,793588.0
2014-04-30,5774659.0,7.28,7.29,7.13,7.20,788510.0
2014-04-29,7100141.0,7.19,7.20,7.06,7.14,980572.0
2014-04-28,13621304.0,7.07,7.47,7.07,7.47,1868723.0
2014-04-25,14836311.0,7.48,7.78,7.46,7.78,1933751.0
2014-04-24,9649538.0,7.76,7.82,7.67,7.71,1229059.0
2014-04-23,9313411.0,7.71,7.80,7.62,7.68,1190556.0
2014-04-22,22653966.0,7.72,7.99,7.57,7.81,2877653.0
2014-04-21,30003240.0,7.91,8.12,7.91,7.97,3688501.0
2014-04-18,15118215.0,8.02,8.03,7.92,7.96,1872563.0
2014-04-17,21047606.0,7.99,8.04,7.85,7.85,2608557.0
2014-04-16,10672120.0,7.88,7.92,7.79,7.80,1338991.0
2014-04-15,9871067.0,7.85,7.95,7.82,7.90,1237273.0
2014-04-14,11704633.0,7.92,7.92,7.75,7.88,1472217.0
2014-04-11,12263204.0,7.85,7.86,7.68,7.80,1562356.0
2014-04-10,13918230.0,7.81,7.95,7.81,7.88,1746633.0
2014-04-09,15002409.0,7.88,7.93,7.80,7.84,1880337.0
2014-04-08,12703137.0,7.84,7.85,7.71,7.78,1604740.0
2014-04-04,10104772.0,7.79,7.82,7.60,7.63,1290421.0
2014-04-03,7720487.0,7.68,7.72,7.61,7.61,993586.0
2014-04-02,8996675.0,7.63,7.73,7.61,7.66,1158883.0
2014-04-01,12775478.0,7.69,7.72,7.45,7.58,1658705.0
2014-03-31,12507054.0,7.40,7.55,7.36,7.50,1661727.0
2014-03-28,15606981.0,7.51,7.80,7.50,7.70,2015306.0
2014-03-27,14009124.0,7.80,8.01,7.75,7.95,1753943.0
2014-03-26,13144909.0,7.95,7.95,7.82,7.91,1644980.0
2014-03-25,13768751.0,7.91,8.01,7.88,7.94,1713191.0
2014-03-24,22831026.0,7.99,8.02,7.88,7.89,2835414.0
2014-03-21,19645358.0,7.89,7.91,7.57,7.66,2494203.0
2014-03-20,23187008.0,7.66,8.00,7.63,7.81,2916673.0
2014-03-19,24602588.0,7.85,7.94,7.66,7.71,3099184.0
2014-03-18,13902705.0,7.72,7.79,7.67,7.73,1775214.0
2014-03-17,15399907.0,7.78,7.78,7.61,7.65,1973965.0
2014-03-14,11005271.0,7.64,7.69,7.54,7.56,1427354.0
2014-03-13,14457695.0,7.62,7.67,7.56,7.57,1874014.0
2014-03-12,17154534.0,7.62,7.63,7.37,7.42,2248557.0
2014-03-11,15240383.0,7.48,7.50,7.32,7.37,2029832.0
2014-03-10,18320396.0,7.32,7.64,7.31,7.64,2421439.0
2014-03-07,14832703.0,7.65,7.75,7.59,7.66,1907007.0
2014-03-06,23087276.0,7.70,7.82,7.55,7.78,2969432.0
2014-03-05,16862808.0,7.84,8.01,7.82,7.96,2110164.0
2014-03-04,29080322.0,7.95,8.07,7.80,7.86,3611905.0
2014-03-03,19487374.0,7.87,7.89,7.70,7.75,2463008.0
2014-02-28,13674169.0,7.75,7.76,7.46,7.56,1774659.0
2014-02-27,23085436.0,7.55,7.96,7.50,7.69,2939487.0
2014-02-26,18422708.0,7.74,7.75,7.49,7.66,2376571.0
2014-02-25,37102180.0,7.66,8.18,7.61,7.97,4611585.0
2014-02-24,27957460.0,8.00,8.05,7.80,8.05,3485499.0
2014-02-21,16882338.0,8.07,8.10,7.97,7.99,2075461.0
2014-02-20,34388476.0,8.02,8.17,7.86,8.13,4248164.0
2014-02-19,41359824.0,8.13,8.39,8.09,8.30,4960454.0
2014-02-18,67139840.0,8.39,8.53,8.00,8.09,7984605.0
2014-02-17,59770892.0,8.14,8.38,8.03,8.19,7221516.0
2014-02-14,59665536.0,8.10,8.10,7.55,7.55,7416595.0
2014-02-13,34730852.0,7.59,7.78,7.56,7.68,4469240.0
2014-02-12,39479740.0,7.68,7.74,7.42,7.48,5112849.0
2014-02-11,28077048.0,7.50,7.57,7.34,7.46,3707457.0
2014-02-10,24200702.0,7.43,7.45,7.24,7.24,3235692.0
2014-02-07,7702479.0,7.24,7.25,7.00,7.01,1061442.0
2014-01-30,12988979.0,7.08,7.23,7.03,7.23,1807540.0
2014-01-29,15350620.0,7.24,7.29,7.14,7.27,2101180.0
2014-01-28,11033241.0,7.31,7.50,7.29,7.36,1478963.0
2014-01-27,18197526.0,7.37,7.45,7.27,7.32,2437094.0
2014-01-24,17784720.0,7.35,7.38,7.26,7.31,2397254.0
2014-01-23,13956260.0,7.29,7.37,7.26,7.30,1881249.0
2014-01-22,15482592.0,7.32,7.33,7.15,7.25,2102951.0
2014-01-21,9968088.0,7.15,7.24,7.00,7.01,1375974.0
2014-01-20,11746395.0,7.01,7.26,6.97,7.26,1634808.0
2014-01-17,21113132.0,7.22,7.38,6.94,7.09,2894051.0
2014-01-16,7214088.0,7.06,7.17,7.03,7.17,1004524.0
2014-01-15,8438362.0,7.07,7.13,6.99,7.09,1181887.0
2014-01-14,9957877.0,7.09,7.13,6.92,6.93,1400425.0
2014-01-13,9623563.0,6.93,7.11,6.83,6.84,1366453.0
2014-01-10,13903551.0,6.79,7.04,6.76,7.00,1992291.0
2014-01-09,13751152.0,7.11,7.40,7.10,7.40,1870961.0
2014-01-08,11904244.0,7.33,7.38,7.14,7.25,1617643.0
2014-01-07,9814723.0,7.28,7.33,7.02,7.06,1346309.0
2014-01-06,8513630.0,7.12,7.30,7.08,7.21,1175696.0
2014-01-03,12650816.0,7.32,7.41,7.14,7.37,1707544.0
2014-01-02,13438790.0,7.40,7.40,7.30,7.40,1804398.0
2013-12-31,12126124.0,7.35,7.41,7.25,7.32,1635494.0
2013-12-30,14957407.0,7.35,7.39,7.15,7.18,2027264.0
2013-12-27,9901424.0,7.16,7.23,7.01,7.01,1367315.0
2013-12-26,11356646.0,7.07,7.23,7.04,7.15,1569683.0
2013-12-25,9237599.0,7.17,7.18,7.04,7.08,1283108.0
2013-12-24,11592000.0,7.08,7.19,6.92,7.10,1617455.0
2013-12-23,11593475.0,7.06,7.22,7.05,7.19,1608844.0
2013-12-20,20627438.0,7.13,7.57,7.03,7.48,2779565.0
2013-12-19,21151502.0,7.49,7.64,7.42,7.58,2774565.0
2013-12-18,43329928.0,7.61,7.68,7.29,7.35,5677408.0
2013-12-17,19313518.0,7.39,7.55,7.22,7.23,2574759.0
2013-12-16,14129846.0,7.27,7.45,7.23,7.35,1901949.0
2013-12-13,23274866.0,7.38,7.59,7.26,7.28,3094906.0
2013-12-12,14587020.0,7.33,7.35,7.07,7.07,1989952.0
2013-12-11,12354573.0,7.09,7.31,7.06,7.31,1707015.0
2013-12-10,15164328.0,7.31,7.37,7.27,7.29,2043622.0
2013-12-09,11670340.0,7.26,7.33,7.25,7.27,1584011.0
2013-12-06,13260131.0,7.29,7.30,7.19,7.21,1809851.0
2013-12-05,19095736.0,7.25,7.35,7.09,7.14,2606454.0
2013-12-04,18199758.0,7.14,7.23,7.04,7.06,2507913.0
2013-12-03,16096144.0,7.10,7.12,6.87,6.91,2270091.0
2013-12-02,35675228.0,6.91,7.50,6.86,7.50,4938261.0
2013-11-29,19429968.0,7.60,7.67,7.52,7.57,2521085.0
2013-11-28,22830750.0,7.59,7.74,7.54,7.56,2949569.0
2013-11-27,18727014.0,7.56,7.63,7.45,7.61,2455855.0
2013-11-26,17878984.0,7.59,7.60,7.44,7.49,2343622.0
2013-11-25,19383210.0,7.49,7.67,7.47,7.52,2521343.0
2013-11-22,18675744.0,7.52,7.60,7.46,7.51,2449888.0
2013-11-21,30220016.0,7.51,7.72,7.45,7.72,3950818.0
2013-11-20,37617160.0,7.74,7.84,7.53,7.69,4805118.0
2013-11-19,35113676.0,7.63,7.75,7.46,7.69,4573794.0
2013-11-18,43586424.0,7.69,7.79,7.56,7.72,5607427.0
2013-11-15,51715928.0,7.69,7.83,7.53,7.64,6623648.0
2013-11-14,40239320.0,7.62,7.62,7.06,7.19,5402291.0
2013-11-13,39735152.0,7.28,7.60,7.27,7.40,5274734.0
2013-11-12,42642720.0,7.41,7.69,7.28,7.40,5646188.0
2013-11-11,50414140.0,7.42,7.46,7.21,7.33,6752005.0
2013-11-08,50597608.0,7.32,7.38,6.76,6.76,6955307.0
2013-11-07,21349782.0,6.83,7.12,6.81,7.05,3035000.0
2013-11-06,29470046.0,7.15,7.34,7.12,7.26,4021059.0
2013-11-05,21866756.0,7.24,7.26,7.01,7.11,3014300.0
2013-11-04,26660246.0,7.19,7.31,6.96,6.96,3670059.0
2013-11-01,42262372.0,7.08,7.38,6.92,7.33,5848115.0
2013-10-31,54539824.0,7.35,7.35,6.61,6.65,7399023.0
2013-10-30,5692279.0,6.68,6.69,6.50,6.55,851130.0
2013-10-29,9963454.0,6.54,6.81,6.32,6.74,1498055.0
2013-10-28,7596736.0,6.74,6.98,6.65,6.91,1099411.0
2013-10-25,10138466.0,6.93,7.16,6.87,7.13,1426596.0
2013-10-24,8622340.0,7.09,7.19,7.06,7.19,1197136.0
2013-10-23,16560524.0,7.18,7.41,7.12,7.33,2245960.0
2013-10-22,20842546.0,7.33,7.39,7.25,7.28,2811793.0
2013-10-21,24417634.0,7.29,7.36,7.11,7.14,3321646.0
2013-10-18,7396562.0,7.13,7.16,7.09,7.11,1022927.0
2013-10-17,9013600.0,7.08,7.19,7.07,7.11,1248641.0
2013-10-16,12429777.0,7.09,7.21,7.01,7.21,1732469.0
2013-10-15,12477558.0,7.21,7.29,7.17,7.29,1710025.0
2013-10-14,13835241.0,7.28,7.29,7.22,7.23,1881827.0
2013-10-11,12732296.0,7.25,7.27,7.19,7.24,1737408.0
2013-10-10,13851250.0,7.21,7.26,7.14,7.16,1899564.0
2013-10-09,7897303.0,7.16,7.18,7.02,7.15,1093955.0
2013-10-08,6730124.0,7.14,7.15,7.04,7.05,935824.0
2013-09-30,4777052.0,7.06,7.07,6.98,6.98,670570.0
2013-09-27,8666734.0,6.99,7.10,6.97,7.10,1215530.0
2013-09-26,15211148.0,7.06,7.20,6.91,7.20,2126061.0
2013-09-25,17000626.0,7.18,7.30,7.14,7.24,2323527.0
2013-09-24,28684982.0,7.25,7.48,7.19,7.43,3859126.0
2013-09-23,24370368.0,7.35,7.35,7.06,7.08,3354963.0
2013-09-18,6975720.0,7.07,7.09,6.98,7.06,977823.0
2013-09-17,10532889.0,7.06,7.24,7.03,7.23,1462990.0
2013-09-16,9613612.0,7.19,7.26,7.12,7.19,1316896.0
2013-09-13,13839387.0,7.20,7.40,7.17,7.22,1885492.0
2013-09-12,19429294.0,7.24,7.43,7.22,7.28,2624263.0
2013-09-11,28126440.0,7.27,7.27,7.16,7.21,3847233.0
2013-09-10,12727529.0,7.19,7.21,7.13,7.18,1753334.0
2013-09-09,14142911.0,7.17,7.19,7.09,7.12,1954242.0
2013-09-06,11333886.0,7.11,7.16,7.01,7.10,1578995.0
2013-09-05,9229351.0,7.10,7.18,7.08,7.11,1280494.0
2013-09-04,7549275.0,7.11,7.16,7.06,7.15,1047592.0
2013-09-03,10794737.0,7.12,7.14,6.99,7.02,1502971.0
2013-09-02,9330090.0,7.03,7.05,6.88,6.91,1318284.0
2013-08-30,15323420.0,6.91,7.15,6.87,7.10,2151391.0
2013-08-29,11379424.0,7.10,7.15,7.03,7.10,1587843.0
2013-08-28,17519466.0,7.10,7.20,7.05,7.20,2432228.0
2013-08-27,15483351.0,7.20,7.24,7.08,7.15,2129789.0
2013-08-26,18772828.0,7.17,7.18,7.00,7.06,2613907.0
2013-08-23,18116954.0,7.03,7.25,6.99,7.20,2520270.0
2013-08-22,16431613.0,7.18,7.30,7.16,7.21,2245062.0
2013-08-21,22182410.0,7.25,7.36,7.16,7.35,3028597.0
2013-08-20,35552540.0,7.35,7.50,7.33,7.49,4753812.0
2013-08-19,73122928.0,7.57,7.95,7.22,7.23,9456583.0
2013-08-16,42060028.0,7.31,7.38,7.01,7.11,5733275.0
2013-08-15,35286176.0,7.18,7.30,6.89,6.96,4912730.0
2013-08-14,13271231.0,6.95,7.07,6.92,7.04,1875089.0
2013-08-13,11851217.0,7.05,7.14,6.98,7.03,1661399.0
2013-08-12,16915020.0,7.02,7.05,6.93,6.99,2389109.0
2013-08-09,17375754.0,6.94,6.96,6.79,6.82,2489722.0
2013-08-08,7010030.0,6.85,6.85,6.76,6.81,1015165.0
2013-08-07,10175080.0,6.78,6.91,6.77,6.91,1470830.0
2013-08-06,16785126.0,6.93,7.00,6.75,6.78,2401209.0
2013-08-05,8789065.0,6.82,6.83,6.66,6.73,1279655.0
2013-08-02,12114986.0,6.72,6.87,6.72,6.85,1761277.0
2013-08-01,14484590.0,6.83,6.86,6.66,6.74,2105221.0
2013-07-31,19039728.0,6.80,6.86,6.60,6.64,2790261.0
2013-07-30,10817971.0,6.63,6.63,6.33,6.48,1636197.0
2013-07-29,9417281.0,6.44,6.64,6.42,6.64,1425953.0
2013-07-26,14845078.0,6.74,6.91,6.52,6.57,2176882.0
2013-07-25,10102321.0,6.58,6.84,6.55,6.76,1501876.0
2013-07-24,10299429.0,6.76,6.86,6.68,6.84,1502999.0
2013-07-23,14871386.0,6.86,6.91,6.73,6.79,2150663.0
2013-07-22,17701988.0,6.82,6.87,6.47,6.60,2607650.0
2013-07-19,19543604.0,6.68,7.01,6.44,6.46,2871741.0
2013-07-18,5621449.0,6.48,6.58,6.44,6.57,853582.0
2013-07-17,6977855.0,6.56,6.75,6.53,6.68,1038614.0
2013-07-16,8515626.0,6.70,6.71,6.53,6.55,1265985.0
2013-07-15,6116505.0,6.58,6.62,6.46,6.49,919898.0
2013-07-12,6817423.0,6.45,6.58,6.42,6.51,1035898.0
2013-07-11,9148971.0,6.51,6.56,6.28,6.29,1380450.0
2013-07-10,4044164.0,6.30,6.31,6.11,6.14,631397.0
2013-07-09,3254560.0,6.13,6.20,6.08,6.19,515388.0
2013-07-08,7098740.0,6.11,6.47,6.11,6.47,1106932.0
2013-07-05,6571481.0,6.51,6.61,6.47,6.49,978749.0
2013-07-04,8305766.0,6.57,6.63,6.42,6.48,1236590.0
2013-07-03,8821740.0,6.57,6.62,6.29,6.48,1326742.0
2013-07-02,5394765.0,6.50,6.50,6.36,6.41,815160.0
2013-07-01,4034694.0,6.41,6.42,6.23,6.33,617436.0
2013-06-28,5104873.0,6.34,6.51,6.18,6.18,780830.0
2013-06-27,6427193.0,6.31,6.58,6.29,6.49,968614.0
2013-06-26,5218928.0,6.48,6.51,6.29,6.46,788434.0
2013-06-25,12367394.0,6.46,6.70,5.91,6.51,1896702.0
2013-06-24,17073698.0,6.51,6.95,6.44,6.91,2468646.0
2013-06-21,10174339.0,6.95,7.10,6.86,6.95,1418886.0
2013-06-20,20765474.0,7.16,7.50,7.14,7.19,2765460.0
2013-06-19,15603999.0,7.30,7.33,6.83,7.01,2128668.0
2013-06-18,5681867.0,7.04,7.15,7.00,7.10,782737.0
2013-06-17,7665881.0,7.09,7.10,6.96,7.02,1058238.0
2013-06-14,7916772.0,7.01,7.02,6.89,6.89,1102496.0
2013-06-13,7984503.0,6.89,7.04,6.81,7.04,1128198.0
2013-06-07,11282934.0,7.07,7.28,7.07,7.22,1536411.0
2013-06-06,11399534.0,7.21,7.47,7.20,7.47,1514817.0
2013-06-05,6576209.0,7.48,7.52,7.39,7.40,858307.0
2013-06-04,14735153.0,7.41,7.62,7.39,7.62,1915825.0
2013-06-03,16046015.0,7.60,7.70,7.57,7.65,2044140.0
2013-05-31,18999638.0,7.64,7.89,7.63,7.85,2379144.0
2013-05-30,21857614.0,7.85,7.92,7.73,7.83,2712226.0
2013-05-29,16098714.0,7.81,7.86,7.70,7.74,2005111.0
2013-05-28,19738054.0,7.73,7.81,7.60,7.78,2489839.0
2013-05-27,30699280.0,7.83,7.91,7.74,7.91,3820079.0
2013-05-24,40443388.0,7.93,7.98,7.79,7.83,4977809.0
2013-05-23,55444608.0,7.96,8.01,7.50,7.61,6873856.0
2013-05-22,22700562.0,7.64,7.71,7.55,7.68,2890988.0
2013-05-21,24912292.0,7.68,7.73,7.53,7.53,3166437.0
2013-05-20,19565396.0,7.58,7.60,7.44,7.48,2520850.0
2013-05-17,17022064.0,7.48,7.50,7.38,7.43,2223083.0
2013-05-16,15221245.0,7.42,7.45,7.29,7.35,2005133.0
2013-05-15,8199988.0,7.35,7.36,7.24,7.29,1090817.0
2013-05-14,10082663.0,7.29,7.43,7.22,7.43,1345709.0
2013-05-13,16483218.0,7.42,7.42,7.26,7.34,2180451.0
2013-05-10,14008055.0,7.30,7.34,7.15,7.17,1875251.0
2013-05-09,9752295.0,7.17,7.27,7.13,7.27,1321742.0
2013-05-08,10526072.0,7.25,7.29,7.14,7.19,1420050.0
2013-05-07,7595310.0,7.18,7.20,7.10,7.19,1032753.0
2013-05-06,11313860.0,7.19,7.20,7.09,7.13,1537115.0
2013-05-03,6323011.0,7.13,7.18,6.97,6.97,866438.0
2013-05-02,5238227.0,6.95,7.00,6.81,6.90,735210.0
2013-04-26,16416361.0,6.87,7.24,6.82,7.22,2286623.0
2013-04-25,9552836.0,7.20,7.38,7.20,7.32,1275336.0
2013-04-24,9812994.0,7.32,7.38,7.20,7.24,1310893.0
2013-04-23,12925577.0,7.20,7.59,7.20,7.59,1709844.0
2013-04-22,11776429.0,7.59,7.61,7.51,7.55,1515784.0
2013-04-19,13480810.0,7.59,7.60,7.41,7.46,1736063.0
2013-04-18,9958964.0,7.45,7.53,7.36,7.40,1297927.0
2013-04-17,7508496.0,7.48,7.49,7.34,7.36,984120.0
2013-04-16,8230303.0,7.42,7.42,7.13,7.19,1097064.0
2013-04-15,12521606.0,7.32,7.53,7.31,7.31,1640464.0
2013-04-12,5891843.0,7.28,7.46,7.22,7.37,778171.0
2013-04-11,7976385.0,7.38,7.54,7.37,7.54,1040768.0
2013-04-10,9247342.0,7.44,7.54,7.38,7.46,1204776.0
2013-04-09,7428717.0,7.46,7.52,7.42,7.43,967687.0
2013-04-08,11061291.0,7.42,7.43,7.05,7.26,1486419.0
2013-04-03,18779038.0,7.31,7.70,7.28,7.70,2462127.0
2013-04-02,12717390.0,7.58,7.96,7.58,7.89,1587672.0
2013-04-01,7965297.0,7.89,7.92,7.80,7.84,985268.0
2013-03-29,10061384.0,7.84,7.96,7.80,7.88,1241149.0
2013-03-28,22898536.0,7.88,8.26,7.87,8.26,2797902.0
2013-03-27,33281030.0,8.29,8.50,8.19,8.32,3869679.0
2013-03-26,40778620.0,8.32,8.41,7.91,8.17,4830816.0
2013-03-25,19543894.0,8.22,8.26,8.12,8.16,2315448.0
2013-03-22,17067840.0,8.12,8.16,8.06,8.09,2047886.0
2013-03-21,21021562.0,8.16,8.28,8.09,8.16,2503773.0
2013-03-20,20299488.0,8.15,8.16,7.90,7.95,2456801.0
2013-03-19,11932862.0,7.94,7.99,7.78,7.90,1471299.0
2013-03-18,13663927.0,7.91,8.12,7.86,7.99,1664158.0
2013-03-15,24669530.0,8.02,8.22,7.93,8.15,2972641.0
2013-03-14,12930010.0,8.17,8.28,8.13,8.17,1534119.0
2013-03-13,25001734.0,8.20,8.49,8.11,8.49,2949046.0
2013-03-12,48688912.0,8.49,8.74,8.17,8.56,5558970.0
2013-03-11,44054720.0,8.67,8.80,8.55,8.70,4945277.0
2013-03-08,69581952.0,8.67,8.83,8.36,8.43,7816519.0
2013-03-07,33413928.0,8.43,8.63,8.36,8.49,3818083.0
2013-03-06,31352570.0,8.47,8.47,8.27,8.27,3627751.0
2013-03-05,14443338.0,8.26,8.28,8.01,8.01,1706155.0
2013-03-04,26850836.0,8.12,8.47,8.09,8.47,3153985.0
2013-03-01,26837920.0,8.50,8.51,8.39,8.40,3083345.0
2013-02-28,21901866.0,8.40,8.43,8.25,8.25,2546112.0
2013-02-27,19564230.0,8.25,8.32,8.17,8.23,2303125.0
2013-02-26,21770380.0,8.24,8.46,8.20,8.41,2538499.0
2013-02-25,19148342.0,8.42,8.46,8.27,8.27,2220783.0
2013-02-22,16933896.0,8.26,8.39,8.26,8.29,1979616.0
2013-02-21,29380714.0,8.28,8.57,8.25,8.57,3407670.0
2013-02-20,32913136.0,8.61,8.63,8.35,8.47,3765346.0
2013-02-19,37984260.0,8.50,8.82,8.46,8.73,4304991.0
2013-02-18,64485688.0,8.81,8.94,8.55,8.55,7126972.0
2013-02-08,47943008.0,8.60,9.12,8.57,8.83,5342923.0
2013-02-07,18900088.0,8.46,8.52,8.36,8.43,2175821.0
2013-02-06,18638954.0,8.43,8.62,8.42,8.53,2136496.0
2013-02-05,37806308.0,8.52,8.65,8.18,8.23,4325538.0
2013-02-04,39462436.0,8.33,8.59,8.30,8.56,4558475.0
2013-02-01,33825248.0,8.56,8.65,8.39,8.65,3863786.0
2013-01-31,37281164.0,8.62,8.66,8.48,8.63,4219401.0
2013-01-30,36055812.0,8.58,8.70,8.47,8.69,4100693.0
2013-01-29,38052360.0,8.64,8.66,8.50,8.54,4309559.0
2013-01-28,41075768.0,8.55,8.61,8.26,8.29,4714433.0
2013-01-25,28352752.0,8.28,8.31,8.17,8.26,3349853.0
2013-01-24,69097136.0,8.28,8.81,8.18,8.65,7906091.0
2013-01-23,60973444.0,8.70,8.74,8.39,8.51,6901225.0
2013-01-22,70664560.0,8.56,8.90,8.48,8.79,7858361.0
2013-01-21,79196704.0,8.79,8.92,8.62,8.84,8794917.0
2013-01-18,90449448.0,8.90,9.05,8.75,8.85,9881875.0
2013-01-17,162116144.0,8.93,9.25,8.77,9.24,17551948.0
2013-01-16,295143008.0,9.36,9.62,9.06,9.08,30344738.0
2013-01-15,104432120.0,8.74,8.74,7.90,7.93,11900068.0
2013-01-14,42711988.0,7.94,7.97,7.66,7.69,5293430.0
2013-01-11,51032620.0,7.73,8.15,7.71,8.15,6261338.0
2013-01-10,46914128.0,8.12,8.23,8.05,8.12,5616966.0
2013-01-09,81504776.0,8.19,8.38,8.03,8.09,9624851.0
2013-01-08,59401812.0,8.09,8.20,7.96,8.15,7148180.0
2013-01-07,62505500.0,8.11,8.14,7.79,7.84,7571851.0
2013-01-04,28871102.0,7.87,7.96,7.77,7.92,3579576.0
2012-12-31,27682938.0,7.88,7.95,7.86,7.90,3409598.0
2012-12-28,35710036.0,7.90,7.92,7.78,7.84,4414460.0
2012-12-27,54753836.0,7.83,8.15,7.83,8.09,6679432.0
2012-12-26,65166396.0,8.14,8.20,7.98,8.09,7843421.0
2012-12-25,79000760.0,8.08,8.19,7.92,7.97,9533903.0
2012-12-24,76423488.0,8.00,8.02,7.64,7.65,9384954.0
2012-12-21,38875992.0,7.69,7.75,7.54,7.67,4935910.0
2012-12-20,45543972.0,7.66,7.73,7.45,7.72,5817503.0
2012-12-19,37299456.0,7.78,7.88,7.71,7.74,4640390.0
2012-12-18,57799408.0,7.75,8.04,7.70,8.04,7149690.0
2012-12-17,63110784.0,7.98,8.11,7.90,8.11,7698807.0
2012-12-14,111833816.0,8.07,8.15,7.59,7.71,13671485.0
2012-12-13,111184024.0,7.82,8.05,7.55,7.57,13763584.0
2012-12-12,56628676.0,7.61,7.71,7.35,7.64,7293897.0
2012-12-11,110499352.0,7.73,8.21,7.54,7.71,13657025.0
2012-12-10,92689880.0,7.77,7.82,7.40,7.45,11736679.0
2012-12-07,77555560.0,7.48,7.54,7.06,7.22,10249086.0
2012-12-06,33024304.0,7.22,7.34,7.13,7.20,4453578.0
2012-12-05,63902104.0,7.21,7.39,6.81,6.92,8661514.0
2012-12-04,45024276.0,7.03,7.10,6.46,6.60,6463939.0
2012-12-03,49864692.0,6.74,7.44,6.71,7.41,6832433.0
2012-11-30,55387700.0,7.41,7.43,7.11,7.20,7359797.0
2012-11-29,59848460.0,7.20,7.41,7.10,7.10,8009774.0
2012-11-28,92019568.0,7.37,7.45,6.86,6.93,12416531.0
2012-11-27,31737680.0,6.97,7.15,6.68,7.10,4467538.0
2012-11-26,32854264.0,7.20,7.21,6.91,7.07,4517422.0
2012-11-23,25091786.0,7.07,7.20,7.05,7.11,3425498.0
2012-11-22,15100146.0,7.12,7.21,7.05,7.20,2062408.0
2012-11-21,26975652.0,7.24,7.29,6.91,7.25,3687283.0
2012-11-20,26462962.0,7.23,7.41,7.18,7.37,3543945.0
2012-11-19,18581522.0,7.37,7.41,7.20,7.25,2476723.0
2012-11-16,21485418.0,7.24,7.32,7.15,7.15,2891636.0
2012-11-15,20375990.0,7.18,7.41,7.13,7.38,2720764.0
2012-11-14,27252360.0,7.45,7.53,7.26,7.34,3587689.0
2012-11-13,48770044.0,7.33,7.90,7.29,7.90,6293509.0
2012-11-12,28329120.0,7.88,7.88,7.72,7.83,3525343.0
2012-11-09,31522632.0,7.83,7.89,7.73,7.87,3929454.0
2012-11-08,44315168.0,7.89,8.00,7.75,7.89,5461588.0
2012-11-07,39361776.0,7.90,7.96,7.81,7.95,4849358.0
2012-11-06,101129136.0,7.91,8.49,7.82,8.46,12278421.0
2012-11-05,69162704.0,8.56,8.80,8.44,8.44,7795033.0
2012-11-02,103430496.0,8.54,8.94,8.36,8.69,11667784.0
2012-11-01,112451064.0,8.84,9.06,8.78,8.90,12298389.0
2012-10-31,136571008.0,8.95,9.09,8.28,8.46,15244495.0
2012-10-30,120288416.0,8.64,8.88,8.41,8.44,13478024.0
2012-10-29,56412220.0,8.48,8.53,8.26,8.33,6522940.0
2012-10-26,65055456.0,8.24,8.61,8.18,8.51,7546153.0
2012-10-25,72401000.0,8.52,8.81,8.42,8.71,8235545.0
2012-10-24,77501184.0,8.70,8.84,8.56,8.56,8710713.0
2012-10-23,144326256.0,8.88,9.28,8.75,8.75,15599757.0
2012-10-22,106729072.0,8.79,8.86,8.53,8.60,11906247.0
2012-10-19,222809200.0,8.79,9.61,8.76,9.59,23945508.0
2012-10-18,305059136.0,9.73,10.13,9.27,9.33,30681724.0
2012-10-17,192076720.0,9.26,9.55,9.15,9.24,19962858.0
2012-10-16,178368000.0,9.32,9.43,8.99,9.29,18800434.0
2012-10-15,192050944.0,9.35,9.68,9.19,9.43,19844320.0
2012-10-12,259371136.0,9.51,10.00,9.39,9.84,26002964.0
2012-10-11,479963840.0,10.35,10.62,10.03,10.29,45305460.0
2012-10-10,32764114.0,9.66,9.66,9.66,9.66,3299508.0
2012-10-09,23698214.0,8.78,8.78,8.78,8.78,2624387.0
2012-10-08,64449396.0,7.98,7.98,7.63,7.63,7958750.0
2012-09-28,29945522.0,7.25,7.25,6.69,6.77,4056009.0
2012-09-27,9947522.0,6.59,6.66,6.37,6.45,1476610.0
2012-09-26,4492948.0,6.41,6.59,6.41,6.59,674792.0
2012-09-25,5593774.0,6.58,6.61,6.47,6.47,828648.0
2012-09-24,6139642.0,6.51,6.59,6.37,6.52,921324.0
2012-09-21,8148021.0,6.51,6.65,6.48,6.61,1202455.0
2012-09-20,12673324.0,6.60,6.95,6.60,6.95,1831275.0
2012-09-19,9171881.0,6.95,6.96,6.86,6.94,1290425.0
2012-09-18,8576546.0,6.91,6.98,6.85,6.92,1209113.0
2012-09-17,10552224.0,6.93,7.22,6.93,7.20,1458980.0
2012-09-14,13272411.0,7.20,7.22,7.02,7.15,1809993.0
2012-09-13,18257360.0,7.11,7.28,7.10,7.28,2473708.0
2012-09-12,18072814.0,7.22,7.36,7.09,7.35,2439693.0
2012-09-11,13191236.0,7.28,7.37,7.22,7.36,1766762.0
2012-09-10,21619076.0,7.37,7.37,7.17,7.29,2895743.0
2012-09-07,30646492.0,7.29,7.39,7.04,7.05,4117747.0
2012-09-06,13330420.0,7.02,7.03,6.91,6.96,1856328.0
2012-09-05,12254651.0,6.93,7.02,6.83,6.88,1721042.0
2012-09-04,10878512.0,6.86,6.89,6.75,6.89,1549349.0
2012-09-03,8699531.0,6.81,6.86,6.61,6.61,1247440.0
2012-08-31,4786392.0,6.66,6.70,6.53,6.56,704583.0
2012-08-30,7360088.0,6.55,6.77,6.50,6.68,1082840.0
2012-08-29,4651061.0,6.65,6.75,6.60,6.60,676999.0
2012-08-28,6338394.0,6.65,6.72,6.53,6.61,930498.0
2012-08-27,8954441.0,6.59,6.92,6.51,6.92,1311251.0
2012-08-24,10434168.0,6.90,7.05,6.87,7.04,1461041.0
2012-08-23,11802999.0,7.04,7.06,6.88,6.97,1640908.0
2012-08-22,9744875.0,6.92,7.05,6.86,7.01,1363940.0
2012-08-21,18767348.0,6.99,7.13,6.82,6.83,2602302.0
2012-08-20,6242367.0,6.78,6.79,6.57,6.64,906128.0
2012-08-17,9669610.0,6.70,6.81,6.60,6.77,1407593.0
2012-08-16,5659690.0,6.71,6.84,6.65,6.71,815476.0
2012-08-15,7490871.0,6.74,6.85,6.64,6.79,1081442.0
2012-08-14,10907619.0,6.79,6.82,6.54,6.69,1586585.0
2012-08-13,16755362.0,6.72,7.09,6.71,7.07,2360626.0
2012-08-10,14402982.0,7.11,7.19,7.01,7.09,1971178.0
2012-08-09,13141678.0,7.07,7.07,6.87,6.96,1827721.0
2012-08-08,15532907.0,6.96,7.12,6.91,7.10,2156449.0
2012-08-07,21026182.0,7.10,7.16,6.86,6.93,2910710.0
2012-08-06,16142417.0,6.88,6.88,6.61,6.68,2322423.0
2012-08-03,10684840.0,6.71,6.71,6.52,6.60,1564617.0
2012-08-02,12141945.0,6.54,6.70,6.48,6.56,1791568.0
2012-08-01,12489596.0,6.55,6.67,6.43,6.51,1847086.0
2012-07-31,11690452.0,6.40,6.64,6.37,6.63,1750608.0
2012-07-30,12939526.0,6.65,6.97,6.65,6.97,1856233.0
2012-07-27,9211690.0,6.92,7.07,6.86,6.98,1291120.0
2012-07-26,12558427.0,6.95,7.10,6.91,7.06,1740349.0
2012-07-25,9571987.0,7.06,7.20,7.03,7.10,1307026.0
2012-07-24,10201606.0,7.15,7.24,7.01,7.07,1386934.0
2012-07-23,9991893.0,7.12,7.32,7.10,7.17,1351017.0
2012-07-20,14199073.0,7.24,7.34,7.14,7.15,1899972.0
2012-07-19,23291868.0,7.20,7.38,7.18,7.24,3105543.0
2012-07-18,18920884.0,7.27,7.32,6.94,7.01,2581414.0
2012-07-17,14977498.0,7.04,7.12,6.88,6.91,2070101.0
2012-07-16,34538956.0,6.91,7.43,6.72,7.43,4787579.0
2012-07-13,33161460.0,7.44,7.72,7.43,7.60,4243857.0
2012-07-12,30875404.0,7.63,7.68,7.46,7.63,3957049.0
2012-07-11,26405840.0,7.67,7.68,7.50,7.61,3372360.0
2012-07-10,73369032.0,7.62,8.10,7.60,8.10,9196961.0
2012-07-09,79416288.0,8.45,9.32,8.45,9.32,8792104.0
2012-07-06,68370560.0,9.39,9.39,9.05,9.34,7217284.0
2012-07-05,53319392.0,9.32,9.44,9.13,9.35,5614776.0
2012-07-04,80936416.0,9.46,9.77,9.36,9.77,8298088.0
2012-07-03,145597472.0,9.75,10.45,9.60,10.31,14137041.0
2012-07-02,127682072.0,10.30,10.36,10.02,10.07,12159157.0
2012-06-29,131091384.0,10.07,10.13,9.63,9.98,12764671.0
2012-06-28,113861624.0,9.91,10.15,9.83,10.02,11073805.0
2012-06-27,192234320.0,9.98,10.34,9.80,9.94,18461228.0
2012-06-26,158111136.0,10.02,10.05,9.38,9.53,15787210.0
2012-06-25,127050632.0,9.56,9.62,9.16,9.27,13031656.0
2012-06-21,54851956.0,9.27,9.42,9.18,9.42,5760076.0
2012-06-20,110642664.0,9.33,9.55,9.09,9.12,11587834.0
2012-06-19,90659016.0,9.15,9.24,8.68,8.74,9759304.0
2012-06-18,30435244.0,8.79,8.81,8.52,8.54,3391275.0
2012-06-15,18857954.0,8.51,8.58,8.41,8.54,2131799.0
2012-06-14,21526952.0,8.46,8.49,8.27,8.37,2460621.0
2012-06-13,17753534.0,8.32,8.33,8.05,8.13,2072094.0
2012-06-12,6185825.0,8.05,8.14,8.01,8.13,737800.0
2012-06-11,9355784.0,8.13,8.16,8.00,8.00,1109969.0
2012-06-08,10549256.0,8.00,8.18,7.98,8.12,1257024.0
2012-06-07,12158587.0,8.10,8.32,8.06,8.32,1427208.0
2012-06-06,10524778.0,8.20,8.37,8.17,8.30,1228559.0
2012-06-05,9607469.0,8.36,8.37,8.17,8.29,1116811.0
2012-06-04,17934654.0,8.35,8.54,8.20,8.54,2063050.0
2012-06-01,33946160.0,8.68,9.14,8.57,8.85,3725429.0
2012-05-31,31184376.0,8.89,8.97,8.64,8.72,3413702.0
2012-05-30,25373894.0,8.81,8.92,8.47,8.49,2834552.0
2012-05-29,18711714.0,8.51,8.56,8.30,8.36,2117337.0
2012-05-28,10915631.0,8.36,8.38,8.10,8.25,1272545.0
2012-05-25,13188235.0,8.32,8.36,8.09,8.20,1553544.0
2012-05-24,17169312.0,8.17,8.40,8.16,8.38,1998531.0
2012-05-23,14100156.0,8.39,8.63,8.33,8.56,1603715.0
2012-05-22,10545402.0,8.60,8.61,8.51,8.52,1184585.0
2012-05-21,8374455.0,8.49,8.56,8.39,8.44,949201.0
2012-05-18,16477747.0,8.47,8.64,8.43,8.64,1858004.0
2012-05-17,16176250.0,8.67,8.70,8.46,8.46,1804878.0
2012-05-16,12309941.0,8.46,8.58,8.44,8.49,1390772.0
2012-05-14,18753946.0,8.50,8.71,8.49,8.64,2104500.0
2012-05-11,21987862.0,8.60,8.85,8.57,8.84,2429299.0
2012-05-10,14440444.0,8.83,8.87,8.75,8.83,1574438.0
2012-05-09,24733948.0,8.83,9.05,8.82,9.05,2680078.0
2012-05-08,26434098.0,9.06,9.10,8.83,8.96,2831740.0
2012-05-07,28010964.0,8.96,8.98,8.75,8.81,3032013.0
2012-05-04,24693144.0,8.83,8.83,8.56,8.63,2710657.0
2012-05-03,31967326.0,8.68,8.80,8.48,8.80,3568219.0
2012-05-02,22051468.0,8.80,8.91,8.67,8.85,2413176.0
2012-04-27,16899132.0,8.73,8.95,8.73,8.92,1846924.0
2012-04-26,29794248.0,8.92,8.99,8.71,8.83,3245156.0
2012-04-25,49418812.0,8.83,9.02,8.68,8.97,5414056.0
2012-04-24,42136000.0,9.02,9.49,8.74,9.34,4441826.0
2012-04-23,44826392.0,9.51,9.98,9.41,9.98,4472271.0
2012-04-20,34817004.0,9.98,10.09,9.82,9.93,3360508.0
2012-04-19,41529084.0,9.93,10.01,9.67,9.72,4059262.0
2012-04-18,26529750.0,9.72,9.72,9.33,9.37,2662710.0
2012-04-17,26314252.0,9.32,9.76,9.31,9.69,2653661.0
2012-04-16,21968014.0,9.69,9.78,9.62,9.67,2178810.0
2012-04-13,42501212.0,9.81,9.97,9.59,9.76,4188448.0
2012-04-12,48616848.0,9.68,9.69,9.31,9.38,4892494.0
2012-04-11,26405986.0,9.38,9.48,9.22,9.29,2714875.0
2012-04-10,29002792.0,9.41,9.41,8.92,9.03,3042505.0
2012-04-09,31871322.0,9.12,9.50,9.09,9.50,3305676.0
2012-04-06,30523928.0,9.49,9.69,9.41,9.69,3076660.0
2012-04-05,27297380.0,9.64,9.76,9.38,9.43,2729831.0
2012-03-30,23505498.0,9.39,9.41,9.07,9.29,2439503.0
2012-03-29,40222368.0,9.30,9.84,9.18,9.79,4090648.0
2012-03-28,40966056.0,9.73,10.41,9.67,10.41,3949786.0
2012-03-27,33550518.0,10.46,10.64,10.40,10.44,3070192.0
2012-03-26,43522144.0,10.36,10.76,10.28,10.66,4004667.0
2012-03-23,59494160.0,10.73,11.08,10.64,11.08,5276485.0
2012-03-22,55975732.0,11.20,11.50,11.05,11.29,4774605.0
2012-03-21,84474896.0,11.46,11.63,10.89,11.47,7215197.0
2012-03-20,99943560.0,11.46,12.00,11.46,12.00,8220784.0
2012-03-19,145252672.0,12.07,12.07,11.35,11.36,11817767.0
2012-03-16,163758656.0,11.52,11.70,10.96,10.96,13791426.0
2012-03-15,98932560.0,11.03,11.12,10.48,10.83,8749846.0
2012-03-14,147635424.0,10.82,11.67,10.58,11.62,12659628.0
2012-03-13,218468240.0,11.57,11.83,11.10,11.20,18304356.0
2012-03-12,131535432.0,11.24,11.33,10.73,10.90,11428623.0
2012-03-09,161643760.0,10.89,11.01,10.59,10.82,14428712.0
2012-03-08,159924384.0,11.00,11.18,10.09,10.10,14388242.0
2012-03-07,51603592.0,10.16,10.23,9.75,9.80,4966149.0
2012-03-06,44267960.0,9.91,10.19,9.77,10.19,4300028.0
2012-03-05,15846270.0,10.24,10.30,10.06,10.19,1496518.0
2012-03-02,18052882.0,10.13,10.18,9.97,9.97,1717009.0
2012-03-01,10617246.0,9.94,10.05,9.82,9.84,1025660.0
2012-02-29,21483330.0,9.89,10.25,9.86,10.25,2065517.0
2012-02-28,29414004.0,10.21,10.47,10.10,10.39,2761871.0
2012-02-27,33864564.0,10.44,10.68,10.40,10.54,3073860.0
2012-02-24,41690800.0,10.51,10.55,10.38,10.44,3833595.0
2012-02-23,51918668.0,10.47,10.84,10.39,10.71,4736219.0
2012-02-22,40038436.0,10.75,10.80,10.46,10.48,3614440.0
2012-02-21,20690942.0,10.48,10.51,10.27,10.32,1912475.0
2012-02-20,23221262.0,10.42,10.57,10.16,10.50,2160224.0
2012-02-17,14363622.0,10.31,10.63,10.15,10.44,1341996.0
2012-02-16,29690934.0,10.50,10.89,10.30,10.30,2688626.0
2012-02-15,19549490.0,10.34,10.35,10.00,10.17,1835851.0
2012-02-14,21285800.0,10.15,10.47,10.03,10.16,2002172.0
2012-02-13,18834084.0,10.16,10.26,9.87,10.03,1790467.0
2012-02-10,19474524.0,10.05,10.28,9.99,10.05,1848389.0
2012-02-09,24947208.0,10.14,10.35,9.96,10.22,2358841.0
2012-02-08,32360134.0,10.22,10.27,9.85,10.00,3105721.0
2012-02-07,61588356.0,10.08,10.37,9.53,9.81,5998093.0
2012-02-06,40879572.0,9.72,9.72,8.85,8.85,4114709.0
2012-02-03,10881349.0,8.84,8.88,8.56,8.64,1192268.0
2012-02-02,4780174.0,8.64,8.64,8.40,8.46,540808.0
2012-02-01,3943724.0,8.45,8.50,8.38,8.42,448905.0
2012-01-31,4844323.0,8.42,8.60,8.37,8.56,552159.0
2012-01-30,6127562.0,8.57,8.70,8.49,8.60,684765.0
2012-01-20,5845355.0,8.69,8.75,8.51,8.59,650307.0
2012-01-19,3723070.0,8.59,8.68,8.32,8.54,419196.0
2012-01-18,11503045.0,8.55,8.92,8.51,8.90,1270103.0
2012-01-17,7241516.0,8.80,8.85,8.29,8.29,808788.0
2012-01-16,3733047.0,8.32,8.40,8.19,8.27,432671.0
2012-01-13,6978248.0,8.46,8.92,8.44,8.90,776142.0
2012-01-12,7131218.0,8.85,9.02,8.80,8.81,771333.0
2012-01-11,14563895.0,8.90,9.07,8.86,9.00,1564148.0
2012-01-10,18930564.0,8.92,9.16,8.37,8.46,2046875.0
2012-01-09,8905441.0,8.47,8.47,7.89,8.05,1037262.0
2012-01-06,4266412.0,8.05,8.09,7.77,7.96,518843.0
2012-01-05,7418490.0,7.96,8.65,7.92,8.65,864490.0
2012-01-04,6180315.0,8.61,8.91,8.56,8.81,675377.0
2011-12-30,10401725.0,8.79,9.02,8.77,8.81,1126692.0
2011-12-29,5026706.0,8.69,8.85,8.66,8.75,552391.0
2011-12-28,8041614.0,8.89,9.07,8.56,9.01,884725.0
2011-12-27,7537370.0,9.11,9.63,9.03,9.63,782708.0
2011-12-26,5770689.0,9.43,9.76,9.42,9.62,578251.0
2011-12-23,4218854.0,9.76,9.97,9.67,9.71,412785.0
2011-12-22,11537491.0,9.71,10.05,9.25,9.95,1136727.0
2011-12-21,12156001.0,10.00,10.66,10.00,10.48,1123021.0
2011-12-20,14496020.0,10.31,10.89,10.20,10.59,1320580.0
2011-12-19,8714797.0,10.76,10.77,10.32,10.62,796212.0
2011-12-16,11610531.0,10.67,10.67,10.07,10.27,1082230.0
2011-12-15,6528548.0,10.14,10.45,10.03,10.12,614141.0
2011-12-14,6037312.0,10.26,10.67,10.24,10.30,556141.0
2011-12-13,7912097.0,10.41,10.77,10.29,10.75,725179.0
2011-12-12,3713662.0,10.82,11.14,10.77,10.96,325335.0
2011-12-09,3652749.0,11.11,11.25,10.99,11.13,316819.0
2011-12-08,6428167.0,11.22,11.39,10.92,11.28,551409.0
2011-12-07,5232410.0,11.21,11.45,11.06,11.12,447293.0
2011-12-06,5461421.0,11.25,11.32,10.96,11.13,471462.0
2011-12-05,14820281.0,11.13,11.69,11.04,11.68,1257275.0
2011-12-01,17495852.0,11.92,12.36,11.91,11.94,1387860.0
2011-11-30,18141312.0,11.68,12.34,11.54,12.32,1470722.0
2011-11-29,27256348.0,12.35,12.66,11.90,11.90,2139060.0
2011-11-28,6670822.0,11.77,11.85,11.64,11.71,546236.0
2011-11-25,8803170.0,11.71,11.89,11.61,11.68,720933.0
2011-11-24,11087135.0,11.68,11.92,11.52,11.73,914175.0
2011-11-23,14259654.0,11.84,12.31,11.84,12.31,1141832.0
2011-11-22,8597269.0,12.24,12.31,11.86,11.86,681432.0
2011-11-21,22025900.0,12.19,12.69,11.95,12.69,1738120.0
2011-11-18,26595572.0,12.56,13.08,12.55,12.74,1988776.0
2011-11-17,14287906.0,12.81,13.11,12.74,12.80,1064277.0
2011-11-16,21263248.0,12.81,13.46,12.71,13.41,1561655.0
2011-11-15,26246354.0,13.40,13.58,13.30,13.58,1882235.0
2011-11-14,46855444.0,13.62,13.63,13.20,13.61,3358259.0
2011-11-11,50950528.0,13.29,13.37,12.67,12.77,3734674.0
2011-11-10,27916270.0,12.77,13.01,12.37,12.39,2118939.0
2011-11-09,21188966.0,12.68,12.69,12.21,12.42,1628188.0
2011-11-08,26796100.0,12.49,12.98,12.43,12.93,2037389.0
2011-11-07,29643500.0,12.86,13.14,12.67,12.70,2209973.0
2011-11-04,35942592.0,12.83,12.92,12.51,12.76,2724075.0
2011-11-03,80732472.0,12.78,13.60,12.78,12.84,5905832.0
2011-11-02,55455296.0,12.78,12.88,12.14,12.36,4247074.0
2011-11-01,46839512.0,12.64,12.78,12.49,12.59,3571674.0
2011-10-31,57270948.0,12.80,12.86,12.33,12.49,4373642.0
2011-10-28,64872428.0,12.52,12.62,12.12,12.62,5041882.0
2011-10-27,69348120.0,12.31,12.74,11.97,12.21,5424318.0
2011-10-26,112770208.0,12.42,12.79,11.92,12.11,8851599.0
2011-10-25,34282904.0,11.66,11.66,10.58,10.64,2913554.0
2011-10-24,37549208.0,10.60,10.78,9.94,10.78,3480067.0
2011-10-21,26642404.0,10.78,11.16,10.66,11.14,2363037.0
2011-10-20,50250576.0,11.16,11.90,10.92,11.73,4261679.0
2011-10-19,113776216.0,12.05,12.58,11.30,11.40,9141086.0
2011-10-18,76825600.0,11.57,11.57,10.30,10.47,6511529.0
2011-10-17,10558431.0,10.52,10.70,10.42,10.66,958912.0
2011-10-14,12287539.0,10.65,11.00,10.47,10.93,1112800.0
2011-10-13,8312508.0,10.94,11.09,10.82,10.91,730225.0
2011-10-12,8275418.0,10.91,11.07,10.24,10.34,734057.0
2011-10-11,6300951.0,10.60,11.29,9.85,11.01,560416.0
2011-10-10,5608052.0,10.91,11.91,10.58,11.74,477749.0
2011-09-30,5800484.0,11.73,11.98,11.70,11.91,313332.0
2011-09-29,12797145.0,11.85,12.83,11.71,12.83,665410.0
2011-09-28,5055736.0,12.88,13.27,12.88,13.23,246300.0
2011-09-27,5209896.0,13.23,13.43,13.16,13.43,250914.0
2011-09-26,2871646.0,13.24,13.36,13.11,13.13,138713.0
2011-09-23,5854312.0,13.21,13.39,13.01,13.39,283163.0
2011-09-22,3370129.0,13.43,13.77,13.43,13.77,158100.0
2011-09-21,3679584.0,13.79,13.91,13.47,13.67,170604.0
2011-09-20,2086755.0,13.52,13.55,13.26,13.30,98944.0
2011-09-16,3496357.0,13.54,13.71,13.42,13.42,163833.0
2011-09-15,2734960.0,13.40,13.61,13.33,13.36,129326.0
2011-09-14,5164249.0,13.39,13.59,13.31,13.57,245463.0
2011-09-13,8487489.0,13.52,13.58,13.17,13.45,405952.0
2011-09-09,4658472.0,13.58,13.87,13.56,13.58,217601.0
2011-09-08,4269618.0,13.77,13.98,13.58,13.90,197550.0
2011-09-07,2948910.0,13.84,13.84,13.61,13.61,136899.0
2011-09-06,6115290.0,13.50,13.70,13.48,13.61,286767.0
2011-09-05,5272285.0,13.70,14.10,13.67,13.99,244050.0
2011-09-02,3616345.0,14.14,14.16,13.99,14.09,163900.0
2011-09-01,6278811.0,14.15,14.30,14.04,14.23,282887.0
2011-08-31,12733096.0,14.14,14.34,14.03,14.23,572344.0
2011-08-30,12973975.0,14.23,14.76,14.16,14.66,571602.0
2011-08-29,26219526.0,14.60,15.62,14.53,15.41,1110560.0
2011-08-26,9131855.0,15.22,15.28,15.04,15.20,383292.0
2011-08-25,8034463.0,15.14,15.15,14.86,14.86,339299.0
2011-08-24,8093564.0,14.97,15.23,14.80,15.07,342222.0
2011-08-23,10138457.0,15.01,15.05,14.67,14.77,433026.0
2011-08-22,7603958.0,14.77,15.02,14.34,14.84,331239.0
2011-08-19,6173993.0,14.56,14.76,14.16,14.18,273105.0
2011-08-18,9382831.0,14.72,15.04,14.68,14.88,403603.0
2011-08-17,9553419.0,14.94,14.95,14.53,14.59,412788.0
2011-08-16,6675327.0,14.60,14.93,14.53,14.93,288031.0
2011-08-15,10676920.0,14.74,14.85,14.60,14.61,463302.0
2011-08-12,11264087.0,14.73,14.86,14.47,14.68,488589.0
2011-08-11,6354628.0,14.49,14.52,13.72,13.90,285215.0
2011-08-10,8764662.0,14.26,14.95,14.15,14.40,387206.0
2011-08-09,18576640.0,14.23,14.58,13.45,14.02,849801.0
2011-08-08,22581104.0,14.41,15.30,13.96,15.30,989861.0
2011-08-05,27527294.0,15.11,15.19,13.95,15.17,1189635.0
2011-08-04,13827035.0,15.30,15.49,15.16,15.30,577506.0
2011-08-03,31876408.0,15.36,15.52,15.05,15.17,1324682.0
2011-08-02,31721752.0,15.37,16.13,15.08,16.13,1315722.0
2011-08-01,44744216.0,16.04,16.64,15.86,16.25,1759226.0
2011-07-29,56764992.0,16.48,16.72,16.25,16.62,2187399.0
2011-07-28,77237968.0,16.57,16.69,15.88,16.06,2977539.0
2011-07-27,19573812.0,16.06,16.11,15.70,15.83,781639.0
2011-07-26,19992274.0,15.90,15.90,15.21,15.34,813808.0
2011-07-25,48588548.0,15.34,15.69,15.23,15.62,2015463.0
2011-07-22,18411728.0,15.67,15.85,15.36,15.52,752880.0
2011-07-21,38722208.0,15.52,15.81,15.32,15.32,1576068.0
2011-07-20,25709830.0,15.30,15.56,15.13,15.13,1064619.0
2011-07-19,13501352.0,15.14,15.28,15.05,15.20,567523.0
2011-07-18,35510704.0,15.20,15.43,14.77,14.78,1492507.0
2011-07-15,49673808.0,14.85,14.91,14.36,14.62,2171299.0
2011-07-14,14649425.0,14.61,14.85,14.53,14.82,637316.0
2011-07-13,15685132.0,14.82,14.85,14.47,14.51,682183.0
2011-07-12,12118803.0,14.51,14.77,14.44,14.66,530261.0
2011-07-11,36889272.0,14.79,14.89,14.28,14.28,1597563.0
2011-07-08,19546816.0,14.44,14.51,14.19,14.28,866958.0
2011-07-07,54938040.0,14.46,14.65,13.84,13.84,2452982.0
2011-07-06,17783070.0,13.89,13.90,13.56,13.70,825065.0
2011-07-05,21853232.0,13.75,13.77,13.53,13.64,1020912.0
2011-07-04,26643128.0,13.64,13.69,13.36,13.38,1252803.0
2011-07-01,54077956.0,13.55,13.72,13.18,13.66,2579958.0
2011-06-30,15912020.0,13.66,13.86,13.61,13.70,740661.0
2011-06-29,18306146.0,13.94,14.02,13.54,14.02,852150.0
2011-06-28,5027908.0,14.02,14.15,13.86,14.15,229386.0
2011-06-24,9547567.0,14.02,14.02,13.40,13.51,441509.0
2011-06-23,3826418.0,13.58,13.58,13.03,13.03,182192.0
2011-06-22,1488384.0,13.26,13.68,13.19,13.63,71123.0
2011-06-21,9234106.0,13.38,13.38,12.93,13.17,448280.0
2011-06-20,6010147.0,13.10,13.45,13.07,13.45,291855.0
2011-06-17,1887243.0,13.32,13.74,13.27,13.63,89400.0
2011-06-16,6143355.0,13.64,13.80,13.38,13.74,289499.0
2011-06-15,3773214.0,13.74,14.19,13.74,14.19,172500.0
2011-06-14,3485086.0,14.16,14.29,13.71,13.71,157219.0
2011-06-13,11680496.0,14.17,14.40,13.38,14.40,538993.0
2011-06-10,3426082.0,14.28,14.49,14.05,14.47,153103.0
2011-06-09,6128160.0,14.47,14.59,14.20,14.46,270723.0
2011-06-08,5048302.0,14.47,14.57,14.09,14.28,224584.0
2011-06-07,4730724.0,14.28,14.57,14.28,14.36,209253.0
2011-06-03,18049396.0,14.42,14.90,14.32,14.46,782666.0
2011-06-02,19199846.0,14.45,14.60,14.09,14.09,851082.0
2011-06-01,15693182.0,14.45,14.45,13.93,13.93,703483.0
2011-05-31,3625263.0,13.94,13.98,13.56,13.63,167012.0
2011-05-30,8040550.0,13.63,13.76,13.38,13.38,376503.0
2011-05-27,10032757.0,13.63,14.02,12.75,13.51,470063.0
2011-05-26,4196289.0,13.61,14.02,13.61,14.02,194300.0
2011-05-25,5103569.0,13.85,14.21,13.71,14.21,232441.0
2011-05-24,11888954.0,14.27,14.30,13.58,13.80,541773.0
2011-05-23,12272764.0,13.83,14.14,13.47,13.99,573301.0
2011-05-20,4373670.0,13.99,14.18,13.90,13.91,199672.0
2011-05-19,9949558.0,14.02,14.17,13.97,14.10,451644.0
2011-05-18,8888227.0,14.09,14.33,13.96,14.33,401179.0
2011-05-17,23233394.0,14.34,15.38,14.12,15.38,1013772.0
2011-05-13,8168312.0,13.98,14.13,13.80,14.00,372873.0
2011-05-12,8349129.0,14.02,14.44,13.96,14.40,376384.0
2011-05-11,5682988.0,14.26,14.34,14.11,14.23,254834.0
2011-05-10,6920019.0,14.11,14.44,14.09,14.28,311005.0
2011-05-09,4726783.0,14.30,14.49,14.16,14.17,210578.0
2011-05-06,11257104.0,14.39,14.40,13.70,13.75,509369.0
2011-05-05,13587558.0,14.12,14.56,13.94,14.44,610710.0
2011-05-04,21315390.0,14.45,15.13,14.43,15.13,927046.0
2011-05-03,15063763.0,15.11,15.21,14.98,15.07,635841.0
2011-04-29,30459766.0,15.07,15.08,14.72,14.80,1302612.0
2011-04-28,19813334.0,14.85,14.97,14.60,14.60,851920.0
2011-04-27,8636959.0,14.65,14.71,14.56,14.57,376148.0
2011-04-26,12825388.0,14.57,14.76,14.50,14.72,559498.0
2011-04-25,10083432.0,14.72,14.88,14.53,14.74,436487.0
2011-04-22,13494714.0,14.73,14.93,14.66,14.86,581566.0
2011-04-21,10311709.0,14.83,14.95,14.74,14.79,442766.0
2011-04-20,16092798.0,14.84,15.01,14.70,14.87,693932.0
2011-04-19,14475449.0,14.92,15.20,14.92,15.05,613783.0
2011-04-18,13306208.0,15.10,15.19,14.98,15.11,562523.0
2011-04-15,11511906.0,15.21,15.30,15.11,15.30,483122.0
2011-04-14,12013587.0,15.29,15.48,15.17,15.48,502105.0
2011-04-13,30311384.0,15.37,15.44,14.71,14.85,1272526.0
2011-04-12,42199956.0,14.93,15.11,14.53,15.04,1817741.0
2011-04-11,35666032.0,15.07,15.59,15.05,15.39,1499619.0
2011-04-08,27057532.0,15.39,15.44,15.20,15.29,1123857.0
2011-04-07,21983628.0,15.25,15.39,15.14,15.14,917374.0
2011-04-06,28808380.0,15.18,15.60,15.11,15.30,1204701.0
2011-04-01,38206812.0,15.43,15.54,15.11,15.39,1589060.0
2011-03-31,64126376.0,15.54,16.11,15.52,16.00,2598947.0
2011-03-30,57552828.0,15.77,16.32,15.71,15.97,2307958.0
2011-03-29,155821328.0,16.57,16.57,15.30,15.96,6270787.0
2011-03-28,73127608.0,16.83,16.92,16.49,16.49,2786087.0
2011-03-25,55341064.0,16.51,16.80,16.20,16.26,2129006.0
2011-03-24,51217200.0,16.44,16.65,16.11,16.51,2004102.0
2011-03-23,46099664.0,16.51,16.73,16.19,16.32,1776885.0
2011-03-22,37786864.0,16.32,16.33,15.84,16.09,1492858.0
2011-03-21,51585728.0,16.14,16.57,15.95,16.56,2032312.0
2011-03-18,61417260.0,16.65,17.11,16.50,16.56,2331388.0
2011-03-17,90407408.0,16.43,17.15,16.38,17.15,3454675.0
2011-03-16,109938384.0,17.27,17.56,17.02,17.56,4058392.0
2011-03-15,174650832.0,17.66,17.97,17.01,17.65,6384410.0
2011-03-14,134872352.0,17.41,17.41,15.68,15.68,5063235.0
2011-03-11,51099264.0,15.83,16.33,15.81,15.99,2023904.0
2011-03-10,51152048.0,15.97,16.01,15.38,15.41,2055178.0
2011-03-09,26383170.0,15.56,15.65,15.37,15.55,1083223.0
2011-03-08,24636604.0,15.55,15.62,15.02,15.12,1027953.0
2011-03-07,19045480.0,15.16,15.28,14.97,15.02,803978.0
2011-03-04,19422134.0,15.14,15.23,14.79,15.22,825735.0
2011-03-02,19811388.0,15.41,15.55,15.24,15.36,819675.0
2011-03-01,43044160.0,15.46,15.76,15.25,15.25,1760800.0
2011-02-28,35861800.0,15.45,15.49,14.56,14.63,1508233.0
2011-02-25,14136107.0,14.56,14.72,14.42,14.72,618473.0
2011-02-24,15208289.0,14.66,14.86,14.59,14.72,659151.0
2011-02-23,15650864.0,14.72,14.94,14.66,14.69,674328.0
2011-02-22,26527474.0,14.83,15.58,14.66,15.50,1119605.0
2011-02-21,21333548.0,15.41,15.53,15.17,15.23,888052.0
2011-02-18,14161281.0,15.34,15.64,15.23,15.32,584552.0
2011-02-17,17147224.0,15.43,15.82,15.32,15.68,707505.0
2011-02-16,23761418.0,15.68,15.74,15.22,15.35,975581.0
2011-02-15,22760728.0,15.34,15.58,15.17,15.36,944492.0
2011-02-14,14249618.0,15.34,15.58,15.18,15.23,591997.0
2011-02-11,14770436.0,15.20,15.34,15.07,15.28,617369.0
2011-02-10,18671562.0,15.23,15.62,14.47,14.60,791809.0
2011-02-09,7020958.0,14.60,14.85,14.40,14.85,305739.0
2011-02-01,5247368.0,14.89,14.95,14.69,14.76,225758.0
2011-01-31,9763523.0,14.76,14.93,14.53,14.66,422500.0
2011-01-28,7419842.0,14.66,14.72,14.40,14.72,324740.0
2011-01-27,11121606.0,14.56,14.79,13.90,14.02,490596.0
2011-01-26,6497923.0,14.02,14.18,13.72,13.72,296289.0
2011-01-25,13483608.0,13.71,14.52,13.63,14.14,615940.0
2011-01-24,8972334.0,14.34,14.65,14.34,14.53,395234.0
2011-01-21,14566022.0,14.53,14.81,14.34,14.58,635597.0
2011-01-20,17587236.0,14.54,15.18,14.42,15.00,759110.0
2011-01-19,18201228.0,15.23,15.30,14.62,14.78,776123.0
2011-01-18,13089904.0,14.83,14.88,14.62,14.79,566829.0
2011-01-17,26204046.0,14.82,15.51,14.70,15.51,1114601.0
2011-01-14,18612670.0,15.34,15.65,15.30,15.36,769506.0
2011-01-13,17314926.0,15.50,15.84,15.42,15.84,707761.0
2011-01-12,20923640.0,15.71,15.76,15.34,15.62,859657.0
2011-01-11,22053990.0,15.48,15.60,15.08,15.60,914540.0
2011-01-10,28801988.0,15.60,16.37,15.46,16.37,1160060.0
2011-01-07,34841044.0,16.04,16.44,15.87,15.93,1380079.0
2011-01-06,38030392.0,15.99,16.44,15.97,16.16,1498001.0
2011-01-05,51544156.0,16.43,16.55,15.93,16.25,2013033.0
2011-01-04,83169080.0,16.34,16.51,15.89,15.90,3257987.0
