date,open,high,close,low,volume,amount
2015-11-27,22.77,23.48,20.92,20.74,14020759.0,312489408.0
2015-11-26,24.12,24.27,23.04,23.01,13229439.0,310153504.0
2015-11-25,23.60,24.00,23.89,23.16,13811327.0,327472192.0
2015-11-24,22.63,23.50,23.30,22.63,9080169.0,210307376.0
2015-11-23,23.50,23.97,22.92,22.68,15086723.0,352298336.0
2015-11-20,23.99,24.33,23.70,23.44,17213660.0,409821440.0
2015-11-19,23.45,24.27,24.16,22.60,21622820.0,508077568.0
2015-11-18,24.19,24.86,22.79,22.58,24855740.0,589350592.0
2015-11-17,26.05,26.15,23.99,23.85,32621644.0,811355712.0
2015-11-16,22.01,25.15,25.15,22.00,32942442.0,777280128.0
2015-11-13,23.84,25.19,22.86,22.55,46645436.0,1117757696.0
2015-11-12,21.04,23.21,23.21,20.54,30730180.0,676312320.0
2015-11-11,20.30,21.34,21.10,20.30,22002676.0,460341824.0
2015-11-10,20.07,20.86,20.35,19.77,20580370.0,418554816.0
2015-11-09,19.43,20.38,20.07,19.00,19044370.0,377382656.0
2015-11-06,19.41,20.15,19.70,19.26,16690212.0,328430624.0
2015-11-05,18.87,19.38,18.82,18.50,13504835.0,255404048.0
2015-11-04,17.80,19.10,18.90,17.80,11831517.0,219240976.0
2015-11-03,18.00,18.29,17.66,17.45,8291178.0,148472048.0
2015-11-02,18.88,19.24,18.00,17.90,11697779.0,218697808.0
2015-10-30,19.08,19.95,19.37,18.61,15961227.0,310463264.0
2015-10-29,19.16,19.40,19.03,18.68,9555870.0,182472240.0
2015-10-28,19.00,19.98,19.02,18.78,15126947.0,293592736.0
2015-10-27,19.45,19.49,19.18,18.28,13294647.0,252260128.0
2015-10-26,19.59,19.96,19.71,18.93,16968748.0,330340928.0
2015-10-23,19.21,19.63,19.29,18.75,17059164.0,328400480.0
2015-10-22,18.52,19.49,19.21,17.91,20127962.0,379383776.0
2015-10-21,20.66,21.00,18.96,18.96,23706280.0,470189344.0
2015-10-20,20.88,21.40,21.07,20.50,21013814.0,440668576.0
2015-10-19,20.00,21.23,21.08,19.30,29051376.0,586858944.0
2015-10-16,19.90,21.19,20.13,19.70,24515500.0,498242144.0
2015-10-15,19.00,20.51,20.00,18.80,22373720.0,442098240.0
2015-10-14,20.62,20.90,19.29,19.21,26856276.0,535991840.0
2015-10-13,17.99,20.01,20.01,17.81,21463058.0,404575008.0
2015-10-12,17.29,18.43,18.19,17.28,19248692.0,344744832.0
2015-10-09,17.20,17.50,17.17,16.75,18957378.0,324684288.0
2015-10-08,16.59,17.45,17.00,16.21,21158682.0,357537248.0
2015-09-30,15.85,16.48,15.92,15.75,11635450.0,186672592.0
2015-09-29,15.57,16.24,15.61,15.20,9821937.0,154636192.0
2015-09-28,15.65,16.20,16.07,14.92,13296931.0,209354000.0
2015-09-25,15.90,16.33,15.62,14.80,14079601.0,219607472.0
2015-09-24,16.96,17.05,16.19,15.99,20457674.0,336295392.0
2015-09-23,16.01,17.30,16.50,15.85,26240708.0,435320768.0
2015-09-22,15.30,16.50,16.38,15.20,22492372.0,357216096.0
2015-09-21,14.26,15.45,15.22,14.00,14574602.0,217257664.0
2015-09-18,14.28,14.58,14.57,13.88,9684001.0,138472768.0
2015-09-17,14.30,15.38,14.08,14.05,16045382.0,234463264.0
2015-09-16,12.80,14.17,14.17,12.80,12920463.0,175448704.0
2015-09-15,13.39,13.79,12.88,12.88,7763228.0,102520304.0
2015-09-14,15.73,16.38,14.31,14.31,10850653.0,164904032.0
2015-09-11,15.20,16.00,15.90,14.90,9765013.0,148864992.0
2015-09-10,15.80,16.48,15.30,15.05,21450746.0,339238464.0
2015-09-09,14.70,16.00,15.99,14.55,24498396.0,374597024.0
2015-09-08,12.90,14.56,14.55,12.86,16366067.0,222067760.0
2015-09-07,13.00,13.80,13.24,12.58,11262784.0,148450192.0
2015-09-02,12.47,13.45,12.68,11.70,16499308.0,209970400.0
2015-09-01,13.92,13.92,12.73,12.73,12084315.0,157443328.0
2015-08-31,14.28,14.98,14.14,13.84,15531264.0,223788096.0
2015-08-28,13.18,14.12,14.12,12.77,19659226.0,262787728.0
2015-08-27,12.60,13.20,12.84,11.51,10623772.0,131844592.0
2015-08-26,13.00,13.89,12.06,12.06,13992691.0,177990368.0
2015-08-25,13.50,13.95,13.40,13.40,9277177.0,124654592.0
2015-08-24,15.64,16.20,14.89,14.89,6281288.0,94761016.0
2015-08-21,17.20,17.85,16.54,16.28,7602454.0,129825064.0
2015-08-20,18.50,18.78,17.71,17.50,9694484.0,176022640.0
2015-08-19,17.20,18.85,18.82,16.57,10214125.0,182472976.0
2015-08-18,20.02,20.98,17.97,17.97,15668429.0,309879488.0
2015-08-17,19.80,19.99,19.97,19.35,8913314.0,175224800.0
2015-08-14,20.24,20.79,20.09,19.98,11392759.0,232102880.0
2015-08-13,19.00,20.44,20.27,18.60,10319988.0,198861696.0
2015-08-12,19.76,20.17,19.34,19.31,8692088.0,172034944.0
2015-08-11,20.23,20.66,20.25,19.60,14687128.0,295166144.0
2015-08-10,19.50,20.67,20.23,19.00,13476936.0,269155520.0
2015-08-07,18.31,19.48,19.26,17.80,15001928.0,278575616.0
2015-08-06,16.69,18.37,17.80,16.55,13460837.0,238580000.0
2015-08-05,17.30,18.21,17.20,16.83,10487017.0,183816048.0
2015-08-04,16.20,17.52,17.52,16.12,9002017.0,150829968.0
2015-08-03,17.00,17.00,15.93,15.93,11410449.0,185908624.0
2015-07-31,18.60,18.98,17.70,17.20,10195970.0,186275904.0
2015-07-30,20.16,20.65,19.10,18.96,12348981.0,247567696.0
2015-07-29,19.04,20.18,20.00,18.00,10858829.0,204968528.0
2015-07-28,18.01,20.21,18.51,17.57,15439402.0,286000448.0
2015-07-27,21.50,22.86,19.52,19.52,21279100.0,458402528.0
2015-07-24,21.39,22.99,21.69,21.03,17915316.0,392218880.0
2015-07-23,20.42,21.64,21.28,20.31,12716728.0,268231120.0
2015-07-22,21.17,21.55,20.66,19.90,15710442.0,324802464.0
2015-07-21,20.18,21.99,21.39,19.85,15465919.0,323988288.0
2015-07-20,19.61,20.84,20.83,19.10,19824828.0,398987200.0
2015-07-17,17.59,19.04,19.04,17.32,13590934.0,248995984.0
2015-07-16,16.80,18.49,17.31,15.13,19010050.0,319722560.0
2015-07-15,20.36,20.36,16.81,16.81,25295522.0,481441024.0
2015-07-14,18.51,18.51,18.51,18.51,198700.0,3677937.0
2015-07-06,20.56,20.56,16.83,16.83,17162848.0,307121248.0
2015-07-03,19.00,21.19,18.70,18.70,11197764.0,215572128.0
2015-07-02,21.50,22.36,20.78,20.78,11583387.0,244525904.0
2015-07-01,25.33,25.51,23.09,23.09,15476949.0,377340192.0
2015-06-30,22.83,25.90,25.65,21.51,13066138.0,310015488.0
2015-06-29,26.80,27.44,23.90,23.90,15262547.0,377326688.0
2015-06-26,28.25,28.78,26.55,26.55,10161044.0,279112960.0
2015-06-25,31.90,33.15,29.50,28.50,16370595.0,512170208.0
2015-06-24,29.05,31.58,31.58,28.95,19969936.0,613710400.0
2015-06-23,26.00,29.30,28.71,24.27,16531961.0,442060832.0
2015-06-19,28.40,28.59,26.97,26.97,10783155.0,296104928.0
2015-06-18,32.98,33.92,29.97,29.97,12017726.0,383809760.0
2015-06-17,33.00,34.12,33.30,31.25,16704259.0,543721792.0
2015-06-16,34.85,35.66,34.67,33.00,20145994.0,691575936.0
2015-06-15,36.36,38.83,34.00,33.00,28320676.0,1044622848.0
2015-06-12,35.30,35.30,35.30,32.50,14884746.0,522003520.0
2015-06-11,32.09,32.09,32.09,32.09,2477536.0,79504128.0
2015-06-10,27.00,29.17,29.17,25.71,19309040.0,531593600.0
2015-06-09,26.52,26.52,26.52,26.52,216120.0,5731503.0
2015-06-08,24.11,24.11,24.11,24.11,101540.0,2448130.0
2015-06-05,21.92,21.92,21.92,21.92,311612.0,6830535.0
2015-04-30,19.45,20.29,19.94,19.45,6014191.0,242556656.0
2015-04-29,18.62,19.72,19.43,18.03,5105989.0,196982080.0
2015-04-28,19.87,20.20,18.72,18.01,7165616.0,273134048.0
2015-04-27,20.27,20.63,20.00,19.86,4669259.0,190100352.0
2015-04-24,19.07,20.50,20.36,18.88,4963372.0,197436144.0
2015-04-23,19.87,20.21,19.76,19.61,3704661.0,147662848.0
2015-04-22,19.00,20.55,20.05,19.00,6221971.0,249240512.0
2015-04-21,17.88,19.09,19.04,17.88,5471462.0,203928896.0
2015-04-20,19.03,19.03,17.67,17.55,6397105.0,234273888.0
2015-04-17,19.66,19.92,19.04,18.88,4808996.0,185630560.0
2015-04-16,18.87,19.86,19.44,18.47,3764406.0,146614416.0
2015-04-15,20.98,21.10,19.25,19.25,7298362.0,294089440.0
2015-04-14,22.00,22.58,21.39,21.15,6691221.0,293861728.0
2015-04-13,20.96,23.00,22.46,20.33,9758300.0,429833952.0
2015-04-10,19.59,21.35,20.91,19.37,6808684.0,281795488.0
2015-04-09,20.44,20.68,19.82,18.78,9409127.0,372116896.0
2015-04-08,20.92,22.26,20.86,20.25,10967795.0,469462304.0
2015-04-07,20.36,21.07,20.68,20.28,8728064.0,361669888.0
2015-04-03,21.35,22.04,20.81,20.27,15780956.0,669467584.0
2015-04-02,19.86,20.57,20.57,19.86,4455716.0,183913776.0
2015-04-01,17.13,18.70,18.70,17.13,10181510.0,370307584.0
2015-03-31,16.79,17.28,17.00,16.55,8136375.0,276790208.0
2015-03-30,17.53,17.53,17.43,16.73,15676411.0,550483840.0
2015-03-27,15.94,15.94,15.94,15.94,218123.0,6999567.0
2015-03-04,14.50,15.15,14.49,14.35,5980308.0,176613232.0
2015-03-03,14.01,14.62,14.20,14.00,6211242.0,179739264.0
2015-03-02,13.50,14.12,14.00,13.23,5268378.0,145307200.0
2015-02-27,13.16,13.57,13.38,13.09,4094584.0,110250960.0
2015-02-26,12.71,13.18,13.14,12.71,3140444.0,82660520.0
2015-02-25,13.06,13.06,12.69,12.66,2716821.0,70168984.0
2015-02-17,13.15,13.25,13.05,12.92,2744011.0,72103768.0
2015-02-16,13.07,13.31,13.25,12.84,3981394.0,105389392.0
2015-02-13,12.53,13.04,12.99,12.43,4731278.0,122024872.0
2015-02-12,12.28,12.49,12.37,12.17,2707973.0,67301664.0
2015-02-11,11.81,12.34,12.28,11.78,2303833.0,56384788.0
2015-02-10,11.80,11.81,11.81,11.50,1882830.0,44062124.0
2015-02-09,12.00,12.14,11.77,11.65,2101908.0,49886440.0
2015-02-06,11.98,12.29,12.00,11.92,3220787.0,78281112.0
2015-02-05,12.09,12.21,12.01,11.95,2776656.0,67572504.0
2015-02-04,12.25,12.34,11.99,11.94,2106999.0,51484636.0
2015-02-03,11.99,12.30,12.23,11.93,2779054.0,67862472.0
2015-02-02,12.12,12.18,11.87,11.77,3258805.0,78345208.0
2015-01-30,12.51,12.65,12.31,12.25,2520657.0,62836544.0
2015-01-29,12.83,12.83,12.52,12.42,3692601.0,93652696.0
2015-01-28,13.41,13.41,12.91,12.84,4609661.0,121786296.0
2015-01-27,13.22,13.66,13.51,13.12,3916302.0,105818352.0
2015-01-26,12.91,13.31,13.30,12.76,4679582.0,121999800.0
2015-01-23,13.26,13.31,13.06,12.72,4210336.0,109561992.0
2015-01-22,13.11,13.40,13.33,13.02,4070456.0,108345400.0
2015-01-21,12.87,13.18,13.13,12.78,4285454.0,112552824.0
2015-01-20,12.10,12.86,12.86,12.09,5170103.0,130076728.0
2015-01-19,12.21,12.71,12.12,11.83,3649469.0,90556432.0
2015-01-16,12.51,12.89,12.57,12.42,2758833.0,70391072.0
2015-01-15,12.51,12.60,12.59,12.28,2830778.0,70924632.0
2015-01-14,12.16,12.63,12.59,12.16,4980245.0,124362824.0
2015-01-13,11.55,12.16,11.97,11.55,3511043.0,84451392.0
2015-01-12,11.43,11.94,11.52,11.26,1732243.0,40441312.0
2015-01-09,11.77,12.00,11.60,11.60,1856981.0,44215224.0
2015-01-08,11.72,11.95,11.77,11.72,1716102.0,40889200.0
2015-01-07,11.91,12.07,11.82,11.75,2381287.0,56949184.0
2015-01-06,11.13,12.09,12.01,11.07,4674105.0,108790192.0
2015-01-05,11.25,11.34,11.18,10.77,3162692.0,70174880.0
2014-12-31,11.07,11.37,11.24,11.07,1796045.0,40523788.0
2014-12-30,11.35,11.48,11.15,10.88,4623475.0,102981928.0
2014-12-29,12.01,12.10,11.49,11.17,4854408.0,111749792.0
2014-12-26,12.22,12.25,12.14,11.98,2310429.0,56173760.0
2014-12-25,12.37,12.58,12.29,12.04,2515059.0,62212408.0
2014-12-24,11.84,12.46,12.25,11.83,2741106.0,67333416.0
2014-12-23,11.66,12.16,11.77,11.66,2508856.0,60420224.0
2014-12-22,12.69,12.80,11.66,11.62,4818351.0,117281712.0
2014-12-19,13.20,13.50,12.91,12.69,3503270.0,92264576.0
2014-12-18,13.47,13.75,13.25,13.23,3040074.0,81911608.0
2014-12-17,13.66,13.81,13.60,13.42,2575300.0,70544472.0
2014-12-16,14.20,14.33,13.82,13.53,4108453.0,115006960.0
2014-12-15,14.17,14.48,14.20,13.95,3271245.0,93645120.0
2014-12-12,13.75,14.34,14.27,13.63,3838527.0,107736448.0
2014-12-11,13.41,14.02,13.75,13.21,4472529.0,122243296.0
2014-12-10,12.74,13.66,13.39,12.74,4373021.0,117448872.0
2014-12-09,12.68,13.50,12.79,12.50,6107392.0,158825296.0
2014-12-08,12.82,13.40,12.88,12.82,4967842.0,130476464.0
2014-12-05,13.89,13.89,13.26,13.22,5019946.0,136355120.0
2014-12-04,14.43,14.49,14.08,13.90,6573206.0,186811488.0
2014-12-03,14.11,14.90,14.57,13.52,6061680.0,172366672.0
2014-12-02,14.32,14.77,14.22,14.00,2981085.0,86327760.0
2014-12-01,14.77,15.15,14.36,14.00,6514247.0,192223104.0
2014-11-28,13.78,14.65,14.61,13.78,6213233.0,178895072.0
2014-11-27,13.60,13.98,13.93,13.50,4348763.0,120972304.0
2014-11-26,13.41,13.85,13.64,13.32,5268668.0,144582976.0
2014-11-25,12.72,13.17,13.15,12.51,4007041.0,103589320.0
2014-11-24,12.80,12.91,12.72,12.49,2913889.0,74681760.0
2014-11-21,11.84,12.89,12.71,11.84,6083657.0,153870816.0
2014-11-20,11.98,12.11,11.92,11.69,2832761.0,67624312.0
2014-11-19,12.07,12.36,12.04,11.97,1838127.0,44778024.0
2014-11-18,12.01,12.30,12.05,12.01,2246020.0,54940356.0
2014-11-17,11.37,12.17,12.02,11.30,3100878.0,74029232.0
2014-11-14,11.37,11.57,11.37,11.15,2439718.0,55982440.0
2014-11-13,12.07,12.12,11.37,10.94,6500190.0,149707696.0
2014-11-12,11.97,12.34,12.05,11.96,2683847.0,65604408.0
2014-11-11,13.01,13.03,12.11,11.93,5639066.0,139338560.0
2014-11-10,13.20,13.20,12.98,12.71,3055851.0,79518640.0
2014-11-07,12.84,13.04,12.98,12.69,4583753.0,118534240.0
2014-11-06,12.82,13.10,12.84,12.42,4317790.0,110716152.0
2014-11-05,12.66,12.96,12.83,12.62,3564753.0,92057840.0
2014-11-04,12.58,13.21,12.74,12.51,6555966.0,170554192.0
2014-11-03,12.52,12.76,12.64,12.31,3960528.0,99823824.0
2014-10-31,12.49,12.65,12.52,12.12,4213308.0,105457736.0
2014-10-30,12.09,13.11,12.45,12.02,10077044.0,255100352.0
2014-10-29,11.42,11.97,11.92,11.33,6111254.0,143244560.0
2014-10-28,11.12,11.37,11.28,10.99,3730695.0,84176160.0
2014-10-27,10.97,11.42,11.01,10.83,4641021.0,103340440.0
2014-10-24,10.93,11.20,11.05,10.93,1825980.0,40649844.0
2014-10-23,10.68,11.02,10.95,10.60,2453897.0,53495348.0
2014-10-22,11.03,11.11,10.77,10.73,2692733.0,59136628.0
2014-10-21,10.99,11.29,11.12,10.98,2258406.0,50712908.0
2014-10-20,10.76,11.10,11.09,10.68,2619971.0,57806216.0
2014-10-17,10.91,10.97,10.76,10.52,3668209.0,79022624.0
2014-10-16,11.26,11.39,10.91,10.83,3410521.0,76432896.0
2014-10-15,11.12,11.32,11.27,11.01,3744981.0,84290712.0
2014-10-14,11.37,11.40,11.12,11.03,3035520.0,68485160.0
2014-10-13,11.39,11.52,11.29,10.93,2871388.0,64770544.0
2014-10-10,11.67,11.67,11.35,11.35,3261165.0,75248104.0
2014-10-09,11.42,11.83,11.79,11.18,5557236.0,128606320.0
2014-10-08,11.62,11.64,11.45,11.15,4931916.0,112828576.0
2014-09-30,11.58,12.18,11.62,11.54,6699559.0,160146240.0
2014-09-29,11.62,11.82,11.54,11.45,4594531.0,107155072.0
2014-09-26,11.91,12.23,11.79,11.76,3394371.0,81839952.0
2014-09-25,11.82,12.15,11.96,11.68,5769644.0,138853504.0
2014-09-24,11.86,12.16,11.92,11.54,7293257.0,173228416.0
2014-09-23,10.76,11.84,11.84,10.65,7952812.0,182274512.0
2014-09-22,10.92,10.92,10.76,10.54,4463983.0,96191960.0
2014-09-19,10.88,11.18,11.04,10.80,5002334.0,110844720.0
2014-09-18,11.13,11.31,10.92,10.74,4854095.0,106721088.0
2014-09-17,10.80,11.41,11.07,10.44,10286632.0,227331840.0
2014-09-16,10.04,11.32,10.76,9.99,14401554.0,308186560.0
2014-09-15,9.44,10.36,10.36,9.44,12615557.0,255650416.0
2014-09-12,9.36,9.77,9.42,8.95,9591920.0,180732336.0
2014-09-03,8.72,8.94,8.91,8.59,3675403.0,64876836.0
2014-09-02,8.62,8.74,8.70,8.62,2057052.0,35956200.0
2014-09-01,8.53,8.66,8.59,8.48,1533614.0,26559472.0
2014-08-29,8.35,8.55,8.53,8.35,1409039.0,24002114.0
2014-08-28,8.47,8.53,8.38,8.31,1941259.0,32750286.0
2014-08-27,8.46,8.56,8.48,8.36,2330367.0,39780112.0
2014-08-26,8.76,8.76,8.47,8.42,2514665.0,43352008.0
2014-08-25,8.83,8.92,8.79,8.72,1694383.0,30061968.0
2014-08-22,8.67,8.93,8.81,8.64,2377235.0,42280040.0
2014-08-21,8.73,8.75,8.70,8.52,2263009.0,39404988.0
2014-08-20,8.57,8.83,8.76,8.56,3447149.0,60565912.0
2014-08-19,8.54,8.68,8.60,8.52,2828150.0,48957696.0
2014-08-18,8.52,8.62,8.56,8.48,2508441.0,43119512.0
2014-08-15,8.27,8.53,8.48,8.20,2755559.0,46726852.0
2014-08-14,8.41,8.48,8.27,8.24,3338866.0,56132544.0
2014-08-13,8.49,8.66,8.48,8.38,3752229.0,64356376.0
2014-08-12,8.32,8.48,8.48,8.28,2891273.0,48895080.0
2014-08-11,8.27,8.43,8.32,8.27,2108683.0,35476948.0
2014-08-08,8.19,8.31,8.30,8.15,2395662.0,39863428.0
2014-08-07,8.14,8.31,8.19,8.09,2679731.0,44309664.0
2014-08-06,8.14,8.15,8.14,8.05,1385836.0,22636042.0
2014-08-05,8.14,8.19,8.16,8.03,1559503.0,25448756.0
2014-08-04,8.01,8.13,8.13,7.99,1422092.0,23173942.0
2014-08-01,8.20,8.22,8.01,7.99,2457072.0,40130528.0
2014-07-31,8.13,8.29,8.24,8.13,2685533.0,44464776.0
2014-07-30,8.14,8.16,8.13,8.08,1443399.0,23626054.0
2014-07-29,8.12,8.17,8.14,8.03,2202627.0,35928848.0
2014-07-28,7.88,8.10,8.08,7.87,2117076.0,34131192.0
2014-07-25,7.82,7.92,7.88,7.79,1472050.0,23256432.0
2014-07-24,8.03,8.06,7.82,7.75,2292420.0,36267004.0
2014-07-23,8.21,8.33,8.03,7.97,2748901.0,45186584.0
2014-07-22,7.84,8.19,8.17,7.84,3297951.0,53609168.0
2014-07-21,8.01,8.06,7.96,7.93,1366037.0,22008100.0
2014-07-18,7.94,8.06,7.96,7.87,1794085.0,28795122.0
2014-07-17,8.18,8.22,7.97,7.91,2565099.0,41423672.0
2014-07-16,8.11,8.50,8.14,8.10,5935181.0,99092424.0
2014-07-15,8.13,8.14,8.06,7.95,3595927.0,58222400.0
2014-07-14,7.88,8.23,8.17,7.79,4249564.0,68684792.0
2014-07-11,7.75,7.90,7.88,7.70,2440437.0,38429768.0
2014-07-10,7.56,7.79,7.79,7.56,2286888.0,35349972.0
2014-07-09,7.74,7.74,7.54,7.54,2061833.0,31717164.0
2014-07-08,7.73,7.80,7.75,7.64,1496324.0,23235536.0
2014-07-07,7.83,7.89,7.75,7.68,1883950.0,29454558.0
2014-07-04,7.74,7.91,7.83,7.72,2730459.0,43041212.0
2014-07-03,7.75,7.81,7.74,7.68,1677407.0,26157474.0
2014-07-02,7.63,7.77,7.75,7.51,2507582.0,38663104.0
2014-07-01,7.69,7.69,7.65,7.62,1613342.0,24838992.0
2014-06-30,7.74,7.76,7.66,7.63,2690226.0,41547572.0
2014-06-27,7.63,7.83,7.70,7.57,3043192.0,47281216.0
2014-06-26,7.44,7.68,7.64,7.44,2789802.0,42811976.0
2014-06-25,7.52,7.59,7.45,7.41,1779529.0,26894086.0
2014-06-24,7.40,7.63,7.52,7.35,2979504.0,44975884.0
2014-06-23,7.15,7.41,7.35,7.11,2054226.0,30322552.0
2014-06-20,6.99,7.18,7.16,6.91,937197.0,13299240.0
2014-06-19,7.19,7.20,6.98,6.88,847159.0,12042631.0
2014-06-18,7.23,7.23,7.17,7.13,890268.0,12844271.0
2014-06-17,7.32,7.33,7.19,7.16,1230449.0,17901258.0
2014-06-16,7.31,7.38,7.34,7.30,1151113.0,17013666.0
2014-06-13,7.25,7.40,7.33,7.22,1529085.0,22615096.0
2014-06-12,7.25,7.30,7.22,7.21,780934.0,11409974.0
2014-06-11,7.26,7.32,7.26,7.22,1438729.0,21069016.0
2014-06-10,7.09,7.31,7.26,7.03,1884641.0,27386320.0
2014-06-09,7.15,7.19,7.09,7.08,1076278.0,15479469.0
2014-06-06,7.03,7.17,7.15,7.02,2295360.0,32907352.0
2014-06-05,6.93,7.05,7.04,6.91,714350.0,10051647.0
2014-06-04,6.98,7.00,6.93,6.89,526247.0,7335923.0
2014-06-03,7.00,7.02,7.00,6.96,651218.0,9169089.0
2014-05-30,6.95,7.02,7.00,6.86,857719.0,11984765.0
2014-05-29,7.06,7.14,6.94,6.93,1318587.0,18683532.0
2014-05-28,6.98,7.08,7.06,6.96,1247473.0,17683536.0
2014-05-27,6.99,7.08,6.96,6.95,890245.0,12576985.0
2014-05-26,7.03,7.05,7.04,6.98,796030.0,11250946.0
2014-05-23,6.93,6.99,6.98,6.92,575717.0,8056176.0
2014-05-22,6.87,7.00,6.95,6.87,1045844.0,14630028.0
2014-05-21,6.76,6.91,6.90,6.70,672938.0,9295707.0
2014-05-20,6.81,6.87,6.79,6.78,598300.0,8230013.0
2014-05-19,6.75,6.79,6.76,6.68,499889.0,6779755.0
2014-05-16,6.85,6.87,6.77,6.66,620823.0,8435035.0
2014-05-15,6.91,6.93,6.77,6.75,744782.0,10444692.0
2014-05-14,6.90,6.94,6.90,6.88,604343.0,8560492.0
2014-05-13,6.92,6.92,6.89,6.87,591986.0,8360380.0
2014-05-12,6.74,6.91,6.90,6.72,1172038.0,16421392.0
2014-05-09,6.75,6.79,6.69,6.61,622389.0,8554070.0
2014-05-08,6.64,6.91,6.75,6.64,826844.0,11474115.0
2014-05-07,6.80,6.80,6.67,6.67,897192.0,12388287.0
2014-05-06,6.82,6.89,6.81,6.78,896361.0,12590052.0
2014-05-05,6.72,6.83,6.83,6.70,613804.0,8521850.0
2014-04-30,6.67,6.74,6.73,6.66,782479.0,10771567.0
2014-04-29,6.53,6.66,6.66,6.53,668954.0,9045435.0
2014-04-28,6.53,6.61,6.53,6.47,982041.0,13193310.0
2014-04-25,6.80,6.81,6.55,6.53,998618.0,13677970.0
2014-04-24,6.87,6.91,6.77,6.77,887780.0,12434984.0
2014-04-23,6.87,6.96,6.87,6.85,626391.0,8849034.0
2014-04-22,7.01,7.02,6.88,6.81,1267429.0,17912342.0
2014-04-21,7.12,7.19,7.02,7.01,1036440.0,15066367.0
2014-04-18,7.10,7.16,7.15,7.06,1014688.0,14773412.0
2014-04-17,7.15,7.23,7.12,7.12,1283842.0,18880630.0
2014-04-16,7.07,7.18,7.13,7.03,1124827.0,16416307.0
2014-04-15,7.16,7.23,7.09,7.08,1112718.0,16318228.0
2014-04-14,7.04,7.16,7.15,7.03,1105562.0,16098858.0
2014-04-11,7.12,7.12,7.06,6.99,1335764.0,19310056.0
2014-04-10,7.19,7.22,7.15,7.12,1419815.0,20860280.0
2014-04-09,7.12,7.21,7.18,7.11,1416831.0,20786538.0
2014-04-08,7.05,7.13,7.10,7.00,1059702.0,15391962.0
2014-04-04,6.97,7.07,7.07,6.93,878402.0,12660648.0
2014-04-03,7.01,7.04,6.98,6.95,890673.0,12776699.0
2014-04-02,7.01,7.05,6.98,6.93,1142711.0,16342705.0
2014-04-01,6.89,7.02,7.00,6.87,1111994.0,15884300.0
2014-03-31,6.84,6.91,6.89,6.76,1448733.0,20327100.0
2014-03-28,7.05,7.13,6.83,6.82,2580807.0,36603464.0
2014-03-27,7.25,7.30,7.10,7.10,2147103.0,31561142.0
2014-03-26,7.22,7.30,7.29,7.20,1765466.0,26273594.0
2014-03-25,7.30,7.39,7.22,7.17,2619512.0,39083620.0
2014-03-24,7.33,7.36,7.34,7.24,2764052.0,41434256.0
2014-03-21,7.56,7.58,7.42,7.08,6614791.0,99118144.0
2014-03-20,8.05,8.19,7.86,7.85,3890775.0,64421576.0
2014-03-19,7.99,8.07,8.06,7.80,2577781.0,41956344.0
2014-03-18,7.88,8.05,8.05,7.79,3293093.0,53513512.0
2014-03-17,7.74,7.86,7.85,7.61,2144361.0,34173876.0
2014-03-14,7.76,7.86,7.65,7.60,2306913.0,36553092.0
2014-03-13,7.73,7.85,7.77,7.66,2319429.0,36902676.0
2014-03-12,7.88,7.91,7.73,7.55,2882858.0,45716528.0
2014-03-11,8.10,8.18,7.86,7.72,4578551.0,74183272.0
2014-03-10,8.29,8.62,8.19,8.05,7617634.0,130777608.0
2014-03-07,7.95,8.42,8.39,7.91,5925680.0,99233096.0
2014-03-06,8.04,8.14,7.95,7.78,3100122.0,50349304.0
2014-03-05,8.24,8.38,8.11,8.03,4643143.0,77986816.0
2014-03-04,7.95,8.24,8.24,7.90,5005234.0,83128704.0
2014-03-03,7.84,8.05,8.02,7.84,3728946.0,60860728.0
2014-02-28,7.58,7.90,7.90,7.47,3595326.0,56810424.0
2014-02-27,7.64,8.05,7.71,7.59,5742521.0,92633976.0
2014-02-26,7.44,7.71,7.69,7.31,4080122.0,63020652.0
2014-02-25,7.83,7.91,7.40,7.38,5351638.0,84351960.0
2014-02-24,7.71,7.90,7.85,7.65,2994948.0,47827724.0
2014-02-21,7.99,8.09,7.77,7.66,5016018.0,80748304.0
2014-02-20,8.25,8.28,8.01,7.93,3930513.0,64909176.0
2014-02-19,8.29,8.38,8.29,8.13,5086181.0,86148440.0
2014-02-18,8.16,8.49,8.29,8.11,7068176.0,120528880.0
2014-02-17,7.77,8.37,8.24,7.73,7920011.0,131229704.0
2014-02-14,7.57,7.75,7.74,7.57,3322965.0,52308548.0
2014-02-13,7.90,7.95,7.60,7.60,4566626.0,72690664.0
2014-02-12,7.88,8.04,7.93,7.72,4612410.0,74454296.0
2014-02-11,7.90,8.14,7.90,7.71,4976571.0,80737720.0
2014-02-10,7.78,7.98,7.91,7.61,6387944.0,102500320.0
2014-02-07,7.62,7.89,7.81,7.62,5111144.0,81462240.0
2014-01-30,7.43,7.91,7.55,7.39,3933322.0,62040676.0
2014-01-29,7.35,7.50,7.45,7.31,2505759.0,38078072.0
2014-01-28,7.37,7.47,7.36,7.26,3117576.0,47075448.0
2014-01-27,7.25,7.64,7.41,7.17,6024186.0,92240632.0
2014-01-24,6.95,7.13,7.08,6.94,1797473.0,26020784.0
2014-01-23,6.90,7.03,6.99,6.88,1389105.0,19866420.0
2014-01-22,6.77,6.94,6.92,6.73,1382357.0,19526080.0
2014-01-21,6.58,6.76,6.76,6.53,860784.0,11793890.0
2014-01-20,6.63,6.68,6.55,6.54,639600.0,8648958.0
2014-01-17,6.78,6.78,6.64,6.64,933703.0,12772354.0
2014-01-16,6.77,6.82,6.78,6.73,832281.0,11570727.0
2014-01-15,6.70,6.81,6.76,6.68,1107955.0,15316331.0
2014-01-14,6.54,6.71,6.69,6.53,1194351.0,16246063.0
2014-01-13,6.52,6.63,6.53,6.49,784419.0,10528272.0
2014-01-10,6.72,6.80,6.52,6.49,2102908.0,28544498.0
2014-01-09,7.02,7.12,6.79,6.79,2076335.0,29874152.0
2014-01-08,7.00,7.17,7.02,6.99,1605475.0,23245958.0
2014-01-07,6.91,7.11,7.05,6.89,1505181.0,21723098.0
2014-01-06,7.20,7.22,6.95,6.95,1887102.0,27347176.0
2014-01-03,7.33,7.33,7.22,7.16,2290847.0,33943260.0
2014-01-02,7.35,7.35,7.33,7.26,1677672.0,25133622.0
2013-12-31,7.32,7.41,7.36,7.22,1930960.0,28979026.0
2013-12-30,7.36,7.43,7.36,7.27,2443287.0,36769168.0
2013-12-27,6.99,7.47,7.37,6.97,5052585.0,75911040.0
2013-12-26,7.07,7.13,7.00,6.98,2133955.0,30833972.0
2013-12-25,6.73,7.07,7.07,6.73,2220696.0,31844272.0
2013-12-24,6.69,6.86,6.79,6.69,1412166.0,19628940.0
2013-12-23,6.78,6.86,6.68,6.64,1684817.0,23196368.0
2013-12-20,7.06,7.18,6.87,6.83,1697901.0,24493440.0
2013-12-19,7.10,7.15,7.06,7.05,1139060.0,16558625.0
2013-12-18,7.19,7.20,7.08,7.06,1439554.0,21013760.0
2013-12-17,7.01,7.24,7.19,6.96,3550187.0,52318116.0
2013-12-16,7.07,7.24,7.05,7.02,2850128.0,41722320.0
2013-12-13,6.95,7.08,7.03,6.90,1450155.0,20866896.0
2013-12-12,6.97,7.09,6.96,6.95,1485328.0,21373510.0
2013-12-11,7.12,7.12,7.00,6.91,2100476.0,30085672.0
2013-12-10,7.17,7.28,7.14,7.12,2266111.0,33457604.0
2013-12-09,7.14,7.21,7.18,7.05,2256069.0,32950702.0
2013-12-06,7.05,7.27,7.15,7.03,3941304.0,58028780.0
2013-12-05,6.99,7.07,7.06,6.94,2294232.0,32971176.0
2013-12-04,6.77,7.06,6.97,6.68,2934586.0,41810964.0
2013-12-03,6.57,6.79,6.77,6.48,1686848.0,23069896.0
2013-12-02,6.88,6.88,6.54,6.45,3209478.0,43997752.0
2013-11-29,6.82,7.05,7.03,6.82,2408176.0,34540064.0
2013-11-28,6.81,6.92,6.87,6.79,1620342.0,22848596.0
2013-11-27,6.74,6.85,6.79,6.71,1445919.0,20170822.0
2013-11-26,6.69,6.79,6.75,6.63,1488865.0,20513888.0
2013-11-25,6.71,6.79,6.73,6.61,1166042.0,16091276.0
2013-11-22,6.66,6.78,6.68,6.63,1151138.0,15823047.0
2013-11-21,6.72,6.72,6.64,6.56,1386904.0,18850260.0
2013-11-20,6.66,6.81,6.73,6.61,1708676.0,23517810.0
2013-11-19,6.63,6.68,6.66,6.57,1636334.0,22283504.0
2013-11-18,6.49,6.65,6.65,6.48,2442166.0,32985104.0
2013-11-15,6.44,6.65,6.52,6.43,2655964.0,35662720.0
2013-11-14,6.28,6.53,6.52,6.26,1631819.0,21529628.0
2013-11-13,6.37,6.37,6.24,6.24,868459.0,11218472.0
2013-11-12,6.30,6.39,6.35,6.29,946877.0,12325284.0
2013-11-11,6.21,6.32,6.29,6.17,648860.0,8335420.0
2013-11-08,6.38,6.38,6.22,6.22,1166901.0,15033923.0
2013-11-07,6.55,6.55,6.40,6.40,1213632.0,16071164.0
2013-11-06,6.58,6.65,6.55,6.51,1467088.0,19804164.0
2013-11-05,6.56,6.61,6.60,6.43,1644045.0,21901704.0
2013-11-04,6.52,6.60,6.55,6.50,925361.0,12445266.0
2013-11-01,6.55,6.66,6.56,6.53,1262406.0,16993366.0
2013-10-31,6.63,6.65,6.58,6.54,905418.0,12225281.0
2013-10-30,6.52,6.65,6.64,6.49,1306461.0,17592250.0
2013-10-29,6.67,6.82,6.51,6.41,2344083.0,31732618.0
2013-10-28,6.95,6.95,6.66,6.64,3265512.0,45078568.0
2013-10-25,7.26,7.26,7.01,6.96,1884274.0,27337278.0
2013-10-24,7.22,7.31,7.12,7.11,1808492.0,26777434.0
2013-10-23,7.46,7.52,7.21,7.17,2675623.0,40081420.0
2013-10-22,7.58,7.64,7.44,7.43,3182489.0,49150712.0
2013-10-21,7.39,7.64,7.62,7.37,4509262.0,69881016.0
2013-10-18,7.31,7.37,7.34,7.25,1208319.0,18139386.0
2013-10-17,7.23,7.44,7.29,7.23,2933357.0,44213964.0
2013-10-16,7.43,7.45,7.20,7.15,3638543.0,54396488.0
2013-10-15,7.61,7.64,7.39,7.38,4558170.0,69736616.0
2013-10-14,7.61,7.69,7.67,7.51,4827416.0,75252624.0
2013-10-11,7.22,7.68,7.65,7.21,8607310.0,132271696.0
2013-10-10,7.17,7.21,7.17,7.09,2399895.0,35176308.0
2013-10-09,7.14,7.18,7.17,7.06,2834110.0,41400528.0
2013-10-08,7.02,7.20,7.14,7.01,3269041.0,47781064.0
2013-09-30,6.94,7.02,7.01,6.92,1060741.0,15158826.0
2013-09-27,7.06,7.06,6.94,6.88,1472609.0,20967134.0
2013-09-26,7.03,7.11,7.01,7.00,2033925.0,29426072.0
2013-09-25,7.07,7.10,7.03,6.97,1914820.0,27611380.0
2013-09-24,7.03,7.16,7.07,7.01,2816654.0,40961700.0
2013-09-23,6.88,7.06,7.06,6.86,1773986.0,25412988.0
2013-09-18,6.86,6.90,6.87,6.78,1105140.0,15495737.0
2013-09-17,7.04,7.04,6.85,6.83,1650102.0,23371026.0
2013-09-16,6.92,7.03,7.03,6.89,1521933.0,21778826.0
2013-09-13,6.99,7.00,6.92,6.78,2661128.0,37587940.0
2013-09-12,7.16,7.21,6.96,6.95,3013825.0,43817084.0
2013-09-11,7.12,7.24,7.21,7.05,3048006.0,44711604.0
2013-09-10,7.17,7.17,7.10,7.06,2320033.0,33779688.0
2013-09-09,7.06,7.22,7.19,7.05,2303617.0,33654512.0
2013-09-06,7.11,7.11,7.06,7.00,1950690.0,28152748.0
2013-09-05,7.11,7.17,7.09,7.06,1401472.0,20409624.0
2013-09-04,7.22,7.23,7.08,7.06,1643833.0,24042052.0
2013-09-03,7.11,7.23,7.22,7.00,1762510.0,25778008.0
2013-09-02,7.08,7.16,7.10,6.96,1999171.0,28858044.0
2013-08-30,7.36,7.51,7.08,7.06,3513536.0,52231596.0
2013-08-29,7.50,7.67,7.38,7.37,3026621.0,46582736.0
2013-08-28,7.65,7.68,7.49,7.48,3649730.0,56788316.0
2013-08-27,7.65,7.80,7.75,7.49,5234887.0,82447264.0
2013-08-26,7.56,7.67,7.67,7.46,4211870.0,65333848.0
2013-08-23,7.74,7.88,7.59,7.49,5347198.0,84588864.0
2013-08-22,7.61,7.80,7.74,7.57,4340455.0,68411640.0
2013-08-21,7.59,7.68,7.59,7.47,2476720.0,38487136.0
2013-08-20,7.65,7.82,7.59,7.49,4397072.0,69121624.0
2013-08-19,7.44,7.73,7.72,7.39,4977843.0,77558464.0
2013-08-16,7.47,7.89,7.55,7.43,7663155.0,120986160.0
2013-08-15,7.42,7.64,7.52,7.41,5438008.0,84127024.0
2013-08-14,7.53,7.58,7.43,7.38,4027775.0,61699308.0
2013-08-13,7.40,7.53,7.51,7.37,2965136.0,45442200.0
2013-08-12,7.32,7.40,7.40,7.29,2938215.0,44309444.0
2013-08-09,7.39,7.48,7.32,7.22,3558691.0,53605080.0
2013-08-08,7.32,7.48,7.38,7.28,3356493.0,50791484.0
2013-08-07,7.61,7.68,7.37,7.37,7400822.0,113713160.0
2013-08-06,7.81,7.83,7.71,7.54,11429539.0,179832928.0
2013-08-05,8.01,8.22,8.11,7.90,3772036.0,62255868.0
2013-08-02,8.02,8.18,7.94,7.85,5253926.0,86391824.0
2013-08-01,7.58,7.95,7.92,7.58,3570421.0,57386004.0
2013-07-31,7.43,7.78,7.59,7.43,3026812.0,47196112.0
2013-07-30,7.32,7.55,7.42,7.13,3230183.0,48937916.0
2013-07-29,7.61,7.83,7.35,7.33,3832268.0,59706800.0
2013-07-26,7.51,7.74,7.71,7.30,4329381.0,67136512.0
2013-07-25,8.10,8.15,7.56,7.51,5682795.0,90564728.0
2013-07-24,8.12,8.22,8.06,7.93,6341535.0,105026960.0
2013-07-23,7.75,8.32,8.20,7.65,8601648.0,140755264.0
2013-07-22,7.41,7.97,7.89,7.39,13520298.0,214661264.0
2013-07-19,7.29,7.80,7.51,7.29,11649378.0,182210688.0
2013-07-18,6.89,7.10,7.09,6.78,4119400.0,58253984.0
2013-07-17,6.99,7.20,6.92,6.90,5621727.0,81666000.0
2013-07-16,6.73,6.95,6.91,6.61,3251988.0,45335612.0
2013-07-15,6.68,6.81,6.75,6.56,2819765.0,38559672.0
2013-07-12,6.70,6.72,6.59,6.59,1826659.0,24968774.0
2013-07-11,6.49,6.77,6.70,6.49,2110177.0,28936944.0
2013-07-10,6.45,6.58,6.56,6.41,1184780.0,15801281.0
2013-07-09,6.16,6.68,6.45,6.14,1723515.0,22808938.0
2013-07-08,6.39,6.39,6.25,6.20,969828.0,12540254.0
2013-07-05,6.54,6.61,6.49,6.43,1732253.0,23126518.0
2013-07-04,6.44,6.57,6.56,6.34,1180466.0,15723461.0
2013-07-03,6.49,6.50,6.49,6.30,1180779.0,15482196.0
2013-07-02,6.24,6.52,6.51,6.21,1491319.0,19517918.0
2013-07-01,6.11,6.24,6.24,6.02,921575.0,11552332.0
2013-06-28,6.17,6.29,6.11,5.91,1228433.0,15449888.0
2013-06-27,6.39,6.52,6.22,6.18,1149738.0,15085181.0
2013-06-26,6.30,6.43,6.42,6.16,1368297.0,17765580.0
2013-06-25,6.23,6.33,6.29,5.78,1182465.0,14779408.0
2013-06-24,6.61,6.63,6.28,6.13,1361794.0,17908680.0
2013-06-21,6.43,6.62,6.59,6.32,1074104.0,14296903.0
2013-06-20,6.75,6.77,6.53,6.52,1270508.0,17261918.0
2013-06-19,6.87,6.93,6.76,6.64,1536242.0,21227922.0
2013-06-18,6.96,6.99,6.94,6.83,1232429.0,17489826.0
2013-06-17,7.03,7.07,7.00,6.84,1320325.0,18793738.0
2013-06-14,6.97,7.09,7.03,6.89,1431493.0,20529770.0
2013-06-13,6.92,7.02,6.97,6.83,1139238.0,16128937.0
2013-06-07,7.22,7.25,7.09,7.05,914100.0,13379240.0
2013-06-06,7.31,7.31,7.23,7.15,1172647.0,17343868.0
2013-06-05,7.44,7.44,7.34,7.27,1068934.0,16070679.0
2013-06-04,7.63,7.63,7.45,7.30,2075574.0,31574666.0
2013-06-03,7.65,7.70,7.65,7.54,1488941.0,23234456.0
2013-05-31,7.71,7.71,7.67,7.50,2276525.0,35515512.0
2013-05-30,7.73,7.80,7.72,7.66,2300778.0,36380752.0
2013-05-29,7.57,7.77,7.74,7.52,3483484.0,54596816.0
2013-05-28,7.58,7.67,7.57,7.36,4260728.0,65931660.0
2013-05-27,7.33,7.58,7.58,7.30,3728498.0,57332408.0
2013-05-24,7.16,7.31,7.31,7.13,1955063.0,28980754.0
2013-05-23,7.28,7.41,7.20,7.13,2039442.0,30440190.0
2013-05-22,7.39,7.43,7.31,7.22,1794647.0,27020474.0
2013-05-21,7.40,7.58,7.41,7.35,2738843.0,41735620.0
2013-05-20,7.30,7.40,7.35,7.20,2388130.0,35769756.0
2013-05-17,7.02,7.28,7.26,7.01,1791001.0,26374042.0
2013-05-16,6.95,7.12,7.07,6.92,1717076.0,24805556.0
2013-05-15,6.87,6.96,6.96,6.79,1212444.0,17084594.0
2013-05-14,7.12,7.15,6.79,6.70,2905549.0,41574184.0
2013-05-13,7.04,7.21,7.12,7.04,1361128.0,20347020.0
2013-05-10,7.04,7.24,7.07,6.98,1389671.0,20656334.0
2013-05-09,7.06,7.06,7.04,6.91,1328581.0,19405102.0
2013-05-08,7.05,7.13,7.07,6.95,1620373.0,23859780.0
2013-05-07,6.82,7.10,7.04,6.82,2363069.0,34537044.0
2013-05-06,6.68,6.85,6.82,6.66,1706882.0,24196418.0
2013-05-03,6.50,6.72,6.62,6.50,1395791.0,19420044.0
2013-05-02,6.30,6.52,6.52,6.21,1395519.0,18764250.0
2013-04-26,6.38,6.51,6.31,6.29,1428843.0,19104572.0
2013-04-25,6.40,6.50,6.34,6.30,930786.0,12487370.0
2013-04-24,6.28,6.42,6.39,6.25,593717.0,7877221.0
2013-04-23,6.42,6.46,6.26,6.24,713750.0,9460274.0
2013-04-22,6.40,6.46,6.46,6.38,572884.0,7696938.0
2013-04-19,6.31,6.52,6.46,6.31,995774.0,13411820.0
2013-04-18,6.29,6.39,6.32,6.21,526955.0,6970019.0
2013-04-17,6.20,6.31,6.29,6.17,559129.0,7296003.0
2013-04-16,6.11,6.24,6.20,6.06,859423.0,11048035.0
2013-04-15,6.16,6.19,6.13,6.06,517817.0,6638044.0
2013-04-12,6.23,6.28,6.21,6.18,369239.0,4817680.0
2013-04-11,6.23,6.33,6.24,6.21,471126.0,6171028.0
2013-04-10,6.33,6.34,6.23,6.15,766208.0,10016987.0
2013-04-09,6.31,6.39,6.34,6.29,717893.0,9511897.0
2013-04-08,6.42,6.42,6.31,6.11,1672338.0,21705862.0
2013-04-03,6.55,6.61,6.46,6.42,549578.0,7468496.0
2013-04-02,6.72,6.82,6.53,6.52,824682.0,11482902.0
2013-04-01,6.74,6.82,6.73,6.72,609366.0,8620473.0
2013-03-29,6.74,6.85,6.81,6.69,799689.0,11375437.0
2013-03-28,6.79,6.85,6.70,6.55,671016.0,9475563.0
2013-03-27,6.84,7.03,6.89,6.83,676480.0,9800222.0
2013-03-26,6.96,6.96,6.83,6.70,1135636.0,16139278.0
2013-03-25,7.05,7.05,6.94,6.89,663263.0,9658355.0
2013-03-22,7.01,7.12,6.95,6.90,1179056.0,17313080.0
2013-03-21,6.93,7.05,7.02,6.93,1234286.0,18041520.0
2013-03-20,6.50,7.00,6.98,6.50,2484723.0,35387708.0
2013-03-19,6.60,6.77,6.52,6.45,2151171.0,29474994.0
2013-03-18,6.83,6.85,6.77,6.72,886982.0,12630689.0
2013-03-15,6.85,6.91,6.79,6.69,1032141.0,14728569.0
2013-03-14,6.82,6.88,6.80,6.77,713091.0,10193705.0
2013-03-13,6.87,6.94,6.81,6.73,813918.0,11636002.0
2013-03-12,7.21,7.28,6.90,6.82,2025351.0,29921660.0
2013-03-11,7.26,7.31,7.20,7.15,962524.0,14547351.0
2013-03-08,7.13,7.40,7.26,7.13,1965316.0,29936162.0
2013-03-07,7.31,7.36,7.12,7.05,2239152.0,33900440.0
2013-03-06,7.09,7.38,7.36,7.07,2560339.0,38921348.0
2013-03-05,6.85,7.16,7.09,6.79,1852494.0,27096798.0
2013-03-04,7.21,7.28,6.83,6.79,1827779.0,26842226.0
2013-03-01,7.20,7.28,7.28,7.15,1437469.0,21723758.0
2013-02-28,7.04,7.28,7.25,7.02,1474600.0,22066482.0
2013-02-27,7.16,7.22,7.03,7.00,1440539.0,21350482.0
2013-02-26,7.19,7.47,7.16,7.13,3303620.0,50663620.0
2013-02-25,7.20,7.24,7.15,7.02,2061215.0,30642348.0
2013-02-22,7.21,7.31,7.21,7.07,2890319.0,43518528.0
2013-02-21,7.15,7.34,7.27,7.06,4788112.0,72331040.0
2013-02-20,6.79,7.30,7.16,6.73,3752917.0,55911456.0
2013-02-19,6.86,6.91,6.81,6.71,2382008.0,33939552.0
2013-02-18,6.73,6.96,6.90,6.61,3825439.0,54542584.0
2013-02-08,6.49,6.73,6.69,6.48,3018892.0,42039024.0
2013-02-07,6.46,6.51,6.46,6.36,1271523.0,17155452.0
2013-02-06,6.45,6.63,6.47,6.41,1668007.0,22769164.0
2013-02-05,6.30,6.47,6.45,6.27,1803633.0,24159456.0
2013-02-04,6.31,6.38,6.35,6.22,1719849.0,22742372.0
2013-02-01,6.21,6.28,6.28,6.16,1204778.0,15746672.0
2013-01-31,6.30,6.32,6.20,6.17,1106318.0,14399979.0
2013-01-30,6.26,6.34,6.29,6.23,1471202.0,19389214.0
2013-01-29,6.30,6.32,6.25,6.23,1339125.0,17557840.0
2013-01-28,6.05,6.27,6.27,6.05,1445020.0,18646530.0
2013-01-25,6.08,6.09,6.06,6.02,715910.0,9075407.0
2013-01-24,6.29,6.33,6.06,6.00,1679569.0,21674654.0
2013-01-23,6.22,6.29,6.26,6.15,1142922.0,14873737.0
2013-01-22,6.47,6.47,6.24,6.17,1944899.0,25733184.0
2013-01-21,6.40,6.52,6.47,6.38,1767943.0,23906976.0
2013-01-18,6.34,6.38,6.38,6.24,1781284.0,23618610.0
2013-01-17,6.32,6.36,6.30,6.19,1795880.0,23636358.0
2013-01-16,6.42,6.42,6.35,6.23,2083546.0,27651846.0
2013-01-15,6.24,6.43,6.40,6.22,2586321.0,34451456.0
2013-01-14,5.95,6.23,6.21,5.95,1616505.0,20757716.0
2013-01-11,6.17,6.19,5.98,5.95,1813278.0,23041242.0
2013-01-10,6.23,6.32,6.17,6.09,1858124.0,24143048.0
2013-01-09,6.19,6.38,6.23,6.17,1926525.0,25344582.0
2013-01-08,6.15,6.28,6.22,6.09,2182564.0,28340882.0
2013-01-07,6.00,6.16,6.14,5.99,1242895.0,15875449.0
2013-01-04,6.13,6.14,6.05,5.95,1086767.0,13714890.0
2012-12-31,6.02,6.11,6.07,5.99,1371237.0,17375854.0
2012-12-28,5.94,6.10,6.06,5.88,1610982.0,20238724.0
2012-12-27,6.19,6.29,5.99,5.99,2536821.0,32592480.0
2012-12-26,5.99,6.19,6.17,5.93,2293915.0,29253548.0
2012-12-25,5.89,6.05,5.99,5.85,2106663.0,26223864.0
2012-12-24,5.71,5.92,5.89,5.71,1862102.0,22777496.0
2012-12-21,5.66,5.80,5.74,5.59,2304515.0,27484542.0
2012-12-20,5.55,5.69,5.66,5.55,1360636.0,16045767.0
2012-12-19,5.51,5.65,5.61,5.50,1327470.0,15523464.0
2012-12-18,5.55,5.63,5.54,5.51,1151658.0,13413270.0
2012-12-17,5.54,5.62,5.56,5.51,1214113.0,14155063.0
2012-12-14,5.33,5.55,5.54,5.31,1606740.0,18424802.0
2012-12-13,5.43,5.45,5.31,5.31,440609.0,4961892.0
2012-12-12,5.37,5.45,5.44,5.37,507861.0,5760484.0
2012-12-11,5.46,5.49,5.43,5.42,864139.0,9859558.0
2012-12-10,5.44,5.52,5.50,5.41,1027566.0,11786501.0
2012-12-07,5.30,5.44,5.42,5.30,747172.0,8433135.0
2012-12-06,5.30,5.37,5.32,5.29,492907.0,5487329.0
2012-12-05,5.14,5.40,5.34,5.11,1053821.0,11706042.0
2012-12-04,5.03,5.16,5.15,4.94,669107.0,7097208.0
2012-12-03,5.25,5.25,5.07,5.05,523499.0,5639399.0
2012-11-30,5.16,5.28,5.25,5.16,407475.0,4470320.0
2012-11-29,5.28,5.29,5.20,5.16,506175.0,5549619.0
2012-11-28,5.43,5.44,5.24,5.22,883128.0,9750577.0
2012-11-27,5.66,5.80,5.44,5.41,792810.0,9212245.0
2012-11-26,5.68,5.80,5.67,5.65,735621.0,8827867.0
2012-11-23,5.68,5.74,5.66,5.65,619945.0,7391501.0
2012-11-22,5.71,5.73,5.68,5.64,1032137.0,12249623.0
2012-11-21,5.49,5.84,5.78,5.46,1983236.0,23603876.0
2012-11-20,5.50,5.58,5.49,5.48,442047.0,5108491.0
2012-11-19,5.46,5.54,5.45,5.41,345543.0,3957866.0
2012-11-16,5.52,5.58,5.45,5.42,627494.0,7182836.0
2012-11-15,5.74,5.80,5.57,5.50,626384.0,7422119.0
2012-11-14,5.74,5.81,5.78,5.73,357943.0,4319368.0
2012-11-13,5.87,5.87,5.76,5.74,487818.0,5931051.0
2012-11-12,5.87,5.93,5.90,5.85,357319.0,4406568.0
2012-11-09,5.87,5.95,5.86,5.82,518500.0,6371911.0
2012-11-08,5.98,5.98,5.86,5.86,610565.0,7559691.0
2012-11-07,6.02,6.03,6.02,5.96,434381.0,5451720.0
2012-11-06,6.11,6.13,6.00,5.95,614333.0,7719641.0
2012-11-05,6.11,6.14,6.08,6.03,386253.0,4916897.0
2012-11-02,6.12,6.19,6.13,6.10,583779.0,7502837.0
2012-11-01,6.01,6.16,6.12,6.01,768539.0,9844337.0
2012-10-31,5.88,6.19,6.06,5.87,917877.0,11563055.0
2012-10-30,5.93,5.97,5.91,5.87,360473.0,4465611.0
2012-10-29,5.93,5.96,5.92,5.88,409411.0,5075599.0
2012-10-26,6.03,6.06,5.93,5.83,700484.0,8690684.0
2012-10-25,6.12,6.21,6.06,6.03,538471.0,6897047.0
2012-10-24,6.15,6.19,6.14,6.10,470108.0,6045434.0
2012-10-23,6.17,6.23,6.16,6.13,549710.0,7122328.0
2012-10-22,6.14,6.21,6.19,6.10,493112.0,6348231.0
2012-10-19,6.24,6.24,6.20,6.13,602153.0,7785169.0
2012-10-18,6.11,6.24,6.21,6.11,842663.0,10939941.0
2012-10-17,6.10,6.13,6.10,6.05,304025.0,3879488.0
2012-10-16,6.02,6.15,6.08,6.02,351423.0,4488683.0
2012-10-15,6.13,6.14,6.07,6.03,339449.0,4315365.0
2012-10-12,6.15,6.20,6.13,6.03,725208.0,9284753.0
2012-10-11,6.23,6.23,6.14,6.11,658303.0,8498086.0
2012-10-10,6.14,6.26,6.24,6.14,728720.0,9470012.0
2012-10-09,6.03,6.21,6.20,6.03,835527.0,10787470.0
2012-10-08,6.11,6.13,6.00,5.97,678448.0,8563411.0
2012-09-28,5.90,6.10,6.09,5.87,873200.0,10968392.0
2012-09-27,5.82,6.07,6.00,5.81,1005016.0,12470712.0
2012-09-26,6.02,6.07,5.85,5.82,484368.0,6012843.0
2012-09-25,6.11,6.15,6.03,6.01,383210.0,4871751.0
2012-09-24,6.02,6.14,6.13,5.98,346977.0,4407423.0
2012-09-21,6.11,6.19,6.07,6.04,432150.0,5528617.0
2012-09-20,6.30,6.31,6.11,6.09,640500.0,8297484.0
2012-09-19,6.29,6.32,6.31,6.25,445818.0,5867289.0
2012-09-18,6.27,6.34,6.24,6.22,479745.0,6297894.0
2012-09-17,6.53,6.57,6.27,6.25,1014300.0,13609858.0
2012-09-14,6.50,6.59,6.58,6.45,1611468.0,22006020.0
2012-09-13,6.61,6.63,6.45,6.44,1568509.0,21483498.0
2012-09-12,6.56,6.71,6.63,6.56,2232748.0,30972006.0
2012-09-11,6.61,6.61,6.54,6.48,1070795.0,14628813.0
2012-09-10,6.57,6.61,6.61,6.51,1269509.0,17443324.0
2012-09-07,6.45,6.65,6.57,6.40,2040768.0,27992880.0
2012-09-06,6.27,6.39,6.39,6.27,1036376.0,13772563.0
2012-09-05,6.15,6.29,6.26,6.13,772462.0,10094117.0
2012-09-04,6.27,6.27,6.16,6.16,664978.0,8647048.0
2012-09-03,6.07,6.28,6.23,6.02,887568.0,11526512.0
2012-08-31,6.12,6.18,6.13,6.05,743259.0,9500035.0
2012-08-30,6.28,6.35,6.12,6.03,1274123.0,16485494.0
2012-08-29,6.31,6.41,6.26,6.26,851810.0,11288839.0
2012-08-28,6.22,6.42,6.36,6.22,958284.0,12705671.0
2012-08-27,6.38,6.40,6.25,6.24,860612.0,11356407.0
2012-08-24,6.59,6.63,6.42,6.39,1660346.0,22577928.0
2012-08-23,6.51,6.62,6.60,6.49,1261176.0,17335836.0
2012-08-22,6.55,6.60,6.51,6.47,1735663.0,23739000.0
2012-08-21,6.43,6.63,6.60,6.38,2689958.0,36815460.0
2012-08-20,6.28,6.47,6.44,6.26,1321850.0,17649010.0
2012-08-17,6.31,6.41,6.36,6.22,1872128.0,24697468.0
2012-08-16,6.39,6.69,6.41,6.31,3926456.0,53480764.0
2012-08-15,6.33,6.33,6.22,6.22,849547.0,11146043.0
2012-08-14,6.31,6.35,6.34,6.16,1129814.0,14823752.0
2012-08-13,6.44,6.44,6.26,6.26,1182405.0,15715652.0
2012-08-10,6.45,6.51,6.46,6.40,1696194.0,22950972.0
2012-08-09,6.32,6.53,6.48,6.27,3530980.0,47556240.0
2012-08-08,6.35,6.40,6.32,6.21,1491947.0,19740700.0
2012-08-07,6.38,6.40,6.37,6.31,1991351.0,26482988.0
2012-08-06,6.26,6.38,6.35,6.22,2117953.0,27967500.0
2012-08-03,6.25,6.30,6.30,6.16,1680411.0,21968262.0
2012-08-02,6.17,6.35,6.25,6.14,2622918.0,34364084.0
2012-08-01,5.97,6.19,6.18,5.92,1613479.0,20691094.0
2012-07-31,6.15,6.15,5.97,5.86,1407036.0,17595628.0
2012-07-30,6.09,6.19,6.19,6.06,1298995.0,16673133.0
2012-07-27,5.96,6.05,6.03,5.96,589411.0,7394737.0
2012-07-26,5.99,6.08,5.96,5.93,722459.0,9087663.0
2012-07-25,5.99,6.10,5.98,5.98,858432.0,10862724.0
2012-07-24,5.91,6.08,6.05,5.91,499007.0,6277363.0
2012-07-23,6.04,6.04,5.97,5.93,582505.0,7286248.0
2012-07-20,6.18,6.18,6.09,6.08,393779.0,5046453.0
2012-07-19,6.02,6.19,6.18,6.01,1109269.0,14205756.0
2012-07-18,6.00,6.02,6.02,5.91,770211.0,9604457.0
2012-07-17,6.01,6.02,6.00,5.83,816148.0,10130952.0
2012-07-16,6.40,6.41,6.01,6.01,1184346.0,15239707.0
2012-07-13,6.45,6.53,6.42,6.40,625858.0,8465213.0
2012-07-12,6.38,6.51,6.48,6.34,777362.0,10457240.0
2012-07-11,6.37,6.43,6.39,6.33,638262.0,8521772.0
2012-07-10,6.46,6.51,6.37,6.34,638188.0,8547707.0
2012-07-09,6.75,6.75,6.46,6.45,904866.0,12544733.0
2012-07-06,6.78,6.81,6.79,6.64,900883.0,12687347.0
2012-07-05,6.88,6.88,6.71,6.70,1035849.0,14656379.0
2012-07-04,7.05,7.06,6.92,6.88,1134243.0,16477047.0
2012-07-03,6.92,7.07,7.02,6.91,945040.0,13866337.0
2012-07-02,6.95,7.00,6.95,6.90,610782.0,8891969.0
2012-06-29,6.87,6.97,6.92,6.78,1206616.0,17359752.0
2012-06-28,7.21,7.25,6.97,6.97,1414904.0,20945244.0
2012-06-27,7.17,7.29,7.20,7.12,1750086.0,26401226.0
2012-06-26,7.24,7.30,7.21,7.14,4142005.0,62799900.0
2012-06-25,6.93,7.45,7.43,6.86,3568937.0,53625188.0
2012-06-21,7.03,7.03,6.94,6.93,436044.0,6353643.0
2012-06-20,7.01,7.06,7.04,7.01,649355.0,9555914.0
2012-06-19,7.02,7.04,7.00,6.96,606019.0,8877674.0
2012-06-18,6.98,7.07,7.05,6.97,881575.0,12997845.0
2012-06-15,7.01,7.02,6.96,6.89,608701.0,8864231.0
2012-06-14,7.02,7.05,6.98,6.97,604007.0,8872747.0
2012-06-13,6.99,7.04,7.04,6.90,801547.0,11723064.0
2012-06-11,6.90,7.00,6.97,6.85,551321.0,7996220.0
2012-06-08,6.94,7.00,6.89,6.88,553411.0,8032277.0
2012-06-07,7.06,7.07,6.92,6.89,477855.0,7002357.0
2012-06-06,7.00,7.07,6.98,6.88,673709.0,9829446.0
2012-06-05,7.04,7.07,6.97,6.97,599863.0,8804132.0
2012-06-04,7.17,7.21,7.02,7.01,843735.0,12566554.0
2012-06-01,7.30,7.36,7.30,7.27,681009.0,10437960.0
2012-05-31,7.24,7.32,7.28,7.19,786788.0,11954620.0
2012-05-30,7.27,7.32,7.28,7.21,911854.0,13875098.0
2012-05-29,7.24,7.35,7.31,7.22,926584.0,14153266.0
2012-05-28,7.14,7.24,7.24,7.03,604479.0,9037812.0
2012-05-25,7.27,7.32,7.14,7.13,586384.0,8855843.0
2012-05-24,7.35,7.38,7.26,7.24,965722.0,14767815.0
2012-05-23,7.20,7.39,7.38,7.12,1714816.0,26115842.0
2012-05-22,7.14,7.21,7.20,7.12,516545.0,7755993.0
2012-05-21,7.07,7.11,7.09,7.01,365238.0,5401573.0
2012-05-18,7.23,7.23,7.07,7.07,742700.0,11089208.0
2012-05-17,7.13,7.29,7.26,7.12,601716.0,9069424.0
2012-05-16,7.17,7.26,7.13,7.12,555244.0,8346767.0
2012-05-15,7.21,7.24,7.22,7.14,630770.0,9486319.0
2012-05-14,7.33,7.36,7.27,7.26,706291.0,10803659.0
2012-05-11,7.34,7.43,7.27,7.26,875663.0,13437578.0
2012-05-10,7.26,7.33,7.29,7.25,1001390.0,15300090.0
2012-05-09,7.49,7.49,7.26,7.26,1490443.0,22982340.0
2012-05-08,7.55,7.58,7.50,7.45,1225941.0,19583816.0
2012-05-07,7.42,7.55,7.54,7.37,1397560.0,22173124.0
2012-05-04,7.42,7.48,7.47,7.37,1546364.0,24448180.0
2012-05-03,7.49,7.54,7.42,7.39,1762787.0,27968934.0
2012-05-02,7.47,7.52,7.46,7.36,1526690.0,24184378.0
2012-04-27,7.44,7.46,7.39,7.35,1083969.0,17083694.0
2012-04-26,7.31,7.48,7.44,7.28,2792084.0,44099404.0
2012-04-25,7.22,7.36,7.29,7.18,2826137.0,43813816.0
2012-04-24,7.28,7.34,7.26,7.01,2811154.0,42968912.0
2012-04-23,7.27,7.35,7.33,7.26,2906248.0,45172000.0
2012-04-20,7.17,7.27,7.20,7.14,1544077.0,23702426.0
2012-04-19,7.13,7.17,7.15,7.09,1312329.0,19916132.0
2012-04-18,6.95,7.14,7.13,6.94,1342453.0,20153424.0
2012-04-17,7.05,7.07,6.94,6.92,1223477.0,18173468.0
2012-04-16,7.07,7.10,7.03,7.00,1013229.0,15211650.0
2012-04-13,7.17,7.17,7.13,7.06,1927935.0,29217880.0
2012-04-12,7.03,7.17,7.13,6.94,2025723.0,30420920.0
2012-04-11,6.91,7.04,7.03,6.87,1346835.0,19910278.0
2012-04-09,7.13,7.16,6.97,6.96,655296.0,9839445.0
2012-04-06,7.20,7.24,7.16,7.11,585840.0,8928097.0
2012-04-05,7.09,7.20,7.20,7.02,395216.0,5999100.0
2012-03-30,7.06,7.06,7.02,6.95,307375.0,4579491.0
2012-03-29,7.08,7.09,7.00,6.95,446314.0,6661272.0
2012-03-28,7.55,7.55,7.08,7.06,1107129.0,17064708.0
2012-03-27,7.55,7.65,7.56,7.53,412330.0,6657769.0
2012-03-26,7.53,7.57,7.54,7.47,342283.0,5477055.0
2012-03-23,7.66,7.66,7.53,7.49,790071.0,12730388.0
2012-03-22,7.73,7.77,7.67,7.59,649368.0,10617516.0
2012-03-21,7.71,7.84,7.75,7.59,707423.0,11620382.0
2012-03-20,7.97,8.01,7.71,7.71,1000022.0,16645813.0
2012-03-19,7.80,8.03,8.01,7.75,974738.0,16420723.0
2012-03-16,7.64,7.82,7.82,7.62,1013735.0,16641196.0
2012-03-15,7.73,7.85,7.62,7.53,1311434.0,21413942.0
2012-03-14,8.27,8.34,7.80,7.70,2905289.0,50085880.0
2012-03-13,8.27,8.35,8.24,8.14,3395873.0,59406348.0
2012-03-12,8.42,8.65,8.48,8.25,2764647.0,49686276.0
2012-03-09,8.13,8.37,8.35,8.11,2365160.0,41603348.0
2012-03-08,7.79,8.28,8.18,7.78,3311815.0,56663440.0
2012-03-07,7.75,7.79,7.76,7.66,687653.0,11338887.0
2012-03-06,7.92,7.92,7.76,7.74,1127932.0,18662636.0
2012-03-05,7.99,8.07,7.92,7.91,755589.0,12821456.0
2012-03-02,7.82,7.99,7.99,7.82,818785.0,13792691.0
2012-03-01,7.84,7.89,7.84,7.80,741277.0,12373587.0
2012-02-29,7.88,7.89,7.85,7.76,1031401.0,17141918.0
2012-02-28,7.99,8.03,7.88,7.77,906431.0,15219216.0
2012-02-27,8.05,8.21,7.99,7.99,1640568.0,28246646.0
2012-02-24,7.96,8.06,8.00,7.92,1332390.0,22658388.0
2012-02-23,7.87,8.03,7.99,7.81,1728325.0,29230374.0
2012-02-22,7.69,7.97,7.88,7.64,2092224.0,34956412.0
2012-02-21,7.75,7.75,7.69,7.49,710824.0,11530689.0
2012-02-20,7.84,7.85,7.72,7.69,564881.0,9317263.0
2012-02-17,7.83,7.87,7.75,7.67,520380.0,8579635.0
2012-02-16,7.80,7.85,7.82,7.71,890573.0,14716348.0
2012-02-15,7.68,7.81,7.81,7.62,952259.0,15677631.0
2012-02-14,7.63,7.86,7.70,7.56,1065429.0,17476446.0
2012-02-13,7.42,7.71,7.67,7.38,1223293.0,19823100.0
2012-02-10,7.55,7.63,7.48,7.45,902239.0,14471261.0
2012-02-09,7.60,7.75,7.52,7.52,818042.0,13292315.0
2012-02-08,7.40,7.71,7.64,7.40,1078291.0,17442234.0
2012-02-07,7.51,7.57,7.49,7.38,873011.0,13846304.0
2012-02-06,7.52,7.72,7.56,7.51,2033128.0,32977852.0
2012-02-03,7.31,7.61,7.50,7.31,1860802.0,29593786.0
2012-02-02,7.18,7.42,7.31,7.10,1022098.0,15849402.0
2012-02-01,7.10,7.24,7.06,7.06,443266.0,6739977.0
2012-01-31,7.24,7.30,7.17,7.10,385982.0,5876092.0
2012-01-30,7.37,7.37,7.30,7.22,279556.0,4337613.0
2012-01-20,7.22,7.42,7.31,7.22,582868.0,9088293.0
2012-01-19,7.34,7.44,7.29,7.28,326088.0,5087975.0
2012-01-18,7.46,7.51,7.33,7.33,598415.0,9450659.0
2012-01-17,7.08,7.51,7.47,7.02,629838.0,9842844.0
2012-01-16,7.13,7.21,7.07,7.06,321309.0,4886465.0
2012-01-13,7.32,7.45,7.19,7.14,913792.0,14100842.0
2012-01-12,7.31,7.47,7.40,7.31,528739.0,8331648.0
2012-01-11,7.47,7.57,7.34,7.33,678493.0,10704245.0
2012-01-10,7.20,7.53,7.49,7.20,991431.0,15621830.0
2012-01-09,7.07,7.21,7.20,6.92,816176.0,12390725.0
2012-01-06,6.77,6.97,6.95,6.67,1048503.0,15353889.0
2012-01-05,6.96,6.96,6.79,6.73,782049.0,11348438.0
2012-01-04,7.19,7.24,6.96,6.94,662828.0,9921777.0
2011-12-30,6.94,7.24,7.15,6.94,927253.0,14151073.0
2011-12-29,6.73,7.03,7.00,6.72,1277228.0,18862238.0
2011-12-28,6.60,6.81,6.79,6.60,1466501.0,20974146.0
2011-12-27,6.81,6.83,6.69,6.67,1438359.0,20581666.0
2011-12-26,6.76,6.87,6.82,6.71,993523.0,14407363.0
2011-12-23,6.80,6.94,6.71,6.60,1175540.0,16996396.0
2011-12-22,6.84,6.93,6.81,6.58,785736.0,11228739.0
2011-12-21,7.27,7.27,6.86,6.86,1305369.0,19569806.0
2011-12-20,7.26,7.40,7.18,7.15,1085020.0,16811576.0
2011-12-19,7.27,7.31,7.29,7.11,650988.0,9961478.0
2011-12-16,7.09,7.27,7.27,7.06,704520.0,10711490.0
2011-12-15,7.10,7.24,7.05,7.04,1797584.0,27205738.0
2011-12-14,7.23,7.36,7.21,7.14,1027938.0,15865827.0
2011-12-13,7.59,7.64,7.20,7.19,1970204.0,30799014.0
2011-12-12,7.94,7.98,7.68,7.60,1050871.0,17378948.0
2011-12-09,8.16,8.20,7.94,7.89,1930637.0,32751036.0
2011-12-08,8.09,8.34,8.19,8.03,1229634.0,21577732.0
2011-12-07,8.13,8.15,8.07,7.99,258379.0,4442099.0
2011-12-06,8.03,8.20,8.10,7.99,471648.0,8106450.0
2011-12-05,8.40,8.45,8.18,8.18,576603.0,10164662.0
2011-12-02,8.40,8.51,8.42,8.36,521766.0,9368011.0
2011-12-01,8.53,8.72,8.40,8.39,2873053.0,52334908.0
2011-11-30,8.65,8.65,8.36,8.23,1196044.0,21418738.0
2011-11-29,8.59,8.65,8.65,8.53,727120.0,13290307.0
2011-11-28,8.43,8.55,8.48,8.40,344618.0,6203243.0
2011-11-25,8.48,8.59,8.42,8.40,683350.0,12337543.0
2011-11-24,8.46,8.59,8.52,8.43,1656095.0,30009500.0
2011-11-23,8.76,8.83,8.62,8.62,1004360.0,18619292.0
2011-11-22,8.75,8.81,8.76,8.66,458273.0,8523159.0
2011-11-21,8.81,8.83,8.83,8.60,642655.0,11945369.0
2011-11-18,9.07,9.07,8.74,8.71,1314655.0,24769822.0
2011-11-17,9.14,9.23,9.13,9.05,1163538.0,22634058.0
2011-11-16,9.44,9.48,9.13,9.06,2239966.0,44232832.0
2011-11-15,9.53,9.58,9.44,9.38,1669132.0,33572184.0
2011-11-14,9.49,9.59,9.52,9.36,2627021.0,53035244.0
2011-11-11,9.19,9.54,9.37,9.14,3062703.0,61008976.0
2011-11-10,9.11,9.30,9.19,8.99,2065621.0,40188508.0
2011-11-09,9.06,9.16,9.16,8.93,1342497.0,25870940.0
2011-11-08,9.12,9.26,8.99,8.93,1502883.0,28945850.0
2011-11-07,9.30,9.38,9.20,9.18,1519078.0,29953970.0
2011-11-04,9.14,9.31,9.21,9.01,2287945.0,44775804.0
2011-11-03,9.01,9.40,9.12,9.01,3483987.0,68455368.0
2011-11-02,8.76,9.01,9.00,8.63,1982560.0,37152176.0
2011-11-01,8.97,9.02,8.93,8.79,2282090.0,43293368.0
2011-10-31,8.85,9.15,9.08,8.85,4432321.0,85274880.0
2011-10-28,8.62,8.87,8.86,8.50,3217807.0,59212472.0
2011-10-27,8.82,8.85,8.53,8.46,1321685.0,24432308.0
2011-10-26,8.81,8.92,8.83,8.74,1601558.0,30073568.0
2011-10-25,8.56,8.90,8.86,8.54,1068131.0,19863928.0
2011-10-24,8.50,8.54,8.50,8.22,588832.0,10513366.0
2011-10-21,8.83,8.83,8.40,8.27,1236959.0,22201050.0
2011-10-20,9.21,9.24,8.82,8.79,2797679.0,53646236.0
2011-10-19,8.83,9.30,9.30,8.76,2134378.0,41294396.0
2011-10-18,8.88,8.88,8.87,8.61,1226203.0,22787632.0
2011-10-17,8.92,8.99,8.92,8.85,464669.0,8820567.0
2011-10-14,8.83,8.94,8.92,8.74,660761.0,12454054.0
2011-10-13,8.80,8.97,8.94,8.65,710471.0,13419865.0
2011-10-12,8.44,8.83,8.78,8.37,762879.0,14073503.0
2011-10-11,8.65,8.68,8.43,8.40,501230.0,9089642.0
2011-10-10,8.39,8.48,8.43,8.38,268641.0,4808951.0
2011-09-30,8.33,8.41,8.37,8.20,290910.0,5143823.0
2011-09-29,8.49,8.50,8.29,8.27,407359.0,7259336.0
2011-09-28,8.58,8.59,8.50,8.43,384568.0,6950356.0
2011-09-27,8.54,8.59,8.43,8.31,529459.0,9525890.0
2011-09-26,8.46,8.57,8.43,8.42,575945.0,10411936.0
2011-09-23,8.46,8.58,8.49,8.41,585009.0,10540006.0
2011-09-22,8.86,8.88,8.60,8.60,625749.0,11629672.0
2011-09-21,8.63,8.95,8.92,8.60,760274.0,14315200.0
2011-09-20,8.69,8.76,8.63,8.43,545697.0,9998037.0
2011-09-19,8.89,8.89,8.71,8.69,567481.0,10558553.0
2011-09-16,9.10,9.10,8.93,8.89,568579.0,10842384.0
2011-09-15,8.91,9.07,9.01,8.90,741485.0,14245264.0
2011-09-14,9.05,9.05,8.91,8.68,565681.0,10612933.0
2011-09-13,8.88,8.99,8.89,8.83,406422.0,7684974.0
2011-09-09,9.13,9.28,9.06,9.06,452199.0,8801387.0
2011-09-08,9.35,9.47,9.22,9.21,692352.0,13727878.0
2011-09-07,9.26,9.40,9.35,9.13,575724.0,11365033.0
2011-09-06,9.13,9.25,9.08,9.08,790643.0,15391232.0
2011-09-05,9.36,9.36,9.19,9.18,1025991.0,20178770.0
2011-09-02,9.42,9.49,9.43,9.31,688119.0,13774746.0
2011-09-01,9.71,9.71,9.41,9.36,1487713.0,30071244.0
2011-08-31,9.77,9.82,9.65,9.52,931054.0,19128790.0
2011-08-30,10.10,10.20,9.77,9.76,1902922.0,40505428.0
2011-08-29,9.94,10.05,10.01,9.78,1757114.0,37109616.0
2011-08-26,9.77,10.04,9.93,9.73,1581207.0,33420434.0
2011-08-25,9.68,9.86,9.82,9.68,1480519.0,30855970.0
2011-08-24,9.71,9.96,9.68,9.63,2025398.0,42272180.0
2011-08-23,9.39,9.67,9.64,9.39,1297102.0,26369524.0
2011-08-22,9.38,9.59,9.36,9.32,888971.0,17874774.0
2011-08-19,9.08,9.40,9.40,9.06,1307363.0,25674584.0
2011-08-18,9.80,9.86,9.40,9.39,1731793.0,35492996.0
2011-08-17,9.87,10.06,9.80,9.73,2061427.0,43432548.0
2011-08-16,9.68,10.07,9.87,9.54,3115661.0,65045292.0
2011-08-15,9.26,9.87,9.67,9.26,3057909.0,62894936.0
2011-08-12,9.49,9.52,9.29,9.27,1837765.0,36679332.0
2011-08-11,8.60,9.27,9.27,8.60,1701508.0,32696730.0
2011-08-10,9.11,9.31,9.04,8.99,2212565.0,43159968.0
2011-08-09,8.56,9.05,8.92,8.33,2195502.0,40608300.0
2011-08-08,9.77,9.77,8.96,8.88,3080126.0,60429128.0
2011-08-05,9.88,10.14,9.87,9.77,2362179.0,50198140.0
2011-08-04,9.86,10.66,10.30,9.86,3898207.0,86112080.0
2011-08-03,9.59,9.92,9.86,9.53,1491337.0,31115364.0
2011-08-02,9.87,9.87,9.73,9.52,1753370.0,35996712.0
2011-08-01,9.88,10.06,9.89,9.68,1166335.0,24479380.0
2011-07-29,10.21,10.33,9.89,9.87,1790727.0,38348956.0
2011-07-28,10.20,10.34,10.29,9.94,2509950.0,54090008.0
2011-07-27,9.97,10.42,10.33,9.91,3042553.0,66109940.0
2011-07-26,10.00,10.17,10.06,9.91,2095763.0,44847808.0
2011-07-25,10.33,10.55,9.98,9.91,3167109.0,68844800.0
2011-07-22,10.46,10.61,10.40,10.36,2133986.0,47558364.0
2011-07-21,10.75,10.78,10.38,10.35,3233500.0,72114264.0
2011-07-20,10.93,11.04,10.78,10.57,3305102.0,75805944.0
2011-07-19,11.05,11.07,10.95,10.62,3633054.0,83361352.0
2011-07-18,11.29,11.36,11.04,11.02,3877109.0,91858240.0
2011-07-15,11.16,11.50,11.28,11.00,6130315.0,146979040.0
2011-07-14,11.04,11.51,11.18,10.86,7971816.0,189484752.0
2011-07-13,10.44,11.32,11.09,10.20,10757573.0,244097264.0
2011-07-12,9.49,10.39,10.39,9.45,6778481.0,146557536.0
2011-07-08,9.59,9.67,9.44,9.37,2850491.0,57469908.0
2011-07-07,9.68,10.08,9.68,9.54,5397884.0,112534080.0
2011-07-06,8.88,9.77,9.77,8.79,6062518.0,121438752.0
2011-07-05,8.68,8.90,8.88,8.65,2511089.0,47108148.0
2011-07-04,8.59,8.78,8.74,8.47,2705864.0,49644520.0
2011-07-01,8.52,8.68,8.60,8.49,1816844.0,33236196.0
2011-06-30,8.45,8.52,8.52,8.22,1777704.0,31917490.0
2011-06-29,8.42,8.60,8.40,8.39,1464133.0,26417898.0
2011-06-28,8.42,8.45,8.42,8.32,1049349.0,18721310.0
2011-06-27,8.28,8.54,8.42,8.28,1808604.0,32449418.0
2011-06-24,8.02,8.39,8.27,7.94,2196839.0,38325628.0
2011-06-23,7.84,8.11,8.03,7.77,1524657.0,25948626.0
2011-06-22,7.75,7.91,7.86,7.71,1055571.0,17581014.0
2011-06-21,7.71,7.76,7.76,7.62,662229.0,10859904.0
2011-06-20,7.93,7.93,7.68,7.60,852660.0,14010915.0
2011-06-17,8.19,8.22,7.93,7.92,842538.0,14503686.0
2011-06-16,8.28,8.35,8.19,8.16,688610.0,12059948.0
2011-06-15,8.42,8.49,8.41,8.34,837963.0,15002764.0
2011-06-14,8.36,8.55,8.49,8.36,1536727.0,27701314.0
2011-06-13,8.33,8.42,8.36,8.25,555168.0,9846531.0
2011-06-10,8.26,8.42,8.40,8.14,760822.0,13386304.0
2011-06-09,8.47,8.47,8.25,8.22,785954.0,13977417.0
2011-06-08,8.47,8.49,8.44,8.33,835747.0,14947664.0
2011-06-07,8.44,8.48,8.47,8.37,616081.0,11052289.0
2011-06-03,8.29,8.44,8.40,8.22,765284.0,13622288.0
2011-06-02,8.36,8.36,8.23,8.14,722648.0,12713603.0
2011-06-01,8.41,8.49,8.46,8.28,934962.0,16763128.0
2011-05-31,8.36,8.40,8.38,8.08,1101325.0,19398574.0
2011-05-30,8.39,8.48,8.33,8.27,741481.0,13214456.0
2011-05-27,8.50,8.58,8.38,8.36,739652.0,13305462.0
2011-05-26,8.71,8.79,8.48,8.46,477595.0,8792703.0
2011-05-25,8.94,9.01,8.67,8.66,787340.0,14750687.0
2011-05-24,8.64,9.13,9.04,8.36,1467682.0,27229832.0
2011-05-23,9.10,9.10,8.69,8.69,1034033.0,19530196.0
2011-05-20,9.05,9.15,9.11,9.02,463749.0,8966141.0
2011-05-19,9.21,9.22,9.07,9.06,647498.0,12590008.0
2011-05-18,9.11,9.20,9.20,9.07,628351.0,12201507.0
2011-05-17,9.19,9.19,9.11,8.98,695195.0,13496903.0
2011-05-16,9.18,9.20,9.11,9.09,493750.0,9596684.0
2011-05-13,9.12,9.22,9.14,8.92,810874.0,15640085.0
2011-05-12,9.37,9.37,9.09,9.07,1033717.0,20313084.0
2011-05-11,9.56,9.56,9.42,9.30,730303.0,14642469.0
2011-05-10,9.63,9.65,9.56,8.93,685604.0,13828555.0
2011-05-09,9.48,9.64,9.64,9.48,768357.0,15652999.0
2011-05-06,9.44,9.59,9.48,9.31,811195.0,16265462.0
2011-05-05,9.48,9.58,9.51,9.43,625277.0,12635935.0
2011-05-04,9.66,9.77,9.46,9.43,791695.0,16166036.0
2011-05-03,9.49,9.75,9.70,9.45,749790.0,15421364.0
2011-04-29,9.42,9.61,9.52,9.42,575719.0,11663409.0
2011-04-28,10.03,10.05,9.42,9.31,1282132.0,26239828.0
2011-04-27,10.27,10.33,9.94,9.87,895896.0,19240634.0
2011-04-26,10.17,10.39,10.24,10.10,1025501.0,22325710.0
2011-04-25,10.62,10.67,10.16,10.06,1577443.0,34303468.0
2011-04-22,10.82,10.94,10.70,10.58,1362447.0,31020018.0
2011-04-21,10.84,11.03,10.89,10.84,1478677.0,34366160.0
2011-04-20,10.70,10.88,10.84,10.58,1374014.0,31401304.0
2011-04-19,10.73,10.73,10.70,10.42,1511039.0,33861152.0
2011-04-18,10.90,10.90,10.76,10.67,1063493.0,24309074.0
2011-04-15,10.84,11.04,10.94,10.57,1430937.0,32595192.0
2011-04-14,11.18,11.18,10.84,10.79,1442901.0,33579696.0
2011-04-13,10.95,11.25,11.10,10.94,989191.0,23332444.0
2011-04-12,11.31,11.31,10.95,10.81,1551286.0,36555976.0
2011-04-11,11.75,11.89,11.31,11.28,2283889.0,55668840.0
2011-04-08,11.66,11.95,11.89,11.60,1592639.0,80623208.0
2011-04-07,11.46,11.71,11.66,11.46,665162.0,33207958.0
2011-04-06,11.51,11.61,11.46,11.37,573746.0,28259326.0
2011-04-01,11.43,11.51,11.51,11.32,350129.0,17241832.0
2011-03-31,11.28,11.50,11.38,11.28,379559.0,18569884.0
2011-03-30,11.35,11.61,11.34,11.30,763805.0,37699012.0
2011-03-29,11.74,11.79,11.39,11.17,1062279.0,52213804.0
2011-03-28,12.13,12.21,11.77,11.77,1039404.0,53200408.0
2011-03-25,12.11,12.21,12.13,12.00,850749.0,44213364.0
2011-03-24,12.04,12.29,12.09,12.04,1091648.0,57009028.0
2011-03-22,11.98,11.99,11.95,11.82,557394.0,28485028.0
2011-03-21,11.94,12.04,11.97,11.85,529215.0,27091130.0
2011-03-18,11.93,12.05,11.98,11.91,470208.0,24237194.0
2011-03-17,11.86,12.03,11.87,11.74,726469.0,37215180.0
2011-03-16,11.94,12.08,11.99,11.93,739848.0,38133036.0
2011-03-15,12.30,12.30,11.93,11.77,1683363.0,86399368.0
2011-03-14,12.30,12.46,12.34,12.21,1045072.0,55495872.0
2011-03-11,12.18,12.61,12.35,12.13,1677831.0,89710592.0
2011-03-10,12.34,12.52,12.25,12.22,1572890.0,83646288.0
2011-03-09,12.09,12.32,12.32,12.02,1167664.0,61177892.0
2011-03-08,12.03,12.19,12.09,11.91,956570.0,49625564.0
2011-03-07,11.91,12.04,11.96,11.86,966874.0,49712416.0
2011-03-04,11.77,11.94,11.92,11.51,1142137.0,57776884.0
2011-03-03,12.21,12.25,11.81,11.76,1736429.0,89438408.0
2011-03-02,12.25,12.39,12.21,12.11,1237667.0,65033876.0
2011-03-01,12.45,12.45,12.31,12.24,1666967.0,88391816.0
2011-02-28,12.51,12.68,12.48,12.21,2710358.0,144723840.0
2011-02-25,12.62,12.67,12.48,12.07,2254670.0,118769328.0
2011-02-24,13.13,13.36,12.62,12.44,2356270.0,129543888.0
2011-02-23,12.49,13.16,13.12,12.49,2092614.0,116709904.0
2011-02-22,12.91,13.02,12.49,12.35,1661835.0,90685912.0
2011-02-21,12.55,12.91,12.89,12.49,1467604.0,80921256.0
2011-02-18,12.58,12.90,12.59,12.47,1525565.0,83087176.0
2011-02-17,12.53,12.79,12.56,12.41,1394797.0,75619568.0
2011-02-16,11.87,12.46,12.45,11.86,1570119.0,82981312.0
2011-02-15,11.85,11.97,11.87,11.79,1118894.0,57177352.0
2011-02-14,11.74,11.97,11.84,11.74,1369794.0,69874232.0
2011-02-11,11.65,11.85,11.75,11.65,840773.0,42530696.0
2011-02-10,11.32,11.76,11.74,11.28,975881.0,48829988.0
2011-02-09,11.26,11.45,11.35,11.16,536488.0,26192922.0
2011-02-01,11.39,11.39,11.32,11.25,500606.0,24349600.0
2011-01-31,11.30,11.38,11.37,11.21,580032.0,28190350.0
2011-01-28,11.20,11.41,11.32,11.08,539587.0,26040854.0
2011-01-27,10.93,11.22,11.16,10.81,629814.0,29907558.0
2011-01-26,10.76,11.05,10.98,10.76,423831.0,19949992.0
2011-01-25,11.16,11.28,10.75,10.50,1056624.0,49207636.0
2011-01-24,11.51,11.83,11.16,11.16,1248082.0,61681424.0
2011-01-21,10.95,11.51,11.51,10.93,757397.0,36746936.0
2011-01-20,11.31,11.46,11.05,11.05,815284.0,39630832.0
2011-01-19,11.08,11.34,11.28,10.98,453911.0,21910112.0
2011-01-18,10.93,11.12,11.06,10.88,475602.0,22580214.0
2011-01-17,11.39,11.40,10.96,10.84,994552.0,47195524.0
2011-01-14,11.70,11.70,11.44,11.36,780462.0,38471464.0
2011-01-13,11.82,11.85,11.74,11.61,565740.0,28582544.0
2011-01-12,11.52,11.82,11.81,11.48,997915.0,49954148.0
2011-01-11,11.80,11.80,11.49,11.35,1546328.0,76758184.0
2011-01-10,12.07,12.21,11.80,11.74,1200219.0,61541640.0
2011-01-07,12.56,12.62,12.11,12.06,1420011.0,75271328.0
2011-01-06,12.70,12.85,12.63,12.56,894492.0,48807020.0
2011-01-05,12.70,12.87,12.67,12.63,905286.0,49559752.0
2011-01-04,12.25,12.93,12.74,12.25,1401662.0,76490256.0
