date,open,high,close,low,volume,amount
2015-11-27,19.70,19.90,18.05,18.05,17159592.0,323497760.0
2015-11-26,19.51,20.49,20.05,19.25,22882004.0,455607968.0
2015-11-25,18.92,19.70,19.25,18.80,12047547.0,231078144.0
2015-11-24,19.15,19.19,18.91,18.50,10122912.0,190416864.0
2015-11-23,18.98,20.28,19.22,18.66,18950100.0,369592096.0
2015-11-20,18.18,19.17,18.90,18.10,18162994.0,340533568.0
2015-11-19,17.12,18.20,18.12,17.12,8618280.0,151387248.0
2015-11-18,17.62,17.85,17.17,17.11,6657983.0,116198592.0
2015-11-17,18.00,18.25,17.75,17.70,10980964.0,197550352.0
2015-11-16,17.00,17.80,17.75,16.80,7155111.0,124339504.0
2015-11-13,18.30,18.40,17.39,17.01,12378316.0,219926960.0
2015-11-12,19.40,19.57,18.66,18.48,15278287.0,288590048.0
2015-11-11,18.79,19.42,19.22,18.54,16197957.0,307925280.0
2015-11-10,18.55,19.48,18.71,18.26,16060223.0,302362656.0
2015-11-09,17.82,18.79,18.56,17.15,14471507.0,262670944.0
2015-11-06,18.11,18.29,18.12,17.90,11409441.0,206724592.0
2015-11-05,17.91,18.50,17.96,17.28,15631042.0,281393952.0
2015-11-04,16.80,17.98,17.85,16.67,12796595.0,222414544.0
2015-11-03,16.99,17.56,16.58,16.31,10790344.0,181707024.0
2015-11-02,18.00,18.40,17.10,16.88,13884005.0,245596464.0
2015-10-30,18.48,19.49,18.75,18.02,14138893.0,266796960.0
2015-10-29,18.75,19.37,18.71,18.01,12725440.0,239592512.0
2015-10-28,20.11,20.30,18.75,18.43,21577294.0,421188832.0
2015-10-27,20.00,21.45,20.47,19.53,33025654.0,681056768.0
2015-10-26,18.90,20.71,20.71,16.98,36638936.0,714338368.0
2015-10-23,18.79,19.35,18.83,18.38,23776416.0,449190112.0
2015-10-22,17.68,19.57,18.76,17.51,25350240.0,468320384.0
2015-10-21,19.88,20.07,18.09,18.09,22621468.0,432210752.0
2015-10-20,20.77,21.95,20.10,19.50,31061554.0,641527040.0
2015-10-19,19.44,20.77,20.77,18.33,32450324.0,624935808.0
2015-10-16,17.01,18.88,18.88,16.70,28180780.0,496364224.0
2015-10-15,16.03,17.80,17.16,15.81,26703982.0,455075904.0
2015-10-14,16.13,17.18,16.28,16.12,19208848.0,317506848.0
2015-10-13,16.20,16.59,16.40,16.03,20651820.0,337053408.0
2015-10-12,15.61,16.76,16.76,15.31,28626672.0,454441664.0
2015-10-09,15.01,15.60,15.24,14.82,21382732.0,324839168.0
2015-10-08,15.42,16.30,15.66,14.72,30960626.0,480332256.0
2015-09-30,17.20,17.20,15.25,15.10,41716120.0,679346112.0
2015-09-29,15.03,15.64,15.64,14.86,6747046.0,103191848.0
2015-09-28,13.59,14.22,14.22,13.56,17099412.0,240481856.0
2015-09-25,11.85,12.93,12.93,11.35,23744544.0,291798496.0
2015-09-24,11.48,11.85,11.75,11.46,8627013.0,100585400.0
2015-09-23,11.10,11.73,11.49,11.01,9874207.0,113228960.0
2015-09-22,11.75,11.89,11.41,11.31,12252366.0,141941408.0
2015-09-21,10.34,11.51,11.50,10.20,9987539.0,109838560.0
2015-09-18,10.45,10.70,10.56,10.08,7203310.0,75002992.0
2015-09-17,10.91,11.35,10.31,10.29,11438815.0,125292608.0
2015-09-16,9.85,10.80,10.80,9.85,9309715.0,95481784.0
2015-09-15,10.10,10.44,9.82,9.82,10609535.0,105993552.0
2015-09-14,12.25,12.35,10.91,10.91,11338322.0,129763856.0
2015-09-11,11.95,12.30,12.12,11.70,11001946.0,132141408.0
2015-09-10,11.90,12.50,12.10,11.66,17574092.0,213502336.0
2015-09-09,11.35,12.07,12.07,11.00,16986460.0,197371760.0
2015-09-08,9.85,10.97,10.97,9.69,10644286.0,110442808.0
2015-09-07,9.99,10.38,9.97,9.81,9319577.0,94118016.0
2015-09-02,9.22,10.97,9.63,9.11,10460615.0,103982936.0
2015-09-01,10.90,10.90,10.04,10.04,10183350.0,104064152.0
2015-08-31,12.00,12.00,11.16,11.15,11890613.0,137658048.0
2015-08-28,11.19,12.10,12.10,10.79,16809872.0,190553936.0
2015-08-27,11.01,11.88,11.00,9.91,14566096.0,157964736.0
2015-08-26,12.12,12.38,10.90,10.90,14265020.0,162568144.0
2015-08-25,12.11,12.45,12.11,12.11,5753714.0,69832128.0
2015-08-24,14.08,14.10,13.46,13.46,3977580.0,53919180.0
2015-08-21,16.01,16.45,14.96,14.90,6571316.0,103709720.0
2015-08-20,17.28,17.29,16.17,16.10,6200868.0,104433952.0
2015-08-19,16.37,17.99,17.54,15.57,9817813.0,163572768.0
2015-08-18,19.08,20.00,17.19,17.19,14990305.0,286364576.0
2015-08-17,18.38,19.25,19.10,18.33,10817007.0,205043392.0
2015-08-14,18.30,18.74,18.40,18.11,9315961.0,171480320.0
2015-08-13,17.76,18.50,18.38,17.63,8334481.0,150423648.0
2015-08-12,18.20,18.68,17.85,17.85,7804951.0,142163888.0
2015-08-11,18.23,19.47,18.63,17.76,16001736.0,296664800.0
2015-08-10,17.95,18.82,18.50,17.50,13768018.0,250595184.0
2015-08-07,17.05,18.10,17.75,16.86,13742303.0,237432480.0
2015-08-06,15.35,17.25,17.01,15.20,10536074.0,172433664.0
2015-08-05,16.70,17.17,16.07,15.99,10676675.0,176911024.0
2015-08-04,15.10,17.40,17.21,15.10,15342964.0,252942464.0
2015-08-03,17.58,17.58,16.30,16.27,13352384.0,221158496.0
2015-07-31,19.80,20.09,18.08,18.07,12552158.0,240268832.0
2015-07-30,19.90,22.20,20.08,19.60,21570136.0,449700480.0
2015-07-29,18.80,20.72,20.72,17.03,21016854.0,391115232.0
2015-07-28,18.84,21.00,18.84,18.84,17196080.0,328196384.0
2015-06-30,20.93,20.93,20.93,20.93,475500.0,9952215.0
2015-06-29,24.25,25.84,23.26,23.26,5893682.0,139918096.0
2015-06-26,27.00,27.10,25.84,25.84,5824100.0,151234976.0
2015-06-25,29.00,29.99,28.71,28.00,11270656.0,329565280.0
2015-06-24,29.44,30.16,29.28,28.18,7798044.0,225243360.0
2015-06-23,32.00,32.96,29.60,28.53,9936875.0,301651936.0
2015-06-19,31.32,32.98,31.70,29.51,13399748.0,431438592.0
2015-06-18,31.00,32.99,31.51,30.33,10423893.0,328992960.0
2015-06-17,29.50,30.28,30.21,27.80,6924855.0,202501792.0
2015-06-16,30.59,30.98,29.25,27.61,6160019.0,182761536.0
2015-06-15,31.25,32.20,30.68,30.54,6349582.0,198648912.0
2015-06-12,32.09,32.88,31.25,30.90,9851291.0,311834048.0
2015-06-11,31.30,33.00,32.09,31.00,9844410.0,319045312.0
2015-06-10,29.04,32.87,31.96,29.04,10756523.0,333860320.0
2015-06-09,34.00,34.49,30.90,30.58,15759991.0,503915008.0
2015-06-08,30.19,33.07,33.07,30.01,18471904.0,593791552.0
2015-06-05,29.60,31.67,30.06,29.40,14271591.0,435947488.0
2015-06-04,29.49,30.00,29.73,26.85,14642079.0,420189216.0
2015-06-03,31.00,31.05,29.83,28.85,23309284.0,698177728.0
2015-06-02,33.00,34.32,32.05,31.28,30298750.0,1003089984.0
2015-06-01,29.50,31.20,31.20,28.36,22559874.0,683180288.0
2015-05-29,26.78,28.36,28.36,23.20,30947348.0,813153920.0
2015-05-28,25.78,25.78,25.78,25.10,8555040.0,219870592.0
2015-05-27,23.44,23.44,23.44,22.30,26551816.0,617514112.0
2015-05-26,21.31,21.31,21.31,21.31,650110.0,13853844.0
2015-05-25,18.63,19.37,19.37,18.61,14771271.0,282227424.0
2015-05-22,16.70,17.61,17.61,16.70,17585668.0,305472416.0
2015-05-21,14.80,16.01,16.01,14.80,15755068.0,245357056.0
2015-05-20,14.11,15.21,14.55,14.00,12057868.0,177575824.0
2015-05-19,13.48,14.13,13.92,13.47,10689018.0,148159008.0
2015-05-18,13.00,13.50,13.46,12.83,6824889.0,90810544.0
2015-05-15,13.50,13.50,13.10,12.83,7686385.0,100863512.0
2015-05-14,14.00,14.16,13.58,13.55,11654846.0,160952672.0
2015-05-13,13.51,13.60,13.38,13.20,9374510.0,125381088.0
2015-05-12,12.88,14.11,13.77,12.71,12537527.0,169698112.0
2015-05-11,12.43,12.84,12.84,12.32,7076043.0,89499608.0
2015-05-08,12.35,12.57,12.38,12.00,4919704.0,60352968.0
2015-05-07,12.01,12.50,12.25,12.00,3916319.0,47917888.0
2015-05-06,13.00,13.07,12.24,11.97,4459527.0,79058064.0
2015-05-05,13.52,13.52,12.68,12.50,4888821.0,89150696.0
2015-05-04,13.28,13.78,13.52,13.16,7656010.0,144436544.0
2015-04-30,12.44,13.60,13.15,12.44,10277544.0,189902240.0
2015-04-29,12.25,12.50,12.43,12.09,3970260.0,69042688.0
2015-04-28,12.64,12.80,12.16,12.09,4610727.0,79876336.0
2015-04-27,12.15,12.64,12.64,12.15,5391337.0,93889928.0
2015-04-24,12.04,12.18,12.14,11.79,3426818.0,57878936.0
2015-04-23,12.31,12.32,12.21,12.06,4188332.0,71667296.0
2015-04-22,11.97,12.37,12.21,11.93,4145742.0,71176256.0
2015-04-21,11.40,11.91,11.89,11.37,2763412.0,45361072.0
2015-04-20,11.84,12.19,11.47,11.40,4623995.0,76767488.0
2015-04-17,12.14,12.24,12.04,11.97,3667217.0,62256548.0
2015-04-16,11.97,12.23,12.18,11.62,3514564.0,59108972.0
2015-04-15,12.43,12.50,12.09,11.85,3777111.0,64284036.0
2015-04-14,12.75,12.95,12.51,12.33,5269259.0,93396296.0
2015-04-13,12.32,12.98,12.74,12.32,6623964.0,118695696.0
2015-04-10,11.83,12.39,12.32,11.82,4989111.0,85375440.0
2015-04-09,12.25,12.25,11.94,11.47,5787946.0,96554168.0
2015-04-08,12.82,12.95,12.36,12.09,5888237.0,102919312.0
2015-04-07,12.75,13.04,12.82,12.58,5953202.0,106777352.0
2015-04-03,12.12,12.93,12.66,12.11,7434949.0,131194560.0
2015-04-02,12.18,12.36,12.31,12.08,5665059.0,97286000.0
2015-04-01,11.61,12.53,12.19,11.61,8935790.0,152066032.0
2015-03-31,11.32,11.66,11.59,11.16,7248924.0,116585560.0
2015-03-30,11.25,11.32,11.32,11.06,4690037.0,73698808.0
2015-03-27,11.32,11.50,11.22,11.10,4043472.0,63675512.0
2015-03-26,11.19,11.72,11.27,11.06,7078697.0,113632408.0
2015-03-25,11.04,11.25,11.19,10.83,5252657.0,81427720.0
2015-03-24,11.26,11.26,11.02,10.65,6268405.0,96872672.0
2015-03-23,11.08,11.31,11.24,11.05,5951933.0,93255768.0
2015-03-20,11.02,11.10,11.07,10.90,4419413.0,68340920.0
2015-03-19,10.88,11.30,11.03,10.78,7233800.0,112397528.0
2015-03-18,10.80,10.90,10.87,10.74,5395447.0,82087608.0
2015-03-17,10.92,10.95,10.83,10.68,6465103.0,97893320.0
2015-03-16,10.54,10.93,10.85,10.54,5744671.0,87198288.0
2015-03-13,10.47,10.58,10.54,10.36,3330184.0,48904928.0
2015-03-12,10.48,10.63,10.46,10.33,3426983.0,50534980.0
2015-03-11,10.46,10.58,10.47,10.34,3842990.0,56625596.0
2015-03-10,10.43,10.64,10.41,10.38,4752869.0,70031976.0
2015-03-09,10.32,10.56,10.43,10.18,3822511.0,55904464.0
2015-03-06,10.83,10.93,10.36,9.99,8162529.0,120114688.0
2015-03-05,11.04,11.08,10.84,10.76,8277691.0,126382024.0
2015-03-04,10.53,11.35,11.19,10.53,17820542.0,276505280.0
2015-03-03,9.90,10.78,10.31,9.74,10007021.0,143595168.0
2015-03-02,9.90,9.90,9.88,9.76,7683529.0,106159240.0
2015-02-27,9.42,9.73,9.73,9.37,4798759.0,64369068.0
2015-02-26,9.37,9.47,9.40,9.28,1890766.0,24868118.0
2015-02-25,9.29,9.44,9.34,9.25,2315494.0,30368020.0
2015-02-17,9.28,9.39,9.27,9.20,1884002.0,24577496.0
2015-02-16,9.01,9.27,9.23,8.98,2983173.0,38421916.0
2015-02-13,8.95,9.04,9.02,8.95,2114364.0,26728742.0
2015-02-12,8.95,8.97,8.93,8.83,1552688.0,19416994.0
2015-02-11,8.84,8.97,8.95,8.75,1051654.0,13097474.0
2015-02-10,8.80,8.87,8.84,8.72,1046930.0,12899539.0
2015-02-09,9.03,9.03,8.78,8.67,1677884.0,20804512.0
2015-02-06,9.24,9.28,9.03,9.02,1349219.0,17327594.0
2015-02-05,9.37,9.44,9.16,9.12,2025966.0,26246360.0
2015-02-04,9.46,9.54,9.37,9.33,2355687.0,31185240.0
2015-02-03,9.43,9.51,9.46,9.27,2284212.0,30231090.0
2015-02-02,9.32,9.39,9.37,8.97,2573457.0,33174478.0
2015-01-30,9.37,9.43,9.34,9.30,1553056.0,20405882.0
2015-01-29,9.37,9.46,9.37,9.27,2279977.0,30031328.0
2015-01-28,9.45,9.50,9.37,9.32,2478959.0,32647242.0
2015-01-27,9.61,9.61,9.47,9.32,3406205.0,45207400.0
2015-01-26,9.29,9.66,9.56,9.29,4005362.0,53619364.0
2015-01-23,9.40,9.68,9.47,9.35,6021532.0,80422816.0
2015-01-22,9.71,9.89,9.76,9.51,13099972.0,179214864.0
2015-01-21,9.02,9.14,8.99,8.94,3794797.0,48035248.0
2015-01-20,8.86,9.01,8.99,8.77,4485836.0,56203464.0
2015-01-19,8.62,8.97,8.80,8.52,4437786.0,54411636.0
2015-01-16,8.65,8.85,8.83,8.51,4577089.0,55825640.0
2015-01-15,8.40,8.56,8.51,8.36,1770542.0,21029484.0
2015-01-14,8.60,8.63,8.44,8.37,1944252.0,23196456.0
2015-01-13,8.48,8.65,8.59,8.48,1772026.0,21314910.0
2015-01-12,8.53,8.80,8.60,8.52,3587098.0,43479792.0
2015-01-09,8.50,8.68,8.45,8.45,2074011.0,24921050.0
2015-01-08,8.43,8.53,8.45,8.40,1364212.0,16191711.0
2015-01-07,8.55,8.55,8.42,8.34,1663750.0,19609800.0
2015-01-06,8.27,8.51,8.49,8.27,2136374.0,25239548.0
2015-01-05,8.31,8.37,8.32,8.17,1564179.0,18151154.0
2014-12-31,8.24,8.33,8.31,8.12,1066578.0,12314009.0
2014-12-30,8.30,8.37,8.25,8.15,1192156.0,13767053.0
2014-12-29,8.56,8.56,8.30,8.24,1806690.0,21189914.0
2014-12-26,8.62,8.63,8.56,8.41,1600603.0,19078994.0
2014-12-25,8.65,8.82,8.63,8.59,1532108.0,18681384.0
2014-12-24,8.40,8.65,8.63,8.33,2125543.0,25567122.0
2014-12-23,8.26,8.36,8.22,8.12,1614137.0,18611158.0
2014-12-22,8.72,8.75,8.18,8.12,2334240.0,27401054.0
2014-12-19,8.73,8.76,8.72,8.38,1618159.0,19454966.0
2014-12-18,8.83,8.90,8.72,8.69,1361720.0,16812440.0
2014-12-17,9.18,9.18,8.85,8.82,2284361.0,28638044.0
2014-12-16,9.27,9.33,9.18,9.17,1432033.0,18522320.0
2014-12-15,9.07,9.35,9.33,9.02,2859812.0,37060180.0
2014-12-12,9.03,9.16,9.07,8.97,1806924.0,22991652.0
2014-12-11,8.69,9.04,9.03,8.61,3853294.0,48188244.0
2014-12-10,8.40,8.79,8.72,8.26,2694722.0,32686628.0
2014-12-09,8.96,8.96,8.40,8.40,5173690.0,62895080.0
2014-12-08,9.12,9.12,9.00,8.82,3211424.0,40373820.0
2014-12-05,9.63,9.64,9.18,9.12,5236884.0,68008600.0
2014-12-04,9.57,9.64,9.63,9.54,2858513.0,38534200.0
2014-12-03,9.57,9.61,9.56,9.37,2843070.0,37774860.0
2014-12-02,9.66,9.66,9.59,9.52,2033032.0,27431000.0
2014-12-01,9.78,9.79,9.51,9.48,2673429.0,35885012.0
2014-11-28,9.73,9.88,9.79,9.70,3212133.0,44035880.0
2014-11-27,9.69,9.83,9.73,9.63,3064420.0,41932412.0
2014-11-26,9.69,9.70,9.68,9.58,2896319.0,39206424.0
2014-11-25,9.59,9.69,9.69,9.54,2974461.0,40215384.0
2014-11-24,9.64,9.69,9.62,9.52,3363247.0,45252148.0
2014-11-21,9.51,9.68,9.61,9.47,2767696.0,37265344.0
2014-11-20,9.69,9.93,9.61,9.35,4096927.0,55201832.0
2014-11-19,10.31,10.31,10.00,9.89,8329756.0,118330024.0
2014-11-11,9.74,9.79,9.37,9.27,2755626.0,36763240.0
2014-11-10,9.84,9.92,9.74,9.62,2300445.0,31433150.0
2014-11-07,9.98,10.03,9.86,9.86,1798205.0,25139162.0
2014-11-06,9.96,10.00,9.97,9.84,1635441.0,22759680.0
2014-11-05,10.12,10.16,9.96,9.90,2229989.0,31257726.0
2014-11-04,10.09,10.13,10.12,9.97,2745837.0,38789228.0
2014-11-03,9.92,10.10,10.10,9.90,2382606.0,33524762.0
2014-10-31,10.07,10.13,9.93,9.80,2322036.0,32432946.0
2014-10-30,10.25,10.31,10.07,10.00,4331949.0,61226188.0
2014-10-29,10.02,10.22,10.21,9.99,3858956.0,54953396.0
2014-10-28,9.86,10.04,10.01,9.86,2521326.0,35280420.0
2014-10-27,9.77,9.88,9.86,9.65,1893044.0,26079192.0
2014-10-24,9.57,9.79,9.76,9.54,1817995.0,24764126.0
2014-10-23,9.72,9.87,9.59,9.59,1669209.0,22811950.0
2014-10-22,9.72,9.87,9.72,9.70,1172206.0,16081167.0
2014-10-21,9.72,9.84,9.70,9.67,1429943.0,19582140.0
2014-10-20,9.62,9.97,9.78,9.59,1881377.0,25981290.0
2014-10-17,9.90,9.99,9.61,9.51,2823058.0,38512240.0
2014-10-16,10.08,10.16,9.92,9.91,2874534.0,40665224.0
2014-10-15,10.28,10.28,10.21,10.08,2738462.0,39106672.0
2014-10-14,10.34,10.51,10.28,10.17,3441002.0,49733692.0
2014-10-13,10.20,10.44,10.43,10.04,3989803.0,57566696.0
2014-10-10,10.40,10.43,10.20,10.11,4081545.0,58889572.0
2014-10-09,10.53,10.56,10.45,10.33,5420293.0,79338448.0
2014-10-08,10.25,10.59,10.53,10.23,8288111.0,120866792.0
2014-09-30,10.06,10.16,10.13,10.04,2970055.0,42140476.0
2014-09-29,10.06,10.13,10.06,10.01,2961707.0,41796804.0
2014-09-26,10.18,10.21,10.04,10.01,2681389.0,37883300.0
2014-09-25,10.25,10.38,10.16,10.10,5203269.0,74503312.0
2014-09-24,9.86,10.22,10.19,9.81,5364494.0,76435328.0
2014-09-23,9.74,9.90,9.84,9.74,2124765.0,29317048.0
2014-09-22,9.85,9.85,9.70,9.66,1532759.0,20933516.0
2014-09-19,9.89,9.93,9.84,9.69,2349876.0,32371880.0
2014-09-18,9.86,10.00,9.85,9.76,2052138.0,28497344.0
2014-09-17,9.62,9.90,9.79,9.62,2586289.0,35469988.0
2014-09-16,10.33,10.33,9.75,9.75,4533426.0,63995840.0
2014-09-15,10.36,10.38,10.26,10.18,3842504.0,55268772.0
2014-09-12,10.23,10.31,10.30,10.16,3416438.0,49041956.0
2014-09-11,10.26,10.43,10.30,10.13,5566709.0,80394744.0
2014-09-10,9.93,10.44,10.31,9.80,7389705.0,106198168.0
2014-09-09,10.00,10.00,9.93,9.84,3177971.0,44243976.0
2014-09-05,9.97,10.03,9.98,9.90,4114513.0,57582648.0
2014-09-04,9.91,10.01,9.94,9.84,4295755.0,59720612.0
2014-09-03,9.96,10.03,9.94,9.81,4441964.0,61971336.0
2014-09-02,9.78,9.96,9.91,9.78,4795353.0,66670964.0
2014-09-01,9.43,9.81,9.75,9.43,4432220.0,60274800.0
2014-08-29,9.64,9.76,9.44,9.14,5072379.0,66708220.0
2014-08-28,10.20,10.21,9.62,9.56,8168682.0,112287224.0
2014-08-27,10.03,10.45,10.45,10.03,4324181.0,61849980.0
2014-08-26,10.73,10.81,10.22,9.99,6575850.0,96202920.0
2014-08-25,10.48,10.89,10.69,10.48,9178663.0,137916320.0
2014-08-22,10.36,10.53,10.41,10.26,3604591.0,52645988.0
2014-08-21,10.49,10.52,10.39,10.26,4136482.0,60061628.0
2014-08-20,10.83,10.83,10.51,10.40,7080466.0,104814624.0
2014-08-19,10.18,10.83,10.80,10.13,12398421.0,182809264.0
2014-08-18,10.14,10.18,10.16,10.01,3529738.0,49975568.0
2014-08-15,9.96,10.11,10.06,9.92,2889014.0,40718468.0
2014-08-14,10.09,10.11,9.98,9.91,2926660.0,41069652.0
2014-08-13,10.31,10.33,10.08,9.97,4402995.0,62424700.0
2014-08-12,10.11,10.33,10.31,10.11,5274641.0,75902936.0
2014-08-11,9.98,10.23,10.18,9.84,4513758.0,63807096.0
2014-08-08,9.91,10.04,9.97,9.83,3049534.0,42481504.0
2014-08-07,10.25,10.26,9.96,9.93,4862464.0,68867400.0
2014-08-06,10.29,10.41,10.28,10.16,5081433.0,73349248.0
2014-08-05,9.89,10.36,10.25,9.86,8158998.0,116789688.0
2014-08-04,9.74,9.89,9.85,9.74,3304611.0,45498320.0
2014-08-01,10.13,10.13,9.77,9.74,4900797.0,68143888.0
2014-07-31,10.01,10.21,10.13,9.93,4696001.0,66714364.0
2014-07-30,10.11,10.11,9.99,9.90,4995706.0,69980928.0
2014-07-29,10.08,10.27,10.11,9.99,5141214.0,73183296.0
2014-07-28,9.92,10.17,10.08,9.76,5439197.0,76003616.0
2014-07-25,9.75,10.07,9.92,9.61,4242013.0,58924840.0
2014-07-24,10.54,10.63,9.81,9.75,7747858.0,109658400.0
2014-07-23,10.94,10.94,10.59,10.47,6205007.0,93209784.0
2014-07-22,10.45,11.04,10.97,10.45,8872392.0,134462096.0
2014-07-21,10.46,10.60,10.35,10.25,4636217.0,67523368.0
2014-07-18,10.61,10.78,10.56,10.48,4641023.0,69172608.0
2014-07-17,10.80,10.92,10.64,10.36,7189421.0,107211568.0
2014-07-16,10.83,11.25,10.75,10.68,7488927.0,114365912.0
2014-07-15,11.40,11.74,11.05,11.04,13169726.0,210584800.0
2014-07-14,10.92,11.34,11.20,10.62,11536134.0,179023376.0
2014-07-11,11.15,11.96,11.06,10.97,19121488.0,305380704.0
2014-07-10,10.38,11.50,11.32,10.22,19667870.0,299805440.0
2014-07-09,11.04,11.10,10.48,10.35,16895352.0,254712784.0
2014-07-08,10.08,10.98,10.98,10.04,19703912.0,290517088.0
2014-07-07,9.96,10.33,9.98,9.76,11744787.0,165492544.0
2014-07-04,9.52,10.03,9.90,9.47,14158574.0,195655296.0
2014-07-03,9.51,9.72,9.52,9.40,6658130.0,89099648.0
2014-07-02,9.79,9.86,9.60,9.46,7869720.0,106314784.0
2014-07-01,9.46,9.78,9.77,9.30,9765820.0,130539504.0
2014-06-30,9.47,9.65,9.44,9.34,8327763.0,110204200.0
2014-06-27,9.55,9.94,9.59,9.55,9241213.0,125935944.0
2014-06-26,9.60,10.02,9.66,9.52,8579531.0,118006408.0
2014-06-25,10.14,10.28,9.73,9.58,8632707.0,119439840.0
2014-06-24,9.47,10.16,10.15,9.44,9859297.0,136533184.0
2014-06-23,9.30,9.59,9.57,9.27,7039988.0,93660040.0
2014-06-20,9.56,9.71,9.25,8.87,10058820.0,131153480.0
2014-06-19,10.24,10.74,9.54,9.32,15047168.0,214737424.0
2014-06-18,9.77,10.32,10.21,9.69,15463263.0,218584992.0
2014-06-17,9.89,9.91,9.79,9.58,8658492.0,118246544.0
2014-06-16,9.68,9.98,9.94,9.49,12057973.0,166337952.0
2014-06-13,9.68,10.03,9.75,9.59,14048076.0,192055040.0
2014-06-12,10.03,10.88,9.96,9.83,23706924.0,345345760.0
2014-06-11,10.03,10.35,10.09,9.66,19360576.0,272291072.0
2014-06-10,9.25,10.30,10.21,9.17,24908976.0,352382336.0
2014-06-09,8.90,9.45,9.36,8.67,12698047.0,162050480.0
2014-06-06,8.77,9.49,9.08,8.67,16399154.0,210559216.0
2014-06-05,8.45,8.63,8.63,8.45,7013254.0,84191120.0
2014-06-04,8.63,8.76,8.53,8.33,8978424.0,107238432.0
2014-06-03,8.65,8.87,8.77,8.58,10217583.0,125629312.0
2014-05-30,8.85,8.85,8.71,8.43,10902116.0,132235976.0
2014-05-29,9.26,9.32,8.83,8.58,14845638.0,185594128.0
2014-05-28,9.31,9.49,9.25,9.02,14446756.0,186452240.0
2014-05-27,8.91,9.74,9.31,8.76,20285312.0,262930160.0
2014-05-26,8.15,9.00,9.00,8.07,19869596.0,238922208.0
2014-05-23,7.37,8.18,8.18,7.37,17366182.0,191227232.0
2014-05-22,7.34,7.84,7.51,7.33,14096477.0,151014992.0
2014-05-21,7.32,7.41,7.34,7.14,8237380.0,84381816.0
2014-05-20,7.12,7.62,7.46,7.01,13854504.0,142315792.0
2014-05-19,7.14,7.21,7.00,6.97,6208220.0,61811040.0
2014-05-16,7.19,7.29,7.23,7.02,7610802.0,76599520.0
2014-05-15,7.47,7.47,7.21,6.90,12813397.0,129386640.0
2014-05-14,7.71,7.86,7.55,7.54,11535108.0,123887984.0
2014-05-13,7.24,8.01,7.76,7.24,18529898.0,198881248.0
2014-05-12,7.14,7.42,7.31,7.03,13671659.0,139602032.0
2014-05-09,7.54,7.58,7.22,7.05,14570727.0,149400560.0
2014-05-08,7.40,7.81,7.80,7.33,17640550.0,188397456.0
2014-05-07,7.83,8.30,7.47,7.47,26731152.0,296446176.0
2014-05-06,6.86,7.69,7.69,6.72,16664361.0,169954928.0
2014-05-05,7.22,7.34,7.00,6.64,20854168.0,203955424.0
2014-04-30,6.68,6.68,6.68,6.65,5015995.0,47099748.0
2014-04-29,5.76,6.08,6.08,5.71,5920868.0,49414240.0
2014-04-28,5.16,5.52,5.52,5.13,6349427.0,48793300.0
2014-04-25,5.20,5.21,5.02,4.98,1323694.0,9447663.0
2014-04-24,5.28,5.33,5.20,5.20,869255.0,6391807.0
2014-04-23,5.25,5.32,5.30,5.18,1024152.0,7545972.0
2014-04-22,5.34,5.38,5.25,5.14,1967151.0,14464028.0
2014-04-21,5.60,5.60,5.34,5.34,1881145.0,14412567.0
2014-04-18,5.52,5.62,5.61,5.46,1396981.0,10913339.0
2014-04-17,5.61,5.71,5.58,5.53,1909989.0,15074337.0
2014-04-16,5.71,5.86,5.62,5.61,2418621.0,19350066.0
2014-04-15,5.68,5.82,5.71,5.64,4124106.0,33300124.0
2014-04-14,5.48,5.74,5.73,5.35,3561895.0,27893878.0
2014-04-11,5.61,5.63,5.54,5.50,2447679.0,19097640.0
2014-04-10,5.49,5.79,5.65,5.49,5460335.0,43587468.0
2014-04-09,5.47,5.61,5.55,5.44,4036438.0,31280576.0
2014-04-08,5.12,5.59,5.54,5.10,7343649.0,56049928.0
2014-04-04,5.08,5.11,5.11,5.02,1284266.0,9163262.0
2014-04-03,5.02,5.08,5.08,4.97,1445452.0,10209004.0
2014-04-02,5.07,5.10,4.99,4.92,2038658.0,14279655.0
2014-04-01,5.18,5.22,5.07,5.02,1833703.0,13165304.0
2014-03-31,5.12,5.21,5.12,5.04,1333597.0,9600161.0
2014-03-28,5.13,5.18,5.01,4.98,1432857.0,10215325.0
2014-03-27,5.26,5.34,5.12,5.12,1425204.0,10453454.0
2014-03-26,5.20,5.28,5.27,5.14,1663273.0,12245348.0
2014-03-25,5.09,5.22,5.18,5.06,1409797.0,10251600.0
2014-03-24,5.10,5.16,5.13,5.05,1734120.0,12471947.0
2014-03-21,4.98,5.12,5.11,4.87,2543641.0,17794412.0
2014-03-20,5.42,5.43,5.03,4.98,3396130.0,24999718.0
2014-03-19,5.19,5.38,5.37,5.13,3482964.0,25823958.0
2014-03-18,5.27,5.32,5.18,5.14,2426955.0,17838176.0
2014-03-17,5.12,5.26,5.26,5.09,1923698.0,14051976.0
2014-03-14,5.11,5.15,5.14,5.00,1548104.0,11056030.0
2014-03-13,5.13,5.20,5.12,5.05,1715121.0,12305448.0
2014-03-12,5.15,5.22,5.12,5.07,1634170.0,11782625.0
2014-03-11,5.11,5.20,5.19,5.05,2303228.0,16588975.0
2014-03-10,5.30,5.30,5.12,5.06,3245029.0,23371186.0
2014-03-07,5.71,5.81,5.34,5.29,6778136.0,52604948.0
2014-03-06,5.59,5.73,5.71,5.45,3581597.0,28147036.0
2014-03-05,5.60,5.69,5.62,5.50,4753429.0,37382412.0
2014-03-04,5.43,5.64,5.59,5.32,5037735.0,38956100.0
2014-03-03,5.52,5.54,5.49,5.41,3664763.0,28197636.0
2014-02-28,5.30,5.51,5.47,5.24,4191564.0,31628866.0
2014-02-27,5.45,5.59,5.27,5.20,5039847.0,38470444.0
2014-02-26,5.38,5.48,5.47,5.29,4526253.0,34216476.0
2014-02-25,5.87,5.92,5.39,5.34,9045255.0,71875744.0
2014-02-24,5.93,5.96,5.94,5.76,6137605.0,50317424.0
2014-02-21,5.98,6.09,5.93,5.81,3721209.0,31007472.0
2014-02-20,6.26,6.38,6.09,6.01,5774949.0,50170868.0
2014-02-19,6.12,6.65,6.33,5.69,8531638.0,73683304.0
2014-02-18,5.67,6.30,6.26,5.61,10535791.0,87642304.0
2014-02-17,5.65,5.79,5.74,5.47,9621325.0,76122328.0
2014-02-14,5.55,5.86,5.76,5.41,11240994.0,89142320.0
2014-02-13,5.05,5.56,5.37,4.92,12445910.0,93060992.0
2014-02-12,4.60,5.07,5.06,4.60,13020323.0,88817128.0
2014-02-11,4.38,4.61,4.60,4.35,4200335.0,26661794.0
2014-02-10,4.31,4.43,4.41,4.28,2144093.0,13165154.0
2014-02-07,4.21,4.28,4.27,4.16,731277.0,4342063.0
2014-01-30,4.23,4.25,4.22,4.20,372218.0,2210830.0
2014-01-29,4.11,4.25,4.23,4.11,939402.0,5540214.0
2014-01-28,4.18,4.19,4.12,4.11,932467.0,5422249.0
2014-01-27,4.14,4.23,4.19,4.13,839626.0,4959406.0
2014-01-24,4.18,4.21,4.16,4.11,987309.0,5777209.0
2014-01-23,4.20,4.28,4.21,4.15,2854513.0,16884696.0
2014-01-22,4.04,4.10,4.09,3.96,734034.0,4193945.0
2014-01-21,3.94,4.04,4.00,3.92,430798.0,2406911.0
2014-01-20,3.96,3.96,3.93,3.86,255831.0,1402827.0
2014-01-17,3.96,3.96,3.91,3.91,342688.0,1886158.0
2014-01-16,3.93,3.95,3.94,3.88,334279.0,1844108.0
2014-01-15,3.94,3.96,3.94,3.89,277765.0,1530361.0
2014-01-14,3.81,3.94,3.91,3.79,281399.0,1533563.0
2014-01-13,3.78,3.86,3.84,3.78,270301.0,1456915.0
2014-01-10,3.96,3.96,3.84,3.79,425601.0,2313288.0
2014-01-09,4.01,4.08,3.94,3.93,566330.0,3188575.0
2014-01-08,4.09,4.12,4.04,4.02,523779.0,2997882.0
2014-01-07,4.05,4.09,4.08,4.00,343088.0,1950613.0
2014-01-06,4.18,4.21,4.05,4.04,612278.0,3530708.0
2014-01-03,4.18,4.22,4.18,4.15,1085961.0,6380374.0
2014-01-02,4.14,4.18,4.18,4.12,638794.0,3734509.0
2013-12-31,4.14,4.16,4.14,4.06,750516.0,4355374.0
2013-12-30,4.16,4.18,4.16,4.15,727160.0,4251920.0
2013-12-27,4.10,4.18,4.15,4.10,1080047.0,6259434.0
2013-12-26,4.23,4.23,4.10,4.10,474594.0,2771017.0
2013-12-25,4.21,4.26,4.22,4.18,516005.0,3055849.0
2013-12-24,4.16,4.26,4.23,4.15,572920.0,3388133.0
2013-12-23,4.13,4.21,4.15,4.11,538194.0,3136188.0
2013-12-20,4.35,4.36,4.22,4.16,801730.0,4772571.0
2013-12-19,4.27,4.38,4.34,4.27,1615548.0,9870693.0
2013-12-18,4.25,4.31,4.30,4.22,818390.0,4919547.0
2013-12-17,4.29,4.36,4.29,4.27,719915.0,4348177.0
2013-12-16,4.36,4.36,4.31,4.28,814966.0,4946582.0
2013-12-13,4.30,4.37,4.37,4.27,1789824.0,10901213.0
2013-12-12,4.24,4.34,4.30,3.91,1091710.0,6540144.0
2013-12-11,4.33,4.33,4.25,4.20,856421.0,5118400.0
2013-12-10,4.31,4.36,4.32,4.26,1029286.0,6218041.0
2013-12-09,4.24,4.31,4.31,4.20,1031990.0,6193196.0
2013-12-06,4.23,4.25,4.23,4.18,795750.0,4714171.0
2013-12-05,4.22,4.24,4.22,4.14,972692.0,5726655.0
2013-12-04,4.05,4.23,4.22,4.05,1460827.0,8576751.0
2013-12-03,3.93,4.12,4.08,3.93,790181.0,4456648.0
2013-12-02,4.22,4.22,3.96,3.94,1137298.0,6502952.0
2013-11-29,4.25,4.28,4.26,4.22,1374286.0,8222309.0
2013-11-28,4.23,4.29,4.25,4.21,1279083.0,7659186.0
2013-11-27,4.19,4.25,4.23,4.18,1001193.0,5934814.0
2013-11-26,4.13,4.19,4.18,4.11,972079.0,5694273.0
2013-11-25,4.13,4.20,4.16,4.11,628211.0,3667397.0
2013-11-22,4.15,4.23,4.14,4.11,678672.0,3945199.0
2013-11-21,4.09,4.15,4.13,4.09,562367.0,3256486.0
2013-11-20,4.18,4.18,4.14,4.09,773852.0,4481916.0
2013-11-19,4.11,4.18,4.15,4.11,925559.0,5401344.0
2013-11-18,4.09,4.13,4.13,4.06,1240557.0,7159821.0
2013-11-15,3.95,4.07,4.06,3.95,1047116.0,5945269.0
2013-11-14,3.93,3.98,3.95,3.89,444203.0,2462877.0
2013-11-13,3.97,3.98,3.91,3.91,535971.0,2972563.0
2013-11-12,3.99,4.00,3.97,3.93,373200.0,2079436.0
2013-11-11,3.90,3.97,3.96,3.88,282770.0,1562400.0
2013-11-08,3.95,3.95,3.89,3.89,599710.0,3292084.0
2013-11-07,4.01,4.05,3.95,3.94,653883.0,3647291.0
2013-11-06,4.04,4.06,4.01,3.99,715571.0,4051664.0
2013-11-05,3.99,4.06,4.04,3.95,548608.0,3092352.0
2013-11-04,4.04,4.08,4.01,3.95,492438.0,2771464.0
2013-11-01,3.99,4.01,3.99,3.94,574608.0,3208392.0
2013-10-31,3.95,4.04,4.00,3.90,1153615.0,6437248.0
2013-10-30,3.96,3.96,3.94,3.89,816463.0,4504401.0
2013-10-29,4.09,4.20,3.90,3.84,1415335.0,7925218.0
2013-10-28,4.17,4.19,4.12,4.08,896819.0,5175196.0
2013-10-25,4.27,4.32,4.16,4.07,2413299.0,14112040.0
2013-10-24,4.39,4.40,4.28,4.27,3197052.0,19400654.0
2013-10-23,4.43,4.73,4.48,4.43,7278263.0,46498356.0
2013-10-22,4.31,4.35,4.31,4.29,1172115.0,7116973.0
2013-10-21,4.28,4.31,4.30,4.21,1138107.0,6807213.0
2013-10-18,4.25,4.27,4.26,4.23,514690.0,3073728.0
2013-10-17,4.30,4.33,4.26,4.23,1129904.0,6789228.0
2013-10-16,4.36,4.36,4.28,4.20,1355506.0,8138339.0
2013-10-15,4.32,4.34,4.34,4.30,1288459.0,7825521.0
2013-10-14,4.33,4.35,4.29,4.27,1367437.0,8287867.0
2013-10-11,4.24,4.34,4.29,4.24,1207331.0,7275649.0
2013-10-10,4.30,4.33,4.23,4.23,1126642.0,6763109.0
2013-10-09,4.31,4.34,4.32,4.28,1021573.0,6179840.0
2013-10-08,4.30,4.35,4.30,4.25,1131373.0,6810247.0
2013-09-30,4.24,4.61,4.29,4.24,2319167.0,14152169.0
2013-09-27,4.33,4.38,4.30,4.26,1757389.0,10624912.0
2013-09-26,4.27,4.47,4.30,4.23,2441608.0,14789755.0
2013-09-25,4.28,4.31,4.27,4.24,1078203.0,6462607.0
2013-09-24,4.18,4.31,4.28,4.15,2079634.0,12397098.0
2013-09-23,4.10,4.20,4.18,4.09,958205.0,5586550.0
2013-09-18,4.13,4.14,4.10,4.07,647144.0,3722810.0
2013-09-17,4.18,4.20,4.09,4.09,653400.0,3795166.0
2013-09-16,4.23,4.25,4.18,4.15,643985.0,3782873.0
2013-09-13,4.21,4.26,4.24,4.19,882444.0,5248972.0
2013-09-12,4.18,4.27,4.24,4.18,1002262.0,5941161.0
2013-09-11,4.22,4.22,4.19,4.13,1254767.0,7345194.0
2013-09-10,4.13,4.24,4.20,4.13,1109746.0,6527619.0
2013-09-09,4.11,4.15,4.13,4.06,1113919.0,6434811.0
2013-09-06,4.12,4.23,4.11,4.11,1272349.0,7443551.0
2013-09-05,4.16,4.16,4.11,4.06,704223.0,4061940.0
2013-09-04,4.08,4.15,4.15,4.08,953197.0,5519179.0
2013-09-03,4.09,4.12,4.09,4.06,992837.0,5709244.0
2013-09-02,3.97,4.09,4.09,3.96,1198424.0,6836041.0
2013-08-30,4.05,4.11,3.96,3.94,1063760.0,6029696.0
2013-08-29,4.06,4.09,4.07,4.03,720515.0,4114066.0
2013-08-28,4.11,4.11,4.06,4.04,861899.0,4931509.0
2013-08-27,4.06,4.12,4.11,4.02,1466463.0,8396752.0
2013-08-26,3.90,4.16,4.08,3.90,1119422.0,6301778.0
2013-08-23,4.00,4.03,3.92,3.83,773305.0,4295433.0
2013-08-22,3.98,4.02,4.01,3.96,802043.0,4515309.0
2013-08-21,3.96,4.00,3.97,3.95,580200.0,3238768.0
2013-08-20,3.99,4.01,3.96,3.94,502277.0,2808107.0
2013-08-19,3.90,4.00,3.99,3.86,702038.0,3884196.0
2013-08-16,3.99,4.06,3.92,3.90,1250540.0,7019800.0
2013-08-15,4.06,4.08,4.03,3.94,1389214.0,7808447.0
2013-08-14,4.08,4.10,4.04,4.04,921050.0,5266852.0
2013-08-13,4.10,4.11,4.07,4.03,1107751.0,6338946.0
2013-08-12,4.06,4.09,4.09,4.03,1266163.0,7241719.0
2013-08-09,4.03,4.07,4.06,3.98,886222.0,5013813.0
2013-08-08,4.04,4.04,4.03,3.98,651599.0,3674777.0
2013-08-07,4.01,4.04,4.04,3.94,1323616.0,7419845.0
2013-08-06,4.02,4.08,4.04,4.01,934649.0,5297665.0
2013-08-05,4.01,4.07,4.06,3.94,1086082.0,6111164.0
2013-08-02,3.96,4.01,3.99,3.94,1343524.0,7501137.0
2013-08-01,3.88,3.97,3.96,3.88,1178093.0,6492791.0
2013-07-31,3.91,3.91,3.87,3.86,720861.0,3936503.0
2013-07-30,3.86,3.95,3.89,3.86,794022.0,4348573.0
2013-07-29,3.91,3.96,3.91,3.82,976673.0,5326887.0
2013-07-26,3.88,3.97,3.95,3.87,691874.0,3818213.0
2013-07-25,3.93,3.94,3.93,3.84,1209404.0,6600367.0
2013-07-24,4.01,4.02,3.94,3.86,1556971.0,8601709.0
2013-07-23,3.95,4.11,4.01,3.95,1933779.0,10904745.0
2013-07-22,3.91,3.99,3.99,3.84,2460569.0,13522256.0
2013-07-19,4.16,4.34,4.03,4.02,5192933.0,30793958.0
2013-07-18,3.82,4.23,4.23,3.74,4763782.0,27430778.0
2013-07-17,3.93,3.94,3.84,3.84,1106304.0,6029512.0
2013-07-16,3.75,4.01,3.96,3.72,2328837.0,12694995.0
2013-07-15,3.70,3.77,3.76,3.67,1026005.0,5372691.0
2013-07-12,3.74,3.81,3.74,3.71,588448.0,3109345.0
2013-07-11,3.69,3.81,3.76,3.69,865675.0,4565126.0
2013-07-10,3.57,3.77,3.69,3.56,933707.0,4857828.0
2013-07-09,3.52,3.58,3.57,3.52,241659.0,1205435.0
2013-07-08,3.61,3.61,3.54,3.50,452751.0,2256944.0
2013-07-05,3.64,3.70,3.65,3.62,575324.0,2957349.0
2013-07-04,3.61,3.70,3.67,3.57,723871.0,3705824.0
2013-07-03,3.67,3.67,3.60,3.54,491083.0,2478125.0
2013-07-02,3.68,3.68,3.67,3.62,418357.0,2148157.0
2013-07-01,3.58,3.65,3.65,3.46,609471.0,3105402.0
2013-06-28,3.46,3.64,3.57,3.46,424141.0,2130694.0
2013-06-27,3.67,3.68,3.57,3.57,627161.0,3208191.0
2013-06-26,3.66,3.67,3.64,3.57,977631.0,4971821.0
2013-06-25,3.67,3.73,3.66,3.36,999559.0,5034208.0
2013-06-24,4.03,4.08,3.71,3.66,740669.0,3985099.0
2013-06-21,3.97,4.07,4.06,3.91,802053.0,4484222.0
2013-06-20,4.03,4.08,3.98,3.97,507248.0,2871654.0
2013-06-19,4.11,4.11,4.03,3.99,564042.0,3200919.0
2013-06-18,4.12,4.15,4.08,4.07,707848.0,4086559.0
2013-06-17,4.23,4.23,4.14,4.08,944676.0,5501721.0
2013-06-14,4.21,4.29,4.23,4.20,617700.0,3684948.0
2013-06-13,4.21,4.23,4.22,4.14,478371.0,2812232.0
2013-06-07,4.34,4.40,4.26,4.12,855278.0,5159453.0
2013-06-06,4.42,4.44,4.34,4.34,650900.0,4033664.0
2013-06-05,4.42,4.45,4.45,4.40,731178.0,4549281.0
2013-06-04,4.50,4.51,4.42,4.40,853005.0,5339961.0
2013-06-03,4.56,4.57,4.50,4.50,796187.0,5069851.0
2013-05-31,4.62,4.63,4.56,4.56,1242263.0,8019553.0
2013-05-30,4.60,4.62,4.61,4.57,1160924.0,7501424.0
2013-05-29,4.55,4.60,4.60,4.52,1050746.0,6768006.0
2013-05-28,4.56,4.57,4.55,4.50,945280.0,6032393.0
2013-05-27,4.49,4.57,4.56,4.48,1170893.0,7491727.0
2013-05-24,4.43,4.51,4.50,4.43,723610.0,4560307.0
2013-05-23,4.49,4.52,4.44,4.43,965566.0,6087085.0
2013-05-22,4.59,4.59,4.54,4.48,1201730.0,7651812.0
2013-05-21,4.52,4.57,4.55,4.51,1501603.0,9595099.0
2013-05-20,4.48,4.55,4.52,4.46,1728430.0,10995722.0
2013-05-17,4.45,4.48,4.47,4.40,1311521.0,8216558.0
2013-05-16,4.41,4.46,4.44,4.38,1351544.0,8425102.0
2013-05-15,4.38,4.43,4.40,4.35,1159074.0,7151331.0
2013-05-14,4.38,4.42,4.40,4.33,536929.0,3303347.0
2013-05-13,4.43,4.43,4.40,4.35,735484.0,4535409.0
2013-05-10,4.41,4.45,4.44,4.37,1457260.0,9042843.0
2013-05-09,4.30,4.51,4.46,4.27,2630022.0,16281196.0
2013-05-08,4.18,4.34,4.32,4.17,1322374.0,7943870.0
2013-05-07,4.20,4.22,4.19,4.15,546958.0,3224185.0
2013-05-06,4.11,4.20,4.19,4.11,663650.0,3900314.0
2013-05-03,4.08,4.17,4.13,4.07,757472.0,4390962.0
2013-05-02,4.05,4.10,4.04,4.03,475462.0,2721915.0
2013-04-26,4.18,4.22,4.05,4.04,872367.0,5053375.0
2013-04-25,4.28,4.33,4.19,4.18,1011387.0,6080362.0
2013-04-24,4.30,4.34,4.32,4.25,768321.0,4655233.0
2013-04-23,4.38,4.38,4.28,4.23,933955.0,5668331.0
2013-04-22,4.33,4.39,4.39,4.32,780510.0,4785087.0
2013-04-19,4.33,4.40,4.37,4.30,924664.0,5665442.0
2013-04-18,4.24,4.33,4.32,4.21,440783.0,2659769.0
2013-04-17,4.25,4.28,4.27,4.23,374847.0,2247980.0
2013-04-16,4.19,4.27,4.27,4.08,681774.0,4005293.0
2013-04-15,4.26,4.28,4.23,4.17,499731.0,2976398.0
2013-04-12,4.32,4.36,4.27,4.27,455150.0,2761245.0
2013-04-11,4.38,4.38,4.33,4.32,517185.0,3163139.0
2013-04-10,4.31,4.36,4.35,4.28,845681.0,5158548.0
2013-04-09,4.28,4.33,4.31,4.26,977998.0,5908105.0
2013-04-08,4.32,4.32,4.28,4.22,781010.0,4683444.0
2013-04-03,4.35,4.38,4.34,4.29,592295.0,3606377.0
2013-04-02,4.35,4.39,4.33,4.32,512695.0,3143912.0
2013-04-01,4.31,4.38,4.35,4.31,532970.0,3267515.0
2013-03-29,4.32,4.36,4.30,4.28,945658.0,5765824.0
2013-03-28,4.48,4.48,4.34,4.30,1139757.0,7036034.0
2013-03-27,4.49,4.55,4.51,4.48,606267.0,3858619.0
2013-03-26,4.59,4.59,4.51,4.47,934533.0,5923308.0
2013-03-25,4.57,4.60,4.59,4.53,779651.0,5021828.0
2013-03-22,4.59,4.59,4.57,4.52,631398.0,4040474.0
2013-03-21,4.57,4.60,4.57,4.53,1044337.0,6712766.0
2013-03-20,4.51,4.56,4.56,4.48,849268.0,5417331.0
2013-03-19,4.45,4.54,4.48,4.40,813006.0,5101254.0
2013-03-18,4.66,4.67,4.46,4.45,1113510.0,7119096.0
2013-03-15,4.68,4.72,4.66,4.59,707717.0,4640070.0
2013-03-14,4.61,4.72,4.67,4.61,720378.0,4724861.0
2013-03-13,4.65,4.69,4.62,4.57,770800.0,5030907.0
2013-03-12,4.88,4.92,4.65,4.62,1825410.0,12229211.0
2013-03-11,4.95,4.95,4.88,4.86,1278082.0,8785897.0
2013-03-08,4.91,4.96,4.94,4.89,1371260.0,9506504.0
2013-03-07,5.01,5.08,4.93,4.90,2703447.0,19032880.0
2013-03-06,4.99,5.02,5.02,4.95,2734949.0,19206042.0
2013-03-05,4.96,5.01,5.00,4.84,2592991.0,18001004.0
2013-03-04,4.96,4.96,4.91,4.79,1737329.0,11892143.0
2013-03-01,4.92,4.99,4.96,4.87,2003408.0,13922814.0
2013-02-28,4.83,4.93,4.93,4.83,2023851.0,13922919.0
2013-02-27,4.80,4.88,4.84,4.79,1016124.0,6897134.0
2013-02-26,4.77,4.89,4.80,4.70,1452264.0,9830305.0
2013-02-25,4.72,4.80,4.77,4.72,608604.0,4085174.0
2013-02-22,4.77,4.84,4.72,4.71,816300.0,5493869.0
2013-02-21,4.93,4.94,4.78,4.76,1397404.0,9507286.0
2013-02-20,4.89,4.95,4.91,4.87,1569430.0,10860652.0
2013-02-19,4.87,4.91,4.91,4.81,1621107.0,11091777.0
2013-02-18,4.77,4.89,4.88,4.77,1707671.0,11671869.0
2013-02-08,4.73,4.80,4.80,4.70,897003.0,6001252.0
2013-02-07,4.74,4.77,4.72,4.70,1074154.0,7153964.0
2013-02-06,4.75,4.81,4.74,4.74,846190.0,5687649.0
2013-02-05,4.80,4.80,4.76,4.70,1180335.0,7889132.0
2013-02-04,4.72,4.86,4.85,4.72,1593516.0,10814289.0
2013-02-01,4.76,4.82,4.78,4.72,986505.0,6623359.0
2013-01-31,4.74,4.89,4.76,4.72,1466362.0,9921593.0
2013-01-30,4.72,4.75,4.75,4.66,882933.0,5852431.0
2013-01-29,4.71,4.78,4.74,4.65,1111320.0,7382379.0
2013-01-28,4.56,4.69,4.68,4.56,927719.0,6056548.0
2013-01-25,4.58,4.65,4.55,4.53,1013340.0,6536291.0
2013-01-24,4.82,4.89,4.62,4.53,2253240.0,14927952.0
2013-01-23,4.82,4.87,4.78,4.73,1422175.0,9576390.0
2013-01-22,4.98,4.99,4.84,4.79,1972355.0,13619877.0
2013-01-21,5.04,5.06,4.99,4.94,2402661.0,16825342.0
2013-01-18,4.93,5.06,5.03,4.90,3267546.0,22933976.0
2013-01-17,4.98,5.01,4.90,4.87,2255322.0,15631340.0
2013-01-16,4.91,5.01,5.01,4.87,3945808.0,27393488.0
2013-01-15,4.86,4.94,4.91,4.82,3240595.0,22385608.0
2013-01-14,4.71,4.85,4.85,4.66,2370640.0,15974358.0
2013-01-11,4.88,4.94,4.72,4.71,2365657.0,15993498.0
2013-01-10,4.85,4.93,4.89,4.85,1747411.0,12033318.0
2013-01-09,4.98,5.01,4.90,4.82,3209998.0,22193310.0
2013-01-08,4.87,5.01,4.99,4.86,5390375.0,37624788.0
2013-01-07,4.75,4.86,4.86,4.74,2060849.0,13966406.0
2013-01-04,4.90,4.93,4.75,4.69,4285977.0,28912402.0
2012-12-31,4.84,4.93,4.89,4.83,2131460.0,14658785.0
2012-12-28,4.82,4.87,4.83,4.79,2026958.0,13787608.0
2012-12-27,4.98,5.01,4.82,4.81,3108101.0,21412996.0
2012-12-26,4.89,4.99,4.99,4.85,4247287.0,29537140.0
2012-12-25,4.82,4.94,4.89,4.79,4076198.0,28013478.0
2012-12-24,4.92,5.07,4.84,4.79,3436789.0,23729598.0
2012-12-21,4.91,5.05,4.94,4.90,3872896.0,27124710.0
2012-12-20,5.01,5.06,4.93,4.90,4336992.0,30169370.0
2012-12-19,5.25,5.30,5.09,4.99,6834161.0,48958628.0
2012-12-18,5.09,5.47,5.28,4.86,10445087.0,75878048.0
2012-12-17,4.87,5.16,4.99,4.79,8234559.0,57371788.0
2012-12-14,4.69,4.89,4.79,4.59,6828528.0,45845392.0
2012-12-13,4.82,4.82,4.66,4.65,2830234.0,18794760.0
2012-12-12,5.08,5.08,4.87,4.77,4314266.0,29747408.0
2012-12-11,5.01,5.26,4.89,4.78,7677992.0,54045916.0
2012-12-10,4.87,5.23,4.92,4.77,9964478.0,69181184.0
2012-12-07,4.62,4.91,4.82,4.54,8014667.0,52836084.0
2012-12-06,4.47,4.72,4.54,4.47,7350384.0,48184936.0
2012-12-05,4.03,4.32,4.29,4.00,822271.0,4844746.0
2012-12-04,4.00,4.08,4.08,3.91,247276.0,1386953.0
2012-12-03,4.10,4.12,4.03,4.00,287396.0,1641572.0
2012-11-30,3.97,4.37,4.11,3.93,891906.0,5220647.0
2012-11-29,3.95,4.04,3.97,3.88,251202.0,1398082.0
2012-11-28,4.13,4.13,3.95,3.92,268385.0,1520257.0
2012-11-27,4.26,4.29,4.13,4.12,359837.0,2115056.0
2012-11-26,4.33,4.35,4.29,4.26,342274.0,2076177.0
2012-11-23,4.25,4.43,4.35,4.20,885373.0,5430388.0
2012-11-22,4.26,4.26,4.22,4.20,226418.0,1351421.0
2012-11-21,4.21,4.27,4.27,4.19,263942.0,1571339.0
2012-11-20,4.28,4.28,4.20,4.19,371979.0,2213273.0
2012-11-19,4.19,4.29,4.25,4.18,552631.0,3281903.0
2012-11-16,4.44,4.55,4.33,4.30,581738.0,3603946.0
2012-11-15,4.36,4.36,4.30,4.28,198580.0,1204848.0
2012-11-14,4.36,4.36,4.35,4.28,154920.0,942694.0
2012-11-13,4.40,4.44,4.34,4.31,327733.0,2002808.0
2012-11-12,4.43,4.44,4.40,4.39,217000.0,1345790.0
2012-11-09,4.40,4.43,4.38,4.35,272922.0,1682205.0
2012-11-08,4.47,4.52,4.40,4.38,520446.0,3264234.0
2012-11-07,4.49,4.54,4.51,4.46,426603.0,2702207.0
2012-11-06,4.60,4.60,4.49,4.45,477186.0,3020449.0
2012-11-05,4.54,4.62,4.58,4.54,549798.0,3550273.0
2012-11-02,4.59,4.63,4.59,4.52,359231.0,2308534.0
2012-11-01,4.50,4.61,4.58,4.50,659924.0,4231595.0
2012-10-31,4.45,4.51,4.49,4.43,252652.0,1587370.0
2012-10-30,4.39,4.57,4.45,4.35,745050.0,4655826.0
2012-10-29,4.53,4.53,4.38,4.37,451045.0,2810215.0
2012-10-26,4.59,4.70,4.53,4.51,632604.0,4083061.0
2012-10-25,4.60,4.71,4.62,4.58,752797.0,4924926.0
2012-10-24,4.57,4.72,4.60,4.56,1159137.0,7579902.0
2012-10-23,4.58,4.63,4.56,4.51,427950.0,2756317.0
2012-10-22,4.60,4.62,4.60,4.52,333954.0,2153346.0
2012-10-19,4.59,4.62,4.62,4.56,411536.0,2663190.0
2012-10-18,4.55,4.63,4.58,4.50,665098.0,4279889.0
2012-10-17,4.50,4.53,4.51,4.42,511028.0,3214764.0
2012-10-16,4.45,4.60,4.50,4.43,598983.0,3795157.0
2012-10-15,4.55,4.58,4.45,4.35,698728.0,4371104.0
2012-10-12,4.58,4.73,4.60,4.55,1028158.0,6731122.0
2012-10-11,4.57,4.65,4.55,4.52,454950.0,2927974.0
2012-10-10,4.55,4.62,4.61,4.53,642916.0,4151279.0
2012-10-09,4.47,4.59,4.57,4.47,409141.0,2625207.0
2012-10-08,4.45,4.51,4.47,4.45,299058.0,1885152.0
2012-09-28,4.34,4.46,4.45,4.34,317652.0,1981586.0
2012-09-27,4.32,4.45,4.36,4.22,442665.0,2699168.0
2012-09-26,4.42,4.47,4.27,4.25,346443.0,2113706.0
2012-09-25,4.51,4.52,4.45,4.43,137241.0,863849.0
2012-09-24,4.42,4.51,4.48,4.39,209300.0,1314490.0
2012-09-21,4.47,4.52,4.45,4.42,327815.0,2062612.0
2012-09-20,4.69,4.72,4.47,4.47,592873.0,3793579.0
2012-09-19,4.65,4.74,4.73,4.64,287603.0,1899573.0
2012-09-18,4.65,4.74,4.64,4.63,486770.0,3206027.0
2012-09-17,4.83,4.95,4.70,4.69,974417.0,6604347.0
2012-09-14,4.89,4.92,4.88,4.84,730583.0,5028008.0
2012-09-13,4.94,4.99,4.85,4.84,1028913.0,7094516.0
2012-09-12,5.02,5.07,4.98,4.91,1172565.0,8192377.0
2012-09-11,4.89,5.04,5.02,4.83,1857457.0,12896931.0
2012-09-10,4.88,4.92,4.90,4.82,1376654.0,9453890.0
2012-09-07,4.77,4.92,4.89,4.73,2180447.0,14927059.0
2012-09-06,4.65,4.73,4.72,4.63,1024864.0,6771467.0
2012-09-05,4.59,4.75,4.67,4.59,1080044.0,7112456.0
2012-09-04,4.68,4.73,4.64,4.62,741378.0,4871253.0
2012-09-03,4.65,4.79,4.71,4.58,1388602.0,9228568.0
2012-08-31,4.52,4.69,4.65,4.52,1048179.0,6838763.0
2012-08-30,4.55,4.65,4.58,4.47,904389.0,5837570.0
2012-08-29,4.51,4.65,4.62,4.51,582654.0,3771068.0
2012-08-28,4.52,4.70,4.60,4.45,1078353.0,6982244.0
2012-08-27,4.67,4.67,4.52,4.47,1175841.0,7516674.0
2012-08-24,4.80,4.83,4.74,4.72,1122456.0,7539805.0
2012-08-23,4.73,4.83,4.80,4.69,1102021.0,7351206.0
2012-08-22,4.84,4.86,4.73,4.66,1252980.0,8390887.0
2012-08-21,4.76,4.88,4.84,4.72,1182125.0,8035189.0
2012-08-20,4.77,4.83,4.79,4.70,1035997.0,6928874.0
2012-08-17,4.87,4.92,4.81,4.72,1412759.0,9579339.0
2012-08-16,4.77,4.93,4.91,4.73,1885578.0,12791438.0
2012-08-15,4.90,4.95,4.80,4.77,1772063.0,12130986.0
2012-08-14,4.84,5.10,4.98,4.69,3839942.0,26392746.0
2012-08-13,5.31,5.51,5.11,5.04,7608568.0,56326104.0
2012-08-10,4.90,5.13,5.13,4.90,2396812.0,17144336.0
2012-08-09,4.58,4.68,4.66,4.57,1183569.0,7723468.0
2012-08-08,4.46,4.58,4.57,4.46,751814.0,4805401.0
2012-08-07,4.47,4.53,4.50,4.43,556015.0,3521095.0
2012-08-06,4.38,4.47,4.47,4.35,422290.0,2635921.0
2012-08-03,4.23,4.38,4.36,4.23,415898.0,2538481.0
2012-08-02,4.37,4.37,4.28,4.26,353503.0,2144928.0
2012-08-01,4.33,4.43,4.37,4.32,349654.0,2152706.0
2012-07-31,4.57,4.60,4.33,4.21,690362.0,4229231.0
2012-07-30,4.62,4.82,4.57,4.54,740300.0,4860546.0
2012-07-27,4.62,4.65,4.62,4.59,425781.0,2769480.0
2012-07-26,4.62,4.71,4.60,4.58,506431.0,3303471.0
2012-07-25,4.79,4.85,4.65,4.64,563361.0,3760758.0
2012-07-24,4.81,4.90,4.82,4.77,638951.0,4359419.0
2012-07-23,4.90,4.90,4.81,4.77,610366.0,4139827.0
2012-07-20,4.99,4.99,4.89,4.85,1255676.0,8688786.0
2012-07-19,4.91,5.20,5.02,4.83,3817918.0,26980882.0
2012-07-18,4.66,4.99,4.91,4.62,1446596.0,9902687.0
2012-07-17,4.60,4.67,4.67,4.53,506390.0,3276891.0
2012-07-16,4.77,4.77,4.55,4.52,817318.0,5379945.0
2012-07-13,4.67,4.79,4.77,4.67,917158.0,6125276.0
2012-07-12,4.59,4.69,4.68,4.55,649194.0,4238714.0
2012-07-11,4.54,4.62,4.60,4.49,447633.0,2883256.0
2012-07-10,4.62,4.67,4.54,4.46,619032.0,3978509.0
2012-07-09,4.76,4.86,4.71,4.71,469388.0,3165914.0
2012-07-06,4.72,4.82,4.79,4.62,492325.0,3263914.0
2012-07-05,4.77,4.79,4.65,4.65,433181.0,2864214.0
2012-07-04,4.85,4.90,4.77,4.76,403850.0,2741360.0
2012-07-03,4.79,4.93,4.86,4.78,630895.0,4327037.0
2012-07-02,4.78,4.85,4.80,4.77,451372.0,3054221.0
2012-06-29,4.62,4.78,4.78,4.59,595215.0,3924820.0
2012-06-28,4.90,4.93,4.67,4.67,814043.0,5490670.0
2012-06-27,5.03,5.04,4.90,4.89,343200.0,2395334.0
2012-06-26,4.88,4.99,4.97,4.87,449465.0,3119533.0
2012-06-25,5.11,5.14,4.94,4.91,626302.0,4433765.0
2012-06-21,5.19,5.26,5.15,5.10,775511.0,5616873.0
2012-06-20,5.34,5.38,5.23,5.22,855805.0,6365730.0
2012-06-19,5.40,5.42,5.34,5.33,576610.0,4340192.0
2012-06-18,5.36,5.43,5.41,5.28,626153.0,4722839.0
2012-06-15,5.36,5.39,5.30,5.24,637491.0,4755784.0
2012-06-14,5.29,5.45,5.31,5.29,777552.0,5902832.0
2012-06-13,5.31,5.34,5.34,5.25,646343.0,4842391.0
2012-06-12,5.25,5.32,5.25,5.23,501800.0,3742074.0
2012-06-11,5.19,5.28,5.28,5.17,474928.0,3516326.0
2012-06-08,5.37,5.39,5.19,5.19,1079807.0,8080219.0
2012-06-07,5.58,5.58,5.34,5.34,1560787.0,12019698.0
2012-06-06,5.73,5.77,5.61,5.51,2304962.0,18296056.0
2012-06-05,5.74,5.88,5.70,5.59,1245840.0,9970624.0
2012-06-04,5.73,5.86,5.73,5.58,1447699.0,11663885.0
2012-06-01,5.84,5.94,5.86,5.70,2516225.0,20598472.0
2012-05-31,5.59,6.01,5.84,5.56,2200291.0,17854890.0
2012-05-30,5.55,5.66,5.66,5.49,1338247.0,10517825.0
2012-05-29,5.45,5.73,5.61,5.40,1865132.0,14677734.0
2012-05-28,5.32,5.51,5.46,5.11,1276596.0,9699606.0
2012-05-25,5.47,5.47,5.38,5.32,1120944.0,8531048.0
2012-05-24,5.68,5.71,5.45,5.40,2427417.0,18913702.0
2012-05-23,5.80,5.84,5.69,5.65,1292558.0,10468297.0
2012-05-22,5.80,5.82,5.81,5.73,1187162.0,9691951.0
2012-05-21,5.97,6.02,5.75,5.74,2060798.0,16900566.0
2012-05-18,6.15,6.29,5.99,5.95,2618820.0,22717090.0
2012-05-17,6.02,6.26,6.22,5.97,2800470.0,24255890.0
2012-05-16,6.07,6.09,6.05,5.95,1299190.0,11032842.0
2012-05-15,5.92,6.09,6.09,5.88,1981322.0,16811396.0
2012-05-14,5.99,6.00,5.97,5.88,1345709.0,11305203.0
2012-05-11,6.01,6.02,5.88,5.88,1455323.0,12222174.0
2012-05-10,5.97,6.05,6.01,5.88,2046122.0,17198860.0
2012-05-09,6.24,6.25,5.98,5.97,2921380.0,25289620.0
2012-05-08,6.19,6.32,6.30,6.09,3279330.0,28928852.0
2012-05-07,6.17,6.25,6.22,6.02,2367858.0,20499940.0
2012-05-04,6.16,6.22,6.19,6.09,2192676.0,19039498.0
2012-05-03,6.09,6.26,6.22,6.07,2845290.0,24792034.0
2012-05-02,5.88,6.44,6.19,5.88,5992404.0,52718844.0
2012-04-27,5.80,5.91,5.85,5.73,1470952.0,12123474.0
2012-04-26,5.94,5.94,5.82,5.77,1992225.0,16448951.0
2012-04-25,5.95,6.02,5.97,5.85,3102629.0,26048358.0
2012-04-24,5.74,5.98,5.93,5.66,3874444.0,31938168.0
2012-04-23,6.09,6.14,5.81,5.81,4873035.0,40930012.0
2012-04-19,6.36,6.36,6.18,6.17,3145599.0,27732860.0
2012-04-18,6.20,6.55,6.36,6.12,5346026.0,47936204.0
2012-04-17,6.17,6.33,6.24,5.98,4327197.0,37730604.0
2012-04-16,6.25,6.43,6.17,6.16,4536949.0,40275748.0
2012-04-13,6.45,6.47,6.32,6.29,5802591.0,52205580.0
2012-04-12,6.31,6.60,6.46,6.15,8082858.0,73099560.0
2012-04-11,6.32,6.69,6.35,6.23,9987058.0,91621648.0
2012-04-10,6.11,6.50,6.47,5.84,7993481.0,69997664.0
2012-04-09,6.29,6.45,6.18,6.14,7489801.0,66522128.0
2012-04-06,5.73,6.50,6.44,5.68,12770151.0,112589240.0
2012-04-05,5.72,6.01,5.92,5.23,6106845.0,48707416.0
2012-03-30,5.88,6.18,5.81,5.80,7192150.0,60759168.0
2012-03-29,5.95,6.51,6.24,5.45,9391913.0,77316416.0
2012-03-28,5.79,6.29,6.05,5.78,10937323.0,93395136.0
2012-03-27,5.79,5.92,5.85,5.74,3725477.0,30719310.0
2012-03-26,5.73,5.85,5.80,5.68,4120396.0,33571152.0
2012-03-23,5.49,5.98,5.84,5.42,5832364.0,47095492.0
2012-03-22,5.39,5.51,5.49,5.38,1154540.0,8903094.0
2012-03-21,5.43,5.45,5.42,5.31,1345197.0,10257526.0
2012-03-20,5.61,5.61,5.38,5.37,1607878.0,12388748.0
2012-03-19,5.54,5.64,5.61,5.47,1365898.0,10695326.0
2012-03-16,5.35,5.53,5.52,5.35,1320730.0,10178990.0
2012-03-15,5.49,5.54,5.38,5.29,1683543.0,12862575.0
2012-03-14,5.95,6.05,5.51,5.40,3433269.0,28270706.0
2012-03-13,5.85,5.95,5.94,5.84,2347774.0,19578912.0
2012-03-12,5.88,5.90,5.86,5.80,1814271.0,14987025.0
2012-03-09,5.90,5.92,5.88,5.79,3049586.0,25288306.0
2012-03-08,5.71,5.95,5.93,5.71,4335413.0,35629948.0
2012-03-07,5.63,5.78,5.71,5.61,2008819.0,16215785.0
2012-03-06,5.69,5.79,5.73,5.61,1964113.0,15772528.0
2012-03-05,5.61,5.73,5.73,5.60,2005383.0,16040734.0
2012-03-02,5.58,5.62,5.61,5.53,1868587.0,14737784.0
2012-03-01,5.46,5.59,5.54,5.46,1089354.0,8505949.0
2012-02-29,5.66,5.66,5.53,5.51,1640587.0,12914282.0
2012-02-28,5.78,5.78,5.68,5.62,1587498.0,12789951.0
2012-02-27,5.83,5.90,5.80,5.76,2514833.0,20693830.0
2012-02-24,5.67,5.85,5.80,5.61,2374027.0,19229154.0
2012-02-23,5.59,5.71,5.66,5.51,2592089.0,20595702.0
2012-02-22,5.51,5.68,5.62,5.48,2836406.0,22494510.0
2012-02-21,5.42,5.52,5.51,5.35,1083228.0,8324950.0
2012-02-20,5.55,5.57,5.45,5.43,1112807.0,8655948.0
2012-02-17,5.54,5.54,5.46,5.40,1074484.0,8306111.0
2012-02-16,5.58,5.58,5.52,5.45,1499002.0,11676026.0
2012-02-15,5.38,5.56,5.54,5.32,1508243.0,11653212.0
2012-02-14,5.40,5.45,5.43,5.32,1093443.0,8343408.0
2012-02-13,5.24,5.44,5.40,5.20,1057955.0,8006927.0
2012-02-10,5.27,5.40,5.34,5.27,1316128.0,9924342.0
2012-02-09,5.25,5.40,5.33,5.20,2178902.0,16328452.0
2012-02-08,5.03,5.26,5.26,5.03,1703729.0,12466684.0
2012-02-07,5.14,5.14,5.08,5.00,1041666.0,7430155.0
2012-02-06,5.12,5.21,5.15,5.11,1320725.0,9625669.0
2012-02-03,5.03,5.15,5.13,4.99,1322295.0,9503191.0
2012-02-02,4.98,5.03,5.03,4.92,987212.0,6949041.0
2012-02-01,4.87,5.01,4.93,4.87,847179.0,5911136.0
2012-01-31,4.89,4.91,4.91,4.83,393723.0,2707740.0
2012-01-30,4.96,5.03,4.91,4.88,718759.0,5016162.0
2012-01-20,4.86,5.00,4.96,4.86,860675.0,6015012.0
2012-01-19,4.83,4.92,4.88,4.81,733093.0,5039375.0
2012-01-18,4.99,5.05,4.86,4.83,1187471.0,8301855.0
2012-01-17,4.65,4.98,4.96,4.65,1540832.0,10598914.0
2012-01-16,4.74,4.83,4.67,4.67,495925.0,3327103.0
2012-01-13,5.02,5.08,4.84,4.79,1363502.0,9462713.0
2012-01-12,4.98,5.20,5.08,4.97,1542471.0,11117756.0
2012-01-11,5.01,5.08,5.03,4.93,1506078.0,10635477.0
2012-01-10,4.76,5.04,5.03,4.76,1681840.0,11731194.0
2012-01-09,4.54,4.81,4.80,4.53,906056.0,6024327.0
2012-01-06,4.50,4.60,4.57,4.37,698283.0,4410235.0
2012-01-05,4.69,4.69,4.49,4.42,841233.0,5419085.0
2012-01-04,4.94,4.98,4.71,4.71,545750.0,3760087.0
2011-12-30,4.85,4.96,4.91,4.83,635757.0,4403520.0
2011-12-29,4.78,4.87,4.83,4.74,395629.0,2696957.0
2011-12-28,4.79,4.88,4.80,4.67,856486.0,5780677.0
2011-12-27,5.07,5.08,4.89,4.88,666130.0,4676940.0
2011-12-26,5.12,5.19,5.08,5.08,516769.0,3740698.0
2011-12-23,5.08,5.23,5.13,5.07,995509.0,7260283.0
2011-12-22,5.17,5.21,5.17,4.86,1500568.0,10712346.0
2011-12-21,5.51,5.56,5.19,5.17,1190179.0,9040392.0
2011-12-20,5.38,5.56,5.45,5.38,971276.0,7534602.0
2011-12-19,5.40,5.46,5.44,5.26,922496.0,7005094.0
2011-12-16,5.34,5.49,5.48,5.19,1430376.0,10782467.0
2011-12-15,5.49,5.58,5.37,5.32,926415.0,7111312.0
2011-12-14,5.66,5.72,5.57,5.55,645321.0,5140326.0
2011-12-13,5.98,5.98,5.68,5.68,908821.0,7381661.0
2011-12-12,6.09,6.14,5.98,5.97,754551.0,6460173.0
2011-12-09,6.22,6.24,6.12,6.08,634501.0,5517318.0
2011-12-08,6.26,6.35,6.26,6.10,1219262.0,10762195.0
2011-12-07,6.23,6.31,6.28,6.16,663653.0,5862169.0
2011-12-06,6.37,6.37,6.29,6.20,814229.0,7208273.0
2011-12-05,6.54,6.54,6.36,6.19,1863731.0,16526131.0
2011-12-02,6.63,6.63,6.43,6.41,2361604.0,21619854.0
2011-12-01,6.52,6.77,6.72,6.47,4738678.0,44424516.0
2011-11-29,6.48,6.60,6.58,6.40,1700265.0,15608246.0
2011-11-28,6.43,6.50,6.42,6.34,1443805.0,13063323.0
2011-11-25,6.57,6.65,6.43,6.37,1819426.0,16795112.0
2011-11-24,6.72,6.77,6.58,6.48,2536622.0,23612896.0
2011-11-23,7.06,7.06,6.87,6.85,2964093.0,28950096.0
2011-11-22,7.19,7.25,7.11,6.94,4776309.0,47679192.0
2011-11-21,6.80,7.40,7.35,6.80,9353604.0,95008456.0
2011-11-18,6.89,6.94,6.89,6.71,1714678.0,16573079.0
2011-11-17,6.90,6.96,6.96,6.77,1571106.0,15224559.0
2011-11-16,7.08,7.08,6.90,6.82,2118190.0,20797216.0
2011-11-15,7.05,7.21,7.09,6.94,3051973.0,30327662.0
2011-11-11,6.77,6.99,6.94,6.77,2573433.0,25130228.0
2011-11-10,6.72,6.92,6.79,6.65,1895521.0,18172812.0
2011-11-09,6.72,6.81,6.81,6.61,1385283.0,13128371.0
2011-11-08,6.83,6.87,6.71,6.67,1369717.0,13097398.0
2011-11-07,6.88,6.97,6.83,6.80,1882534.0,18279042.0
2011-11-04,6.86,6.97,6.88,6.75,1870474.0,18104118.0
2011-11-03,6.75,6.94,6.82,6.72,3363776.0,32523690.0
2011-11-02,6.51,6.84,6.78,6.39,3198767.0,29815888.0
2011-11-01,6.61,6.66,6.60,6.48,1629038.0,15150766.0
2011-10-31,6.56,6.68,6.65,6.53,1316847.0,12278828.0
2011-10-28,6.54,6.65,6.62,6.52,2167433.0,20144080.0
2011-10-27,6.44,6.65,6.51,6.31,2677464.0,24579316.0
2011-10-26,6.38,6.56,6.47,6.38,1770191.0,16209401.0
2011-10-25,6.29,6.46,6.45,6.19,1656776.0,14915345.0
2011-10-24,6.29,6.34,6.29,6.05,1524942.0,13393961.0
2011-10-21,6.51,6.51,6.26,6.22,1240760.0,11123513.0
2011-10-20,6.84,6.84,6.50,6.44,1787011.0,16566296.0
2011-10-19,6.88,7.01,6.84,6.82,1195230.0,11610141.0
2011-10-18,7.06,7.15,6.89,6.87,1776339.0,17629082.0
2011-10-17,7.05,7.19,7.14,6.99,2578782.0,25902240.0
2011-10-13,6.97,7.12,7.05,6.95,2908456.0,28955396.0
2011-10-12,6.85,7.08,6.94,6.69,4592154.0,44938200.0
2011-10-11,7.06,7.11,6.85,6.78,833614.0,8169208.0
2011-10-10,7.12,7.14,6.83,6.80,1260042.0,12284182.0
2011-09-30,7.04,7.13,7.07,7.04,551156.0,5510584.0
2011-09-29,7.11,7.21,7.06,7.01,1048316.0,10557279.0
2011-09-28,7.30,7.31,7.12,7.10,704900.0,7157418.0
2011-09-27,7.23,7.32,7.19,7.10,768800.0,7820377.0
2011-09-26,7.29,7.40,7.16,7.15,1078050.0,11013378.0
2011-09-23,7.36,7.43,7.36,7.10,892398.0,9214589.0
2011-09-22,7.70,7.79,7.43,7.43,1271316.0,13664802.0
2011-09-21,7.57,7.82,7.81,7.44,1391285.0,15170770.0
2011-09-20,7.40,7.72,7.57,7.38,918922.0,9800502.0
2011-09-19,7.79,7.79,7.48,7.43,1295418.0,13843726.0
2011-09-16,7.98,7.99,7.81,7.80,1321420.0,14690188.0
2011-09-15,7.83,8.03,7.96,7.79,2491349.0,27901526.0
2011-09-14,7.56,7.82,7.82,7.23,1562268.0,16731634.0
2011-09-13,7.62,7.69,7.56,7.45,1143721.0,12171274.0
2011-09-09,7.86,7.98,7.82,7.75,1958721.0,21661014.0
2011-09-08,8.00,8.21,7.91,7.84,3354506.0,38032604.0
2011-09-07,7.40,8.35,8.12,7.40,5761760.0,64299268.0
2011-09-06,7.14,7.79,7.79,7.07,970190.0,9968761.0
2011-09-05,7.49,7.49,7.17,7.15,1417243.0,14543307.0
2011-09-02,7.55,7.61,7.55,7.48,631530.0,6731664.0
2011-09-01,7.69,7.78,7.55,7.52,1036717.0,11205892.0
2011-08-31,7.84,7.89,7.68,7.60,925267.0,10077403.0
2011-08-30,7.94,8.03,7.84,7.82,1394211.0,15587040.0
2011-08-29,7.99,8.01,7.87,7.87,1264384.0,14154125.0
2011-08-26,7.87,8.06,8.06,7.82,2296710.0,25832162.0
2011-08-25,7.81,7.90,7.86,7.73,1883168.0,20795968.0
2011-08-24,7.86,7.92,7.75,7.72,1864256.0,20592652.0
2011-08-23,7.51,7.94,7.91,7.48,2746053.0,30082314.0
2011-08-22,7.41,7.56,7.48,7.40,720177.0,7614464.0
2011-08-19,7.37,7.49,7.46,7.37,1009279.0,10566863.0
2011-08-18,7.48,7.74,7.60,7.48,1374824.0,14846972.0
2011-08-17,7.71,7.78,7.63,7.58,1621972.0,17542654.0
2011-08-16,7.86,7.93,7.75,7.72,1378742.0,15165860.0
2011-08-15,7.70,7.94,7.86,7.70,1298225.0,14379271.0
2011-08-12,7.58,7.75,7.68,7.58,1540393.0,16733516.0
2011-08-11,7.23,7.57,7.56,7.16,1326465.0,13893893.0
2011-08-10,7.61,7.64,7.45,7.45,1536396.0,16350080.0
2011-08-09,7.43,7.50,7.43,7.11,2301408.0,23823652.0
2011-08-08,7.96,8.14,7.64,7.51,1139791.0,12608303.0
2011-08-05,8.54,8.54,8.34,8.21,976051.0,11513408.0
2011-08-04,8.74,8.83,8.64,8.61,882459.0,10811007.0
2011-08-03,8.49,8.76,8.74,8.44,1123951.0,13780645.0
2011-08-02,8.49,8.61,8.61,8.39,689089.0,8237148.0
2011-08-01,8.38,8.57,8.54,8.30,737361.0,8817911.0
2011-07-29,8.52,8.56,8.38,8.25,871216.0,10341743.0
2011-07-28,8.48,8.57,8.52,8.41,843409.0,10090050.0
2011-07-27,8.45,8.59,8.57,8.35,873776.0,10519298.0
2011-07-26,8.46,8.54,8.45,8.35,766360.0,9120645.0
2011-07-25,8.96,8.98,8.48,8.35,1454480.0,17971526.0
2011-07-22,8.93,9.05,9.00,8.93,893728.0,11351929.0
2011-07-21,9.12,9.13,8.91,8.91,1304670.0,16583707.0
2011-07-20,9.12,9.19,9.10,9.00,1340043.0,17186850.0
2011-07-19,9.33,9.33,9.08,9.05,3379160.0,43577000.0
2011-07-18,9.57,9.59,9.37,9.34,2961244.0,39538384.0
2011-07-15,9.41,9.56,9.56,9.30,3116663.0,41502104.0
2011-07-14,9.41,9.48,9.42,9.33,1963577.0,26091928.0
2011-07-13,9.25,9.38,9.34,9.24,1522609.0,20047542.0
2011-07-12,9.34,9.34,9.23,9.21,1114235.0,14559433.0
2011-07-11,9.28,9.44,9.41,9.20,1197080.0,15868431.0
2011-07-08,9.49,9.64,9.34,9.27,1533473.0,20305054.0
2011-07-07,9.59,9.71,9.49,9.48,1908836.0,25778942.0
2011-07-06,9.43,9.63,9.63,9.33,2248074.0,30213532.0
2011-07-05,9.43,9.52,9.43,9.37,1633763.0,21722944.0
2011-07-04,9.32,9.44,9.42,9.22,1505634.0,19917612.0
2011-07-01,9.23,9.37,9.27,9.21,832048.0,10897258.0
2011-06-30,9.08,9.29,9.23,9.07,846939.0,10997001.0
2011-06-29,9.29,9.37,9.10,9.08,1193272.0,15542429.0
2011-06-28,9.15,9.60,9.38,9.15,1821368.0,24059676.0
2011-06-27,9.04,9.18,9.13,9.00,1719230.0,22044996.0
2011-06-24,9.05,9.18,9.08,8.85,1252439.0,16073684.0
2011-06-23,8.82,9.06,9.05,8.67,683219.0,11220164.0
2011-06-22,8.80,8.90,8.76,8.74,388908.0,6311650.0
2011-06-21,8.62,8.86,8.86,8.52,462847.0,7436844.0
2011-06-20,8.49,8.61,8.53,8.48,237833.0,3751606.0
2011-06-17,8.46,8.63,8.50,8.46,212800.0,3370865.0
2011-06-16,8.53,8.60,8.45,8.39,291842.0,4575284.0
2011-06-15,8.56,8.74,8.62,8.56,207182.0,3316072.0
2011-06-14,8.63,8.70,8.66,8.50,339408.0,5419869.0
2011-06-13,8.52,8.56,8.52,8.34,252901.0,3955092.0
2011-06-10,8.41,8.60,8.54,8.39,276449.0,4333028.0
2011-06-09,8.76,8.80,8.54,8.54,311322.0,4973022.0
2011-06-08,8.93,9.02,8.77,8.74,459592.0,7455652.0
2011-06-07,8.88,8.93,8.86,8.82,253202.0,4151997.0
2011-06-03,8.82,9.02,8.92,8.82,226051.0,3737207.0
2011-06-02,8.87,8.90,8.88,8.66,338329.0,5481904.0
2011-06-01,8.88,9.02,8.95,8.88,412235.0,6822262.0
2011-05-31,8.76,8.97,8.96,8.76,689103.0,11313870.0
2011-05-30,8.55,8.79,8.71,8.37,439074.0,7022641.0
2011-05-27,8.58,8.58,8.55,8.27,531181.0,8288437.0
2011-05-26,8.66,8.82,8.58,8.58,382753.0,6096716.0
2011-05-25,8.84,8.92,8.60,8.52,464528.0,7434468.0
2011-05-24,8.82,8.88,8.84,8.39,501431.0,8072634.0
2011-05-23,9.35,9.35,8.87,8.78,655347.0,10906715.0
2011-05-20,9.45,9.50,9.36,9.20,572352.0,9886305.0
2011-05-18,9.48,9.61,9.44,9.44,397500.0,6988473.0
2011-05-17,9.47,9.58,9.48,9.36,415271.0,7284475.0
2011-05-16,9.63,9.77,9.51,9.49,881388.0,15692765.0
2011-05-13,9.54,9.69,9.58,9.47,622023.0,10969502.0
2011-05-12,9.68,9.77,9.60,9.59,516271.0,9223595.0
2011-05-11,9.48,9.88,9.75,9.48,791011.0,14219631.0
2011-05-10,9.39,9.62,9.57,9.37,411438.0,7221194.0
2011-05-09,9.35,9.46,9.39,9.34,342053.0,5944402.0
2011-05-06,9.47,9.50,9.34,9.20,723149.0,12470151.0
2011-05-05,9.48,9.56,9.50,9.45,383173.0,6728181.0
2011-05-04,9.72,9.72,9.49,9.46,870409.0,15301513.0
2011-05-03,9.84,9.88,9.75,9.47,735913.0,13123732.0
2011-04-29,9.80,9.88,9.81,9.65,563711.0,10150680.0
2011-04-28,10.17,10.18,9.80,9.58,1917084.0,34757984.0
2011-04-27,10.53,10.63,10.07,10.07,1507494.0,28837868.0
2011-04-26,10.09,10.60,10.53,10.07,3278823.0,63032628.0
2011-04-25,10.01,10.44,10.18,9.75,2318727.0,43554288.0
2011-04-22,10.30,10.45,10.07,10.07,1200864.0,22637266.0
2011-04-21,10.30,10.50,10.30,10.22,1272944.0,24256428.0
2011-04-20,10.39,10.60,10.33,10.06,2424912.0,46270316.0
2011-04-19,10.15,11.14,10.62,9.96,6281534.0,122296872.0
2011-04-18,9.61,10.28,10.24,9.61,2899064.0,53533324.0
2011-04-15,9.53,9.61,9.61,9.44,624932.0,10970544.0
2011-04-14,9.46,9.54,9.52,9.37,758732.0,13309279.0
2011-04-13,9.46,9.47,9.46,9.35,623775.0,10814655.0
2011-04-12,9.47,9.62,9.47,9.47,463911.0,8153713.0
2011-04-11,9.84,9.84,9.60,9.53,802109.0,14299639.0
2011-04-08,9.74,9.84,9.81,9.61,853652.0,15414703.0
2011-04-07,9.54,9.67,9.67,9.45,682131.0,12047887.0
2011-04-06,9.53,9.62,9.54,9.48,571203.0,10083642.0
2011-04-01,9.48,9.58,9.54,9.48,315447.0,5547334.0
2011-03-31,9.53,9.61,9.48,9.46,541400.0,9494919.0
2011-03-30,9.43,9.57,9.47,9.43,475920.0,8338669.0
2011-03-29,9.89,9.89,9.43,9.43,1129090.0,20218528.0
2011-03-28,10.27,10.27,9.92,9.89,1113514.0,20554252.0
2011-03-25,10.08,10.20,10.13,9.99,822436.0,15313003.0
2011-03-24,9.98,10.20,10.12,9.98,1008797.0,18892316.0
2011-03-23,9.90,10.06,10.01,9.90,802945.0,14845155.0
2011-03-22,9.95,9.95,9.90,9.77,426837.0,7762510.0
2011-03-21,9.89,9.99,9.91,9.85,421258.0,7710252.0
2011-03-18,9.90,10.00,9.95,9.77,635625.0,11632125.0
2011-03-17,9.88,9.92,9.76,9.75,689965.0,12503379.0
2011-03-16,9.79,9.97,9.92,9.79,551392.0,10086892.0
2011-03-15,10.09,10.11,9.79,9.69,1196438.0,21719870.0
2011-03-14,9.94,10.12,10.11,9.93,755182.0,14021751.0
2011-03-11,9.94,10.09,9.96,9.91,807306.0,14925130.0
2011-03-10,10.13,10.14,9.94,9.92,1039893.0,19196460.0
2011-03-09,10.27,10.27,10.17,10.11,722051.0,13550755.0
2011-03-08,10.25,10.26,10.22,10.11,595854.0,11203758.0
2011-03-07,10.09,10.26,10.18,9.99,1328703.0,24886170.0
2011-03-04,10.04,10.09,10.09,9.76,891395.0,16350914.0
2011-03-03,9.99,10.18,10.01,9.95,1138694.0,21171408.0
2011-03-02,10.29,10.34,10.06,9.95,1458952.0,27211094.0
2011-03-01,10.31,10.43,10.36,10.28,1510845.0,28875892.0
2011-02-28,10.28,10.32,10.32,10.13,1197053.0,22629266.0
2011-02-25,10.42,10.45,10.27,10.14,1701600.0,32090798.0
2011-02-24,10.45,10.60,10.45,10.39,985480.0,19063336.0
2011-02-23,10.45,10.57,10.51,10.39,1208238.0,23389834.0
2011-02-22,10.83,11.03,10.45,10.39,2423753.0,47916548.0
2011-02-21,10.52,10.93,10.91,10.40,1941359.0,38438088.0
2011-02-18,10.64,10.66,10.53,10.50,1051154.0,20566178.0
2011-02-17,10.61,10.74,10.58,10.42,1594637.0,31158176.0
2011-02-16,10.37,10.69,10.66,10.30,1823847.0,35568288.0
2011-02-15,10.31,10.48,10.34,10.20,1630190.0,31138944.0
2011-02-14,10.31,10.45,10.31,10.24,1556991.0,29693980.0
2011-02-11,10.28,10.37,10.30,10.18,1764727.0,33512284.0
2011-02-10,9.80,10.33,10.25,9.74,1511836.0,28061720.0
2011-02-09,9.58,9.83,9.83,9.53,1097030.0,19645602.0
2011-02-01,9.68,9.83,9.58,9.49,939693.0,16651470.0
2011-01-31,9.79,9.79,9.67,9.53,1212062.0,21561096.0
2011-01-28,9.91,9.91,9.80,9.66,690942.0,12463723.0
2011-01-27,9.76,9.95,9.80,9.63,775750.0,14083589.0
2011-01-26,9.66,9.90,9.82,9.66,497805.0,9028057.0
2011-01-25,9.68,9.81,9.74,9.37,752145.0,13422751.0
2011-01-24,9.58,9.84,9.66,9.42,1082692.0,19214500.0
2011-01-21,9.26,9.63,9.49,9.20,633009.0,11013426.0
2011-01-20,9.92,9.92,9.37,9.29,936023.0,16619859.0
2011-01-19,9.79,10.06,9.93,9.66,829873.0,15179300.0
2011-01-18,9.63,9.85,9.76,9.56,558121.0,10067909.0
2011-01-17,10.22,10.30,9.71,9.63,1393985.0,25578452.0
2011-01-14,10.81,10.81,10.30,10.24,1153349.0,22240544.0
2011-01-13,10.92,10.93,10.84,10.75,704393.0,14084669.0
2011-01-12,10.81,10.86,10.85,10.52,1105744.0,21799624.0
2011-01-11,10.92,11.02,10.72,10.56,1893661.0,37493612.0
2011-01-10,11.15,11.23,11.03,10.96,744284.0,15260352.0
2011-01-07,11.52,11.61,11.26,10.96,1719841.0,35921976.0
2011-01-06,11.78,11.78,11.52,11.34,1302052.0,27678166.0
2011-01-05,11.71,11.82,11.80,11.53,1433673.0,30989966.0
2011-01-04,11.59,11.83,11.69,11.45,1916671.0,41315224.0
