date,open,high,close,low,volume,amount
2015-11-27,20.10,20.85,18.96,18.32,47782620.0,942960192.0
2015-11-26,21.23,21.23,20.28,20.12,62302960.0,1282237696.0
2015-11-25,19.34,21.23,21.23,19.05,65307716.0,1312788352.0
2015-11-24,19.50,20.58,19.30,18.26,75696608.0,1471940608.0
2015-11-23,17.00,18.98,18.98,16.37,65236316.0,1175539072.0
2015-11-20,17.25,17.25,17.25,16.51,66577984.0,1141429888.0
2015-11-19,14.45,15.68,15.68,14.39,25809400.0,395067296.0
2015-11-18,13.77,14.88,14.25,13.58,36935792.0,527577344.0
2015-11-17,13.50,14.43,13.66,13.50,33916496.0,477810880.0
2015-11-16,12.34,13.18,13.12,12.34,17527528.0,224917712.0
2015-11-13,13.18,13.32,12.79,12.69,19609644.0,254817936.0
2015-11-12,13.99,13.99,13.21,12.85,42528408.0,568692480.0
2015-11-11,11.80,12.82,12.82,11.62,21147978.0,261633776.0
2015-11-10,11.65,11.91,11.65,11.43,16002212.0,187211712.0
2015-11-09,11.35,11.79,11.77,11.20,19884284.0,229325200.0
2015-11-06,11.05,11.57,11.50,10.85,20229692.0,227843152.0
2015-11-05,11.04,11.35,11.00,10.85,19780894.0,219200944.0
2015-11-04,10.45,11.02,11.00,10.41,15507764.0,166990672.0
2015-11-03,10.32,10.57,10.37,10.20,8387947.0,87156112.0
2015-11-02,10.31,10.77,10.30,10.17,8321687.0,87103768.0
2015-10-30,10.66,10.82,10.59,10.45,8440795.0,89992112.0
2015-10-29,10.80,10.95,10.69,10.47,12176380.0,130549216.0
2015-10-28,11.57,11.61,10.69,10.65,23347010.0,262300032.0
2015-10-27,10.80,11.37,11.15,10.30,18153674.0,197086432.0
2015-10-26,10.88,11.00,10.95,10.57,20874326.0,225639712.0
2015-10-23,10.12,10.97,10.81,10.02,20627472.0,216434640.0
2015-10-22,9.77,10.14,10.11,9.62,13634989.0,135407632.0
2015-10-21,11.02,11.09,9.77,9.77,21383198.0,222686704.0
2015-10-20,10.47,10.95,10.85,10.36,15405132.0,164549312.0
2015-10-19,10.86,10.87,10.47,10.31,15451002.0,163546144.0
2015-10-16,10.54,10.97,10.86,10.30,20270556.0,216102256.0
2015-10-15,9.98,10.55,10.53,9.92,15451842.0,158902864.0
2015-10-14,10.18,10.40,9.98,9.91,11741205.0,118299360.0
2015-10-13,9.90,10.25,10.21,9.82,14673097.0,148473216.0
2015-10-12,9.60,10.09,10.05,9.57,14555669.0,144018848.0
2015-10-09,9.40,9.56,9.47,9.28,8517990.0,80170392.0
2015-10-08,9.23,9.63,9.42,9.20,10257618.0,96498824.0
2015-09-30,9.03,9.08,8.96,8.81,4879599.0,43641156.0
2015-09-29,8.78,9.13,8.95,8.69,8727850.0,78001200.0
2015-09-28,8.74,9.00,8.93,8.65,4637299.0,41082360.0
2015-09-25,9.27,9.33,8.74,8.55,9382219.0,84229096.0
2015-09-24,9.24,9.43,9.29,9.20,6861899.0,63881564.0
2015-09-23,9.02,9.45,9.15,9.02,7243870.0,66874052.0
2015-09-22,9.58,9.58,9.35,9.20,12676396.0,119380104.0
2015-09-21,9.22,9.48,9.46,9.01,10483561.0,97176160.0
2015-09-18,9.39,9.62,9.11,8.91,11782918.0,107734136.0
2015-09-17,10.09,10.19,9.40,9.40,23334804.0,230184832.0
2015-09-16,8.74,10.60,10.44,8.74,26223926.0,248095264.0
2015-09-11,9.76,10.07,9.71,9.50,17314100.0,168046224.0
2015-09-10,9.30,10.36,9.80,8.98,27852544.0,273899616.0
2015-09-09,8.91,9.43,9.42,8.81,18266752.0,166092528.0
2015-09-08,8.20,8.95,8.80,8.05,12800035.0,107116032.0
2015-09-07,7.81,8.35,8.20,7.81,15435818.0,125508792.0
2015-09-02,7.81,8.55,7.59,7.48,16328650.0,128596552.0
2015-09-01,9.08,9.20,8.28,8.28,11205561.0,96081312.0
2015-08-31,9.76,9.76,9.20,9.20,8839036.0,83458048.0
2015-08-28,9.32,9.85,9.76,9.20,12824197.0,121522248.0
2015-08-27,9.19,9.58,9.00,8.30,13897052.0,124607440.0
2015-08-26,10.22,10.35,9.12,9.12,16719683.0,160497456.0
2015-08-25,10.13,10.30,10.13,10.13,7822400.0,79296736.0
2015-08-24,12.00,12.00,11.25,11.25,5924074.0,67326776.0
2015-08-21,12.89,13.06,12.50,11.90,9699906.0,121228080.0
2015-08-20,13.56,13.76,13.09,13.05,8674252.0,116101432.0
2015-08-19,13.01,13.80,13.75,12.51,15732620.0,207788384.0
2015-08-18,14.94,15.16,13.39,13.39,17702476.0,255285024.0
2015-08-17,14.54,14.88,14.88,14.40,11471096.0,168179536.0
2015-08-14,14.77,14.87,14.55,14.46,12959999.0,190089552.0
2015-08-13,14.35,14.76,14.75,14.12,12498039.0,180976032.0
2015-08-12,14.63,15.19,14.52,14.50,16273189.0,240509488.0
2015-08-11,14.56,15.22,14.94,14.56,23607240.0,352875264.0
2015-08-10,13.90,14.79,14.50,13.90,20055808.0,288082880.0
2015-08-07,13.60,13.81,13.70,13.51,13387444.0,183007616.0
2015-08-06,13.01,13.76,13.39,12.88,9751236.0,130709584.0
2015-08-05,13.97,14.30,13.40,13.33,21559214.0,298478752.0
2015-08-04,13.50,14.44,14.38,12.74,29082772.0,396830144.0
2015-08-03,13.56,15.06,13.59,13.56,36695896.0,505238912.0
2015-07-31,15.07,15.07,15.07,15.07,2545100.0,38354656.0
2015-07-30,16.74,16.74,16.74,16.74,6493600.0,108702864.0
2015-07-29,18.60,18.60,18.60,18.60,1866800.0,34722480.0
2015-05-04,19.61,20.67,20.67,19.55,19143648.0,385072448.0
2015-04-30,19.51,20.20,19.68,19.50,12553574.0,249880160.0
2015-04-29,19.03,19.54,19.39,19.00,8778078.0,169865440.0
2015-04-28,19.98,19.98,19.03,18.99,11499731.0,222496304.0
2015-04-27,19.66,20.24,19.87,19.66,14407041.0,287178560.0
2015-04-24,19.88,19.96,19.66,19.18,15659856.0,307431456.0
2015-04-23,20.20,20.40,20.08,19.73,20405704.0,408458592.0
2015-04-22,20.05,20.54,20.00,19.85,19832064.0,398288352.0
2015-04-21,19.49,20.00,19.97,19.20,13616367.0,268294256.0
2015-04-20,20.59,20.59,19.50,19.19,16296203.0,323530496.0
2015-04-17,20.28,21.16,20.68,20.20,16156772.0,332637984.0
2015-04-16,19.86,20.46,20.16,19.27,16301243.0,324919040.0
2015-04-15,22.28,22.28,20.28,20.12,17126636.0,361437184.0
2015-04-14,21.70,22.92,22.35,20.85,23992122.0,538619904.0
2015-04-13,21.10,22.00,21.74,20.80,20176992.0,433647104.0
2015-04-10,19.11,21.21,21.00,19.02,18062704.0,368256768.0
2015-04-09,19.95,19.99,19.42,18.09,18467516.0,352465824.0
2015-04-08,21.02,21.76,20.10,19.88,19330326.0,400473728.0
2015-04-07,19.90,21.49,21.02,19.65,17062042.0,355699712.0
2015-04-03,19.90,20.36,19.95,19.50,17452488.0,345851424.0
2015-04-02,19.14,20.02,20.02,19.09,21439742.0,418520480.0
2015-04-01,18.18,19.35,18.97,18.18,21677646.0,407994176.0
2015-03-31,17.86,18.48,18.12,17.62,17568012.0,315561440.0
2015-03-30,17.98,18.39,17.86,17.60,13322787.0,238571616.0
2015-03-27,17.50,18.14,17.98,17.41,17284044.0,308772224.0
2015-03-26,17.40,18.00,17.57,17.18,19574360.0,342902624.0
2015-03-25,17.90,17.90,17.69,17.04,28730912.0,504895872.0
2015-03-24,18.49,18.49,18.03,17.38,25694422.0,461701760.0
2015-03-23,17.93,18.31,18.31,17.55,44884424.0,806227072.0
2015-03-20,16.55,18.21,18.21,16.18,37310340.0,634458240.0
2015-03-19,17.16,17.16,16.55,16.46,22120372.0,369362144.0
2015-03-18,16.98,17.25,17.20,16.65,18824726.0,317843552.0
2015-03-17,17.78,18.12,17.10,16.79,22925320.0,399614752.0
2015-03-16,17.44,17.85,17.75,17.23,14760721.0,260149376.0
2015-03-13,16.78,17.50,17.23,16.69,20896512.0,358131840.0
2015-03-12,15.65,16.77,16.69,15.40,18519484.0,298940544.0
2015-03-11,15.99,16.15,15.67,15.51,13360821.0,211871584.0
2015-03-10,15.50,16.40,15.88,15.40,14118434.0,226878176.0
2015-03-09,15.40,15.80,15.55,14.50,12662958.0,192043856.0
2015-03-06,16.20,16.49,15.72,15.40,20801004.0,333911776.0
2015-03-05,15.60,16.19,15.83,15.20,22436752.0,352437632.0
2015-03-04,14.50,15.45,15.35,14.50,27940560.0,422728864.0
2015-03-03,13.70,14.88,14.30,13.54,26751232.0,381189504.0
2015-03-02,13.57,13.78,13.78,13.42,9899032.0,134362848.0
2015-02-27,13.66,13.99,13.57,13.55,10058696.0,138213120.0
2015-02-26,13.71,13.79,13.74,13.50,7886664.0,107543752.0
2015-02-25,14.15,14.17,13.77,13.61,12709963.0,175725680.0
2015-02-17,13.24,14.21,14.15,13.20,21326738.0,293839264.0
2015-02-16,12.81,13.39,13.35,12.80,13353793.0,176462640.0
2015-02-13,12.71,12.96,12.87,12.70,13605523.0,174830976.0
2015-02-12,12.35,13.20,12.92,12.24,17565616.0,224129648.0
2015-02-11,12.09,12.43,12.33,12.09,5815562.0,71562288.0
2015-02-10,12.17,12.18,12.08,11.93,3064722.0,36922388.0
2015-02-09,12.04,12.26,12.14,11.94,4305370.0,52339216.0
2015-02-06,11.94,12.16,12.04,11.88,4203503.0,50481712.0
2015-02-05,12.12,12.35,12.02,11.92,6778606.0,82556320.0
2015-02-04,12.30,12.37,12.09,12.06,4841283.0,59082616.0
2015-02-03,12.10,12.43,12.37,11.98,7113560.0,87158208.0
2015-02-02,11.78,12.09,12.09,11.74,3104408.0,37107180.0
2015-01-30,11.97,12.12,11.97,11.85,3353561.0,40263640.0
2015-01-29,12.09,12.09,11.97,11.88,4677507.0,56058792.0
2015-01-28,12.30,12.30,12.14,12.03,5875357.0,71244584.0
2015-01-27,12.31,12.56,12.34,12.12,6507283.0,80194392.0
2015-01-26,12.02,12.38,12.32,12.01,5074505.0,62165900.0
2015-01-23,12.28,12.40,12.09,12.01,5393688.0,65757656.0
2015-01-22,12.19,12.35,12.28,12.08,6092669.0,74590336.0
2015-01-21,11.76,12.25,12.19,11.61,8676301.0,104830736.0
2015-01-20,11.26,11.85,11.76,11.26,7227817.0,83999656.0
2015-01-19,11.44,11.81,11.22,11.13,5597211.0,64318956.0
2015-01-16,11.32,11.67,11.60,11.32,5002421.0,57673516.0
2015-01-15,11.32,11.46,11.40,11.23,3616970.0,41037640.0
2015-01-14,11.43,11.56,11.31,11.29,3384325.0,38676612.0
2015-01-13,11.24,11.47,11.44,11.22,4439237.0,50487308.0
2015-01-12,11.25,11.36,11.21,11.02,3350310.0,37461532.0
2015-01-09,11.36,11.55,11.25,11.23,5142349.0,58766064.0
2015-01-08,11.36,11.46,11.36,11.22,3457599.0,39322412.0
2015-01-07,11.40,11.42,11.35,11.19,4948453.0,55911268.0
2015-01-06,10.99,11.45,11.39,10.88,8042761.0,90639272.0
2015-01-05,10.84,11.12,11.08,10.50,6632766.0,71798848.0
2014-12-31,10.60,10.88,10.86,10.36,5274283.0,56375728.0
2014-12-30,11.25,11.25,10.59,10.58,7783835.0,84264200.0
2014-12-29,12.00,12.01,11.20,11.07,9674137.0,110522720.0
2014-12-26,12.14,12.25,12.21,12.10,3109910.0,37880100.0
2014-12-25,12.11,12.24,12.13,11.99,2936026.0,35603780.0
2014-12-24,11.90,12.17,12.07,11.90,3081879.0,37057016.0
2014-12-23,11.84,12.17,11.87,11.84,3576812.0,42926224.0
2014-12-22,12.71,12.71,11.84,11.84,6420243.0,77846640.0
2014-12-19,13.20,13.21,12.80,12.69,5902205.0,76099056.0
2014-12-18,13.25,13.37,13.20,13.20,3948465.0,52409208.0
2014-12-17,13.51,13.52,13.25,13.07,5254895.0,69731400.0
2014-12-16,13.72,13.75,13.58,13.52,4484536.0,60983008.0
2014-12-15,13.54,13.72,13.69,13.39,5524115.0,74935352.0
2014-12-12,13.38,13.56,13.52,13.26,6012288.0,80619712.0
2014-12-11,13.51,13.51,13.33,13.23,5016648.0,66808656.0
2014-12-10,13.06,13.50,13.45,13.06,5343391.0,71162696.0
2014-12-09,13.42,13.42,13.04,13.03,7901702.0,104260544.0
2014-12-08,13.90,13.90,13.52,13.47,6075055.0,82515536.0
2014-12-05,14.32,14.35,13.80,13.30,8796076.0,121934376.0
2014-12-04,14.30,14.53,14.35,14.25,7863191.0,113178816.0
2014-12-03,14.50,14.60,14.40,14.08,11085186.0,158530656.0
2014-12-02,15.39,15.45,14.70,14.60,15962305.0,238984528.0
2014-12-01,14.40,14.79,14.72,14.15,12837420.0,186452752.0
2014-11-28,14.36,14.47,14.08,13.97,9668574.0,137630208.0
2014-11-27,13.67,14.26,14.25,13.67,8753151.0,122146184.0
2014-11-26,13.82,13.82,13.67,13.57,3899941.0,53344696.0
2014-11-25,13.60,13.80,13.79,13.52,3216520.0,44207772.0
2014-11-24,13.44,13.74,13.60,13.44,4180980.0,56871340.0
2014-11-21,13.34,13.48,13.44,13.31,2682905.0,35972756.0
2014-11-20,13.52,13.55,13.36,13.35,2052457.0,27504784.0
2014-11-19,13.39,13.51,13.49,13.27,2986330.0,40025924.0
2014-11-18,13.43,13.45,13.40,13.28,1952471.0,26082902.0
2014-11-17,13.21,13.47,13.43,13.21,2610200.0,34915748.0
2014-11-14,13.11,13.32,13.21,13.03,2799350.0,36953972.0
2014-11-13,13.51,13.59,13.11,13.10,3791434.0,50246964.0
2014-11-12,13.30,13.50,13.50,13.20,2407718.0,32229968.0
2014-11-11,14.01,14.07,13.32,13.17,5404167.0,73426392.0
2014-11-10,14.23,14.23,14.01,13.94,3977762.0,55780840.0
2014-11-07,14.39,14.48,14.15,14.15,3624116.0,51785780.0
2014-11-06,14.25,14.42,14.39,14.18,2664436.0,38118080.0
2014-11-05,14.24,14.30,14.25,14.12,2477583.0,35174456.0
2014-11-04,14.48,14.48,14.20,14.12,4146152.0,59048192.0
2014-11-03,14.40,14.64,14.53,14.39,3810646.0,55329864.0
2014-10-31,14.54,14.60,14.39,14.20,3613936.0,51813852.0
2014-10-30,14.69,14.77,14.50,14.40,3428621.0,50047484.0
2014-10-29,14.68,14.77,14.70,14.55,3007018.0,44079264.0
2014-10-28,14.29,14.62,14.59,14.26,2991346.0,43428880.0
2014-10-27,14.31,14.49,14.39,13.92,2460352.0,35043432.0
2014-10-24,14.60,14.65,14.31,14.25,3357018.0,48240508.0
2014-10-23,15.00,15.26,14.57,14.56,4712662.0,69722760.0
2014-10-22,16.00,16.34,15.27,15.17,8118654.0,126708168.0
2014-10-20,14.80,14.99,14.97,14.79,2719383.0,40584788.0
2014-10-17,15.21,15.25,14.79,14.60,5036530.0,74813656.0
2014-10-16,15.41,15.54,15.20,15.20,3816172.0,58708032.0
2014-10-15,15.39,15.51,15.45,15.12,5265917.0,80467744.0
2014-10-14,15.46,15.67,15.46,15.41,2691546.0,41824620.0
2014-10-13,15.75,15.75,15.56,15.32,4262994.0,66036156.0
2014-10-10,16.12,16.14,15.75,15.70,5582749.0,88547264.0
2014-10-09,16.18,16.29,16.09,16.01,7223812.0,116561560.0
2014-10-08,16.06,16.30,16.14,16.01,5192976.0,83720176.0
2014-09-30,16.13,16.13,16.05,15.86,5203223.0,83338112.0
2014-09-29,15.74,16.05,15.92,15.74,5650574.0,90078584.0
2014-09-26,15.70,15.91,15.80,15.60,4645188.0,73101168.0
2014-09-25,16.06,16.19,15.92,15.75,5793147.0,92275976.0
2014-09-24,15.69,16.09,16.05,15.59,7622015.0,121709616.0
2014-09-23,15.37,15.70,15.68,15.30,3863212.0,59962292.0
2014-09-22,15.64,15.64,15.23,15.23,4313505.0,66544980.0
2014-09-19,15.52,15.69,15.66,15.40,4113784.0,64062616.0
2014-09-18,15.36,15.61,15.56,15.26,4185244.0,64488284.0
2014-09-17,15.31,15.51,15.35,15.11,4701357.0,71887752.0
2014-09-16,16.26,16.30,15.32,15.28,8625888.0,136354640.0
2014-09-15,15.90,16.20,16.15,15.88,6594864.0,105829712.0
2014-09-12,15.78,16.07,16.00,15.61,6713708.0,106869264.0
2014-09-11,16.42,16.77,15.84,15.79,14079256.0,228269984.0
2014-09-10,16.30,16.43,16.26,16.07,11013400.0,178937792.0
2014-09-09,15.87,16.49,16.48,15.61,16725904.0,270370784.0
2014-09-05,15.47,15.98,15.87,15.47,14331878.0,226431296.0
2014-09-04,15.60,15.70,15.49,15.36,14407982.0,223233888.0
2014-09-03,15.60,16.48,15.75,15.60,26582738.0,424117408.0
2014-09-02,14.91,15.09,14.98,14.78,8792350.0,131301288.0
2014-09-01,14.62,14.87,14.87,14.60,5798915.0,85732704.0
2014-08-29,14.48,14.72,14.62,14.27,5108820.0,73999208.0
2014-08-28,15.09,15.09,14.50,14.50,7829965.0,115195008.0
2014-08-27,14.78,15.18,15.09,14.69,12438648.0,186162400.0
2014-08-26,14.36,14.84,14.77,14.36,10584934.0,155223392.0
2014-08-25,14.70,14.84,14.45,14.31,6004946.0,87176328.0
2014-08-22,14.53,14.84,14.68,14.53,8275327.0,121551784.0
2014-08-21,14.40,14.63,14.62,14.21,6431113.0,92420272.0
2014-08-20,14.58,14.64,14.36,14.30,7323989.0,105390704.0
2014-08-19,14.40,14.65,14.54,14.33,8639976.0,125413928.0
2014-08-18,14.29,14.47,14.43,14.16,9792044.0,140616512.0
2014-08-15,13.72,14.13,14.12,13.72,5553814.0,77578072.0
2014-08-14,13.75,13.91,13.72,13.62,4184760.0,57776700.0
2014-08-13,13.92,13.95,13.75,13.55,5560086.0,76232800.0
2014-08-12,14.04,14.04,13.94,13.78,6535148.0,90833936.0
2014-08-11,14.01,14.21,14.17,14.01,3858357.0,54511560.0
2014-08-08,13.99,14.11,13.98,13.91,2778135.0,38948792.0
2014-08-07,14.29,14.29,13.91,13.91,4591066.0,64587964.0
2014-08-06,14.30,14.41,14.30,14.00,5807760.0,82570800.0
2014-08-05,13.96,14.24,14.20,13.79,4720139.0,66214532.0
2014-08-04,13.67,13.89,13.89,13.64,3263118.0,45095232.0
2014-08-01,13.89,13.89,13.66,13.62,3294782.0,45359056.0
2014-07-31,13.69,13.93,13.91,13.59,4004394.0,55157164.0
2014-07-30,13.69,13.80,13.75,13.61,3319445.0,45502828.0
2014-07-29,13.57,13.88,13.76,13.53,4354222.0,59835992.0
2014-07-28,13.47,13.66,13.62,13.40,4366693.0,59127608.0
2014-07-25,13.38,13.55,13.46,13.30,3025098.0,40672752.0
2014-07-24,13.81,13.88,13.34,13.11,7017112.0,94136416.0
2014-07-23,14.51,14.52,13.90,13.80,8107822.0,114430440.0
2014-07-22,14.78,15.36,14.70,14.40,11524312.0,168877328.0
2014-07-21,14.12,15.25,14.76,14.03,11978101.0,174810272.0
2014-07-18,13.50,14.07,13.99,13.49,5567853.0,77344584.0
2014-07-17,13.36,13.69,13.56,13.35,2912626.0,39412580.0
2014-07-16,13.72,13.85,13.32,13.28,4740576.0,64188436.0
2014-07-15,14.03,14.05,13.71,13.71,3176910.0,43917336.0
2014-07-14,13.89,13.96,13.96,13.45,4399680.0,60816980.0
2014-07-11,14.25,14.29,13.83,13.78,5422719.0,76965816.0
2014-07-10,14.34,14.53,14.32,14.24,2874532.0,41748924.0
2014-07-09,14.22,14.71,14.42,14.16,5806227.0,85134440.0
2014-07-08,14.09,14.29,14.23,14.07,3056818.0,43864772.0
2014-07-07,14.49,14.49,14.10,14.05,4160996.0,59815032.0
2014-07-04,14.87,14.87,14.47,14.46,3795720.0,55871564.0
2014-07-03,14.81,14.92,14.84,14.60,3497380.0,52177616.0
2014-07-02,14.88,14.88,14.74,14.53,2981649.0,44282756.0
2014-07-01,14.79,15.09,14.84,14.59,4820283.0,72158008.0
2014-06-30,14.93,14.93,14.69,14.52,5248366.0,77989776.0
2014-06-27,15.10,15.18,15.05,14.72,5515975.0,83404072.0
2014-06-26,14.99,15.63,15.23,14.84,10795199.0,166785648.0
2014-06-25,14.19,15.04,14.65,14.16,8246203.0,122544032.0
2014-06-24,14.41,14.41,14.33,14.17,4609428.0,66594688.0
2014-06-23,13.60,14.35,14.26,13.60,6820709.0,97535856.0
2014-06-20,13.05,13.54,13.53,13.05,3423351.0,46294848.0
2014-06-19,14.09,14.31,13.21,13.16,6003000.0,83177416.0
2014-06-18,14.15,14.30,14.01,14.00,5083537.0,72796480.0
2014-06-17,14.11,14.42,14.21,13.99,9987354.0,143995904.0
2014-06-16,13.96,14.15,14.12,13.70,9106117.0,127693112.0
2014-06-13,13.61,14.10,13.92,13.61,10131880.0,141901472.0
2014-06-12,13.55,13.64,13.64,13.35,4235227.0,57654460.0
2014-06-11,13.45,13.80,13.68,13.42,5946387.0,81868088.0
2014-06-10,13.51,13.51,13.45,13.24,4834662.0,65439164.0
2014-06-09,13.50,13.64,13.43,13.35,3844185.0,52316812.0
2014-06-06,13.71,13.80,13.55,13.37,3207509.0,44005192.0
2014-06-05,13.45,13.72,13.69,13.32,3946897.0,53940844.0
2014-06-04,13.86,13.88,13.54,13.40,4945092.0,67641080.0
2014-06-03,13.75,13.93,13.85,13.51,5152608.0,71574088.0
2014-05-30,13.41,13.94,13.86,13.14,11658866.0,160174048.0
2014-05-29,13.41,13.43,13.23,12.99,5207095.0,69253464.0
2014-05-28,13.17,13.43,13.40,13.03,6036441.0,80773352.0
2014-05-27,13.24,13.62,13.17,13.04,6914549.0,93227144.0
2014-05-23,12.83,13.25,13.21,12.77,4622252.0,60914244.0
2014-05-22,13.01,13.18,12.85,12.85,4256964.0,55838324.0
2014-05-21,12.56,13.04,13.00,12.36,4693386.0,60810268.0
2014-05-20,12.35,12.87,12.53,12.35,3875661.0,49733080.0
2014-05-19,12.32,12.45,12.30,12.22,1932339.0,24068598.0
2014-05-16,12.60,12.74,12.46,12.16,3988096.0,49931380.0
2014-05-15,12.88,12.99,12.66,12.26,4222075.0,53855448.0
2014-05-14,13.05,13.12,12.95,12.93,2574876.0,33850876.0
2014-05-13,13.10,13.16,13.06,12.92,4051198.0,53377428.0
2014-05-12,12.35,13.04,13.04,12.35,5526092.0,71343384.0
2014-05-09,12.61,12.71,12.31,12.07,3705229.0,46110076.0
2014-05-08,12.76,12.94,12.56,12.51,4671880.0,60340220.0
2014-05-07,13.16,13.16,12.74,12.71,5381047.0,70487400.0
2014-05-06,12.85,13.74,13.31,12.67,10674618.0,143392688.0
2014-05-05,12.46,12.82,12.66,12.38,3921937.0,49921172.0
2014-04-30,12.26,12.60,12.46,12.19,3744680.0,46949592.0
2014-04-29,11.93,12.27,12.21,11.92,4131864.0,50618384.0
2014-04-28,12.90,12.90,11.94,11.92,6362595.0,79343656.0
2014-04-25,13.38,13.44,13.12,13.10,3475044.0,46626792.0
2014-04-24,13.36,13.45,13.32,13.19,3683852.0,49598464.0
2014-04-23,14.13,14.14,13.37,13.33,8599451.0,118370720.0
2014-04-22,14.40,14.48,14.13,13.90,3652461.0,52119292.0
2014-04-21,14.47,14.52,14.36,14.25,3842090.0,55985812.0
2014-04-18,14.54,14.70,14.63,14.45,2043084.0,30205174.0
2014-04-17,14.65,14.79,14.62,14.59,3278857.0,48710256.0
2014-04-16,14.89,14.99,14.69,14.66,3501653.0,52420604.0
2014-04-15,15.05,15.20,14.89,14.86,4135851.0,62639180.0
2014-04-14,14.93,15.31,15.06,14.84,4501287.0,68463568.0
2014-04-11,14.97,14.98,14.93,14.66,5225474.0,78439728.0
2014-04-10,15.01,15.31,15.05,14.94,6588673.0,100803840.0
2014-04-09,14.60,15.09,14.98,14.57,7028914.0,106001272.0
2014-04-08,14.58,14.69,14.66,14.25,7581460.0,111475376.0
2014-04-04,14.39,14.67,14.52,14.34,5271355.0,77422744.0
2014-04-03,14.23,14.75,14.44,14.13,5241405.0,76584960.0
2014-04-02,14.57,14.68,14.22,13.95,5941787.0,85999992.0
2014-04-01,14.36,14.81,14.57,13.85,8295245.0,120314168.0
2014-03-31,15.59,15.92,14.66,14.66,10938561.0,164029600.0
2014-03-28,17.06,17.41,16.29,15.94,4719561.0,78846200.0
2014-03-27,17.74,17.90,17.17,17.17,5140064.0,91050088.0
2014-03-26,17.50,17.95,17.74,17.24,8877495.0,158441968.0
2014-03-25,16.96,17.64,17.51,16.54,9658295.0,167525520.0
2014-03-21,16.13,17.07,16.96,15.16,9682626.0,158149408.0
2014-03-20,16.72,17.17,16.23,16.16,6335837.0,107649928.0
2014-03-19,16.99,17.01,16.60,16.53,3830416.0,64554144.0
2014-03-18,16.83,17.25,17.01,16.82,5052107.0,87095992.0
2014-03-17,16.02,17.01,16.95,16.02,5104407.0,85584448.0
2014-03-14,16.58,16.71,16.45,16.23,2491831.0,41528224.0
2014-03-13,16.56,16.77,16.57,16.41,3000562.0,50267888.0
2014-03-12,16.14,16.66,16.60,16.11,4017385.0,66637444.0
2014-03-11,16.31,16.52,16.09,16.02,3280553.0,53978212.0
2014-03-10,16.72,16.87,16.31,16.28,5154215.0,86224352.0
2014-03-07,17.71,17.74,17.05,17.01,4447919.0,78131464.0
2014-03-06,17.65,18.05,17.63,17.28,5007299.0,89509024.0
2014-03-05,17.49,17.76,17.65,17.39,5105990.0,90995304.0
2014-03-04,17.11,17.65,17.56,16.83,7437996.0,130739736.0
2014-03-03,16.77,17.25,17.23,16.70,7391048.0,126812352.0
2014-02-28,17.21,17.38,16.72,16.32,12006701.0,203751680.0
2014-02-27,18.08,18.32,17.21,17.10,7757865.0,139592496.0
2014-02-26,18.40,18.40,17.98,17.41,7198114.0,129532408.0
2014-02-25,20.26,20.76,18.68,18.23,11907995.0,238241040.0
2014-02-24,20.54,20.55,20.26,19.73,5916991.0,120000288.0
2014-02-21,20.37,20.61,20.43,20.08,5513244.0,113707864.0
2014-02-20,21.17,21.22,20.42,20.09,9956957.0,205820256.0
2014-02-19,21.98,22.24,21.29,20.98,7772646.0,168178496.0
2014-02-18,22.44,22.85,22.03,21.85,6677712.0,149705168.0
2014-02-17,22.14,22.60,22.56,21.66,7411429.0,166171296.0
2014-02-14,21.68,22.11,21.85,21.56,5570282.0,122981080.0
2014-02-13,22.57,22.57,21.66,21.66,8102334.0,179895712.0
2014-02-12,23.74,23.78,22.75,21.86,11777861.0,269798240.0
2014-02-11,23.95,24.63,23.79,23.34,6952542.0,168095952.0
2014-02-10,23.79,25.09,24.28,23.46,8422364.0,206709264.0
2014-02-07,22.36,24.02,23.74,21.89,5773597.0,134560752.0
2014-01-30,23.84,24.19,22.83,22.65,6109504.0,146059632.0
2014-01-29,23.11,23.80,23.57,22.76,5864174.0,138942208.0
2014-01-28,23.38,23.68,23.11,22.40,4853639.0,112409024.0
2014-01-27,23.74,24.28,23.30,23.00,8311111.0,197950768.0
2014-01-24,21.86,24.23,23.63,21.82,16706915.0,395029472.0
2014-01-23,20.30,22.36,22.16,20.19,14307686.0,306629376.0
2014-01-22,19.20,20.81,20.49,19.15,10414960.0,212994160.0
2014-01-21,18.65,19.16,19.15,18.65,2886047.0,55390448.0
2014-01-20,19.23,19.29,18.65,18.48,2578838.0,49053196.0
2014-01-17,19.13,19.59,19.23,18.79,3361922.0,65552160.0
2014-01-16,19.42,19.83,19.13,19.09,4082041.0,80316128.0
2014-01-15,18.79,19.49,19.49,18.71,5179255.0,100479176.0
2014-01-14,18.85,18.91,18.82,18.13,4721656.0,88227640.0
2014-01-13,19.83,19.87,18.93,18.71,5932276.0,114700424.0
2014-01-10,19.88,20.54,19.91,19.46,5181628.0,104095472.0
2014-01-09,19.59,20.82,20.16,19.47,8891415.0,183296176.0
2014-01-08,19.04,19.97,19.79,19.04,6641321.0,131518112.0
2014-01-07,19.07,19.44,19.17,18.94,2612252.0,50839456.0
2014-01-06,19.67,19.70,19.17,18.89,4018047.0,78227640.0
2014-01-03,18.97,19.90,19.67,18.91,8365524.0,164109424.0
2014-01-02,18.83,19.15,19.03,18.60,3100982.0,59514628.0
2013-12-31,18.68,18.84,18.70,18.49,2487593.0,46938400.0
2013-12-30,19.20,19.28,18.78,18.47,5465537.0,103620760.0
2013-12-27,18.54,19.27,19.11,18.20,6185410.0,117484872.0
2013-12-26,19.49,20.07,19.10,18.90,8177970.0,160785648.0
2013-12-25,18.56,19.58,19.47,18.35,5795564.0,110582896.0
2013-12-24,18.06,18.74,18.35,18.06,4254640.0,79122960.0
2013-12-23,18.81,18.94,18.05,17.80,3799376.0,69672392.0
2013-12-20,19.56,19.56,18.81,18.66,3230971.0,61732484.0
2013-12-19,19.64,19.95,19.29,19.20,3175860.0,62887812.0
2013-12-18,19.59,19.68,19.46,19.16,2711189.0,53456768.0
2013-12-17,19.50,19.71,19.35,18.74,4172053.0,81004424.0
2013-12-16,20.29,20.65,19.34,19.29,5560760.0,111644760.0
2013-12-13,20.47,20.76,20.36,20.11,4336479.0,89243584.0
2013-12-12,20.08,20.95,20.76,20.08,5045506.0,105498824.0
2013-12-11,21.10,21.10,20.20,19.80,8355415.0,171860768.0
2013-12-10,21.47,21.88,21.17,21.08,5355245.0,116201088.0
2013-12-09,21.43,21.72,21.56,20.68,6299299.0,136145376.0
2013-12-06,21.16,21.68,21.42,20.59,6516925.0,139143376.0
2013-12-05,21.77,22.17,21.27,21.27,9252675.0,202245984.0
2013-12-04,22.08,22.97,22.17,22.01,14388086.0,327137152.0
2013-12-03,18.89,21.69,21.69,18.89,11618952.0,244963504.0
2013-12-02,21.43,21.51,19.72,19.72,10787369.0,223315216.0
2013-11-29,22.12,22.45,21.91,21.62,12277587.0,272964896.0
2013-11-28,19.91,21.67,21.48,19.72,12058264.0,253785728.0
2013-11-27,18.99,19.91,19.70,18.99,7007766.0,138464976.0
2013-11-26,19.72,19.86,18.78,18.75,6309684.0,121956208.0
2013-11-25,19.75,20.46,19.72,19.44,5960212.0,120615176.0
2013-11-22,19.88,20.37,19.98,19.44,8205528.0,165307136.0
2013-11-21,18.70,19.88,19.78,18.45,9586924.0,186865136.0
2013-11-20,18.93,19.17,18.88,18.31,5199247.0,98379560.0
2013-11-19,19.01,19.39,19.01,18.74,5013269.0,96416344.0
2013-11-18,18.80,19.27,19.01,18.45,6434782.0,123140344.0
2013-11-15,17.62,18.77,18.58,17.62,11846264.0,220420352.0
2013-11-14,17.05,17.94,17.80,16.37,11779660.0,205801616.0
2013-11-13,17.89,18.03,17.21,17.19,4679878.0,83760760.0
2013-11-12,17.95,18.29,17.89,17.63,5583620.0,101564656.0
2013-11-11,17.76,18.30,18.05,17.33,3533488.0,63893864.0
2013-11-08,18.04,18.40,17.74,17.56,4753870.0,86506440.0
2013-11-07,18.60,19.27,18.49,18.03,4782732.0,89827136.0
2013-11-06,19.48,19.90,18.81,18.70,7190881.0,140086576.0
2013-11-05,18.22,19.93,19.68,18.01,7415603.0,142356736.0
2013-11-04,18.27,18.63,18.27,18.15,5247629.0,97600896.0
2013-11-01,19.34,19.36,18.25,17.86,10608016.0,197552048.0
2013-10-31,21.82,21.86,19.85,19.85,7891264.0,160869792.0
2013-10-30,22.15,22.75,22.06,21.66,5806483.0,130548056.0
2013-10-29,21.34,22.74,22.26,21.28,9917332.0,219744928.0
2013-10-28,21.20,22.06,21.19,20.73,6970652.0,150670432.0
2013-10-25,23.31,23.53,21.19,21.19,9468963.0,207399344.0
2013-10-24,22.60,23.85,23.54,21.74,6755361.0,155311232.0
2013-10-23,25.06,25.06,23.37,23.37,10255711.0,247415696.0
2013-10-22,27.80,28.77,25.98,25.23,11858715.0,325896384.0
2013-10-21,25.14,27.09,27.09,25.11,8825276.0,233333824.0
2013-10-18,26.29,26.79,24.63,24.43,8742277.0,222253808.0
2013-10-17,26.22,27.88,26.67,26.22,7218528.0,197635808.0
2013-10-16,26.76,28.18,26.70,24.73,9848333.0,268575712.0
2013-10-15,26.72,27.18,26.71,26.12,8237590.0,221291152.0
2013-10-14,27.79,27.94,27.09,26.21,7662167.0,210457728.0
2013-10-11,24.28,26.97,26.97,24.28,13944073.0,366557152.0
2013-10-10,24.93,25.62,24.52,24.31,9190826.0,231743200.0
2013-10-09,24.93,26.11,25.08,24.62,12500807.0,317408768.0
2013-10-08,24.71,26.21,25.62,23.93,13852583.0,350958464.0
2013-09-30,21.65,23.83,23.83,21.17,13446016.0,311130944.0
2013-09-27,21.96,22.50,21.66,21.19,14836307.0,326589824.0
2013-09-26,19.49,21.05,20.58,19.19,18601348.0,382128640.0
2013-09-25,20.05,20.05,19.54,18.89,20195308.0,401152544.0
2013-09-24,18.23,18.23,18.23,18.23,819304.0,15099773.0
2013-09-13,16.49,16.72,16.57,16.21,4178817.0,69617040.0
2013-09-12,16.25,16.81,16.51,16.08,5183458.0,86584456.0
2013-09-11,16.68,16.71,16.13,15.92,8321069.0,136623504.0
2013-09-10,17.35,17.69,16.82,16.75,8597882.0,149398672.0
2013-09-09,17.66,18.39,17.36,16.88,7385896.0,130788264.0
2013-09-06,17.41,18.49,17.90,17.11,9234008.0,166113120.0
2013-09-05,17.69,18.74,17.67,17.37,11131235.0,203579360.0
2013-09-04,17.01,18.17,17.90,16.87,12454605.0,219991920.0
2013-09-03,16.79,17.68,17.40,16.37,14610033.0,249818800.0
2013-09-02,14.49,16.16,16.16,14.15,13244621.0,208045648.0
2013-08-30,15.21,15.67,14.69,14.28,12060488.0,180877264.0
2013-08-29,15.00,15.73,15.23,14.69,11709871.0,179902672.0
2013-08-28,14.27,15.52,15.00,13.96,12690507.0,192519392.0
2013-08-27,13.77,14.94,14.40,13.55,11472439.0,165192016.0
2013-08-26,13.11,13.74,13.67,13.01,8790038.0,118463480.0
2013-08-23,12.94,13.14,13.11,12.74,9117592.0,119613232.0
2013-08-22,12.54,13.01,12.92,12.44,7397059.0,95431712.0
2013-08-21,12.57,12.66,12.57,12.36,4130136.0,52193012.0
2013-08-20,12.35,12.73,12.57,12.35,5440149.0,69033520.0
2013-08-19,11.83,12.49,12.35,11.77,4890932.0,60528756.0
2013-08-16,12.45,12.80,12.07,12.04,8397239.0,105475896.0
2013-08-15,11.93,12.82,12.61,11.91,11013485.0,138950448.0
2013-08-14,12.06,12.08,11.90,11.82,4150410.0,50000472.0
2013-08-13,12.01,12.09,12.04,11.72,5021863.0,60427336.0
2013-08-12,12.48,12.66,12.06,11.82,8412995.0,103224072.0
2013-08-09,12.67,13.04,12.44,12.40,7868659.0,100954712.0
2013-08-08,12.57,12.84,12.67,12.46,5731257.0,73159672.0
2013-08-07,12.71,12.95,12.72,12.36,8884099.0,113683176.0
2013-08-06,13.30,13.45,12.71,12.46,15364067.0,199663136.0
2013-08-05,12.00,12.32,12.32,11.77,6766318.0,82301752.0
2013-08-02,12.02,12.32,11.88,11.72,7247923.0,88060368.0
2013-08-01,11.40,12.08,11.94,11.35,8705059.0,103566992.0
2013-07-31,11.63,12.02,11.40,11.20,9923747.0,115823032.0
2013-07-30,13.16,13.37,11.84,11.84,16248617.0,198838576.0
2013-07-29,13.45,13.69,13.16,12.85,11673986.0,156016432.0
2013-07-26,12.20,13.50,13.50,12.20,11765234.0,153923888.0
2013-07-25,12.88,12.99,12.28,12.22,7393658.0,93659608.0
2013-07-24,12.56,13.09,12.92,12.31,11318566.0,146563392.0
2013-07-23,11.72,12.56,12.39,11.72,14205586.0,174705312.0
2013-07-22,10.73,11.69,11.69,10.70,7165314.0,82221520.0
2013-07-19,11.29,11.83,11.17,11.16,8863531.0,103172048.0
2013-07-18,11.23,11.63,11.29,11.00,8388814.0,95985000.0
2013-07-17,11.14,11.66,11.26,10.90,11610890.0,132772352.0
2013-07-16,10.36,11.24,11.22,10.35,11730461.0,128135024.0
2013-07-15,10.60,10.95,10.34,10.29,9071433.0,97059024.0
2013-07-12,10.56,11.04,10.49,10.39,8727684.0,95321464.0
2013-07-11,10.22,10.76,10.55,10.09,10128257.0,107448520.0
2013-07-10,10.15,10.97,10.34,10.07,14384647.0,153427856.0
2013-07-09,9.74,10.32,10.31,9.60,10499297.0,106950880.0
2013-07-08,10.02,10.38,9.76,9.60,11463954.0,115394408.0
2013-07-05,10.38,10.61,10.22,10.21,15616329.0,164428128.0
2013-07-04,9.30,10.37,10.37,9.20,21368446.0,215506624.0
2013-07-03,9.24,9.55,9.43,8.80,11266865.0,104615040.0
2013-07-02,8.92,9.40,9.23,8.85,10585917.0,98898000.0
2013-07-01,8.42,8.99,8.99,8.27,5257193.0,45979600.0
2013-06-28,8.34,8.64,8.37,7.91,5906657.0,49752780.0
2013-06-27,8.95,9.35,8.44,8.42,9864371.0,89633984.0
2013-06-26,8.59,9.02,9.00,8.47,9440734.0,84570776.0
2013-06-25,8.24,8.64,8.61,7.66,10079859.0,82537832.0
2013-06-24,8.98,9.08,8.51,8.42,7615766.0,67562864.0
2013-06-21,8.63,9.03,8.98,8.41,5596877.0,49660224.0
2013-06-20,9.04,9.18,8.91,8.64,8104598.0,72666760.0
2013-06-19,9.25,9.37,9.18,8.99,8049190.0,74515424.0
2013-06-18,9.00,9.45,9.36,8.84,16159168.0,150640752.0
2013-06-17,8.42,9.25,9.08,8.41,15270769.0,136271952.0
2013-06-14,8.28,8.57,8.41,8.23,8382996.0,71228808.0
2013-06-13,8.26,8.29,8.20,7.51,5669454.0,46243360.0
2013-06-07,7.96,8.41,8.34,7.96,7542135.0,62827944.0
2013-06-06,7.80,8.12,7.97,7.80,2480703.0,20017982.0
2013-06-05,7.95,8.09,7.90,7.81,2463081.0,19774438.0
2013-06-04,8.22,8.26,7.99,7.95,4407682.0,35962108.0
2013-06-03,8.23,8.45,8.21,8.20,3699665.0,31116816.0
2013-05-31,8.52,8.64,8.21,8.17,5498018.0,46783116.0
2013-05-30,8.29,8.54,8.48,8.20,6086984.0,51708304.0
2013-05-29,8.16,8.39,8.32,8.07,5287191.0,44201664.0
2013-05-28,8.32,8.44,8.14,8.02,6726604.0,55456712.0
2013-05-27,8.41,8.71,8.39,8.25,11917551.0,102395024.0
2013-05-24,8.18,8.48,8.34,8.18,6703373.0,56249396.0
2013-05-23,8.36,8.58,8.28,8.24,7133039.0,60548352.0
2013-05-22,8.75,8.75,8.34,8.31,9237167.0,79264360.0
2013-05-21,8.73,8.82,8.77,8.54,10291682.0,90294016.0
2013-05-20,8.70,9.04,8.86,8.50,14214237.0,125746728.0
2013-05-17,8.32,8.88,8.68,8.13,13493898.0,116047832.0
2013-05-16,7.87,8.56,8.31,7.84,12587775.0,105205240.0
2013-05-15,7.70,7.94,7.91,7.68,7687751.0,60800124.0
2013-05-14,7.52,7.77,7.76,7.29,6255056.0,47596804.0
2013-05-13,7.57,7.89,7.54,7.48,6736151.0,52224468.0
2013-05-10,7.45,7.71,7.64,7.45,5672270.0,43668692.0
2013-05-09,7.66,7.66,7.53,7.35,5805158.0,43832428.0
2013-05-08,7.51,7.77,7.62,7.50,7109415.0,54713980.0
2013-05-07,7.47,7.72,7.52,7.39,6958232.0,53095760.0
2013-05-06,7.42,7.71,7.53,7.40,11752331.0,89718496.0
2013-05-03,6.97,7.62,7.51,6.94,15871708.0,119780256.0
2013-05-02,6.77,6.94,6.92,6.73,2418142.0,16771341.0
2013-04-26,7.12,7.18,6.85,6.82,4380094.0,30976970.0
2013-04-25,7.11,7.36,7.12,7.01,6819781.0,49769784.0
2013-04-24,6.81,7.16,7.12,6.79,4530136.0,31994790.0
2013-04-23,7.04,7.06,6.81,6.78,3418196.0,23740600.0
2013-04-22,7.12,7.25,7.01,6.99,5157262.0,37027560.0
2013-04-19,7.03,7.18,7.17,6.92,5411714.0,38969580.0
2013-04-18,7.12,7.12,7.06,6.98,4472600.0,31885984.0
2013-04-17,6.92,7.17,7.14,6.92,6809198.0,48635032.0
2013-04-16,6.64,6.99,6.98,6.62,5356659.0,37372892.0
2013-04-15,6.87,7.05,6.79,6.73,4769881.0,33179212.0
2013-04-12,6.73,6.83,6.74,6.63,3594419.0,24452270.0
2013-04-11,6.56,6.86,6.78,6.56,4247317.0,28900472.0
2013-04-10,6.61,7.06,6.65,6.45,6814840.0,46692300.0
2013-04-09,6.22,6.53,6.43,6.22,2436962.0,15798079.0
2013-04-08,6.17,6.32,6.32,6.06,2450816.0,15270982.0
2013-04-03,6.49,6.55,6.26,6.24,3126559.0,20003846.0
2013-04-02,6.65,6.67,6.50,6.46,1936388.0,12827999.0
2013-04-01,6.44,6.70,6.65,6.39,2941130.0,19610820.0
2013-03-29,6.53,6.60,6.44,6.43,2556491.0,16852358.0
2013-03-28,6.81,6.81,6.53,6.49,3555026.0,23643356.0
2013-03-27,7.07,7.09,6.79,6.73,5891663.0,41176984.0
2013-03-26,6.89,7.03,7.02,6.78,6417632.0,44921200.0
2013-03-25,6.72,7.02,6.88,6.69,6774252.0,46993060.0
2013-03-22,6.72,6.88,6.72,6.65,3491024.0,23765072.0
2013-03-21,6.65,6.87,6.78,6.56,5314119.0,36188688.0
2013-03-20,6.49,6.67,6.64,6.48,4114377.0,27386718.0
2013-03-19,6.40,6.47,6.47,6.35,2798459.0,18157390.0
2013-03-18,6.58,6.59,6.40,6.34,4119439.0,26871276.0
2013-03-15,6.73,6.82,6.59,6.58,7045570.0,47855740.0
2013-03-14,6.41,6.75,6.70,6.37,5803475.0,38839440.0
2013-03-13,6.58,6.59,6.47,6.33,4096298.0,26753668.0
2013-03-12,7.02,7.13,6.66,6.49,7884919.0,54291332.0
2013-03-11,6.99,7.20,7.04,6.97,6833526.0,49042732.0
2013-03-08,6.96,7.08,6.99,6.94,4594542.0,32532496.0
2013-03-07,7.22,7.22,6.95,6.90,11033350.0,78497624.0
2013-03-06,7.13,7.27,7.22,7.03,11605360.0,84319448.0
2013-03-05,6.95,7.23,7.20,6.95,12988478.0,93438216.0
2013-03-04,7.47,7.74,7.03,6.90,23779728.0,175490832.0
2013-03-01,7.77,7.85,7.67,7.59,31592168.0,246417232.0
2013-02-28,7.89,8.04,8.04,7.54,44511124.0,354610208.0
2013-02-27,7.31,7.31,7.31,7.31,9915564.0,73276016.0
2013-02-26,6.73,6.85,6.65,6.63,5088284.0,34580744.0
2013-02-25,7.07,7.10,6.81,6.74,9968716.0,68965728.0
2013-02-22,7.51,7.70,7.06,7.04,19431636.0,144567920.0
2013-02-21,6.56,7.22,7.22,6.51,7891163.0,56907780.0
2013-02-20,6.44,6.59,6.57,6.41,2384536.0,15687943.0
2013-02-19,6.53,6.61,6.45,6.43,2603957.0,17062600.0
2013-02-18,6.29,6.59,6.55,6.25,4402697.0,28889994.0
2013-02-08,6.19,6.31,6.29,6.19,1595209.0,10110142.0
2013-02-07,6.31,6.31,6.23,6.18,1729089.0,10851865.0
2013-02-06,6.39,6.40,6.27,6.26,1882482.0,11986033.0
2013-02-05,6.26,6.39,6.35,6.18,2027108.0,12927159.0
2013-02-04,6.30,6.43,6.26,6.17,2446286.0,15478432.0
2013-02-01,6.23,6.33,6.30,6.05,2474451.0,15564468.0
2013-01-31,6.36,6.43,6.26,6.26,2330210.0,14844010.0
2013-01-30,6.49,6.53,6.38,6.24,3694529.0,23831332.0
2013-01-29,6.24,6.55,6.49,6.18,6494429.0,41977620.0
2013-01-28,6.05,6.18,6.18,6.02,3491701.0,21623476.0
2013-01-25,6.05,6.22,6.01,5.95,3334986.0,20510006.0
2013-01-24,6.38,6.40,6.09,6.03,7410417.0,46585684.0
2013-01-23,6.34,6.53,6.34,6.14,7569977.0,48462716.0
2013-01-22,6.81,7.13,6.41,6.39,14242423.0,97699112.0
2013-01-21,6.64,6.79,6.74,6.51,10264155.0,69049792.0
2013-01-18,6.43,6.66,6.65,6.34,9350869.0,61725712.0
2013-01-17,6.42,6.75,6.54,6.33,8442777.0,55785544.0
2013-01-16,6.67,6.68,6.48,6.36,9753240.0,64226820.0
2013-01-15,6.58,6.72,6.72,6.50,13121648.0,87561368.0
2013-01-14,6.33,6.91,6.66,6.24,20930072.0,141452176.0
2013-01-11,6.41,6.77,6.46,6.35,25979372.0,172364992.0
2013-01-10,6.62,6.63,6.63,6.28,30278384.0,199975856.0
2013-01-09,5.54,6.02,6.02,5.47,8412390.0,49134764.0
2013-01-08,5.32,5.63,5.48,5.29,5860415.0,32438380.0
2013-01-07,5.24,5.33,5.33,5.15,3028795.0,16129774.0
2013-01-04,5.40,5.42,5.28,5.21,4969443.0,26633632.0
2012-12-31,5.40,5.41,5.37,5.33,2102415.0,11420483.0
2012-12-28,5.29,5.44,5.40,5.26,3147216.0,17018310.0
2012-12-27,5.34,5.39,5.29,5.28,2193053.0,11813352.0
2012-12-26,5.30,5.36,5.35,5.24,2160444.0,11608034.0
2012-12-25,5.14,5.36,5.31,5.14,4131430.0,22103786.0
2012-12-24,5.12,5.18,5.13,5.10,1296363.0,6751017.0
2012-12-21,5.14,5.19,5.12,5.12,1622612.0,8462233.0
2012-12-20,5.14,5.18,5.14,5.06,1694763.0,8788691.0
2012-12-19,5.16,5.19,5.15,5.11,2081731.0,10854934.0
2012-12-18,5.14,5.21,5.17,5.11,1857723.0,9685986.0
2012-12-17,5.14,5.20,5.14,5.09,2231034.0,11590638.0
2012-12-14,4.89,5.16,5.14,4.88,3183849.0,16291689.0
2012-12-13,4.93,4.98,4.89,4.87,1099608.0,5473996.0
2012-12-12,4.96,5.02,4.93,4.87,2172181.0,10814284.0
2012-12-11,5.02,5.08,4.97,4.97,1569197.0,7948608.0
2012-12-10,4.96,5.08,5.04,4.92,1789645.0,9076903.0
2012-12-07,4.85,4.95,4.93,4.79,1760576.0,8680582.0
2012-12-06,4.81,4.88,4.80,4.80,748996.0,3651664.0
2012-12-05,4.65,4.93,4.84,4.62,1899660.0,9236630.0
2012-12-04,4.63,4.67,4.65,4.48,1173377.0,5426677.0
2012-12-03,4.85,4.86,4.63,4.63,682684.0,3289664.0
2012-11-30,4.79,4.87,4.81,4.73,817310.0,3976693.0
2012-11-29,4.97,4.97,4.78,4.77,783116.0,3858622.0
2012-11-28,5.03,5.03,4.89,4.89,880334.0,4388088.0
2012-11-27,5.30,5.32,5.02,5.02,1049081.0,5397598.0
2012-11-26,5.40,5.40,5.32,5.30,616995.0,3344004.0
2012-11-23,5.44,5.45,5.40,5.38,548073.0,3003607.0
2012-11-22,5.43,5.45,5.40,5.34,519500.0,2834117.0
2012-11-21,5.44,5.46,5.43,5.27,840371.0,4585831.0
2012-11-20,5.40,5.46,5.40,5.34,811619.0,4435058.0
2012-11-19,5.40,5.41,5.38,5.30,639672.0,3463698.0
2012-11-16,5.37,5.42,5.38,5.28,856994.0,4630603.0
2012-11-15,5.52,5.55,5.39,5.36,701304.0,3875560.0
2012-11-14,5.62,5.69,5.55,5.46,1022352.0,5744706.0
2012-11-13,5.71,5.71,5.62,5.61,701298.0,3998670.0
2012-11-12,5.69,5.71,5.70,5.65,637093.0,3660423.0
2012-11-09,5.76,5.78,5.67,5.64,914181.0,5270517.0
2012-11-08,5.94,5.96,5.77,5.75,1388585.0,8243101.0
2012-11-07,6.00,6.02,5.99,5.94,645161.0,3910035.0
2012-11-06,6.10,6.10,6.00,5.93,864007.0,5238589.0
2012-11-05,6.08,6.11,6.10,6.04,503138.0,3098531.0
2012-11-02,6.05,6.10,6.10,6.01,635273.0,3892971.0
2012-11-01,5.94,6.07,6.04,5.94,923117.0,5624893.0
2012-10-31,5.93,5.98,5.94,5.90,410260.0,2462158.0
2012-10-30,5.98,6.04,5.93,5.93,553879.0,3349490.0
2012-10-29,5.89,6.02,6.01,5.86,1019186.0,6147286.0
2012-10-26,6.13,6.16,5.93,5.93,1547728.0,9438768.0
2012-10-25,6.18,6.31,6.14,6.14,1323713.0,8345204.0
2012-10-24,6.14,6.24,6.19,6.11,805374.0,5032485.0
2012-10-23,6.32,6.34,6.15,6.15,1511629.0,9552328.0
2012-10-22,6.26,6.34,6.31,6.23,1100773.0,7005963.0
2012-10-19,6.21,6.34,6.30,6.18,1693114.0,10733653.0
2012-10-18,6.18,6.28,6.20,6.17,1436973.0,9031576.0
2012-10-17,6.08,6.17,6.12,6.04,734914.0,4546463.0
2012-10-16,6.03,6.16,6.08,6.02,794710.0,4905408.0
2012-10-15,6.19,6.19,6.06,6.02,1154901.0,7098174.0
2012-10-12,6.23,6.28,6.19,6.14,1056431.0,6626965.0
2012-10-11,6.31,6.36,6.20,6.19,1531107.0,9689181.0
2012-10-10,6.23,6.38,6.34,6.20,1584511.0,10106599.0
2012-10-09,6.10,6.26,6.25,6.10,1709927.0,10746704.0
2012-10-08,6.13,6.17,6.09,6.06,1039056.0,6421330.0
2012-09-28,5.99,6.10,6.08,5.96,1394275.0,8535774.0
2012-09-27,5.92,6.07,5.99,5.85,1904843.0,11482597.0
2012-09-26,6.03,6.07,5.92,5.90,1756994.0,10623891.0
2012-09-25,6.18,6.19,6.08,6.03,1105932.0,6819654.0
2012-09-24,6.13,6.22,6.16,6.01,1298608.0,8033498.0
2012-09-21,6.22,6.31,6.13,6.12,1685280.0,10571283.0
2012-09-20,6.64,6.65,6.23,6.21,3036026.0,19618774.0
2012-09-19,6.67,6.74,6.67,6.61,1435945.0,9662653.0
2012-09-18,6.60,6.67,6.62,6.58,1776763.0,11901691.0
2012-09-17,6.71,6.79,6.59,6.58,2178184.0,14657839.0
2012-09-14,6.91,6.94,6.71,6.61,3441474.0,23508264.0
2012-09-13,6.88,7.02,6.84,6.84,2507247.0,17555586.0
2012-09-12,6.94,7.01,6.96,6.86,2999055.0,21013614.0
2012-09-11,7.02,7.02,6.90,6.88,3962851.0,27757924.0
2012-09-10,7.12,7.17,7.06,6.98,5140823.0,36756820.0
2012-09-07,6.97,7.27,7.12,6.94,8616772.0,61701080.0
2012-09-06,6.83,6.97,6.94,6.75,4526564.0,31369820.0
2012-09-05,6.68,7.18,6.89,6.53,11145863.0,77077896.0
2012-09-04,6.43,6.59,6.59,6.34,5370090.0,35009772.0
2012-09-03,6.34,6.53,6.42,6.34,3233880.0,21070596.0
2012-08-31,6.50,6.50,6.41,6.31,3957878.0,25659494.0
2012-08-30,6.33,6.53,6.50,6.11,5421366.0,34782160.0
2012-08-29,6.23,6.48,6.33,6.19,3565917.0,22946812.0
2012-08-28,6.01,6.51,6.26,5.98,3378201.0,21397318.0
2012-08-27,6.32,6.32,6.03,6.03,3196318.0,19869950.0
2012-08-24,6.24,6.49,6.34,6.21,5446225.0,35124524.0
2012-08-23,6.09,6.26,6.23,6.06,2186062.0,13696083.0
2012-08-22,6.22,6.26,6.09,6.03,2470497.0,15347408.0
2012-08-21,6.07,6.63,6.25,6.05,4836856.0,31006096.0
2012-08-20,6.05,6.12,6.06,5.96,1400325.0,8544355.0
2012-08-17,6.19,6.20,6.08,6.01,1617997.0,9974387.0
2012-08-16,6.18,6.31,6.18,6.12,1816704.0,11388604.0
2012-08-15,6.05,6.31,6.22,5.98,3161351.0,19777056.0
2012-08-14,5.95,6.08,6.07,5.95,1888697.0,11490698.0
2012-08-13,6.24,6.25,6.04,6.04,2280434.0,14136798.0
2012-08-10,6.23,6.30,6.27,6.17,2224929.0,14022209.0
2012-08-09,6.18,6.27,6.24,6.12,2449640.0,15353681.0
2012-08-08,6.23,6.28,6.19,6.14,2039397.0,12805684.0
2012-08-07,6.10,6.24,6.23,6.06,2557845.0,15937098.0
2012-08-06,5.98,6.09,6.08,5.94,2039491.0,12472395.0
2012-08-03,5.85,5.96,5.96,5.79,1437078.0,8563784.0
2012-08-02,5.97,5.97,5.84,5.77,1333506.0,7898304.0
2012-08-01,5.79,6.00,5.95,5.79,1114087.0,6688460.0
2012-07-31,5.98,6.01,5.86,5.76,1439104.0,8547329.0
2012-07-30,6.14,6.21,5.98,5.93,2055089.0,12564810.0
2012-07-27,6.10,6.31,6.19,6.10,2852502.0,17963924.0
2012-07-26,6.13,6.23,6.10,6.08,1302395.0,8088399.0
2012-07-25,6.11,6.19,6.13,6.08,1034500.0,6426276.0
2012-07-24,6.04,6.18,6.13,6.03,1451725.0,8975189.0
2012-07-23,6.11,6.12,6.06,6.01,1513473.0,9282307.0
2012-07-20,6.18,6.32,6.18,6.15,2201807.0,13863998.0
2012-07-19,6.07,6.30,6.25,6.03,4340536.0,27203112.0
2012-07-18,5.98,6.10,6.06,5.94,2012110.0,12248618.0
2012-07-17,5.93,6.11,6.01,5.74,2626834.0,15781656.0
2012-07-16,6.03,6.23,5.98,5.98,5257071.0,32240716.0
2012-07-13,6.72,6.75,6.65,6.63,2040675.0,13771789.0
2012-07-12,6.63,6.83,6.74,6.56,2684767.0,18216414.0
2012-07-11,6.66,6.66,6.63,6.53,1669749.0,11152813.0
2012-07-10,6.59,6.68,6.66,6.47,1854850.0,12368517.0
2012-07-09,6.85,6.85,6.59,6.58,3327840.0,22562630.0
2012-07-06,6.90,7.01,6.96,6.43,3334197.0,22836516.0
2012-07-05,7.16,7.16,6.87,6.87,2516565.0,17833186.0
2012-07-04,7.00,7.36,7.20,6.91,5204530.0,37708164.0
2012-07-03,7.12,7.15,6.95,6.92,2317203.0,16483922.0
2012-07-02,7.01,7.22,7.11,6.97,2837190.0,20442956.0
2012-06-29,6.85,7.01,6.98,6.70,2629798.0,18279654.0
2012-06-28,7.14,7.19,6.89,6.89,2711425.0,19237324.0
2012-06-27,7.27,7.29,7.14,7.12,1813906.0,13235137.0
2012-06-26,7.28,7.29,7.26,7.10,2073717.0,15111278.0
2012-06-25,7.65,7.68,7.30,7.30,2264165.0,17108982.0
2012-06-21,7.79,7.80,7.64,7.64,2036291.0,15813070.0
2012-06-20,7.78,7.88,7.80,7.78,2224692.0,17631324.0
2012-06-19,7.86,7.86,7.76,7.74,2649086.0,20889566.0
2012-06-18,7.82,7.92,7.87,7.79,2268530.0,18013452.0
2012-06-15,7.79,7.83,7.78,7.70,2189181.0,17189294.0
2012-06-14,7.80,7.88,7.76,7.73,2493153.0,19688102.0
2012-06-13,7.69,7.82,7.80,7.69,2372288.0,18608366.0
2012-06-12,7.77,7.77,7.69,7.65,2751928.0,21427196.0
2012-06-11,7.89,7.98,7.83,7.63,4275533.0,33641812.0
2012-06-08,8.36,8.36,7.95,7.94,3759961.0,30882454.0
2012-06-07,8.33,8.41,8.25,8.20,2345269.0,20306586.0
2012-06-06,8.25,8.31,8.28,8.20,1829393.0,15743568.0
2012-06-05,8.16,8.30,8.24,8.14,2066291.0,17700950.0
2012-06-04,8.43,8.44,8.16,8.13,3644970.0,31569654.0
2012-06-01,8.59,8.68,8.55,8.48,3480674.0,31070200.0
2012-05-31,8.45,8.80,8.61,8.43,6466581.0,58224092.0
2012-05-30,8.39,8.54,8.50,8.34,4214661.0,37147660.0
2012-05-29,8.32,8.49,8.40,8.25,3890607.0,34079564.0
2012-05-28,8.25,8.31,8.30,8.04,3470772.0,29615112.0
2012-05-25,8.52,8.52,8.26,8.25,3520571.0,30533684.0
2012-05-24,8.60,8.66,8.47,8.46,4441106.0,39575088.0
2012-05-23,8.21,8.87,8.67,8.11,9087007.0,80887560.0
2012-05-22,8.24,8.31,8.26,8.19,2296703.0,19725654.0
2012-05-21,8.47,8.48,8.18,8.15,4535699.0,39142908.0
2012-05-17,8.61,8.62,8.61,8.47,6515389.0,58040064.0
2012-05-16,8.24,8.82,8.62,8.18,11738645.0,104783416.0
2012-05-15,8.22,8.31,8.25,8.04,3372904.0,28784104.0
2012-05-14,8.30,8.37,8.31,8.19,3058842.0,26490934.0
2012-05-11,8.29,8.37,8.25,8.24,2430420.0,21021618.0
2012-05-10,8.26,8.36,8.28,8.25,2548852.0,22067928.0
2012-05-09,8.47,8.47,8.28,8.27,3492138.0,30425478.0
2012-05-08,8.53,8.59,8.52,8.40,4537957.0,40175624.0
2012-05-07,8.39,8.53,8.52,8.36,4845103.0,42637580.0
2012-05-04,8.23,8.39,8.39,8.19,3978058.0,34500632.0
2012-05-03,8.34,8.34,8.23,8.14,4545713.0,39036744.0
2012-05-02,8.39,8.56,8.36,8.36,4585775.0,40379096.0
2012-04-27,8.18,8.52,8.36,8.16,5015652.0,43766128.0
2012-04-26,8.33,8.34,8.20,8.04,5402652.0,46153564.0
2012-04-25,8.14,8.40,8.32,8.07,6189250.0,53309256.0
2012-04-24,8.75,8.75,8.16,7.99,10682048.0,92358464.0
2012-04-23,9.44,9.53,8.87,8.83,8824881.0,84427328.0
2012-04-20,9.40,9.50,9.47,9.35,5615672.0,55299504.0
2012-04-19,9.56,9.60,9.41,9.39,7048504.0,69639984.0
2012-04-18,9.41,9.63,9.59,9.16,10424262.0,102181720.0
2012-04-17,9.79,9.79,9.40,9.31,10012125.0,98721200.0
2012-04-13,9.74,10.25,9.89,9.74,13532722.0,140088624.0
2012-04-12,9.31,9.59,9.59,9.28,9677972.0,95172120.0
2012-04-11,9.21,9.34,9.27,9.14,6584954.0,63402860.0
2012-04-10,9.20,9.44,9.37,9.04,8247693.0,79451048.0
2012-04-09,9.67,9.70,9.26,9.26,7038902.0,69600176.0
2012-04-06,9.78,9.78,9.66,9.56,5290976.0,53278144.0
2012-04-05,9.59,9.84,9.80,9.50,6304742.0,63510856.0
2012-03-30,10.39,10.40,9.78,9.55,5353952.0,55619960.0
2012-03-29,10.58,10.68,10.41,10.15,2556651.0,27812170.0
2012-03-28,11.13,11.21,10.64,10.64,2749193.0,31252040.0
2012-03-27,11.45,11.51,11.19,11.19,3124568.0,36960780.0
2012-03-26,11.76,11.76,11.45,11.42,2183220.0,26274538.0
2012-03-23,11.74,11.85,11.78,11.56,1968210.0,23944194.0
2012-03-22,11.90,11.94,11.76,11.71,1933891.0,23851764.0
2012-03-21,12.09,12.12,11.92,11.71,2590531.0,32125794.0
2012-03-20,12.57,12.58,12.02,12.00,3440874.0,43817148.0
2012-03-19,12.65,12.78,12.56,12.42,5233086.0,68536080.0
2012-03-16,11.99,12.67,12.64,11.97,5667851.0,73260048.0
2012-03-15,11.88,12.47,12.47,11.32,4863043.0,59326068.0
2012-03-14,12.65,12.81,11.94,11.70,7211095.0,93250520.0
2012-03-13,12.45,12.63,12.61,12.34,4309180.0,56238988.0
2012-03-12,12.47,12.58,12.46,12.37,3792447.0,49330920.0
2012-03-09,12.38,12.49,12.47,12.31,3952291.0,51019976.0
2012-03-08,12.29,12.42,12.33,12.26,3549068.0,45631192.0
2012-03-07,12.21,12.39,12.23,12.14,3166144.0,40544216.0
2012-03-06,12.62,12.68,12.33,12.33,3966181.0,51549740.0
2012-03-05,12.94,13.03,12.63,12.63,4955269.0,66085380.0
2012-03-02,12.86,12.93,12.93,12.77,4187594.0,56143944.0
2012-03-01,12.75,12.94,12.81,12.65,3216089.0,42922944.0
2012-02-29,12.78,12.97,12.78,12.65,4124735.0,55099788.0
2012-02-28,12.94,12.94,12.78,12.63,5638726.0,74880688.0
2012-02-27,13.10,13.24,13.00,12.81,8031357.0,108646448.0
2012-02-24,13.00,13.34,13.14,12.93,10989262.0,150089280.0
2012-02-23,12.16,13.51,13.26,12.16,18155356.0,242738208.0
2012-02-22,12.00,12.32,12.29,11.94,7042346.0,89323816.0
2012-02-21,11.99,12.12,12.04,11.82,2660593.0,33203936.0
2012-02-20,11.97,12.12,12.05,11.84,2902293.0,36285048.0
2012-02-17,11.95,12.04,11.85,11.79,2300603.0,28534284.0
2012-02-16,11.99,12.16,11.95,11.84,3086979.0,38544336.0
2012-02-15,11.94,12.03,12.01,11.75,3197916.0,39724544.0
2012-02-14,11.69,11.99,11.91,11.66,3653783.0,45296708.0
2012-02-13,11.56,11.79,11.73,11.49,2241198.0,27184284.0
2012-02-10,11.53,11.74,11.60,11.52,1901314.0,23032990.0
2012-02-09,11.45,11.66,11.58,11.42,2045837.0,24703216.0
2012-02-08,11.27,11.55,11.46,11.18,1319372.0,15630175.0
2012-02-07,11.56,11.56,11.27,11.26,938447.0,11111032.0
2012-02-06,11.48,11.68,11.59,11.45,1228057.0,14777610.0
2012-02-03,11.37,11.60,11.48,11.32,1206854.0,14409451.0
2012-02-02,11.88,11.88,11.47,11.14,757507.0,9007787.0
2012-02-01,11.27,11.30,11.20,11.13,615691.0,7198184.0
2012-01-31,11.41,11.51,11.34,10.87,2109038.0,24681748.0
2012-01-30,11.89,11.89,11.66,11.66,1167143.0,14262236.0
2012-01-20,11.64,11.96,11.90,11.62,1201794.0,14756803.0
2012-01-19,11.88,11.88,11.66,11.59,1265051.0,15461759.0
2012-01-18,12.07,12.18,11.82,11.73,936860.0,11668656.0
2012-01-17,11.67,12.16,12.07,11.51,1525596.0,19013754.0
2012-01-16,11.97,11.97,11.67,11.53,856818.0,10426620.0
2012-01-13,12.30,12.42,12.06,11.93,1201105.0,15139391.0
2012-01-12,12.35,12.52,12.41,12.24,1283244.0,16551307.0
2012-01-11,12.48,12.56,12.42,12.28,1831302.0,23675870.0
2012-01-10,12.28,12.69,12.63,12.13,2739773.0,35655696.0
2012-01-09,12.08,12.41,12.37,11.86,2303644.0,29297806.0
2012-01-06,11.34,12.14,12.14,11.22,2186429.0,26399536.0
2012-01-05,11.66,11.72,11.37,11.22,861750.0,10302830.0
2012-01-04,12.09,12.09,11.80,11.78,706904.0,8769379.0
2011-12-30,11.78,11.98,11.98,11.75,1163461.0,14414531.0
2011-12-29,11.51,11.82,11.75,11.44,912608.0,11144663.0
2011-12-28,11.61,11.82,11.80,11.23,1380549.0,16609553.0
2011-12-27,11.90,11.91,11.78,11.59,821842.0,10046695.0
2011-12-26,11.90,11.94,11.90,11.77,833393.0,10309228.0
2011-12-23,11.92,11.98,11.94,11.71,1257821.0,15585592.0
2011-12-22,11.91,12.05,11.94,11.52,1163593.0,14324883.0
2011-12-21,12.29,12.44,12.14,11.81,1217756.0,15420910.0
2011-12-20,12.15,12.37,12.28,12.12,1485036.0,19013670.0
2011-12-19,12.13,12.35,12.27,11.96,1290105.0,16314837.0
2011-12-16,11.80,12.17,12.17,11.71,1349743.0,16814118.0
2011-12-15,11.75,11.91,11.91,11.54,1242621.0,15259608.0
2011-12-14,11.71,11.94,11.94,11.56,855942.0,10527625.0
2011-12-13,11.99,11.99,11.85,11.45,2086463.0,25381134.0
2011-12-12,12.05,12.25,12.03,11.97,460885.0,5791859.0
2011-12-09,12.09,12.20,12.16,12.03,506135.0,6402544.0
2011-12-08,12.14,12.36,12.22,11.97,836351.0,10599993.0
2011-12-07,12.01,12.21,12.18,12.00,590450.0,7456323.0
2011-12-06,12.22,12.36,12.16,11.92,860544.0,10834402.0
2011-12-05,12.80,12.81,12.32,12.29,1272503.0,16492922.0
2011-12-02,13.00,13.00,12.81,12.55,1040407.0,13760379.0
2011-12-01,13.21,13.21,13.02,12.85,1791359.0,24324480.0
2011-11-30,13.67,13.69,12.82,12.57,1959978.0,26687968.0
2011-11-29,13.76,13.81,13.66,13.56,1350709.0,19224008.0
2011-11-28,13.67,13.75,13.62,13.51,645300.0,9183787.0
2011-11-25,13.59,13.72,13.66,13.54,884214.0,12571030.0
2011-11-24,13.90,13.96,13.67,13.53,1478026.0,21176810.0
2011-11-23,14.04,14.05,14.05,13.84,937721.0,13673779.0
2011-11-22,13.99,14.13,14.09,13.80,1761370.0,25619510.0
2011-11-21,14.34,14.42,14.20,14.03,1186655.0,17595924.0
2011-11-18,14.24,14.35,14.34,13.91,2720212.0,40278712.0
2011-11-17,14.25,14.44,14.44,14.14,2273112.0,33867816.0
2011-11-16,14.66,14.77,14.34,14.20,3649939.0,54828228.0
2011-11-15,14.87,14.95,14.76,14.52,4250260.0,65151644.0
2011-11-14,14.38,14.97,14.95,14.30,6754569.0,102853808.0
2011-11-11,14.10,14.47,14.28,13.97,4029127.0,60077264.0
2011-11-10,14.16,14.18,14.12,13.92,3338504.0,48891252.0
2011-11-09,14.26,14.45,14.36,13.84,3998151.0,58992492.0
2011-11-08,14.40,14.54,14.26,13.92,3662475.0,54122784.0
2011-11-07,14.91,14.92,14.55,14.37,3014258.0,91620840.0
2011-11-04,14.14,15.30,15.06,14.02,4667549.0,143065952.0
2011-11-03,13.81,14.15,14.15,13.81,3546758.0,103210272.0
2011-11-02,13.29,14.15,14.00,13.16,2867373.0,80689144.0
2011-11-01,13.59,13.69,13.43,13.24,1560705.0,43894920.0
2011-10-31,13.29,13.47,13.45,13.29,917517.0,25627884.0
2011-10-28,13.41,13.53,13.38,13.13,1356290.0,37721388.0
2011-10-27,13.23,13.43,13.28,13.17,959364.0,26554376.0
2011-10-26,12.96,13.34,13.17,12.94,882853.0,24223904.0
2011-10-25,13.02,13.18,13.10,12.86,843823.0,22989856.0
2011-10-24,12.84,13.05,12.95,12.61,522811.0,14088390.0
2011-10-21,12.75,12.94,12.94,12.52,402959.0,10680961.0
2011-10-20,12.89,13.03,12.69,12.60,539329.0,14312430.0
2011-10-19,13.19,13.31,13.18,12.76,556211.0,15080341.0
2011-10-18,13.67,13.67,13.19,13.19,714762.0,19921116.0
2011-10-17,13.77,13.80,13.69,13.53,965468.0,27476516.0
2011-10-14,13.23,13.85,13.79,13.23,1835833.0,52087172.0
2011-10-13,13.32,13.49,13.36,13.18,1219763.0,33994880.0
2011-10-12,12.52,13.37,13.37,12.26,1289197.0,35134860.0
2011-10-10,12.93,13.04,12.70,12.47,666079.0,17653838.0
2011-09-30,12.58,13.05,13.05,12.41,877144.0,23346742.0
2011-09-29,12.71,12.78,12.75,11.95,1480674.0,38104216.0
2011-09-28,13.05,13.05,12.76,12.74,333160.0,8934582.0
2011-09-27,12.93,12.95,12.95,12.77,257578.0,6918534.0
2011-09-26,12.92,13.10,12.86,12.81,361537.0,9728399.0
2011-09-23,12.85,13.05,13.05,12.66,623226.0,16704887.0
2011-09-22,13.25,13.33,13.05,12.82,767355.0,20962870.0
2011-09-21,12.94,13.36,13.36,12.79,765092.0,21022310.0
2011-09-20,12.81,12.97,12.94,12.70,351404.0,9401391.0
2011-09-19,12.95,13.00,12.95,12.72,314170.0,8416993.0
2011-09-16,13.05,13.17,13.04,13.00,257983.0,7035799.0
2011-09-15,13.09,13.18,12.99,12.99,565178.0,15428034.0
2011-09-14,13.24,13.37,13.10,12.90,652974.0,17783462.0
2011-09-09,13.46,13.53,13.33,13.32,411505.0,11471056.0
2011-09-08,13.95,13.95,13.53,13.34,615526.0,17445058.0
2011-09-07,13.51,13.76,13.76,13.44,919938.0,26019554.0
2011-09-06,13.17,13.66,13.51,13.17,1261873.0,35454600.0
2011-09-05,13.78,13.78,13.43,13.39,495051.0,13952888.0
2011-09-02,13.91,14.04,14.03,13.75,384268.0,11119056.0
2011-09-01,13.99,14.09,13.95,13.84,483939.0,14097422.0
2011-08-31,14.59,14.70,13.98,13.93,832625.0,24649800.0
2011-08-30,14.77,14.86,14.66,14.59,566983.0,17340816.0
2011-08-29,15.01,15.01,14.71,14.68,678879.0,20895010.0
2011-08-26,14.96,15.48,15.11,14.96,1698399.0,53628624.0
2011-08-25,14.89,15.01,14.93,14.66,791580.0,24454092.0
2011-08-24,14.87,15.19,14.91,14.81,750379.0,23404748.0
2011-08-23,14.87,15.02,14.87,14.69,827582.0,25545148.0
2011-08-22,16.02,16.02,15.00,14.56,2368524.0,74928176.0
2011-08-19,14.39,14.61,14.56,13.91,1049748.0,31544312.0
2011-08-18,14.48,14.68,14.56,14.35,1778606.0,53866640.0
2011-08-17,13.80,14.62,14.53,13.67,2293211.0,68542376.0
2011-08-16,13.92,14.01,13.86,13.62,520375.0,14996678.0
2011-08-15,14.10,14.10,13.91,13.72,850505.0,24673160.0
2011-08-12,13.69,14.18,14.03,13.69,787111.0,22993814.0
2011-08-11,13.14,13.72,13.72,12.95,889062.0,25068950.0
2011-08-10,13.53,13.77,13.34,13.30,881378.0,24926822.0
2011-08-09,12.95,13.37,13.30,12.64,1242022.0,33576336.0
2011-08-08,14.68,14.68,13.30,13.30,1566931.0,44565940.0
2011-08-05,14.87,14.91,14.77,14.13,1030583.0,31560134.0
2011-08-04,15.61,15.75,15.35,15.21,576769.0,18507264.0
2011-08-03,15.64,15.78,15.59,15.52,331354.0,10830179.0
2011-08-02,15.71,15.81,15.77,15.36,405263.0,13146145.0
2011-08-01,16.02,16.05,15.79,15.69,566991.0,18712148.0
2011-07-29,15.48,16.10,15.97,15.40,1503845.0,49857180.0
2011-07-28,15.48,15.49,15.49,15.13,567153.0,18134024.0
2011-07-27,15.21,15.58,15.57,14.68,1161995.0,36977344.0
2011-07-26,15.12,15.25,15.22,14.73,427941.0,13473500.0
2011-07-25,15.45,15.77,15.13,14.91,1031298.0,32975838.0
2011-07-22,14.97,15.79,15.66,14.96,1142308.0,36834372.0
2011-07-21,15.53,15.53,14.97,14.91,953681.0,30034342.0
2011-07-20,15.35,15.53,15.53,15.13,859637.0,27508746.0
2011-07-19,15.71,15.83,15.26,15.25,1410468.0,45569668.0
2011-07-18,15.77,16.19,15.90,15.55,1405686.0,46654960.0
2011-07-15,15.45,15.81,15.80,15.16,2386914.0,77563488.0
2011-07-14,14.67,15.46,15.39,14.55,3901350.0,122110592.0
2011-07-13,14.17,14.78,14.76,14.09,3669553.0,109355680.0
2011-07-12,14.53,14.54,14.25,14.11,1475398.0,44144812.0
2011-07-11,14.63,14.81,14.60,14.45,1467531.0,44732680.0
2011-07-08,13.98,14.87,14.87,13.96,3295556.0,100224264.0
2011-07-07,13.86,14.23,13.96,13.78,1902489.0,55531796.0
2011-07-06,13.85,13.88,13.86,13.71,1044153.0,29983544.0
2011-07-05,14.00,14.02,13.88,13.74,1072454.0,30916246.0
2011-07-04,13.83,14.01,13.98,13.75,1255021.0,36278492.0
2011-07-01,13.53,13.82,13.81,13.43,1659988.0,47265532.0
2011-06-29,13.48,13.58,13.37,13.31,625097.0,17495084.0
2011-06-28,13.60,13.63,13.54,13.39,625639.0,17605472.0
2011-06-27,13.57,13.74,13.60,13.44,1238565.0,35136804.0
2011-06-24,13.02,13.76,13.76,13.02,1713728.0,47684932.0
2011-06-23,12.83,13.18,13.17,12.67,1482107.0,40121068.0
2011-06-22,12.76,12.90,12.83,12.66,408199.0,10872269.0
2011-06-21,12.85,12.87,12.79,12.67,615802.0,16344495.0
2011-06-20,13.17,13.19,12.89,12.63,483499.0,12919906.0
2011-06-17,13.67,13.67,13.20,13.19,244702.0,6864556.0
2011-06-16,13.71,13.89,13.55,13.53,346699.0,9887000.0
2011-06-15,14.01,14.05,13.73,13.73,539300.0,15580766.0
2011-06-14,13.83,14.00,13.96,13.83,905418.0,26274320.0
2011-06-13,13.98,14.00,13.83,13.62,258035.0,7428193.0
2011-06-10,13.91,14.03,14.00,13.77,518365.0,14990325.0
2011-06-09,14.62,14.63,14.00,13.92,395027.0,11767771.0
2011-06-08,14.51,14.58,14.39,14.26,335243.0,10053761.0
2011-06-07,14.49,14.73,14.59,14.49,303052.0,9232483.0
2011-06-03,14.04,14.87,14.68,14.04,841627.0,25589896.0
2011-06-02,13.93,14.29,14.26,13.92,893845.0,26247366.0
2011-06-01,13.86,14.34,14.29,13.63,1738221.0,50350716.0
2011-05-31,13.57,14.38,14.20,13.50,846938.0,24509826.0
2011-05-30,13.72,14.39,13.85,13.51,1093815.0,31402978.0
2011-05-27,15.33,15.33,15.01,13.91,810265.0,24609304.0
2011-05-26,15.62,15.81,15.35,15.35,377300.0,12256313.0
2011-05-25,16.05,16.06,15.62,15.62,276218.0,9089292.0
2011-05-24,15.92,16.25,16.09,15.54,610434.0,20316584.0
2011-05-23,15.59,16.73,15.97,15.54,1478444.0,49528692.0
2011-05-18,15.74,15.83,15.58,15.58,720280.0,23572390.0
2011-05-17,16.07,16.07,15.73,15.73,750262.0,24780068.0
2011-05-16,16.37,16.37,16.07,16.03,365800.0,12275540.0
2011-05-13,16.25,16.45,16.43,15.88,1242695.0,41739208.0
2011-05-12,16.69,16.69,16.30,15.83,448935.0,15214213.0
2011-05-11,16.96,17.02,16.69,16.69,322837.0,11325023.0
2011-05-10,17.04,17.16,17.03,16.79,359550.0,12681092.0
2011-05-09,17.58,17.58,17.13,16.95,606930.0,21670064.0
2011-05-06,16.85,17.69,17.49,16.85,1316853.0,47692880.0
2011-05-05,16.93,17.07,17.07,16.84,520842.0,18417378.0
2011-05-04,17.13,17.13,17.12,16.61,620488.0,21893012.0
2011-05-03,17.51,17.52,17.39,16.87,661748.0,23654724.0
2011-04-29,16.26,17.35,17.34,16.25,1945494.0,68768952.0
2011-04-28,15.84,16.33,16.30,15.66,956970.0,32065144.0
2011-04-27,16.40,16.49,16.01,15.52,557535.0,18641638.0
2011-04-26,16.86,16.98,16.49,16.30,421566.0,14490727.0
2011-04-25,17.35,17.35,16.90,16.55,758108.0,26604878.0
2011-04-22,17.89,17.93,17.30,17.16,1313363.0,47671740.0
2011-04-21,18.51,18.55,18.30,18.26,492448.0,18829176.0
2011-04-20,18.24,18.55,18.34,18.24,461362.0,17632788.0
2011-04-19,18.23,18.46,18.23,18.05,479354.0,18211004.0
2011-04-18,18.79,18.79,18.61,18.58,400650.0,15564521.0
2011-04-15,18.57,18.94,18.89,18.28,679249.0,26395056.0
2011-04-14,18.47,18.64,18.64,18.38,275426.0,10624149.0
2011-04-13,18.37,18.65,18.53,18.23,397152.0,15247382.0
2011-04-12,18.29,18.50,18.42,18.20,233193.0,8910621.0
2011-04-11,18.90,18.95,18.37,18.37,526285.0,20355578.0
2011-04-08,18.79,19.01,18.95,18.79,191673.0,7548282.0
2011-04-07,18.74,18.96,18.89,18.74,258369.0,10147271.0
2011-04-06,19.16,19.18,18.85,18.84,450022.0,17752626.0
2011-04-01,18.67,19.27,19.27,18.55,566195.0,22370880.0
2011-03-31,18.55,18.66,18.66,18.42,257349.0,9963630.0
2011-03-30,18.63,18.63,18.58,18.32,328832.0,12642510.0
2011-03-29,18.71,18.73,18.64,18.23,544520.0,20933100.0
2011-03-28,19.09,19.11,18.73,18.73,402328.0,15846505.0
2011-03-25,19.09,19.11,19.11,18.93,363360.0,14410362.0
2011-03-24,19.11,19.11,18.98,18.93,461341.0,18240178.0
2011-03-23,19.01,19.09,19.04,18.92,298702.0,11829077.0
2011-03-22,19.28,19.43,19.00,19.00,470277.0,18690636.0
2011-03-21,19.43,19.62,19.25,19.23,263200.0,10631107.0
2011-03-18,19.37,19.55,19.55,19.19,485610.0,19592608.0
2011-03-17,19.43,19.43,19.32,19.02,542071.0,21688476.0
2011-03-16,19.38,19.50,19.44,19.32,413873.0,16762570.0
2011-03-15,19.77,19.85,19.47,19.19,489944.0,19780148.0
2011-03-14,19.69,19.85,19.77,19.58,303102.0,12467090.0
2011-03-11,19.76,20.03,19.94,19.72,434271.0,17970416.0
2011-03-10,19.85,19.96,19.95,19.62,488170.0,20107204.0
2011-03-09,20.03,20.03,19.80,19.75,572941.0,23666240.0
2011-03-08,19.96,20.07,20.03,19.86,439466.0,18298310.0
2011-03-07,20.10,20.26,19.97,19.95,639679.0,26712712.0
2011-03-04,19.65,20.31,20.24,19.09,1034130.0,43248324.0
2011-03-03,19.86,19.92,19.61,19.57,452048.0,18574104.0
2011-03-02,19.79,20.05,19.97,19.71,488566.0,20204576.0
2011-03-01,20.06,20.17,19.74,19.74,692561.0,28795234.0
2011-02-28,20.24,20.24,20.17,19.91,423903.0,17765164.0
2011-02-25,19.50,20.31,20.28,19.37,1692260.0,70677744.0
2011-02-24,19.13,19.61,19.56,19.07,621957.0,25095800.0
2011-02-23,19.24,19.45,19.15,19.15,876883.0,35161576.0
2011-02-22,19.92,20.04,19.32,19.29,702354.0,28757856.0
2011-02-21,19.79,20.19,19.95,19.79,1196022.0,49964808.0
2011-02-18,19.29,20.03,20.03,18.99,1469374.0,59867376.0
2011-02-17,19.52,19.53,19.35,19.23,464035.0,18736044.0
2011-02-16,19.42,19.52,19.47,19.19,531534.0,21433144.0
2011-02-15,19.60,19.66,19.43,19.38,513822.0,20871412.0
2011-02-14,19.22,19.66,19.62,19.12,828830.0,33508092.0
2011-02-11,19.18,19.31,19.21,19.11,347607.0,13922076.0
2011-02-10,18.97,19.24,19.19,18.89,403634.0,16090618.0
2011-02-09,19.17,19.37,19.11,18.83,273206.0,10893595.0
2011-02-01,19.32,19.33,19.23,18.96,390792.0,15569881.0
2011-01-31,19.23,19.43,19.35,19.09,310982.0,12503658.0
2011-01-28,18.76,19.62,19.38,18.76,557317.0,22288754.0
2011-01-27,18.30,19.18,19.18,18.00,485579.0,18921014.0
2011-01-26,17.98,18.40,18.40,17.92,504599.0,19122440.0
2011-01-25,17.92,17.99,17.99,17.64,488457.0,18159626.0
2011-01-24,18.71,18.76,18.00,17.75,636169.0,23899712.0
2011-01-21,18.80,18.96,18.78,18.75,409810.0,16086784.0
2011-01-20,19.31,19.31,18.95,18.62,424546.0,16786572.0
2011-01-19,18.90,19.35,19.35,18.78,563188.0,22372262.0
2011-01-18,18.69,19.07,19.03,18.68,403374.0,15968754.0
2011-01-17,19.67,19.79,19.03,18.48,514732.0,20285070.0
2011-01-14,20.15,20.16,19.79,19.79,299273.0,12440693.0
2011-01-13,20.38,20.38,20.29,20.22,211824.0,8954166.0
2011-01-12,20.47,20.48,20.48,19.87,565252.0,23801996.0
2011-01-11,20.31,20.51,20.39,20.14,552384.0,23354890.0
2011-01-10,20.96,20.99,20.60,20.47,404745.0,17502290.0
2011-01-07,20.87,21.11,21.05,20.55,627720.0,27266390.0
2011-01-06,21.48,21.49,20.97,20.97,567072.0,25002100.0
2011-01-05,21.44,21.63,21.54,21.16,859166.0,38442476.0
2011-01-04,21.62,21.87,21.56,21.43,972314.0,43685516.0
