date,open,high,close,low,volume,amount
2015-11-27,8.98,9.06,8.17,8.10,16880400.0,145096064.0
2015-11-26,9.26,9.26,9.00,8.97,13087387.0,119154272.0
2015-11-25,9.12,9.28,9.23,9.08,9086768.0,83558488.0
2015-11-24,9.08,9.14,9.12,8.84,7437893.0,67140008.0
2015-11-23,9.20,9.33,9.00,8.96,11380018.0,104292992.0
2015-11-20,9.03,9.12,9.12,8.92,10948966.0,99007648.0
2015-11-19,8.85,9.04,9.01,8.75,7020250.0,62597180.0
2015-11-18,8.99,9.12,8.74,8.70,9070527.0,81237424.0
2015-11-17,9.37,9.39,8.95,8.91,14891506.0,136638080.0
2015-11-16,8.55,9.50,9.30,8.42,11378522.0,101193480.0
2015-11-13,8.80,8.96,8.71,8.63,9232283.0,81111640.0
2015-11-12,9.06,9.09,8.96,8.71,15569401.0,138441856.0
2015-11-11,8.70,9.07,9.01,8.63,13911070.0,123267848.0
2015-11-10,8.58,8.82,8.75,8.48,12216872.0,106177256.0
2015-11-09,8.41,8.69,8.61,8.30,13562813.0,115468016.0
2015-11-06,8.41,8.64,8.57,8.41,12168833.0,103909824.0
2015-11-05,8.66,8.95,8.42,8.38,22531500.0,193371840.0
2015-11-04,8.28,8.65,8.61,8.22,19791908.0,167063776.0
2015-11-03,8.01,8.18,8.17,8.00,11894145.0,96451248.0
2015-11-02,7.80,8.18,7.99,7.55,11976050.0,96509552.0
2015-10-30,7.99,8.21,7.99,7.77,12421309.0,99180576.0
2015-10-29,7.94,8.14,8.08,7.93,10415782.0,83821720.0
2015-10-28,8.02,8.19,7.91,7.82,11068382.0,88871840.0
2015-10-27,7.98,8.17,8.12,7.41,12768545.0,99888280.0
2015-10-26,8.12,8.20,7.99,7.91,11709405.0,93976400.0
2015-10-23,7.74,8.02,7.98,7.69,11709715.0,91996144.0
2015-10-22,7.46,7.74,7.73,7.38,11696333.0,88546864.0
2015-10-21,8.18,8.34,7.39,7.39,21203580.0,167050096.0
2015-10-20,8.16,8.23,8.21,7.96,13006075.0,105696720.0
2015-10-19,8.15,8.34,8.18,7.91,18892118.0,153679920.0
2015-10-16,7.95,8.15,7.97,7.76,17571426.0,139718832.0
2015-10-15,7.54,7.87,7.81,7.54,12426594.0,96125280.0
2015-10-14,7.76,7.90,7.60,7.55,13084117.0,100770064.0
2015-10-13,7.70,7.99,7.91,7.51,18552992.0,143422656.0
2015-10-12,7.40,7.80,7.73,7.31,18839192.0,142799184.0
2015-10-09,7.22,7.39,7.28,7.13,10669953.0,77490440.0
2015-10-08,7.25,7.31,7.19,7.07,11358005.0,81730056.0
2015-09-30,6.81,7.05,6.94,6.80,8197917.0,56774640.0
2015-09-29,6.82,6.92,6.79,6.71,7044942.0,47966812.0
2015-09-28,6.80,7.08,6.99,6.65,7509687.0,51626924.0
2015-09-25,7.09,7.16,6.75,6.68,13002996.0,89492640.0
2015-09-24,7.15,7.26,7.16,7.00,15889768.0,113289008.0
2015-09-23,7.57,7.57,7.08,6.99,28950902.0,209572880.0
2015-09-22,7.08,7.58,7.58,6.91,41783264.0,309713728.0
2015-09-21,6.20,6.89,6.89,6.15,14688312.0,98188664.0
2015-09-18,6.37,6.44,6.26,6.16,6498723.0,40744780.0
2015-09-17,6.42,6.67,6.30,6.28,9982244.0,64526508.0
2015-09-16,5.97,6.50,6.47,5.93,7849370.0,49041776.0
2015-09-15,6.02,6.28,5.91,5.85,5915231.0,35855828.0
2015-09-14,6.98,7.11,6.22,6.22,9681830.0,62790724.0
2015-09-11,6.73,6.92,6.91,6.59,6654257.0,44856536.0
2015-09-10,6.80,6.88,6.64,6.60,6696139.0,45364396.0
2015-09-09,6.78,7.02,6.91,6.67,10797140.0,74062640.0
2015-09-08,6.28,6.75,6.72,6.15,6771436.0,43609212.0
2015-09-07,6.26,6.45,6.19,6.12,6089590.0,38351736.0
2015-09-02,6.04,6.60,6.07,5.95,7549593.0,46626780.0
2015-09-01,6.50,6.80,6.29,6.27,10161225.0,67318296.0
2015-08-31,7.00,7.00,6.60,6.60,8918523.0,60059436.0
2015-08-28,6.61,7.02,6.97,6.61,9877242.0,66803432.0
2015-08-27,6.30,6.53,6.51,6.14,8134225.0,51701124.0
2015-08-26,6.48,6.73,6.12,6.01,12268942.0,78911008.0
2015-08-25,6.41,6.70,6.36,6.36,8615476.0,55704016.0
2015-08-24,7.56,7.56,7.07,7.07,10502933.0,75600600.0
2015-08-21,8.59,8.62,7.86,7.78,9386358.0,76879192.0
2015-08-20,8.68,8.88,8.48,8.40,9619745.0,82866504.0
2015-08-19,8.16,8.84,8.76,8.02,13213206.0,110416608.0
2015-08-18,9.58,9.75,8.56,8.56,20324874.0,189049936.0
2015-08-17,9.31,9.55,9.51,9.13,19361820.0,181322848.0
2015-08-14,9.48,9.52,9.37,9.26,10887750.0,102207632.0
2015-08-13,8.96,9.31,9.29,8.85,9379602.0,85603000.0
2015-08-12,9.23,9.39,9.02,9.02,9371572.0,86233624.0
2015-08-11,9.25,9.55,9.32,9.16,11736374.0,109947160.0
2015-08-10,8.91,9.34,9.24,8.90,11560229.0,106181608.0
2015-08-07,8.65,8.88,8.81,8.65,8490236.0,74519680.0
2015-08-06,8.39,8.76,8.56,8.30,5826692.0,49816452.0
2015-08-05,8.87,9.09,8.65,8.59,10919948.0,96251200.0
2015-08-04,8.18,8.86,8.86,8.18,9891270.0,84956680.0
2015-08-03,8.08,8.30,8.29,7.50,10420457.0,83135176.0
2015-07-31,8.20,8.44,8.16,8.05,7611295.0,62733316.0
2015-07-30,8.74,8.95,8.44,8.44,10916685.0,95487832.0
2015-07-29,8.30,8.75,8.73,8.00,13024702.0,108148928.0
2015-07-28,8.08,8.75,8.06,7.81,14030442.0,114247448.0
2015-07-27,9.38,9.46,8.67,8.67,17386624.0,158181248.0
2015-07-24,9.99,10.08,9.63,9.60,15933245.0,157483200.0
2015-07-23,9.70,10.10,9.99,9.63,15089228.0,150173936.0
2015-07-22,9.80,10.04,9.74,9.46,15466693.0,150295808.0
2015-07-21,9.89,10.20,9.95,9.60,15006521.0,149805200.0
2015-07-20,10.39,10.40,10.04,9.80,24044190.0,243105056.0
2015-07-17,9.61,10.30,10.25,9.51,19276916.0,190930624.0
2015-07-16,8.88,9.51,9.51,8.40,25932248.0,239056208.0
2015-07-15,9.66,9.66,8.88,8.51,26162652.0,235604592.0
2015-07-14,8.91,9.61,9.40,8.88,36878604.0,342687616.0
2015-07-13,8.79,8.79,8.79,8.39,20282220.0,176273920.0
2015-07-10,7.71,7.99,7.99,7.70,10827741.0,85637096.0
2015-07-09,6.35,7.26,7.26,6.16,17900936.0,125496280.0
2015-07-08,5.81,6.80,6.60,5.81,35111984.0,214849104.0
2015-07-07,6.99,6.99,6.46,6.46,10914227.0,71893576.0
2015-07-06,8.39,8.39,7.18,6.90,21300558.0,163023872.0
2015-07-03,8.19,8.79,7.63,7.61,18689866.0,148602176.0
2015-07-02,9.45,9.68,8.46,8.43,18353094.0,163374832.0
2015-07-01,10.22,10.46,9.37,9.31,20781070.0,209361728.0
2015-06-30,9.40,10.35,10.22,8.52,23324430.0,216165456.0
2015-06-29,10.95,10.97,9.47,9.47,22139624.0,220285632.0
2015-06-26,11.06,11.37,10.52,10.52,17055920.0,185081472.0
2015-06-25,11.95,12.43,11.69,11.57,21005220.0,250541792.0
2015-06-24,11.66,12.10,11.92,11.50,17506476.0,206661872.0
2015-06-23,11.30,11.80,11.55,10.50,19942958.0,224032944.0
2015-06-19,12.70,12.70,11.60,11.60,18716424.0,225040448.0
2015-06-18,13.46,13.60,12.89,12.85,17821828.0,237238944.0
2015-06-17,13.07,13.58,13.46,12.50,23383180.0,305823232.0
2015-06-16,14.47,14.47,13.35,13.23,24920378.0,343472704.0
2015-06-15,14.20,15.15,14.67,14.20,36434876.0,535084128.0
2015-06-12,13.44,14.26,14.15,13.40,35132592.0,487906816.0
2015-06-11,13.55,13.60,13.42,13.22,22906446.0,306132608.0
2015-06-10,13.36,13.95,13.62,13.33,24949632.0,339686784.0
2015-06-09,12.95,13.99,13.85,12.44,35705272.0,476249216.0
2015-06-08,14.15,14.15,13.25,13.21,49146608.0,664614400.0
2015-06-05,16.31,16.31,14.68,14.21,61790920.0,946409664.0
2015-05-27,13.55,14.83,14.83,13.50,32356696.0,469234656.0
2015-05-26,13.16,13.49,13.48,12.70,35707628.0,471970784.0
2015-05-25,12.97,13.50,13.10,12.91,35395732.0,466120608.0
2015-05-22,12.52,13.39,12.95,12.29,39156160.0,503473280.0
2015-05-21,11.50,12.32,12.28,11.40,46606980.0,557134528.0
2015-05-20,10.37,11.21,11.20,10.37,32536178.0,356623328.0
2015-05-19,10.16,10.35,10.19,10.05,20732696.0,211694304.0
2015-05-18,10.10,10.40,10.01,9.98,23588374.0,238936800.0
2015-05-15,10.57,10.57,10.20,10.08,26991084.0,276863264.0
2015-05-14,9.82,10.60,10.57,9.68,32041032.0,328892928.0
2015-05-13,10.07,10.30,9.86,9.78,22416240.0,223855232.0
2015-05-12,9.60,10.34,10.04,9.60,27530568.0,274465856.0
2015-05-11,9.25,9.64,9.60,9.00,21131236.0,198166624.0
2015-05-08,8.78,9.00,8.99,8.65,16042498.0,141318496.0
2015-05-07,8.96,9.01,8.53,8.48,13711106.0,119825712.0
2015-05-06,9.36,9.45,8.95,8.88,16339343.0,149435520.0
2015-05-05,10.22,10.22,9.36,9.22,22255634.0,215457344.0
2015-05-04,10.35,10.47,10.24,10.19,16901250.0,174561504.0
2015-04-30,10.22,10.60,10.33,10.12,24229884.0,252013312.0
2015-04-29,10.19,10.41,10.20,9.88,25091920.0,254887104.0
2015-04-28,9.39,10.33,10.33,9.34,44582904.0,444575904.0
2015-04-27,9.38,9.64,9.39,9.29,17266226.0,162979312.0
2015-04-24,9.18,9.46,9.34,8.90,18651092.0,170417936.0
2015-04-23,9.20,9.75,9.31,9.19,26287956.0,248013024.0
2015-04-22,8.62,9.34,9.18,8.60,29778380.0,270119872.0
2015-04-21,8.35,8.49,8.49,8.24,17415276.0,145721408.0
2015-04-20,8.35,8.36,8.31,8.00,21110124.0,173710800.0
2015-04-17,8.47,8.64,8.30,8.28,16290789.0,178926368.0
2015-04-16,8.06,8.28,8.19,7.73,10176287.0,107398656.0
2015-04-15,8.37,8.38,8.06,8.02,11036416.0,118164744.0
2015-04-14,8.40,8.70,8.38,8.25,17341524.0,191918800.0
2015-04-13,7.96,8.12,8.11,7.90,13932759.0,146414560.0
2015-04-10,7.77,8.00,8.00,7.66,12507770.0,128921608.0
2015-04-09,7.96,7.96,7.83,7.40,15510011.0,155342560.0
2015-04-08,8.08,8.30,7.99,7.87,16761241.0,176332768.0
2015-04-07,7.96,8.17,8.04,7.85,18161032.0,189344432.0
2015-04-03,7.58,8.11,7.92,7.50,20522860.0,211118784.0
2015-04-02,7.20,7.38,7.38,7.13,13189616.0,124473136.0
2015-04-01,7.04,7.23,7.19,7.03,12251323.0,114367848.0
2015-03-31,7.11,7.30,7.03,6.98,13467687.0,125337464.0
2015-03-30,6.85,7.12,7.03,6.85,15310425.0,140570864.0
2015-03-27,6.74,6.86,6.85,6.74,8196050.0,72938328.0
2015-03-26,6.89,6.89,6.72,6.71,10165472.0,89849264.0
2015-03-25,7.00,7.04,6.88,6.80,14204424.0,127318408.0
2015-03-24,6.86,7.04,6.97,6.74,14342308.0,129319032.0
2015-03-23,6.89,6.94,6.82,6.76,13256286.0,118599552.0
2015-03-20,6.78,6.89,6.73,6.62,13396156.0,118300560.0
2015-03-19,6.55,6.72,6.70,6.44,12880814.0,110373248.0
2015-03-18,6.29,6.62,6.53,6.26,16061979.0,135882512.0
2015-03-17,6.19,6.38,6.26,6.16,14945125.0,122012216.0
2015-03-16,5.92,6.17,6.16,5.92,14271765.0,113911944.0
2015-03-13,5.86,6.05,5.90,5.84,10657150.0,82615256.0
2015-03-12,5.77,5.83,5.73,5.66,5139480.0,38594480.0
2015-03-11,5.80,5.86,5.77,5.74,6318322.0,47744800.0
2015-03-10,5.78,5.89,5.83,5.74,6123602.0,46679320.0
2015-03-09,5.77,5.81,5.79,5.66,4416704.0,33149144.0
2015-03-06,5.88,5.94,5.78,5.73,7524912.0,57152320.0
2015-03-05,5.75,5.92,5.91,5.72,11367572.0,86676568.0
2015-03-04,5.62,5.83,5.74,5.62,9455122.0,70623936.0
2015-03-03,5.59,5.69,5.61,5.55,8801019.0,64685448.0
2015-03-02,5.58,5.64,5.63,5.54,7544845.0,55165696.0
2015-02-27,5.57,5.64,5.57,5.53,6139798.0,44678588.0
2015-02-26,5.48,5.63,5.59,5.48,7603755.0,55411580.0
2015-02-25,5.53,5.55,5.51,5.44,6143328.0,44126936.0
2015-02-17,5.68,5.73,5.52,5.50,12453843.0,90793480.0
2015-02-16,5.31,5.68,5.68,5.31,13754373.0,99698792.0
2015-02-13,5.18,5.34,5.31,5.18,3575808.0,24607652.0
2015-02-12,5.15,5.21,5.17,5.11,2497380.0,16829888.0
2015-02-11,5.11,5.15,5.12,5.05,3016299.0,20079374.0
2015-02-10,5.08,5.12,5.11,4.98,2490125.0,16504588.0
2015-02-09,5.17,5.24,5.08,5.05,3497546.0,23486984.0
2015-02-06,5.32,5.32,5.21,5.11,4178257.0,28410678.0
2015-02-05,5.44,5.47,5.31,5.31,4182538.0,29236450.0
2015-02-04,5.44,5.51,5.41,5.38,3640737.0,25903660.0
2015-02-03,5.38,5.48,5.41,5.38,3539874.0,25172622.0
2015-02-02,5.28,5.41,5.37,5.27,3873554.0,27144356.0
2015-01-30,5.42,5.43,5.30,5.30,3654666.0,25540634.0
2015-01-29,5.34,5.46,5.40,5.28,6163570.0,43371844.0
2015-01-28,5.31,5.36,5.31,5.28,3893193.0,27086888.0
2015-01-27,5.28,5.35,5.31,5.21,5406219.0,37310992.0
2015-01-26,5.21,5.30,5.28,5.18,4412784.0,30204092.0
2015-01-23,5.28,5.28,5.20,5.17,4080862.0,27752840.0
2015-01-22,5.24,5.27,5.27,5.18,4958291.0,33830576.0
2015-01-21,5.12,5.25,5.24,5.11,6536216.0,44404896.0
2015-01-20,4.94,5.13,5.12,4.94,4330960.0,28651492.0
2015-01-19,5.00,5.15,4.93,4.86,5236055.0,34261432.0
2015-01-16,4.97,5.05,5.04,4.95,4044732.0,26398344.0
2015-01-15,4.95,4.98,4.97,4.92,2056499.0,13323183.0
2015-01-14,5.01,5.01,4.92,4.90,2444735.0,15824379.0
2015-01-13,4.90,5.03,5.02,4.86,3211973.0,20664064.0
2015-01-12,5.09,5.09,4.90,4.90,3505279.0,22673404.0
2015-01-09,5.11,5.13,5.08,5.07,3502816.0,23374034.0
2015-01-08,5.11,5.15,5.10,5.06,3714064.0,24728664.0
2015-01-07,5.12,5.18,5.11,5.08,3563301.0,23861840.0
2015-01-06,5.08,5.15,5.15,5.02,4644660.0,30949186.0
2015-01-05,5.05,5.14,5.11,4.96,3797366.0,25067380.0
2014-12-31,4.96,5.11,5.03,4.96,3220756.0,21200812.0
2014-12-30,5.20,5.23,5.00,4.98,6440139.0,42650928.0
2014-12-29,5.42,5.42,5.20,5.15,10504779.0,71863056.0
2014-12-26,5.56,5.58,5.43,5.38,9900331.0,70660544.0
2014-12-25,5.42,5.59,5.55,5.36,10130228.0,73003080.0
2014-12-24,5.44,5.50,5.41,5.31,12155987.0,86010696.0
2014-12-23,5.36,5.68,5.57,5.32,20024828.0,144204032.0
2014-12-22,5.55,5.58,5.42,5.26,10458561.0,73459328.0
2014-12-19,5.37,5.72,5.63,5.31,16776952.0,121785568.0
2014-12-18,5.29,5.47,5.41,5.28,6959197.0,48896996.0
2014-12-17,5.49,5.51,5.35,5.30,6224562.0,43705120.0
2014-12-16,5.57,5.61,5.49,5.48,5299879.0,38235740.0
2014-12-15,5.49,5.60,5.57,5.44,5861171.0,42334292.0
2014-12-12,5.47,5.51,5.51,5.42,5478582.0,39067832.0
2014-12-11,5.49,5.51,5.45,5.38,7464383.0,53065620.0
2014-12-10,5.17,5.59,5.54,5.13,9204601.0,63975128.0
2014-12-09,5.60,5.63,5.15,5.12,15805328.0,111634800.0
2014-12-08,5.64,5.66,5.58,5.44,11890649.0,86156792.0
2014-12-05,6.06,6.11,5.70,5.59,16361038.0,124021632.0
2014-12-04,6.13,6.28,6.06,6.05,27479180.0,220462848.0
2014-12-03,6.01,6.13,6.13,5.90,11861486.0,92844024.0
2014-12-02,5.93,6.04,6.00,5.90,6138959.0,48071304.0
2014-12-01,6.03,6.06,5.95,5.90,8922553.0,69389912.0
2014-11-28,6.00,6.19,6.03,5.93,13086968.0,103637016.0
2014-11-27,6.13,6.18,6.03,5.97,19109164.0,151190512.0
2014-11-26,6.16,6.44,6.26,6.14,28944736.0,237523168.0
2014-11-25,6.03,6.19,6.19,5.93,13811728.0,109084608.0
2014-11-24,6.02,6.12,6.04,5.89,17289662.0,135824176.0
2014-11-21,6.00,6.06,6.03,5.93,11986236.0,94069432.0
2014-11-20,6.00,6.09,6.00,5.91,17286040.0,135213136.0
2014-11-19,5.92,6.28,6.13,5.90,34884408.0,277173600.0
2014-11-18,5.56,5.99,5.96,5.52,18259344.0,138358016.0
2014-11-17,5.54,5.68,5.56,5.51,4519366.0,33059820.0
2014-11-14,5.54,5.58,5.54,5.44,2820381.0,20311440.0
2014-11-13,5.59,5.64,5.53,5.44,4128829.0,29765714.0
2014-11-12,5.48,5.59,5.58,5.42,3044136.0,21944344.0
2014-11-11,5.73,5.77,5.49,5.41,5757798.0,41914700.0
2014-11-10,5.74,5.78,5.73,5.67,4372691.0,32599364.0
2014-11-07,5.90,5.90,5.76,5.72,5302757.0,40251752.0
2014-11-06,5.71,5.90,5.88,5.70,7757763.0,58895012.0
2014-11-05,5.77,5.88,5.71,5.69,5706399.0,42753496.0
2014-11-04,5.82,5.97,5.80,5.74,8236577.0,63196736.0
2014-11-03,5.86,5.97,5.82,5.74,11221841.0,86079384.0
2014-10-31,5.69,5.90,5.86,5.60,9421383.0,70748760.0
2014-10-30,5.68,5.78,5.64,5.64,5993167.0,44602880.0
2014-10-29,5.60,5.74,5.70,5.57,6744793.0,50015852.0
2014-10-28,5.44,5.59,5.59,5.44,4768786.0,34530176.0
2014-10-27,5.38,5.44,5.44,5.34,3691458.0,26017064.0
2014-10-24,5.45,5.51,5.36,5.33,5180902.0,36668092.0
2014-10-23,5.67,5.73,5.45,5.43,5747589.0,41673940.0
2014-10-22,5.74,5.78,5.68,5.65,5164216.0,38608992.0
2014-10-21,5.81,5.87,5.73,5.70,4493102.0,33972032.0
2014-10-20,5.80,5.85,5.80,5.74,4266328.0,32354968.0
2014-10-17,5.76,5.85,5.80,5.51,8964722.0,66841524.0
2014-10-16,5.86,5.95,5.76,5.76,8753082.0,67074820.0
2014-10-15,5.87,5.96,5.93,5.82,9098928.0,70115160.0
2014-10-14,6.03,6.06,5.90,5.84,10841115.0,84689280.0
2014-10-13,5.97,6.06,6.03,5.96,10136531.0,79620968.0
2014-10-10,6.01,6.06,6.00,5.96,11264447.0,88299960.0
2014-10-09,5.98,6.11,6.08,5.96,18921198.0,148977856.0
2014-10-08,6.16,6.16,6.05,5.90,24556736.0,192738128.0
2014-09-30,6.45,6.45,6.21,6.14,48840420.0,403525344.0
2014-09-29,5.87,5.87,5.87,5.87,144188.0,1104480.0
2014-09-26,5.33,5.33,5.33,5.33,136485.0,949936.0
2014-08-01,4.92,4.95,4.85,4.83,3025101.0,19333312.0
2014-07-31,4.85,4.92,4.90,4.82,2612971.0,16646476.0
2014-07-30,4.87,4.88,4.87,4.80,2669623.0,16880960.0
2014-07-29,4.82,4.92,4.85,4.81,3849453.0,24419190.0
2014-07-28,4.84,4.85,4.83,4.79,2827799.0,17815500.0
2014-07-25,4.73,4.82,4.82,4.68,2993400.0,18532156.0
2014-07-24,4.70,4.75,4.73,4.66,2309080.0,14207042.0
2014-07-23,4.74,4.75,4.71,4.65,2425641.0,14879835.0
2014-07-22,4.69,4.76,4.74,4.60,2935499.0,17990146.0
2014-07-21,4.77,4.77,4.69,4.65,2586738.0,15925947.0
2014-07-18,4.70,4.77,4.77,4.68,2418257.0,14924679.0
2014-07-17,4.69,4.75,4.69,4.62,4030115.0,24557704.0
2014-07-16,4.95,4.98,4.72,4.71,6230754.0,39119832.0
2014-07-15,4.89,5.05,4.95,4.85,4287313.0,27699342.0
2014-07-14,4.87,4.94,4.92,4.82,3221946.0,20587664.0
2014-07-11,4.89,4.98,4.87,4.86,3989237.0,25534834.0
2014-07-10,4.88,4.96,4.87,4.86,3474415.0,22267372.0
2014-07-09,4.94,5.08,4.89,4.85,7211116.0,46757952.0
2014-07-08,5.00,5.00,4.96,4.86,5058862.0,32575236.0
2014-07-07,4.79,4.98,4.95,4.75,8744951.0,56043660.0
2014-07-04,4.77,4.87,4.80,4.69,5020749.0,31349934.0
2014-07-03,4.72,4.80,4.73,4.69,6381888.0,39604308.0
2014-07-02,4.59,4.82,4.73,4.53,8728090.0,53263356.0
2014-07-01,4.62,4.64,4.59,4.53,3102880.0,18579058.0
2014-06-30,4.66,4.69,4.63,4.58,4839095.0,29184074.0
2014-06-27,4.59,4.73,4.66,4.56,6349635.0,38707432.0
2014-06-26,4.59,4.59,4.59,4.50,2842386.0,16938092.0
2014-06-25,4.58,4.59,4.56,4.50,2541709.0,15057893.0
2014-06-24,4.62,4.65,4.58,4.49,5006068.0,29837470.0
2014-06-23,4.55,4.66,4.62,4.53,5218101.0,31462330.0
2014-06-20,4.37,4.54,4.53,4.36,3443995.0,20084470.0
2014-06-19,4.55,4.59,4.37,4.35,4859757.0,28383754.0
2014-06-18,4.66,4.71,4.55,4.49,5980469.0,35856836.0
2014-06-17,4.51,4.66,4.66,4.47,10187190.0,61142072.0
2014-06-16,4.56,4.59,4.51,4.48,4656733.0,27596832.0
2014-06-13,4.59,4.63,4.59,4.53,5291708.0,31660178.0
2014-06-12,4.41,4.66,4.59,4.30,10885003.0,64058268.0
2014-06-11,4.43,4.47,4.43,4.36,4867945.0,28090958.0
2014-06-10,4.31,4.58,4.48,4.25,8126569.0,46350056.0
2014-06-09,4.28,4.36,4.28,4.23,5443299.0,30634132.0
2014-06-06,4.21,4.31,4.27,4.19,3670039.0,20385090.0
2014-06-05,4.20,4.25,4.23,4.16,2126087.0,11650929.0
2014-06-04,4.21,4.26,4.21,4.13,4804060.0,26437650.0
2014-06-03,4.23,4.27,4.19,4.18,2910221.0,16040159.0
2014-05-30,4.13,4.24,4.24,4.10,4854469.0,26463004.0
2014-05-29,4.17,4.19,4.12,4.09,2376540.0,12831661.0
2014-05-28,4.17,4.21,4.17,4.13,2756982.0,15049680.0
2014-05-27,4.17,4.23,4.20,4.12,2832346.0,15500452.0
2014-05-26,4.23,4.24,4.17,4.13,2484012.0,13554866.0
2014-05-23,4.13,4.23,4.21,4.10,7477844.0,40776344.0
2014-05-22,4.04,4.15,4.10,4.00,3943829.0,21354352.0
2014-05-21,3.92,4.07,4.04,3.89,2366795.0,12481796.0
2014-05-20,3.98,4.01,3.93,3.92,1180843.0,6149579.0
2014-05-19,3.95,3.98,3.92,3.88,823159.0,4259187.0
2014-05-16,3.98,4.00,3.98,3.90,1273235.0,6647741.0
2014-05-15,4.01,4.01,3.96,3.87,2611984.0,13607736.0
2014-05-14,4.01,4.02,3.97,3.95,3175506.0,16650691.0
2014-05-13,3.97,4.10,4.01,3.95,4439045.0,23635426.0
2014-05-12,3.90,3.98,3.97,3.88,2351299.0,12214979.0
2014-05-09,3.92,3.92,3.87,3.85,1066937.0,5457307.0
2014-05-08,3.88,3.94,3.90,3.85,1715342.0,8795772.0
2014-05-07,3.95,3.98,3.89,3.86,2125364.0,10941373.0
2014-05-06,3.97,4.00,3.98,3.95,1933469.0,10138065.0
2014-05-05,3.91,4.01,3.99,3.88,2429097.0,12623995.0
2014-04-30,3.79,3.91,3.90,3.79,3525085.0,17875054.0
2014-04-29,3.85,3.85,3.79,3.69,3475712.0,17294952.0
2014-04-28,4.02,4.02,3.86,3.79,3814373.0,19405538.0
2014-04-25,4.15,4.20,4.06,4.01,2473322.0,13319363.0
2014-04-24,4.15,4.23,4.17,4.11,2670389.0,14668651.0
2014-04-23,4.16,4.17,4.15,4.11,1280189.0,6981978.0
2014-04-22,4.14,4.18,4.16,4.07,3573497.0,19420762.0
2014-04-21,4.21,4.22,4.14,4.13,2579559.0,14191039.0
2014-04-18,4.23,4.23,4.19,4.17,3074091.0,16975736.0
2014-04-17,4.29,4.29,4.23,4.20,2775961.0,15500237.0
2014-04-16,4.26,4.29,4.28,4.24,1912756.0,10757261.0
2014-04-15,4.34,4.34,4.28,4.26,1903286.0,10770896.0
2014-04-14,4.29,4.36,4.33,4.26,2290666.0,13008964.0
2014-04-11,4.23,4.31,4.29,4.21,2424881.0,13658031.0
2014-04-10,4.25,4.32,4.23,4.21,4046477.0,22742012.0
2014-04-09,4.17,4.28,4.26,4.11,4812831.0,26522630.0
2014-04-08,4.17,4.20,4.17,4.10,3350520.0,18355736.0
2014-04-04,4.17,4.17,4.17,4.02,1720353.0,9390966.0
2014-04-03,4.14,4.18,4.16,4.09,1822616.0,9911250.0
2014-04-02,4.16,4.18,4.14,4.12,1696108.0,9279220.0
2014-04-01,4.04,4.16,4.15,3.98,2539686.0,13685170.0
2014-03-31,4.19,4.21,4.03,4.02,3142916.0,16912024.0
2014-03-28,4.27,4.29,4.18,4.16,2888176.0,16039441.0
2014-03-27,4.37,4.37,4.27,4.26,2619186.0,14830589.0
2014-03-26,4.36,4.41,4.37,4.33,2216073.0,12738251.0
2014-03-25,4.31,4.38,4.36,4.27,2711441.0,15512109.0
2014-03-24,4.35,4.36,4.31,4.24,3161086.0,17930456.0
2014-03-21,4.24,4.36,4.35,4.16,4689194.0,26258838.0
2014-03-20,4.39,4.41,4.26,4.24,2534269.0,14449448.0
2014-03-19,4.33,4.40,4.36,4.29,3256768.0,18673874.0
2014-03-18,4.30,4.37,4.33,4.26,3607937.0,20559308.0
2014-03-17,4.25,4.34,4.32,4.18,3712891.0,20882858.0
2014-03-14,4.47,4.47,4.25,4.18,7589855.0,43094644.0
2014-03-13,4.48,4.57,4.51,4.44,4370177.0,25925396.0
2014-03-12,4.55,4.60,4.52,4.38,6105292.0,36072552.0
2014-03-11,4.60,4.65,4.57,4.47,5034744.0,30096068.0
2014-03-10,4.73,4.75,4.61,4.56,9528919.0,58479704.0
2014-03-07,4.55,4.82,4.77,4.53,13424530.0,82945480.0
2014-03-06,4.53,4.57,4.53,4.42,3598382.0,21348488.0
2014-03-05,4.44,4.61,4.49,4.35,6312321.0,37448104.0
2014-03-04,4.48,4.48,4.40,4.31,3928261.0,22832274.0
2014-03-03,4.44,4.49,4.49,4.40,4300585.0,25257064.0
2014-02-28,4.33,4.43,4.43,4.18,4376409.0,24838712.0
2014-02-27,4.37,4.51,4.36,4.34,5105603.0,29815784.0
2014-02-26,4.41,4.44,4.34,4.18,5850310.0,33255942.0
2014-02-25,4.63,4.82,4.41,4.39,13014542.0,79010896.0
2014-02-24,4.44,4.60,4.59,4.41,6732362.0,40058692.0
2014-02-21,4.44,4.52,4.45,4.39,4102722.0,24058422.0
2014-02-20,4.45,4.54,4.46,4.42,5790896.0,34030980.0
2014-02-19,4.55,4.70,4.52,4.44,7518074.0,45045348.0
2014-02-18,4.42,4.61,4.55,4.37,10123762.0,60347300.0
2014-02-17,4.42,4.52,4.42,4.36,12075312.0,70489360.0
2014-02-14,4.12,4.52,4.43,4.11,14338983.0,81956248.0
2014-02-13,4.26,4.26,4.11,4.07,8742962.0,47995316.0
2014-02-12,4.29,4.32,4.28,4.22,6454106.0,36231536.0
2014-02-11,4.30,4.34,4.31,4.26,4732186.0,26864700.0
2014-02-10,4.26,4.36,4.31,4.26,7262231.0,41211708.0
2014-02-07,4.17,4.29,4.26,4.11,3975422.0,22174172.0
2014-01-30,4.26,4.31,4.24,4.21,3423184.0,19206436.0
2014-01-29,4.14,4.32,4.26,4.12,5689486.0,31862504.0
2014-01-28,4.18,4.23,4.13,4.07,4699102.0,25554386.0
2014-01-27,4.10,4.29,4.17,4.05,7469363.0,41303488.0
2014-01-24,4.01,4.17,4.11,3.99,6428047.0,34582800.0
2014-01-23,3.98,4.04,4.01,3.95,5193588.0,27269718.0
2014-01-22,3.93,4.01,4.00,3.90,5696912.0,29845946.0
2014-01-21,3.94,4.01,3.96,3.93,5723426.0,29935772.0
2014-01-20,3.90,4.13,3.94,3.88,9223770.0,48541068.0
2014-01-17,3.84,3.92,3.91,3.82,6155741.0,31525188.0
2014-01-16,3.84,3.88,3.83,3.80,3665218.0,18602006.0
2014-01-15,3.82,3.87,3.85,3.78,3487174.0,17593364.0
2014-01-14,3.70,3.84,3.82,3.68,3470302.0,17318360.0
2014-01-13,3.57,3.73,3.71,3.57,3097707.0,14946724.0
2014-01-10,3.74,3.75,3.61,3.57,5335501.0,25566350.0
2014-01-09,3.81,3.85,3.75,3.75,5361100.0,26839140.0
2014-01-08,3.85,3.94,3.79,3.79,6483552.0,32914144.0
2014-01-07,3.82,3.89,3.86,3.80,6494768.0,32969368.0
2014-01-06,3.73,3.89,3.84,3.73,11007222.0,55659944.0
2014-01-03,3.79,3.79,3.75,3.73,2729987.0,13514879.0
2014-01-02,3.78,3.81,3.79,3.74,3887507.0,19374652.0
2013-12-31,3.73,3.79,3.77,3.71,5085582.0,25215816.0
2013-12-30,3.70,3.79,3.76,3.66,5135462.0,25286588.0
2013-12-27,3.57,3.71,3.67,3.57,3256082.0,15737840.0
2013-12-26,3.63,3.66,3.57,3.57,2053805.0,9768875.0
2013-12-25,3.59,3.64,3.63,3.57,1728135.0,8231419.0
2013-12-24,3.60,3.64,3.60,3.54,1718078.0,8149318.0
2013-12-23,3.63,3.63,3.58,3.52,1552795.0,7311546.0
2013-12-20,3.70,3.70,3.60,3.57,2969831.0,14214265.0
2013-12-19,3.71,3.73,3.68,3.68,3047043.0,14889741.0
2013-12-18,3.73,3.73,3.69,3.66,2741084.0,13375198.0
2013-12-17,3.71,3.74,3.73,3.66,2819661.0,13740756.0
2013-12-16,3.76,3.82,3.69,3.69,4675341.0,23132890.0
2013-12-13,3.72,3.77,3.76,3.69,4126227.0,20334770.0
2013-12-12,3.70,3.76,3.72,3.70,3218419.0,15777437.0
2013-12-11,3.76,3.76,3.71,3.67,4742675.0,23164472.0
2013-12-10,3.74,3.79,3.76,3.73,6372036.0,31583920.0
2013-12-09,3.70,3.78,3.73,3.70,5398939.0,26629384.0
2013-12-06,3.70,3.75,3.70,3.67,5801813.0,28323994.0
2013-12-05,3.60,3.89,3.74,3.58,13111852.0,64691888.0
2013-12-04,3.59,3.66,3.62,3.54,5875539.0,27980696.0
2013-12-03,3.46,3.59,3.57,3.46,5373478.0,24943632.0
2013-12-02,3.64,3.69,3.48,3.43,10554542.0,49529836.0
2013-11-29,3.76,3.79,3.77,3.73,5856880.0,29025748.0
2013-11-28,3.73,3.82,3.75,3.72,8494561.0,42231784.0
2013-11-27,3.69,3.73,3.72,3.66,5123303.0,24960286.0
2013-11-26,3.69,3.71,3.68,3.66,4346823.0,21064798.0
2013-11-25,3.67,3.71,3.71,3.65,4303112.0,20900634.0
2013-11-22,3.72,3.73,3.68,3.66,3614030.0,17596086.0
2013-11-21,3.73,3.73,3.70,3.67,5802393.0,28250856.0
2013-11-20,3.67,3.77,3.75,3.64,10297599.0,50297464.0
2013-11-19,3.66,3.75,3.68,3.61,6910562.0,33431086.0
2013-11-18,3.55,3.74,3.67,3.54,9268948.0,44456092.0
2013-11-15,3.48,3.56,3.55,3.46,5345444.0,24881140.0
2013-11-14,3.40,3.50,3.48,3.38,4056049.0,18436216.0
2013-11-13,3.57,3.57,3.42,3.41,6607155.0,30368110.0
2013-11-12,3.56,3.60,3.58,3.53,3922197.0,18393690.0
2013-11-11,3.51,3.57,3.55,3.49,3809846.0,17768624.0
2013-11-08,3.58,3.60,3.53,3.48,7139456.0,33330694.0
2013-11-07,3.68,3.70,3.63,3.60,6295020.0,30187906.0
2013-11-06,3.67,3.77,3.71,3.64,14773590.0,72348072.0
2013-11-05,3.69,3.69,3.67,3.60,14654174.0,70263024.0
2013-11-04,3.60,3.75,3.71,3.57,12547878.0,60721056.0
2013-11-01,3.60,3.66,3.60,3.52,10449632.0,49480804.0
2013-10-31,3.85,3.92,3.66,3.65,25901414.0,128824872.0
2013-10-30,3.92,4.10,3.97,3.92,25280088.0,131734376.0
2013-10-29,4.36,4.36,4.36,4.36,796400.0,4571336.0
2013-10-08,4.42,4.85,4.84,4.42,14527136.0,90494544.0
2013-09-30,4.29,4.50,4.41,4.26,3381985.0,19479758.0
2013-09-27,4.27,4.33,4.27,4.20,2395017.0,13441001.0
2013-09-26,4.29,4.36,4.25,4.25,3895097.0,22032396.0
2013-09-25,4.48,4.51,4.32,4.29,6750273.0,38917024.0
2013-09-24,4.47,4.55,4.48,4.41,5056577.0,29856424.0
2013-09-23,4.49,4.56,4.48,4.40,5948578.0,35132164.0
2013-09-18,4.40,4.53,4.50,4.37,6406890.0,37681028.0
2013-09-17,4.29,4.43,4.39,4.20,7179195.0,41052228.0
2013-09-16,4.30,4.36,4.28,4.21,4787062.0,27027412.0
2013-09-13,4.28,4.32,4.30,4.17,4271231.0,23853522.0
2013-09-12,4.26,4.34,4.29,4.26,3086859.0,17455962.0
2013-09-11,4.36,4.45,4.26,4.24,6915223.0,39639152.0
2013-09-10,4.47,4.48,4.37,4.31,9220502.0,52904092.0
2013-09-09,4.54,4.57,4.50,4.42,4361845.0,25796854.0
2013-09-06,4.55,4.62,4.52,4.48,4332907.0,25892594.0
2013-09-05,4.40,4.67,4.55,4.39,6883651.0,41203148.0
2013-09-04,4.46,4.70,4.43,4.42,7244344.0,43412760.0
2013-09-03,4.44,4.51,4.48,4.37,7503693.0,44143212.0
2013-09-02,4.13,4.52,4.46,4.11,11650934.0,67274560.0
2013-08-30,4.29,4.45,4.20,4.17,8503209.0,48329296.0
2013-08-29,4.17,4.36,4.36,4.07,11876521.0,66388644.0
2013-08-28,4.29,4.37,4.17,4.14,9940072.0,55470280.0
2013-08-27,4.37,4.47,4.39,4.34,8385228.0,48688248.0
2013-08-26,4.26,4.43,4.40,4.17,12122404.0,69355224.0
2013-08-23,4.26,4.39,4.26,4.12,10915478.0,60970884.0
2013-08-22,4.27,4.29,4.28,4.18,7557366.0,42233376.0
2013-08-21,4.13,4.33,4.27,4.11,12710800.0,70881288.0
2013-08-20,3.93,4.31,4.19,3.88,22869810.0,125221608.0
2013-08-19,3.67,3.98,3.93,3.67,12824399.0,65666168.0
2013-08-16,3.94,4.01,3.73,3.71,11172886.0,56543192.0
2013-08-15,3.82,3.96,3.87,3.77,13337174.0,67987456.0
2013-08-14,3.79,3.90,3.87,3.75,21757126.0,109780632.0
2013-08-13,3.74,3.78,3.74,3.65,15658262.0,76647200.0
2013-08-12,3.48,3.76,3.76,3.41,27973236.0,137518784.0
2013-08-09,3.41,3.43,3.42,3.37,2593380.0,11618856.0
2013-08-08,3.38,3.44,3.38,3.34,4294473.0,19206178.0
2013-08-07,3.50,3.50,3.43,3.40,3761256.0,17037452.0
2013-08-06,3.47,3.52,3.49,3.44,4643863.0,21274462.0
2013-08-05,3.48,3.49,3.47,3.42,3034306.0,13852094.0
2013-08-02,3.49,3.51,3.47,3.43,3805586.0,17357314.0
2013-08-01,3.35,3.51,3.48,3.35,6350455.0,28727666.0
2013-07-31,3.33,3.43,3.35,3.31,4824526.0,21487358.0
2013-07-30,3.26,3.35,3.34,3.22,4069807.0,17756022.0
2013-07-29,3.19,3.35,3.26,3.19,3163587.0,13698971.0
2013-07-26,3.20,3.24,3.22,3.19,1966113.0,8304873.0
2013-07-25,3.27,3.28,3.21,3.21,1716940.0,7325178.0
2013-07-24,3.29,3.30,3.28,3.23,2095735.0,9014631.0
2013-07-23,3.23,3.30,3.27,3.22,2569352.0,11089358.0
2013-07-22,3.23,3.23,3.23,3.19,2167075.0,9155588.0
2013-07-19,3.30,3.35,3.23,3.23,2299070.0,9988808.0
2013-07-18,3.29,3.35,3.32,3.29,3132893.0,13745387.0
2013-07-17,3.34,3.35,3.28,3.27,2073005.0,9046635.0
2013-07-16,3.35,3.41,3.35,3.28,4030152.0,17744972.0
2013-07-15,3.19,3.38,3.38,3.19,6370545.0,27676550.0
2013-07-12,3.26,3.29,3.19,3.19,3443890.0,14694009.0
2013-07-11,3.19,3.37,3.29,3.16,5035032.0,21652916.0
2013-07-10,3.17,3.26,3.22,3.16,4454154.0,18815712.0
2013-07-09,3.17,3.17,3.10,3.07,1978429.0,8105646.0
2013-07-08,3.17,3.17,3.09,3.05,4040210.0,16613428.0
2013-07-05,3.15,3.19,3.12,3.07,1761648.0,7271879.0
2013-07-04,3.04,3.22,3.14,3.04,5952872.0,24803358.0
2013-07-03,2.94,3.15,3.08,2.91,7384629.0,29785432.0
2013-07-02,2.93,2.96,2.96,2.89,2721870.0,10492911.0
2013-07-01,2.89,2.93,2.93,2.85,2100986.0,8005684.0
2013-06-28,2.88,2.93,2.88,2.83,3137459.0,11914144.0
2013-06-27,3.02,3.04,2.90,2.88,3427491.0,13346085.0
2013-06-26,3.01,3.05,3.00,2.95,2528893.0,9963493.0
2013-06-25,3.05,3.09,3.01,2.77,3575708.0,13928116.0
2013-06-24,3.26,3.30,3.04,3.00,3798142.0,15749621.0
2013-06-21,3.26,3.32,3.27,3.19,2538164.0,10903497.0
2013-06-20,3.40,3.41,3.31,3.28,3104333.0,13671651.0
2013-06-19,3.43,3.45,3.44,3.35,2646750.0,11827526.0
2013-06-18,3.48,3.51,3.45,3.41,3397908.0,15441988.0
2013-06-17,3.53,3.55,3.48,3.45,3628395.0,16752297.0
2013-06-14,3.38,3.52,3.52,3.34,8176864.0,37381996.0
2013-06-13,3.32,3.41,3.38,3.27,6443735.0,28519688.0
2013-06-07,3.35,3.41,3.32,3.26,3088661.0,13562662.0
2013-06-06,3.42,3.44,3.35,3.34,3103001.0,13869609.0
2013-06-05,3.41,3.44,3.44,3.36,2655942.0,11952624.0
2013-06-04,3.51,3.52,3.41,3.41,5117910.0,23255168.0
2013-06-03,3.51,3.53,3.53,3.49,3609513.0,16695372.0
2013-05-31,3.52,3.56,3.51,3.50,4552055.0,21148186.0
2013-05-30,3.54,3.57,3.52,3.50,4381989.0,20348162.0
2013-05-29,3.58,3.60,3.55,3.54,5016982.0,23626106.0
2013-05-28,3.55,3.60,3.57,3.53,5012751.0,23578134.0
2013-05-27,3.51,3.58,3.54,3.51,4896735.0,22884142.0
2013-05-24,3.47,3.53,3.51,3.45,4317783.0,19918228.0
2013-05-23,3.51,3.53,3.48,3.46,5362674.0,24689356.0
2013-05-22,3.59,3.61,3.52,3.49,8001617.0,37580848.0
2013-05-21,3.57,3.60,3.59,3.53,6440010.0,30304992.0
2013-05-20,3.50,3.61,3.58,3.49,8993685.0,42183476.0
2013-05-17,3.49,3.51,3.51,3.43,7195816.0,32859506.0
2013-05-16,3.44,3.54,3.48,3.44,6435631.0,29651678.0
2013-05-15,3.42,3.48,3.48,3.41,3897826.0,17744464.0
2013-05-14,3.41,3.52,3.47,3.38,7178321.0,32641812.0
2013-05-13,3.57,3.57,3.42,3.41,7511915.0,34283084.0
2013-05-10,3.44,3.53,3.50,3.40,8455871.0,50944380.0
2013-05-09,3.38,3.50,3.44,3.35,7073100.0,41755884.0
2013-05-08,3.36,3.56,3.41,3.36,13504253.0,80635480.0
2013-05-07,3.24,3.36,3.36,3.24,8837733.0,50685728.0
2013-05-06,3.21,3.28,3.25,3.21,3887380.0,21819232.0
2013-05-03,3.13,3.22,3.21,3.13,2290757.0,12632352.0
2013-05-02,3.12,3.14,3.13,3.08,1260215.0,6778321.0
2013-04-26,3.21,3.23,3.12,3.10,3031729.0,16575842.0
2013-04-25,3.19,3.26,3.20,3.18,3072157.0,17112516.0
2013-04-24,3.13,3.22,3.21,3.13,2532838.0,13903312.0
2013-04-23,3.27,3.27,3.13,3.11,4201315.0,23161554.0
2013-04-22,3.22,3.32,3.27,3.21,4598581.0,25925028.0
2013-04-19,3.16,3.25,3.22,3.16,3018393.0,16772342.0
2013-04-18,3.14,3.19,3.16,3.13,1524371.0,8330803.0
2013-04-17,3.13,3.17,3.16,3.13,1688984.0,9195987.0
2013-04-16,3.18,3.18,3.15,3.07,3068521.0,16590782.0
2013-04-15,3.27,3.27,3.22,3.19,3775983.0,21071948.0
2013-04-12,3.18,3.28,3.27,3.17,5227992.0,29235362.0
2013-04-11,3.20,3.23,3.19,3.16,1968874.0,10873621.0
2013-04-10,3.22,3.25,3.19,3.15,2430202.0,13438437.0
2013-04-09,3.19,3.26,3.23,3.18,4018027.0,22316266.0
2013-04-08,3.12,3.21,3.21,3.07,3090225.0,16777046.0
2013-04-03,3.15,3.19,3.14,3.12,2334688.0,12737066.0
2013-04-02,3.18,3.21,3.14,3.14,2723586.0,14893803.0
2013-04-01,3.13,3.24,3.19,3.12,3709554.0,20454300.0
2013-03-29,3.15,3.29,3.14,3.10,5707909.0,31265218.0
2013-03-28,3.13,3.13,3.04,3.04,2124427.0,11287092.0
2013-03-27,3.10,3.14,3.13,3.08,2148398.0,11557403.0
2013-03-26,3.11,3.14,3.10,3.04,2663068.0,14186495.0
2013-03-25,3.15,3.15,3.14,3.11,1661261.0,8974550.0
2013-03-22,3.10,3.13,3.13,3.08,2232606.0,12036104.0
2013-03-21,3.10,3.14,3.10,3.08,2608241.0,14026626.0
2013-03-20,3.03,3.11,3.11,3.03,2702082.0,14376079.0
2013-03-19,3.03,3.06,3.03,2.95,2763032.0,14369235.0
2013-03-18,3.14,3.17,3.04,3.04,4721200.0,25198518.0
2013-03-15,3.19,3.21,3.17,3.13,3669710.0,20128268.0
2013-03-14,3.18,3.22,3.20,3.17,2102235.0,11582555.0
2013-03-13,3.21,3.21,3.17,3.14,3010942.0,16497396.0
2013-03-12,3.31,3.32,3.21,3.17,5444199.0,30429654.0
2013-03-11,3.36,3.36,3.31,3.29,5467798.0,31302906.0
2013-03-08,3.27,3.36,3.35,3.25,10113326.0,58064956.0
2013-03-07,3.28,3.33,3.26,3.21,5166342.0,29208634.0
2013-03-06,3.22,3.32,3.29,3.20,6048306.0,34181488.0
2013-03-05,3.14,3.22,3.21,3.14,3303293.0,18154712.0
2013-03-04,3.25,3.27,3.14,3.10,4998431.0,27571436.0
2013-03-01,3.25,3.29,3.28,3.23,3954732.0,22301296.0
2013-02-28,3.19,3.27,3.27,3.19,4182675.0,23420738.0
2013-02-27,3.16,3.21,3.18,3.16,3318396.0,18240250.0
2013-02-26,3.23,3.30,3.18,3.18,4585462.0,25712016.0
2013-02-25,3.18,3.39,3.27,3.17,6180336.0,34867648.0
2013-02-22,3.20,3.22,3.18,3.17,2926830.0,16163974.0
2013-02-21,3.25,3.28,3.21,3.18,4943780.0,27533058.0
2013-02-20,3.21,3.28,3.28,3.21,4312489.0,24238314.0
2013-02-19,3.26,3.28,3.22,3.20,3583113.0,19985318.0
2013-02-18,3.25,3.28,3.26,3.22,3762414.0,21182074.0
2013-02-08,3.18,3.27,3.24,3.18,3652068.0,20416544.0
2013-02-07,3.17,3.20,3.19,3.13,2931086.0,16034443.0
2013-02-06,3.15,3.19,3.17,3.15,2123561.0,11632717.0
2013-02-05,3.13,3.17,3.15,3.10,3802794.0,20582086.0
2013-02-04,3.19,3.24,3.17,3.15,4475393.0,24697324.0
2013-02-01,3.19,3.22,3.19,3.17,4066617.0,22456158.0
2013-01-31,3.15,3.23,3.19,3.13,4780472.0,26273464.0
2013-01-30,3.17,3.17,3.14,3.11,3238618.0,17568530.0
2013-01-29,3.15,3.17,3.16,3.13,3573775.0,19445170.0
2013-01-28,3.06,3.15,3.14,3.04,3662871.0,19635018.0
2013-01-25,3.03,3.09,3.05,3.02,3261281.0,17147138.0
2013-01-24,3.17,3.24,3.06,3.03,7307698.0,39488884.0
2013-01-23,3.17,3.22,3.17,3.11,4883232.0,26716168.0
2013-01-22,3.27,3.32,3.19,3.18,7695638.0,43190320.0
2013-01-21,3.24,3.35,3.29,3.19,7868674.0,44573684.0
2013-01-18,3.17,3.25,3.24,3.15,6850710.0,38143476.0
2013-01-17,3.25,3.25,3.18,3.15,5649540.0,31088258.0
2013-01-16,3.23,3.30,3.25,3.18,8134476.0,45391628.0
2013-01-15,3.14,3.36,3.25,3.14,14595662.0,82005648.0
2013-01-14,3.03,3.20,3.15,3.02,7579157.0,40724896.0
2013-01-11,3.21,3.23,3.04,3.04,7479509.0,40372100.0
2013-01-10,3.12,3.19,3.18,3.10,7536895.0,41061412.0
2013-01-09,3.11,3.17,3.12,3.08,7695245.0,41582716.0
2013-01-08,3.08,3.15,3.14,3.03,7961452.0,42632032.0
2013-01-07,3.03,3.08,3.08,3.02,5262784.0,27835858.0
2013-01-04,3.08,3.10,3.04,3.02,4624531.0,24350728.0
2012-12-31,3.04,3.11,3.07,3.02,6179622.0,32741996.0
2012-12-28,3.02,3.04,3.04,3.00,4682839.0,24492476.0
2012-12-27,3.08,3.11,3.02,3.02,6278921.0,33128660.0
2012-12-26,3.04,3.10,3.09,3.02,9509385.0,50209932.0
2012-12-25,2.99,3.07,3.05,2.98,7717972.0,40590868.0
2012-12-24,2.99,3.05,2.99,2.96,5586595.0,28995800.0
2012-12-21,3.04,3.08,3.01,3.00,4225610.0,22106266.0
2012-12-20,3.06,3.08,3.06,3.01,4739768.0,24904330.0
2012-12-19,3.04,3.11,3.08,3.02,7688411.0,40941532.0
2012-12-18,3.00,3.11,3.06,2.96,13126996.0,69297088.0
2012-12-17,2.96,3.07,3.02,2.94,10258453.0,53034640.0
2012-12-14,2.86,3.01,2.96,2.85,11125302.0,56747712.0
2012-12-13,2.89,2.92,2.85,2.85,3537986.0,17639362.0
2012-12-12,2.88,2.99,2.93,2.87,5382284.0,27118060.0
2012-12-11,2.89,2.93,2.88,2.87,6014132.0,30172748.0
2012-12-10,2.89,2.97,2.94,2.84,11788278.0,59124832.0
2012-12-07,2.82,2.95,2.93,2.80,11274917.0,56226112.0
2012-12-06,2.89,2.91,2.85,2.81,9175294.0,45075164.0
2012-12-05,2.62,2.88,2.88,2.62,9947457.0,48361460.0
2012-12-04,2.55,2.63,2.62,2.55,1973874.0,8856245.0
2012-12-03,2.70,2.71,2.57,2.55,3637013.0,16623907.0
2012-11-30,2.67,2.80,2.74,2.67,2202831.0,10419807.0
2012-11-29,2.66,2.81,2.69,2.64,2040907.0,9616687.0
2012-11-28,2.81,2.81,2.67,2.66,1992549.0,9293045.0
2012-11-27,2.92,2.92,2.81,2.81,2037578.0,10062227.0
2012-11-26,2.98,3.01,2.92,2.91,1197107.0,6082777.0
2012-11-23,3.00,3.00,2.99,2.96,1176711.0,6057758.0
2012-11-22,3.01,3.03,2.99,2.96,2036304.0,10494571.0
2012-11-21,2.95,3.09,3.04,2.93,4074648.0,21161676.0
2012-11-20,2.95,2.96,2.92,2.92,766101.0,3884011.0
2012-11-19,2.90,2.95,2.93,2.85,970199.0,4879812.0
2012-11-16,2.88,2.92,2.89,2.86,1176180.0,5882297.0
2012-11-15,2.93,2.99,2.89,2.88,1517399.0,7683181.0
2012-11-14,2.95,2.97,2.96,2.93,1172630.0,5975457.0
2012-11-13,3.04,3.04,2.96,2.95,1368376.0,7048018.0
2012-11-12,3.02,3.04,3.04,3.00,1129918.0,5898534.0
2012-11-09,2.97,3.02,3.00,2.97,1570917.0,8114997.0
2012-11-08,3.06,3.06,2.97,2.97,2549463.0,13262878.0
2012-11-07,3.07,3.11,3.08,3.06,1484901.0,7919446.0
2012-11-06,3.13,3.14,3.08,3.04,2231666.0,11837036.0
2012-11-05,3.13,3.16,3.14,3.11,1767102.0,9563295.0
2012-11-02,3.14,3.16,3.13,3.11,2239745.0,12107620.0
2012-11-01,3.07,3.18,3.14,3.07,3036587.0,16449788.0
2012-10-31,3.04,3.11,3.09,3.04,1396060.0,7414851.0
2012-10-30,3.02,3.10,3.06,3.02,1179480.0,6245671.0
2012-10-29,3.04,3.08,3.03,3.01,1490116.0,7851073.0
2012-10-26,3.19,3.19,3.06,3.04,3643455.0,19481792.0
2012-10-25,3.23,3.26,3.20,3.19,2510105.0,13978406.0
2012-10-24,3.19,3.27,3.22,3.18,2615188.0,14607400.0
2012-10-23,3.25,3.32,3.23,3.22,3949604.0,22342068.0
2012-10-22,3.24,3.29,3.28,3.21,3037918.0,17044296.0
2012-10-19,3.28,3.39,3.29,3.26,5623436.0,32364582.0
2012-10-18,3.25,3.32,3.29,3.21,5418150.0,30715218.0
2012-10-17,3.21,3.30,3.26,3.18,5237632.0,29392220.0
2012-10-16,3.13,3.23,3.22,3.13,3806821.0,21034676.0
2012-10-15,3.21,3.21,3.16,3.09,2963751.0,16078383.0
2012-10-12,3.23,3.29,3.21,3.15,4214453.0,23447292.0
2012-10-11,3.32,3.35,3.25,3.22,6991451.0,39739188.0
2012-10-10,3.26,3.37,3.37,3.21,11520970.0,65775288.0
2012-10-09,3.19,3.34,3.29,3.18,9891275.0,56021752.0
2012-10-08,3.24,3.24,3.18,3.15,7081268.0,38899188.0
2012-09-28,3.23,3.31,3.24,3.16,14188327.0,79064568.0
2012-09-27,2.96,3.26,3.26,2.96,16296352.0,90877640.0
2012-09-26,3.02,3.07,2.96,2.95,3064207.0,15914173.0
2012-09-25,3.07,3.13,3.05,3.04,4416922.0,23475828.0
2012-09-24,3.02,3.20,3.13,2.98,6857654.0,36910792.0
2012-09-21,3.13,3.16,3.05,3.04,9390083.0,50268120.0
2012-09-20,3.43,3.44,3.28,3.27,5774089.0,33410452.0
2012-09-19,3.44,3.49,3.46,3.39,4574346.0,27219418.0
2012-09-18,3.47,3.52,3.43,3.36,5722354.0,34082084.0
2012-09-17,3.56,3.59,3.48,3.48,7246452.0,44050160.0
2012-09-14,3.62,3.73,3.63,3.53,11918318.0,74930464.0
2012-09-13,3.75,3.75,3.61,3.59,16119491.0,102165000.0
2012-09-12,3.79,3.85,3.84,3.66,25745612.0,167582416.0
2012-09-11,3.85,3.90,3.66,3.63,26386142.0,171290384.0
2012-09-10,3.83,3.83,3.83,3.83,8894467.0,58792428.0
2012-09-07,3.19,3.48,3.48,3.13,7720348.0,44659012.0
2012-09-06,3.07,3.24,3.16,3.07,4815390.0,26373204.0
2012-09-05,3.02,3.09,3.07,3.01,1720433.0,9076543.0
2012-09-04,3.07,3.11,3.04,3.04,1502959.0,7975245.0
2012-09-03,3.01,3.09,3.09,2.97,1893815.0,10002340.0
2012-08-31,3.04,3.06,3.03,2.97,1708205.0,8905770.0
2012-08-30,3.13,3.15,3.04,2.98,2781309.0,14739911.0
2012-08-29,3.11,3.15,3.13,3.06,2134891.0,11491517.0
2012-08-28,3.04,3.11,3.10,3.02,1540481.0,8184380.0
2012-08-27,3.07,3.12,3.04,3.01,2103634.0,11127259.0
2012-08-24,3.18,3.29,3.13,3.12,4078251.0,22542808.0
2012-08-23,3.10,3.24,3.21,3.08,4967742.0,27342552.0
2012-08-22,3.12,3.17,3.11,3.08,2279667.0,12299191.0
2012-08-21,3.05,3.15,3.12,3.03,3796939.0,20381090.0
2012-08-20,3.09,3.09,3.06,3.00,2215942.0,11646004.0
2012-08-17,3.10,3.17,3.10,3.05,4023866.0,21622610.0
2012-08-16,3.04,3.31,3.18,3.02,7334602.0,40383696.0
2012-08-15,3.08,3.09,3.04,3.04,1261372.0,6665911.0
2012-08-14,3.03,3.10,3.08,2.97,2403805.0,12634542.0
2012-08-13,3.12,3.12,3.04,3.03,1818543.0,9666262.0
2012-08-10,3.15,3.15,3.13,3.09,2249706.0,12127652.0
2012-08-09,3.10,3.17,3.15,3.05,3765067.0,20230494.0
2012-08-08,3.10,3.18,3.13,3.07,3437305.0,18591700.0
2012-08-07,3.06,3.11,3.10,3.05,3073343.0,16353405.0
2012-08-06,2.96,3.08,3.06,2.94,3137985.0,16372580.0
2012-08-03,2.92,2.97,2.97,2.90,1694629.0,8612867.0
2012-08-02,2.92,2.95,2.91,2.88,1398270.0,7037767.0
2012-08-01,2.88,3.01,2.95,2.88,2042419.0,10434670.0
2012-07-31,3.00,3.00,2.87,2.85,1858261.0,9274364.0
2012-07-30,3.09,3.12,2.97,2.96,1935638.0,10144949.0
2012-07-27,3.10,3.13,3.07,3.02,1117737.0,5916557.0
2012-07-26,3.06,3.15,3.06,3.04,2611729.0,14026064.0
2012-07-25,3.10,3.11,3.06,3.04,1586594.0,8436688.0
2012-07-24,3.04,3.13,3.10,3.04,2052191.0,10927848.0
2012-07-23,3.06,3.11,3.06,3.01,1672791.0,8837141.0
2012-07-20,3.13,3.17,3.07,3.07,2214280.0,11942089.0
2012-07-19,3.06,3.21,3.14,3.05,4552732.0,24803900.0
2012-07-18,3.07,3.10,3.08,3.00,2468587.0,12980775.0
2012-07-17,2.98,3.16,3.09,2.94,6005714.0,31816586.0
2012-07-16,3.32,3.32,2.99,2.99,6389948.0,34110368.0
2012-07-13,3.34,3.39,3.32,3.31,2227868.0,12875245.0
2012-07-12,3.34,3.41,3.37,3.26,3837342.0,22123690.0
2012-07-11,3.29,3.40,3.37,3.25,3885188.0,22411308.0
2012-07-10,3.29,3.32,3.27,3.22,1973414.0,11124170.0
2012-07-09,3.36,3.39,3.26,3.26,2384981.0,13657944.0
2012-07-06,3.30,3.41,3.39,3.28,2724643.0,15761227.0
2012-07-05,3.40,3.40,3.30,3.29,3052494.0,17535792.0
2012-07-04,3.51,3.53,3.41,3.41,3870954.0,23188238.0
2012-07-03,3.54,3.59,3.51,3.49,4323439.0,26516018.0
2012-07-02,3.60,3.61,3.57,3.54,3939643.0,24331486.0
2012-06-29,3.48,3.59,3.59,3.44,4710095.0,28786382.0
2012-06-28,3.52,3.55,3.53,3.46,5212938.0,31651406.0
2012-06-27,3.53,3.58,3.51,3.50,3846678.0,23476894.0
2012-06-26,3.49,3.58,3.55,3.46,4470789.0,27291622.0
2012-06-25,3.51,3.56,3.51,3.48,3701197.0,22478870.0
2012-06-21,3.58,3.61,3.50,3.49,4491111.0,27435856.0
2012-06-20,3.66,3.70,3.61,3.58,4871966.0,30705034.0
2012-06-19,3.65,3.70,3.66,3.58,5895633.0,37047248.0
2012-06-18,3.64,3.68,3.66,3.63,5907583.0,37253104.0
2012-06-15,3.73,3.77,3.62,3.57,9264662.0,58651560.0
2012-06-14,3.89,3.94,3.73,3.73,9571023.0,63477232.0
2012-06-13,3.83,3.92,3.92,3.73,12549814.0,83119536.0
2012-06-12,3.80,3.96,3.85,3.78,13814177.0,92633072.0
2012-06-11,3.74,3.85,3.83,3.70,7920640.0,51952692.0
2012-06-08,3.82,3.86,3.73,3.71,9910594.0,65143664.0
2012-06-07,3.94,3.99,3.80,3.79,12572081.0,84944224.0
2012-06-06,3.92,3.98,3.89,3.85,9592937.0,64886908.0
2012-06-05,4.05,4.06,3.91,3.87,14323646.0,97521016.0
2012-06-04,4.05,4.09,4.06,3.97,14317558.0,99565952.0
2012-06-01,4.14,4.17,4.08,4.04,16271768.0,114993896.0
2012-05-31,4.25,4.25,4.12,4.09,26813328.0,192903504.0
2012-05-30,4.09,4.31,4.27,4.04,35415920.0,255631200.0
2012-05-29,3.66,3.99,3.99,3.63,31390524.0,212620560.0
2012-05-28,3.25,3.62,3.62,3.22,8850549.0,53258412.0
2012-05-25,3.39,3.42,3.29,3.24,5753248.0,33152830.0
2012-05-24,3.37,3.48,3.45,3.33,6960134.0,40952280.0
2012-05-22,3.65,3.65,3.54,3.52,4355959.0,26835644.0
2012-05-21,3.79,3.79,3.66,3.66,1046205.0,6701194.0
2012-05-18,3.91,3.92,3.79,3.78,755202.0,8085069.0
2012-05-17,3.81,3.93,3.92,3.80,1040383.0,11239898.0
2012-05-16,3.80,3.89,3.82,3.80,1584726.0,17001252.0
2012-05-14,4.00,4.04,3.98,3.95,871477.0,9739786.0
2012-05-11,4.04,4.04,3.97,3.97,649511.0,7265068.0
2012-05-10,3.96,4.04,4.00,3.96,854208.0,9540451.0
2012-05-09,4.01,4.07,3.96,3.95,1262197.0,14122688.0
2012-05-07,4.02,4.08,4.08,3.99,1441082.0,16250787.0
2012-05-04,4.07,4.07,4.03,3.97,1325198.0,14852690.0
2012-05-03,3.96,4.07,4.05,3.96,1890281.0,21230240.0
2012-05-02,3.95,4.00,3.96,3.91,790958.0,8725629.0
2012-04-27,3.91,3.97,3.89,3.89,619072.0,6796104.0
2012-04-26,3.93,3.97,3.94,3.91,1070145.0,11781043.0
2012-04-25,3.84,3.94,3.93,3.80,1153018.0,12480732.0
2012-04-24,3.88,3.93,3.87,3.73,1188574.0,12721612.0
2012-04-23,3.99,4.01,3.88,3.88,1414349.0,15589058.0
2012-04-20,3.94,4.02,3.99,3.91,1823030.0,20288002.0
2012-04-19,3.95,3.99,3.91,3.90,1337660.0,14734722.0
2012-04-18,3.83,3.95,3.95,3.83,1830093.0,19968078.0
2012-04-17,3.93,4.01,3.82,3.82,2523046.0,27499350.0
2012-04-16,3.73,3.88,3.83,3.70,1708540.0,18222650.0
2012-04-13,3.71,3.75,3.75,3.70,1289863.0,13433696.0
2012-04-12,3.64,3.72,3.71,3.62,1335571.0,13700449.0
2012-04-11,3.57,3.68,3.64,3.55,1311183.0,13278066.0
2012-04-10,3.55,3.62,3.61,3.48,955987.0,9482888.0
2012-04-09,3.60,3.67,3.57,3.56,772889.0,7794994.0
2012-04-06,3.61,3.65,3.61,3.59,999969.0,10090616.0
2012-04-05,3.50,3.63,3.61,3.47,1204395.0,12058698.0
2012-03-30,3.55,3.61,3.50,3.45,1589528.0,15632376.0
2012-03-29,3.69,3.69,3.56,3.51,2722619.0,27307898.0
2012-03-28,4.05,4.06,3.75,3.69,4465914.0,49258836.0
2012-03-27,3.88,4.10,4.09,3.85,5075192.0,56766364.0
2012-03-26,3.91,3.96,3.84,3.80,914200.0,9846012.0
2012-03-23,3.94,4.04,3.93,3.88,2274298.0,25138972.0
2012-03-22,3.87,4.01,3.99,3.85,3059837.0,33881192.0
2012-03-21,3.85,3.89,3.88,3.78,1111869.0,11933849.0
2012-03-20,3.93,3.94,3.80,3.78,1845551.0,19879980.0
2012-03-19,3.78,4.01,3.96,3.75,2499880.0,27163252.0
2012-03-16,3.72,3.79,3.79,3.71,1233219.0,12916632.0
2012-03-15,3.82,3.84,3.70,3.68,2138698.0,22311604.0
2012-03-14,4.06,4.08,3.82,3.79,4074966.0,45333116.0
2012-03-13,4.00,4.05,4.05,3.97,2879788.0,32203410.0
2012-03-12,3.98,4.04,4.00,3.95,1499217.0,16712140.0
2012-03-09,3.90,3.98,3.97,3.88,1711746.0,18766620.0
2012-03-08,3.83,3.89,3.89,3.82,1254441.0,13542989.0
2012-03-07,3.86,3.89,3.81,3.79,2214222.0,23654220.0
2012-03-06,4.01,4.02,3.88,3.85,2621416.0,28426612.0
2012-03-05,4.00,4.03,3.98,3.96,809120.0,9007865.0
2012-03-02,3.90,4.01,3.98,3.89,921729.0,10193263.0
2012-03-01,3.82,3.93,3.88,3.82,557606.0,6068461.0
2012-02-29,3.91,3.95,3.86,3.86,918526.0,10000564.0
2012-02-28,4.01,4.02,3.96,3.90,1412910.0,15577457.0
2012-02-27,4.00,4.07,4.01,4.00,1539286.0,17318322.0
2012-02-24,3.98,4.01,4.00,3.94,1628319.0,18065398.0
2012-02-23,3.94,4.09,3.99,3.93,2798647.0,31320310.0
2012-02-22,3.80,3.94,3.93,3.80,1704757.0,18484422.0
2012-02-21,3.76,3.82,3.81,3.71,725349.0,7618167.0
2012-02-20,3.87,3.89,3.76,3.76,1191730.0,12695249.0
2012-02-17,3.85,3.86,3.83,3.79,857431.0,9148808.0
2012-02-16,3.82,3.88,3.84,3.78,919877.0,9826876.0
2012-02-15,3.75,3.84,3.83,3.74,797165.0,8472793.0
2012-02-14,3.76,3.79,3.76,3.72,898427.0,9401271.0
2012-02-13,3.67,3.84,3.76,3.62,1344606.0,14088663.0
2012-02-10,3.66,3.72,3.67,3.64,898842.0,9228720.0
2012-02-09,3.64,3.72,3.66,3.62,1226025.0,12618740.0
2012-02-08,3.54,3.65,3.64,3.52,1063398.0,10717897.0
2012-02-07,3.60,3.60,3.54,3.51,929747.0,9205789.0
2012-02-06,3.55,3.61,3.61,3.51,1365862.0,13635303.0
2012-02-03,3.45,3.55,3.54,3.40,1457262.0,14180941.0
2012-02-02,3.38,3.46,3.46,3.38,566269.0,5427210.0
2012-02-01,3.39,3.45,3.40,3.38,382600.0,3652294.0
2012-01-31,3.47,3.47,3.39,3.39,580209.0,5521424.0
2012-01-30,3.48,3.51,3.46,3.42,329965.0,3201254.0
2012-01-20,3.46,3.49,3.45,3.44,677508.0,6559310.0
2012-01-19,3.43,3.49,3.44,3.40,349168.0,3363605.0
2012-01-18,3.49,3.58,3.42,3.42,679670.0,6657062.0
2012-01-17,3.35,3.54,3.50,3.30,819567.0,7826668.0
2012-01-16,3.41,3.46,3.33,3.29,626811.0,5862948.0
2012-01-13,3.66,3.66,3.47,3.46,499300.0,4915630.0
2012-01-12,3.65,3.68,3.66,3.60,525363.0,5332944.0
2012-01-11,3.74,3.74,3.64,3.60,650437.0,6636121.0
2012-01-10,3.46,3.65,3.65,3.44,832725.0,8289914.0
2012-01-09,3.35,3.50,3.49,3.30,1022039.0,9723049.0
2012-01-06,3.34,3.36,3.35,3.23,310389.0,2866102.0
2012-01-05,3.51,3.51,3.33,3.32,598132.0,5685838.0
2012-01-04,3.70,3.73,3.53,3.51,791184.0,8029802.0
2011-12-30,3.67,3.73,3.69,3.65,362626.0,3745150.0
2011-12-29,3.61,3.67,3.64,3.59,455551.0,4630123.0
2011-12-28,3.74,3.76,3.65,3.56,712228.0,7251361.0
2011-12-27,3.84,3.85,3.81,3.74,498739.0,5269872.0
2011-12-26,3.85,3.92,3.87,3.84,241384.0,2612258.0
2011-12-23,3.89,3.96,3.89,3.80,285209.0,3107160.0
2011-12-22,4.09,4.09,3.88,3.73,759744.0,8299173.0
2011-12-21,4.36,4.38,4.12,4.12,1306672.0,15576287.0
2011-12-20,4.23,4.44,4.38,4.23,1426479.0,17188740.0
2011-12-19,4.37,4.38,4.36,4.30,324893.0,3942056.0
2011-12-16,4.31,4.39,4.38,4.30,316967.0,3844042.0
2011-12-15,4.36,4.40,4.31,4.31,298899.0,3632580.0
2011-12-14,4.37,4.43,4.35,4.31,221018.0,2689638.0
2011-12-13,4.54,4.57,4.37,4.31,368452.0,4605458.0
2011-12-12,4.58,4.61,4.55,4.55,290551.0,3710234.0
2011-12-09,4.62,4.67,4.59,4.59,329349.0,4246271.0
2011-12-08,4.69,4.76,4.67,4.59,442431.0,5750689.0
2011-12-07,4.78,4.78,4.71,4.69,387412.0,5100772.0
2011-12-06,4.72,4.78,4.74,4.67,307153.0,4046480.0
2011-12-05,4.81,4.82,4.72,4.72,443477.0,5892891.0
2011-12-02,4.97,4.97,4.81,4.80,663329.0,8975743.0
2011-12-01,5.05,5.12,4.99,4.98,1101565.0,15539071.0
2011-11-30,5.34,5.35,4.94,4.84,1710414.0,24390726.0
2011-11-29,5.37,5.39,5.34,5.27,1275153.0,18973818.0
2011-11-28,5.43,5.43,5.33,5.30,1843456.0,27573066.0
2011-11-25,5.31,5.47,5.46,5.24,4709816.0,70660032.0
2011-11-24,5.18,5.44,5.34,5.14,2226780.0,33049564.0
2011-11-23,5.10,5.23,5.23,5.09,447738.0,6454080.0
2011-11-22,5.09,5.16,5.13,5.09,320912.0,4584960.0
2011-11-21,5.11,5.13,5.13,5.06,312927.0,4461686.0
2011-11-18,5.19,5.29,5.12,5.11,685897.0,9950892.0
2011-11-17,5.23,5.28,5.22,5.16,626797.0,9131576.0
2011-11-16,5.37,5.39,5.23,5.22,1213350.0,17813200.0
2011-11-15,5.31,5.44,5.39,5.25,1730717.0,25931146.0
2011-11-14,5.27,5.31,5.29,5.24,856867.0,12620063.0
2011-11-11,5.13,5.23,5.22,5.13,750326.0,10883557.0
2011-11-10,5.10,5.22,5.17,5.10,767962.0,11087090.0
2011-11-09,5.12,5.18,5.17,5.08,497558.0,7126950.0
2011-11-08,5.17,5.21,5.09,5.09,454080.0,6529965.0
2011-11-07,5.14,5.21,5.19,5.14,469457.0,6781562.0
2011-11-04,5.19,5.21,5.18,5.13,661154.0,9533117.0
2011-11-03,5.17,5.23,5.18,5.12,1357970.0,19698386.0
2011-11-02,5.01,5.19,5.15,4.96,952101.0,13477232.0
2011-11-01,5.03,5.09,5.06,5.00,508365.0,7152141.0
2011-10-31,5.07,5.14,5.08,5.02,683355.0,9700257.0
2011-10-28,5.03,5.09,5.08,5.00,862149.0,12138227.0
2011-10-27,5.04,5.05,5.01,4.97,354811.0,4955482.0
2011-10-26,4.97,5.09,5.01,4.93,687736.0,9594061.0
2011-10-25,4.88,5.00,4.98,4.84,418622.0,5787800.0
2011-10-24,4.82,4.90,4.89,4.72,359717.0,4829843.0
2011-10-21,4.92,4.95,4.81,4.80,309056.0,4198093.0
2011-10-20,5.07,5.09,4.94,4.90,514006.0,7118897.0
2011-10-19,5.22,5.25,5.12,5.05,526698.0,7511825.0
2011-10-18,5.23,5.34,5.22,5.13,1336460.0,19650050.0
2011-10-17,5.16,5.19,5.19,5.12,293873.0,4234816.0
2011-10-14,5.16,5.18,5.14,5.10,256075.0,3672114.0
2011-10-13,5.16,5.23,5.19,5.12,483267.0,6994174.0
2011-10-12,4.93,5.17,5.14,4.87,509286.0,7225996.0
2011-10-11,5.09,5.14,4.96,4.92,249533.0,3493148.0
2011-10-10,4.89,5.01,4.95,4.89,123626.0,1705052.0
2011-09-30,5.09,5.12,4.92,4.92,306120.0,4244616.0
2011-09-29,5.12,5.16,4.99,4.97,403600.0,5697893.0
2011-09-28,5.23,5.27,5.17,5.15,249410.0,3626262.0
2011-09-27,5.18,5.25,5.22,5.18,226823.0,3300922.0
2011-09-26,5.19,5.28,5.17,5.16,220961.0,3204598.0
2011-09-23,5.16,5.23,5.20,5.13,454674.0,6562361.0
2011-09-22,5.30,5.38,5.22,5.22,953152.0,14194062.0
2011-09-21,5.16,5.34,5.32,5.16,595044.0,8764282.0
2011-09-20,5.17,5.23,5.18,5.13,254237.0,3673346.0
2011-09-19,5.23,5.27,5.18,5.17,248169.0,3608324.0
2011-09-16,5.30,5.33,5.28,5.26,285863.0,4221083.0
2011-09-15,5.30,5.33,5.27,5.23,441085.0,6512776.0
2011-09-14,5.24,5.27,5.26,5.17,331830.0,4839614.0
2011-09-13,5.23,5.26,5.22,5.20,234139.0,3413872.0
2011-09-09,5.27,5.34,5.29,5.27,268348.0,3971423.0
2011-09-08,5.39,5.42,5.30,5.28,434617.0,6502120.0
2011-09-07,5.30,5.40,5.38,5.28,565491.0,8458714.0
2011-09-06,5.34,5.34,5.27,5.22,285235.0,4195701.0
2011-09-05,5.38,5.39,5.27,5.26,442700.0,6543689.0
2011-09-02,5.44,5.44,5.41,5.35,412868.0,6203743.0
2011-09-01,5.38,5.46,5.43,5.36,643290.0,9682738.0
2011-08-31,5.50,5.52,5.38,5.38,603349.0,9141736.0
2011-08-30,5.63,5.67,5.48,5.48,616247.0,9635895.0
2011-08-29,5.65,5.68,5.62,5.59,541445.0,8502350.0
2011-08-26,5.62,5.71,5.66,5.60,750303.0,11850671.0
2011-08-25,5.52,5.70,5.66,5.52,1076800.0,16844814.0
2011-08-24,5.55,5.60,5.52,5.52,868108.0,13484596.0
2011-08-23,5.52,5.53,5.51,5.46,913077.0,14005420.0
2011-08-22,5.44,5.51,5.47,5.42,560821.0,8554268.0
2011-08-19,5.28,5.46,5.46,5.22,1101124.0,16530486.0
2011-08-18,5.53,5.55,5.37,5.34,1243574.0,18832832.0
2011-08-17,5.51,5.57,5.52,5.50,344650.0,5322613.0
2011-08-16,5.59,5.62,5.53,5.52,534721.0,8297636.0
2011-08-15,5.46,5.57,5.57,5.43,748439.0,11548738.0
2011-08-12,5.50,5.57,5.46,5.46,899968.0,13825189.0
2011-08-11,5.36,5.48,5.48,5.28,886950.0,13368300.0
2011-08-10,5.41,5.50,5.43,5.38,561284.0,8528876.0
2011-08-09,5.35,5.42,5.33,5.16,544992.0,8034893.0
2011-08-08,5.66,5.72,5.44,5.39,626616.0,9638395.0
2011-08-05,5.73,5.82,5.74,5.69,462475.0,7435553.0
2011-08-04,5.90,5.95,5.91,5.87,385200.0,6355471.0
2011-08-03,5.82,5.93,5.87,5.80,426279.0,6999488.0
2011-08-02,5.77,5.86,5.86,5.71,313370.0,5053144.0
2011-08-01,5.73,5.83,5.79,5.60,316712.0,5096867.0
2011-07-29,5.87,5.92,5.73,5.72,455660.0,7367629.0
2011-07-28,5.88,5.91,5.89,5.82,312516.0,5116721.0
2011-07-27,5.81,5.92,5.92,5.74,417895.0,6833677.0
2011-07-26,5.87,5.87,5.84,5.74,302696.0,4918451.0
2011-07-25,5.99,6.11,5.82,5.79,776335.0,12907140.0
2011-07-22,5.99,6.06,5.99,5.95,302932.0,5082292.0
2011-07-21,6.12,6.15,5.98,5.98,390750.0,6580682.0
2011-07-20,6.05,6.15,6.12,6.02,455998.0,7737565.0
2011-07-19,6.13,6.17,6.07,6.06,547653.0,9322754.0
2011-07-18,6.20,6.27,6.18,6.16,834661.0,14468138.0
2011-07-15,6.23,6.36,6.27,6.23,1177742.0,20761108.0
2011-07-14,6.26,6.27,6.24,6.18,651816.0,11319582.0
2011-07-13,6.16,6.23,6.23,6.12,768364.0,13286597.0
2011-07-12,6.20,6.20,6.14,6.11,889136.0,15221860.0
2011-07-11,6.04,6.28,6.25,6.00,1727659.0,29886650.0
2011-07-08,6.04,6.07,6.04,5.98,653274.0,10996608.0
2011-07-07,6.00,6.17,6.06,6.00,1426801.0,24301676.0
2011-07-06,5.98,6.05,6.03,5.94,1194202.0,20050468.0
2011-07-05,6.04,6.08,5.98,5.94,1017570.0,16970358.0
2011-07-04,5.83,6.01,5.99,5.83,1177997.0,19532266.0
2011-07-01,5.76,5.88,5.83,5.76,605735.0,9879408.0
2011-06-30,5.71,5.81,5.78,5.71,701782.0,11311470.0
2011-06-29,5.90,5.91,5.73,5.73,620700.0,10057312.0
2011-06-28,5.88,5.91,5.87,5.77,693356.0,11304820.0
2011-06-27,5.89,5.96,5.92,5.84,1004436.0,16524969.0
2011-06-24,5.78,5.97,5.88,5.76,1856424.0,30596500.0
2011-06-23,5.73,5.82,5.78,5.65,1322275.0,21186392.0
2011-06-22,5.54,5.94,5.83,5.46,1745867.0,27885630.0
2011-06-21,5.40,5.49,5.47,5.40,271294.0,4127639.0
2011-06-20,5.44,5.48,5.40,5.40,384488.0,5830380.0
2011-06-17,5.53,5.62,5.46,5.44,489085.0,7550817.0
2011-06-16,5.58,5.73,5.62,5.43,1368300.0,21296106.0
2011-06-15,5.59,5.69,5.59,5.59,260205.0,4093522.0
2011-06-14,5.53,5.68,5.63,5.49,297830.0,4668091.0
2011-06-13,5.52,5.55,5.52,5.45,257350.0,3943863.0
2011-06-10,5.62,5.71,5.56,5.45,397047.0,6160833.0
2011-06-09,5.80,5.80,5.62,5.62,347231.0,5528769.0
2011-06-08,5.83,5.83,5.80,5.70,383997.0,6165433.0
2011-06-07,5.80,5.86,5.83,5.77,236241.0,3837637.0
2011-06-03,5.67,5.83,5.80,5.67,350920.0,5676937.0
2011-06-02,5.73,5.77,5.68,5.62,375670.0,5971627.0
2011-06-01,5.77,5.85,5.85,5.77,399533.0,6499019.0
2011-05-31,5.71,5.83,5.82,5.70,366095.0,5897455.0
2011-05-30,5.73,5.81,5.71,5.59,419373.0,6676563.0
2011-05-27,5.84,5.89,5.72,5.71,590186.0,9509568.0
2011-05-26,5.90,6.02,5.89,5.87,709709.0,11758193.0
2011-05-25,6.02,6.07,5.89,5.88,593272.0,9861256.0
2011-05-24,6.12,6.14,6.07,5.90,843223.0,14136654.0
2011-05-23,6.33,6.37,6.12,6.11,772798.0,13406612.0
2011-05-20,6.49,6.55,6.34,6.34,961096.0,17207472.0
2011-05-19,6.73,6.79,6.51,6.49,2086314.0,38991228.0
2011-05-18,6.63,6.81,6.77,6.51,3185315.0,59229052.0
2011-05-17,6.34,6.71,6.69,6.30,2856978.0,52309176.0
2011-05-16,6.28,6.35,6.34,6.24,534594.0,9402087.0
2011-05-13,6.19,6.29,6.28,6.18,457430.0,7951064.0
2011-05-12,6.31,6.36,6.19,6.16,596394.0,10446136.0
2011-05-11,6.26,6.43,6.36,6.22,757536.0,13380330.0
2011-05-10,6.21,6.26,6.25,6.18,360222.0,6263133.0
2011-05-09,6.18,6.25,6.21,6.18,500541.0,8678701.0
2011-05-06,6.16,6.19,6.17,6.11,491777.0,8452561.0
2011-05-05,6.16,6.23,6.17,6.12,494170.0,8515292.0
2011-05-04,6.30,6.31,6.16,6.15,626849.0,10876306.0
2011-05-03,6.38,6.38,6.36,6.26,495033.0,8709786.0
2011-04-29,6.26,6.34,6.32,6.23,260557.0,4574274.0
2011-04-28,6.48,6.54,6.23,6.22,658860.0,11682389.0
2011-04-27,6.61,6.61,6.45,6.41,607739.0,11033721.0
2011-04-26,6.63,6.65,6.55,6.52,689359.0,12634834.0
2011-04-25,6.73,6.73,6.58,6.53,566528.0,10423938.0
2011-04-22,6.84,6.84,6.69,6.66,656602.0,12339650.0
2011-04-21,6.80,6.85,6.82,6.77,622958.0,11844698.0
2011-04-20,6.63,6.90,6.83,6.63,1011881.0,19123270.0
2011-04-19,6.71,6.71,6.63,6.58,906714.0,16762746.0
2011-04-18,6.82,6.82,6.72,6.65,1373968.0,25853834.0
2011-04-15,6.91,6.92,6.85,6.81,1077772.0,20652888.0
2011-04-14,7.00,7.00,6.92,6.91,900009.0,17429478.0
2011-04-13,6.92,7.00,6.99,6.87,764146.0,14837406.0
2011-04-12,6.87,6.94,6.91,6.85,710777.0,13697539.0
2011-04-11,6.94,7.03,6.91,6.88,1201687.0,23259354.0
2011-04-08,6.95,7.01,6.96,6.77,1028931.0,19950596.0
2011-04-07,6.85,6.95,6.93,6.85,812597.0,15682020.0
2011-04-06,7.03,7.11,6.85,6.81,1698975.0,32741466.0
2011-04-01,7.01,7.09,7.04,6.99,1041150.0,20439200.0
2011-03-31,7.26,7.31,6.99,6.99,1769032.0,35239884.0
2011-03-30,7.25,7.38,7.26,7.17,1756869.0,35911556.0
2011-03-29,7.52,7.55,7.25,7.24,3621104.0,75536952.0
2011-03-28,7.37,8.08,7.64,7.33,8692577.0,187035344.0
2011-03-25,7.27,7.40,7.39,7.22,5475151.0,113005024.0
2011-03-24,7.06,7.36,7.34,6.97,5249853.0,106911568.0
2011-03-23,6.95,7.07,7.06,6.88,1687104.0,33369180.0
2011-03-22,6.91,6.97,6.96,6.79,1466175.0,28456776.0
2011-03-18,6.93,6.98,6.95,6.87,939899.0,18306494.0
2011-03-17,6.96,6.96,6.87,6.86,1099646.0,21397808.0
2011-03-16,6.89,7.03,7.02,6.89,1406013.0,27604556.0
2011-03-15,7.07,7.07,6.88,6.79,1865916.0,36251980.0
2011-03-14,7.02,7.11,7.10,7.00,2199743.0,43605008.0
2011-03-11,7.09,7.12,7.03,7.02,1970355.0,39277792.0
2011-03-10,7.21,7.28,7.10,7.09,1745059.0,35346644.0
2011-03-09,7.29,7.30,7.21,7.19,1209439.0,24625986.0
2011-03-08,7.20,7.33,7.29,7.17,1535779.0,31504644.0
2011-03-07,7.21,7.25,7.21,7.15,1262807.0,25662880.0
2011-03-04,7.10,7.25,7.19,7.06,950132.0,19161116.0
2011-03-03,7.36,7.40,7.11,7.11,2435380.0,49985268.0
2011-03-02,7.06,7.45,7.36,6.96,2957973.0,59845588.0
2011-03-01,7.19,7.19,7.09,7.07,1309053.0,26292868.0
2011-02-28,7.04,7.19,7.19,7.01,1474498.0,29568210.0
2011-02-25,7.04,7.11,7.03,6.98,933673.0,18531246.0
2011-02-24,7.16,7.20,7.06,6.99,1215784.0,24334696.0
2011-02-23,7.23,7.23,7.16,7.09,1109595.0,22384820.0
2011-02-22,7.24,7.29,7.22,7.08,2234304.0,45423036.0
2011-02-21,7.07,7.23,7.23,7.02,1180501.0,23851638.0
2011-02-18,7.21,7.30,7.12,7.09,1360542.0,27559998.0
2011-02-17,7.27,7.41,7.23,7.18,1842342.0,37793336.0
2011-02-16,6.91,7.30,7.29,6.90,2637988.0,53127504.0
2011-02-15,6.98,7.03,6.93,6.91,1475275.0,29022720.0
2011-02-14,6.94,7.05,6.98,6.93,1245910.0,24509226.0
2011-02-11,6.87,7.01,6.94,6.84,1318783.0,25786720.0
2011-02-10,6.62,6.89,6.87,6.62,1142669.0,21915280.0
2011-02-09,6.43,6.81,6.68,6.43,610973.0,11520378.0
2011-02-01,6.78,6.84,6.77,6.72,698293.0,13343637.0
2011-01-31,6.68,6.91,6.83,6.68,1128481.0,21679712.0
2011-01-28,6.74,6.78,6.74,6.65,951257.0,18017922.0
2011-01-27,6.70,6.84,6.77,6.65,1250991.0,23855568.0
2011-01-26,6.67,6.86,6.78,6.66,1411167.0,26904114.0
2011-01-25,6.55,6.74,6.74,6.39,1487296.0,27710422.0
2011-01-24,6.49,6.67,6.55,6.45,958094.0,17736300.0
2011-01-21,6.37,6.53,6.45,6.35,773354.0,14083464.0
2011-01-20,6.62,6.67,6.42,6.41,787218.0,14460482.0
2011-01-19,6.53,6.69,6.67,6.52,817280.0,15311042.0
2011-01-18,6.46,6.56,6.53,6.44,590802.0,10854337.0
2011-01-17,6.79,6.79,6.51,6.41,1193147.0,22150262.0
2011-01-14,7.10,7.10,6.84,6.79,1527274.0,29736386.0
2011-01-13,7.18,7.21,7.12,7.11,745129.0,14999317.0
2011-01-12,7.18,7.23,7.18,7.10,952071.0,19200910.0
2011-01-11,7.41,7.45,7.17,7.09,1603022.0,32570348.0
2011-01-10,7.39,7.49,7.43,7.33,1289403.0,27003946.0
2011-01-07,7.33,7.48,7.39,7.33,1272003.0,26583766.0
2011-01-06,7.54,7.57,7.39,7.37,1660532.0,34864812.0
2011-01-05,7.55,7.62,7.54,7.50,1472450.0,31362966.0
2011-01-04,7.54,7.59,7.57,7.44,1900280.0,40337048.0
