date,amount,close,high,low,open,volume
2015-08-14,97217328.0,16.59,17.17,16.35,16.55,5787667.0
2015-08-13,85375320.0,16.40,16.40,15.59,15.80,5313886.0
2015-08-12,86432760.0,15.86,16.48,15.86,16.30,5350170.0
2015-08-11,161638400.0,16.42,17.10,16.28,16.65,9666968.0
2015-08-10,170769152.0,16.66,16.88,15.51,15.60,10569699.0
2015-08-07,161611056.0,15.60,15.95,15.07,15.07,10463821.0
2015-08-06,162308720.0,15.05,15.54,14.70,15.19,10725682.0
2015-08-05,311854528.0,15.54,15.54,14.01,14.13,20433886.0
2015-08-04,152358992.0,14.13,14.16,12.88,13.32,11224894.0
2015-08-03,104325256.0,13.34,14.94,13.34,14.84,7477633.0
2015-07-31,89265024.0,14.82,15.58,14.38,14.70,5975370.0
2015-07-30,134521168.0,15.02,16.25,15.00,15.98,8517147.0
2015-07-29,161373616.0,16.40,16.76,15.08,16.50,10176903.0
2015-07-28,200840880.0,15.93,16.61,14.36,14.36,12936343.0
2015-07-27,435911488.0,15.90,17.17,15.70,17.17,26179168.0
2015-07-24,27975540.0,15.61,15.61,15.61,15.61,1792155.0
2015-07-23,1815242.0,14.19,14.19,14.19,14.19,127924.0
2015-07-22,1458719.0,12.90,12.90,12.90,12.90,113079.0
2015-07-21,1266195.0,11.73,11.73,11.73,11.73,107945.0
2015-07-07,43034960.0,10.66,11.51,10.66,11.37,3957862.0
2015-07-06,84336032.0,11.84,13.76,11.26,13.76,6765712.0
2015-07-03,85813560.0,12.51,14.19,12.51,13.50,6560456.0
2015-07-02,76619200.0,13.90,15.35,13.73,15.30,5274703.0
2015-07-01,125114888.0,15.08,16.10,15.00,15.73,7979347.0
2015-06-30,111178048.0,15.61,15.82,13.09,13.50,7800405.0
2015-06-29,107456848.0,14.46,16.50,14.46,16.27,7159927.0
2015-06-26,88781480.0,16.07,17.25,16.07,17.18,5441058.0
2015-06-25,106604424.0,17.85,19.35,17.50,19.34,5721413.0
2015-06-24,104238912.0,19.23,19.55,18.29,19.00,5486924.0
2015-06-23,107484112.0,18.69,19.80,17.87,19.26,5734524.0
2015-06-19,74719136.0,19.26,20.98,19.26,20.98,3734435.0
2015-06-18,110855992.0,21.40,22.39,21.30,21.40,5051823.0
2015-06-17,117384128.0,21.85,22.10,20.50,22.10,5534295.0
2015-06-16,163047696.0,21.75,23.20,21.58,23.09,7320695.0
2015-06-15,207152384.0,23.75,24.50,23.46,23.55,8624370.0
2015-06-12,285530528.0,23.75,24.77,23.58,24.77,11836222.0
2015-06-11,179805136.0,23.09,23.36,22.25,22.90,7895307.0
2015-06-10,233850032.0,23.02,23.46,21.64,21.72,10387736.0
2015-06-09,106179152.0,21.56,21.94,21.19,21.75,4923209.0
2015-06-08,143440656.0,21.74,22.68,21.62,22.40,6542045.0
2015-06-05,185782032.0,22.40,23.08,21.13,22.28,8260614.0
2015-06-04,142330816.0,22.13,22.60,20.53,22.60,6541766.0
2015-06-03,194902832.0,22.81,24.14,22.40,23.41,8405353.0
2015-06-02,184848240.0,23.20,23.63,22.50,22.50,7980729.0
2015-06-01,148647520.0,22.44,22.44,21.55,21.55,6726169.0
2015-05-29,158795456.0,21.52,23.05,20.21,22.17,7284282.0
2015-05-28,253383088.0,22.29,25.20,22.10,24.50,10569685.0
2015-05-27,248792256.0,24.47,24.58,21.50,22.44,10857299.0
2015-05-26,199633616.0,22.43,22.98,21.52,21.74,8967948.0
2015-05-25,184476224.0,21.70,22.19,20.35,21.12,8721838.0
2015-05-22,280630144.0,21.10,22.87,21.05,21.73,12952606.0
2015-05-21,186411664.0,21.37,21.44,19.56,19.80,9080583.0
2015-05-20,186820592.0,19.60,20.68,18.80,18.89,9418407.0
2015-05-19,142172272.0,18.88,19.38,18.50,19.10,7566359.0
2015-05-18,161607152.0,18.99,19.18,17.37,17.59,8667743.0
2015-05-15,93933848.0,17.70,18.50,17.28,18.18,5282696.0
2015-05-14,123727464.0,18.14,18.90,18.11,18.55,3374205.0
2015-05-13,161768432.0,18.72,19.02,17.78,18.37,4383847.0
2015-05-12,205229136.0,18.39,19.00,17.74,18.45,5584288.0
2015-05-11,193490016.0,18.37,18.39,17.09,17.09,5434069.0
2015-05-08,146061200.0,16.72,16.72,15.91,16.35,4453772.0
2015-05-07,143734944.0,16.08,16.08,14.97,14.97,4552680.0
2015-05-06,73098728.0,14.84,15.71,14.52,15.11,2392117.0
2015-05-05,46039536.0,15.23,15.69,15.13,15.69,1490429.0
2015-05-04,59006644.0,15.69,15.98,15.23,15.58,1878706.0
2015-04-30,90990680.0,15.58,16.25,15.58,15.74,2848280.0
2015-04-29,62245284.0,15.70,15.80,15.16,15.16,1991360.0
2015-04-28,93114752.0,15.16,16.07,15.02,15.86,3003076.0
2015-04-27,83847856.0,16.00,16.43,15.93,16.43,2596751.0
2015-04-24,149249072.0,16.22,16.70,15.86,16.22,4600831.0
2015-04-23,171635184.0,16.62,16.98,15.77,16.18,5198334.0
2015-04-22,163551488.0,16.11,16.18,15.13,15.20,5193704.0
2015-04-21,61716888.0,15.07,15.31,14.14,14.14,2077872.0
2015-04-20,75543360.0,14.23,14.67,13.98,14.53,2658356.0
2015-04-17,74963416.0,14.70,15.23,14.65,14.83,2515982.0
2015-04-16,55893136.0,14.83,15.37,14.52,14.78,1864728.0
2015-04-15,74799784.0,14.68,16.05,14.68,15.73,2457053.0
2015-04-14,82435488.0,15.97,16.48,15.83,16.47,2547195.0
2015-04-13,87036456.0,16.58,16.72,15.92,16.47,2658416.0
2015-04-10,75287640.0,16.18,16.21,15.23,15.60,2365651.0
2015-04-09,67251504.0,15.61,16.44,14.98,16.44,2150997.0
2015-04-08,64051444.0,16.42,16.95,15.98,16.78,1938871.0
2015-04-07,80653832.0,16.78,16.78,16.36,16.73,2427210.0
2015-04-03,73398040.0,16.51,16.61,16.06,16.22,2235730.0
2015-04-02,79823784.0,16.29,16.78,15.64,15.64,2465118.0
2015-04-01,115179664.0,15.57,15.72,15.21,15.32,3723642.0
2015-03-31,75847280.0,15.32,15.67,15.30,15.33,2454451.0
2015-03-30,89326144.0,15.43,15.98,15.39,15.40,2850590.0
2015-03-27,47515176.0,15.33,15.62,15.01,15.23,1543815.0
2015-03-26,77319472.0,15.23,15.36,14.85,15.18,2554238.0
2015-03-25,136126192.0,15.25,15.95,14.78,15.86,4450389.0
2015-03-24,159656288.0,15.58,15.58,14.78,14.96,5255911.0
2015-03-23,114557000.0,14.67,14.67,13.23,13.23,3985319.0
2015-03-20,44404516.0,13.34,13.41,13.06,13.37,1674911.0
2015-03-19,58754196.0,13.38,13.41,12.93,13.07,2225153.0
2015-03-18,61416000.0,13.07,13.21,12.74,12.74,2355739.0
2015-03-17,37671628.0,12.73,12.97,12.63,12.97,1477746.0
2015-03-16,40995660.0,12.91,13.01,12.68,12.98,1593054.0
2015-03-13,21420292.0,12.93,12.98,12.51,12.51,838211.0
2015-03-12,23577482.0,12.51,13.02,12.33,12.88,927584.0
2015-03-11,21162692.0,12.90,13.13,12.88,13.04,815203.0
2015-03-10,25808330.0,13.03,13.13,12.73,12.81,993737.0
2015-03-09,46774272.0,12.85,13.17,12.36,12.43,1825107.0
2015-03-06,23197642.0,12.46,12.58,12.31,12.40,928751.0
2015-03-05,28455140.0,12.50,12.63,12.08,12.33,1145106.0
2015-03-04,53392680.0,12.37,12.68,12.08,12.27,2143487.0
2015-03-03,49008296.0,12.21,12.62,12.08,12.09,1973017.0
2015-03-02,52744676.0,12.07,12.13,11.31,11.40,2225554.0
2015-02-27,18102380.0,11.38,11.46,11.19,11.27,798243.0
2015-02-26,25535258.0,11.42,11.83,11.31,11.53,1101893.0
2015-02-25,35445800.0,11.52,11.57,10.86,11.06,1567418.0
2015-02-17,16299141.0,10.98,11.26,10.87,11.11,737414.0
2015-02-16,24956078.0,11.11,11.11,10.71,10.79,1143598.0
2015-02-13,24198662.0,10.79,11.11,10.73,10.93,1110220.0
2015-02-12,16872454.0,10.88,11.22,10.78,10.89,767652.0
2015-02-11,15677341.0,10.86,10.97,10.60,10.83,722303.0
2015-02-10,16967506.0,10.85,10.85,10.54,10.64,790941.0
2015-02-09,29180602.0,10.81,11.29,10.49,11.17,1341754.0
2015-02-06,52788072.0,11.24,11.60,10.92,11.20,2320698.0
2015-02-05,53104140.0,11.36,11.48,10.61,10.81,2384157.0
2015-02-04,43216780.0,10.81,10.88,10.56,10.78,2007855.0
2015-02-03,76974400.0,10.84,11.03,10.33,10.48,3581584.0
2015-02-02,99693560.0,10.55,10.83,9.74,9.83,4803592.0
2015-01-30,61366896.0,9.89,9.95,9.26,9.37,3173797.0
2015-01-29,29070660.0,9.38,9.43,9.10,9.24,1564254.0
2015-01-28,22247920.0,9.30,9.43,9.24,9.36,1193797.0
2015-01-27,40310752.0,9.36,9.71,9.33,9.71,2123859.0
2015-01-26,28678816.0,9.55,9.61,9.28,9.38,1512902.0
2015-01-23,29875836.0,9.38,9.41,9.14,9.24,1609072.0
2015-01-22,19666582.0,9.25,9.33,9.11,9.11,1064044.0
2015-01-21,36288584.0,9.09,9.31,8.85,8.95,1979475.0
2015-01-20,48620968.0,8.98,9.01,8.47,8.47,2736091.0
2015-01-19,25522980.0,8.47,8.61,7.99,8.32,1506972.0
2015-01-16,10233112.0,8.32,8.38,8.19,8.24,614222.0
2015-01-15,39992048.0,8.19,8.49,8.18,8.49,2410250.0
2015-01-14,28406748.0,8.53,8.69,8.19,8.27,1661742.0
2015-01-13,7360273.0,8.28,8.29,8.09,8.10,445802.0
2015-01-12,8545543.0,8.20,8.22,7.93,8.14,530691.0
2015-01-09,9965871.0,8.17,8.31,8.15,8.29,603838.0
2015-01-08,7465295.0,8.33,8.38,8.28,8.37,446872.0
2015-01-07,10616912.0,8.31,8.43,8.20,8.41,637273.0
2015-01-06,14866302.0,8.36,8.45,8.16,8.16,888228.0
2015-01-05,23268222.0,8.30,8.31,7.89,7.94,1429081.0
2014-12-31,5908729.0,7.90,7.91,7.79,7.88,375952.0
2014-12-30,9430960.0,7.79,7.97,7.74,7.91,602094.0
2014-12-29,12639642.0,7.92,8.15,7.88,8.14,794401.0
2014-12-26,9366277.0,8.12,8.19,8.04,8.11,576382.0
2014-12-25,9577305.0,8.11,8.24,8.07,8.12,586940.0
2014-12-24,13804967.0,8.10,8.13,7.98,7.99,855506.0
2014-12-23,15794026.0,7.92,7.99,7.81,7.92,995194.0
2014-12-22,31675136.0,7.92,8.80,7.92,8.80,1944294.0
2014-12-19,21323688.0,8.80,8.99,8.65,8.99,1213641.0
2014-12-18,16795400.0,8.98,9.17,8.96,9.08,927321.0
2014-12-17,27956380.0,9.06,9.38,8.94,9.33,1531835.0
2014-12-16,25937980.0,9.35,9.54,9.34,9.52,1376650.0
2014-12-15,33821372.0,9.52,9.55,9.28,9.47,1790176.0
2014-12-12,40148744.0,9.47,9.51,9.29,9.49,2136198.0
2014-12-11,54825484.0,9.49,9.63,9.32,9.62,2889590.0
2014-12-10,126313776.0,9.78,9.94,8.93,9.10,6696855.0
2014-12-09,50537504.0,9.15,9.24,8.60,8.66,2849026.0
2014-12-08,25182958.0,8.79,8.79,8.59,8.79,1452189.0
2014-12-05,29273848.0,8.79,9.27,8.77,9.27,1638132.0
2014-12-04,29096906.0,9.28,9.34,9.14,9.15,1570245.0
2014-12-03,15415620.0,9.14,9.14,9.00,9.12,847928.0
2014-12-02,16889784.0,9.12,9.12,8.86,8.86,932815.0
2014-12-01,17352470.0,8.89,9.11,8.83,9.04,967604.0
2014-11-28,20576972.0,9.04,9.21,8.99,9.21,1132969.0
2014-11-27,17591864.0,9.20,9.26,9.10,9.23,954534.0
2014-11-26,21367072.0,9.23,9.25,9.08,9.18,1161177.0
2014-11-25,22503234.0,9.18,9.36,8.99,9.04,1234723.0
2014-11-24,17566880.0,9.05,9.09,8.91,8.99,974506.0
2014-11-21,18549764.0,8.97,9.02,8.76,8.79,1039171.0
2014-11-20,5980694.0,8.79,8.85,8.75,8.85,339780.0
2014-11-19,9369843.0,8.86,8.88,8.75,8.81,529861.0
2014-11-18,12877156.0,8.85,8.92,8.70,8.70,727815.0
2014-11-17,14514657.0,8.76,8.83,8.56,8.56,829771.0
2014-11-14,11676779.0,8.56,8.62,8.43,8.45,681412.0
2014-11-13,19332074.0,8.52,8.67,8.44,8.67,1131221.0
2014-11-12,16339669.0,8.69,8.69,8.51,8.51,947806.0
2014-11-11,34033652.0,8.61,9.05,8.49,9.02,1943151.0
2014-11-10,18355636.0,9.03,9.07,8.91,8.99,1019011.0
2014-11-07,26086972.0,9.02,9.30,9.01,9.22,1423131.0
2014-11-06,20277570.0,9.20,9.20,9.06,9.15,1107342.0
2014-11-05,20500772.0,9.12,9.15,9.02,9.09,1125238.0
2014-11-04,23544180.0,9.10,9.12,8.99,9.10,1300094.0
2014-11-03,27384778.0,9.08,9.18,9.02,9.02,1503785.0
2014-10-31,38368884.0,9.08,9.13,8.91,8.98,2118588.0
2014-10-30,76844824.0,8.99,9.41,8.96,9.30,4224341.0
2014-10-15,25965604.0,9.58,9.58,9.35,9.39,1368832.0
2014-10-14,25308348.0,9.41,9.60,9.38,9.50,1333534.0
2014-10-13,22339272.0,9.51,9.54,9.29,9.34,1187887.0
2014-10-10,48941356.0,9.42,9.74,9.38,9.53,2565044.0
2014-10-09,71472184.0,9.59,9.64,9.35,9.35,3761456.0
2014-10-08,39482056.0,9.37,9.48,9.27,9.31,2106493.0
2014-09-30,54565568.0,9.37,9.54,9.32,9.54,2899273.0
2014-09-29,155032720.0,9.47,9.96,9.32,9.96,8153990.0
2014-09-26,99883344.0,9.27,9.27,8.39,8.43,5605005.0
2014-09-25,18477374.0,8.42,8.59,8.41,8.51,1084561.0
2014-09-24,20928682.0,8.49,8.53,8.33,8.39,1233468.0
2014-09-23,20814226.0,8.41,8.42,8.06,8.06,1255355.0
2014-09-22,13662851.0,8.05,8.28,8.05,8.28,834809.0
2014-09-19,16096145.0,8.28,8.34,8.23,8.29,970179.0
2014-09-18,16980552.0,8.33,8.43,8.28,8.30,1016873.0
2014-09-17,19370640.0,8.32,8.35,7.98,8.14,1186758.0
2014-09-16,29043050.0,8.11,8.47,8.07,8.46,1748377.0
2014-09-15,19719840.0,8.46,8.48,8.41,8.42,1164761.0
2014-09-12,19164466.0,8.42,8.45,8.29,8.39,1141709.0
2014-09-11,24293400.0,8.39,8.59,8.34,8.49,1431500.0
2014-09-10,23859710.0,8.53,8.53,8.36,8.40,1404478.0
2014-09-09,20872184.0,8.45,8.45,8.31,8.39,1243101.0
2014-09-05,25376714.0,8.43,8.55,8.33,8.40,1509478.0
2014-09-04,28723142.0,8.40,8.44,8.25,8.31,1714092.0
2014-09-03,30269406.0,8.34,8.44,8.27,8.37,1813750.0
2014-09-02,48236740.0,8.35,8.39,8.24,8.25,2888536.0
2014-09-01,73765720.0,8.24,8.28,7.96,8.03,4504976.0
2014-08-29,29378678.0,8.02,8.13,7.93,8.09,1836237.0
2014-08-28,29380940.0,8.09,8.25,7.99,8.15,1817214.0
2014-08-27,52345380.0,8.31,8.33,7.76,7.95,3268591.0
2014-08-26,63560828.0,7.94,8.37,7.94,8.19,3849162.0
2014-08-25,41114664.0,8.21,8.30,7.90,7.94,2521465.0
2014-08-22,10645499.0,7.95,7.97,7.87,7.87,670268.0
2014-08-21,10088489.0,7.89,7.93,7.79,7.84,641405.0
2014-08-20,11452609.0,7.87,7.97,7.85,7.97,722242.0
2014-08-19,17192266.0,7.94,7.98,7.83,7.90,1085545.0
2014-08-18,22625376.0,7.89,7.96,7.80,7.81,1428653.0
2014-08-15,15129304.0,7.78,7.83,7.61,7.62,973252.0
2014-08-14,13460897.0,7.63,7.71,7.57,7.61,876499.0
2014-08-13,14598577.0,7.63,7.71,7.54,7.71,959340.0
2014-08-12,15923199.0,7.74,7.86,7.70,7.71,1023809.0
2014-08-11,12356091.0,7.70,7.72,7.56,7.58,803102.0
2014-08-08,9084821.0,7.58,7.68,7.51,7.51,596322.0
2014-08-07,10263431.0,7.51,7.64,7.51,7.62,675149.0
2014-08-06,8171877.0,7.63,7.66,7.57,7.66,536281.0
2014-08-05,13600385.0,7.66,7.68,7.55,7.55,890907.0
2014-08-04,12266341.0,7.59,7.61,7.39,7.39,809107.0
2014-08-01,19149692.0,7.39,7.66,7.39,7.55,1264480.0
2014-07-31,18028506.0,7.54,7.59,7.36,7.44,1198614.0
2014-07-30,9417511.0,7.42,7.45,7.32,7.39,636838.0
2014-07-29,10263468.0,7.39,7.45,7.36,7.36,692009.0
2014-07-28,11528622.0,7.33,7.37,7.20,7.20,786629.0
2014-07-25,9255645.0,7.20,7.22,7.08,7.08,644029.0
2014-07-24,13901901.0,7.07,7.27,7.00,7.27,973656.0
2014-07-23,19779524.0,7.22,7.48,7.20,7.39,1354280.0
2014-07-22,9482706.0,7.50,7.55,7.35,7.43,633105.0
2014-07-21,9001230.0,7.38,7.52,7.34,7.49,608454.0
2014-07-18,11395371.0,7.49,7.61,7.47,7.55,755188.0
2014-07-17,9155915.0,7.56,7.56,7.48,7.50,607835.0
2014-07-16,16325258.0,7.51,7.58,7.45,7.58,1085860.0
2014-07-15,40368744.0,7.55,7.78,7.47,7.78,2654594.0
2014-07-14,55461488.0,7.88,7.97,7.74,7.92,3523255.0
2014-07-11,44281388.0,7.96,7.98,7.51,7.51,2851648.0
2014-07-10,12792010.0,7.51,7.56,7.28,7.36,858752.0
2014-07-09,16490437.0,7.35,7.60,7.35,7.53,1095637.0
2014-07-08,9909279.0,7.56,7.61,7.45,7.58,656170.0
2014-07-07,15099451.0,7.58,7.59,7.43,7.43,1002397.0
2014-07-04,14793743.0,7.45,7.56,7.44,7.54,989556.0
2014-07-03,19617190.0,7.54,7.63,7.51,7.58,1293957.0
2014-07-02,23178546.0,7.62,7.69,7.49,7.59,1520864.0
2014-07-01,32596528.0,7.58,7.63,7.47,7.57,2151948.0
2014-06-30,26836066.0,7.56,7.56,7.26,7.28,1799759.0
2014-06-27,11615149.0,7.27,7.32,7.21,7.28,796305.0
2014-06-26,10785102.0,7.26,7.29,7.17,7.17,742745.0
2014-06-25,10307206.0,7.19,7.20,7.07,7.13,720495.0
2014-06-24,7847846.0,7.13,7.13,7.00,7.04,552734.0
2014-06-23,8078138.0,7.03,7.08,6.97,6.97,575121.0
2014-06-20,6575482.0,6.98,6.98,6.89,6.89,474388.0
2014-06-19,10324232.0,6.88,7.17,6.87,7.16,733169.0
2014-06-18,7266136.0,7.14,7.21,7.09,7.16,508565.0
2014-06-17,11314618.0,7.17,7.25,7.16,7.23,785659.0
2014-06-16,19705862.0,7.26,7.35,7.20,7.35,1357361.0
2014-06-13,46662120.0,7.34,7.57,7.27,7.31,3132110.0
2014-06-12,25249508.0,7.36,7.39,7.06,7.08,1744940.0
2014-06-11,12729836.0,7.09,7.12,6.94,6.99,902435.0
2014-06-10,5548130.0,6.96,6.97,6.86,6.96,400265.0
2014-06-09,4334945.0,6.89,7.00,6.88,6.97,311638.0
2014-06-06,5183456.0,6.97,7.00,6.88,6.96,372760.0
2014-06-05,5766948.0,6.97,6.99,6.87,6.87,415979.0
2014-06-04,5501711.0,6.87,6.97,6.86,6.93,398268.0
2014-06-03,6281762.0,6.93,7.02,6.92,6.96,449829.0
2014-05-30,7206481.0,6.94,7.01,6.86,6.95,519960.0
2014-05-29,5479195.0,6.94,7.07,6.93,7.02,388030.0
2014-05-28,7907809.0,7.07,7.08,6.96,7.03,558162.0
2014-05-27,6098107.0,7.02,7.03,6.95,6.98,431875.0
2014-05-26,7100543.0,6.98,7.00,6.93,6.94,504594.0
2014-05-23,8914761.0,6.93,6.98,6.87,6.95,638806.0
2014-05-22,8000464.0,6.95,7.02,6.94,7.01,568028.0
2014-05-21,13223360.0,7.00,7.09,6.90,7.09,942059.0
2014-05-20,30139614.0,7.17,7.28,7.05,7.14,2071132.0
2014-05-19,9602478.0,7.17,7.20,6.76,6.90,680653.0
2014-05-16,6486666.0,6.94,6.96,6.76,6.91,468462.0
2014-05-15,7039258.0,6.94,6.98,6.87,6.88,503604.0
2014-05-14,3730876.0,6.89,6.93,6.82,6.90,269028.0
2014-05-13,4412112.0,6.86,6.89,6.80,6.81,319452.0
2014-05-12,6026708.0,6.81,6.86,6.64,6.69,440091.0
2014-05-09,4125725.0,6.61,6.74,6.59,6.65,308497.0
2014-05-08,3408119.0,6.68,6.78,6.62,6.67,251652.0
2014-05-07,6101992.0,6.65,6.86,6.65,6.86,448579.0
2014-05-06,3835102.0,6.89,6.92,6.79,6.83,276640.0
2014-05-05,4653651.0,6.83,6.83,6.72,6.74,339965.0
2014-04-30,3354175.0,6.74,6.79,6.67,6.72,246919.0
2014-04-29,2318469.0,6.73,6.77,6.66,6.77,171279.0
2014-04-28,7103008.0,6.65,6.79,6.60,6.70,526684.0
2014-04-25,8359032.0,6.83,7.07,6.44,7.00,605062.0
2014-04-24,23585070.0,6.99,7.39,6.97,7.39,1622522.0
2014-04-23,20290150.0,7.39,7.43,6.88,6.88,1394580.0
2014-04-22,6715747.0,6.93,7.14,6.87,7.04,476745.0
2014-04-21,9072564.0,7.04,7.24,7.03,7.12,628580.0
2014-04-18,7582354.0,7.20,7.20,7.08,7.16,525389.0
2014-04-17,8169863.0,7.14,7.14,7.04,7.08,569766.0
2014-04-16,5418358.0,7.07,7.15,7.05,7.05,378176.0
2014-04-15,7890673.0,7.14,7.15,7.05,7.10,551031.0
2014-04-14,10077646.0,7.10,7.12,6.99,7.05,709216.0
2014-04-11,11475754.0,7.05,7.15,6.98,7.14,806737.0
2014-04-10,11736606.0,7.14,7.20,7.13,7.20,812731.0
2014-04-09,7544100.0,7.20,7.20,7.07,7.11,524814.0
2014-04-08,7528526.0,7.07,7.13,6.95,6.99,528915.0
2014-04-04,7360354.0,7.00,7.04,6.91,6.94,520888.0
2014-04-03,12286208.0,6.98,7.08,6.87,7.05,877872.0
2014-04-02,8257857.0,7.05,7.30,7.04,7.21,573397.0
2014-04-01,6212188.0,7.24,7.26,7.10,7.19,426904.0
2014-03-31,27972200.0,7.16,7.93,7.07,7.83,1885455.0
2014-03-28,15138081.0,7.86,8.07,7.71,7.84,954031.0
2014-03-27,19339234.0,7.84,8.18,7.79,7.88,1200738.0
2014-03-26,19772392.0,7.89,8.08,7.79,8.08,1245976.0
2014-03-25,46956816.0,8.08,8.12,7.34,7.46,2969304.0
2014-03-24,7912705.0,7.46,7.46,7.35,7.39,529454.0
2014-03-21,7318674.0,7.44,7.44,7.18,7.33,496670.0
2014-03-20,8558367.0,7.33,7.63,7.33,7.55,566301.0
2014-03-19,4840452.0,7.55,7.55,7.39,7.50,321516.0
2014-03-18,7058712.0,7.50,7.56,7.45,7.54,465699.0
2014-03-17,7284070.0,7.50,7.53,7.24,7.27,487318.0
2014-03-14,5691867.0,7.30,7.33,6.96,7.22,389310.0
2014-03-13,6165867.0,7.23,7.26,7.11,7.11,423507.0
2014-03-12,5361781.0,7.16,7.26,7.07,7.19,371330.0
2014-03-11,6629193.0,7.21,7.23,7.11,7.11,457809.0
2014-03-10,13338986.0,7.13,7.64,7.11,7.64,900261.0
2014-03-07,9452087.0,7.66,7.76,7.59,7.72,608676.0
2014-03-06,11327308.0,7.69,7.72,7.49,7.71,737607.0
2014-03-05,9125717.0,7.71,7.79,7.69,7.77,584210.0
2014-03-04,8593632.0,7.75,7.75,7.61,7.66,554343.0
2014-03-03,9909428.0,7.69,7.73,7.57,7.57,639841.0
2014-02-28,9539098.0,7.58,7.63,7.41,7.47,630739.0
2014-02-27,13430205.0,7.53,7.79,7.52,7.70,867974.0
2014-02-26,12466523.0,7.71,7.71,7.38,7.49,819836.0
2014-02-25,18014082.0,7.49,7.93,7.47,7.86,1156247.0
2014-02-24,13646302.0,7.88,7.89,7.66,7.88,870976.0
2014-02-21,14336485.0,7.88,7.91,7.75,7.78,909785.0
2014-02-20,30492860.0,7.79,8.28,7.78,8.20,1906413.0
2014-02-19,25644822.0,8.23,8.30,8.12,8.18,1549998.0
2014-02-18,40857660.0,8.23,8.47,8.20,8.47,2453158.0
2014-02-17,33870372.0,8.48,8.60,8.32,8.53,1986851.0
2014-02-14,51111056.0,8.46,8.61,8.13,8.13,3003884.0
2014-02-13,24484972.0,8.12,8.25,8.01,8.18,1488480.0
2014-02-12,27765014.0,8.20,8.23,7.99,8.23,1697281.0
2014-02-11,30711774.0,8.23,8.34,8.10,8.27,1854651.0
2014-02-10,38456352.0,8.28,8.29,7.92,7.98,2345179.0
2014-02-07,25735554.0,7.93,8.03,7.73,7.88,1620282.0
2014-01-30,19019960.0,7.99,8.18,7.93,8.12,1177921.0
2014-01-29,34619332.0,8.14,8.26,7.93,7.96,2113188.0
2014-01-28,19494310.0,7.95,8.01,7.83,7.91,1222049.0
2014-01-27,35790232.0,7.94,8.12,7.83,8.12,2239487.0
2014-01-24,56256804.0,8.12,8.37,8.05,8.08,3393125.0
2014-01-23,76498064.0,8.21,8.36,7.92,8.03,4669090.0
2014-01-22,154840592.0,8.23,8.96,7.96,8.58,9181421.0
2014-01-21,51581796.0,8.14,8.14,7.36,7.36,3214040.0
2014-01-20,15706256.0,7.41,7.42,7.29,7.42,1058424.0
2014-01-17,27907912.0,7.48,7.50,7.32,7.44,1870805.0
2014-01-16,42439788.0,7.51,7.52,7.02,7.08,2876150.0
2014-01-15,8710631.0,7.10,7.16,7.01,7.07,609902.0
2014-01-14,10278108.0,7.07,7.07,6.90,6.93,725854.0
2014-01-13,7686840.0,6.93,6.93,6.73,6.73,555904.0
2014-01-10,6872869.0,6.74,6.85,6.68,6.69,503527.0
2014-01-09,12863741.0,6.75,6.97,6.73,6.92,930511.0
2014-01-08,12382298.0,6.90,7.09,6.83,6.99,882472.0
2014-01-07,10843591.0,6.98,7.04,6.85,6.86,773437.0
2014-01-06,15064743.0,6.86,7.19,6.84,7.19,1069533.0
2014-01-03,22188248.0,7.20,7.36,7.16,7.33,1514965.0
2014-01-02,30015786.0,7.36,7.37,7.03,7.04,2040949.0
2013-12-31,14464943.0,7.08,7.29,7.06,7.20,1005441.0
2013-12-30,25654730.0,7.22,7.38,7.17,7.25,1752716.0
2013-12-27,25084266.0,7.25,7.28,6.94,7.01,1729711.0
2013-12-26,13196653.0,6.96,7.11,6.91,7.03,934737.0
2013-12-25,18373962.0,7.08,7.10,6.70,6.74,1301680.0
2013-12-24,7536832.0,6.74,6.83,6.64,6.78,552169.0
2013-12-23,8069634.0,6.74,6.76,6.55,6.67,598213.0
2013-12-20,12855492.0,6.66,6.95,6.64,6.95,947714.0
2013-12-19,10809498.0,6.88,7.01,6.87,6.92,771792.0
2013-12-18,8680823.0,6.88,6.96,6.85,6.91,623399.0
2013-12-17,18109614.0,6.91,7.19,6.84,7.13,1291277.0
2013-12-16,27449984.0,7.14,7.33,7.06,7.16,1894392.0
2013-12-13,26682236.0,7.14,7.21,7.01,7.04,1857873.0
2013-12-12,26817922.0,7.12,7.16,6.87,6.96,1884894.0
2013-12-11,18646270.0,6.92,7.06,6.84,6.91,1331084.0
2013-12-10,18386306.0,6.92,7.03,6.84,6.92,1310160.0
2013-12-09,16157457.0,6.89,6.96,6.69,6.73,1171453.0
2013-12-06,7843526.0,6.71,6.76,6.64,6.68,579864.0
2013-12-05,10528710.0,6.70,6.75,6.63,6.68,780302.0
2013-12-04,19355942.0,6.68,6.78,6.51,6.52,1435249.0
2013-12-03,13678625.0,6.55,6.58,6.37,6.39,1043779.0
2013-12-02,35622044.0,6.42,6.96,6.42,6.93,2646729.0
2013-11-29,37890912.0,7.13,7.24,6.90,6.92,2638905.0
2013-11-28,20713718.0,6.92,7.08,6.89,6.93,1471149.0
2013-11-27,15178230.0,6.93,6.96,6.82,6.89,1090960.0
2013-11-26,17425886.0,6.89,7.03,6.81,6.98,1252836.0
2013-11-25,28071524.0,6.98,7.18,6.89,6.90,1975598.0
2013-11-22,41197028.0,6.97,7.05,6.65,6.69,2941594.0
2013-11-21,14090826.0,6.72,6.76,6.62,6.76,1046455.0
2013-11-20,16883786.0,6.77,6.87,6.70,6.87,1236051.0
2013-11-19,20543906.0,6.88,6.88,6.75,6.82,1495957.0
2013-11-18,31432446.0,6.80,7.03,6.74,6.82,2276758.0
2013-11-15,30998902.0,6.82,6.88,6.59,6.71,2268964.0
2013-11-14,43980104.0,6.74,6.78,6.36,6.46,3279459.0
2013-11-13,18734888.0,6.45,6.52,6.24,6.33,1444812.0
2013-11-12,7381605.0,6.36,6.37,6.26,6.36,579121.0
2013-11-11,6418490.0,6.32,6.34,6.15,6.26,507661.0
2013-11-08,7725720.0,6.25,6.33,6.21,6.30,612357.0
2013-11-07,15472511.0,6.30,6.55,6.30,6.55,1196565.0
2013-11-06,27970024.0,6.52,6.59,6.26,6.34,2147923.0
2013-11-05,23421946.0,6.37,6.37,6.07,6.20,1858058.0
2013-11-04,19244712.0,6.25,6.36,6.10,6.19,1529275.0
2013-11-01,56540400.0,6.20,6.59,6.16,6.59,4420645.0
2013-10-31,99815328.0,6.74,7.31,6.71,6.86,7094069.0
2013-10-30,48708520.0,6.64,6.64,6.00,6.03,3748473.0
2013-10-29,6691100.0,6.04,6.31,5.90,6.21,547756.0
2013-10-28,2311837.0,6.24,6.28,6.20,6.21,183751.0
2013-10-25,7793858.0,6.22,6.35,6.21,6.35,618422.0
2013-10-24,6311387.0,6.36,6.41,6.25,6.36,494173.0
2013-10-23,10910710.0,6.36,6.65,6.34,6.58,834398.0
2013-10-22,7165097.0,6.61,6.70,6.60,6.70,534359.0
2013-10-21,14914379.0,6.68,6.72,6.48,6.50,1112445.0
2013-10-18,6098440.0,6.49,6.53,6.46,6.53,465387.0
2013-10-17,8789308.0,6.50,6.59,6.45,6.54,669827.0
2013-10-16,10387361.0,6.52,6.68,6.48,6.68,788891.0
2013-10-15,10144731.0,6.68,6.76,6.64,6.76,751312.0
2013-10-14,18584420.0,6.74,6.78,6.57,6.64,1381523.0
2013-10-11,19924496.0,6.69,6.69,6.57,6.62,1485357.0
2013-10-10,15290230.0,6.61,6.62,6.49,6.59,1152327.0
2013-10-09,20157750.0,6.58,6.62,6.46,6.49,1522817.0
2013-10-08,16770989.0,6.51,6.52,6.35,6.42,1287423.0
2013-09-30,11866879.0,6.42,6.43,6.25,6.25,926615.0
2013-09-27,7203703.0,6.28,6.30,6.20,6.25,570852.0
2013-09-26,12411446.0,6.26,6.52,6.26,6.50,969688.0
2013-09-25,18817964.0,6.49,6.53,6.36,6.46,1440703.0
2013-09-24,8862057.0,6.46,6.49,6.39,6.47,683327.0
2013-09-23,15273663.0,6.47,6.48,6.30,6.37,1181963.0
2013-09-18,8579325.0,6.37,6.41,6.27,6.39,673231.0
2013-09-17,24642260.0,6.39,6.54,6.32,6.41,1891145.0
2013-09-16,18314862.0,6.42,6.42,6.23,6.28,1436649.0
2013-09-13,8489268.0,6.28,6.29,6.21,6.29,674025.0
2013-09-12,10055552.0,6.30,6.31,6.20,6.27,794271.0
2013-09-11,17139580.0,6.27,6.33,6.17,6.26,1364110.0
2013-09-10,21904912.0,6.27,6.33,6.15,6.33,1745674.0
2013-09-09,8524400.0,6.33,6.39,6.30,6.39,668105.0
2013-09-06,15024973.0,6.37,6.39,6.26,6.35,1179233.0
2013-09-05,13117308.0,6.39,6.44,6.32,6.42,1022387.0
2013-09-04,16991898.0,6.43,6.48,6.31,6.39,1320385.0
2013-09-03,21487588.0,6.39,6.41,6.15,6.25,1683689.0
2013-09-02,16248553.0,6.27,6.30,6.08,6.30,1301446.0
2013-08-30,21046474.0,6.31,6.38,6.15,6.15,1661120.0
2013-08-29,7607762.0,6.17,6.21,6.04,6.14,615330.0
2013-08-28,13584891.0,6.17,6.30,6.11,6.16,1089651.0
2013-08-27,14575004.0,6.21,6.23,6.06,6.07,1175326.0
2013-08-26,7778313.0,6.07,6.08,5.89,5.94,640138.0
2013-08-23,5447353.0,5.92,6.04,5.89,6.02,452972.0
2013-08-22,6526266.0,6.01,6.01,5.89,5.89,541071.0
2013-08-21,3714771.0,5.90,5.91,5.83,5.90,313462.0
2013-08-20,5263682.0,5.83,5.91,5.82,5.82,445241.0
2013-08-19,5773583.0,5.82,5.83,5.68,5.70,495308.0
2013-08-16,8064340.0,5.73,5.99,5.72,5.88,680592.0
2013-08-15,10649588.0,5.91,6.11,5.91,6.11,882887.0
2013-08-14,10463479.0,6.11,6.18,6.07,6.10,847302.0
2013-08-13,7267007.0,6.10,6.12,6.03,6.05,593068.0
2013-08-12,8064435.0,6.03,6.13,5.99,6.05,660433.0
2013-08-09,5058740.0,6.01,6.02,5.92,5.99,419110.0
2013-08-08,5189913.0,5.97,6.07,5.95,5.95,429020.0
2013-08-07,6877381.0,5.97,6.09,5.97,6.05,567072.0
2013-08-06,7657277.0,6.09,6.16,6.04,6.16,623134.0
2013-08-05,11680760.0,6.16,6.16,5.92,5.92,951718.0
2013-08-02,10350002.0,5.96,6.12,5.91,6.12,856146.0
2013-08-01,11552196.0,6.06,6.09,5.94,6.02,951065.0
2013-07-31,12373099.0,5.97,6.04,5.89,6.02,1030505.0
2013-07-30,13347538.0,6.03,6.09,5.74,5.80,1111151.0
2013-07-29,10214492.0,5.84,5.99,5.79,5.81,860645.0
2013-07-26,6070246.0,5.83,5.83,5.64,5.68,523170.0
2013-07-25,7218613.0,5.73,5.90,5.70,5.84,618787.0
2013-07-24,9417614.0,5.86,5.86,5.70,5.78,804868.0
2013-07-23,6310801.0,5.74,5.75,5.60,5.62,549820.0
2013-07-22,4910806.0,5.60,5.60,5.46,5.58,438677.0
2013-07-19,7473594.0,5.60,6.05,5.60,5.75,639100.0
2013-07-18,7803110.0,5.74,5.77,5.53,5.59,683087.0
2013-07-17,3404954.0,5.56,5.65,5.52,5.65,301443.0
2013-07-16,3843356.0,5.65,5.68,5.59,5.68,338453.0
2013-07-15,4699225.0,5.64,5.64,5.54,5.56,415441.0
2013-07-12,4370892.0,5.56,5.67,5.53,5.60,387548.0
2013-07-11,7593099.0,5.62,5.67,5.46,5.46,671173.0
2013-07-10,2882961.0,5.46,5.47,5.34,5.35,264375.0
2013-07-09,1355722.0,5.34,5.35,5.28,5.30,126533.0
2013-07-08,3788357.0,5.28,5.50,5.26,5.50,352458.0
2013-07-05,3415406.0,5.50,5.60,5.50,5.57,304258.0
2013-07-04,4086756.0,5.58,5.60,5.45,5.46,365552.0
2013-07-03,4124034.0,5.50,5.63,5.42,5.63,372805.0
2013-07-02,4406965.0,5.58,5.59,5.49,5.52,390883.0
2013-07-01,4321110.0,5.52,5.54,5.37,5.37,388863.0
2013-06-28,3227692.0,5.40,5.49,5.31,5.31,293300.0
2013-06-27,4990825.0,5.37,5.54,5.36,5.51,447599.0
2013-06-26,6100108.0,5.50,5.53,5.32,5.41,551541.0
2013-06-25,8490839.0,5.46,5.49,4.96,5.20,792546.0
2013-06-24,4622805.0,5.20,5.56,5.11,5.46,425111.0
2013-06-21,3956167.0,5.54,5.57,5.41,5.55,354045.0
2013-06-20,3967743.0,5.56,5.77,5.55,5.77,344144.0
2013-06-19,3758965.0,5.80,5.84,5.72,5.84,320741.0
2013-06-18,3927220.0,5.81,5.87,5.73,5.86,332834.0
2013-06-17,6789060.0,5.86,5.89,5.70,5.77,574128.0
2013-06-14,4804324.0,5.78,5.79,5.70,5.75,409621.0
2013-06-13,3900184.0,5.71,5.87,5.66,5.81,334861.0
2013-06-07,5643350.0,5.85,6.02,5.85,5.95,468809.0
2013-06-06,6741753.0,5.96,6.21,5.96,6.12,547500.0
2013-06-05,7895426.0,6.21,6.21,6.08,6.08,631369.0
2013-06-04,8186420.0,6.08,6.15,5.97,6.11,664887.0
2013-06-03,10656120.0,6.12,6.33,6.10,6.25,849679.0
2013-05-31,11924440.0,6.24,6.44,6.24,6.37,927201.0
2013-05-30,17661942.0,6.38,6.43,6.26,6.39,1374858.0
2013-05-29,32453706.0,6.38,6.54,6.34,6.54,2491583.0
2013-05-28,64428720.0,6.61,6.67,6.12,6.25,4897030.0
2013-05-27,13758778.0,6.24,6.24,6.15,6.15,1090203.0
2013-05-24,14987042.0,6.15,6.20,6.05,6.05,1199355.0
2013-05-23,15200085.0,6.08,6.14,5.96,6.07,1229155.0
2013-05-22,13079681.0,6.06,6.13,5.98,6.06,1064946.0
2013-05-21,23475956.0,6.09,6.12,5.93,5.93,1898388.0
2013-05-20,11227823.0,5.94,5.99,5.84,5.84,931422.0
2013-05-17,9363541.0,5.84,5.89,5.73,5.78,789168.0
2013-05-16,8290851.0,5.79,5.84,5.72,5.80,704568.0
2013-05-15,7054479.0,5.81,5.81,5.69,5.70,603493.0
2013-05-14,10165138.0,5.70,5.87,5.68,5.87,868796.0
2013-05-13,17399666.0,5.87,5.94,5.81,5.94,1456130.0
2013-05-10,48763912.0,6.07,6.17,5.80,5.84,3982239.0
2013-05-09,27236656.0,5.99,5.99,5.43,5.45,2346649.0
2013-05-08,5086014.0,5.45,5.48,5.38,5.38,460294.0
2013-05-07,4121871.0,5.37,5.41,5.36,5.40,376309.0
2013-05-06,3244709.0,5.41,5.42,5.33,5.35,295497.0
2013-05-03,3068181.0,5.34,5.38,5.26,5.26,283685.0
2013-05-02,3893636.0,5.27,5.42,5.19,5.27,365360.0
2013-04-26,2653357.0,5.30,5.47,5.30,5.43,241612.0
2013-04-25,3726254.0,5.43,5.60,5.42,5.50,332961.0
2013-04-24,4786986.0,5.49,5.55,5.41,5.52,428844.0
2013-04-23,6009382.0,5.52,5.61,5.47,5.47,531499.0
2013-04-22,3844695.0,5.52,5.69,5.42,5.45,341045.0
2013-04-19,3343039.0,5.47,5.48,5.37,5.37,301098.0
2013-04-18,1501210.0,5.36,5.38,5.31,5.32,137771.0
2013-04-17,1319931.0,5.35,5.37,5.26,5.31,121931.0
2013-04-16,1547692.0,5.36,5.36,5.18,5.18,143688.0
2013-04-15,3533460.0,5.29,5.49,5.27,5.41,323855.0
2013-04-12,2731766.0,5.44,5.54,5.44,5.48,244630.0
2013-04-11,7364821.0,5.52,5.64,5.49,5.56,651633.0
2013-04-10,16012708.0,5.71,5.99,5.69,5.95,1332984.0
2013-04-09,4254782.0,5.73,5.73,5.57,5.61,370176.0
2013-04-08,3553481.0,5.61,5.62,5.41,5.53,316523.0
2013-04-03,2215089.0,5.60,5.63,5.52,5.63,195474.0
2013-04-02,2715876.0,5.59,5.65,5.53,5.55,239527.0
2013-04-01,3067778.0,5.53,5.55,5.50,5.54,272755.0
2013-03-29,5059247.0,5.54,5.69,5.46,5.69,445109.0
2013-03-28,4312023.0,5.63,5.79,5.56,5.79,372981.0
2013-03-27,5479992.0,5.84,5.93,5.79,5.86,460900.0
2013-03-26,10645769.0,5.93,6.19,5.93,6.03,867899.0
2013-03-22,4812251.0,5.91,5.92,5.80,5.89,404186.0
2013-03-21,4603267.0,5.86,5.93,5.84,5.86,384784.0
2013-03-20,3474071.0,5.86,5.88,5.70,5.72,292849.0
2013-03-19,2828480.0,5.75,5.75,5.55,5.67,244110.0
2013-03-18,4249097.0,5.67,5.88,5.65,5.81,361520.0
2013-03-15,2920361.0,5.87,5.95,5.80,5.82,243250.0
2013-03-14,3194881.0,5.80,5.93,5.80,5.90,267399.0
2013-03-13,2669535.0,5.89,5.99,5.88,5.97,222094.0
2013-03-12,7357670.0,5.95,6.18,5.91,6.16,600525.0
2013-03-11,5492336.0,6.18,6.19,6.10,6.17,438436.0
2013-03-08,7888482.0,6.13,6.22,6.07,6.07,627426.0
2013-03-07,6282187.0,6.09,6.18,6.07,6.18,504098.0
2013-03-06,6732108.0,6.14,6.17,6.01,6.01,543592.0
2013-03-05,4760322.0,6.02,6.03,5.89,5.89,390815.0
2013-03-04,8108318.0,5.94,6.22,5.94,6.21,658742.0
2013-03-01,9819150.0,6.23,6.24,6.14,6.19,779900.0
2013-02-28,7118351.0,6.17,6.17,6.05,6.12,572973.0
2013-02-27,4964384.0,6.08,6.14,6.07,6.12,399759.0
2013-02-26,5927171.0,6.12,6.19,6.11,6.15,473735.0
2013-02-25,5918474.0,6.18,6.19,6.05,6.05,473872.0
2013-02-22,8814067.0,6.12,6.28,6.11,6.21,699252.0
2013-02-21,14126430.0,6.23,6.26,6.08,6.18,1129202.0
2013-02-20,13836297.0,6.21,6.23,6.07,6.09,1103171.0
2013-02-19,9618058.0,6.10,6.13,5.99,6.12,778641.0
2013-02-18,7238462.0,6.10,6.13,6.04,6.07,583939.0
2013-02-08,6141758.0,6.07,6.07,5.97,6.01,499781.0
2013-02-07,4992972.0,5.97,6.03,5.96,6.00,410393.0
2013-02-06,7064478.0,6.01,6.04,5.98,6.04,576955.0
2013-02-05,7129741.0,5.99,6.00,5.91,5.91,587211.0
2013-02-04,5733757.0,5.91,6.01,5.90,5.96,475683.0
2013-02-01,7739337.0,5.97,6.04,5.87,6.03,639789.0
2013-01-31,10532393.0,6.06,6.34,6.05,6.13,842741.0
2013-01-30,6870403.0,6.09,6.10,5.96,6.04,559646.0
2013-01-29,10261708.0,6.04,6.14,5.96,5.97,832760.0
2013-01-28,6827032.0,5.95,5.98,5.77,5.77,568640.0
2013-01-25,3630842.0,5.79,5.83,5.76,5.76,308185.0
2013-01-24,11553743.0,5.75,6.02,5.71,5.93,968388.0
2013-01-23,6724658.0,5.95,6.00,5.86,5.96,557070.0
2013-01-22,8664170.0,5.99,6.17,5.96,6.17,700415.0
2013-01-21,8957530.0,6.17,6.22,6.11,6.15,715205.0
2013-01-18,14785615.0,6.14,6.27,6.02,6.15,1186801.0
2013-01-17,38990512.0,6.21,6.43,6.20,6.31,3035537.0
2013-01-16,26341718.0,6.58,6.60,5.85,6.02,2110030.0
2013-01-15,14567482.0,6.01,6.05,5.90,5.90,1193111.0
2013-01-14,14509098.0,5.93,5.97,5.70,5.71,1219539.0
2013-01-11,27653938.0,5.79,6.26,5.78,5.97,2255531.0
2013-01-10,12229801.0,5.97,6.03,5.95,5.99,1003281.0
2013-01-09,20466602.0,5.99,6.01,5.76,5.82,1701153.0
2013-01-08,11702893.0,5.84,5.85,5.66,5.69,996043.0
2013-01-07,4448981.0,5.68,5.69,5.53,5.62,387830.0
2013-01-04,5893339.0,5.62,5.68,5.52,5.66,517302.0
2012-12-31,4509729.0,5.60,5.65,5.56,5.65,394812.0
2012-12-28,6201774.0,5.59,5.61,5.50,5.50,547311.0
2012-12-27,13946829.0,5.56,5.70,5.56,5.67,1222219.0
2012-12-26,16519400.0,5.66,5.97,5.63,5.70,1420123.0
2012-12-25,8866421.0,5.68,5.69,5.50,5.54,775898.0
2012-12-24,7610666.0,5.56,5.56,5.41,5.41,678487.0
2012-12-21,5436848.0,5.41,5.46,5.34,5.34,495522.0
2012-12-20,3389879.0,5.37,5.38,5.32,5.32,310792.0
2012-12-19,2422609.0,5.38,5.38,5.30,5.30,222536.0
2012-12-18,4947990.0,5.33,5.41,5.31,5.40,454605.0
2012-12-17,4913256.0,5.37,5.43,5.36,5.39,448616.0
2012-12-14,4601068.0,5.40,5.43,5.08,5.08,423048.0
2012-12-13,2305571.0,5.21,5.29,5.21,5.23,215886.0
2012-12-12,4242338.0,5.29,5.35,5.18,5.29,397511.0
2012-12-11,4474870.0,5.35,5.38,5.30,5.36,412567.0
2012-12-10,5666927.0,5.41,5.41,5.24,5.31,522958.0
2012-12-07,5338136.0,5.32,5.32,5.13,5.18,499201.0
2012-12-06,2762325.0,5.20,5.27,5.15,5.23,261385.0
2012-12-05,4914564.0,5.21,5.26,4.99,5.06,465736.0
2012-12-04,2628320.0,5.05,5.08,4.86,5.02,259579.0
2012-12-03,2154691.0,5.05,5.25,5.05,5.15,205000.0
2012-11-30,2225866.0,5.20,5.24,5.12,5.14,210768.0
2012-11-29,3234556.0,5.14,5.29,5.10,5.26,305192.0
2012-11-28,5112181.0,5.21,5.44,5.15,5.37,482241.0
2012-11-27,6863719.0,5.40,5.56,5.37,5.54,620044.0
2012-11-26,7437571.0,5.58,5.78,5.55,5.76,644350.0
2012-11-23,11359594.0,5.81,5.96,5.80,5.92,950646.0
2012-11-22,18649352.0,6.01,6.03,5.87,5.90,1541496.0
2012-11-21,40033424.0,6.13,6.26,5.77,5.79,3197354.0
2012-11-20,3835807.0,5.69,5.74,5.62,5.71,331853.0
2012-11-19,5309165.0,5.71,5.71,5.58,5.62,460900.0
2012-11-16,8381865.0,5.62,5.79,5.39,5.41,732164.0
2012-11-15,1792101.0,5.40,5.55,5.40,5.55,161221.0
2012-11-14,1468326.0,5.55,5.55,5.37,5.45,131823.0
2012-11-13,1929791.0,5.43,5.48,5.42,5.48,173919.0
2012-11-12,1197320.0,5.47,5.52,5.43,5.51,107399.0
2012-11-09,2030291.0,5.46,5.54,5.43,5.46,182498.0
2012-11-08,2944190.0,5.45,5.58,5.43,5.58,262502.0
2012-11-07,2249538.0,5.65,5.68,5.59,5.67,196060.0
2012-11-06,2199974.0,5.61,5.70,5.55,5.69,192500.0
2012-11-05,1728762.0,5.70,5.75,5.67,5.72,149095.0
2012-11-02,1987063.0,5.72,5.79,5.70,5.79,170235.0
2012-11-01,3489459.0,5.75,5.82,5.68,5.71,298178.0
2012-10-31,2331553.0,5.67,5.69,5.60,5.65,202844.0
2012-10-30,2454645.0,5.59,5.59,5.53,5.55,216901.0
2012-10-29,2285651.0,5.55,5.59,5.50,5.51,202718.0
2012-10-26,6921332.0,5.56,5.83,5.52,5.81,602274.0
2012-10-25,5140621.0,5.80,5.97,5.80,5.94,428589.0
2012-10-24,3707777.0,5.95,5.99,5.91,5.92,306621.0
2012-10-23,4527829.0,5.99,6.09,5.96,5.99,370155.0
2012-10-22,4277555.0,5.99,5.99,5.90,5.99,353763.0
2012-10-19,7205910.0,6.00,6.17,5.99,6.12,581840.0
2012-10-18,10244272.0,6.13,6.22,6.01,6.06,820998.0
2012-10-17,7212632.0,6.06,6.08,5.90,5.97,591274.0
2012-10-16,9302638.0,6.00,6.10,5.95,5.97,755356.0
2012-10-15,7008042.0,6.02,6.04,5.90,5.99,578390.0
2012-10-12,12269688.0,6.04,6.11,5.91,5.99,1004988.0
2012-10-11,23377490.0,6.04,6.29,5.98,6.29,1882280.0
2012-10-10,48561076.0,6.34,6.62,6.25,6.28,3715852.0
2012-10-09,23941212.0,6.17,6.17,5.58,5.64,1931039.0
2012-10-08,1664107.0,5.61,5.64,5.51,5.58,146576.0
2012-09-28,1487944.0,5.57,5.58,5.46,5.50,132066.0
2012-09-27,2463015.0,5.50,5.56,5.36,5.36,221370.0
2012-09-26,1674315.0,5.40,5.49,5.40,5.43,151402.0
2012-09-25,1060239.0,5.49,5.57,5.43,5.57,94900.0
2012-09-24,1819487.0,5.53,5.59,5.43,5.58,162889.0
2012-09-21,2330289.0,5.50,5.64,5.47,5.52,206762.0
2012-09-20,3864753.0,5.52,5.90,5.51,5.90,333498.0
2012-09-19,1983205.0,5.90,5.97,5.87,5.92,164549.0
2012-09-18,1860074.0,5.90,5.94,5.85,5.94,155198.0
2012-09-17,3662672.0,5.91,6.13,5.90,6.13,300998.0
2012-09-14,6927188.0,6.10,6.22,6.02,6.18,556686.0
2012-09-13,11300404.0,6.19,6.34,6.13,6.17,889449.0
2012-09-12,4521103.0,6.17,6.20,6.10,6.14,361327.0
2012-09-11,6970836.0,6.13,6.22,6.09,6.09,557454.0
2012-09-10,8098932.0,6.16,6.21,6.05,6.11,649162.0
2012-09-07,8892616.0,6.15,6.23,5.95,5.98,713437.0
2012-09-06,3624920.0,5.99,5.99,5.92,5.97,299185.0
2012-09-05,4841539.0,5.93,6.07,5.79,5.79,401000.0
2012-09-04,3272049.0,5.84,5.92,5.83,5.87,273455.0
2012-09-03,3024294.0,5.88,5.88,5.70,5.77,255078.0
2012-08-31,1649678.0,5.75,5.78,5.64,5.67,142311.0
2012-08-30,1933954.0,5.65,5.79,5.61,5.74,166750.0
2012-08-29,1520886.0,5.72,5.79,5.68,5.70,130538.0
2012-08-28,1276382.0,5.72,5.75,5.63,5.63,110000.0
2012-08-27,3216287.0,5.65,5.90,5.60,5.90,276319.0
2012-08-24,3769267.0,5.90,5.93,5.84,5.92,314785.0
2012-08-23,3945301.0,5.91,5.98,5.80,5.81,327552.0
2012-08-22,4693958.0,5.91,6.07,5.89,6.02,387236.0
2012-08-21,4305605.0,6.01,6.03,5.94,5.94,352960.0
2012-08-20,7694461.0,5.94,6.02,5.85,5.90,640838.0
2012-08-17,10453509.0,6.03,6.22,5.70,5.74,856670.0
2012-08-16,1936583.0,5.72,5.74,5.66,5.66,166999.0
2012-08-15,2056805.0,5.68,5.79,5.67,5.73,176950.0
2012-08-14,2579169.0,5.78,5.84,5.65,5.84,222186.0
2012-08-13,3414980.0,5.76,5.91,5.73,5.91,288223.0
2012-08-10,3821252.0,5.94,5.95,5.85,5.91,318011.0
2012-08-09,4073443.0,5.94,5.94,5.80,5.85,340522.0
2012-08-08,3858244.0,5.87,5.88,5.79,5.80,324430.0
2012-08-07,4111191.0,5.83,5.90,5.76,5.76,346823.0
2012-08-06,3928709.0,5.76,5.82,5.60,5.60,335954.0
2012-08-03,2148790.0,5.66,5.67,5.46,5.51,188696.0
2012-08-02,1625556.0,5.50,5.63,5.50,5.56,144000.0
2012-08-01,2062038.0,5.62,5.67,5.53,5.58,180150.0
2012-07-31,2222461.0,5.56,5.72,5.51,5.63,195525.0
2012-07-30,1640771.0,5.70,5.78,5.60,5.76,141966.0
2012-07-27,1558263.0,5.76,5.78,5.66,5.66,134024.0
2012-07-26,2984703.0,5.68,5.83,5.66,5.73,254700.0
2012-07-25,2485014.0,5.76,5.80,5.65,5.76,213239.0
2012-07-24,2782291.0,5.78,5.79,5.63,5.66,238370.0
2012-07-23,1820097.0,5.70,5.83,5.69,5.83,156241.0
2012-07-20,4001737.0,5.84,5.95,5.81,5.90,335741.0
2012-07-19,8490420.0,5.96,6.17,5.63,5.70,703696.0
2012-07-18,2354247.0,5.70,5.70,5.57,5.67,205065.0
2012-07-17,2106680.0,5.64,5.67,5.56,5.64,184648.0
2012-07-16,6817238.0,5.57,6.09,5.56,6.07,583828.0
2012-07-13,3550169.0,6.06,6.21,6.00,6.18,286292.0
2012-07-12,4427761.0,6.19,6.22,6.00,6.09,355621.0
2012-07-11,2072677.0,6.14,6.18,5.97,5.97,165733.0
2012-07-10,2250192.0,6.14,6.22,6.05,6.06,180604.0
2012-07-09,4218523.0,6.06,6.36,6.06,6.26,335674.0
2012-07-06,5718895.0,6.34,6.39,6.15,6.35,448982.0
2012-07-05,9476937.0,6.31,6.71,6.31,6.61,722310.0
2012-07-04,4567083.0,6.75,6.82,6.72,6.79,331491.0
2012-07-03,7414975.0,6.78,6.81,6.66,6.66,539649.0
2012-06-29,6845768.0,6.75,6.76,6.52,6.63,505605.0
2012-06-28,5629253.0,6.68,6.82,6.58,6.58,412141.0
2012-06-27,4133269.0,6.62,6.71,6.59,6.61,305074.0
2012-06-26,3116097.0,6.63,6.69,6.49,6.49,231532.0
2012-06-25,6780985.0,6.63,6.82,6.63,6.69,497315.0
2012-06-21,10738750.0,6.71,7.01,6.71,6.99,775925.0
2012-06-20,7634130.0,7.02,7.09,6.98,6.98,534292.0
2012-06-19,17165400.0,6.99,7.28,6.96,7.28,1190685.0
2012-06-18,18596702.0,7.27,7.45,7.22,7.27,1249535.0
2012-06-15,11057635.0,7.12,7.21,7.00,7.15,767285.0
2012-06-14,10898621.0,7.17,7.27,7.13,7.16,744967.0
2012-06-13,13810689.0,7.19,7.23,7.01,7.22,952343.0
2012-06-12,11080862.0,7.14,7.22,7.01,7.10,762815.0
2012-06-11,12481289.0,7.13,7.15,6.93,6.98,869345.0
2012-06-08,18934796.0,6.98,7.16,6.87,7.09,1335968.0
2012-06-07,16375662.0,7.01,7.46,6.99,7.37,1114586.0
2012-06-06,13665653.0,7.35,7.41,7.18,7.31,918521.0
2012-06-05,14370516.0,7.24,7.44,7.16,7.37,972941.0
2012-06-04,20596368.0,7.36,7.61,7.36,7.51,1354140.0
2012-06-01,24139870.0,7.69,7.95,7.66,7.76,1523890.0
2012-05-31,30145410.0,7.72,7.89,7.70,7.89,1907202.0
2012-05-30,49996024.0,7.88,8.16,7.75,8.01,3104131.0
2012-05-29,70093792.0,8.02,8.32,7.91,8.05,4260882.0
2012-05-28,83833672.0,8.13,8.30,7.48,7.66,5163925.0
2012-05-25,62993620.0,7.79,7.98,7.37,7.57,4005627.0
2012-05-24,75371488.0,7.75,7.93,7.32,7.36,4807895.0
2012-05-23,36587692.0,7.42,7.48,7.22,7.38,2446624.0
2012-05-22,57070120.0,7.55,7.58,7.14,7.36,3827764.0
2012-05-21,83846656.0,7.40,7.71,7.28,7.71,5625869.0
2012-05-18,140268784.0,8.09,8.09,7.57,7.59,8691327.0
2012-05-17,43753384.0,7.35,7.35,6.61,6.82,2980249.0
2012-05-15,3743771.0,6.68,6.80,6.59,6.80,276640.0
2012-05-14,2727060.0,6.80,6.93,6.77,6.88,196000.0
2012-05-11,4760198.0,6.81,6.92,6.75,6.82,341785.0
2012-05-10,5328428.0,6.82,6.92,6.74,6.74,382966.0
2012-05-09,7296925.0,6.79,6.97,6.74,6.96,524076.0
2012-05-08,11908260.0,7.00,7.30,6.97,7.07,832487.0
2012-05-07,17397662.0,7.13,7.16,6.96,7.11,1216290.0
2012-05-04,32007396.0,7.18,7.31,6.56,6.68,2251569.0
2012-05-03,6225736.0,6.65,6.69,6.55,6.63,462270.0
2012-05-02,9847191.0,6.66,6.76,6.49,6.73,728954.0
2012-04-27,21336292.0,6.72,6.92,6.59,6.92,1555004.0
2012-04-26,16238273.0,6.74,6.74,6.06,6.16,1213042.0
2012-04-25,2747501.0,6.12,6.14,6.00,6.00,222665.0
2012-04-24,3904652.0,6.09,6.29,6.00,6.22,313234.0
2012-04-23,4600459.0,6.26,6.43,6.24,6.37,358482.0
2012-04-20,5360151.0,6.45,6.54,6.36,6.53,409251.0
2012-04-19,3673415.0,6.51,6.51,6.43,6.46,279066.0
2012-04-18,2806724.0,6.44,6.45,6.34,6.34,215400.0
2012-04-17,2946057.0,6.34,6.50,6.34,6.50,226965.0
2012-04-16,2483315.0,6.50,6.54,6.46,6.48,187839.0
2012-04-13,2974882.0,6.50,6.55,6.44,6.54,225007.0
2012-04-12,3107435.0,6.48,6.50,6.36,6.45,236923.0
2012-04-11,1773626.0,6.40,6.48,6.32,6.44,135753.0
2012-04-10,2451772.0,6.46,6.49,6.22,6.44,189268.0
2012-04-09,3132191.0,6.54,6.62,6.41,6.44,237115.0
2012-04-06,2372151.0,6.49,6.63,6.41,6.41,178998.0
2012-04-05,2954307.0,6.44,6.44,6.30,6.33,150959.0
2012-03-30,2408847.0,6.35,6.51,6.32,6.33,123997.0
2012-03-29,2235456.0,6.42,6.58,6.32,6.45,113252.0
2012-03-28,4686874.0,6.46,6.77,6.42,6.77,232740.0
2012-03-27,2106425.0,6.77,6.84,6.72,6.81,102069.0
2012-03-26,1565199.0,6.71,6.77,6.65,6.73,76479.0
2012-03-23,3765974.0,6.71,6.71,6.62,6.68,185430.0
2012-03-22,2378196.0,6.72,6.75,6.55,6.65,117005.0
2012-03-20,4099742.0,6.67,6.80,6.62,6.78,200114.0
2012-03-19,5316284.0,6.79,6.80,6.65,6.66,258872.0
2012-03-16,4863574.0,6.65,6.65,6.52,6.55,240967.0
2012-03-15,6597043.0,6.55,6.88,6.40,6.76,325775.0
2012-03-14,16108323.0,6.77,7.27,6.73,7.13,742468.0
2012-03-13,7477032.0,7.13,7.17,7.07,7.08,344556.0
2012-03-12,10321986.0,7.12,7.20,7.08,7.08,475005.0
2012-03-09,5926523.0,7.08,7.10,6.98,7.07,275772.0
2012-03-08,5190424.0,6.99,7.01,6.93,6.95,243762.0
2012-03-07,7877168.0,6.93,6.99,6.84,6.97,373385.0
2012-03-06,11538862.0,7.01,7.30,6.95,7.01,533023.0
2012-03-05,8803337.0,7.01,7.04,6.94,6.94,413080.0
2012-03-02,9882292.0,6.94,6.95,6.88,6.88,467858.0
2012-03-01,5457693.0,6.88,6.93,6.79,6.79,260630.0
2012-02-29,9395113.0,6.79,6.94,6.78,6.94,449313.0
2012-02-28,33345404.0,6.97,7.21,6.85,7.21,1559744.0
2012-02-27,22735812.0,7.48,7.69,7.36,7.36,992211.0
2012-02-24,13043377.0,7.33,7.42,7.26,7.26,583253.0
2012-02-23,10192430.0,7.26,7.29,7.05,7.05,463666.0
2012-02-22,8434395.0,7.07,7.11,6.88,6.88,392888.0
2012-02-21,5999862.0,6.90,6.90,6.65,6.73,289643.0
2012-02-20,4196010.0,6.71,6.85,6.69,6.81,203850.0
2012-02-17,3564221.0,6.72,6.79,6.65,6.77,173748.0
2012-02-16,6841016.0,6.75,6.78,6.64,6.64,333263.0
2012-02-15,4477873.0,6.64,6.65,6.51,6.55,222243.0
2012-02-14,4039112.0,6.55,6.59,6.47,6.54,202426.0
2012-02-13,5316993.0,6.53,6.55,6.33,6.40,268845.0
2012-02-10,3950099.0,6.38,6.47,6.35,6.35,201900.0
2012-02-09,5375898.0,6.40,6.42,6.30,6.33,276647.0
2012-02-08,4111515.0,6.34,6.45,6.12,6.19,213886.0
2012-02-07,1920687.0,6.12,6.26,6.10,6.24,102624.0
2012-02-06,3433431.0,6.23,6.29,6.16,6.16,180129.0
2012-02-03,3754276.0,6.16,6.17,5.99,6.00,201452.0
2012-02-02,1765801.0,6.02,6.02,5.93,6.01,96525.0
2012-02-01,1450964.0,5.96,6.00,5.86,5.90,79835.0
2012-01-31,1445931.0,5.90,5.96,5.80,5.96,80822.0
2012-01-30,2176113.0,5.94,6.01,5.88,5.93,119559.0
2012-01-20,2547776.0,5.93,5.97,5.83,5.94,140630.0
2012-01-19,3038182.0,5.89,5.98,5.83,5.90,168710.0
2012-01-18,4702023.0,5.94,6.29,5.93,6.15,252407.0
2012-01-17,6686255.0,6.20,6.20,5.41,5.41,370878.0
2012-01-09,3433044.0,5.96,5.98,5.59,5.59,192772.0
2012-01-06,3570283.0,5.79,5.95,5.58,5.95,203383.0
2012-01-05,1753444.0,5.97,6.35,5.96,6.10,93922.0
2012-01-04,2286429.0,6.23,6.58,6.22,6.58,117050.0
2011-12-30,1604960.0,6.47,6.50,6.43,6.49,81200.0
2011-12-29,923170.0,6.42,6.43,6.36,6.39,47200.0
2011-12-28,2165159.0,6.42,6.58,6.23,6.55,110827.0
2011-12-27,1153812.0,6.58,6.74,6.58,6.74,57000.0
2011-12-26,894644.0,6.74,6.81,6.68,6.69,43531.0
2011-12-23,1988376.0,6.74,6.79,6.64,6.64,96741.0
2011-12-22,3587738.0,6.72,6.97,6.62,6.88,175062.0
2011-12-21,3187632.0,6.94,7.19,6.94,7.10,147508.0
2011-12-20,2135029.0,7.06,7.17,7.00,7.00,98460.0
2011-12-19,3025168.0,7.09,7.10,6.93,7.08,141657.0
2011-12-16,8007810.0,7.14,7.16,6.90,7.01,373455.0
2011-12-15,5043810.0,7.06,7.26,7.03,7.26,231945.0
2011-12-14,2314001.0,7.26,7.49,7.22,7.41,103050.0
2011-12-13,4740214.0,7.41,7.76,7.39,7.76,205188.0
2011-12-12,3285106.0,7.77,7.94,7.76,7.89,137500.0
2011-12-09,3147805.0,7.94,7.98,7.85,7.90,130338.0
2011-12-08,4116225.0,7.98,8.00,7.83,7.93,169887.0
2011-12-07,2218491.0,7.90,7.94,7.83,7.91,91981.0
2011-12-06,2533504.0,7.88,7.92,7.80,7.80,105696.0
2011-12-05,3435343.0,7.81,7.96,7.81,7.96,143100.0
2011-12-02,4524937.0,7.93,8.08,7.90,8.06,186228.0
2011-12-01,6989027.0,8.09,8.24,8.07,8.19,280242.0
2011-11-30,11663503.0,8.00,8.45,7.98,8.45,464267.0
2011-11-29,12105026.0,8.47,8.65,8.42,8.63,465654.0
2011-11-28,24669650.0,8.60,8.74,8.48,8.52,935050.0
2011-11-25,6254328.0,8.50,8.55,8.39,8.39,241274.0
2011-11-24,4904823.0,8.48,8.51,8.34,8.40,190300.0
2011-11-23,4842558.0,8.42,8.50,8.41,8.41,187720.0
2011-11-22,4776778.0,8.40,8.45,8.30,8.30,187258.0
2011-11-21,3364155.0,8.38,8.45,8.29,8.35,131489.0
2011-11-18,10144643.0,8.35,8.60,8.34,8.60,392820.0
2011-11-17,13309831.0,8.60,8.77,8.58,8.76,504848.0
2011-11-16,27880048.0,8.75,8.91,8.71,8.84,1039195.0
2011-11-15,16908304.0,8.83,8.85,8.64,8.74,630062.0
2011-11-14,11294613.0,8.73,8.74,8.59,8.62,425621.0
2011-11-11,10123672.0,8.58,8.62,8.52,8.55,387088.0
2011-11-10,12063878.0,8.55,8.58,8.46,8.51,463631.0
2011-11-09,12543775.0,8.56,8.58,8.35,8.35,484103.0
2011-11-08,6008690.0,8.39,8.43,8.35,8.37,234970.0
2011-11-07,4200146.0,8.38,8.41,8.30,8.37,164286.0
2011-11-04,6001169.0,8.39,8.40,8.31,8.31,235127.0
2011-11-03,10504063.0,8.29,8.41,8.24,8.24,413109.0
2011-11-02,7098116.0,8.24,8.25,7.99,8.03,285727.0
2011-11-01,4979121.0,8.12,8.13,8.05,8.08,201440.0
2011-10-31,5629689.0,8.15,8.18,8.06,8.10,226897.0
2011-10-28,6672256.0,8.11,8.15,8.03,8.09,270672.0
2011-10-27,4726797.0,8.00,8.08,7.98,8.04,193250.0
2011-10-26,6274148.0,8.05,8.13,7.95,7.96,255722.0
2011-10-25,6851729.0,8.04,8.08,7.80,7.91,281737.0
2011-10-24,5492414.0,7.92,7.92,7.76,7.86,228990.0
2011-10-21,3250830.0,7.84,8.08,7.83,7.97,135076.0
2011-10-20,5652854.0,7.97,8.21,7.92,8.21,230845.0
2011-10-19,4944971.0,8.22,8.40,8.21,8.33,195905.0
2011-10-18,5452125.0,8.32,8.56,8.30,8.52,211778.0
2011-10-17,3821700.0,8.53,8.57,8.51,8.52,146762.0
2011-10-14,5276483.0,8.52,8.63,8.42,8.62,203150.0
2011-10-13,5209667.0,8.64,8.71,8.55,8.65,197379.0
2011-10-12,3895269.0,8.61,8.62,8.30,8.35,149311.0
2011-10-11,2840590.0,8.40,8.58,8.30,8.58,109816.0
2011-10-10,1722590.0,8.41,8.52,8.40,8.41,67081.0
2011-09-30,2751685.0,8.41,8.45,8.33,8.39,107774.0
2011-09-29,3800856.0,8.39,8.57,8.37,8.54,147268.0
2011-09-28,2334494.0,8.58,8.73,8.56,8.73,88400.0
2011-09-27,3161837.0,8.65,8.73,8.59,8.73,119800.0
2011-09-26,3528789.0,8.62,8.76,8.60,8.62,133650.0
2011-09-23,5184389.0,8.73,8.81,8.62,8.65,195113.0
2011-09-22,5607762.0,8.81,9.01,8.78,8.99,206194.0
2011-09-21,7436777.0,9.03,9.06,8.75,8.84,271350.0
2011-09-20,2731785.0,8.82,8.88,8.68,8.74,101627.0
2011-09-19,2819050.0,8.75,8.82,8.74,8.82,105244.0
2011-09-16,4675547.0,8.90,9.06,8.84,9.01,171476.0
2011-09-15,7202632.0,8.96,9.00,8.84,8.89,263720.0
2011-09-14,4319874.0,8.81,8.81,8.66,8.80,161991.0
2011-09-13,2917011.0,8.69,8.78,8.62,8.78,110201.0
2011-09-09,6244154.0,8.81,9.07,8.78,8.96,230349.0
2011-09-08,7940978.0,8.96,9.19,8.92,9.19,286574.0
2011-09-07,10715824.0,9.16,9.22,8.74,8.84,387619.0
2011-09-06,2386768.0,8.73,8.77,8.68,8.68,89666.0
2011-09-05,3362436.0,8.71,8.87,8.70,8.83,125525.0
2011-09-02,3451421.0,8.88,8.93,8.81,8.92,127580.0
2011-09-01,4650263.0,8.91,9.05,8.86,8.98,169915.0
2011-08-31,5678029.0,8.98,9.12,8.88,9.02,206165.0
2011-08-30,9865624.0,9.03,9.29,9.03,9.19,352941.0
2011-08-29,11886907.0,9.18,9.31,9.11,9.11,422405.0
2011-08-26,15813307.0,9.25,9.25,9.02,9.02,563428.0
2011-08-25,9463862.0,9.11,9.13,8.97,8.99,342373.0
2011-08-24,10212307.0,9.01,9.08,8.97,8.99,370696.0
2011-08-23,6556936.0,8.94,8.98,8.72,8.78,242866.0
2011-08-22,4673236.0,8.73,8.81,8.63,8.70,175094.0
2011-08-19,5353144.0,8.70,8.74,8.58,8.61,202113.0
2011-08-18,5930449.0,8.77,9.05,8.75,8.97,218624.0
2011-08-17,5703919.0,9.02,9.07,8.90,8.90,207290.0
2011-08-16,13705923.0,8.99,9.23,8.98,9.23,495141.0
2011-08-15,7890737.0,9.19,9.19,9.03,9.07,283502.0
2011-08-12,8522209.0,9.01,9.11,8.91,8.96,309508.0
2011-08-11,8306005.0,8.85,8.86,8.52,8.52,309823.0
2011-08-10,8758836.0,8.73,8.76,8.63,8.71,329284.0
2011-08-09,10057662.0,8.58,8.75,8.30,8.42,387520.0
2011-08-08,15328905.0,8.62,9.08,8.45,9.08,573417.0
2011-08-05,14356294.0,9.23,9.39,9.14,9.34,505990.0
2011-08-04,20309704.0,9.49,9.60,9.30,9.30,699491.0
2011-08-03,9535677.0,9.27,9.37,9.11,9.14,335787.0
2011-08-02,8258031.0,9.21,9.25,9.08,9.22,294998.0
2011-08-01,5815580.0,9.25,9.26,9.05,9.11,206861.0
2011-07-29,5510085.0,9.14,9.22,9.04,9.04,197534.0
2011-07-28,9307166.0,9.13,9.13,8.89,8.99,338837.0
2011-07-27,6170831.0,9.03,9.03,8.82,8.94,225304.0
2011-07-26,5802526.0,8.92,8.92,8.81,8.86,214452.0
2011-07-25,12005322.0,8.88,9.29,8.88,9.27,433543.0
2011-07-22,6169863.0,9.36,9.42,9.30,9.34,215878.0
2011-07-21,7125896.0,9.34,9.38,9.30,9.38,249995.0
2011-07-20,8555315.0,9.36,9.40,9.26,9.34,300692.0
2011-07-19,14963804.0,9.28,9.54,9.26,9.54,523877.0
2011-07-18,15402156.0,9.55,9.75,9.52,9.69,521967.0
2011-07-15,18819004.0,9.70,9.78,9.60,9.69,635160.0
2011-07-14,21830088.0,9.70,9.72,9.57,9.70,742271.0
2011-07-13,44671480.0,9.71,9.76,9.39,9.39,1516849.0
2011-07-12,19003442.0,9.45,9.49,9.25,9.33,664099.0
2011-07-11,10125293.0,9.37,9.39,9.27,9.39,355065.0
2011-07-08,11079098.0,9.33,9.40,9.25,9.29,389343.0
2011-07-07,21946230.0,9.29,9.48,9.24,9.27,766605.0
2011-07-06,13313557.0,9.31,9.32,9.17,9.23,471318.0
2011-07-05,16786054.0,9.22,9.24,9.11,9.24,598485.0
2011-07-04,16717664.0,9.17,9.19,8.95,8.96,602076.0
2011-07-01,7242810.0,8.96,9.06,8.92,9.01,264283.0
2011-06-30,6788138.0,8.92,9.01,8.84,8.84,248921.0
2011-06-29,8022933.0,8.84,8.98,8.84,8.95,294639.0
2011-06-28,9787387.0,8.97,9.01,8.83,9.01,360288.0
2011-06-27,14356349.0,9.01,9.10,8.91,8.92,522511.0
2011-06-24,16182670.0,8.90,8.93,8.66,8.66,598948.0
2011-06-23,9570064.0,8.73,8.77,8.47,8.47,361293.0
2011-06-22,4311222.0,8.50,8.61,8.46,8.55,166034.0
2011-06-21,4182753.0,8.54,8.57,8.39,8.42,161422.0
2011-06-20,3541170.0,8.42,8.42,8.29,8.40,138488.0
2011-06-17,3478108.0,8.40,8.48,8.40,8.40,135173.0
2011-06-16,5200671.0,8.42,8.52,8.42,8.51,201404.0
2011-06-15,6132446.0,8.63,8.70,8.61,8.64,232325.0
2011-06-14,10924473.0,8.70,8.74,8.57,8.61,413349.0
2011-06-13,7247387.0,8.61,8.66,8.53,8.53,276508.0
2011-06-10,11718658.0,8.74,8.84,8.49,8.84,443972.0
2011-06-09,12453940.0,8.82,8.94,8.69,8.76,459008.0
2011-06-08,13144825.0,8.81,8.94,8.62,8.88,486301.0
2011-06-07,8459172.0,8.90,8.97,8.85,8.85,307345.0
2011-06-03,13819615.0,8.92,8.99,8.72,8.80,502329.0
2011-06-02,25139440.0,8.91,9.02,8.70,8.96,917934.0
2011-06-01,59182724.0,9.08,9.19,8.69,8.71,2169592.0
2011-05-31,54413980.0,8.87,8.88,8.26,8.66,2097718.0
2011-05-30,3925269.0,8.66,8.74,8.59,8.59,146578.0
2011-05-27,4039639.0,8.60,8.78,8.59,8.65,151200.0
2011-05-26,3293004.0,8.76,8.85,8.75,8.77,121397.0
2011-05-25,6519416.0,8.77,8.99,8.75,8.96,238479.0
2011-05-24,14508478.0,8.97,9.16,8.75,8.97,530219.0
2011-05-23,9815655.0,9.04,9.49,9.04,9.49,345999.0
2011-05-20,3566302.0,9.49,9.63,9.48,9.63,121418.0
2011-05-19,6926647.0,9.57,9.70,9.57,9.63,232729.0
2011-05-18,5349237.0,9.59,9.64,9.57,9.62,180300.0
2011-05-17,4455917.0,9.64,9.71,9.59,9.71,149805.0
2011-05-16,6443265.0,9.63,9.80,9.59,9.59,215382.0
2011-05-13,8745917.0,9.59,9.77,9.54,9.62,294390.0
2011-05-11,3238787.0,9.77,9.82,9.69,9.82,107600.0
2011-05-10,4242016.0,9.73,9.73,9.63,9.67,141732.0
2011-05-09,6041633.0,9.67,9.71,9.59,9.59,202439.0
2011-05-06,10947438.0,9.65,9.67,9.50,9.66,369705.0
2011-05-05,15570139.0,9.68,9.76,9.61,9.75,521193.0
2011-05-04,14764277.0,9.75,10.20,9.73,10.19,482281.0
2011-05-03,17325628.0,10.20,10.42,10.17,10.26,550160.0
2011-04-29,3064592.0,10.35,10.50,10.23,10.35,95850.0
2011-04-28,11816508.0,10.34,10.83,10.33,10.80,363400.0
2011-04-27,14138924.0,10.83,11.09,10.82,11.05,417400.0
2011-04-26,10632862.0,11.05,11.12,11.01,11.03,311927.0
2011-04-25,11253219.0,11.10,11.14,11.02,11.09,328948.0
2011-04-22,10529885.0,11.09,11.16,11.05,11.07,307594.0
2011-04-21,19767456.0,11.19,11.27,11.05,11.14,573009.0
2011-04-20,7211806.0,11.14,11.22,11.08,11.22,210049.0
2011-04-19,12838919.0,11.20,11.21,11.02,11.18,374613.0
2011-04-18,9988148.0,11.22,11.22,11.08,11.15,289400.0
2011-04-15,23203232.0,11.20,11.20,11.01,11.19,677844.0
2011-04-14,13602220.0,11.19,11.30,11.19,11.27,392928.0
2011-04-13,13543033.0,11.28,11.29,11.17,11.24,390572.0
2011-04-12,23053328.0,11.30,11.69,11.26,11.69,657745.0
2011-04-11,38710216.0,11.52,11.52,11.14,11.42,1116228.0
2011-04-08,4931362.0,11.37,11.40,11.31,11.38,140660.0
2011-04-07,4560802.0,11.34,11.37,11.19,11.24,130670.0
2011-04-06,5490879.0,11.27,11.37,11.23,11.34,157637.0
2011-04-01,3838779.0,11.37,11.40,11.29,11.36,109650.0
2011-03-31,3917442.0,11.36,11.38,11.27,11.34,112100.0
2011-03-30,6553620.0,11.29,11.40,11.23,11.31,188083.0
2011-03-29,15249423.0,11.32,11.44,11.30,11.44,435159.0
2011-03-28,26517316.0,11.44,11.71,11.43,11.65,744179.0
2011-03-25,12917358.0,11.70,11.78,11.66,11.73,357064.0
2011-03-24,4850534.0,11.73,11.76,11.71,11.73,133909.0
2011-03-23,7601025.0,11.70,11.75,11.68,11.75,210237.0
2011-03-22,6705971.0,11.71,11.86,11.69,11.84,185307.0
2011-03-21,7799959.0,11.82,11.89,11.70,11.79,214606.0
2011-03-18,7673016.0,11.82,11.85,11.73,11.76,210639.0
2011-03-17,19519630.0,11.73,11.94,11.72,11.87,534983.0
2011-03-16,27795076.0,11.97,12.03,11.83,12.03,754337.0
2011-03-15,52222264.0,12.03,12.04,11.76,11.80,1421238.0
2011-03-14,20258488.0,11.81,11.81,11.64,11.67,558955.0
2011-03-11,13920102.0,11.69,11.72,11.57,11.66,387074.0
2011-03-10,13275837.0,11.66,11.79,11.58,11.61,367557.0
2011-03-09,12444603.0,11.58,11.70,11.57,11.61,347280.0
2011-03-08,7818708.0,11.65,11.71,11.60,11.63,217441.0
2011-03-07,10334540.0,11.63,11.72,11.56,11.61,287301.0
2011-03-04,14850807.0,11.62,11.66,11.34,11.59,418085.0
2011-03-03,12755588.0,11.57,11.81,11.57,11.78,353679.0
2011-03-02,10456667.0,11.74,11.79,11.66,11.79,289494.0
2011-03-01,12361721.0,11.78,11.91,11.78,11.78,338946.0
2011-02-28,14004080.0,11.82,11.83,11.64,11.64,385197.0
2011-02-25,8321149.0,11.69,11.71,11.61,11.66,231150.0
2011-02-24,12130199.0,11.72,11.74,11.63,11.69,336333.0
2011-02-23,11962127.0,11.69,11.73,11.58,11.60,331598.0
2011-02-22,26221544.0,11.61,12.02,11.59,12.02,721117.0
2011-02-21,18196892.0,12.02,12.03,11.83,11.86,492388.0
2011-02-18,26334386.0,11.92,12.14,11.88,12.14,711968.0
2011-02-17,54701804.0,12.14,12.18,11.94,11.99,1473341.0
2011-02-16,39037360.0,11.98,12.00,11.72,11.75,1061194.0
2011-02-15,28896182.0,11.75,11.84,11.71,11.81,795420.0
2011-02-14,48379568.0,11.83,11.92,11.70,11.75,1328527.0
2011-02-11,61721204.0,11.70,11.94,11.56,11.58,1703681.0
2011-02-09,9319091.0,11.16,11.33,11.15,11.24,268984.0
2011-02-01,8128955.0,11.31,11.39,11.27,11.34,232792.0
2011-01-31,11314354.0,11.34,11.37,11.21,11.21,324168.0
2011-01-28,11547689.0,11.30,11.40,11.24,11.33,331170.0
2011-01-27,18027318.0,11.35,11.36,11.08,11.31,519045.0
2011-01-26,15149090.0,11.38,11.45,11.24,11.29,433066.0
2011-01-25,20406184.0,11.35,11.42,11.05,11.05,588723.0
2011-01-24,13883086.0,11.07,11.23,11.03,11.05,403965.0
2011-01-21,11363504.0,11.05,11.17,10.98,11.02,332489.0
2011-01-20,16979596.0,11.02,11.35,11.02,11.35,493739.0
2011-01-19,16313605.0,11.36,11.39,11.19,11.33,466585.0
2011-01-18,16339221.0,11.20,11.39,11.03,11.03,471812.0
2011-01-17,33729952.0,11.10,11.66,11.08,11.66,967355.0
2011-01-14,39376560.0,11.67,11.99,11.66,11.99,1085298.0
2011-01-13,38051344.0,12.00,12.13,12.00,12.12,1024048.0
2011-01-12,46791016.0,12.15,12.18,11.99,12.02,1256011.0
2011-01-11,109016840.0,12.07,12.43,11.99,12.24,2915627.0
2011-01-10,306904544.0,12.75,13.47,12.73,12.96,7640833.0
