date,amount,close,high,low,open,volume
2015-11-27,297911392.0,16.51,17.88,16.50,17.39,17388608.0
2015-11-26,415851648.0,17.63,17.95,16.95,17.19,23921640.0
2015-11-25,357334528.0,17.19,17.31,16.45,16.80,21209930.0
2015-11-24,463942048.0,17.00,17.64,16.50,17.44,27476128.0
2015-11-23,596776704.0,17.90,18.95,17.30,18.40,32939414.0
2015-11-20,560721408.0,18.32,18.80,17.90,18.15,30493708.0
2015-11-19,389399456.0,18.00,18.14,17.36,17.60,21942044.0
2015-11-18,483933312.0,17.74,18.63,17.61,17.90,26684440.0
2015-11-17,769715584.0,18.02,18.81,17.31,17.70,42647400.0
2015-11-16,402187168.0,17.67,17.70,16.80,17.03,23204516.0
2015-11-13,725783552.0,17.65,18.41,16.65,16.76,41127580.0
2015-11-12,570211648.0,16.95,17.83,16.60,17.09,33152832.0
2015-11-11,629876800.0,17.39,17.95,17.10,17.30,36002020.0
2015-11-10,831469376.0,17.20,17.77,16.01,16.32,49177184.0
2015-11-09,1077596160.0,16.56,17.20,16.16,16.78,65078984.0
2015-11-06,760088640.0,17.95,18.45,17.66,17.93,42312276.0
2015-11-05,1292728064.0,18.31,19.21,16.98,17.25,71941744.0
2015-11-04,896844288.0,17.46,17.80,16.50,17.00,52457456.0
2015-11-03,1131455616.0,16.88,18.70,16.61,18.21,64887408.0
2015-11-02,1218534400.0,18.45,19.37,18.45,18.45,65482248.0
2015-10-30,1613494784.0,20.50,20.50,18.92,19.29,80537744.0
2015-10-29,1425339776.0,18.64,20.35,18.40,20.00,73688496.0
2015-10-28,2415147520.0,20.31,20.31,19.33,20.31,119379056.0
2015-04-30,674161024.0,18.46,18.99,17.18,17.50,37362240.0
2015-04-29,446378688.0,17.31,17.31,15.50,15.60,27024020.0
2015-04-28,305877440.0,15.74,16.35,15.44,16.27,19307028.0
2015-04-27,432522880.0,16.27,16.27,15.39,15.39,27226312.0
2015-04-24,281656768.0,15.39,15.70,15.10,15.70,18295238.0
2015-04-23,396115968.0,15.85,16.09,15.11,15.45,25059800.0
2015-04-22,239431456.0,15.41,15.50,15.25,15.25,15583192.0
2015-04-21,195543376.0,15.18,15.25,14.60,14.77,12994459.0
2015-04-20,394519936.0,14.78,15.75,14.76,15.75,25984896.0
2015-04-17,431337248.0,15.93,16.40,15.81,16.12,26895358.0
2015-04-16,519292512.0,16.25,16.38,15.01,15.29,32983802.0
2015-04-15,442899296.0,15.19,15.99,14.90,15.66,28620752.0
2015-04-14,470062912.0,15.51,15.75,14.85,15.10,30661940.0
2015-04-13,279297632.0,15.10,15.18,14.52,14.70,18687552.0
2015-04-10,221361248.0,14.68,14.80,14.16,14.34,15260184.0
2015-04-09,278762592.0,14.42,15.02,14.10,14.71,19328066.0
2015-04-08,391325056.0,14.73,15.34,14.70,15.34,26184976.0
2015-04-07,413145088.0,15.35,15.99,15.24,15.40,26602530.0
2015-04-03,401940704.0,15.40,15.46,14.61,14.72,26627852.0
2015-04-02,307581888.0,14.80,15.00,14.55,14.75,20766848.0
2015-04-01,326868064.0,14.70,14.79,14.45,14.63,22375508.0
2015-03-31,479600448.0,14.63,14.83,14.09,14.20,33178348.0
2015-03-30,337894464.0,14.15,14.45,14.01,14.45,23836206.0
2015-03-27,229185776.0,14.31,14.32,14.04,14.12,16115067.0
2015-03-26,333689472.0,14.10,14.44,13.98,14.18,23519216.0
2015-03-25,522464896.0,14.18,14.56,14.02,14.55,36828224.0
2015-03-24,537187520.0,14.60,15.00,14.23,14.89,36535208.0
2015-03-23,845132096.0,15.13,15.48,14.06,14.41,56505624.0
2015-03-13,366094656.0,15.46,15.98,15.25,15.50,23578462.0
2015-03-12,526960640.0,15.74,15.86,14.54,14.54,33996500.0
2015-03-11,186179312.0,14.42,14.89,14.31,14.40,12757424.0
2015-03-10,253662480.0,14.57,14.58,13.47,13.75,18048088.0
2015-03-09,154835616.0,13.61,13.65,13.20,13.28,11468594.0
2015-03-06,162062576.0,13.27,13.67,13.19,13.20,12033701.0
2015-03-05,151817712.0,13.20,13.42,13.09,13.40,11487338.0
2015-03-04,171475104.0,13.44,13.93,13.00,13.61,12768905.0
2015-03-03,193810080.0,13.61,13.96,13.15,13.43,14335989.0
2015-03-02,191214512.0,13.45,13.48,12.70,12.92,14473538.0
2015-02-27,132085616.0,12.92,13.00,12.68,12.78,10296708.0
2015-02-26,179039312.0,12.82,13.26,12.70,12.91,13824828.0
2015-02-25,187341088.0,12.91,13.26,12.56,12.64,14439190.0
2015-02-17,128611944.0,12.69,12.87,12.50,12.62,10140347.0
2015-02-16,164613040.0,12.61,12.72,11.92,11.99,13227348.0
2015-02-13,122829072.0,12.00,12.15,11.80,11.85,10243249.0
2015-02-12,82058328.0,11.79,11.82,11.58,11.65,6984342.0
2015-02-11,90874584.0,11.64,11.69,11.35,11.38,7875031.0
2015-02-10,48975420.0,11.38,11.49,11.30,11.30,4301096.0
2015-02-09,55400536.0,11.34,11.49,11.25,11.33,4859131.0
2015-02-06,60916652.0,11.33,11.60,11.30,11.55,5344437.0
2015-02-05,107905280.0,11.57,11.90,11.52,11.62,9220639.0
2015-02-04,111125504.0,11.56,11.85,11.51,11.62,9526985.0
2015-02-03,148581904.0,11.73,11.76,11.33,11.38,12796198.0
2015-02-02,119899088.0,11.41,11.55,11.08,11.19,10509114.0
2015-01-30,200437472.0,11.30,11.73,11.05,11.05,17613894.0
2015-01-29,90541792.0,11.11,11.19,11.05,11.10,8151360.0
2015-01-28,59035168.0,11.19,11.31,11.11,11.18,5257335.0
2015-01-27,92333224.0,11.22,11.40,11.06,11.40,8231066.0
2015-01-26,85870304.0,11.38,11.49,11.23,11.26,7567159.0
2015-01-23,153514624.0,11.31,11.60,11.15,11.20,13486677.0
2015-01-22,95341440.0,11.14,11.21,10.86,10.93,8627662.0
2015-01-21,99867016.0,10.93,11.03,10.60,10.60,9179671.0
2015-01-20,59702668.0,10.58,10.58,10.28,10.28,5700449.0
2015-01-19,84356824.0,10.28,10.73,10.16,10.47,8082036.0
2015-01-16,42934752.0,10.74,10.81,10.56,10.63,4014417.0
2015-01-15,38739952.0,10.62,10.72,10.56,10.56,3644707.0
2015-01-14,72206064.0,10.63,10.98,10.54,10.71,6722116.0
2015-01-13,130968504.0,10.80,10.93,10.32,10.35,12270783.0
2015-01-12,62436544.0,10.35,10.35,10.05,10.24,6086360.0
2015-01-09,57894920.0,10.24,10.37,10.23,10.31,5615446.0
2015-01-08,46987896.0,10.32,10.35,10.18,10.32,4569412.0
2015-01-07,47706316.0,10.31,10.40,10.26,10.38,4625530.0
2015-01-06,75253984.0,10.37,10.45,10.03,10.10,7321994.0
2015-01-05,77289336.0,10.17,10.26,9.68,9.71,7749801.0
2014-12-31,78765344.0,9.79,10.06,9.60,10.00,8053081.0
2014-12-30,54049776.0,10.06,10.33,10.05,10.20,5315870.0
2014-12-29,72397880.0,10.03,10.50,10.01,10.50,7137124.0
2014-12-26,36224704.0,10.47,10.57,10.36,10.39,3456747.0
2014-12-25,33708524.0,10.39,10.46,10.30,10.39,3246514.0
2014-12-24,55575684.0,10.37,10.38,10.12,10.20,5417769.0
2014-12-23,39105840.0,10.19,10.50,10.19,10.28,3789325.0
2014-12-22,102966240.0,10.25,11.30,10.16,11.30,9770841.0
2014-12-19,53719124.0,11.20,11.47,11.08,11.37,4783726.0
2014-12-18,51673996.0,11.39,11.60,11.24,11.28,4503369.0
2014-12-17,57617152.0,11.31,11.54,11.26,11.52,5061849.0
2014-12-16,71672552.0,11.51,11.75,11.50,11.66,6187149.0
2014-12-15,111658824.0,11.66,11.74,11.33,11.37,9660993.0
2014-12-12,88404480.0,11.40,11.41,11.13,11.13,7820640.0
2014-12-11,70021512.0,11.15,11.23,11.06,11.15,6281751.0
2014-12-10,117689064.0,11.17,11.29,10.70,10.75,10726834.0
2014-12-09,112739216.0,10.80,11.40,10.77,11.36,10107653.0
2014-12-08,88212064.0,11.41,11.61,11.30,11.44,7704007.0
2014-12-05,131143696.0,11.47,11.73,11.14,11.73,11471104.0
2014-12-04,159620720.0,11.71,11.75,11.44,11.47,13736498.0
2014-12-03,120512288.0,11.47,11.47,11.21,11.37,10644831.0
2014-12-02,109829056.0,11.33,11.39,10.97,11.01,9749809.0
2014-12-01,78273408.0,11.00,11.24,10.96,11.20,7082384.0
2014-11-28,105662352.0,11.20,11.42,11.15,11.41,9383324.0
2014-11-27,101568632.0,11.39,11.54,11.30,11.52,8906632.0
2014-11-26,83367024.0,11.45,11.66,11.38,11.46,7232833.0
2014-11-25,82019168.0,11.46,11.50,11.28,11.33,7185201.0
2014-11-24,85145960.0,11.33,11.37,11.21,11.28,7533202.0
2014-11-21,107089912.0,11.21,11.32,11.07,11.10,9521721.0
2014-11-20,83046944.0,11.09,11.11,10.97,10.99,7525694.0
2014-11-19,62100344.0,10.99,11.07,10.90,11.05,5653974.0
2014-11-18,59239920.0,11.02,11.09,10.91,11.02,5396059.0
2014-11-17,103647224.0,11.02,11.12,10.61,10.75,9514654.0
2014-11-14,112263608.0,10.83,10.97,10.59,10.97,10469024.0
2014-11-13,190600736.0,11.01,11.87,10.72,11.52,17025902.0
2014-11-11,112895480.0,11.77,12.46,11.67,12.45,9345964.0
2014-11-10,60692912.0,12.42,12.43,12.29,12.29,4912162.0
2014-11-07,78920808.0,12.35,12.66,12.30,12.61,6298035.0
2014-11-06,58669540.0,12.60,12.64,12.43,12.63,4675555.0
2014-11-05,71375704.0,12.62,12.74,12.40,12.40,5656340.0
2014-11-04,66673096.0,12.40,12.71,12.40,12.69,5322717.0
2014-11-03,54722444.0,12.65,12.74,12.59,12.66,4317746.0
2014-10-31,91721240.0,12.68,12.82,12.48,12.79,7272362.0
2014-10-30,80414248.0,12.77,12.87,12.65,12.68,6303769.0
2014-10-29,91628600.0,12.69,12.79,12.57,12.65,7224036.0
2014-10-28,67809872.0,12.65,12.67,12.42,12.45,5392092.0
2014-10-27,64762036.0,12.41,12.41,12.05,12.36,5300008.0
2014-10-24,34419688.0,12.34,12.49,12.30,12.32,2780432.0
2014-10-23,83030920.0,12.29,12.66,12.27,12.60,6677075.0
2014-10-22,74396464.0,12.60,12.88,12.60,12.83,5850849.0
2014-10-21,95741040.0,12.86,13.09,12.79,13.09,7421110.0
2014-10-20,115232864.0,13.08,13.10,12.78,12.92,8894616.0
2014-10-17,143353888.0,12.92,13.37,12.77,13.31,11029924.0
2014-10-16,89083008.0,13.32,13.66,13.32,13.51,6599659.0
2014-10-15,141658912.0,13.68,13.88,13.36,13.80,10449679.0
2014-10-14,138607920.0,13.76,14.10,13.68,13.97,10011057.0
2014-10-13,124270392.0,13.99,13.99,13.61,13.70,9012810.0
2014-10-10,169491536.0,13.86,14.08,13.75,14.08,12221164.0
2014-10-09,286024704.0,14.12,14.43,13.84,14.20,20286492.0
2014-10-08,367499520.0,14.27,14.38,13.58,13.69,26251912.0
2014-09-30,244512624.0,13.68,13.68,13.20,13.26,18165238.0
2014-09-29,146657312.0,13.26,13.37,13.15,13.25,11078710.0
2014-09-26,96011248.0,13.20,13.23,13.05,13.12,7295694.0
2014-09-25,131355896.0,13.09,13.26,13.06,13.20,9998515.0
2014-09-24,149276960.0,13.19,13.22,12.95,12.97,11352573.0
2014-09-23,89625968.0,12.98,13.05,12.76,12.82,6919733.0
2014-09-22,114064264.0,12.88,13.10,12.80,12.99,8813100.0
2014-09-19,116195752.0,12.99,12.99,12.68,12.69,9021522.0
2014-09-18,64188156.0,12.70,12.77,12.58,12.65,5055344.0
2014-09-17,97885072.0,12.70,12.77,12.42,12.70,7761834.0
2014-09-16,253693072.0,12.78,13.30,12.64,13.30,19564280.0
2014-09-15,162319744.0,13.37,13.45,13.22,13.44,12166977.0
2014-09-12,219969472.0,13.43,13.50,13.15,13.28,16489895.0
2014-09-11,215937200.0,13.26,13.30,13.00,13.13,16384045.0
2014-09-10,114795520.0,13.11,13.14,12.94,13.10,8806371.0
2014-09-09,112123344.0,13.10,13.20,12.98,13.09,8592301.0
2014-09-05,134603328.0,13.09,13.29,12.94,13.21,10293266.0
2014-09-04,245881712.0,13.19,13.52,13.09,13.09,18551072.0
2014-09-03,288279872.0,13.09,13.39,12.68,12.74,22057504.0
2014-09-02,120440360.0,12.71,12.76,12.56,12.57,9510064.0
2014-09-01,86011072.0,12.55,12.56,12.30,12.40,6905226.0
2014-08-29,83209448.0,12.37,12.46,12.21,12.22,6745328.0
2014-08-28,223122832.0,12.22,12.88,12.12,12.86,17943656.0
2014-08-27,99417064.0,12.93,13.07,12.85,12.94,7659706.0
2014-08-26,243977136.0,12.99,13.48,12.82,13.38,18498864.0
2014-08-25,472058944.0,13.49,13.75,13.18,13.18,35048780.0
2014-08-22,273349056.0,13.10,13.14,12.70,12.86,21202512.0
2014-08-21,204476080.0,12.92,12.92,12.59,12.79,16061667.0
2014-08-20,139055344.0,12.90,12.94,12.61,12.72,10864391.0
2014-08-19,200211968.0,12.74,12.95,12.70,12.95,15633409.0
2014-08-18,219125872.0,12.97,12.97,12.56,12.60,17149618.0
2014-08-15,281134752.0,12.68,13.08,12.51,13.08,22151026.0
2014-08-14,357217888.0,13.07,13.63,13.02,13.20,26789978.0
2014-08-13,356724288.0,13.22,13.30,12.96,13.03,27172362.0
2014-08-12,314857120.0,13.01,13.25,12.90,13.01,24151604.0
2014-08-11,380864736.0,13.00,13.54,12.95,13.46,29176156.0
2014-08-08,122757400.0,13.42,13.60,13.28,13.50,9181494.0
2014-08-07,88962984.0,13.37,13.65,13.31,13.60,6617074.0
2014-08-06,129951992.0,13.64,13.73,13.39,13.43,9558867.0
2014-08-05,104839584.0,13.52,13.70,13.25,13.51,7841443.0
2014-08-04,77398512.0,13.59,13.75,13.43,13.75,5692408.0
2014-08-01,80131936.0,13.68,14.09,13.65,14.08,5782472.0
2014-07-31,93520456.0,14.05,14.28,13.72,14.01,6691338.0
2014-07-30,110548952.0,13.92,13.97,13.41,13.41,8008850.0
2014-07-29,92442640.0,13.33,13.46,13.02,13.23,6930343.0
2014-07-28,102952168.0,13.23,13.25,12.88,12.98,7846236.0
2014-07-25,102354768.0,13.05,13.48,12.91,13.43,7824966.0
2014-07-24,224300944.0,13.41,14.89,13.41,14.70,16246123.0
2014-07-23,118446392.0,14.90,15.49,14.63,15.26,7959438.0
2014-07-22,147238656.0,15.16,15.40,14.77,14.88,9734028.0
2014-07-21,191644624.0,15.26,15.32,14.27,14.93,12971122.0
2014-07-18,230868256.0,15.22,15.70,14.03,14.80,15298650.0
2014-07-17,333624416.0,14.90,16.50,14.90,16.50,21550188.0
2014-07-16,411104256.0,16.56,16.56,15.58,16.56,25008908.0
2014-03-11,201807088.0,15.05,15.05,13.96,14.47,13866052.0
2014-03-10,254079952.0,14.77,15.13,14.23,14.39,17108340.0
2014-03-07,178196176.0,14.60,14.90,14.35,14.80,12188311.0
2014-03-06,211518640.0,14.70,14.70,13.57,13.57,14938713.0
2014-03-05,114956024.0,13.52,13.89,13.35,13.73,8466974.0
2014-03-04,138261248.0,13.82,14.35,13.65,14.25,9931366.0
2014-03-03,154089152.0,14.25,14.44,14.06,14.25,10836640.0
2014-02-28,148507376.0,14.18,14.21,13.55,13.62,10653341.0
2014-02-27,275590048.0,13.84,14.60,13.69,14.42,19506856.0
2014-02-26,304697216.0,14.35,14.35,13.11,13.40,22019084.0
2014-02-25,429956384.0,13.63,14.36,13.06,13.08,31290720.0
2014-02-24,105441632.0,13.05,13.08,12.66,13.00,8174929.0
2014-02-21,115888088.0,13.07,13.27,12.82,12.93,8872575.0
2014-02-20,214198432.0,13.08,13.56,12.86,13.25,16289847.0
2014-02-19,302378848.0,13.34,13.87,12.80,13.17,22677224.0
2014-02-18,336344032.0,13.20,13.43,12.78,12.98,25769978.0
2014-02-17,531084672.0,13.17,13.35,12.33,12.50,41674548.0
2014-02-14,33427248.0,13.08,13.08,13.08,13.08,2555600.0
2014-02-12,125030784.0,14.53,14.53,14.53,14.53,8605009.0
2014-02-11,146102720.0,13.21,13.34,12.90,13.08,11155182.0
2014-02-10,278921056.0,13.23,13.40,12.43,12.70,21597972.0
2014-02-07,180946192.0,12.68,12.70,11.41,11.45,14683729.0
2014-01-30,48996268.0,11.63,11.74,11.41,11.41,4238724.0
2014-01-29,37574764.0,11.76,11.92,11.67,11.76,3187086.0
2014-01-28,71408032.0,11.80,12.07,11.61,11.93,6051263.0
2014-01-27,105648960.0,11.96,12.06,11.45,11.73,8918918.0
2014-01-24,127442240.0,11.75,12.08,11.65,11.78,10786420.0
2014-01-23,135817280.0,11.87,12.00,11.40,11.58,11504030.0
2014-01-22,65527820.0,11.58,11.80,11.20,11.25,5713732.0
2014-01-21,52840412.0,11.32,11.33,10.90,10.91,4761394.0
2014-01-20,62352352.0,10.97,11.25,10.85,11.25,5644257.0
2014-01-17,55939680.0,11.30,11.65,11.28,11.31,4879724.0
2014-01-16,62390680.0,11.41,11.60,11.31,11.60,5465924.0
2014-01-15,71475576.0,11.62,11.75,11.50,11.75,6176294.0
2014-01-14,108039656.0,11.79,11.95,11.56,11.72,9192136.0
2014-01-13,141275152.0,11.72,11.78,11.32,11.35,12150192.0
2014-01-10,146608752.0,11.42,11.70,10.81,10.87,12929940.0
2014-01-09,84290848.0,11.06,11.32,10.90,11.20,7570861.0
2014-01-08,95668032.0,11.20,11.20,10.60,10.66,8728925.0
2014-01-07,31770342.0,10.67,10.77,10.54,10.56,2979682.0
2014-01-06,35836856.0,10.60,10.84,10.53,10.84,3367830.0
2014-01-03,58923504.0,10.85,10.88,10.61,10.69,5466665.0
2014-01-02,32052944.0,10.68,10.72,10.47,10.61,3020090.0
2013-12-31,35664216.0,10.61,10.81,10.56,10.65,3338969.0
2013-12-30,60150228.0,10.70,10.75,10.31,10.36,5702448.0
2013-12-27,27485564.0,10.30,10.41,10.20,10.23,2667288.0
2013-12-26,18299316.0,10.21,10.64,10.21,10.52,1757521.0
2013-12-25,28802472.0,10.51,10.55,10.19,10.20,2764316.0
2013-12-24,17630088.0,10.20,10.33,10.10,10.17,1724650.0
2013-12-23,16596331.0,10.19,10.30,10.01,10.28,1634337.0
2013-12-20,22426462.0,10.25,10.46,10.09,10.40,2191996.0
2013-12-19,14670105.0,10.39,10.67,10.33,10.58,1396462.0
2013-12-18,20567404.0,10.52,10.65,10.41,10.48,1954734.0
2013-12-17,25450640.0,10.43,10.50,10.30,10.36,2450180.0
2013-12-16,35800936.0,10.37,10.75,10.37,10.70,3400272.0
2013-12-13,28133570.0,10.72,10.78,10.56,10.65,2632313.0
2013-12-12,51142384.0,10.72,10.76,10.49,10.55,4800990.0
2013-12-11,66429360.0,10.60,11.07,10.50,11.01,6221211.0
2013-12-10,34346112.0,10.98,11.10,10.95,11.07,3120377.0
2013-12-09,50929096.0,11.08,11.19,10.91,10.98,4604058.0
2013-12-06,75293112.0,10.98,11.25,10.87,11.22,6826578.0
2013-12-05,114346688.0,11.20,11.34,10.97,11.18,10228907.0
2013-12-04,123142792.0,11.07,11.19,10.59,10.78,11262770.0
2013-12-03,40102024.0,10.65,10.65,10.28,10.35,3828776.0
2013-12-02,96930544.0,10.46,11.00,10.21,10.98,9051472.0
2013-11-29,57273064.0,10.83,10.90,10.68,10.74,5309852.0
2013-11-28,81387656.0,10.77,10.93,10.52,10.58,7575437.0
2013-11-27,45252420.0,10.45,10.54,10.29,10.50,4351350.0
2013-11-26,27267350.0,10.50,10.58,10.44,10.46,2596504.0
2013-11-25,38337748.0,10.47,10.65,10.44,10.54,3637903.0
2013-11-22,37876172.0,10.48,10.73,10.45,10.63,3586101.0
2013-11-21,49181412.0,10.64,10.69,10.56,10.69,4631116.0
2013-11-20,73399176.0,10.78,10.89,10.60,10.60,6850363.0
2013-11-19,197788448.0,10.87,11.45,10.70,11.45,17851352.0
2013-11-18,141222880.0,10.91,10.91,9.99,10.00,13116979.0
2013-11-15,36092016.0,9.92,10.07,9.72,9.77,3633157.0
2013-11-14,20722790.0,9.77,9.84,9.42,9.48,2147519.0
2013-11-13,20403560.0,9.50,9.95,9.49,9.95,2096777.0
2013-11-12,22803110.0,9.87,9.95,9.74,9.80,2310089.0
2013-11-11,24264394.0,9.76,9.78,9.39,9.40,2525292.0
2013-11-08,29035864.0,9.47,9.79,9.45,9.70,3028700.0
2013-11-07,21910080.0,9.79,9.98,9.78,9.94,2225419.0
2013-11-06,29250534.0,9.98,10.15,9.96,10.15,2909263.0
2013-11-05,35271036.0,10.12,10.18,9.90,10.12,3514951.0
2013-11-04,32617010.0,10.13,10.22,10.00,10.03,3223887.0
2013-11-01,33911384.0,9.99,10.07,9.71,9.92,3419844.0
2013-10-31,40210048.0,9.90,10.25,9.88,10.23,4007223.0
2013-10-30,53950352.0,10.12,10.15,9.62,9.86,5465924.0
2013-10-29,93797504.0,9.99,10.66,9.52,10.64,9519136.0
2013-10-28,40137820.0,10.58,11.03,10.53,11.03,3746369.0
2013-10-25,46824480.0,10.97,11.50,10.88,11.45,4209527.0
2013-10-24,36818528.0,11.42,11.65,11.38,11.64,3198962.0
2013-10-23,45672104.0,11.64,11.89,11.59,11.86,3907874.0
2013-10-22,41786772.0,11.84,11.97,11.75,11.95,3529093.0
2013-10-21,61118788.0,11.92,12.06,11.61,11.71,5157439.0
2013-10-18,28147640.0,11.69,11.72,11.56,11.60,2413386.0
2013-10-17,44859680.0,11.58,11.81,11.57,11.74,3839784.0
2013-10-16,65799084.0,11.68,12.06,11.56,12.03,5597456.0
2013-10-15,58837984.0,12.02,12.24,11.99,12.13,4881929.0
2013-10-14,63466288.0,12.17,12.20,11.97,12.00,5242443.0
2013-10-11,49751928.0,11.99,12.03,11.85,11.87,4162489.0
2013-10-10,57166364.0,11.87,12.15,11.86,12.15,4772541.0
2013-10-09,83335528.0,12.17,12.21,11.93,12.20,6927110.0
2013-10-08,43451020.0,12.22,12.27,12.04,12.14,3565577.0
2013-09-30,45374248.0,12.19,12.28,12.03,12.23,3736427.0
2013-09-27,80141608.0,12.07,12.28,11.78,12.10,6678588.0
2013-09-26,61918924.0,12.14,12.50,12.12,12.50,5041540.0
2013-09-25,67686184.0,12.59,12.87,12.55,12.66,5337610.0
2013-09-24,102539472.0,12.70,12.75,12.46,12.58,8105258.0
2013-09-23,84308808.0,12.50,12.52,12.29,12.29,6796787.0
2013-09-18,105092528.0,12.28,12.56,12.00,12.56,8588795.0
2013-09-17,70140680.0,12.57,12.65,12.45,12.60,5578042.0
2013-09-16,126813744.0,12.60,12.90,12.40,12.76,10080819.0
2013-09-13,136417488.0,12.74,12.85,12.59,12.66,10725987.0
2013-09-12,358951584.0,13.05,13.42,12.56,12.56,28128004.0
2013-09-11,51602016.0,13.95,14.98,13.95,14.95,3637700.0
2013-09-10,74854424.0,15.50,15.92,15.06,15.26,4830773.0
2013-09-09,84003184.0,15.36,15.47,14.70,15.43,5602501.0
2013-09-06,38046968.0,15.44,15.50,15.21,15.40,2485423.0
2013-09-05,33342846.0,15.49,15.78,15.45,15.76,2138288.0
2013-09-04,56090900.0,15.63,15.80,15.35,15.55,3596896.0
2013-09-03,57947680.0,15.40,15.78,15.30,15.41,3736670.0
2013-09-02,30520076.0,15.35,15.50,15.10,15.10,1988270.0
2013-08-30,50240904.0,15.10,15.50,15.06,15.10,3278057.0
2013-08-29,36058332.0,15.07,15.32,14.98,15.00,2389603.0
2013-08-28,73468184.0,15.15,15.73,14.98,15.60,4798429.0
2013-08-27,43241972.0,15.64,15.86,15.60,15.71,2748182.0
2013-08-26,109604280.0,15.70,16.08,15.56,15.91,6968449.0
2013-08-23,46405628.0,16.41,16.49,15.80,15.93,2886520.0
2013-08-22,37841532.0,15.93,16.29,15.79,16.24,2354578.0
2013-08-21,31879980.0,16.14,16.38,15.96,16.18,1981787.0
2013-08-20,34432452.0,16.27,16.38,16.11,16.22,2120582.0
2013-08-19,27097302.0,16.21,16.32,15.60,15.63,1679410.0
2013-08-16,35652688.0,16.00,16.55,15.76,16.20,2202393.0
2013-08-15,59116224.0,16.30,16.90,16.21,16.58,3581858.0
2013-08-14,62748636.0,16.59,16.93,16.45,16.69,3748296.0
2013-08-13,49921156.0,16.48,16.48,15.93,15.93,3070230.0
2013-08-12,56901620.0,15.89,16.05,15.65,15.71,3583005.0
2013-08-09,72192512.0,15.69,16.40,15.40,16.33,4582765.0
2013-08-08,42728768.0,16.33,16.53,16.16,16.41,2614209.0
2013-08-07,44397284.0,16.41,16.90,16.30,16.50,2688009.0
2013-08-06,73765832.0,16.50,16.65,16.31,16.65,4484505.0
2013-08-05,174207872.0,16.62,16.62,15.28,15.28,10838968.0
2013-08-02,169946432.0,15.31,16.88,14.89,15.88,10872248.0
2013-08-01,67432448.0,15.93,15.97,15.33,15.60,4309945.0
2013-07-31,58446600.0,15.63,16.68,15.62,16.52,3643588.0
2013-07-30,25375192.0,16.50,16.79,16.03,16.48,1554546.0
2013-07-29,24075152.0,16.60,17.01,16.50,16.99,1440669.0
2013-07-26,49745720.0,17.11,17.50,16.76,17.08,2915795.0
2013-07-25,56804632.0,17.10,18.13,17.05,17.90,3263152.0
2013-07-24,65340964.0,18.15,18.60,17.90,18.42,3590800.0
2013-07-23,57921024.0,18.50,18.64,18.20,18.46,3140644.0
2013-07-22,68449408.0,18.48,18.89,17.91,17.91,3708512.0
2013-07-19,88521976.0,18.18,18.49,17.58,17.58,4880938.0
2013-07-18,39323108.0,17.58,17.70,17.20,17.47,2251382.0
2013-07-17,60701560.0,17.50,18.07,17.20,18.00,3457069.0
2013-07-16,41812100.0,18.08,18.38,17.70,18.20,2323261.0
2013-07-15,60302908.0,18.08,18.19,17.06,17.30,3389678.0
2013-07-12,68518656.0,17.27,17.46,16.70,16.70,4013285.0
2013-07-11,54023412.0,16.55,16.67,15.95,16.30,3317231.0
2013-07-10,44628216.0,16.30,16.41,15.98,16.02,2748314.0
2013-07-09,76480200.0,16.28,16.76,16.10,16.36,4658122.0
2013-07-08,67435912.0,16.28,16.37,14.77,15.35,4297059.0
2013-07-05,65923240.0,15.73,16.35,15.67,16.00,4125177.0
2013-07-04,68585168.0,15.90,16.18,15.18,15.26,4343847.0
2013-07-03,79336968.0,15.58,15.70,15.05,15.40,5152696.0
2013-07-02,79252640.0,15.47,15.47,14.00,14.18,5314905.0
2013-07-01,20838278.0,14.06,14.08,13.76,13.89,1491731.0
2013-06-28,33075228.0,13.96,14.03,13.55,13.75,2399068.0
2013-06-27,25922554.0,13.95,14.34,13.69,14.07,1845750.0
2013-06-26,45040676.0,14.06,14.09,13.51,13.75,3240268.0
2013-06-25,37794416.0,13.74,14.00,12.38,13.45,2824240.0
2013-06-24,30200246.0,13.74,14.28,12.81,14.28,2205298.0
2013-06-21,31442224.0,14.20,14.20,13.50,13.60,2249155.0
2013-06-20,39644708.0,14.19,14.64,14.01,14.34,2762359.0
2013-06-19,20232976.0,14.42,14.43,14.03,14.35,1421736.0
2013-06-18,28216418.0,14.34,14.43,13.86,14.08,2001165.0
2013-06-17,28854708.0,13.93,14.26,13.70,14.26,2076129.0
2013-06-14,26667814.0,14.08,14.17,13.87,13.99,1903425.0
2013-06-13,23678716.0,13.99,14.45,13.63,14.45,1698407.0
2013-06-07,28405832.0,14.63,14.86,14.09,14.65,1963642.0
2013-06-06,25031578.0,14.79,14.99,14.68,14.80,1687158.0
2013-06-05,27028250.0,14.85,14.87,14.48,14.51,1834967.0
2013-06-04,39912320.0,14.79,15.00,14.12,14.99,2748990.0
2013-06-03,42368520.0,15.05,15.57,14.90,15.31,2779152.0
2013-05-31,44996372.0,15.42,15.86,15.26,15.26,2883457.0
2013-05-30,26495152.0,15.33,15.50,15.18,15.50,1729205.0
2013-05-29,40154588.0,15.55,15.60,15.01,15.35,2617094.0
2013-05-28,77334824.0,15.23,15.64,14.90,15.60,5105493.0
2013-05-27,87774496.0,15.59,16.11,15.41,15.92,5564577.0
2013-05-24,76616144.0,15.60,15.60,14.82,14.82,5016436.0
2013-05-23,97526736.0,14.76,15.73,14.72,14.96,6377091.0
2013-05-22,97051896.0,15.05,15.50,14.37,14.50,6480586.0
2013-05-21,86587304.0,14.54,14.64,13.62,13.70,6092566.0
2013-05-20,58017208.0,13.69,13.70,13.23,13.50,4318847.0
2013-05-17,34284456.0,13.43,13.50,13.12,13.26,2581923.0
2013-05-16,43233292.0,13.26,13.47,13.11,13.40,3261827.0
2013-05-15,37073548.0,13.40,13.52,13.12,13.25,2774622.0
2013-05-14,56833272.0,13.44,13.47,13.06,13.31,4282070.0
2013-05-13,90741176.0,13.31,13.42,12.90,13.00,6864724.0
2013-05-10,60463772.0,12.95,12.95,12.33,12.42,4762037.0
2013-05-09,43103064.0,12.52,12.70,12.25,12.41,3447678.0
2013-05-08,36157192.0,12.49,12.80,12.35,12.75,2892948.0
2013-05-07,50828412.0,12.75,13.04,12.70,12.71,3948077.0
2013-05-06,42457344.0,12.70,12.80,12.25,12.25,3375553.0
2013-05-03,26468556.0,12.21,12.30,11.98,12.09,2182119.0
2013-05-02,26689812.0,12.01,12.24,11.90,12.01,2211873.0
2013-04-26,30196806.0,11.97,12.35,11.61,12.26,2531992.0
2013-04-25,43796776.0,12.26,12.81,12.20,12.60,3477835.0
2013-04-24,51381472.0,12.68,12.83,12.53,12.81,4052182.0
2013-04-23,37120840.0,12.77,13.30,12.60,13.16,2882398.0
2013-04-22,52294564.0,12.95,13.16,12.72,12.93,4038895.0
2013-04-19,78066800.0,12.95,13.09,12.56,12.58,6073850.0
2013-04-18,35887444.0,12.56,12.65,12.05,12.15,2887093.0
2013-04-17,12222125.0,12.16,12.25,12.01,12.25,1007017.0
2013-04-16,21351654.0,12.21,12.25,11.79,11.99,1763831.0
2013-04-15,11691555.0,12.00,12.26,11.95,12.26,970253.0
2013-04-12,25785508.0,12.22,12.62,12.22,12.62,2077322.0
2013-04-11,20048146.0,12.42,12.52,12.32,12.41,1615113.0
2013-04-10,23274204.0,12.45,12.60,12.20,12.29,1872731.0
2013-04-09,18934046.0,12.29,12.99,12.15,12.42,1514787.0
2013-04-08,36710556.0,12.42,12.47,11.85,12.30,3041584.0
2013-04-03,28704834.0,12.48,12.66,12.15,12.60,2319349.0
2013-04-02,26423134.0,12.60,13.00,12.53,12.95,2077296.0
2013-04-01,25440998.0,12.88,13.00,12.58,12.71,1976836.0
2013-03-29,25161368.0,12.71,12.90,12.52,12.75,1980401.0
2013-03-28,48327468.0,12.75,12.79,12.32,12.54,3860779.0
2013-03-27,53974856.0,12.66,13.05,12.47,12.90,4229139.0
2013-03-26,48532364.0,12.92,13.13,12.70,13.13,3765672.0
2013-03-25,74174016.0,13.20,13.28,13.00,13.03,5643192.0
2013-03-22,77759888.0,13.03,13.18,12.85,13.00,5969052.0
2013-03-21,209552960.0,13.20,13.62,12.63,13.42,15835937.0
2013-03-20,45637332.0,13.37,13.50,13.00,13.46,3433843.0
2013-03-19,48562668.0,13.46,13.60,13.10,13.22,3648807.0
2013-03-18,53399388.0,13.37,13.55,13.00,13.53,4030636.0
2013-03-15,48524172.0,13.52,13.74,13.00,13.10,3604589.0
2013-03-14,29848814.0,13.10,13.26,12.81,12.90,2281886.0
2013-03-13,34617992.0,12.99,13.13,12.39,12.39,2696638.0
2013-03-12,89690264.0,12.85,13.85,12.29,13.65,6976159.0
2013-03-11,32998680.0,13.65,14.09,13.55,13.55,2398767.0
2013-03-08,56389516.0,13.82,14.16,13.48,14.02,2048761.0
2013-03-07,82254168.0,13.97,14.47,13.77,14.17,2919591.0
2013-03-06,91538112.0,14.29,14.37,13.30,13.44,3270821.0
2013-03-05,54519764.0,13.37,13.55,13.07,13.52,2050916.0
2013-03-04,61163728.0,13.32,13.52,13.15,13.43,2296192.0
2013-03-01,54482660.0,13.43,13.52,12.78,12.96,2046234.0
2013-02-28,34113832.0,12.96,13.05,12.48,12.74,1327612.0
2013-02-27,42388108.0,12.81,12.82,12.32,12.69,1681130.0
2013-02-26,37443928.0,12.70,13.07,12.70,12.95,1446110.0
2013-02-25,37516640.0,12.95,13.22,12.85,13.10,1446327.0
2013-02-22,45295312.0,12.90,13.06,12.50,12.67,1761018.0
2013-02-21,53959996.0,12.74,13.07,12.61,12.93,2105469.0
2013-02-20,39691656.0,12.92,12.92,12.38,12.42,1567051.0
2013-02-19,35959740.0,12.52,12.72,12.38,12.57,1435033.0
2013-02-18,59924308.0,12.70,12.92,12.58,12.76,2345909.0
2013-02-08,53711000.0,12.72,12.72,12.21,12.24,2138281.0
2013-02-07,57425196.0,12.17,12.17,11.40,11.42,2409830.0
2013-02-06,18370216.0,11.65,11.72,11.47,11.55,789065.0
2013-02-05,34917468.0,11.55,11.77,11.23,11.23,1514843.0
2013-02-04,54377472.0,11.41,11.81,11.18,11.75,2376101.0
2013-02-01,30742848.0,11.71,11.79,11.60,11.77,1311123.0
2013-01-31,32409738.0,11.68,11.72,11.54,11.72,1389769.0
2013-01-30,38634092.0,11.70,11.94,11.53,11.53,1645550.0
2013-01-29,132240040.0,11.77,12.02,11.12,11.47,5728961.0
2013-01-28,103980112.0,11.14,11.20,10.39,10.45,4775479.0
2013-01-25,17445460.0,10.45,10.57,10.10,10.19,840493.0
2013-01-24,23519370.0,10.10,10.37,9.99,10.29,1156827.0
2013-01-23,15327433.0,10.32,10.41,10.23,10.33,743198.0
2013-01-22,28863472.0,10.32,10.66,10.28,10.45,1378983.0
2013-01-21,39392160.0,10.48,10.71,10.23,10.28,1870273.0
2013-01-18,28613338.0,10.33,10.36,10.12,10.12,1392128.0
2013-01-17,28955858.0,10.25,10.46,10.08,10.42,1404972.0
2013-01-16,31313650.0,10.43,10.50,10.30,10.47,1501750.0
2013-01-15,51188348.0,10.46,10.63,10.18,10.32,2473217.0
2013-01-14,61428664.0,10.35,10.39,9.93,9.93,2972480.0
2013-01-11,32744716.0,10.05,10.36,9.97,10.08,1602664.0
2013-01-10,42131732.0,10.07,10.10,9.69,9.72,2117546.0
2013-01-09,37766672.0,9.78,9.79,9.34,9.73,1960341.0
2013-01-08,38516124.0,9.75,9.96,9.63,9.78,1973255.0
2013-01-07,44389800.0,9.83,10.00,9.20,9.29,2300238.0
2013-01-04,22919954.0,9.24,9.31,9.11,9.31,1242038.0
2012-12-31,20087520.0,9.26,9.33,9.08,9.29,1092552.0
2012-12-28,39315376.0,9.24,9.47,8.94,9.13,2144635.0
2012-12-27,38250364.0,9.18,9.42,8.94,9.23,2094577.0
2012-12-26,37705176.0,9.11,9.22,8.67,8.69,2094631.0
2012-12-25,23964296.0,8.68,8.74,8.49,8.74,1383694.0
2012-12-24,61099452.0,8.65,8.98,8.41,8.42,3487361.0
2012-12-21,49554920.0,8.42,8.53,7.66,7.66,3024850.0
2012-12-20,3516787.0,7.75,7.81,7.70,7.72,226711.0
2012-12-19,4914869.0,7.78,7.84,7.68,7.71,316162.0
2012-12-18,11141077.0,7.78,7.91,7.70,7.78,714764.0
2012-12-17,20108024.0,7.89,7.89,7.59,7.70,1289509.0
2012-12-14,11875352.0,7.69,7.71,7.42,7.42,776349.0
2012-12-13,3828731.0,7.53,7.57,7.44,7.53,255120.0
2012-12-12,6113211.0,7.57,7.67,7.44,7.55,405144.0
2012-12-11,6059349.0,7.60,7.83,7.59,7.83,395300.0
2012-12-10,5628745.0,7.75,7.91,7.67,7.89,360721.0
2012-12-07,7202496.0,7.71,7.73,7.61,7.63,466474.0
2012-12-06,4533000.0,7.68,7.73,7.58,7.63,295590.0
2012-12-05,15150685.0,7.68,7.73,7.29,7.29,997784.0
2012-12-04,4590243.0,7.37,7.38,7.16,7.16,313022.0
2012-12-03,4025838.0,7.29,7.36,7.22,7.22,275310.0
2012-11-30,6823497.0,7.37,7.42,7.14,7.23,463495.0
2012-11-29,11628373.0,7.37,7.53,7.12,7.48,783129.0
2012-11-28,13473147.0,7.41,7.72,7.41,7.56,892720.0
2012-11-27,9255142.0,7.54,7.57,7.48,7.48,612776.0
2012-11-26,9583933.0,7.53,7.58,7.43,7.49,635378.0
2012-11-23,3697363.0,7.56,7.64,7.49,7.64,244292.0
2012-11-22,6511012.0,7.64,7.72,7.48,7.48,424998.0
2012-11-21,10707591.0,7.64,7.71,7.47,7.50,705048.0
2012-11-15,5251200.0,7.56,7.68,7.38,7.47,344545.0
2012-11-14,9041045.0,7.57,7.68,7.42,7.51,599908.0
2012-11-13,14775778.0,7.58,7.87,7.46,7.66,977950.0
2012-11-12,10072051.0,7.65,7.73,7.53,7.63,657811.0
2012-11-09,12674351.0,7.76,7.87,7.62,7.78,816200.0
2012-11-08,6959398.0,7.78,8.16,7.62,7.96,441209.0
2012-11-07,5563724.0,7.99,8.06,7.95,7.99,347405.0
2012-11-06,10134689.0,7.99,8.08,7.94,8.00,631847.0
2012-11-05,25247556.0,8.05,8.10,7.81,7.86,1579009.0
2012-11-02,6947884.0,7.83,7.91,7.79,7.81,441670.0
2012-11-01,9341086.0,7.83,7.86,7.77,7.78,595443.0
2012-10-31,4079360.0,7.78,7.87,7.69,7.87,262999.0
2012-10-30,8313636.0,7.74,7.88,7.63,7.77,532875.0
2012-10-29,3620490.0,7.64,7.78,7.55,7.73,235652.0
2012-10-26,3483003.0,7.73,7.82,7.66,7.66,224942.0
2012-10-25,8154630.0,7.78,7.95,7.76,7.84,518900.0
2012-10-24,17208380.0,7.89,7.97,7.84,7.84,1085630.0
2012-10-23,21569718.0,7.84,8.13,7.78,8.03,1350072.0
2012-10-22,12856404.0,8.02,8.03,7.83,7.83,809031.0
2012-10-19,8851673.0,7.89,7.95,7.86,7.93,559479.0
2012-10-18,12992320.0,7.88,7.90,7.77,7.80,821913.0
2012-10-17,14195321.0,7.80,7.90,7.75,7.90,903183.0
2012-10-16,13615850.0,7.87,7.93,7.73,7.73,861352.0
2012-10-15,6454083.0,7.68,7.80,7.68,7.78,415156.0
2012-10-12,5857798.0,7.73,7.87,7.61,7.66,376879.0
2012-10-11,5734450.0,7.66,7.79,7.66,7.73,369695.0
2012-10-10,10348337.0,7.76,7.85,7.60,7.83,661443.0
2012-10-09,14031835.0,7.83,7.85,7.51,7.51,898421.0
2012-10-08,10141422.0,7.51,7.53,7.27,7.41,674420.0
2012-09-28,9928031.0,7.41,7.41,7.01,7.04,682323.0
2012-09-27,23889028.0,7.12,7.18,6.95,7.08,1680214.0
2012-09-26,8939970.0,7.13,7.26,7.07,7.07,620725.0
2012-09-25,14858439.0,7.23,7.51,7.21,7.51,1014138.0
2012-09-24,16833046.0,7.47,7.47,7.17,7.41,1142350.0
2012-09-21,5391200.0,7.46,7.54,7.37,7.54,361442.0
2012-09-20,8830195.0,7.46,7.52,7.35,7.46,590232.0
2012-09-19,4972093.0,7.50,7.55,7.46,7.46,329543.0
2012-09-18,5303009.0,7.50,7.65,7.41,7.60,349009.0
2012-09-17,8277297.0,7.50,7.80,7.47,7.75,538800.0
2012-09-14,12244071.0,7.65,7.82,7.47,7.65,796949.0
2012-09-13,16035345.0,7.65,7.96,7.63,7.90,1022251.0
2012-09-12,21318500.0,7.96,8.20,7.87,8.03,1320376.0
2012-09-11,14367090.0,7.99,8.03,7.73,7.90,909028.0
2012-09-10,19080512.0,7.90,7.93,7.63,7.63,1214456.0
2012-09-07,33690008.0,7.68,7.79,7.42,7.49,2188595.0
2012-09-06,8939496.0,7.49,7.62,7.42,7.50,593255.0
2012-09-05,4629589.0,7.50,7.52,7.42,7.42,308568.0
2012-09-04,8025124.0,7.42,7.54,7.40,7.48,535752.0
2012-09-03,11969278.0,7.47,7.65,7.27,7.31,801097.0
2012-08-31,5652803.0,7.38,7.42,7.16,7.38,382151.0
2012-08-30,13816853.0,7.43,7.50,6.96,7.39,943339.0
2012-08-29,7032025.0,7.46,7.50,7.38,7.46,469479.0
2012-08-28,7454125.0,7.50,7.55,7.36,7.37,497529.0
2012-08-27,14828795.0,7.48,7.50,7.17,7.50,1003039.0
2012-08-24,28303334.0,7.50,7.80,7.41,7.80,1866042.0
2012-08-23,10336093.0,7.83,7.99,7.75,7.85,653108.0
2012-08-22,21959448.0,7.83,7.92,7.76,7.91,1391200.0
2012-08-21,39068592.0,7.96,8.20,7.72,7.90,2467993.0
2012-08-20,40398664.0,7.94,8.04,7.65,8.00,2572924.0
2012-08-17,13819455.0,8.00,8.08,7.89,7.91,861010.0
2012-08-16,19570078.0,8.05,8.45,7.95,8.29,1198366.0
2012-08-15,15246023.0,8.30,8.54,8.30,8.48,901488.0
2012-08-14,11908405.0,8.46,8.54,8.33,8.42,701590.0
2012-08-13,19547564.0,8.44,8.48,8.10,8.25,1166197.0
2012-08-10,11495905.0,8.20,8.33,8.16,8.23,694392.0
2012-08-09,27846860.0,8.30,8.41,8.08,8.22,1676847.0
2012-08-08,27701324.0,8.23,8.23,7.83,7.94,1703261.0
2012-08-07,20333666.0,7.94,7.94,7.65,7.72,1287290.0
2012-08-06,21906984.0,7.72,7.73,7.56,7.63,1421145.0
2012-08-03,13362994.0,7.63,7.64,7.40,7.46,876998.0
2012-08-02,4730532.0,7.49,7.50,7.40,7.41,315100.0
2012-08-01,7213343.0,7.47,7.47,7.28,7.42,482757.0
2012-07-31,11862354.0,7.35,7.47,7.16,7.42,806734.0
2012-07-30,8405386.0,7.43,7.57,7.33,7.43,562223.0
2012-07-27,14595357.0,7.50,7.55,7.37,7.55,974794.0
2012-07-26,15988703.0,7.55,7.70,7.51,7.51,1040731.0
2012-07-25,13538271.0,7.50,7.60,7.30,7.40,895884.0
2012-07-24,11507488.0,7.40,7.43,7.14,7.14,782360.0
2012-07-23,3891459.0,7.13,7.16,6.99,7.00,272421.0
2012-07-20,8986567.0,7.12,7.20,6.96,7.07,629046.0
2012-07-19,7371233.0,7.13,7.16,6.96,6.96,517046.0
2012-07-18,6276257.0,7.05,7.05,6.86,6.86,447177.0
2012-07-17,4501895.0,6.96,7.00,6.85,6.93,322878.0
2012-07-16,23931364.0,6.93,7.15,6.71,7.15,1714455.0
2012-07-13,17598766.0,7.17,7.31,7.05,7.31,1230058.0
2012-07-12,8579618.0,7.27,7.31,7.13,7.13,588262.0
2012-07-11,6296577.0,7.21,7.24,7.09,7.15,436707.0
2012-07-10,11949524.0,7.20,7.35,7.12,7.25,822431.0
2012-07-09,13534310.0,7.30,7.49,7.23,7.33,912456.0
2012-07-06,16232217.0,7.36,7.36,7.06,7.14,1119576.0
2012-07-05,11797511.0,7.10,7.14,7.03,7.14,826500.0
2012-07-04,8179638.0,7.13,7.18,7.03,7.13,574159.0
2012-07-03,13322156.0,7.17,7.25,7.08,7.19,926198.0
2012-07-02,16193416.0,7.19,7.21,6.96,6.98,1136640.0
2012-06-29,6470803.0,6.91,6.95,6.79,6.90,467399.0
2012-06-28,7931005.0,6.89,7.06,6.87,7.06,568412.0
2012-06-27,13324897.0,6.96,6.97,6.78,6.87,960900.0
2012-06-26,11843905.0,6.88,6.88,6.56,6.61,874421.0
2012-06-25,14678741.0,6.68,6.85,6.61,6.75,1089405.0
2012-06-21,17740570.0,6.76,6.84,6.58,6.66,1305624.0
2012-06-20,36985640.0,6.66,7.01,6.61,7.00,2704661.0
2012-06-19,42887184.0,7.03,7.09,6.71,6.83,3053197.0
2012-06-18,27122300.0,6.82,6.91,6.27,6.27,2007279.0
2012-06-15,9543758.0,6.39,6.41,6.24,6.25,747503.0
2012-06-14,7957269.0,6.25,6.26,6.17,6.24,637354.0
2012-06-13,8631210.0,6.24,6.29,6.17,6.29,689122.0
2012-06-12,9393005.0,6.25,6.30,6.16,6.25,750474.0
2012-06-11,6600413.0,6.25,6.31,6.07,6.31,524017.0
2012-06-08,6875813.0,6.26,6.35,6.19,6.24,546170.0
2012-06-07,12844183.0,6.24,6.34,6.16,6.21,1021322.0
2012-06-06,22412868.0,6.23,6.41,6.09,6.12,1785551.0
2012-06-05,8344475.0,6.08,6.09,5.93,5.96,689788.0
2012-06-04,10795233.0,5.91,6.10,5.86,5.94,896820.0
2012-06-01,16674591.0,6.04,6.31,5.96,6.08,1350866.0
2012-05-31,17134490.0,6.08,6.16,5.99,5.99,696369.0
2012-05-30,30412688.0,6.06,6.19,6.04,6.11,1236387.0
2012-05-29,32573936.0,6.08,6.11,5.73,5.79,1343049.0
2012-05-28,8687043.0,5.78,5.78,5.66,5.73,376475.0
2012-05-25,9676927.0,5.73,5.81,5.67,5.78,418329.0
2012-05-24,5567845.0,5.72,5.76,5.64,5.64,242890.0
2012-05-23,9008053.0,5.69,5.80,5.62,5.80,393692.0
2012-05-22,8473183.0,5.74,5.76,5.69,5.71,367134.0
2012-05-21,7813402.0,5.70,5.71,5.56,5.61,342059.0
2012-05-18,6457413.0,5.61,5.70,5.58,5.67,284710.0
2012-05-17,13045764.0,5.70,5.74,5.51,5.51,573255.0
2012-05-16,7779470.0,5.58,5.70,5.49,5.66,343147.0
2012-05-15,14762387.0,5.69,5.81,5.62,5.67,645322.0
2012-05-14,21371694.0,5.71,5.83,5.64,5.64,928547.0
2012-05-11,37768584.0,5.64,5.75,5.54,5.56,1657170.0
2012-05-10,40915520.0,5.62,5.62,5.31,5.31,1856524.0
2012-05-09,16959424.0,5.32,5.41,5.25,5.41,797112.0
2012-05-08,28440536.0,5.41,5.44,5.21,5.22,1314188.0
2012-05-07,18247670.0,5.20,5.21,5.03,5.04,884920.0
2012-05-04,7363978.0,5.08,5.13,5.02,5.02,360464.0
2012-05-03,8212654.0,5.01,5.06,5.00,5.04,405709.0
2012-05-02,9622410.0,5.03,5.17,5.01,5.09,473272.0
2012-04-27,4715664.0,5.02,5.07,4.89,4.98,234261.0
2012-04-26,4996171.0,4.99,5.09,4.98,5.04,245955.0
2012-04-25,5669268.0,5.04,5.08,4.96,4.97,279864.0
2012-04-24,13536595.0,5.04,5.21,4.72,5.21,664765.0
2012-04-23,19834378.0,5.22,5.47,5.22,5.47,918650.0
2012-04-20,21331572.0,5.43,5.56,5.41,5.52,975261.0
2012-04-19,38562268.0,5.52,5.56,5.41,5.41,1738115.0
2012-04-18,20580148.0,5.40,5.41,5.13,5.21,958963.0
2012-04-17,11540132.0,5.18,5.18,4.95,5.03,559377.0
2012-04-16,26373952.0,5.07,5.15,4.95,5.11,1297950.0
2012-04-13,15272801.0,5.11,5.29,5.08,5.18,738833.0
2012-04-12,17887020.0,5.20,5.24,5.11,5.16,853716.0
2012-04-11,12178347.0,5.07,5.17,4.97,5.01,592991.0
2012-04-10,16836360.0,5.11,5.12,4.92,4.97,826375.0
2012-04-06,8167698.0,4.99,5.02,4.93,4.94,407682.0
2012-04-05,11345814.0,4.99,5.00,4.78,4.85,575517.0
2012-03-30,6545879.0,4.84,4.92,4.79,4.85,336325.0
2012-03-29,6152452.0,4.89,5.09,4.75,5.07,311803.0
2012-03-28,8822009.0,5.09,5.28,5.06,5.22,426290.0
2012-03-27,7721758.0,5.28,5.29,5.24,5.29,364501.0
2012-03-26,8428608.0,5.24,5.29,5.17,5.29,399475.0
2012-03-23,10538744.0,5.28,5.40,5.26,5.31,490903.0
2012-03-22,9412856.0,5.34,5.37,5.26,5.35,440152.0
2012-03-21,19655344.0,5.41,5.46,5.30,5.41,916862.0
2012-03-20,14146533.0,5.41,5.64,5.41,5.62,639134.0
2012-03-19,15647499.0,5.62,5.66,5.56,5.66,693439.0
2012-03-16,23512858.0,5.65,5.69,5.55,5.67,1040189.0
2012-03-15,21621528.0,5.64,5.70,5.22,5.66,972538.0
2012-03-14,37142192.0,5.64,6.03,5.59,5.85,1576561.0
2012-03-13,23067590.0,5.88,5.89,5.81,5.86,980737.0
2012-03-12,29799998.0,5.89,5.89,5.74,5.74,1271897.0
2012-03-09,17095230.0,5.75,5.76,5.60,5.66,749324.0
2012-03-08,18555564.0,5.64,5.69,5.59,5.66,819719.0
2012-03-07,14866936.0,5.64,5.81,5.64,5.75,647404.0
2012-03-06,18932430.0,5.86,5.89,5.75,5.80,805622.0
2012-03-05,20317872.0,5.80,5.91,5.75,5.84,868721.0
2012-03-02,11293414.0,5.84,5.90,5.79,5.88,481296.0
2012-03-01,19981784.0,5.84,5.91,5.80,5.80,847124.0
2012-02-29,30531168.0,5.81,5.85,5.60,5.62,1318044.0
2012-02-28,30420208.0,5.69,5.74,5.62,5.72,1333721.0
2012-02-24,41331676.0,5.76,5.82,5.72,5.74,1784627.0
2012-02-23,86320576.0,5.84,6.03,5.72,5.72,3658953.0
2012-02-22,35924140.0,5.67,5.76,5.38,5.46,1598561.0
2012-02-21,18584784.0,5.46,5.46,5.24,5.41,859702.0
2012-02-20,16720599.0,5.35,5.41,5.21,5.27,778606.0
2012-02-17,7442857.0,5.20,5.25,5.14,5.23,356562.0
2012-02-16,13167250.0,5.21,5.28,5.12,5.26,632068.0
2012-02-15,13631009.0,5.26,5.28,5.07,5.14,654564.0
2012-02-14,44580372.0,5.16,5.32,5.00,5.04,2119375.0
2012-02-13,40602656.0,5.07,5.14,4.62,4.69,2016808.0
2012-02-10,13589289.0,4.70,4.77,4.65,4.74,716953.0
2012-02-09,17962296.0,4.74,4.77,4.63,4.67,945623.0
2012-02-08,13801710.0,4.66,4.71,4.58,4.62,738037.0
2012-02-07,10578590.0,4.62,4.65,4.55,4.65,573444.0
2012-02-06,27892276.0,4.63,4.71,4.52,4.60,1503029.0
2012-02-03,21391288.0,4.58,4.64,4.49,4.56,1162485.0
2012-02-02,30198784.0,4.59,4.60,4.35,4.45,1671949.0
2012-02-01,28621032.0,4.43,4.53,4.24,4.30,1612931.0
2012-01-31,20087882.0,4.30,4.32,4.17,4.30,1182564.0
2012-01-30,22376196.0,4.31,4.35,4.17,4.23,1294605.0
2012-01-20,15848473.0,4.17,4.19,4.01,4.03,957236.0
2012-01-19,13719351.0,4.04,4.10,3.91,3.98,856635.0
2012-01-18,13417821.0,3.98,4.16,3.97,4.05,816120.0
2012-01-17,17600354.0,4.06,4.07,3.82,3.93,1102282.0
2012-01-16,11255848.0,3.86,3.96,3.85,3.96,715458.0
2012-01-13,25227530.0,4.03,4.28,3.95,4.28,1535379.0
2012-01-12,30872630.0,4.30,4.36,4.28,4.28,1778093.0
2012-01-11,24166598.0,4.32,4.40,4.26,4.30,1391769.0
2012-01-10,36893308.0,4.33,4.35,4.16,4.16,2165447.0
2012-01-09,11632107.0,4.17,4.17,3.94,3.94,707306.0
2012-01-06,10922865.0,4.01,4.03,3.85,3.86,696830.0
2012-01-05,12385787.0,3.93,4.27,3.90,4.22,758840.0
2012-01-04,8257517.0,4.27,4.46,4.25,4.42,469662.0
2011-12-30,11866541.0,4.36,4.38,4.27,4.29,680137.0
2011-12-29,10882971.0,4.27,4.32,4.17,4.22,635276.0
2011-12-28,15093197.0,4.32,4.35,4.15,4.34,882453.0
2011-12-27,15226575.0,4.45,4.90,4.43,4.85,830248.0
2011-12-26,4975318.0,4.92,5.03,4.91,4.99,248700.0
2011-12-23,5124272.0,5.03,5.10,4.91,5.03,254517.0
2011-12-22,9437080.0,5.02,5.35,5.00,5.35,456366.0
2011-12-21,2966391.0,5.37,5.66,5.37,5.61,133200.0
2011-12-20,7314366.0,5.59,5.75,5.59,5.61,320600.0
2011-12-19,5260723.0,5.67,5.77,5.50,5.59,233701.0
2011-12-16,4324027.0,5.72,5.76,5.49,5.61,192308.0
2011-12-15,6090725.0,5.57,5.60,5.55,5.59,271214.0
2011-12-14,2975046.0,5.59,5.62,5.49,5.59,132700.0
2011-12-13,4127233.0,5.56,5.74,5.54,5.70,182625.0
2011-12-12,1880987.0,5.74,5.84,5.71,5.84,81494.0
2011-12-09,2595362.0,5.84,5.84,5.67,5.80,112160.0
2011-12-08,5464424.0,5.83,5.87,5.67,5.72,234624.0
2011-12-07,2289714.0,5.77,5.82,5.72,5.81,98391.0
2011-12-06,3127820.0,5.76,5.80,5.67,5.67,135779.0
2011-12-05,5318490.0,5.72,6.02,5.72,6.00,226000.0
2011-12-02,8374235.0,6.05,6.26,6.03,6.26,340351.0
2011-12-01,16505114.0,6.19,6.38,6.19,6.22,652788.0
2011-11-30,9733341.0,6.08,6.48,6.03,6.46,386925.0
2011-11-29,9099237.0,6.48,6.49,6.39,6.46,350951.0
2011-11-28,4267122.0,6.41,6.48,6.34,6.38,165261.0
2011-11-25,9899959.0,6.40,6.51,6.31,6.37,383856.0
2011-11-24,12165182.0,6.39,6.46,6.28,6.44,473786.0
2011-11-23,10876118.0,6.49,6.62,6.48,6.61,413087.0
2011-11-22,21476254.0,6.57,6.77,6.54,6.69,809431.0
2011-11-21,64376348.0,6.76,6.83,6.41,6.53,2383635.0
2011-11-18,22001318.0,6.53,6.69,6.44,6.48,835819.0
2011-11-17,19149728.0,6.53,6.57,6.18,6.18,746961.0
2011-11-16,13842096.0,6.21,6.40,6.19,6.34,549188.0
2011-11-15,9928744.0,6.36,6.45,6.31,6.31,387013.0
2011-11-14,15839339.0,6.31,6.33,6.14,6.19,627944.0
2011-11-11,12684150.0,6.16,6.28,6.08,6.12,507921.0
2011-11-10,8274077.0,6.12,6.13,6.02,6.09,338003.0
2011-11-09,9070353.0,6.14,6.14,5.98,6.08,372358.0
2011-11-08,6634612.0,6.08,6.13,6.01,6.12,271155.0
2011-11-07,8714998.0,6.13,6.18,6.02,6.13,353969.0
2011-11-04,22481702.0,6.14,6.21,5.99,6.05,916634.0
2011-11-03,31647558.0,6.01,6.14,5.98,6.01,1297835.0
2011-11-02,17103068.0,6.00,6.00,5.72,5.86,725621.0
2011-11-01,18293664.0,5.89,6.10,5.86,5.93,760099.0
2011-10-31,21823514.0,5.96,6.00,5.87,5.88,914785.0
2011-10-28,21381190.0,5.91,5.93,5.70,5.82,915668.0
2011-10-27,16915376.0,5.78,5.83,5.70,5.76,727971.0
2011-10-26,17874464.0,5.75,5.83,5.56,5.59,771973.0
2011-10-25,14587589.0,5.67,5.69,5.43,5.54,651362.0
2011-10-24,12968553.0,5.55,5.69,5.22,5.69,587747.0
2011-10-21,5367804.0,5.62,5.68,5.60,5.67,236100.0
2011-10-20,10315094.0,5.68,5.82,5.59,5.82,451098.0
2011-10-19,11890073.0,5.81,5.93,5.67,5.86,511001.0
2011-10-18,6317194.0,5.91,5.98,5.88,5.98,265342.0
2011-10-17,6808667.0,6.02,6.02,5.92,5.99,282590.0
2011-10-14,12054977.0,6.01,6.03,5.86,6.03,502913.0
2011-10-13,22126690.0,6.04,6.05,5.91,5.91,919315.0
2011-10-12,8320693.0,5.93,5.95,5.64,5.71,354305.0
2011-10-11,12908744.0,5.69,5.83,5.62,5.83,558573.0
2011-10-10,4454037.0,5.67,5.74,5.62,5.71,195265.0
2011-09-30,7266181.0,5.71,5.71,5.55,5.67,318526.0
2011-09-29,7079956.0,5.62,5.67,5.54,5.60,314294.0
2011-09-28,13767255.0,5.67,5.82,5.62,5.78,597507.0
2011-09-27,20658474.0,5.75,5.83,5.62,5.83,897295.0
2011-09-26,15887383.0,5.81,5.90,5.72,5.87,680636.0
2011-09-23,12488214.0,5.87,6.00,5.85,5.97,524362.0
2011-09-22,11244562.0,6.09,6.35,6.01,6.24,452586.0
2011-09-21,7686465.0,6.31,6.37,6.13,6.20,303413.0
2011-09-20,9194925.0,6.21,6.28,6.02,6.19,370027.0
2011-09-19,9635273.0,6.19,6.39,6.11,6.37,386551.0
2011-09-16,8381971.0,6.45,6.50,6.35,6.46,325349.0
2011-09-15,10048616.0,6.44,6.55,6.39,6.51,386155.0
2011-09-14,21938058.0,6.52,6.54,6.20,6.29,864199.0
2011-09-13,20839172.0,6.33,6.54,6.21,6.40,816975.0
2011-09-09,16595306.0,6.58,6.69,6.29,6.56,634068.0
2011-09-08,8447925.0,6.60,6.78,6.59,6.70,313810.0
2011-09-07,7076196.0,6.68,6.73,6.52,6.64,264391.0
2011-09-06,20008694.0,6.55,6.69,6.46,6.59,753095.0
2011-09-05,13499139.0,6.68,6.84,6.66,6.80,497673.0
2011-09-01,27307102.0,6.93,7.07,6.85,7.03,975563.0
2011-08-31,49234976.0,7.04,7.33,7.01,7.28,1716463.0
2011-08-30,67317896.0,7.33,7.45,7.09,7.16,2280882.0
2011-08-29,14283405.0,7.12,7.19,7.03,7.03,499019.0
2011-08-26,14270314.0,7.12,7.21,7.05,7.05,497592.0
2011-08-25,29210358.0,7.16,7.27,7.02,7.25,1019921.0
2011-08-24,70326016.0,7.27,7.34,7.02,7.17,2411590.0
2011-08-23,18744660.0,7.10,7.13,6.91,7.05,664175.0
2011-08-22,47329880.0,7.04,7.26,7.03,7.08,1641811.0
2011-08-19,58181188.0,7.13,7.28,6.98,7.11,2017817.0
2011-08-18,52778144.0,7.11,7.12,6.81,6.81,1876891.0
2011-08-17,87440784.0,6.90,7.01,6.78,7.01,3163058.0
2011-08-16,122277672.0,7.20,7.33,7.00,7.06,4201442.0
2011-08-15,45211084.0,6.98,7.13,6.79,7.01,1624914.0
2011-08-12,24408712.0,7.00,7.09,6.89,7.02,869327.0
2011-08-11,35226096.0,6.99,7.13,6.53,6.70,1258618.0
2011-08-10,22202110.0,6.77,6.80,6.62,6.65,821382.0
2011-08-09,26135212.0,6.59,6.66,6.26,6.41,1005805.0
2011-08-08,27851122.0,6.47,6.75,6.45,6.68,1049222.0
2011-08-05,21475446.0,6.68,6.71,6.35,6.55,807391.0
2011-08-04,25027394.0,6.71,6.90,6.66,6.84,923922.0
2011-08-03,22642026.0,6.83,6.94,6.80,6.84,818972.0
2011-08-02,23347654.0,6.88,6.95,6.78,6.95,845346.0
2011-08-01,55997328.0,6.98,7.04,6.59,6.71,2019444.0
2011-07-29,37580880.0,6.71,6.87,6.66,6.81,1385154.0
2011-07-28,58284132.0,6.81,6.88,6.59,6.64,2124894.0
2011-07-27,52058400.0,6.73,6.80,6.46,6.49,1954642.0
2011-07-26,58319240.0,6.58,6.61,6.18,6.20,2241951.0
2011-07-25,25735558.0,6.22,6.30,6.18,6.23,1028708.0
2011-07-22,31155304.0,6.27,6.29,6.13,6.13,1241411.0
2011-07-21,33859416.0,6.17,6.24,6.09,6.09,1360993.0
2011-07-20,6138127.0,6.01,6.11,5.97,6.00,253471.0
2011-07-19,9370227.0,5.99,6.15,5.96,6.11,386963.0
2011-07-18,10450901.0,6.11,6.18,6.10,6.11,423075.0
2011-07-15,19101274.0,6.14,6.14,5.99,6.02,779042.0
2011-07-14,17272372.0,6.02,6.02,5.93,5.93,719168.0
2011-07-13,23373244.0,5.93,5.95,5.80,5.82,985726.0
2011-07-12,50611372.0,5.86,6.11,5.76,6.11,2147848.0
2011-07-11,7163797.0,6.16,6.20,6.11,6.19,289284.0
2011-07-08,8254774.0,6.19,6.31,6.16,6.26,330250.0
2011-07-07,19505602.0,6.27,6.38,6.11,6.14,775027.0
2011-07-06,8159635.0,6.14,6.16,6.04,6.04,333118.0
2011-07-05,4038786.0,6.06,6.08,6.02,6.07,166000.0
2011-07-04,5451379.0,6.07,6.08,5.93,5.93,224968.0
2011-07-01,3905015.0,5.93,6.00,5.86,5.92,163262.0
2011-06-30,4448326.0,5.92,5.96,5.85,5.87,187098.0
2011-06-29,6161224.0,5.89,6.09,5.89,6.09,256154.0
2011-06-28,3825363.0,5.97,6.01,5.90,6.00,159894.0
2011-06-27,4794192.0,5.99,6.13,5.98,6.03,196507.0
2011-06-24,6359825.0,6.03,6.09,5.96,5.96,261939.0
2011-06-23,5362578.0,5.99,5.99,5.85,5.86,224369.0
2011-06-22,3766689.0,5.88,5.92,5.84,5.92,159260.0
2011-06-21,7936875.0,5.92,5.94,5.79,5.84,334691.0
2011-06-20,8919060.0,5.84,5.85,5.60,5.60,383032.0
2011-06-17,1144116.0,5.63,5.70,5.61,5.61,50419.0
2011-06-16,1369512.0,5.64,5.67,5.62,5.67,60339.0
2011-06-15,1878536.0,5.68,5.80,5.67,5.71,81801.0
2011-06-14,2349978.0,5.73,5.76,5.69,5.71,101842.0
2011-06-13,1743148.0,5.69,5.70,5.60,5.62,76750.0
2011-06-10,2075368.0,5.67,5.69,5.57,5.60,91844.0
2011-06-09,1752161.0,5.63,5.79,5.62,5.75,76614.0
2011-06-08,2827611.0,5.77,5.80,5.68,5.69,122160.0
2011-06-07,3517391.0,5.74,5.75,5.64,5.72,153309.0
2011-06-03,3493303.0,5.67,5.69,5.55,5.57,153970.0
2011-06-02,2657280.0,5.56,5.65,5.52,5.57,118525.0
2011-06-01,1833031.0,5.66,5.67,5.60,5.60,80752.0
2011-05-31,2780679.0,5.60,5.62,5.49,5.55,124808.0
2011-05-30,4572684.0,5.50,5.63,5.49,5.54,203465.0
2011-05-27,4021546.0,5.61,5.83,5.57,5.78,177209.0
2011-05-26,2309159.0,5.80,5.84,5.79,5.82,98691.0
2011-05-25,2978143.0,5.81,5.93,5.81,5.87,126099.0
2011-05-24,5153042.0,5.94,5.97,5.80,5.97,217725.0
2011-05-23,4200020.0,5.99,6.18,5.99,6.14,172675.0
2011-05-20,1829150.0,6.14,6.19,6.14,6.14,73899.0
2011-05-19,3594575.0,6.16,6.21,6.14,6.19,144964.0
2011-05-18,2560066.0,6.21,6.22,6.17,6.20,102610.0
2011-05-17,3539427.0,6.21,6.22,6.13,6.16,142220.0
2011-05-16,4834648.0,6.22,6.24,6.13,6.17,193732.0
2011-05-13,5495313.0,6.16,6.16,6.06,6.09,224044.0
2011-05-11,3596071.0,6.14,6.20,6.13,6.17,145200.0
2011-05-10,2937219.0,6.17,6.17,6.14,6.14,118706.0
2011-05-09,4522754.0,6.16,6.20,6.13,6.13,182428.0
2011-05-06,8358062.0,6.13,6.23,6.08,6.23,338580.0
2011-05-05,6310026.0,6.23,6.26,6.21,6.24,251798.0
2011-05-04,8914183.0,6.26,6.51,6.23,6.46,348599.0
2011-05-03,6869834.0,6.50,6.52,6.43,6.52,263552.0
2011-04-29,14173323.0,6.56,6.58,6.49,6.51,538308.0
2011-04-28,14185315.0,6.53,6.61,6.44,6.53,541366.0
2011-04-27,8382220.0,6.50,6.50,6.41,6.41,323602.0
2011-04-26,10095351.0,6.41,6.53,6.41,6.51,388570.0
2011-04-25,9517187.0,6.52,6.64,6.52,6.64,360937.0
2011-04-22,9245767.0,6.62,6.68,6.61,6.67,346317.0
2011-04-21,15572000.0,6.70,6.75,6.61,6.68,578968.0
2011-04-20,13188396.0,6.69,6.69,6.59,6.60,491891.0
2011-04-19,18100552.0,6.60,6.66,6.59,6.66,680554.0
2011-04-18,17650774.0,6.67,6.75,6.66,6.75,656013.0
2011-04-15,24765658.0,6.73,6.79,6.64,6.68,916706.0
2011-04-14,39154248.0,6.70,6.82,6.68,6.78,1446571.0
2011-04-13,61965660.0,6.84,6.93,6.64,6.66,2275163.0
2011-04-12,123538960.0,6.77,7.18,6.66,6.75,4452011.0
