date,amount,close,high,low,open,volume
2015-11-27,328990272.0,8.33,9.19,8.31,9.10,37406652.0
2015-11-26,435282336.0,9.22,9.74,9.08,9.56,46121264.0
2015-11-25,466622592.0,9.50,9.70,8.86,8.86,50215892.0
2015-11-24,254213984.0,8.85,8.95,8.56,8.82,29035244.0
2015-11-23,545782976.0,8.97,9.45,8.65,8.70,60416704.0
2015-11-20,371087968.0,8.61,8.78,8.24,8.35,43419172.0
2015-11-19,159925216.0,8.34,8.38,8.02,8.09,19463878.0
2015-11-18,183119424.0,8.04,8.41,8.01,8.36,22335820.0
2015-11-17,281684224.0,8.35,8.89,8.32,8.70,32880316.0
2015-11-16,219614784.0,8.56,8.59,8.25,8.32,26169364.0
2015-11-13,430170080.0,8.53,8.90,8.26,8.32,49897616.0
2015-11-12,411587552.0,8.47,8.58,8.04,8.05,49334200.0
2015-11-11,297270432.0,8.12,8.28,8.02,8.05,36566592.0
2015-11-10,227112656.0,7.96,8.06,7.82,8.01,28505420.0
2015-11-09,330132800.0,8.09,8.27,7.68,7.74,41513588.0
2015-11-06,203950016.0,7.79,7.83,7.65,7.70,26216576.0
2015-11-05,232330352.0,7.68,7.85,7.59,7.74,30125700.0
2015-11-04,172672112.0,7.72,7.74,7.36,7.43,22859364.0
2015-11-03,98797936.0,7.33,7.57,7.26,7.35,13393412.0
2015-11-02,113082248.0,7.34,7.65,7.30,7.47,15129192.0
2015-10-30,128638120.0,7.66,7.82,7.53,7.80,16743774.0
2015-10-29,150273296.0,7.75,7.85,7.62,7.77,19414404.0
2015-10-28,228905056.0,7.72,8.10,7.65,7.82,28896824.0
2015-10-27,267334080.0,7.89,7.99,7.51,7.85,34261108.0
2015-10-26,407915712.0,8.06,8.24,7.80,7.80,50750696.0
2015-10-23,312249504.0,7.72,7.80,7.41,7.69,41160976.0
2015-10-22,266311456.0,7.65,7.70,7.13,7.34,35583156.0
2015-10-21,397212512.0,7.38,8.44,7.38,8.21,50579844.0
2015-10-20,371587552.0,8.20,8.20,7.95,8.10,45949440.0
2015-10-19,717684736.0,8.29,8.44,7.86,8.10,88207808.0
2015-10-16,486040128.0,7.85,7.85,7.14,7.18,64428232.0
2015-10-15,202550320.0,7.14,7.18,6.90,6.98,28656028.0
2015-10-14,210426672.0,6.99,7.20,6.87,6.90,29929276.0
2015-10-13,176536960.0,6.95,7.02,6.80,6.88,25498556.0
2015-10-12,215499328.0,6.91,6.96,6.63,6.63,31526904.0
2015-10-09,142488160.0,6.58,6.72,6.40,6.47,21747926.0
2015-10-08,131996416.0,6.45,6.51,6.30,6.41,20565390.0
2015-09-30,66574632.0,6.20,6.30,6.14,6.26,10723627.0
2015-09-29,88994376.0,6.20,6.35,6.16,6.35,14210568.0
2015-09-28,89555176.0,6.43,6.46,6.23,6.41,14065963.0
2015-09-25,154532752.0,6.41,6.85,6.29,6.84,23527760.0
2015-09-24,147452720.0,6.82,6.92,6.72,6.82,21563090.0
2015-09-23,226233056.0,6.78,6.98,6.74,6.92,33020028.0
2015-09-22,403539104.0,7.12,7.35,7.01,7.19,56069632.0
2015-09-21,417357472.0,7.20,7.35,6.57,6.83,59847296.0
2015-09-18,292489344.0,6.88,6.95,6.47,6.55,43536040.0
2015-09-17,377139264.0,6.60,7.17,6.40,6.64,56024312.0
2015-09-16,317268064.0,6.78,6.92,6.13,6.13,48753960.0
2015-09-15,262869952.0,6.32,6.65,6.32,6.60,41143792.0
2015-09-14,345609600.0,7.02,7.97,7.02,7.88,46462448.0
2015-09-11,417935392.0,7.80,8.17,7.57,7.75,53324176.0
2015-09-10,718454208.0,8.09,8.49,8.09,8.30,87156368.0
2015-09-09,1335541888.0,8.99,9.45,8.17,8.17,158624096.0
2015-09-08,5767616.0,9.08,9.08,9.08,9.08,635200.0
2015-09-07,6630139.0,10.09,10.09,10.09,10.09,657100.0
2015-09-02,2542428.0,11.21,11.21,11.21,11.21,226800.0
2015-04-30,680656384.0,12.44,13.82,12.33,12.94,26595504.0
2015-04-29,471590496.0,12.81,12.81,11.65,11.70,19155864.0
2015-04-28,445419360.0,11.65,11.73,10.87,11.44,19531402.0
2015-04-27,390177120.0,11.44,12.00,11.12,11.51,16958536.0
2015-04-24,335814272.0,11.51,12.01,11.39,11.92,14412934.0
2015-04-23,389965344.0,12.06,12.54,11.89,12.35,15929822.0
2015-04-22,541726144.0,12.64,12.82,11.46,11.46,22165672.0
2015-04-21,568452416.0,11.77,11.93,10.30,11.00,25716848.0
2015-04-20,490165216.0,10.85,11.32,10.39,10.39,22331808.0
2015-04-17,464613568.0,10.38,11.32,10.19,11.25,21647680.0
2015-04-16,295845408.0,10.32,10.32,9.53,9.53,14345366.0
2015-04-15,241844864.0,9.38,9.90,9.25,9.25,12553919.0
2015-04-14,173986240.0,9.45,9.62,9.10,9.62,9220844.0
2015-04-13,350417568.0,9.63,9.79,9.38,9.42,18128316.0
2015-04-10,267627104.0,9.42,9.51,8.79,8.96,14403964.0
2015-04-09,318441568.0,9.06,9.40,8.57,9.40,17596548.0
2015-04-08,465250560.0,9.52,9.76,9.08,9.66,24753252.0
2015-04-07,606839488.0,9.60,9.90,9.08,9.15,31389120.0
2015-04-03,480479456.0,8.99,8.99,8.05,8.18,27140264.0
2015-04-02,177470592.0,8.18,8.31,8.03,8.22,10813080.0
2015-04-01,202569920.0,8.18,8.29,7.97,7.97,12364701.0
2015-03-31,256023824.0,7.96,8.26,7.90,8.26,15846511.0
2015-03-30,321110880.0,8.26,8.49,8.05,8.08,19335538.0
2015-03-27,292939776.0,8.10,8.26,7.87,7.89,18077396.0
2015-03-26,218742464.0,7.86,7.87,7.54,7.65,14034187.0
2015-03-25,146250448.0,7.70,7.79,7.64,7.73,9432521.0
2015-03-24,233257136.0,7.73,7.86,7.53,7.82,15083820.0
2015-03-23,260955392.0,7.86,8.03,7.77,8.03,16574653.0
2015-03-20,192938784.0,8.01,8.25,7.81,8.00,11992784.0
2015-03-19,205609872.0,7.96,8.29,7.86,7.94,12733645.0
2015-03-18,222044544.0,8.06,8.20,7.62,7.69,13986920.0
2015-03-17,186043104.0,7.74,7.74,7.50,7.63,12132465.0
2015-03-16,170571888.0,7.63,7.67,7.46,7.67,11212891.0
2015-03-13,170606432.0,7.55,7.69,7.35,7.50,11310235.0
2015-03-12,157463936.0,7.50,7.84,7.47,7.73,10259981.0
2015-03-11,160517216.0,7.73,7.90,7.67,7.90,10293438.0
2015-03-10,268235312.0,7.94,8.14,7.72,7.97,16906444.0
2015-03-09,228183184.0,7.77,7.77,6.93,7.07,15179238.0
2015-03-06,160378512.0,7.06,7.28,6.97,7.06,11196384.0
2015-03-05,256358112.0,7.00,7.22,6.82,6.82,18151270.0
2015-03-04,153224624.0,6.77,6.85,6.65,6.71,11273804.0
2015-03-03,267722832.0,6.71,6.86,6.36,6.38,20042722.0
2015-03-02,78586568.0,6.42,6.43,6.33,6.36,6126181.0
2015-02-27,63952816.0,6.34,6.35,6.28,6.32,5044886.0
2015-02-26,59786420.0,6.36,6.45,6.30,6.30,4678047.0
2015-02-25,39061620.0,6.28,6.34,6.25,6.33,3084099.0
2015-02-17,54179672.0,6.33,6.37,6.22,6.27,4289960.0
2015-02-16,50650816.0,6.26,6.31,6.19,6.19,4036931.0
2015-02-13,65694312.0,6.20,6.22,6.09,6.12,5319024.0
2015-02-12,25860322.0,6.09,6.16,6.08,6.10,2105019.0
2015-02-11,30387316.0,6.10,6.11,6.02,6.06,2495257.0
2015-02-10,21418048.0,6.06,6.06,5.96,6.00,1771512.0
2015-02-09,29800844.0,5.98,6.05,5.93,5.96,2467064.0
2015-02-06,72068008.0,6.00,6.22,5.92,6.22,5932642.0
2015-02-05,66766692.0,6.22,6.36,6.21,6.30,5283086.0
2015-02-04,49956348.0,6.26,6.37,6.25,6.34,3948554.0
2015-02-03,86179384.0,6.31,6.38,6.23,6.31,6836853.0
2015-02-02,51361928.0,6.30,6.40,6.27,6.32,4036551.0
2015-01-30,65450440.0,6.42,6.55,6.37,6.53,5058422.0
2015-01-29,72695712.0,6.53,6.57,6.40,6.47,5544234.0
2015-01-28,82899672.0,6.52,6.58,6.48,6.52,6309014.0
2015-01-27,90852696.0,6.55,6.62,6.42,6.58,6932326.0
2015-01-26,124521488.0,6.58,6.66,6.27,6.41,9495348.0
2015-01-23,81788256.0,6.41,6.48,6.37,6.43,6350807.0
2015-01-22,111554488.0,6.42,6.51,6.28,6.31,8695274.0
2015-01-21,115025800.0,6.30,6.37,6.10,6.10,9151677.0
2015-01-20,40251624.0,6.09,6.10,5.94,5.94,3319109.0
2015-01-19,48960456.0,5.91,6.14,5.85,5.92,4063536.0
2015-01-16,24924668.0,6.00,6.01,5.92,5.93,2080365.0
2015-01-15,21479952.0,5.93,6.00,5.87,5.87,1802004.0
2015-01-14,23888980.0,5.92,6.00,5.87,5.91,2006264.0
2015-01-13,21062876.0,5.91,5.91,5.82,5.84,1784306.0
2015-01-12,34821788.0,5.84,6.01,5.84,5.97,2935423.0
2015-01-09,31569932.0,6.01,6.17,6.00,6.10,2573857.0
2015-01-08,32461418.0,6.10,6.15,6.08,6.15,2646664.0
2015-01-07,59563840.0,6.13,6.26,6.08,6.13,4812356.0
2015-01-06,47944148.0,6.14,6.14,6.00,6.09,3921694.0
2015-01-05,50220168.0,6.10,6.12,5.96,6.02,4130423.0
2014-12-31,30984774.0,6.02,6.04,5.89,5.91,2591262.0
2014-12-30,37696620.0,5.93,6.10,5.91,6.10,3132244.0
2014-12-29,59066376.0,6.07,6.22,5.96,6.08,4845504.0
2014-12-26,38153608.0,6.09,6.13,6.05,6.10,3121267.0
2014-12-25,30717044.0,6.12,6.19,6.01,6.07,2506317.0
2014-12-24,36927344.0,6.08,6.10,5.95,5.96,3043154.0
2014-12-23,51160964.0,5.88,6.15,5.87,6.07,4236748.0
2014-12-22,69777504.0,6.10,6.37,5.99,6.34,5625126.0
2014-12-19,43840152.0,6.28,6.34,6.17,6.30,3484993.0
2014-12-18,39449188.0,6.23,6.32,6.21,6.22,3134888.0
2014-12-17,68235520.0,6.22,6.41,6.18,6.41,5417154.0
2014-12-16,49466228.0,6.45,6.57,6.42,6.54,3806750.0
2014-12-15,83588232.0,6.56,6.60,6.41,6.46,6382919.0
2014-12-12,54090456.0,6.44,6.47,6.36,6.42,4202561.0
2014-12-11,54279280.0,6.39,6.43,6.30,6.36,4235144.0
2014-12-10,59793096.0,6.36,6.36,6.09,6.14,4748527.0
2014-12-09,85535744.0,6.14,6.32,6.14,6.32,6830971.0
2014-12-08,119743760.0,6.33,6.43,6.27,6.41,9405620.0
2014-12-05,129115840.0,6.43,6.78,6.25,6.77,9873178.0
2014-12-04,79343904.0,6.79,6.81,6.72,6.74,5837441.0
2014-12-03,125790824.0,6.74,6.85,6.62,6.80,9320789.0
2014-12-02,107491096.0,6.80,6.90,6.73,6.79,7858671.0
2014-12-01,151771504.0,6.79,7.17,6.77,7.08,10878893.0
2014-11-28,116193312.0,6.96,7.08,6.84,6.97,8328620.0
2014-11-27,125936520.0,6.92,7.09,6.83,6.98,9014075.0
2014-11-26,199437392.0,7.01,7.22,6.92,6.93,14054764.0
2014-11-25,107649328.0,6.87,6.96,6.78,6.86,7821769.0
2014-11-24,144358096.0,6.86,6.99,6.77,6.98,10461455.0
2014-11-21,129947912.0,6.92,6.99,6.82,6.88,9390725.0
2014-11-20,186296912.0,6.91,6.94,6.64,6.72,13544512.0
2014-11-19,131828712.0,6.71,6.84,6.65,6.69,9734701.0
2014-11-18,105223000.0,6.74,6.75,6.56,6.67,7848565.0
2014-11-17,130150536.0,6.67,6.70,6.41,6.41,9825307.0
2014-11-14,40583844.0,6.41,6.49,6.33,6.41,3158810.0
2014-11-13,75358688.0,6.46,6.60,6.36,6.55,5804823.0
2014-11-12,54213108.0,6.56,6.56,6.40,6.45,4151820.0
2014-11-11,96824456.0,6.45,6.63,6.30,6.62,7476811.0
2014-11-10,99835712.0,6.63,6.65,6.39,6.43,7640930.0
2014-11-07,114542416.0,6.43,6.71,6.37,6.61,8658076.0
2014-11-06,50765936.0,6.59,6.61,6.52,6.60,3849845.0
2014-11-05,67173248.0,6.56,6.68,6.52,6.68,5091197.0
2014-11-04,221062576.0,6.68,6.73,6.39,6.40,16581488.0
2014-11-03,53757892.0,6.35,6.42,6.26,6.26,4210232.0
2014-10-31,46213912.0,6.26,6.35,6.20,6.35,3677126.0
2014-10-30,58075300.0,6.32,6.41,6.30,6.35,4558412.0
2014-10-29,55051196.0,6.36,6.41,6.28,6.33,4310496.0
2014-10-28,48643292.0,6.32,6.33,6.17,6.18,3871306.0
2014-10-27,30186760.0,6.16,6.25,6.15,6.15,2425713.0
2014-10-24,27953810.0,6.17,6.26,6.12,6.20,2250737.0
2014-10-23,47920072.0,6.20,6.29,6.12,6.24,3860539.0
2014-10-22,42475576.0,6.25,6.44,6.24,6.42,3338563.0
2014-10-21,54689208.0,6.41,6.54,6.38,6.43,4216535.0
2014-10-20,44208692.0,6.42,6.43,6.32,6.38,3445192.0
2014-10-17,98006016.0,6.37,6.63,6.27,6.60,7612093.0
2014-10-16,102795168.0,6.60,6.79,6.57,6.74,7630153.0
2014-10-15,150983856.0,6.79,6.81,6.64,6.69,11134907.0
2014-10-14,129424960.0,6.64,6.82,6.60,6.70,9596370.0
2014-10-13,115596040.0,6.70,6.71,6.55,6.56,8665242.0
2014-10-10,92184968.0,6.62,6.65,6.52,6.57,6955359.0
2014-10-09,104264216.0,6.60,6.70,6.54,6.66,7852401.0
2014-10-08,167423184.0,6.67,6.70,6.55,6.63,12556210.0
2014-09-30,166508736.0,6.60,6.61,6.41,6.41,12672956.0
2014-09-29,94320640.0,6.41,6.45,6.38,6.43,7317330.0
2014-09-26,80907944.0,6.44,6.46,6.32,6.36,6304939.0
2014-09-25,110636880.0,6.41,6.51,6.37,6.48,8524637.0
2014-09-24,96862016.0,6.47,6.49,6.40,6.44,7487495.0
2014-09-23,76063880.0,6.43,6.44,6.34,6.34,5928379.0
2014-09-22,55492740.0,6.34,6.50,6.31,6.50,4333705.0
2014-09-19,54769892.0,6.50,6.55,6.44,6.49,4198929.0
2014-09-18,50519612.0,6.50,6.51,6.41,6.50,3889399.0
2014-09-17,65700788.0,6.50,6.55,6.38,6.51,5055022.0
2014-09-16,94220184.0,6.49,6.74,6.49,6.73,7080204.0
2014-09-15,101512032.0,6.73,6.81,6.67,6.81,7510989.0
2014-09-12,94659840.0,6.74,6.81,6.54,6.57,7075266.0
2014-09-11,76875848.0,6.57,6.68,6.54,6.63,5795686.0
2014-09-10,91113328.0,6.64,6.70,6.48,6.51,6862619.0
2014-09-09,52947340.0,6.50,6.56,6.47,6.53,4049546.0
2014-09-05,58941976.0,6.54,6.61,6.47,6.58,4498581.0
2014-09-04,59954956.0,6.60,6.61,6.53,6.58,4540801.0
2014-09-03,87004744.0,6.60,6.66,6.51,6.61,6581002.0
2014-09-02,68631448.0,6.59,6.61,6.45,6.45,5209404.0
2014-09-01,34055928.0,6.45,6.46,6.34,6.35,2645535.0
2014-08-29,20737480.0,6.35,6.39,6.29,6.32,1631421.0
2014-08-28,35707956.0,6.31,6.43,6.27,6.43,2803283.0
2014-08-27,38533584.0,6.40,6.42,6.33,6.36,3015374.0
2014-08-26,73715560.0,6.34,6.56,6.34,6.55,5723182.0
2014-08-25,139317024.0,6.55,6.82,6.54,6.67,10350076.0
2014-08-22,108183680.0,6.63,6.69,6.44,6.47,8216229.0
2014-08-21,59371968.0,6.43,6.51,6.36,6.45,4599937.0
2014-08-20,65617492.0,6.45,6.56,6.43,6.46,5026173.0
2014-08-19,63549148.0,6.42,6.55,6.37,6.53,4914589.0
2014-08-18,59849260.0,6.53,6.59,6.46,6.48,4578801.0
2014-08-15,65438012.0,6.51,6.53,6.42,6.53,5028161.0
2014-08-14,185894480.0,6.51,6.96,6.27,6.36,14202678.0
2014-08-13,166668720.0,6.40,6.55,6.32,6.36,12907607.0
2014-08-12,168970400.0,6.41,6.51,6.17,6.19,13141922.0
2014-08-11,49864516.0,6.20,6.38,6.13,6.14,4002463.0
2014-08-08,24508066.0,6.14,6.14,6.07,6.08,2000067.0
2014-08-07,35743468.0,6.13,6.17,6.06,6.15,2909247.0
2014-08-06,37834784.0,6.14,6.17,6.03,6.07,3082354.0
2014-08-05,35577844.0,6.09,6.14,6.03,6.09,2907139.0
2014-08-04,25097456.0,6.12,6.13,6.05,6.07,2048938.0
2014-08-01,30010830.0,6.09,6.15,6.00,6.10,2461290.0
2014-07-31,40423792.0,6.11,6.15,6.01,6.01,3296487.0
2014-07-30,24245596.0,6.02,6.07,6.00,6.06,2001900.0
2014-07-29,28991284.0,6.06,6.07,5.98,5.98,2391365.0
2014-07-28,29812556.0,5.99,6.02,5.93,5.93,2481221.0
2014-07-25,12823698.0,5.93,5.94,5.87,5.87,1079083.0
2014-07-24,20655216.0,5.86,5.90,5.80,5.88,1756746.0
2014-07-23,24567744.0,5.89,6.02,5.78,6.02,2077696.0
2014-07-22,23118220.0,5.96,5.99,5.89,5.92,1936560.0
2014-07-21,28030550.0,5.92,6.00,5.88,6.00,2354292.0
2014-07-18,32978190.0,5.99,6.26,5.99,6.08,2689829.0
2014-07-17,29907284.0,6.09,6.16,6.03,6.14,2454603.0
2014-07-16,73472720.0,6.14,6.22,6.03,6.03,5947894.0
2014-07-15,20670216.0,6.03,6.07,5.99,6.07,1706720.0
2014-07-14,37627860.0,6.06,6.07,5.98,6.01,3106536.0
2014-07-11,34533480.0,6.01,6.01,5.90,5.91,2876994.0
2014-07-10,29237270.0,5.95,6.16,5.88,5.92,2436061.0
2014-07-09,30212232.0,5.93,6.04,5.88,5.98,2521428.0
2014-07-08,41161036.0,5.98,6.06,5.83,5.89,3432321.0
2014-07-07,20010960.0,5.93,5.94,5.83,5.91,1695909.0
2014-07-04,38458672.0,5.93,6.00,5.91,5.93,3222195.0
2014-07-03,40574252.0,5.93,5.97,5.86,5.92,3409431.0
2014-07-02,29834670.0,5.88,5.91,5.83,5.90,2527956.0
2014-07-01,43278948.0,5.95,5.95,5.75,5.81,3676061.0
2014-06-30,32959372.0,5.82,5.96,5.73,5.74,2826123.0
2014-06-27,33031450.0,5.77,5.77,5.64,5.64,2875398.0
2014-06-26,25351390.0,5.64,5.67,5.60,5.62,2234735.0
2014-06-25,13828611.0,5.63,5.68,5.58,5.65,1227393.0
2014-06-24,14800801.0,5.65,5.66,5.60,5.61,1310572.0
2014-06-23,12848559.0,5.63,5.69,5.61,5.62,1133517.0
2014-06-20,11196957.0,5.64,5.65,5.56,5.61,992602.0
2014-06-19,29919458.0,5.66,5.74,5.50,5.68,2655109.0
2014-06-18,29656296.0,5.71,5.84,5.70,5.84,2562887.0
2014-06-17,63812492.0,5.84,5.90,5.74,5.82,5436152.0
2014-06-16,56158776.0,5.83,5.83,5.66,5.72,4847340.0
2014-06-13,26718304.0,5.72,5.76,5.65,5.67,2326996.0
2014-06-12,19900648.0,5.67,5.70,5.65,5.70,1743376.0
2014-06-11,35062368.0,5.70,5.83,5.64,5.75,3057219.0
2014-06-10,35983304.0,5.79,5.84,5.73,5.79,3089139.0
2014-06-09,41936532.0,5.80,5.80,5.69,5.72,3630972.0
2014-06-06,22639808.0,5.71,5.72,5.64,5.68,1982022.0
2014-06-05,25681852.0,5.66,5.67,5.54,5.55,2241452.0
2014-06-04,24833092.0,5.59,5.71,5.52,5.52,2176917.0
2014-06-03,15652003.0,5.56,5.56,5.48,5.54,1396640.0
2014-05-30,20749714.0,5.54,5.54,5.44,5.52,1856047.0
2014-05-29,49644376.0,5.51,5.69,5.50,5.61,4363059.0
2014-05-28,23827422.0,5.56,5.57,5.43,5.52,2122167.0
2014-05-27,15567643.0,5.53,5.56,5.49,5.54,1382729.0
2014-05-26,16284641.0,5.53,5.54,5.49,5.50,1450054.0
2014-05-23,14795528.0,5.50,5.51,5.42,5.49,1328655.0
2014-05-22,37643528.0,5.53,5.63,5.43,5.59,3330690.0
2014-05-21,17446132.0,5.50,5.55,5.48,5.55,1556439.0
2014-05-20,8755925.0,5.48,5.50,5.43,5.47,785520.0
2014-05-19,11034275.0,5.43,5.48,5.39,5.48,997824.0
2014-05-16,17945674.0,5.50,5.71,5.36,5.36,1600089.0
2014-05-15,11016822.0,5.42,5.53,5.42,5.50,988899.0
2014-05-14,9603804.0,5.53,5.62,5.52,5.62,851574.0
2014-05-13,13537978.0,5.58,5.62,5.52,5.55,1194364.0
2014-05-12,20390112.0,5.55,5.58,5.50,5.56,1807622.0
2014-05-09,10845633.0,5.48,5.52,5.41,5.52,977698.0
2014-05-08,12651894.0,5.50,5.57,5.45,5.48,1125305.0
2014-05-07,17032238.0,5.49,5.53,5.43,5.50,1529162.0
2014-05-06,14719944.0,5.54,5.57,5.50,5.54,1305380.0
2014-05-05,10236988.0,5.52,5.54,5.41,5.49,918218.0
2014-04-30,9419638.0,5.49,5.51,5.45,5.51,845345.0
2014-04-29,9954419.0,5.49,5.52,5.44,5.50,892797.0
2014-04-28,21227404.0,5.48,5.62,5.38,5.45,1900126.0
2014-04-25,19069434.0,5.52,5.68,5.48,5.68,1680115.0
2014-04-24,14337410.0,5.69,5.73,5.66,5.73,1239423.0
2014-04-23,19749404.0,5.76,5.76,5.64,5.68,1706457.0
2014-04-22,41328208.0,5.72,5.80,5.59,5.64,3554817.0
2014-04-21,25876228.0,5.63,5.71,5.56,5.60,2253087.0
2014-04-18,27173052.0,5.67,5.72,5.65,5.72,2349960.0
2014-04-17,44856660.0,5.76,5.83,5.62,5.69,3851268.0
2014-04-16,24481584.0,5.64,5.67,5.58,5.59,2134379.0
2014-04-15,15516384.0,5.58,5.58,5.53,5.56,1373009.0
2014-04-14,13541767.0,5.58,5.60,5.52,5.58,1197558.0
2014-04-11,27220462.0,5.60,5.67,5.50,5.65,2409175.0
2014-04-10,21778244.0,5.66,5.69,5.62,5.63,1891047.0
2014-04-09,21618340.0,5.65,5.68,5.61,5.63,1883981.0
2014-04-08,21315912.0,5.62,5.65,5.54,5.63,1871233.0
2014-04-04,20153500.0,5.64,5.68,5.58,5.66,1754209.0
2014-04-03,32326620.0,5.66,5.71,5.48,5.49,2832928.0
2014-04-02,13116082.0,5.49,5.55,5.47,5.49,1170270.0
2014-04-01,14200616.0,5.52,5.53,5.47,5.47,1268963.0
2014-03-31,16546048.0,5.47,5.54,5.40,5.40,1484796.0
2014-03-28,31730244.0,5.42,5.49,5.36,5.40,2878538.0
2014-03-27,46281328.0,5.41,5.57,5.40,5.57,4176646.0
2014-03-26,21702976.0,5.60,5.64,5.53,5.64,1913654.0
2014-03-25,35315116.0,5.66,5.73,5.40,5.70,3099688.0
2014-03-24,22217952.0,5.69,5.74,5.65,5.70,1916298.0
2014-03-21,30848674.0,5.70,5.79,5.51,5.55,2693459.0
2014-03-20,44159424.0,5.59,5.87,5.55,5.82,3800655.0
2014-03-19,33446168.0,5.84,5.88,5.76,5.79,2819317.0
2014-03-18,36313976.0,5.75,5.89,5.73,5.77,3070901.0
2014-03-17,22554292.0,5.75,5.75,5.63,5.69,1940093.0
2014-03-14,21599192.0,5.69,5.78,5.63,5.74,1861784.0
2014-03-13,21601828.0,5.78,5.79,5.70,5.71,1842336.0
2014-03-12,19991046.0,5.75,5.78,5.65,5.72,1718413.0
2014-03-11,34992624.0,5.72,5.81,5.63,5.73,3010483.0
2014-03-10,59074376.0,5.75,5.90,5.61,5.84,5067089.0
2014-03-07,31470384.0,5.82,5.95,5.80,5.94,2629844.0
2014-03-06,30202642.0,5.94,5.96,5.85,5.90,2509948.0
2014-03-05,41196364.0,5.86,5.99,5.84,5.98,3426442.0
2014-03-04,44408684.0,5.97,6.08,5.91,6.08,3659120.0
2014-03-03,38516768.0,6.11,6.13,5.94,6.02,3133684.0
2014-02-28,55677596.0,6.02,6.04,5.77,5.78,4593104.0
2014-02-27,66324344.0,5.78,6.01,5.77,5.93,5544520.0
2014-02-26,48898924.0,5.93,5.98,5.74,5.90,4083032.0
2014-02-25,67353928.0,5.91,6.13,5.85,6.05,5505113.0
2014-02-24,66250704.0,6.05,6.20,5.92,6.20,5374095.0
2014-02-21,37266048.0,6.18,6.34,6.10,6.10,2953960.0
2014-02-20,92176064.0,6.22,6.58,6.21,6.56,7089846.0
2014-02-19,83589144.0,6.41,6.41,6.18,6.25,6537508.0
2014-02-18,113281320.0,6.24,6.44,6.15,6.35,8830547.0
2014-02-17,98124616.0,6.26,6.36,6.07,6.07,7749962.0
2014-02-14,79774664.0,6.05,6.22,5.97,5.98,6437658.0
2014-02-13,148413872.0,5.97,6.22,5.88,5.90,12076084.0
2014-02-12,36886008.0,5.83,5.83,5.68,5.68,3132155.0
2014-02-11,44892700.0,5.71,5.80,5.65,5.72,3851024.0
2014-02-10,32417932.0,5.72,5.74,5.53,5.56,2808145.0
2014-02-07,16890392.0,5.55,5.55,5.36,5.36,1511374.0
2014-01-30,31000710.0,5.43,5.63,5.42,5.62,2769573.0
2014-01-29,18920970.0,5.62,5.64,5.56,5.62,1659036.0
2014-01-28,16058640.0,5.60,5.68,5.52,5.63,1411396.0
2014-01-27,22323922.0,5.59,5.64,5.53,5.60,1964980.0
2014-01-24,38215412.0,5.61,5.70,5.51,5.56,3332622.0
2014-01-23,37483076.0,5.56,5.63,5.43,5.46,3328158.0
2014-01-22,45277260.0,5.45,5.47,5.30,5.32,4113213.0
2014-01-21,39028192.0,5.30,5.44,5.28,5.38,3597847.0
2014-01-20,31454548.0,5.30,5.51,5.25,5.50,2878231.0
2014-01-17,19699498.0,5.50,5.61,5.40,5.60,1761088.0
2014-01-16,21851446.0,5.59,5.68,5.56,5.63,1913768.0
2014-01-15,24652396.0,5.67,5.76,5.59,5.60,2133677.0
2014-01-14,16185187.0,5.53,5.57,5.41,5.44,1446285.0
2014-01-13,32275440.0,5.44,5.65,5.35,5.58,2889932.0
2014-01-10,36251324.0,5.62,5.82,5.43,5.82,3183176.0
2014-01-09,20969332.0,5.84,6.08,5.84,6.08,1726393.0
2014-01-08,16438929.0,6.07,6.11,6.00,6.00,1334296.0
2014-01-07,17125886.0,6.02,6.09,5.91,5.97,1397763.0
2014-01-06,20314928.0,6.00,6.19,5.99,6.13,1639905.0
2014-01-03,27699328.0,6.14,6.28,6.09,6.25,2209068.0
2014-01-02,27472564.0,6.29,6.32,6.20,6.20,2147191.0
2013-12-31,18477874.0,6.24,6.31,6.14,6.22,1455820.0
2013-12-30,22518748.0,6.26,6.27,6.17,6.20,1779794.0
2013-12-27,28194426.0,6.19,6.22,6.10,6.13,2248835.0
2013-12-26,25852838.0,6.09,6.31,6.09,6.27,2059731.0
2013-12-25,28562150.0,6.28,6.32,6.12,6.12,2254490.0
2013-12-24,32376026.0,6.11,6.31,6.08,6.18,2574998.0
2013-12-23,38193832.0,6.14,6.36,6.07,6.36,3031296.0
2013-12-20,31920904.0,6.35,6.55,6.31,6.48,2458195.0
2013-12-19,35217568.0,6.53,6.63,6.48,6.53,2637342.0
2013-12-18,21162212.0,6.45,6.52,6.39,6.45,1613801.0
2013-12-17,39934180.0,6.46,6.68,6.44,6.60,2997428.0
2013-12-16,50482144.0,6.59,6.73,6.52,6.73,3756356.0
2013-12-13,90802152.0,6.58,6.85,6.57,6.58,6680924.0
2013-12-12,42858540.0,6.46,6.47,6.25,6.27,3315874.0
2013-12-11,35378912.0,6.28,6.48,6.23,6.44,2756177.0
2013-12-10,54298900.0,6.39,6.67,6.39,6.67,4104111.0
2013-12-09,56350188.0,6.54,6.58,6.39,6.40,4267355.0
2013-12-06,32119430.0,6.30,6.44,6.30,6.39,2471118.0
2013-12-05,31564828.0,6.41,6.47,6.37,6.44,2419671.0
2013-12-04,56688420.0,6.49,6.51,6.31,6.31,4316652.0
2013-12-03,37312436.0,6.35,6.41,6.10,6.16,2909684.0
2013-12-02,81120768.0,6.27,6.56,6.07,6.53,6303723.0
2013-11-29,105166312.0,6.68,6.77,6.52,6.77,7782128.0
2013-11-28,71123688.0,6.73,6.80,6.70,6.77,5180050.0
2013-11-27,103263184.0,6.73,6.81,6.63,6.81,7577965.0
2013-11-26,218312880.0,6.85,7.05,6.52,6.58,15630048.0
2013-11-25,171988352.0,6.64,6.88,6.58,6.59,12597168.0
2013-11-22,28580374.0,6.29,6.32,6.23,6.25,2235049.0
2013-11-21,47841528.0,6.27,6.41,6.22,6.41,3738120.0
2013-11-20,51348232.0,6.45,6.55,6.24,6.34,3931218.0
2013-11-19,33866684.0,6.34,6.38,6.22,6.29,2641726.0
2013-11-18,44981236.0,6.29,6.36,6.13,6.13,3522200.0
2013-11-15,30564456.0,6.15,6.23,6.05,6.05,2437850.0
2013-11-14,24032956.0,6.05,6.09,5.95,5.98,1956344.0
2013-11-13,26845854.0,6.02,6.15,5.98,6.11,2177761.0
2013-11-12,26473592.0,6.15,6.17,5.92,5.98,2150903.0
2013-11-11,21273002.0,5.98,6.09,5.90,5.94,1742267.0
2013-11-08,17436900.0,5.94,6.06,5.89,5.99,1438483.0
2013-11-07,35520808.0,6.03,6.22,5.99,6.20,2880864.0
2013-11-06,47654580.0,6.19,6.49,6.19,6.49,3701013.0
2013-11-05,39222016.0,6.49,6.50,6.24,6.30,3007910.0
2013-11-04,30136778.0,6.31,6.43,6.25,6.39,2336790.0
2013-11-01,37540588.0,6.29,6.43,6.23,6.37,2921747.0
2013-10-31,60829104.0,6.38,6.40,6.07,6.19,4784409.0
2013-10-30,55381276.0,6.19,6.25,5.99,6.02,4408586.0
2013-10-29,73081672.0,5.99,6.26,5.79,6.19,6023058.0
2013-10-28,40006456.0,6.25,6.53,6.20,6.41,3100604.0
2013-10-25,44225256.0,6.41,6.51,6.24,6.34,3411468.0
2013-10-24,42098144.0,6.40,6.51,6.27,6.49,3239669.0
2013-10-23,77118696.0,6.49,6.80,6.41,6.73,5761571.0
2013-10-22,113697680.0,6.76,6.97,6.59,6.72,8283185.0
2013-10-21,115497320.0,6.75,7.00,6.51,6.62,8415195.0
2013-10-18,70694288.0,6.62,6.73,6.44,6.68,5289757.0
2013-10-17,149487600.0,6.76,6.80,6.48,6.58,11021213.0
2013-10-16,128902568.0,6.58,6.71,6.50,6.65,9602934.0
2013-10-15,276124768.0,6.73,6.86,6.30,6.55,20377148.0
2013-10-14,168373568.0,6.44,6.44,5.85,5.85,13210254.0
2013-10-11,31421326.0,5.86,5.92,5.82,5.85,2634240.0
2013-10-10,40757228.0,5.85,5.96,5.79,5.95,3414608.0
2013-10-09,38892628.0,5.97,6.06,5.93,5.98,3195176.0
2013-10-08,60256204.0,6.00,6.02,5.82,5.82,4959885.0
2013-09-30,17921692.0,5.78,5.81,5.67,5.78,1528483.0
2013-09-27,25216734.0,5.70,5.79,5.69,5.78,2164677.0
2013-09-26,29029676.0,5.77,5.86,5.71,5.86,2470641.0
2013-09-25,31356922.0,5.86,5.92,5.84,5.92,2623179.0
2013-09-24,47896112.0,5.93,6.04,5.85,6.01,3974494.0
2013-09-23,58638312.0,6.01,6.11,5.95,6.00,4777057.0
2013-09-18,45813924.0,5.92,6.00,5.82,5.84,3803306.0
2013-09-17,23406220.0,5.80,5.91,5.77,5.83,1973662.0
2013-09-16,27326292.0,5.82,5.89,5.76,5.87,2311007.0
2013-09-13,37949500.0,5.87,6.07,5.85,6.04,3151100.0
2013-09-12,59444576.0,6.01,6.11,5.94,6.04,4865177.0
2013-09-11,106463192.0,6.02,6.16,5.81,5.88,8694378.0
2013-09-10,40906152.0,5.86,5.91,5.77,5.88,3450756.0
2013-09-09,74797720.0,5.89,5.96,5.79,5.81,6240186.0
2013-09-06,34332132.0,5.73,5.79,5.69,5.76,2942544.0
2013-09-05,64770696.0,5.77,5.96,5.70,5.91,5522677.0
2013-09-04,56982076.0,5.92,5.98,5.87,5.98,4731103.0
2013-09-03,107153408.0,5.98,6.02,5.76,5.78,8925178.0
2013-09-02,67071284.0,5.72,5.85,5.61,5.85,5766830.0
2013-08-30,171904064.0,5.86,6.00,5.40,5.47,14629412.0
2013-08-29,23117978.0,5.49,5.52,5.40,5.41,2082234.0
2013-08-28,44963416.0,5.42,5.53,5.39,5.52,4068841.0
2013-08-27,26696924.0,5.57,5.64,5.53,5.64,2358964.0
2013-08-26,40958836.0,5.61,5.63,5.40,5.47,3649307.0
2013-08-23,49685720.0,5.44,5.61,5.31,5.58,4492666.0
2013-08-22,25647434.0,5.55,5.68,5.53,5.67,2247478.0
2013-08-21,38997364.0,5.66,5.73,5.53,5.70,3403542.0
2013-08-20,30455986.0,5.69,5.72,5.60,5.64,2633514.0
2013-08-19,31950948.0,5.64,5.65,5.42,5.53,2817193.0
2013-08-16,49196128.0,5.56,5.80,5.55,5.77,4254774.0
2013-08-15,74189600.0,5.77,5.92,5.77,5.90,6227556.0
2013-08-14,88883520.0,6.01,6.09,5.84,5.85,7327955.0
2013-08-13,46192784.0,5.88,5.93,5.78,5.91,3880320.0
2013-08-12,75557192.0,5.90,6.01,5.85,5.85,6272957.0
2013-08-09,68933904.0,5.88,5.94,5.77,5.92,5775230.0
2013-08-08,120022536.0,5.92,5.98,5.63,5.66,10095270.0
2013-08-07,100218296.0,5.70,5.83,5.55,5.63,8667956.0
2013-08-06,87726656.0,5.64,5.72,5.50,5.66,7670511.0
2013-08-05,95173856.0,5.61,5.70,5.40,5.41,8411288.0
2013-08-02,60966524.0,5.44,5.60,5.39,5.47,5456035.0
2013-08-01,72264528.0,5.49,5.67,5.36,5.37,6434321.0
2013-07-31,44556592.0,5.30,5.53,5.27,5.33,4046471.0
2013-07-30,49262964.0,5.31,5.47,5.09,5.35,4581343.0
2013-07-29,56556212.0,5.32,5.44,5.10,5.40,5239204.0
2013-07-19,165839728.0,5.58,5.62,5.05,5.09,15135688.0
2013-07-18,51005564.0,5.11,5.15,5.04,5.11,4925827.0
2013-07-17,74053568.0,5.11,5.40,5.09,5.34,6965859.0
2013-07-16,70331776.0,5.37,5.48,5.26,5.28,6417195.0
2013-07-15,87439792.0,5.32,5.37,5.16,5.35,8131146.0
2013-07-12,74665312.0,5.49,5.68,5.43,5.64,6658251.0
2013-07-11,75870920.0,5.56,5.57,5.38,5.38,6781487.0
2013-07-10,30344034.0,5.31,5.33,5.12,5.16,2833968.0
2013-07-09,17386298.0,5.12,5.22,5.04,5.07,1665832.0
2013-07-08,47340168.0,5.13,5.43,4.97,5.11,4460053.0
2013-07-05,35139664.0,5.26,5.33,5.22,5.28,3278589.0
2013-07-04,42028128.0,5.26,5.43,5.09,5.09,3891867.0
2013-07-03,36734380.0,5.28,5.43,5.16,5.40,3414017.0
2013-07-02,52593096.0,5.45,5.47,5.27,5.44,4805534.0
2013-07-01,56616572.0,5.42,5.47,5.21,5.33,5171881.0
2013-06-28,79550904.0,5.37,5.43,4.86,4.99,7507697.0
2013-06-27,64900612.0,5.04,5.27,5.02,5.12,6181126.0
2013-06-26,39531384.0,4.99,5.00,4.79,4.92,3961910.0
2013-06-25,53659040.0,4.89,5.14,4.61,5.09,5420632.0
2013-06-24,33352888.0,5.05,5.39,4.96,5.39,3157664.0
2013-06-21,47341368.0,5.44,5.47,5.19,5.36,4386894.0
2013-06-20,27552010.0,5.44,5.60,5.40,5.50,2470039.0
2013-06-19,27183766.0,5.53,5.61,5.47,5.61,2412162.0
2013-06-18,35634520.0,5.66,5.68,5.48,5.51,3131093.0
2013-06-17,44354376.0,5.51,5.68,5.45,5.65,3934767.0
2013-06-14,30575890.0,5.67,5.74,5.63,5.69,2644514.0
2013-06-13,24604492.0,5.62,5.82,5.52,5.82,2147621.0
2013-06-07,39906292.0,5.86,5.92,5.64,5.79,3388366.0
2013-06-06,58546676.0,5.80,6.07,5.76,6.03,4878264.0
2013-06-05,67414272.0,6.05,6.20,5.94,6.20,5482091.0
2013-06-04,45634828.0,6.20,6.23,6.09,6.18,3643220.0
2013-06-03,90162544.0,6.15,6.39,6.14,6.34,7110999.0
2013-05-31,118679808.0,6.39,6.71,6.37,6.67,8905403.0
2013-05-30,65422480.0,6.47,6.53,6.36,6.46,4981555.0
2013-05-29,114879672.0,6.48,6.56,6.28,6.33,8746285.0
2013-05-28,55224316.0,6.27,6.35,6.21,6.34,4325984.0
2013-05-27,82718184.0,6.33,6.36,6.10,6.19,6489642.0
2013-05-24,52331348.0,6.16,6.18,6.02,6.09,2785612.0
2013-05-23,76619552.0,6.03,6.17,5.96,6.16,4122230.0
2013-05-22,124100592.0,6.14,6.50,6.13,6.37,6402757.0
2013-05-21,91768560.0,6.35,6.35,6.21,6.26,4770925.0
2013-05-20,113623080.0,6.29,6.40,6.23,6.29,5858163.0
2013-05-17,81578000.0,6.16,6.18,5.99,5.99,4344324.0
2013-05-16,46062632.0,6.00,6.09,5.93,6.03,2492328.0
2013-05-15,38244796.0,6.03,6.09,5.87,6.00,2077248.0
2013-05-14,86631000.0,6.11,6.11,5.98,6.00,4668266.0
2013-05-13,48578492.0,5.92,5.96,5.86,5.86,2680992.0
2013-05-10,75466912.0,5.86,6.05,5.85,6.01,4167241.0
2013-05-09,104082784.0,6.06,6.24,5.92,6.24,5647007.0
2013-05-08,53527264.0,6.24,6.31,6.09,6.11,2802431.0
2013-05-07,61376364.0,6.12,6.35,6.12,6.33,3216432.0
2013-05-06,83982408.0,6.33,6.38,6.19,6.26,4354116.0
2013-05-03,87732424.0,6.27,6.37,6.22,6.29,4537393.0
2013-05-02,71819040.0,6.29,6.32,6.02,6.07,3765439.0
2013-04-26,34399420.0,6.08,6.12,5.98,6.08,1856405.0
2013-04-25,46452568.0,6.08,6.19,5.98,6.16,2487377.0
2013-04-24,69849552.0,6.13,6.21,5.91,5.91,3745231.0
2013-04-23,60472612.0,5.91,6.19,5.90,6.19,3284174.0
2013-04-22,102612440.0,6.19,6.27,6.07,6.11,5417641.0
2013-04-19,71308424.0,6.13,6.15,5.97,5.99,3811759.0
2013-04-18,68088400.0,6.02,6.05,5.84,5.88,3716787.0
2013-04-17,44236860.0,5.90,5.92,5.72,5.73,2458421.0
2013-04-16,46837780.0,5.74,5.80,5.64,5.74,2672480.0
2013-04-15,17501344.0,5.80,5.82,5.74,5.80,987052.0
2013-04-12,21196498.0,5.83,5.97,5.78,5.95,1172854.0
2013-04-11,26056992.0,5.92,6.01,5.91,5.91,1424263.0
2013-04-10,41384676.0,5.92,6.03,5.86,5.95,2275407.0
2013-04-09,73631544.0,6.05,6.05,5.90,5.91,3997706.0
2013-04-08,27873744.0,5.87,5.90,5.69,5.72,1569534.0
2013-04-03,24841226.0,5.84,5.84,5.68,5.72,1404564.0
2013-04-02,28062596.0,5.73,5.84,5.67,5.73,1594422.0
2013-04-01,20992132.0,5.73,5.74,5.63,5.73,1199328.0
2013-03-29,17077930.0,5.64,5.75,5.61,5.62,980781.0
2013-03-28,26622830.0,5.64,5.84,5.63,5.84,1525193.0
2013-03-27,25526770.0,5.86,5.91,5.77,5.84,1424619.0
2013-03-26,39803936.0,5.83,5.93,5.75,5.88,2232497.0
2013-03-25,32447566.0,5.94,6.03,5.90,6.03,1780902.0
2013-03-22,40312464.0,6.02,6.04,5.90,5.96,2204204.0
2013-03-21,80197824.0,6.00,6.08,5.84,5.85,4362519.0
2013-03-20,56141264.0,5.85,5.86,5.74,5.78,3144807.0
2013-03-19,23075308.0,5.76,5.81,5.70,5.72,1306383.0
2013-03-18,32107372.0,5.72,5.89,5.67,5.77,1820603.0
2013-03-15,43301688.0,5.88,6.03,5.77,5.83,2390884.0
2013-03-14,44305296.0,5.90,5.99,5.77,5.99,2473784.0
2013-03-13,55408976.0,5.98,6.05,5.90,5.96,3023259.0
2013-03-12,75428936.0,5.92,5.97,5.77,5.90,4163389.0
2013-03-11,52056516.0,5.85,6.05,5.83,6.01,2873905.0
2013-03-08,85091528.0,6.01,6.47,6.01,6.33,4519928.0
2013-03-07,63468044.0,6.34,6.50,6.29,6.41,3235009.0
2013-03-06,52942160.0,6.39,6.46,6.33,6.39,2700867.0
2013-03-05,53392028.0,6.40,6.44,6.14,6.27,2766928.0
2013-03-04,110333760.0,6.28,6.53,6.16,6.32,5701542.0
2013-03-01,161006464.0,6.35,6.39,6.01,6.01,8355383.0
2013-02-28,70235872.0,6.01,6.06,5.83,6.00,3841630.0
2013-02-27,101728240.0,5.98,6.19,5.93,6.16,5445572.0
2013-02-26,95560672.0,6.12,6.22,6.00,6.13,5087902.0
2013-02-25,105166208.0,6.13,6.22,6.00,6.03,5604450.0
2013-02-22,102600584.0,6.00,6.19,5.97,6.05,5512186.0
2013-02-21,101745616.0,6.06,6.09,5.85,5.96,5580378.0
2013-02-20,175715360.0,6.00,6.04,5.74,5.74,9694335.0
2013-02-19,55411304.0,5.72,5.76,5.67,5.73,3167679.0
2013-02-18,116884976.0,5.77,5.83,5.57,5.59,6653657.0
2013-02-08,55910280.0,5.58,5.62,5.44,5.45,3283723.0
2013-02-07,34768416.0,5.44,5.57,5.42,5.49,2073495.0
2013-02-06,49564908.0,5.53,5.67,5.53,5.61,2885422.0
2013-02-05,60277716.0,5.62,5.63,5.41,5.51,3546171.0
2013-02-04,45258448.0,5.51,5.53,5.39,5.46,2702315.0
2013-02-01,22103916.0,5.46,5.49,5.40,5.46,1321058.0
2013-01-31,21702936.0,5.49,5.55,5.44,5.55,1292313.0
2013-01-30,38631156.0,5.55,5.62,5.47,5.59,2272021.0
2013-01-29,43638020.0,5.60,5.66,5.48,5.49,2542220.0
2013-01-28,30902820.0,5.49,5.49,5.35,5.46,1857443.0
2013-01-25,22414374.0,5.33,5.43,5.32,5.32,1361100.0
2013-01-24,42691100.0,5.34,5.67,5.29,5.66,2542012.0
2013-01-23,38804548.0,5.61,5.62,5.47,5.47,2276151.0
2013-01-22,49736956.0,5.53,5.74,5.52,5.74,2888231.0
2013-01-21,67006076.0,5.74,5.75,5.56,5.64,3863553.0
2013-01-18,45690772.0,5.61,5.64,5.47,5.54,2675382.0
2013-01-17,38117424.0,5.52,5.65,5.50,5.64,2230379.0
2013-01-16,58773920.0,5.69,5.76,5.61,5.74,3371635.0
2013-01-15,69612728.0,5.70,5.71,5.61,5.65,4003431.0
2013-01-14,52644432.0,5.65,5.69,5.45,5.46,3067964.0
2013-01-11,52397492.0,5.48,5.67,5.45,5.57,3057368.0
2013-01-10,45098104.0,5.60,5.65,5.55,5.65,2631286.0
2013-01-09,70834208.0,5.61,5.86,5.57,5.82,4037828.0
2013-01-08,57078192.0,5.67,5.77,5.58,5.64,3287783.0
2013-01-07,81992080.0,5.69,5.72,5.51,5.68,4754347.0
2013-01-04,81308256.0,5.77,5.85,5.44,5.57,4675065.0
2012-12-31,52625344.0,5.54,5.63,5.49,5.58,3091530.0
2012-12-28,88316128.0,5.60,5.62,5.25,5.25,5239882.0
2012-12-27,40033896.0,5.28,5.44,5.28,5.41,2441334.0
2012-12-26,36864980.0,5.41,5.50,5.37,5.37,2216308.0
2012-12-25,69019496.0,5.40,5.50,5.22,5.27,4171689.0
2012-12-24,46731056.0,5.28,5.29,5.11,5.11,2921786.0
2012-12-21,35469148.0,5.15,5.25,5.10,5.19,2238263.0
2012-12-20,31845976.0,5.16,5.20,5.08,5.08,2013720.0
2012-12-19,26338804.0,5.11,5.17,5.10,5.11,1673251.0
2012-12-18,37416844.0,5.13,5.25,5.11,5.18,2360071.0
2012-12-17,62044424.0,5.23,5.29,5.04,5.10,3921411.0
2012-12-14,73743296.0,5.09,5.20,4.75,4.77,4786728.0
2012-12-13,25681894.0,4.80,5.02,4.80,5.02,1704773.0
2012-12-12,36428992.0,5.01,5.17,4.97,5.07,2349897.0
2012-12-11,27801028.0,5.01,5.05,4.95,5.03,1813526.0
2012-12-10,45542296.0,5.06,5.10,4.96,5.02,2941231.0
2012-12-07,47593956.0,5.03,5.06,4.92,4.95,3098107.0
2012-12-06,32665004.0,4.95,5.05,4.90,5.01,2148884.0
2012-12-05,58568644.0,5.01,5.07,4.79,4.80,3828952.0
2012-12-04,38099104.0,4.87,4.89,4.45,4.66,2656988.0
2012-12-03,36591560.0,4.66,4.78,4.63,4.67,2528205.0
2012-11-30,27227120.0,4.67,4.69,4.53,4.59,1909777.0
2012-11-29,25777602.0,4.59,4.69,4.53,4.66,1824349.0
2012-11-28,41902080.0,4.63,4.68,4.49,4.63,2970119.0
2012-11-27,43364228.0,4.66,4.82,4.59,4.79,3001779.0
2012-11-26,45593416.0,4.81,5.00,4.80,4.99,3059613.0
2012-11-23,30417522.0,4.97,5.03,4.93,4.96,1987386.0
2012-11-22,25313280.0,4.98,4.99,4.91,4.99,1666266.0
2012-11-21,37850352.0,5.03,5.03,4.82,4.98,2500018.0
2012-11-20,25855990.0,4.98,5.12,4.97,5.08,1665782.0
2012-11-19,24902952.0,5.05,5.05,4.89,4.95,1628983.0
2012-11-16,53243436.0,4.95,5.07,4.88,5.02,3517847.0
2012-11-15,48434752.0,5.07,5.25,4.97,5.16,3096365.0
2012-11-14,66368568.0,5.20,5.40,5.16,5.36,4130493.0
2012-11-13,58653148.0,5.39,5.52,5.31,5.47,3548845.0
2012-11-12,72400896.0,5.47,5.48,5.28,5.30,4350398.0
2012-11-09,41212468.0,5.30,5.44,5.30,5.32,2501315.0
2012-11-08,52827916.0,5.37,5.40,5.18,5.21,3227135.0
2012-11-07,50388384.0,5.33,5.46,5.32,5.40,3054127.0
2012-11-06,50797044.0,5.32,5.34,5.19,5.34,3148795.0
2012-11-05,47573676.0,5.34,5.42,5.26,5.29,2893095.0
2012-11-02,132715088.0,5.34,5.65,5.31,5.64,7982806.0
2012-11-01,101416832.0,5.63,5.74,5.57,5.67,5853259.0
2012-10-31,75574432.0,5.65,5.69,5.51,5.56,4373041.0
2012-10-30,59589564.0,5.56,5.66,5.47,5.48,3494567.0
2012-10-29,40589936.0,5.49,5.56,5.40,5.41,2407345.0
2012-10-26,55647276.0,5.44,5.51,5.35,5.47,3348051.0
2012-10-25,67292440.0,5.52,5.73,5.49,5.65,3910351.0
2012-10-24,74659800.0,5.66,5.78,5.52,5.64,4332739.0
2012-10-23,84391192.0,5.71,5.84,5.66,5.81,4790542.0
2012-10-22,118863832.0,5.87,5.96,5.64,5.67,6673437.0
2012-10-19,169028512.0,5.76,5.79,5.43,5.44,9791957.0
2012-10-18,95305528.0,5.52,5.54,5.21,5.21,5754322.0
2012-10-17,95519848.0,5.30,5.62,5.26,5.62,5763991.0
2012-10-16,78873960.0,5.47,5.47,5.10,5.19,4807216.0
2012-10-15,25782812.0,5.22,5.32,5.17,5.30,1607135.0
2012-10-12,31717886.0,5.24,5.27,5.12,5.18,1982462.0
2012-10-11,56514448.0,5.17,5.36,5.15,5.36,3514181.0
2012-10-10,52455248.0,5.38,5.47,5.30,5.40,3175040.0
2012-10-09,52436048.0,5.36,5.46,5.25,5.28,3185042.0
2012-10-08,38514348.0,5.28,5.29,5.12,5.12,2395732.0
2012-09-28,67579384.0,5.19,5.32,4.99,4.99,4251453.0
2012-09-27,46639608.0,5.04,5.11,4.76,4.76,3078751.0
2012-09-26,37020384.0,4.83,5.12,4.82,5.01,2436530.0
2012-09-25,33332682.0,5.03,5.28,5.02,5.18,2120762.0
2012-09-24,37720588.0,5.21,5.26,5.06,5.08,2370086.0
2012-09-21,53996664.0,5.16,5.37,5.01,5.13,3379355.0
2012-09-20,64717636.0,5.21,5.47,5.21,5.43,3960981.0
2012-09-19,99175424.0,5.50,5.67,5.28,5.28,5878638.0
2012-09-18,103856392.0,5.32,5.56,5.27,5.44,6212628.0
2012-09-17,119019776.0,5.54,5.63,5.12,5.38,7245342.0
2012-09-14,137037888.0,5.40,5.52,5.19,5.36,8307532.0
2012-09-13,245379744.0,5.36,5.66,5.20,5.27,14678128.0
2012-09-12,133232808.0,5.26,5.29,4.99,5.05,8402539.0
2012-09-11,76686192.0,5.08,5.28,5.02,5.21,4874129.0
2012-09-10,71569200.0,5.06,5.13,4.95,4.98,4620983.0
2012-09-07,75187264.0,4.95,5.05,4.78,4.78,4981119.0
2012-09-06,29103702.0,4.74,4.77,4.66,4.67,2003498.0
2012-09-05,25122538.0,4.67,4.72,4.62,4.70,1753198.0
2012-09-04,28661150.0,4.71,4.79,4.68,4.76,1979289.0
2012-09-03,22825050.0,4.73,4.75,4.59,4.59,1579363.0
2012-08-31,25650154.0,4.65,4.69,4.51,4.58,1798772.0
2012-08-30,50556116.0,4.58,4.77,4.47,4.73,3568309.0
2012-08-29,46439836.0,4.80,4.82,4.66,4.69,3177847.0
2012-08-28,48893696.0,4.68,4.78,4.63,4.72,3389931.0
2012-08-27,69495264.0,4.70,4.86,4.56,4.86,4835376.0
2012-08-24,101436528.0,4.97,5.34,4.97,5.20,6396865.0
2012-08-23,62343000.0,5.15,5.16,4.99,5.05,3992914.0
2012-08-22,54796152.0,5.05,5.12,4.99,5.05,3536053.0
2012-08-21,71259664.0,5.05,5.05,4.80,4.82,4667375.0
2012-08-20,34715272.0,4.84,4.91,4.74,4.91,2356074.0
2012-08-17,49360516.0,4.92,5.07,4.82,4.97,3246225.0
2012-08-16,33319222.0,4.83,4.92,4.73,4.74,2242229.0
2012-08-15,40211228.0,4.79,4.96,4.78,4.92,2693561.0
2012-08-14,53168888.0,4.97,5.01,4.76,4.84,3532950.0
2012-08-13,59964868.0,4.86,5.07,4.84,4.99,3940014.0
2012-08-10,72970392.0,5.09,5.23,5.06,5.12,4634960.0
2012-08-09,85422992.0,5.14,5.20,4.97,5.01,5451448.0
2012-08-08,111520648.0,5.12,5.21,4.95,5.18,7141491.0
2012-08-07,162937056.0,5.19,5.27,4.98,4.98,10283063.0
2012-08-06,80621792.0,5.01,5.05,4.81,4.86,5311719.0
2012-08-03,85846072.0,4.90,4.95,4.79,4.82,5757893.0
2012-08-02,102228440.0,4.89,4.95,4.63,4.66,6946561.0
2012-08-01,49327796.0,4.64,4.72,4.46,4.49,3472170.0
2012-07-31,34912716.0,4.48,4.56,4.42,4.45,2527286.0
2012-07-30,39441900.0,4.46,4.60,4.41,4.58,2852455.0
2012-07-27,70670160.0,4.59,4.83,4.50,4.76,4960229.0
2012-07-26,107347072.0,4.80,5.12,4.79,5.08,7076796.0
2012-07-25,166716496.0,5.13,5.34,4.89,4.99,10549832.0
2012-07-24,91775392.0,5.01,5.06,4.87,4.97,6013917.0
2012-07-23,176216000.0,5.09,5.27,4.79,4.84,11400022.0
2012-07-20,114457984.0,4.80,4.99,4.54,4.61,7814559.0
2012-07-19,78294384.0,4.62,4.74,4.61,4.64,5455320.0
2012-07-18,94494208.0,4.69,4.73,4.39,4.46,6677382.0
2012-07-17,54806656.0,4.49,4.56,4.25,4.30,4028001.0
2012-07-16,63540324.0,4.33,4.57,4.22,4.55,4741788.0
2012-07-13,59106100.0,4.58,4.76,4.57,4.70,4135958.0
2012-07-12,76860264.0,4.74,4.78,4.50,4.58,5381484.0
2012-07-11,58734092.0,4.67,4.73,4.58,4.62,4103026.0
2012-07-10,60555700.0,4.60,4.66,4.51,4.56,4314980.0
2012-07-09,110197744.0,4.65,5.06,4.65,4.95,7385282.0
2012-07-06,89391728.0,4.95,5.01,4.84,4.89,5909535.0
2012-07-05,110072344.0,4.84,5.06,4.84,5.06,7281553.0
2012-07-04,144182032.0,5.15,5.36,5.12,5.28,9052677.0
2012-07-03,276247968.0,5.40,5.57,5.22,5.33,16658900.0
2012-07-02,158318464.0,5.25,5.26,5.11,5.17,9928857.0
2012-06-29,154629104.0,5.19,5.25,5.05,5.21,9791400.0
2012-06-28,270559296.0,5.23,5.51,5.18,5.50,16551996.0
2012-06-27,375181248.0,5.55,5.69,4.94,5.00,23270768.0
2012-06-26,418314656.0,5.17,5.36,5.00,5.00,26584296.0
2012-06-25,222274448.0,4.88,4.88,4.46,4.49,14955339.0
2012-06-21,35606252.0,4.43,4.52,4.36,4.50,2625169.0
2012-06-20,37283356.0,4.56,4.64,4.50,4.61,2669526.0
2012-06-19,47514644.0,4.63,4.72,4.63,4.66,3318625.0
2012-06-18,60343628.0,4.68,4.69,4.55,4.56,4237300.0
2012-06-15,57017400.0,4.57,4.64,4.43,4.60,4099848.0
2012-06-14,84945016.0,4.63,4.72,4.51,4.59,5946643.0
2012-06-13,104053584.0,4.62,4.72,4.49,4.61,7352381.0
2012-06-12,118907216.0,4.62,4.66,4.14,4.24,8610943.0
2012-06-11,29179642.0,4.24,4.27,4.11,4.16,1187853.0
2012-06-08,12051599.0,4.12,4.13,4.08,4.10,501258.0
2012-06-07,18597504.0,4.08,4.16,4.05,4.11,773643.0
2012-06-06,16162699.0,4.07,4.15,4.05,4.13,672844.0
2012-06-05,18280446.0,4.07,4.09,4.03,4.03,769260.0
2012-06-04,23259418.0,4.04,4.16,4.03,4.14,968135.0
2012-06-01,20093636.0,4.22,4.25,4.18,4.25,815412.0
2012-05-31,23407928.0,4.21,4.24,4.16,4.20,953678.0
2012-05-30,31772344.0,4.26,4.31,4.22,4.29,1275689.0
2012-05-29,25201482.0,4.32,4.36,4.28,4.29,997708.0
2012-05-28,35045652.0,4.32,4.36,4.02,4.10,1419787.0
2012-05-25,10494386.0,4.10,4.23,4.09,4.19,432856.0
2012-05-24,16014169.0,4.16,4.26,4.15,4.26,649290.0
2012-05-23,14009798.0,4.25,4.26,4.20,4.22,565746.0
2012-05-22,11556591.0,4.24,4.24,4.19,4.19,468260.0
2012-05-21,12032774.0,4.17,4.23,4.09,4.17,495898.0
2012-05-18,16176951.0,4.17,4.28,4.11,4.24,656019.0
2012-05-17,24005098.0,4.30,4.31,4.20,4.27,961418.0
2012-05-15,32489348.0,4.35,4.35,4.23,4.32,1299551.0
2012-05-14,24189964.0,4.38,4.44,4.35,4.42,940041.0
2012-05-11,15141185.0,4.36,4.42,4.34,4.36,592091.0
2012-05-10,18495386.0,4.37,4.40,4.32,4.35,724935.0
2012-05-09,34605048.0,4.35,4.47,4.35,4.47,1344719.0
2012-05-08,35064844.0,4.51,4.59,4.50,4.55,1324790.0
2012-05-07,35425572.0,4.55,4.55,4.44,4.44,1348923.0
2012-05-04,40586212.0,4.50,4.61,4.45,4.56,1538595.0
2012-05-03,46170836.0,4.54,4.55,4.43,4.53,1758096.0
2012-05-02,71363728.0,4.54,4.67,4.35,4.38,2706862.0
2012-04-27,31797810.0,4.34,4.43,4.29,4.38,1246824.0
2012-04-26,49051796.0,4.33,4.48,4.27,4.48,1940572.0
2012-04-25,52879692.0,4.46,4.51,4.28,4.34,2030514.0
2012-04-24,40012064.0,4.34,4.43,4.22,4.27,1589062.0
2012-04-23,72582992.0,4.39,4.59,4.35,4.44,2771672.0
2012-04-19,118121768.0,4.44,4.59,4.27,4.28,4522957.0
2012-04-18,25408328.0,4.17,4.17,4.04,4.08,1052270.0
2012-04-17,27298730.0,4.05,4.20,4.03,4.16,1137476.0
2012-04-16,33499982.0,4.18,4.32,4.17,4.20,1355289.0
2012-04-13,52083360.0,4.26,4.40,4.22,4.26,2075327.0
2012-04-12,34280536.0,4.18,4.18,4.05,4.06,1419651.0
2012-04-11,41933992.0,4.04,4.15,3.93,3.96,1765305.0
2012-04-10,40558304.0,4.05,4.08,3.82,4.05,1756003.0
2012-04-09,21194932.0,4.11,4.20,4.11,4.14,873776.0
2012-04-06,35952372.0,4.18,4.20,4.11,4.17,1480516.0
2012-04-05,42445256.0,4.17,4.20,4.05,4.13,1751125.0
2012-03-30,75408896.0,4.10,4.52,4.10,4.52,3068699.0
2012-03-29,36403564.0,4.56,4.58,4.25,4.44,1394684.0
2012-03-28,42263056.0,4.47,4.84,4.44,4.83,1577530.0
2012-03-27,45684240.0,4.82,4.91,4.74,4.76,1616799.0
2012-03-26,40430044.0,4.76,4.83,4.67,4.67,1447178.0
2012-03-23,25324418.0,4.72,4.81,4.61,4.73,917933.0
2012-03-22,53269684.0,4.75,4.82,4.52,4.60,1923625.0
2012-03-21,30697644.0,4.67,4.80,4.51,4.73,1122473.0
2012-03-20,31945248.0,4.71,4.75,4.65,4.70,1165735.0
2012-03-19,46330572.0,4.76,4.89,4.74,4.75,1645993.0
2012-03-16,28096856.0,4.68,4.69,4.48,4.53,1045544.0
2012-03-15,33834000.0,4.47,4.56,4.39,4.49,1291334.0
2012-03-14,59391356.0,4.49,4.78,4.45,4.70,2190217.0
2012-03-13,36345796.0,4.71,4.73,4.66,4.73,1324763.0
2012-03-12,72022816.0,4.71,4.71,4.52,4.53,2643391.0
2012-03-09,37763380.0,4.51,4.53,4.39,4.52,1442913.0
2012-03-08,35526156.0,4.46,4.54,4.39,4.39,1356415.0
2012-03-07,45691560.0,4.42,4.54,4.32,4.37,1748624.0
2012-03-06,47954172.0,4.42,4.42,4.23,4.36,1900924.0
2012-03-05,44409116.0,4.38,4.58,4.37,4.51,1712700.0
2012-03-02,34709888.0,4.49,4.52,4.39,4.39,1330775.0
2012-03-01,17508356.0,4.35,4.41,4.33,4.33,683104.0
2012-02-29,43469264.0,4.36,4.46,4.27,4.46,1704005.0
2012-02-28,75915808.0,4.49,4.59,4.42,4.50,2880399.0
2012-02-27,55356604.0,4.48,4.54,4.41,4.49,2115605.0
2012-02-24,59771232.0,4.48,4.49,4.36,4.44,2296034.0
2012-02-23,70133192.0,4.43,4.44,4.20,4.20,2758536.0
2012-02-22,37530316.0,4.20,4.27,4.14,4.17,1518104.0
2012-02-21,43723884.0,4.16,4.22,4.03,4.07,1812517.0
2012-02-20,78793248.0,4.07,4.20,3.93,3.97,3291417.0
2012-02-17,21510342.0,3.90,3.95,3.86,3.93,942751.0
2012-02-16,38209052.0,3.90,3.93,3.76,3.80,1691386.0
2012-02-15,24149066.0,3.80,3.81,3.69,3.75,1096784.0
2012-02-14,24675332.0,3.76,3.84,3.70,3.81,1124315.0
2012-02-13,19522688.0,3.81,3.84,3.71,3.74,876492.0
2012-02-10,18097160.0,3.77,3.83,3.74,3.80,816279.0
2012-02-09,19082540.0,3.79,3.85,3.76,3.77,854861.0
2012-02-08,19630328.0,3.79,3.79,3.68,3.72,898315.0
2012-02-07,17770570.0,3.72,3.81,3.67,3.78,811858.0
2012-02-06,31243654.0,3.84,3.89,3.71,3.73,1406319.0
2012-02-03,16356669.0,3.71,3.77,3.68,3.71,750189.0
2012-02-02,19269526.0,3.71,3.73,3.64,3.72,896649.0
2012-02-01,20358318.0,3.71,3.77,3.64,3.66,936684.0
2012-01-31,12079251.0,3.68,3.68,3.57,3.59,571117.0
2012-01-30,16223365.0,3.62,3.74,3.57,3.63,758849.0
2012-01-20,12444762.0,3.60,3.62,3.50,3.51,592979.0
2012-01-19,11319583.0,3.50,3.53,3.38,3.40,556820.0
2012-01-18,23301116.0,3.46,3.69,3.40,3.54,1114647.0
2012-01-17,19083248.0,3.52,3.53,3.28,3.35,955639.0
2012-01-16,12042356.0,3.26,3.43,3.25,3.30,614974.0
2012-01-13,26362840.0,3.36,3.75,3.36,3.71,1291168.0
2012-01-12,16538901.0,3.72,3.83,3.69,3.76,752696.0
2012-01-11,15077897.0,3.76,3.79,3.69,3.76,688416.0
2012-01-10,14983188.0,3.72,3.75,3.53,3.57,699079.0
2012-01-09,11818203.0,3.54,3.55,3.25,3.25,582388.0
2012-01-06,12276777.0,3.40,3.45,3.22,3.37,632178.0
2012-01-05,16992106.0,3.40,3.73,3.36,3.65,818416.0
2012-01-04,11259370.0,3.72,3.94,3.72,3.90,504190.0
2011-12-30,13934341.0,3.81,3.84,3.69,3.71,631457.0
2011-12-29,8912711.0,3.66,3.73,3.59,3.64,412506.0
2011-12-28,13795433.0,3.69,3.76,3.64,3.75,638736.0
2011-12-27,13201794.0,3.76,3.91,3.75,3.86,594945.0
2011-12-26,9347294.0,3.89,3.97,3.88,3.96,405743.0
2011-12-23,21717914.0,3.94,3.99,3.86,3.90,943167.0
2011-12-22,28420824.0,3.91,4.00,3.73,4.00,1256836.0
2011-12-21,30167792.0,4.00,4.16,4.00,4.14,1254201.0
2011-12-20,16200753.0,4.07,4.18,4.00,4.01,674598.0
2011-12-19,17042748.0,4.07,4.08,3.95,4.08,726567.0
2011-12-16,25502970.0,4.08,4.09,3.90,3.95,1091645.0
2011-12-15,22125922.0,3.99,4.08,3.90,3.96,948441.0
2011-12-14,36575376.0,4.08,4.22,3.93,4.16,1525401.0
2011-12-13,50285336.0,4.31,4.54,4.28,4.48,1932952.0
2011-12-12,11817517.0,4.37,4.43,4.35,4.38,459832.0
2011-12-09,16110731.0,4.35,4.38,4.24,4.28,632021.0
2011-12-08,17438828.0,4.31,4.38,4.17,4.24,693095.0
2011-12-07,12262590.0,4.28,4.31,4.22,4.26,491497.0
2011-12-06,13870947.0,4.25,4.28,4.17,4.19,561462.0
2011-12-05,20904250.0,4.20,4.44,4.19,4.43,828723.0
2011-12-02,16733083.0,4.46,4.56,4.43,4.55,638740.0
2011-12-01,37067292.0,4.61,4.71,4.58,4.67,1363297.0
2011-11-30,63524480.0,4.53,4.94,4.39,4.84,2373314.0
2011-11-29,25248962.0,4.88,4.95,4.80,4.95,887096.0
2011-11-28,24272434.0,4.88,4.94,4.84,4.88,847131.0
2011-11-25,66224708.0,4.89,5.01,4.83,4.83,2296548.0
2011-11-24,24684276.0,4.80,4.85,4.70,4.70,880323.0
2011-11-23,42634288.0,4.80,4.83,4.70,4.74,1527933.0
2011-11-22,86017936.0,4.78,5.01,4.74,4.88,3016753.0
2011-11-21,78442304.0,4.92,4.94,4.67,4.67,2764428.0
2011-11-18,50807456.0,4.78,4.95,4.75,4.95,1794979.0
2011-11-17,50516472.0,4.92,5.01,4.73,4.74,1764712.0
2011-11-16,38087092.0,4.76,4.87,4.73,4.82,1360463.0
2011-11-15,27033586.0,4.87,4.90,4.75,4.80,950929.0
2011-11-14,43280304.0,4.85,4.88,4.71,4.78,1537684.0
2011-11-11,69650472.0,4.77,4.95,4.68,4.90,2473576.0
2011-11-10,101482848.0,4.80,4.83,4.54,4.54,3655657.0
2011-11-09,36334392.0,4.61,4.65,4.36,4.50,1373229.0
2011-11-08,25283674.0,4.44,4.66,4.43,4.60,952453.0
2011-11-07,41204288.0,4.61,4.65,4.50,4.53,1529202.0
2011-11-04,36905588.0,4.52,4.65,4.44,4.59,1388386.0
2011-11-03,85143496.0,4.58,4.83,4.57,4.70,3092000.0
2011-11-02,53056792.0,4.64,4.67,4.29,4.32,2021603.0
2011-11-01,38144144.0,4.43,4.54,4.41,4.43,1458966.0
2011-10-31,46171080.0,4.49,4.50,4.34,4.41,1771876.0
2011-10-28,60514852.0,4.41,4.50,4.31,4.44,2347226.0
2011-10-27,51796432.0,4.30,4.37,4.16,4.23,2064260.0
2011-10-26,46866580.0,4.20,4.33,4.10,4.10,1884737.0
2011-10-25,48364260.0,4.18,4.21,3.95,3.95,2004883.0
2011-10-24,17610532.0,3.98,4.01,3.79,3.98,764239.0
2011-10-21,14777845.0,3.91,4.09,3.90,4.07,632647.0
2011-10-20,18837086.0,4.08,4.19,3.98,4.19,795702.0
2011-10-19,21374210.0,4.16,4.31,4.10,4.26,871532.0
2011-10-18,64588004.0,4.27,4.52,4.21,4.26,2522728.0
2011-10-14,33282876.0,4.25,4.32,4.20,4.21,1338012.0
2011-10-13,60790736.0,4.26,4.27,4.02,4.03,2472820.0
2011-10-12,45157968.0,4.01,4.01,3.74,3.81,1964458.0
2011-10-11,16391503.0,3.80,4.08,3.76,4.07,713312.0
2011-10-10,11257830.0,3.88,4.00,3.86,3.98,490826.0
2011-09-30,13494104.0,3.93,3.97,3.80,3.89,593590.0
2011-09-29,29716030.0,3.93,4.15,3.93,4.15,1274751.0
2011-09-28,15824231.0,4.15,4.36,4.10,4.32,639890.0
2011-09-27,16427645.0,4.30,4.38,4.25,4.36,654196.0
2011-09-26,29980632.0,4.30,4.31,4.19,4.19,1199086.0
2011-09-23,19067086.0,4.27,4.38,4.19,4.19,761092.0
2011-09-22,30871606.0,4.34,4.56,4.33,4.56,1186696.0
2011-09-21,39992248.0,4.58,4.60,4.36,4.44,1514680.0
2011-09-20,23249258.0,4.44,4.52,4.39,4.48,891765.0
2011-09-19,28069758.0,4.49,4.76,4.46,4.70,1049649.0
2011-09-16,25500610.0,4.78,4.95,4.77,4.90,901460.0
2011-09-15,43016212.0,4.90,4.99,4.79,4.82,1494344.0
2011-09-14,31511396.0,4.82,4.82,4.68,4.80,1135817.0
2011-09-13,41629796.0,4.82,4.85,4.62,4.74,1490151.0
2011-09-09,33544156.0,4.78,4.93,4.77,4.82,1180882.0
2011-09-08,27005656.0,4.80,4.95,4.80,4.88,947987.0
2011-09-07,37102980.0,4.88,4.90,4.78,4.78,1308988.0
2011-09-06,25983188.0,4.74,4.88,4.70,4.79,927651.0
2011-09-05,34129444.0,4.85,5.01,4.84,4.97,1183888.0
2011-09-02,77409664.0,5.09,5.19,4.93,5.19,2637623.0
2011-09-01,46883500.0,5.21,5.29,5.11,5.21,1540260.0
2011-08-31,55068376.0,5.15,5.38,5.04,5.30,1810052.0
2011-08-30,83012992.0,5.35,5.60,5.33,5.46,2580382.0
2011-08-29,84157736.0,5.51,5.51,5.26,5.40,2663318.0
2011-08-26,120520336.0,5.43,5.60,5.35,5.49,3771826.0
2011-08-25,59914244.0,5.62,5.66,5.44,5.60,1849447.0
2011-08-24,97477312.0,5.60,5.84,5.57,5.77,2934309.0
2011-08-23,114793312.0,5.70,5.70,5.20,5.20,3556695.0
2011-08-22,34914832.0,5.18,5.33,5.13,5.21,1142760.0
2011-08-19,46069308.0,5.17,5.29,5.11,5.18,1520627.0
2011-08-18,81696080.0,5.31,5.36,5.12,5.24,2664673.0
2011-08-17,66336640.0,5.22,5.47,5.21,5.47,2141289.0
2011-08-16,58391308.0,5.43,5.66,5.41,5.64,1811067.0
2011-08-15,77776008.0,5.62,5.72,5.52,5.59,2360518.0
2011-08-12,78983696.0,5.52,5.63,5.38,5.49,2441664.0
2011-08-11,92598344.0,5.49,5.60,5.28,5.32,2904184.0
2011-08-10,135162896.0,5.46,5.68,5.30,5.38,4197598.0
2011-08-09,154855152.0,5.31,5.37,4.70,4.92,5177028.0
2011-08-08,149593536.0,5.06,5.55,4.90,5.36,4833279.0
2011-08-05,167230240.0,5.40,5.62,4.99,4.99,5379653.0
2011-08-04,140195376.0,5.19,5.30,4.92,4.99,4645355.0
2011-08-03,117916192.0,4.99,5.08,4.79,4.79,4069945.0
2011-08-02,177721552.0,4.95,5.11,4.61,4.65,6228542.0
2011-08-01,89977072.0,4.69,4.70,4.35,4.51,3365769.0
2011-07-29,66999760.0,4.48,4.65,4.45,4.53,2515993.0
2011-07-28,53155596.0,4.49,4.57,4.45,4.48,2016345.0
2011-07-27,59607052.0,4.57,4.61,4.29,4.41,2269878.0
2011-07-26,36616844.0,4.43,4.51,4.40,4.45,1404152.0
2011-07-25,66580056.0,4.44,4.80,4.43,4.76,2480689.0
2011-07-22,67810256.0,4.81,4.90,4.68,4.69,2410191.0
2011-07-21,96094800.0,4.72,4.81,4.58,4.71,3503555.0
2011-07-20,68679256.0,4.72,4.94,4.69,4.89,2445031.0
2011-07-19,76903400.0,4.84,4.96,4.82,4.87,2684297.0
2011-07-18,74849192.0,4.88,5.01,4.83,4.96,2608017.0
2011-07-15,137340144.0,4.95,5.11,4.87,5.01,4719970.0
2011-07-14,180214624.0,5.09,5.28,4.75,4.77,6232727.0
2011-07-13,115219152.0,4.82,4.85,4.65,4.65,4127177.0
2011-07-12,139856000.0,4.73,4.95,4.57,4.67,4986973.0
2011-07-11,127871176.0,4.78,4.94,4.72,4.77,4534887.0
2011-07-08,130324384.0,4.71,4.80,4.57,4.75,4769396.0
2011-07-07,188313472.0,4.75,5.09,4.73,4.85,6536863.0
2011-07-06,107960280.0,4.76,4.85,4.61,4.75,3898243.0
2011-07-05,146376352.0,4.78,4.87,4.46,4.49,5381961.0
2011-07-04,115512864.0,4.49,4.65,4.46,4.48,4361466.0
2011-07-01,145808416.0,4.49,4.71,4.42,4.56,5475349.0
2011-06-29,127282384.0,4.30,4.55,4.30,4.36,4920811.0
2011-06-28,165863008.0,4.43,4.64,4.14,4.22,6439096.0
2011-06-27,137169120.0,4.23,4.27,4.05,4.08,5592996.0
2011-06-24,222060352.0,4.15,4.30,3.99,4.08,9186540.0
2011-06-23,225062848.0,4.12,4.12,3.74,3.81,9671856.0
2011-06-22,124031168.0,3.74,3.80,3.64,3.72,5706912.0
2011-06-21,210751120.0,3.82,3.91,3.51,3.52,9430217.0
2011-06-20,51017344.0,3.55,3.66,3.50,3.54,2436786.0
2011-06-17,57419180.0,3.48,3.56,3.46,3.48,2797153.0
2011-06-16,90252848.0,3.46,3.67,3.42,3.63,4337282.0
2011-06-15,115386512.0,3.73,3.91,3.66,3.72,5181857.0
2011-06-14,104226072.0,3.77,3.81,3.53,3.62,4828291.0
2011-06-13,111409408.0,3.72,3.82,3.59,3.59,5141433.0
2011-06-10,77207320.0,3.54,3.66,3.48,3.66,3711620.0
2011-06-09,127182712.0,3.61,3.84,3.61,3.83,5824435.0
2011-06-08,232138432.0,3.89,3.97,3.66,3.68,10386183.0
2011-06-07,203431872.0,3.75,3.75,3.59,3.67,9463861.0
2011-06-03,220082272.0,3.55,3.61,3.33,3.54,10829083.0
2011-06-02,411871296.0,3.69,3.88,3.44,3.59,19335628.0
