date,amount,close,high,low,open,volume
2015-11-27,285767200.0,11.69,12.68,11.48,12.59,23558604.0
2015-11-26,347886016.0,12.68,13.19,12.65,12.71,26933796.0
2015-11-25,249756016.0,12.65,12.66,12.37,12.60,19941910.0
2015-11-24,243959376.0,12.52,12.54,12.10,12.10,19686772.0
2015-11-23,367029056.0,12.22,12.61,12.11,12.34,29745600.0
2015-11-20,493180896.0,12.36,12.95,12.23,12.90,39212256.0
2015-11-19,229129904.0,11.99,11.99,11.48,11.50,19402932.0
2015-11-18,105986272.0,11.52,11.75,11.42,11.60,9124555.0
2015-11-17,222887328.0,11.59,11.99,11.53,11.88,18947118.0
2015-11-16,124016392.0,11.77,11.80,11.03,11.11,10750818.0
2015-11-13,196506064.0,11.44,11.85,11.40,11.75,16934700.0
2015-11-12,337640768.0,11.95,12.36,11.74,12.32,28108696.0
2015-11-11,248753216.0,12.40,12.49,12.00,12.00,20261940.0
2015-11-10,179922320.0,11.94,12.08,11.61,11.78,15177964.0
2015-11-09,179205248.0,11.85,11.97,11.49,11.71,15235733.0
2015-11-06,204829952.0,11.88,12.03,11.51,11.55,17362870.0
2015-11-05,245321856.0,11.51,12.10,11.41,11.57,21018568.0
2015-11-04,225834896.0,11.54,11.75,11.00,11.01,19791254.0
2015-11-03,86571840.0,10.90,11.09,10.61,10.89,7950720.0
2015-11-02,120248680.0,10.89,11.48,10.81,11.05,10851044.0
2015-10-30,211168240.0,11.30,11.60,11.02,11.17,18538832.0
2015-10-29,191762560.0,11.24,11.37,10.71,10.90,17248200.0
2015-10-28,157576416.0,10.79,11.25,10.65,10.98,14302093.0
2015-10-27,188294544.0,11.06,11.16,10.55,11.14,17298478.0
2015-10-26,180107888.0,11.27,11.33,10.88,11.14,16199167.0
2015-10-23,140086176.0,10.92,11.09,10.67,10.80,12875806.0
2015-10-22,100835208.0,10.75,10.88,10.29,10.44,9584537.0
2015-10-21,183136960.0,10.26,11.47,10.26,11.47,16871232.0
2015-10-20,180392688.0,11.40,11.53,11.17,11.24,15812455.0
2015-10-19,171640576.0,11.16,11.35,11.08,11.35,15345093.0
2015-10-16,303192736.0,11.42,11.75,10.95,11.74,26818174.0
2015-10-15,175675520.0,11.59,11.80,11.20,11.20,15257814.0
2015-10-14,275137600.0,11.39,11.68,11.25,11.25,23940920.0
2015-10-13,257232960.0,11.18,11.32,10.91,11.00,23153660.0
2015-10-12,504868672.0,11.38,11.41,10.24,10.30,45507684.0
2015-10-09,286983744.0,10.37,10.60,9.63,9.68,28274096.0
2015-10-08,158819072.0,9.71,9.77,9.17,9.26,16718750.0
2015-09-30,44678212.0,8.98,8.98,8.74,8.87,5035928.0
2015-09-29,57080324.0,8.86,9.02,8.80,8.95,6418043.0
2015-09-28,69062448.0,9.17,9.17,8.68,8.90,7690790.0
2015-09-25,95051360.0,8.96,9.33,8.80,9.09,10481764.0
2015-09-24,80540736.0,9.14,9.22,8.92,8.94,8896128.0
2015-09-23,79553184.0,8.93,9.13,8.84,8.91,8854795.0
2015-09-22,86598368.0,9.06,9.15,8.88,8.98,9597736.0
2015-09-21,81184408.0,8.90,8.92,8.17,8.52,9320610.0
2015-09-18,71493624.0,8.56,8.75,8.38,8.65,8371080.0
2015-09-17,116778824.0,8.60,9.10,8.60,8.80,13210073.0
2015-09-16,147178512.0,8.93,9.02,8.19,8.20,17430626.0
2015-09-15,113546776.0,8.20,8.62,8.00,8.52,13649557.0
2015-09-14,122008072.0,8.89,9.96,8.89,9.89,13219740.0
2015-09-11,81039496.0,9.88,10.05,9.70,9.80,8204273.0
2015-09-10,165758784.0,9.96,10.29,9.90,10.06,16391127.0
2015-09-09,180340896.0,10.07,10.17,9.70,9.89,18067184.0
2015-09-08,92974600.0,9.70,9.70,8.90,9.21,9943932.0
2015-09-07,94731400.0,9.16,9.32,8.97,9.04,10343518.0
2015-09-02,68979200.0,8.94,9.15,8.29,8.31,7923408.0
2015-09-01,81589648.0,8.85,9.50,8.60,9.25,9010579.0
2015-08-31,85390936.0,9.23,9.80,9.20,9.80,9000714.0
2015-08-28,127074600.0,9.90,9.91,9.28,9.36,13311971.0
2015-08-27,91559976.0,9.22,9.37,8.60,9.02,10139738.0
2015-08-26,150023760.0,8.82,9.73,8.53,9.44,16322160.0
2015-08-25,80220880.0,9.44,9.89,9.44,9.48,8462170.0
2015-08-24,79246536.0,10.49,11.25,10.49,11.00,7484449.0
2015-08-21,129401584.0,11.65,12.33,11.18,12.09,10991861.0
2015-08-20,106547560.0,12.36,13.18,12.20,13.00,8385832.0
2015-08-19,125068032.0,13.16,13.39,11.86,12.20,9967895.0
2015-08-18,193846080.0,12.92,14.45,12.92,14.36,14209049.0
2015-08-17,235639952.0,14.36,14.48,13.91,14.21,16546097.0
2015-08-14,428099904.0,14.61,14.84,13.70,13.76,30076856.0
2015-08-13,217244672.0,13.54,13.54,12.66,13.08,16621073.0
2015-08-12,144731760.0,13.13,13.42,13.00,13.30,10958615.0
2015-08-11,149304704.0,13.51,13.96,13.20,13.28,10995164.0
2015-08-10,139848416.0,13.33,13.43,12.68,12.68,10665356.0
2015-08-07,93004816.0,12.73,12.85,12.42,12.45,7352093.0
2015-08-06,63579248.0,12.33,12.60,12.05,12.28,5148279.0
2015-08-05,112347112.0,12.57,12.80,12.10,12.31,8968412.0
2015-08-04,78147168.0,12.31,12.31,11.20,11.27,6662027.0
2015-08-03,61600468.0,11.19,12.00,11.01,12.00,5403418.0
2015-07-31,85393440.0,12.05,12.41,11.84,12.30,7031164.0
2015-07-30,112404496.0,12.40,13.18,12.35,12.99,8717481.0
2015-07-29,100136368.0,12.88,12.89,11.93,12.42,8123227.0
2015-07-28,132396936.0,12.11,13.14,11.86,12.18,10810490.0
2015-07-27,217274096.0,13.18,14.90,13.18,14.34,15237834.0
2015-07-24,236551376.0,14.64,15.10,14.30,14.40,16098442.0
2015-07-23,168104384.0,14.55,14.60,13.60,13.91,11907976.0
2015-07-22,133197744.0,13.91,14.37,13.50,14.15,9583686.0
2015-07-21,155143232.0,14.03,14.10,13.27,13.40,11221753.0
2015-07-20,144577424.0,13.65,14.00,13.20,13.60,10571561.0
2015-07-17,116993872.0,13.53,13.80,12.74,12.74,8733781.0
2015-07-16,135739344.0,12.72,13.13,11.25,12.33,10890678.0
2015-07-15,162930000.0,12.33,13.38,12.33,13.18,12779759.0
2015-07-14,295035552.0,13.70,14.60,12.89,13.51,21358660.0
2015-07-13,186946896.0,13.32,13.32,12.50,13.00,14269118.0
2015-07-10,98727344.0,12.11,12.11,11.30,11.50,8238870.0
2015-07-09,144565392.0,11.01,11.01,9.60,9.60,13611556.0
2015-07-08,327804032.0,10.01,10.70,9.44,9.44,33907664.0
2015-07-07,60442364.0,10.49,11.20,10.49,10.65,5717156.0
2015-07-06,215930416.0,11.65,14.20,11.65,14.00,17302640.0
2015-07-03,180913024.0,12.94,14.60,12.94,13.19,13650111.0
2015-07-02,225020080.0,14.38,16.28,14.38,16.07,14931431.0
2015-07-01,264654448.0,15.98,17.85,15.33,16.90,15489188.0
2015-06-30,286953632.0,16.80,16.80,13.74,15.04,18758824.0
2015-06-29,244058560.0,15.27,17.60,15.27,17.32,15310079.0
2015-06-26,203998128.0,16.97,18.10,16.97,17.90,11711623.0
2015-06-25,474160896.0,18.85,20.28,17.98,19.21,24146860.0
2015-06-24,183604128.0,19.21,19.21,18.43,18.43,9731277.0
2015-06-23,192240944.0,17.46,18.41,16.15,17.80,11195232.0
2015-06-19,199072112.0,17.91,19.67,17.91,19.18,10784461.0
2015-06-18,196074304.0,19.90,21.24,19.89,21.15,9502688.0
2015-06-17,243468448.0,21.09,21.45,19.82,21.02,11791841.0
2015-06-16,291625248.0,21.06,22.00,20.52,21.15,13700004.0
2015-06-15,488471936.0,21.47,22.60,20.19,21.41,22955380.0
2015-06-12,665690048.0,21.45,23.25,21.40,23.25,29605456.0
2015-06-11,365677664.0,22.00,22.00,20.30,20.30,17074612.0
2015-06-10,378389600.0,20.00,20.17,19.46,20.16,18970564.0
2015-06-09,182591760.0,19.00,19.56,18.93,19.45,9522422.0
2015-06-08,286458880.0,19.43,19.64,18.72,19.50,11475729.0
2015-06-05,369119904.0,19.35,19.96,18.52,19.80,14624307.0
2015-06-04,419499904.0,19.34,19.75,17.92,19.75,17138308.0
2015-06-03,486562688.0,19.91,20.19,18.44,18.52,19421620.0
2015-06-02,407157504.0,18.41,18.43,17.44,18.06,17450160.0
2015-06-01,286892672.0,16.99,16.99,15.57,15.57,13328837.0
2015-05-29,252759264.0,15.44,16.09,14.52,15.48,12605103.0
2015-05-28,338917152.0,15.48,17.56,15.44,16.94,15546913.0
2015-05-27,372636608.0,17.06,17.29,16.52,16.81,16942812.0
2015-05-26,483311968.0,16.99,16.99,15.53,16.03,22518148.0
2015-05-25,301283232.0,15.44,15.87,14.97,14.97,14957356.0
2015-05-22,245888656.0,14.95,15.04,14.61,14.67,12708840.0
2015-05-21,190011408.0,14.63,14.79,14.25,14.29,10025676.0
2015-05-20,216771328.0,14.36,14.89,14.29,14.34,11384152.0
2015-05-19,197248912.0,14.38,14.41,13.96,14.16,10702836.0
2015-05-18,191217328.0,14.14,14.17,13.44,13.45,10607916.0
2015-05-15,135036416.0,13.60,14.01,13.53,14.01,7577423.0
2015-05-14,169962800.0,14.01,14.03,13.55,13.75,9441297.0
2015-05-13,172167280.0,13.73,13.79,13.29,13.48,9720691.0
2015-05-12,153610768.0,13.55,13.79,13.28,13.48,8739371.0
2015-05-11,123819920.0,13.43,13.45,12.99,13.13,7163954.0
2015-05-08,108269632.0,13.00,13.04,12.60,12.65,6506247.0
2015-05-07,85359024.0,12.52,12.63,12.31,12.50,5241820.0
2015-05-06,108553552.0,12.47,13.29,12.25,13.00,6467921.0
2015-05-05,113793360.0,13.00,13.43,12.91,13.32,6635204.0
2015-05-04,122539664.0,13.31,13.39,13.06,13.14,7104460.0
2015-04-30,106808048.0,13.45,13.80,13.45,13.80,6016710.0
2015-04-29,115523784.0,13.71,13.81,13.30,13.53,6504669.0
2015-04-28,281069664.0,13.51,14.28,13.35,14.22,15662626.0
2015-04-27,235977104.0,14.62,15.20,14.33,14.33,12293673.0
2015-04-24,181329600.0,14.22,14.22,13.51,13.60,10014037.0
2015-04-23,180797952.0,13.82,14.11,13.71,13.71,9998277.0
2015-04-22,156703920.0,13.70,13.78,13.45,13.46,8820563.0
2015-04-21,124228152.0,13.41,13.41,12.82,12.83,7274709.0
2015-04-20,159180992.0,12.84,13.45,12.80,13.44,9317306.0
2015-04-17,165296176.0,13.45,13.64,13.29,13.30,9428702.0
2015-04-16,112113536.0,13.26,13.58,12.75,12.95,6527380.0
2015-04-15,142109296.0,13.25,14.10,13.07,13.88,8027461.0
2015-04-14,157555584.0,13.98,14.43,13.68,13.92,8580388.0
2015-04-13,197353952.0,13.98,14.08,13.47,13.47,11008336.0
2015-04-10,135021600.0,13.37,13.37,12.87,12.87,7863952.0
2015-04-09,176312000.0,12.93,13.45,12.55,13.45,10473050.0
2015-04-08,185576608.0,13.45,13.98,13.25,13.84,10535164.0
2015-04-07,166716560.0,13.81,13.91,13.60,13.68,9312510.0
2015-04-03,170886432.0,13.65,13.81,13.19,13.26,9704897.0
2015-04-02,209898752.0,13.37,13.51,12.84,12.95,12175179.0
2015-04-01,157420960.0,12.92,12.96,12.52,12.63,9462944.0
2015-03-31,162852112.0,12.58,12.80,12.38,12.45,9925570.0
2015-03-30,168232656.0,12.50,12.83,12.43,12.51,10249658.0
2015-03-27,142871296.0,12.46,12.50,11.99,12.02,8942191.0
2015-03-26,150033920.0,12.08,12.49,11.93,12.29,9439653.0
2015-03-25,164779952.0,12.32,12.37,11.73,11.89,10519557.0
2015-03-24,171140896.0,11.96,12.30,11.56,12.23,10988541.0
2015-03-23,146200816.0,12.25,12.36,12.10,12.11,9175303.0
2015-03-20,139844192.0,12.08,12.09,11.86,11.93,8977808.0
2015-03-19,158538768.0,11.91,12.10,11.78,11.95,10185311.0
2015-03-18,153980240.0,11.95,11.95,11.66,11.69,9992730.0
2015-03-17,151741968.0,11.72,11.75,11.50,11.59,10020899.0
2015-03-16,102930264.0,11.57,11.59,11.36,11.36,6870416.0
2015-03-13,67732752.0,11.33,11.41,11.17,11.20,4618137.0
2015-03-12,98744088.0,11.21,11.65,11.15,11.59,6696461.0
2015-03-11,94508160.0,11.57,11.60,11.38,11.38,6307823.0
2015-03-10,108724792.0,11.44,11.66,11.36,11.45,7277418.0
2015-03-09,138735072.0,11.44,11.82,11.36,11.46,9274984.0
2015-03-06,188925808.0,11.59,11.89,11.23,11.28,12641576.0
2015-03-05,87007464.0,11.29,11.33,11.12,11.18,5966280.0
2015-03-04,68400912.0,11.18,11.18,11.06,11.09,4722757.0
2015-03-03,82031312.0,11.06,11.26,11.05,11.18,5654883.0
2015-03-02,102972792.0,11.26,11.28,11.03,11.24,7075996.0
2015-02-27,85433296.0,11.28,11.36,11.18,11.33,5837642.0
2015-02-26,124604800.0,11.26,11.28,11.06,11.10,8565177.0
2015-02-25,149806608.0,11.12,11.28,10.84,10.93,10394038.0
2015-02-17,54660316.0,10.93,10.99,10.86,10.92,3851030.0
2015-02-16,86832760.0,10.94,11.02,10.82,10.83,6104468.0
2015-02-13,97400400.0,10.89,10.99,10.83,10.91,6855855.0
2015-02-12,73582816.0,10.85,10.87,10.70,10.76,5233576.0
2015-02-11,93742296.0,10.81,10.83,10.37,10.37,6776933.0
2015-02-10,57235924.0,10.38,10.45,10.28,10.45,4249388.0
2015-02-09,118374240.0,10.51,10.85,10.50,10.53,8510478.0
2015-02-06,108346352.0,10.53,10.53,10.28,10.28,7977933.0
2015-02-05,50718032.0,10.26,10.42,10.18,10.26,3785266.0
2015-02-04,29262022.0,10.17,10.35,10.17,10.34,2190316.0
2015-02-03,37779468.0,10.30,10.30,10.12,10.12,2834980.0
2015-02-02,26364080.0,10.10,10.23,10.01,10.10,1999755.0
2015-01-30,34334008.0,10.20,10.30,10.14,10.26,2581234.0
2015-01-29,51093344.0,10.23,10.36,10.16,10.24,3828890.0
2015-01-28,56743036.0,10.30,10.41,10.29,10.40,4216931.0
2015-01-27,59547080.0,10.43,10.53,10.18,10.46,4408017.0
2015-01-26,46587912.0,10.46,10.48,10.32,10.35,3432364.0
2015-01-23,59209656.0,10.34,10.51,10.30,10.39,4381225.0
2015-01-22,60851172.0,10.39,10.40,10.23,10.36,4521860.0
2015-01-21,60894892.0,10.34,10.39,10.18,10.24,4533832.0
2015-01-20,51263796.0,10.20,10.21,9.91,9.91,3891552.0
2015-01-19,58502064.0,9.92,10.27,9.83,10.00,4475230.0
2015-01-16,40522796.0,10.15,10.20,10.03,10.06,3075172.0
2015-01-15,33431630.0,10.06,10.16,10.03,10.06,2547082.0
2015-01-14,37791456.0,9.99,10.10,9.96,10.00,2893734.0
2015-01-13,39231352.0,10.04,10.06,9.76,9.76,3031623.0
2015-01-12,30902678.0,9.73,9.91,9.73,9.83,2421771.0
2015-01-09,29991386.0,9.86,10.05,9.84,9.87,2312146.0
2015-01-08,32044282.0,9.93,10.13,9.92,10.05,2451331.0
2015-01-07,35804096.0,10.06,10.20,10.00,10.10,2731371.0
2015-01-06,48548912.0,10.16,10.17,9.86,9.91,3717616.0
2015-01-05,43107832.0,9.98,10.01,9.77,9.77,3350204.0
2014-12-31,26642716.0,9.83,9.92,9.72,9.74,2082210.0
2014-12-30,28294144.0,9.71,9.90,9.67,9.76,2224821.0
2014-12-29,59699996.0,9.75,10.10,9.67,10.00,4679323.0
2014-12-26,46720476.0,10.10,10.30,10.09,10.30,3541790.0
2014-12-25,42536524.0,10.25,10.29,10.03,10.09,3199490.0
2014-12-24,44505920.0,10.08,10.09,9.91,9.91,3410846.0
2014-12-23,44386124.0,9.82,10.13,9.80,9.80,3427208.0
2014-12-22,79246360.0,9.80,10.42,9.60,10.37,6128460.0
2014-12-19,79938088.0,10.47,10.78,10.29,10.60,5852271.0
2014-12-18,68722104.0,10.73,10.97,10.69,10.91,4877219.0
2014-12-17,86938344.0,10.95,11.33,10.92,11.33,6037905.0
2014-12-16,94178056.0,11.29,11.42,11.21,11.26,6399501.0
2014-12-15,109504304.0,11.28,11.34,10.99,10.99,7526176.0
2014-12-12,76804568.0,11.03,11.09,10.96,10.98,5361706.0
2014-12-11,79184840.0,10.98,11.10,10.90,11.00,5538008.0
2014-12-10,112558752.0,11.01,11.37,10.61,10.61,7857046.0
2014-12-09,131739104.0,10.69,11.22,10.68,11.15,9196670.0
2014-12-08,108622960.0,11.20,11.29,10.85,10.91,7528187.0
2014-12-05,160456960.0,10.92,11.43,10.67,11.43,11176041.0
2014-12-04,132786056.0,11.44,11.56,11.37,11.43,8911065.0
2014-12-03,158106000.0,11.45,11.60,11.30,11.59,10642792.0
2014-12-02,317422080.0,11.63,11.99,11.52,11.83,20900152.0
2014-12-01,375838272.0,11.89,12.02,11.34,11.61,24664668.0
2014-11-28,267552720.0,11.59,11.64,11.12,11.23,18052714.0
2014-11-27,180363072.0,11.27,11.50,11.10,11.18,12294921.0
2014-11-26,280566912.0,11.16,11.57,11.06,11.37,19155760.0
2014-11-25,290346848.0,11.52,11.75,11.29,11.53,19549110.0
2014-11-24,298583264.0,11.66,11.90,11.30,11.52,19876212.0
2014-11-21,250238208.0,11.52,11.67,10.87,10.99,16909450.0
2014-11-20,95226192.0,10.99,11.32,10.79,10.83,6631927.0
2014-11-19,122821704.0,10.98,11.13,10.50,10.50,8758212.0
2014-11-18,25942816.0,10.32,10.36,10.22,10.31,1941305.0
2014-11-17,31346250.0,10.32,10.35,10.09,10.12,2347470.0
2014-11-14,27798134.0,10.10,10.20,10.00,10.13,2112361.0
2014-11-13,52631256.0,10.13,10.50,10.02,10.49,3969499.0
2014-11-12,34661664.0,10.49,10.55,10.34,10.38,2554310.0
2014-11-11,61620584.0,10.38,11.03,10.33,10.95,4446559.0
2014-11-10,36522880.0,10.93,10.97,10.84,10.87,2574039.0
2014-11-07,88314384.0,10.88,11.09,10.84,10.92,6179114.0
2014-11-06,51304328.0,10.88,10.88,10.49,10.51,3681161.0
2014-11-05,46997000.0,10.56,10.77,10.53,10.77,3407725.0
2014-11-04,55536824.0,10.75,10.89,10.69,10.89,3955994.0
2014-11-03,41906820.0,10.87,10.96,10.83,10.87,2957542.0
2014-10-31,38740612.0,10.87,10.99,10.80,10.99,2738283.0
2014-10-30,76698784.0,10.92,11.03,10.80,10.89,5400644.0
2014-10-29,59440236.0,10.95,11.03,10.90,10.98,4166768.0
2014-10-28,53474384.0,10.96,10.97,10.68,10.68,3768946.0
2014-10-27,36291184.0,10.73,10.76,10.47,10.62,2619406.0
2014-10-24,32339352.0,10.62,10.66,10.39,10.46,2356541.0
2014-10-23,62648712.0,10.46,10.66,10.25,10.66,4611569.0
2014-10-22,36941564.0,10.64,10.92,10.59,10.86,2639170.0
2014-10-21,43718616.0,10.86,10.93,10.78,10.80,3092240.0
2014-10-20,44799316.0,10.78,10.83,10.60,10.60,3195971.0
2014-10-17,73637488.0,10.59,10.86,10.51,10.79,5305686.0
2014-10-16,58601528.0,10.83,11.11,10.83,11.03,4095915.0
2014-10-15,54979160.0,11.06,11.26,10.99,11.19,3804987.0
2014-10-14,50656404.0,11.16,11.36,11.07,11.13,3468555.0
2014-10-13,57554600.0,11.15,11.22,11.00,11.22,3981576.0
2014-10-10,122891768.0,11.23,11.61,11.21,11.60,8314489.0
2014-10-09,98247168.0,11.59,11.80,11.50,11.76,6494867.0
2014-10-08,99688616.0,11.76,11.81,11.49,11.52,6572758.0
2014-09-30,82525272.0,11.51,11.56,11.45,11.47,5514086.0
2014-09-29,121836120.0,11.47,11.67,11.37,11.56,8161982.0
2014-09-26,237413376.0,11.56,11.99,11.37,11.61,15765047.0
2014-09-25,324654432.0,12.03,12.17,11.64,12.08,20908932.0
2014-09-24,184621344.0,11.86,12.16,11.61,11.72,11913936.0
2014-09-23,317152512.0,11.81,12.10,11.16,11.16,21006372.0
2014-09-22,134703840.0,11.15,11.66,11.06,11.38,9190236.0
2014-09-19,176393664.0,11.47,11.56,10.95,11.26,12071866.0
2014-09-18,233924544.0,11.26,11.82,11.12,11.74,15776610.0
2014-09-17,566591872.0,11.89,12.54,11.31,11.90,36745556.0
2014-09-16,335566976.0,12.02,12.28,11.23,11.31,22190272.0
2014-09-15,186977680.0,11.26,11.67,11.16,11.37,12731462.0
2014-09-12,145274080.0,11.40,11.49,10.95,11.03,9946158.0
2014-09-11,219042176.0,11.05,11.50,11.04,11.39,14986205.0
2014-09-10,161316880.0,11.56,11.75,11.24,11.45,10864531.0
2014-09-09,115682544.0,11.52,11.90,11.22,11.45,7783854.0
2014-09-05,115173712.0,11.43,11.49,10.60,10.78,8008318.0
2014-09-04,93168000.0,10.78,11.00,10.36,10.36,6714210.0
2014-09-03,58446956.0,10.62,10.68,10.41,10.62,4264035.0
2014-09-02,57790992.0,10.56,10.64,10.46,10.46,4199523.0
2014-09-01,49957252.0,10.45,10.56,10.30,10.34,3676270.0
2014-08-29,39317176.0,10.31,10.45,9.99,10.01,2940100.0
2014-08-28,22924388.0,10.03,10.06,9.85,9.92,1765729.0
2014-08-27,24945756.0,9.99,10.17,9.86,9.86,1912971.0
2014-08-26,55754108.0,10.03,10.56,9.92,10.26,4195846.0
2014-08-25,60811108.0,10.33,10.56,9.99,10.07,4535441.0
2014-08-22,43714020.0,10.06,10.26,10.06,10.15,3305449.0
2014-08-21,46535572.0,10.13,10.13,9.68,9.80,3612580.0
2014-08-20,35483192.0,9.78,9.90,9.74,9.83,2775860.0
2014-08-19,34240492.0,9.87,9.95,9.73,9.83,2680377.0
2014-08-18,53257248.0,9.83,9.87,9.63,9.65,4184716.0
2014-08-15,27632672.0,9.60,9.60,9.38,9.41,2230878.0
2014-08-14,44077764.0,9.44,9.70,9.43,9.57,3538571.0
2014-08-13,28806558.0,9.55,9.60,9.42,9.51,2328743.0
2014-08-12,24591504.0,9.51,9.63,9.46,9.62,1985866.0
2014-08-11,26746080.0,9.59,9.70,9.57,9.63,2141737.0
2014-08-08,28523156.0,9.57,9.64,9.47,9.49,2288278.0
2014-08-07,26159034.0,9.47,9.60,9.44,9.60,2115702.0
2014-08-06,30420542.0,9.58,9.63,9.43,9.50,2443295.0
2014-08-05,27335038.0,9.49,9.55,9.38,9.42,2217659.0
2014-08-04,22323234.0,9.42,9.48,9.15,9.21,1832143.0
2014-08-01,18611896.0,9.21,9.43,9.20,9.36,1536654.0
2014-07-31,21489606.0,9.40,9.42,9.30,9.31,1761162.0
2014-07-30,13839012.0,9.28,9.37,9.24,9.36,1145172.0
2014-07-29,19041822.0,9.30,9.36,9.17,9.20,1578854.0
2014-07-28,19662896.0,9.20,9.30,9.14,9.14,1640413.0
2014-07-25,14321627.0,9.14,9.16,8.94,8.94,1213238.0
2014-07-24,15963241.0,8.99,9.06,8.86,8.87,1371085.0
2014-07-23,27264266.0,8.90,9.22,8.84,9.17,2312901.0
2014-07-22,15033029.0,9.20,9.34,9.14,9.19,1247892.0
2014-07-21,11722446.0,9.20,9.23,9.09,9.14,980836.0
2014-07-18,14193745.0,9.05,9.23,9.04,9.13,1191612.0
2014-07-17,26596850.0,9.12,9.37,9.01,9.26,2231618.0
2014-07-16,31570564.0,9.30,9.63,9.30,9.58,2583343.0
2014-07-15,23615224.0,9.57,9.73,9.54,9.67,1890054.0
2014-07-14,40340556.0,9.72,9.72,9.40,9.49,3224277.0
2014-07-11,21684082.0,9.50,9.55,9.35,9.41,1762208.0
2014-07-10,19285014.0,9.43,9.50,9.31,9.36,1575910.0
2014-07-09,52591620.0,9.41,9.72,9.35,9.51,4232878.0
2014-07-08,43725316.0,9.52,9.53,9.13,9.29,3595161.0
2014-07-07,42103412.0,9.29,9.59,9.23,9.27,3438799.0
2014-07-04,34827372.0,9.31,9.31,9.03,9.09,2907491.0
2014-07-03,19657178.0,9.09,9.17,9.04,9.10,1659432.0
2014-07-02,25848912.0,9.14,9.19,9.03,9.11,2175862.0
2014-07-01,31154270.0,9.13,9.27,9.13,9.14,2611991.0
2014-06-30,19859070.0,9.18,9.22,9.08,9.17,1664222.0
2014-06-27,47902920.0,9.17,9.36,9.15,9.36,3989784.0
2014-06-26,29261614.0,9.43,9.48,9.15,9.17,2397037.0
2014-06-25,17724150.0,9.18,9.30,9.10,9.25,1485035.0
2014-06-24,38661744.0,9.28,9.29,9.00,9.07,3223913.0
2014-06-23,25631424.0,9.08,9.10,8.80,8.90,2191756.0
2014-06-20,20239028.0,8.86,8.87,8.60,8.63,1771129.0
2014-06-19,23482914.0,8.70,9.07,8.53,8.99,2052929.0
2014-06-18,21681746.0,9.02,9.02,8.80,8.83,1868382.0
2014-06-17,35453680.0,8.90,9.12,8.83,8.87,3041055.0
2014-06-16,38022368.0,8.89,8.97,8.51,8.57,3336081.0
2014-06-13,19873744.0,8.55,8.61,8.36,8.41,1789062.0
2014-06-12,9819650.0,8.43,8.47,8.36,8.44,895781.0
2014-06-11,9164685.0,8.44,8.50,8.39,8.49,835109.0
2014-06-10,14445957.0,8.44,8.47,8.17,8.27,1330847.0
2014-06-09,8794159.0,8.27,8.36,8.07,8.27,824950.0
2014-06-06,10810419.0,8.27,8.47,8.23,8.37,997549.0
2014-06-05,7557864.0,8.31,8.31,8.11,8.16,706837.0
2014-06-04,8363615.0,8.14,8.34,8.09,8.34,784408.0
2014-06-03,10228195.0,8.34,8.50,8.33,8.39,932531.0
2014-05-30,8958841.0,8.30,8.36,8.16,8.36,832009.0
2014-05-29,8981734.0,8.31,8.49,8.31,8.47,825395.0
2014-05-28,12460139.0,8.46,8.51,8.34,8.48,1137714.0
2014-05-27,13169441.0,8.47,8.53,8.38,8.44,1197901.0
2014-05-26,11582990.0,8.43,8.53,8.27,8.27,1058167.0
2014-05-23,6146797.0,8.26,8.28,8.19,8.19,572871.0
2014-05-22,10071798.0,8.21,8.34,8.21,8.24,935487.0
2014-05-21,7611540.0,8.24,8.25,8.03,8.14,714989.0
2014-05-20,5940115.0,8.11,8.25,8.07,8.18,559414.0
2014-05-19,8317442.0,8.17,8.28,8.05,8.27,786206.0
2014-05-16,7228281.0,8.31,8.33,8.11,8.13,676699.0
2014-05-15,12182805.0,8.19,8.44,8.17,8.34,1133244.0
2014-05-14,11170302.0,8.40,8.47,8.25,8.32,1021110.0
2014-05-13,10134045.0,8.31,8.51,8.22,8.30,930622.0
2014-05-12,10714192.0,8.30,8.34,8.04,8.10,1003812.0
2014-05-09,8811165.0,8.04,8.14,7.91,8.14,848304.0
2014-05-08,8630737.0,8.08,8.26,7.94,7.95,818760.0
2014-05-07,13381293.0,8.00,8.31,7.91,8.27,1270162.0
2014-05-06,13623539.0,8.31,8.45,8.14,8.14,1256627.0
2014-05-05,8397169.0,8.23,8.26,8.08,8.15,788070.0
2014-04-30,6558503.0,8.20,8.24,7.93,8.14,617860.0
2014-04-29,9843723.0,8.13,8.16,7.91,7.96,942096.0
2014-04-28,13919869.0,7.96,8.29,7.83,8.28,1324035.0
2014-04-25,15078115.0,8.36,8.65,8.36,8.62,1360239.0
2014-04-24,15659749.0,8.62,8.81,8.62,8.81,1383132.0
2014-04-23,12914189.0,8.82,8.85,8.58,8.58,1135486.0
2014-04-22,15799432.0,8.65,8.79,8.55,8.70,1397471.0
2014-04-21,18385296.0,8.78,8.96,8.75,8.91,1591554.0
2014-04-18,21172256.0,8.91,8.91,8.66,8.75,1842407.0
2014-04-17,9970640.0,8.75,8.77,8.68,8.70,875118.0
2014-04-16,12572451.0,8.70,8.75,8.56,8.59,1110190.0
2014-04-15,12698252.0,8.62,8.68,8.55,8.68,1131391.0
2014-04-14,16473184.0,8.68,8.71,8.54,8.66,1466951.0
2014-04-11,14646978.0,8.65,8.82,8.62,8.76,1293852.0
2014-04-10,19512330.0,8.78,8.92,8.71,8.80,1691665.0
2014-04-09,9726923.0,8.79,8.88,8.70,8.70,847825.0
2014-04-08,14963312.0,8.74,8.83,8.43,8.56,1321995.0
2014-04-04,10474766.0,8.62,8.66,8.52,8.59,935364.0
2014-04-03,10771217.0,8.59,8.68,8.46,8.58,964188.0
2014-04-02,8422660.0,8.55,8.70,8.52,8.62,751764.0
2014-04-01,15199653.0,8.68,8.70,8.32,8.36,1366992.0
2014-03-31,18923008.0,8.35,8.64,8.16,8.57,1743866.0
2014-03-28,32167998.0,8.57,9.20,8.48,9.04,2810438.0
2014-03-27,11018824.0,9.11,9.26,9.07,9.20,923615.0
2014-03-26,15039729.0,9.16,9.24,9.05,9.20,1261642.0
2014-03-25,14273435.0,9.16,9.35,9.09,9.31,1189309.0
2014-03-24,20061580.0,9.31,9.39,9.23,9.31,1654307.0
2014-03-21,23043826.0,9.34,9.41,8.92,8.97,1929267.0
2014-03-20,32498682.0,9.17,9.59,9.12,9.42,2640244.0
2014-03-19,21190568.0,9.44,9.45,9.21,9.32,1741964.0
2014-03-18,19710808.0,9.31,9.33,9.21,9.26,1629607.0
2014-03-17,19438382.0,9.24,9.24,8.97,9.02,1642872.0
2014-03-14,14120215.0,8.99,9.18,8.94,9.12,1200356.0
2014-03-13,14163249.0,9.14,9.19,9.03,9.09,1190526.0
2014-03-12,14101688.0,9.08,9.12,8.87,8.95,1201684.0
2014-03-11,16203304.0,9.04,9.08,8.88,8.97,1380194.0
2014-03-10,28737602.0,8.98,9.27,8.41,9.23,2430641.0
2014-03-07,25456222.0,9.34,9.55,9.33,9.41,2063384.0
2014-03-06,30258910.0,9.41,9.48,9.05,9.24,2491709.0
2014-03-05,25693012.0,9.21,9.35,9.18,9.28,2123100.0
2014-03-04,24482498.0,9.30,9.52,9.16,9.34,2013771.0
2014-03-03,25277770.0,9.41,9.41,9.13,9.30,2078697.0
2014-02-28,59780424.0,9.31,9.57,9.04,9.57,4964262.0
2014-02-27,53385972.0,9.78,9.96,9.66,9.81,4173034.0
2014-02-26,71186440.0,9.90,9.91,9.48,9.48,5615799.0
2014-02-25,55745256.0,9.46,9.85,9.43,9.54,4440116.0
2014-02-24,36898120.0,9.54,9.68,9.32,9.68,2985759.0
2014-02-21,33323988.0,9.69,9.77,9.47,9.64,2658261.0
2014-02-20,64101284.0,9.63,10.08,9.56,10.08,5056618.0
2014-02-19,60143296.0,10.01,10.19,9.77,9.89,4610210.0
2014-02-18,70686632.0,9.87,10.06,9.70,9.76,5491512.0
2014-02-17,67878872.0,9.87,9.96,9.47,9.51,5287594.0
2014-02-14,60311404.0,9.52,9.54,9.24,9.27,4904785.0
2014-02-13,53010364.0,9.21,9.54,9.21,9.37,4356834.0
2014-02-12,82979232.0,9.37,9.57,9.13,9.27,6791865.0
2014-02-11,82240680.0,9.24,9.42,8.78,8.78,6860024.0
2014-02-10,39032444.0,8.78,8.93,8.45,8.45,3413437.0
2014-02-07,18220078.0,8.47,8.47,8.24,8.37,1673169.0
2014-01-30,12240906.0,8.45,8.55,8.37,8.55,1111637.0
2014-01-29,16962302.0,8.52,8.59,8.37,8.45,1528100.0
2014-01-28,16800484.0,8.42,8.65,8.36,8.56,1525054.0
2014-01-27,22826294.0,8.56,8.68,8.45,8.59,2042627.0
2014-01-24,26861744.0,8.59,8.69,8.34,8.39,2398434.0
2014-01-23,23759212.0,8.39,8.55,8.29,8.39,2168382.0
2014-01-22,22032544.0,8.38,8.38,8.13,8.13,2034562.0
2014-01-21,15398439.0,8.15,8.26,8.09,8.13,1444680.0
2014-01-20,13672117.0,8.12,8.12,7.93,7.93,1302163.0
2014-01-17,15583183.0,8.03,8.17,7.96,8.17,1486172.0
2014-01-16,17223400.0,8.19,8.32,8.13,8.23,1602568.0
2014-01-15,23272904.0,8.22,8.40,8.11,8.34,2170944.0
2014-01-14,17562486.0,8.32,8.33,8.13,8.20,1632637.0
2014-01-13,13815369.0,8.15,8.19,8.02,8.03,1304894.0
2014-01-10,24211562.0,8.04,8.19,7.91,8.10,2311812.0
2014-01-09,32801870.0,8.13,8.65,8.09,8.57,3002158.0
2014-01-08,24683080.0,8.57,8.77,8.51,8.67,2198485.0
2014-01-07,29695582.0,8.62,8.73,8.06,8.35,2663876.0
2014-01-06,54709748.0,8.55,9.22,8.51,8.99,4741354.0
2014-01-03,58283448.0,9.01,9.08,8.75,8.78,4981687.0
2014-01-02,31062864.0,8.82,8.91,8.59,8.76,2711128.0
2013-12-31,35861552.0,8.81,9.01,8.69,8.84,3123856.0
2013-12-30,59070636.0,8.91,8.91,8.63,8.74,5148550.0
2013-12-27,66102552.0,8.75,8.79,8.24,8.24,5903158.0
2013-12-26,29431704.0,8.26,8.51,8.24,8.51,2698092.0
2013-12-25,36631188.0,8.49,8.50,8.16,8.17,3357288.0
2013-12-24,24606342.0,8.21,8.33,8.06,8.09,2294701.0
2013-12-23,17651254.0,8.09,8.24,8.02,8.18,1660661.0
2013-12-20,26594024.0,8.19,8.33,7.99,8.26,2500402.0
2013-12-19,27498916.0,8.25,8.41,8.18,8.26,2536498.0
2013-12-18,37119552.0,8.23,8.42,8.13,8.32,3446011.0
2013-12-17,46018788.0,8.39,8.72,8.28,8.34,4149040.0
2013-12-16,49985148.0,8.35,8.67,8.34,8.63,4520957.0
2013-12-13,55853224.0,8.70,8.92,8.57,8.75,4905209.0
2013-12-12,71431872.0,8.75,8.77,8.49,8.63,6355328.0
2013-12-11,129418312.0,8.68,8.85,8.29,8.36,11512821.0
2013-12-10,91042096.0,8.43,8.55,8.02,8.05,8396514.0
2013-12-09,32141136.0,8.03,8.08,7.84,7.93,3100458.0
2013-12-06,49152476.0,7.94,8.38,7.91,8.07,4635296.0
2013-12-05,41159548.0,8.06,8.12,7.81,7.86,3956359.0
2013-12-04,40707588.0,7.90,7.97,7.54,7.60,3990273.0
2013-12-03,24887366.0,7.60,7.65,7.32,7.36,2532478.0
2013-12-02,57247932.0,7.40,7.82,7.28,7.82,5804870.0
2013-11-29,48457116.0,8.03,8.22,8.01,8.11,4597898.0
2013-11-28,68308256.0,8.13,8.16,7.80,7.96,6544098.0
2013-11-27,35934072.0,7.96,7.99,7.74,7.89,3493686.0
2013-11-26,38325852.0,7.93,8.03,7.78,8.03,3726159.0
2013-11-25,59729500.0,7.99,8.05,7.75,7.80,5776093.0
2013-11-22,85236632.0,7.86,8.13,7.45,7.45,8305282.0
2013-11-21,29374876.0,7.47,7.66,7.43,7.66,2998473.0
2013-11-20,30288110.0,7.70,7.74,7.57,7.60,3032168.0
2013-11-19,38992360.0,7.59,7.76,7.59,7.74,3909888.0
2013-11-18,61295508.0,7.77,7.91,7.41,7.51,6104232.0
2013-11-15,50616932.0,7.41,7.63,6.97,7.02,5267600.0
2013-11-14,9397498.0,7.01,7.09,6.83,6.98,1031089.0
2013-11-13,14150736.0,6.88,7.11,6.86,6.98,1558688.0
2013-11-12,26404390.0,7.14,7.40,6.94,6.94,2819852.0
2013-11-11,9734487.0,6.81,6.81,6.58,6.74,1118380.0
2013-11-08,14361480.0,6.67,6.84,6.60,6.78,1643566.0
2013-11-07,10172538.0,6.83,7.01,6.78,7.01,1130442.0
2013-11-06,6559007.0,7.01,7.12,6.98,7.06,712876.0
2013-11-05,6477941.0,7.08,7.12,6.93,6.98,705647.0
2013-11-04,4972445.0,7.04,7.08,6.92,6.92,542688.0
2013-11-01,10909306.0,6.98,7.07,6.81,7.02,1210648.0
2013-10-31,8444050.0,7.05,7.11,7.01,7.08,916954.0
2013-10-30,10111656.0,7.08,7.10,6.94,7.04,1102054.0
2013-10-29,34375072.0,7.02,7.50,6.75,7.36,3677611.0
2013-10-28,17060270.0,7.49,7.74,7.39,7.67,1740674.0
2013-10-25,20863612.0,7.67,7.93,7.53,7.83,2077438.0
2013-10-24,37146588.0,7.83,7.96,7.67,7.74,3624696.0
2013-10-23,43124364.0,7.74,8.00,7.58,7.69,4235802.0
2013-10-22,52037376.0,7.73,7.84,7.53,7.53,5186104.0
2013-10-21,17468062.0,7.53,7.57,7.27,7.36,1793298.0
2013-10-18,8950961.0,7.30,7.34,7.19,7.30,941333.0
2013-10-17,9520003.0,7.27,7.35,7.21,7.24,1002588.0
2013-10-16,11399288.0,7.24,7.50,7.17,7.47,1198163.0
2013-10-15,11212797.0,7.44,7.57,7.38,7.50,1152849.0
2013-10-14,17160138.0,7.50,7.53,7.33,7.33,1764184.0
2013-10-11,9689571.0,7.33,7.35,7.21,7.21,1019334.0
2013-10-10,10127586.0,7.20,7.30,7.17,7.28,1074120.0
2013-10-09,8638912.0,7.27,7.27,7.18,7.26,913855.0
2013-10-08,14695792.0,7.26,7.30,7.13,7.30,1568267.0
2013-09-30,7440737.0,7.34,7.37,7.07,7.24,787042.0
2013-09-27,10270778.0,7.17,7.31,7.11,7.25,1092595.0
2013-09-26,10818460.0,7.25,7.43,7.22,7.43,1135249.0
2013-09-25,10323975.0,7.47,7.57,7.44,7.57,1055078.0
2013-09-24,18465178.0,7.51,7.56,7.44,7.51,1888610.0
2013-09-23,16681891.0,7.51,7.56,7.43,7.49,1703197.0
2013-09-18,14326654.0,7.49,7.49,7.29,7.36,1479556.0
2013-09-17,21820776.0,7.40,7.40,7.22,7.32,2291066.0
2013-09-16,16743147.0,7.32,7.39,7.28,7.37,1753186.0
2013-09-13,43729480.0,7.40,7.66,7.24,7.66,4506601.0
2013-09-12,74934888.0,7.77,8.06,7.67,8.06,7320135.0
2013-09-09,20553094.0,7.50,7.63,7.47,7.48,2092930.0
2013-09-06,25198714.0,7.46,7.46,7.09,7.09,2656616.0
2013-09-05,20719456.0,7.09,7.29,7.09,7.29,2222089.0
2013-09-04,13288933.0,7.29,7.43,7.26,7.40,1389588.0
2013-09-03,11298595.0,7.39,7.42,7.29,7.29,1175221.0
2013-09-02,9330919.0,7.29,7.34,7.22,7.23,983195.0
2013-08-30,14942503.0,7.30,7.46,7.30,7.46,1551333.0
2013-08-29,14271772.0,7.46,7.56,7.43,7.44,1465712.0
2013-08-28,30857618.0,7.46,7.76,7.46,7.54,3118998.0
2013-08-27,33191270.0,7.63,7.66,7.32,7.40,3369850.0
2013-08-26,20559694.0,7.40,7.43,7.21,7.27,2146037.0
2013-08-23,19344542.0,7.25,7.31,7.12,7.19,2054712.0
2013-08-22,16324758.0,7.19,7.30,7.14,7.19,1728274.0
2013-08-21,19764796.0,7.19,7.27,7.06,7.06,2106603.0
2013-08-20,17398376.0,7.21,7.30,7.20,7.30,1841335.0
2013-08-19,25128506.0,7.23,7.26,6.98,6.99,2702073.0
2013-08-16,58176260.0,7.21,7.89,7.20,7.59,5939031.0
2013-08-15,22190034.0,7.21,7.27,7.11,7.21,2369600.0
2013-08-14,35771284.0,7.26,7.47,7.21,7.21,3727258.0
2013-08-13,23794074.0,7.27,7.27,7.08,7.15,2531287.0
2013-08-12,25552576.0,7.14,7.24,7.01,7.05,2736474.0
2013-08-09,17187546.0,7.05,7.13,6.98,7.12,1871555.0
2013-08-08,40669924.0,7.06,7.29,7.00,7.29,4373765.0
2013-08-07,45924780.0,7.19,7.23,6.87,7.01,4963026.0
2013-08-06,24058160.0,7.05,7.11,6.90,7.04,2625746.0
2013-08-05,15340144.0,7.04,7.08,6.95,7.03,1672974.0
2013-08-02,24092872.0,6.94,7.09,6.91,6.98,2646379.0
2013-08-01,28796388.0,6.97,7.05,6.71,6.76,3187903.0
2013-07-31,24384482.0,6.76,6.90,6.73,6.85,2751983.0
2013-07-30,45041196.0,6.90,7.27,6.62,6.66,4993464.0
2013-07-29,13829009.0,6.62,6.70,6.34,6.52,1611686.0
2013-07-26,10242814.0,6.52,6.66,6.45,6.59,1201329.0
2013-07-25,12001300.0,6.62,6.84,6.62,6.77,1370314.0
2013-07-24,14992831.0,6.75,6.84,6.67,6.71,1700733.0
2013-07-23,14638913.0,6.71,6.79,6.56,6.62,1676652.0
2013-07-22,9836678.0,6.55,6.56,6.38,6.38,1160885.0
2013-07-19,16910186.0,6.48,6.75,6.48,6.55,1963509.0
2013-07-18,16623750.0,6.66,6.72,6.52,6.69,1930989.0
2013-07-17,23211560.0,6.64,6.90,6.61,6.90,2635799.0
2013-07-16,53331436.0,6.90,7.13,6.42,6.46,5918863.0
2013-07-15,10301063.0,6.48,6.58,6.33,6.39,1224243.0
2013-07-12,14892050.0,6.36,6.64,6.36,6.64,1750699.0
2013-07-11,20745970.0,6.65,6.72,6.48,6.58,2404466.0
2013-07-10,19116612.0,6.58,6.63,6.29,6.35,2271319.0
2013-07-09,16103888.0,6.40,6.50,6.20,6.25,1941462.0
2013-07-08,19503848.0,6.24,6.55,6.22,6.46,2363563.0
2013-07-05,30744262.0,6.62,6.94,6.62,6.81,3499390.0
2013-07-04,75406160.0,6.93,7.12,6.74,6.88,8401820.0
2013-07-03,40919352.0,6.72,6.72,5.92,6.11,4851946.0
2013-07-02,11736530.0,6.11,6.12,5.84,5.89,1499783.0
2013-07-01,6218821.0,5.89,5.89,5.72,5.81,821383.0
2013-06-28,5435614.0,5.81,5.89,5.61,5.75,718519.0
2013-06-27,7472877.0,5.82,5.97,5.79,5.90,973831.0
2013-06-26,7792821.0,5.89,5.94,5.79,5.83,1019629.0
2013-06-25,10467913.0,5.86,6.05,5.53,5.95,1386253.0
2013-06-24,12586716.0,5.98,6.37,5.84,6.31,1569621.0
2013-06-21,8658593.0,6.41,6.43,6.14,6.30,1046749.0
2013-06-20,12350471.0,6.32,6.55,6.29,6.46,1465392.0
2013-06-19,13280893.0,6.48,6.58,6.32,6.58,1582812.0
2013-06-18,9384905.0,6.60,6.68,6.54,6.65,1089966.0
2013-06-17,12843423.0,6.66,6.77,6.65,6.74,1470907.0
2013-06-14,17158062.0,6.71,6.75,6.68,6.68,1961006.0
2013-06-13,9775607.0,6.65,6.90,6.59,6.90,1124184.0
2013-06-07,16180369.0,6.90,7.18,6.87,7.10,1778618.0
2013-06-06,11222886.0,7.10,7.28,7.10,7.28,1194450.0
2013-06-05,12955641.0,7.30,7.33,7.22,7.25,1366417.0
2013-06-04,21030842.0,7.30,7.60,7.20,7.60,2189549.0
2013-06-03,22448354.0,7.60,7.78,7.59,7.73,2246756.0
2013-05-31,35388512.0,7.73,7.85,7.58,7.62,3496974.0
2013-05-30,19815504.0,7.57,7.63,7.49,7.50,2004938.0
2013-05-29,15793941.0,7.55,7.58,7.45,7.55,1606860.0
2013-05-28,17163386.0,7.52,7.61,7.40,7.56,1755494.0
2013-05-27,15446305.0,7.52,7.63,7.44,7.47,1553025.0
2013-05-24,18905290.0,7.49,7.50,7.34,7.34,1935621.0
2013-05-23,23449418.0,7.38,7.66,7.38,7.51,2376299.0
2013-05-22,36445528.0,7.50,7.69,7.41,7.41,3664700.0
2013-05-21,17617728.0,7.40,7.43,7.25,7.31,1818357.0
2013-05-20,22032934.0,7.31,7.35,7.16,7.18,2300254.0
2013-05-17,18810120.0,7.18,7.26,7.03,7.10,1998533.0
2013-05-16,17912476.0,7.08,7.11,6.91,6.95,1926576.0
2013-05-15,8182711.0,6.95,6.95,6.84,6.84,898058.0
2013-05-14,9078303.0,6.90,6.97,6.84,6.97,1000254.0
2013-05-13,12463365.0,6.97,7.09,6.93,7.03,1349772.0
2013-05-10,12962190.0,7.01,7.03,6.87,6.90,1417416.0
2013-05-09,9569639.0,6.87,6.96,6.84,6.96,1053443.0
2013-05-08,10302795.0,6.97,7.08,6.91,6.99,1122956.0
2013-05-07,8782103.0,6.99,7.01,6.90,6.96,958171.0
2013-05-06,9563048.0,6.94,6.97,6.87,6.89,1048582.0
2013-05-03,11477556.0,6.88,7.00,6.79,6.79,1257722.0
2013-05-02,14559160.0,6.83,6.89,6.66,6.66,1616974.0
2013-04-26,6777575.0,6.68,6.73,6.62,6.73,772644.0
2013-04-25,6309265.0,6.70,6.81,6.68,6.81,709743.0
2013-04-24,6139899.0,6.81,6.83,6.71,6.71,689200.0
2013-04-23,13111322.0,6.71,6.94,6.69,6.90,1455897.0
2013-04-22,11195690.0,6.88,6.94,6.78,6.81,1238103.0
2013-04-19,12138158.0,6.88,6.94,6.74,6.74,1340243.0
2013-04-18,10646867.0,6.74,6.79,6.62,6.62,1198652.0
2013-04-17,5496590.0,6.69,6.70,6.62,6.67,625654.0
2013-04-16,6844117.0,6.66,6.67,6.45,6.53,789219.0
2013-04-15,8903492.0,6.59,6.75,6.56,6.75,1019888.0
2013-04-12,5180160.0,6.71,6.77,6.65,6.72,586419.0
2013-04-11,8346313.0,6.72,6.83,6.72,6.76,932142.0
2013-04-10,6801185.0,6.72,6.79,6.71,6.76,765458.0
2013-04-09,7454530.0,6.76,6.79,6.66,6.71,837747.0
2013-04-08,12093114.0,6.69,6.74,6.59,6.74,1380167.0
2013-04-03,10311612.0,6.82,7.00,6.79,7.00,1140002.0
2013-04-02,13903456.0,6.97,7.09,6.90,7.03,1508500.0
2013-04-01,15648223.0,7.07,7.27,6.94,6.98,1682499.0
2013-03-29,14103103.0,7.02,7.08,6.94,7.08,1530727.0
2013-03-28,21265260.0,7.08,7.34,6.97,7.34,2278122.0
2013-03-27,8468338.0,7.41,7.52,7.36,7.46,864110.0
2013-03-26,14333264.0,7.45,7.60,7.37,7.56,1464207.0
2013-03-25,11057882.0,7.57,7.65,7.54,7.65,1106051.0
2013-03-22,11327320.0,7.59,7.66,7.53,7.65,1131609.0
2013-03-21,27774898.0,7.62,7.80,7.51,7.73,2753400.0
2013-03-20,26336918.0,7.77,7.95,7.33,7.38,2613092.0
2013-03-19,10183738.0,7.38,7.39,7.13,7.21,1065545.0
2013-03-18,12282866.0,7.23,7.38,7.13,7.30,1281699.0
2013-03-15,10043828.0,7.29,7.41,7.22,7.28,1039158.0
2013-03-14,8626798.0,7.27,7.39,7.26,7.29,896312.0
2013-03-13,16491129.0,7.28,7.51,7.27,7.48,1710071.0
2013-03-12,20296844.0,7.50,7.91,7.41,7.83,2014668.0
2013-03-11,11016301.0,7.83,7.94,7.78,7.80,1063201.0
2013-03-08,16011098.0,7.86,7.97,7.79,7.94,1546457.0
2013-03-07,26825950.0,7.91,8.02,7.78,7.88,2568537.0
2013-03-06,18157636.0,7.88,7.88,7.67,7.68,1762801.0
2013-03-05,14858839.0,7.69,7.72,7.60,7.60,1470977.0
2013-03-04,24503150.0,7.60,7.90,7.58,7.90,2414495.0
2013-03-01,19155472.0,7.94,7.96,7.82,7.88,1844250.0
2013-02-28,20291866.0,7.92,7.94,7.66,7.70,1975923.0
2013-02-27,13413800.0,7.65,7.82,7.63,7.70,1321700.0
2013-02-26,16884242.0,7.70,7.94,7.68,7.87,1642372.0
2013-02-25,12713935.0,7.89,7.94,7.78,7.82,1226301.0
2013-02-22,15517244.0,7.82,7.96,7.76,7.86,1495219.0
2013-02-21,33873024.0,7.88,8.29,7.85,8.29,3211969.0
2013-02-20,18463844.0,8.29,8.31,8.13,8.16,1700795.0
2013-02-19,24702454.0,8.17,8.41,8.13,8.41,2274301.0
2013-02-18,22732822.0,8.42,8.46,8.27,8.35,2055765.0
2013-02-08,19875272.0,8.31,8.40,8.19,8.19,1810600.0
2013-02-07,13134393.0,8.26,8.29,8.18,8.19,1208225.0
2013-02-06,13460064.0,8.22,8.28,8.17,8.18,1244075.0
2013-02-05,18884958.0,8.23,8.33,7.97,8.04,1752662.0
2013-02-04,39466324.0,8.17,8.52,8.17,8.35,3593658.0
2013-02-01,16700082.0,8.13,8.18,8.04,8.16,1564387.0
2013-01-31,18000942.0,8.07,8.23,7.98,8.13,1691260.0
2013-01-30,27059688.0,8.18,8.33,8.08,8.29,2512558.0
2013-01-29,38008512.0,8.29,8.41,8.08,8.10,3484995.0
2013-01-28,28237988.0,8.10,8.15,7.87,7.87,2677944.0
2013-01-25,22344282.0,7.88,7.97,7.79,7.97,2150255.0
2013-01-24,47773064.0,8.01,8.32,7.89,8.32,4461749.0
2013-01-23,70914880.0,8.38,8.40,8.07,8.20,6550923.0
2013-01-22,183142528.0,8.47,9.08,8.44,8.73,15790858.0
2013-01-21,82135464.0,8.54,8.54,7.91,7.91,7475517.0
2013-01-18,32680648.0,7.76,7.79,7.57,7.62,3217230.0
2013-01-17,22505410.0,7.64,7.73,7.57,7.73,2235287.0
2013-01-16,48046156.0,7.75,7.75,7.49,7.75,4776620.0
2013-01-15,52461860.0,7.75,7.83,7.51,7.57,5150551.0
2013-01-14,30711890.0,7.53,7.55,7.25,7.29,3137115.0
2013-01-11,26360048.0,7.32,7.65,7.31,7.59,2676510.0
2013-01-10,33175396.0,7.62,7.66,7.50,7.61,3317673.0
2013-01-09,57080312.0,7.66,7.66,7.33,7.38,5789208.0
2013-01-08,38218964.0,7.41,7.51,7.32,7.42,3912111.0
2013-01-07,15222933.0,7.30,7.30,7.15,7.19,1599345.0
2013-01-04,17786962.0,7.26,7.50,7.17,7.45,1851685.0
2012-12-31,13414401.0,7.41,7.46,7.33,7.38,1374419.0
2012-12-28,20442990.0,7.46,7.47,7.16,7.27,2122800.0
2012-12-27,29421128.0,7.28,7.51,7.25,7.43,3013856.0
2012-12-26,30434592.0,7.41,7.41,7.13,7.20,3156395.0
2012-12-25,30728150.0,7.21,7.25,6.98,7.04,3266433.0
2012-12-24,18582020.0,7.09,7.25,6.87,6.91,2016276.0
2012-12-21,21515420.0,6.91,7.09,6.86,6.98,2347509.0
2012-12-20,16461802.0,6.97,7.03,6.82,6.86,1805554.0
2012-12-19,15173749.0,6.90,6.93,6.78,6.82,1675266.0
2012-12-18,19753210.0,6.86,6.93,6.72,6.82,2189906.0
2012-12-17,39613844.0,6.83,6.98,6.75,6.92,4388822.0
2012-12-14,19162628.0,6.91,6.93,6.59,6.59,2126677.0
2012-12-13,6604669.0,6.59,6.70,6.56,6.64,754842.0
2012-12-12,11623224.0,6.68,6.81,6.53,6.72,1324341.0
2012-12-11,12159819.0,6.74,6.91,6.71,6.84,1357524.0
2012-12-10,25545502.0,6.92,6.95,6.51,6.56,2834556.0
2012-12-07,9520819.0,6.53,6.53,6.31,6.34,1118663.0
2012-12-06,5627830.0,6.34,6.41,6.31,6.40,671719.0
2012-12-05,11903054.0,6.39,6.52,5.99,6.12,1435177.0
2012-12-04,7679280.0,6.13,6.14,5.98,6.07,963062.0
2012-12-03,4943307.0,6.07,6.46,6.07,6.43,596921.0
2012-11-30,5254554.0,6.45,6.46,6.32,6.39,621457.0
2012-11-29,6535227.0,6.41,6.69,6.40,6.69,764135.0
2012-11-28,6799761.0,6.58,6.70,6.45,6.65,782963.0
2012-11-27,7125674.0,6.68,7.08,6.68,6.97,790000.0
2012-11-26,4677665.0,7.03,7.15,7.03,7.15,501983.0
2012-11-23,5960988.0,7.15,7.22,7.08,7.09,632278.0
2012-11-22,4291752.0,7.12,7.21,7.04,7.19,458141.0
2012-11-21,5999725.0,7.24,7.24,7.00,7.21,639614.0
2012-11-20,4327294.0,7.13,7.21,7.06,7.13,459942.0
2012-11-19,4235324.0,7.16,7.28,6.98,7.13,453943.0
2012-11-16,6862833.0,7.15,7.22,6.86,7.22,735088.0
2012-11-15,6372846.0,7.22,7.49,7.21,7.48,662146.0
2012-11-14,4523779.0,7.49,7.50,7.38,7.41,461014.0
2012-11-13,7566974.0,7.46,7.72,7.45,7.72,757195.0
2012-11-12,4767448.0,7.72,7.78,7.67,7.78,469357.0
2012-11-09,3503010.0,7.72,7.82,7.70,7.75,343342.0
2012-11-08,7545416.0,7.78,7.91,7.72,7.91,734754.0
2012-11-07,6805773.0,7.92,7.92,7.78,7.88,656824.0
2012-11-06,7708367.0,7.86,7.91,7.66,7.85,751044.0
2012-11-05,5196930.0,7.85,7.97,7.80,7.90,502100.0
2012-11-02,13460779.0,7.94,8.09,7.87,8.03,1286143.0
2012-11-01,7702968.0,8.00,8.01,7.88,7.88,733697.0
2012-10-31,6154897.0,7.88,7.92,7.79,7.89,594159.0
2012-10-30,6081902.0,7.82,7.91,7.80,7.80,587269.0
2012-10-29,5256742.0,7.84,7.89,7.75,7.79,509314.0
2012-10-26,12740258.0,7.86,8.13,7.80,8.10,1221342.0
2012-10-25,14499355.0,8.11,8.25,7.99,8.25,1356496.0
2012-10-24,11492829.0,8.21,8.30,8.13,8.25,1057839.0
2012-10-23,11649555.0,8.28,8.51,8.27,8.47,1056330.0
2012-10-22,15494752.0,8.48,8.59,8.42,8.58,1388879.0
2012-10-19,14055939.0,8.61,8.67,8.47,8.48,1242112.0
2012-10-18,11899222.0,8.50,8.54,8.38,8.39,1062535.0
2012-10-17,7250305.0,8.37,8.38,8.18,8.23,662683.0
2012-10-16,6950517.0,8.25,8.34,8.19,8.19,638871.0
2012-10-15,7223099.0,8.19,8.47,8.13,8.47,664447.0
2012-10-12,6197384.0,8.41,8.54,8.31,8.36,559137.0
2012-10-11,11966489.0,8.39,8.64,8.38,8.58,1067754.0
2012-10-10,15666315.0,8.66,8.69,8.39,8.45,1387995.0
2012-10-09,11047075.0,8.47,8.49,8.32,8.38,992016.0
2012-10-08,10244414.0,8.30,8.51,8.17,8.19,929971.0
2012-09-28,9163335.0,8.26,8.27,8.02,8.07,853339.0
2012-09-27,9316077.0,8.05,8.16,7.82,7.85,881612.0
2012-09-26,6017308.0,7.88,8.10,7.88,8.04,573580.0
2012-09-25,7249085.0,8.04,8.22,7.91,8.10,682149.0
2012-09-24,9714448.0,8.19,8.19,7.83,8.08,919371.0
2012-09-21,12447838.0,8.16,8.38,8.10,8.24,1153028.0
2012-09-20,16268505.0,8.32,8.95,8.16,8.95,1432877.0
2012-09-19,19535998.0,8.98,8.99,8.65,8.86,1681477.0
2012-09-18,22244284.0,8.89,9.10,8.74,8.99,1904378.0
2012-09-17,57906440.0,9.11,9.45,8.89,8.96,4768409.0
2012-09-14,35462212.0,9.01,9.23,8.64,8.82,3007936.0
2012-09-13,15001684.0,8.70,8.99,8.70,8.92,1283413.0
2012-09-12,17763620.0,8.92,8.98,8.73,8.85,1519734.0
2012-09-11,15285924.0,8.81,8.87,8.74,8.87,1319507.0
2012-09-10,23037254.0,8.92,8.99,8.74,8.91,1972248.0
2012-09-07,31559278.0,8.87,8.92,8.51,8.64,2725978.0
2012-09-06,33643812.0,8.63,8.95,8.17,8.17,2939103.0
2012-09-05,8475752.0,8.13,8.23,7.89,8.04,791228.0
2012-09-04,8453189.0,8.04,8.20,8.03,8.20,790248.0
2012-09-03,7323456.0,8.20,8.22,8.01,8.07,683535.0
2012-08-31,5811127.0,8.03,8.07,7.94,8.01,550665.0
2012-08-30,14972143.0,8.02,8.23,7.83,8.14,1420313.0
2012-08-29,9440612.0,8.15,8.29,8.04,8.22,878542.0
2012-08-28,14894206.0,8.26,8.38,8.13,8.35,1372969.0
2012-08-27,13681006.0,8.45,8.88,8.42,8.88,1213700.0
2012-08-24,9683815.0,8.88,9.15,8.88,9.15,814923.0
2012-08-23,8680909.0,9.14,9.17,8.96,9.04,725075.0
2012-08-22,11346402.0,9.03,9.24,8.92,9.24,949021.0
2012-08-21,12391642.0,9.18,9.30,8.97,9.07,1026109.0
2012-08-20,8376939.0,9.03,9.14,8.88,8.88,704164.0
2012-08-17,16514593.0,9.01,9.26,8.85,9.23,1394031.0
2012-08-16,16956408.0,9.17,9.40,9.17,9.24,1392134.0
2012-08-15,48210292.0,9.35,9.55,9.15,9.24,3889517.0
2012-08-14,20654784.0,9.13,9.14,8.67,9.01,1759638.0
2012-08-13,30081436.0,9.01,9.45,8.97,9.32,2491773.0
2012-08-10,69782472.0,9.45,9.67,8.83,8.83,5652276.0
2012-08-09,18215006.0,8.83,8.83,8.52,8.60,1585000.0
2012-08-08,13025879.0,8.60,8.75,8.54,8.54,1145149.0
2012-08-07,13561639.0,8.58,8.59,8.46,8.50,1205421.0
2012-08-06,10713973.0,8.51,8.55,8.26,8.32,966935.0
2012-08-03,10939094.0,8.32,8.32,8.07,8.08,1008267.0
2012-08-02,3757921.0,8.08,8.19,8.03,8.06,351769.0
2012-08-01,6243835.0,8.16,8.26,8.01,8.08,580034.0
2012-07-31,6714619.0,8.05,8.30,7.99,8.30,631810.0
2012-07-30,6978763.0,8.26,8.43,8.16,8.28,641878.0
2012-07-27,5044251.0,8.35,8.45,8.29,8.41,458991.0
2012-07-26,7227175.0,8.39,8.49,8.35,8.39,651565.0
2012-07-25,10548038.0,8.41,8.52,8.28,8.38,947323.0
2012-07-24,6241657.0,8.35,8.44,8.25,8.27,566578.0
2012-07-23,6872237.0,8.29,8.50,8.24,8.50,628138.0
2012-07-20,9347273.0,8.47,8.63,8.46,8.55,831157.0
2012-07-19,18211868.0,8.62,8.80,8.35,8.37,1593895.0
2012-07-18,7446320.0,8.37,8.37,8.16,8.19,685855.0
2012-07-17,7000289.0,8.29,8.33,8.16,8.24,645144.0
2012-07-16,18593138.0,8.24,8.83,8.24,8.65,1675262.0
2012-07-13,11527932.0,8.86,9.05,8.86,8.99,978308.0
2012-07-12,15657891.0,9.03,9.07,8.83,9.02,1326182.0
2012-07-11,9898605.0,9.05,9.13,8.95,9.09,831947.0
2012-07-10,12870729.0,9.01,9.35,8.96,9.23,1067178.0
2012-07-09,13793149.0,9.23,9.46,9.23,9.41,1121974.0
2012-07-06,19169838.0,9.48,9.59,9.20,9.34,1550335.0
2012-07-05,11770827.0,9.29,9.62,9.27,9.62,952735.0
2012-07-04,13879677.0,9.62,9.68,9.46,9.55,1097629.0
2012-07-03,12946022.0,9.52,9.63,9.42,9.54,1030610.0
2012-07-02,16753347.0,9.45,9.64,9.41,9.56,1336876.0
2012-06-29,18137328.0,9.52,9.67,9.33,9.67,1457591.0
2012-06-27,10924748.0,9.65,9.86,9.62,9.81,846869.0
2012-06-26,11835379.0,9.81,9.93,9.70,9.79,918221.0
2012-06-25,19420542.0,9.90,10.55,9.88,10.47,1466538.0
2012-06-21,30655090.0,10.47,10.68,10.40,10.43,2209603.0
2012-06-20,19435524.0,10.43,10.52,10.27,10.31,1418654.0
2012-06-19,14152678.0,10.31,10.43,10.27,10.33,1039781.0
2012-06-18,16465025.0,10.37,10.45,10.30,10.45,1202857.0
2012-06-15,19450340.0,10.38,10.40,10.21,10.24,1433921.0
2012-06-14,15378029.0,10.24,10.33,10.14,10.17,1137857.0
2012-06-13,16443979.0,10.21,10.25,10.07,10.08,1226194.0
2012-06-12,10584253.0,10.09,10.17,10.00,10.17,797979.0
2012-06-11,14380945.0,10.20,10.21,10.04,10.08,1076651.0
2012-06-08,14813277.0,10.08,10.30,10.04,10.30,1109553.0
2012-06-07,12742963.0,10.18,10.51,10.14,10.45,939658.0
2012-06-06,15016759.0,10.33,10.50,10.28,10.50,1099822.0
2012-06-05,17157162.0,10.38,10.61,10.27,10.51,1252460.0
2012-06-04,24304680.0,10.49,10.95,10.47,10.95,1734226.0
2012-06-01,19857948.0,11.09,11.21,11.06,11.14,1355733.0
2012-05-31,21586078.0,11.15,11.17,10.96,11.04,1477728.0
2012-05-30,24462926.0,11.13,11.34,11.08,11.15,1663367.0
2012-05-29,31287990.0,11.15,11.37,10.93,11.03,2135802.0
2012-05-28,40277380.0,11.16,11.53,10.75,11.38,2773746.0
2012-05-25,45279452.0,11.88,12.17,11.66,11.98,1393242.0
2012-05-24,49136704.0,12.03,12.35,11.92,12.09,1488977.0
2012-05-23,49261940.0,12.09,12.27,11.96,12.00,1493401.0
2012-05-22,88181824.0,12.13,12.28,11.64,11.64,2668946.0
2012-05-21,13123158.0,11.30,11.48,11.19,11.37,427168.0
2012-05-18,18047022.0,11.37,11.58,11.36,11.58,578807.0
2012-05-17,12016837.0,11.62,11.69,11.43,11.47,380904.0
2012-05-16,10387363.0,11.47,11.60,11.40,11.56,331210.0
2012-05-15,12197450.0,11.60,11.67,11.45,11.49,387513.0
2012-05-14,28433960.0,11.68,12.03,11.67,11.99,880036.0
2012-05-11,22657590.0,11.90,12.11,11.87,12.03,693155.0
2012-05-10,27737158.0,12.03,12.09,11.80,11.83,851289.0
2012-05-09,33508608.0,11.83,12.02,11.83,12.02,1035315.0
2012-05-08,50455072.0,12.06,12.21,11.97,12.18,1532745.0
2012-05-07,69352360.0,12.19,12.35,11.43,11.48,2132277.0
2012-05-04,23774876.0,11.54,11.55,11.33,11.46,761294.0
2012-05-03,18016006.0,11.44,11.44,11.28,11.36,581421.0
2012-05-02,28445984.0,11.36,11.52,11.32,11.48,914436.0
2012-04-27,19348432.0,11.23,11.27,11.02,11.13,636758.0
2012-04-26,20427578.0,11.11,11.16,11.03,11.03,674612.0
2012-04-25,26639268.0,11.07,11.14,10.71,10.89,888483.0
2012-04-24,44526960.0,10.90,11.28,10.60,11.12,1504592.0
2012-04-23,51386940.0,11.21,11.95,11.19,11.88,1642053.0
2012-04-20,31678062.0,11.88,11.90,11.75,11.79,980912.0
2012-04-19,76087856.0,11.85,12.42,11.74,12.35,2331682.0
2012-04-17,33615672.0,12.34,12.47,12.20,12.23,999416.0
2012-04-16,22046854.0,12.23,12.39,12.15,12.39,660304.0
2012-04-13,29806818.0,12.42,12.60,12.38,12.55,876957.0
2012-04-12,31279306.0,12.47,12.47,12.16,12.25,928532.0
2012-04-11,19937650.0,12.24,12.40,11.96,12.07,598102.0
2012-04-10,22553000.0,12.19,12.31,11.77,12.19,688424.0
2012-04-09,18551642.0,12.24,12.48,12.22,12.48,552560.0
2012-04-06,27194032.0,12.48,12.60,12.19,12.29,804646.0
2012-04-05,44417096.0,12.38,12.47,11.74,11.99,1332167.0
2012-03-30,55636264.0,11.98,12.99,11.78,12.83,1657355.0
2012-03-29,42264920.0,12.83,13.01,12.66,12.81,1208020.0
2012-03-28,58948396.0,12.80,13.25,12.77,13.21,1670015.0
2012-03-27,83913288.0,13.45,13.56,13.03,13.03,2314404.0
2012-03-26,143091264.0,13.33,14.31,13.30,14.31,3871625.0
2012-03-23,110453128.0,14.78,15.37,14.60,14.64,2707136.0
2012-03-22,67133080.0,14.75,15.28,14.64,15.19,1659973.0
2012-03-21,88829568.0,15.23,15.35,14.62,15.19,2180247.0
2012-03-20,136334896.0,15.14,15.59,14.60,14.60,3277310.0
2012-03-19,73071432.0,14.77,14.89,14.31,14.36,1834477.0
2012-03-16,65005728.0,14.35,14.35,13.61,13.65,1707383.0
2012-03-15,62019336.0,13.59,13.91,13.32,13.72,1670140.0
2012-03-14,104138336.0,13.70,14.86,13.47,14.35,2694368.0
2012-03-13,102464248.0,14.34,14.99,13.92,13.92,2604442.0
2012-03-12,42235304.0,13.92,13.94,13.72,13.76,1120892.0
2012-03-09,39355376.0,13.78,13.78,13.52,13.52,1056551.0
2012-03-08,28113456.0,13.48,13.55,13.31,13.31,767478.0
2012-03-07,41764740.0,13.29,13.63,13.23,13.31,1142918.0
2012-03-06,47711784.0,13.48,13.75,13.32,13.75,1298828.0
2012-03-05,48528756.0,13.78,13.91,13.68,13.89,1292199.0
2012-03-02,68093240.0,13.79,13.93,13.27,13.38,1829673.0
2012-03-01,35761952.0,13.26,13.39,13.08,13.21,989652.0
2012-02-29,68530008.0,13.26,13.68,13.26,13.68,1874659.0
2012-02-28,120281056.0,13.69,13.80,13.06,13.12,3247253.0
2012-02-27,81114312.0,13.16,13.42,13.04,13.16,2249094.0
2012-02-24,68589168.0,13.16,13.28,13.03,13.28,1916195.0
2012-02-23,77593608.0,13.21,13.39,13.06,13.07,2153492.0
2012-02-22,74013424.0,13.03,13.16,12.54,12.54,2109477.0
2012-02-21,40229140.0,12.54,12.54,12.19,12.30,1191766.0
2012-02-20,35521880.0,12.30,12.57,12.30,12.53,1047845.0
2012-02-17,32137642.0,12.39,12.46,12.17,12.28,953549.0
2012-02-16,38643264.0,12.29,12.55,12.12,12.40,1146775.0
2012-02-15,32849342.0,12.44,12.45,12.24,12.24,973174.0
2012-02-14,35768136.0,12.31,12.43,12.19,12.43,1067743.0
2012-02-13,43351744.0,12.45,12.49,11.97,12.08,1293182.0
2012-02-10,41174392.0,12.19,12.29,12.00,12.16,1239566.0
2012-02-09,40447312.0,11.98,12.22,11.75,11.83,1230615.0
2012-02-08,28274934.0,11.83,11.83,11.42,11.51,886892.0
2012-02-07,24224768.0,11.52,11.87,11.48,11.87,764785.0
2012-02-06,32107822.0,11.87,11.99,11.76,11.92,994148.0
2012-02-03,38910552.0,11.89,11.94,11.63,11.66,1207295.0
2012-02-02,21425802.0,11.66,11.67,11.39,11.50,682437.0
2012-02-01,19460112.0,11.48,11.69,11.33,11.41,618312.0
2012-01-31,16161198.0,11.54,11.63,11.34,11.58,517296.0
2012-01-30,23151798.0,11.62,11.81,11.47,11.66,727490.0
2012-01-20,23289538.0,11.63,11.74,11.38,11.43,735665.0
2012-01-19,15869744.0,11.41,11.48,10.83,10.83,514976.0
2012-01-18,18680042.0,11.14,11.73,11.09,11.60,598543.0
2012-01-17,20312118.0,11.50,11.54,10.74,10.82,666850.0
2012-01-16,15751408.0,10.73,11.00,10.73,10.99,530059.0
2012-01-13,31177456.0,11.15,11.88,11.02,11.77,1005535.0
2012-01-12,32751708.0,11.79,12.20,11.73,11.94,1007002.0
2012-01-11,30269502.0,12.02,12.19,11.88,11.99,921939.0
2012-01-10,37798028.0,11.95,11.95,11.26,11.36,1181394.0
2012-01-09,27830264.0,11.36,11.37,10.76,10.92,911400.0
2012-01-06,26280970.0,10.86,11.00,10.60,10.71,896179.0
2012-01-05,38557984.0,11.01,12.03,11.01,12.03,1234451.0
2012-01-04,42946612.0,12.14,12.52,12.14,12.51,1277112.0
2011-12-30,22380880.0,12.54,12.57,12.26,12.43,657674.0
2011-12-29,15652444.0,12.26,12.40,12.06,12.21,467623.0
2011-12-28,21807422.0,12.23,12.43,11.88,12.36,657916.0
2011-12-27,16521738.0,12.40,12.85,12.37,12.77,480861.0
2011-12-26,19652900.0,12.85,13.14,12.70,12.78,557410.0
2011-12-23,25318894.0,12.78,12.99,12.44,12.51,728998.0
2011-12-22,28938882.0,12.58,12.79,12.11,12.66,855125.0
2011-12-21,30234464.0,12.84,13.54,12.78,13.13,839966.0
2011-12-20,27241712.0,13.01,13.28,12.92,13.02,760905.0
2011-12-19,26623030.0,13.05,13.10,12.56,12.75,761613.0
2011-12-16,29320714.0,12.96,12.97,12.50,12.66,845030.0
2011-12-15,39963460.0,12.50,13.14,12.23,13.14,1158445.0
2011-12-14,42018468.0,13.18,14.02,13.15,13.94,1134266.0
2011-12-13,33211520.0,13.96,14.46,13.95,14.36,865889.0
2011-12-12,17085494.0,14.53,14.79,14.50,14.74,428793.0
2011-12-09,27107634.0,14.71,14.84,14.52,14.64,678120.0
2011-12-08,45354648.0,14.82,15.03,14.28,14.67,1132840.0
2011-12-07,35895484.0,14.62,14.92,14.56,14.56,896682.0
2011-12-06,31540594.0,14.60,14.68,14.31,14.31,796067.0
2011-12-05,33339496.0,14.35,14.75,14.26,14.68,847158.0
2011-12-02,47344288.0,14.79,15.23,14.68,15.15,1168409.0
2011-12-01,72019600.0,15.30,15.77,15.28,15.53,1700736.0
2011-11-30,83164912.0,15.11,15.94,14.64,15.91,1992816.0
2011-11-29,57435288.0,15.98,16.05,15.71,16.00,1324160.0
2011-11-28,70985960.0,15.93,16.46,15.83,16.42,1621018.0
2011-11-25,87877768.0,16.25,16.78,16.14,16.20,1957598.0
2011-11-24,80928560.0,16.27,16.47,16.05,16.10,1830634.0
2011-11-23,138673872.0,16.35,16.69,15.85,15.98,3121652.0
2011-11-22,56136368.0,15.91,15.92,15.51,15.78,1306122.0
2011-11-21,71825448.0,15.98,16.23,15.61,16.07,1665333.0
2011-11-18,123601176.0,16.07,16.36,15.92,16.03,2814301.0
2011-11-17,203085872.0,16.23,16.46,15.38,15.38,4645616.0
2011-11-16,109410272.0,15.29,15.78,15.16,15.42,2589791.0
2011-11-15,80645592.0,15.47,15.67,15.29,15.29,1910169.0
2011-11-14,100310776.0,15.40,15.40,14.84,14.90,2420588.0
2011-11-11,44413068.0,14.68,14.86,14.53,14.61,1108316.0
2011-11-10,49206472.0,14.60,14.74,14.52,14.60,1235115.0
2011-11-09,51687348.0,14.79,14.81,14.43,14.60,1298476.0
2011-11-08,48036792.0,14.53,14.86,14.50,14.86,1202048.0
2011-11-07,50237528.0,14.87,15.19,14.87,15.16,1230298.0
2011-11-04,65802384.0,15.15,15.24,14.95,15.04,1596385.0
2011-11-03,106269696.0,15.01,15.37,14.94,14.98,2579191.0
2011-11-02,87346584.0,15.00,15.03,14.43,14.62,2175394.0
2011-11-01,84491384.0,14.89,14.90,14.42,14.43,2111459.0
2011-10-31,77128120.0,14.60,14.64,14.38,14.64,1950079.0
2011-10-28,157664448.0,14.79,14.89,14.38,14.89,3964332.0
2011-10-27,40188320.0,14.92,15.10,14.72,14.73,987076.0
2011-10-26,46296980.0,14.77,14.95,14.56,14.64,1150028.0
2011-10-25,50043496.0,14.79,14.86,14.21,14.45,1253622.0
2011-10-24,29876478.0,14.45,14.46,13.87,14.24,771910.0
2011-10-21,30751726.0,14.15,14.60,14.14,14.52,788017.0
2011-10-20,53038000.0,14.54,15.17,14.39,15.13,1329406.0
2011-10-19,26556524.0,15.22,15.44,15.06,15.18,638155.0
2011-10-18,42047376.0,15.18,15.59,15.15,15.42,1005453.0
2011-10-17,65691808.0,15.66,15.80,15.37,15.37,1538210.0
2011-10-14,42538496.0,15.26,15.62,15.05,15.62,1023184.0
2011-10-13,59893000.0,15.62,15.94,15.40,15.51,1402478.0
2011-10-12,76773848.0,15.52,15.62,14.68,14.97,1854929.0
2011-10-11,175018224.0,15.22,17.12,15.18,17.06,4037475.0
2011-10-10,24084776.0,16.86,16.98,16.80,16.90,523163.0
2011-09-30,23868046.0,16.81,16.95,16.51,16.83,523732.0
2011-09-29,41978748.0,16.83,17.06,16.45,16.45,919231.0
2011-09-28,31966720.0,16.55,17.09,16.52,16.87,697042.0
2011-09-27,29598448.0,16.79,16.88,16.58,16.70,648108.0
2011-09-26,36583848.0,16.58,17.05,16.51,16.88,802614.0
2011-09-23,44725900.0,16.94,17.12,16.77,16.95,970001.0
2011-09-22,45786152.0,17.24,17.90,17.24,17.76,959905.0
2011-09-21,42936896.0,17.91,17.96,17.25,17.37,889205.0
2011-09-20,28690638.0,17.35,17.58,17.18,17.36,605910.0
2011-09-19,42655324.0,17.26,17.78,17.25,17.67,900026.0
2011-09-16,32515070.0,17.82,18.26,17.80,18.11,664644.0
2011-09-15,52044740.0,17.93,18.46,17.93,18.02,1048202.0
2011-09-14,43072260.0,17.94,17.94,17.45,17.74,891160.0
2011-09-13,41860900.0,17.74,17.79,17.25,17.54,878375.0
2011-09-09,67693392.0,17.72,18.18,17.54,17.76,1395240.0
2011-09-08,76278408.0,17.76,18.69,17.72,18.69,1531393.0
2011-09-07,79222288.0,18.59,18.60,18.00,18.16,1585623.0
2011-09-06,48583208.0,17.94,18.18,17.62,17.78,992169.0
2011-09-05,94801936.0,17.93,18.67,17.93,18.56,1918560.0
2011-09-02,92527472.0,18.84,19.40,18.71,18.97,1784182.0
2011-09-01,165227312.0,19.03,19.58,18.35,18.36,3165816.0
2011-08-31,55914200.0,18.27,18.53,18.00,18.31,1126184.0
2011-08-30,115541648.0,18.38,19.26,18.35,19.15,2256876.0
2011-08-29,98801360.0,19.11,19.59,18.93,18.99,1879424.0
2011-08-26,142408768.0,19.13,19.33,18.47,18.47,2738564.0
2011-08-25,92782584.0,18.66,18.90,18.29,18.56,1827254.0
2011-08-24,142865216.0,18.43,19.06,18.39,18.47,2800428.0
2011-08-23,123996880.0,18.27,18.27,17.48,17.61,2527592.0
2011-08-22,62259100.0,17.48,17.71,17.33,17.43,1305294.0
2011-08-19,101834080.0,17.50,17.82,17.20,17.62,2140551.0
2011-08-18,72737352.0,17.90,18.42,17.85,18.19,1473116.0
2011-08-17,100696080.0,18.19,18.78,18.18,18.61,2010151.0
2011-08-16,91695888.0,18.64,19.04,18.58,18.94,1793303.0
2011-08-15,107479512.0,18.94,19.22,18.58,18.71,2085886.0
2011-08-12,127006120.0,18.58,19.02,18.47,18.64,2488387.0
2011-08-11,142831504.0,18.53,18.58,17.43,17.58,2892352.0
2011-08-10,168277808.0,18.04,18.77,18.00,18.55,3361118.0
2011-08-09,226965904.0,18.16,18.84,17.43,17.61,4621846.0
2011-08-08,178940656.0,19.08,20.21,18.77,19.81,3376848.0
2011-08-05,194344160.0,20.18,20.29,18.74,18.86,3610630.0
2011-08-04,114565080.0,19.71,20.25,19.45,19.95,2128629.0
2011-08-03,136734752.0,19.93,20.39,19.81,19.99,2496046.0
2011-08-02,211162816.0,20.24,20.29,19.37,19.84,3891669.0
2011-08-01,230223136.0,20.10,20.24,18.81,18.91,4245043.0
2011-07-29,94854160.0,18.99,19.74,18.94,19.32,1802107.0
2011-07-28,131725232.0,19.33,19.58,18.85,18.93,2508333.0
2011-07-27,133454872.0,19.22,19.39,18.22,18.38,2577385.0
2011-07-26,65943972.0,18.48,18.51,18.13,18.21,1317774.0
2011-07-25,160835920.0,18.20,19.28,18.09,19.19,3177514.0
2011-07-22,112256784.0,19.42,19.96,19.35,19.86,2109614.0
2011-07-21,164930080.0,19.72,20.01,18.94,19.08,3091456.0
2011-07-20,126828112.0,19.15,19.62,18.82,19.42,2434562.0
2011-07-19,147881136.0,19.30,19.90,19.08,19.70,2797928.0
2011-07-18,195063296.0,19.95,20.28,19.40,19.70,3596238.0
2011-07-15,221364896.0,19.62,20.17,18.97,19.00,4118453.0
2011-07-14,162008608.0,19.02,19.44,18.81,19.08,3120614.0
2011-07-13,169925520.0,19.20,19.30,18.68,18.90,3281103.0
2011-07-12,187200416.0,18.86,19.18,17.98,18.27,3701559.0
2011-07-11,181330128.0,18.51,18.86,18.16,18.33,3580843.0
2011-07-08,368195424.0,18.47,19.23,17.50,17.80,7390816.0
2011-07-07,313029184.0,17.49,17.71,16.44,16.44,6599889.0
2011-07-05,61479096.0,16.10,16.21,15.97,16.18,1403384.0
2011-07-04,95508688.0,16.21,16.21,15.75,15.81,2189948.0
2011-07-01,81596608.0,15.75,15.84,15.43,15.52,1907014.0
2011-06-30,59643588.0,15.52,15.58,15.27,15.32,1414870.0
2011-06-29,63964460.0,15.36,15.84,15.35,15.72,1505157.0
2011-06-28,57474336.0,15.70,15.77,15.51,15.65,1348523.0
2011-06-27,93887456.0,15.72,16.06,15.61,15.68,2176771.0
2011-06-24,120565024.0,15.67,15.88,15.37,15.42,2824796.0
2011-06-23,97885112.0,15.56,15.70,14.77,14.77,2334611.0
2011-06-22,59791292.0,14.97,15.26,14.87,15.25,1457990.0
2011-06-21,94547008.0,15.38,15.53,14.75,15.04,2280841.0
2011-06-20,31991080.0,14.71,14.89,14.62,14.62,796386.0
2011-06-17,37201916.0,14.64,14.83,14.63,14.71,925575.0
2011-06-16,60323188.0,14.73,15.19,14.72,15.11,1483813.0
2011-06-15,52187088.0,15.30,15.56,15.23,15.52,1240848.0
2011-06-14,67723456.0,15.46,15.69,15.27,15.30,1599264.0
2011-06-13,59915844.0,15.36,15.41,15.05,15.41,1441481.0
2011-06-10,132812064.0,15.59,16.23,15.33,16.14,3112737.0
2011-06-09,125909056.0,16.21,16.93,16.18,16.78,2782086.0
2011-06-08,106050576.0,16.78,16.80,16.55,16.59,2332409.0
2011-06-07,165124416.0,16.63,16.95,16.53,16.80,3628275.0
2011-06-03,274326048.0,16.98,17.43,16.81,17.08,5900791.0
2011-06-02,481027360.0,17.87,19.05,16.63,16.83,10040867.0
