date,open,high,close,low,volume,amount
2015-11-27,24.88,25.66,22.88,22.79,17910834.0,435097056.0
2015-11-26,25.95,26.15,25.18,25.11,15527938.0,396442176.0
2015-11-25,26.00,26.00,25.94,25.55,17952552.0,462609632.0
2015-11-24,26.56,26.79,26.20,26.00,17622200.0,464117760.0
2015-11-23,26.15,26.88,26.16,25.90,22980396.0,605190976.0
2015-11-20,25.98,26.19,25.95,25.50,18173984.0,468607328.0
2015-11-19,25.49,26.47,26.14,25.47,21696834.0,563443136.0
2015-11-18,25.70,26.08,25.05,25.05,17943236.0,457530848.0
2015-11-17,27.16,27.76,25.88,25.71,47236996.0,1263782656.0
2015-11-16,23.80,26.65,26.65,23.68,43174044.0,1117167360.0
2015-11-13,23.80,24.64,24.23,23.60,22034112.0,531422624.0
2015-11-12,24.87,25.00,24.07,23.80,20910576.0,506590816.0
2015-11-11,24.00,24.95,24.85,23.90,21244112.0,521208608.0
2015-11-10,24.08,24.51,24.14,23.76,19397380.0,467421504.0
2015-11-09,23.65,24.10,24.08,22.85,23766114.0,562694336.0
2015-11-06,23.52,24.27,23.66,23.42,20064580.0,477480704.0
2015-11-05,24.01,24.10,23.15,22.91,20291850.0,474693280.0
2015-11-04,22.52,23.92,23.82,22.52,21005622.0,487634560.0
2015-11-03,22.99,23.23,22.21,22.11,14705494.0,329691328.0
2015-11-02,23.13,23.96,22.87,22.57,15005538.0,351010432.0
2015-10-30,23.59,23.87,23.12,22.80,17556072.0,409267328.0
2015-10-29,24.90,25.00,23.97,23.42,20697196.0,496834144.0
2015-10-28,24.70,25.93,24.60,24.28,27141192.0,681840064.0
2015-10-27,24.65,25.20,24.96,23.50,29798120.0,729785984.0
2015-10-26,24.80,25.80,25.60,24.16,42699848.0,1073500672.0
2015-10-23,22.52,24.13,24.13,22.10,41158028.0,952455424.0
2015-10-22,20.55,22.20,21.94,20.51,31846460.0,686023104.0
2015-10-21,23.71,23.71,20.97,19.80,52150240.0,1159934720.0
2015-10-20,20.22,21.56,21.56,20.22,9481845.0,200469616.0
2015-10-19,19.92,19.92,19.60,19.20,21882906.0,427222336.0
2015-10-16,20.25,20.39,19.93,19.50,21400784.0,425104320.0
2015-10-15,19.20,20.20,19.97,19.20,20467654.0,404415904.0
2015-10-14,19.36,19.86,19.18,19.10,20549272.0,399621184.0
2015-10-13,19.20,19.99,19.60,18.95,22699308.0,442862816.0
2015-10-12,18.55,19.83,19.55,18.54,31998292.0,620667456.0
2015-10-09,18.07,19.20,18.53,17.50,37493700.0,690206912.0
2015-10-08,17.40,18.29,18.19,16.90,38240648.0,675192448.0
2015-09-30,17.60,18.25,17.12,16.71,41273956.0,719025216.0
2015-09-29,18.27,18.27,18.27,18.27,8617200.0,157436240.0
2015-09-28,20.30,20.30,20.30,20.30,1000200.0,20304060.0
2015-09-25,22.55,22.55,22.55,22.55,270800.0,6106540.0
2015-09-24,25.05,25.05,25.05,25.05,152000.0,3807600.0
2015-09-23,27.83,27.83,27.83,27.83,164500.0,4578035.0
2015-06-12,30.85,32.30,30.92,30.50,25875722.0,813783936.0
2015-06-11,30.49,30.75,30.52,29.94,13039334.0,596967168.0
2015-06-10,28.03,30.54,30.04,27.90,14423109.0,642735744.0
2015-06-09,28.13,29.08,27.94,27.63,9264941.0,392915808.0
2015-06-08,29.53,29.82,28.40,28.26,11120549.0,482901408.0
2015-06-05,30.42,30.89,29.53,28.58,11284796.0,507568384.0
2015-06-04,29.29,30.16,29.23,26.78,10759253.0,468109664.0
2015-06-03,30.55,30.89,29.76,28.28,14275949.0,639914496.0
2015-06-02,27.90,30.42,30.36,27.24,14343758.0,625571968.0
2015-06-01,26.19,27.83,27.76,25.44,11519814.0,467908512.0
2015-05-29,26.54,27.23,25.96,24.84,10851813.0,429179232.0
2015-05-28,27.40,29.36,26.56,26.11,15739903.0,661396224.0
2015-05-27,27.05,28.35,27.89,25.77,13105014.0,530742944.0
2015-05-26,26.16,27.10,27.03,26.07,13690707.0,552270080.0
2015-05-25,25.91,26.52,26.10,25.27,10743296.0,419082368.0
2015-05-22,26.76,27.02,26.14,25.31,12511026.0,486848128.0
2015-05-21,25.85,26.97,26.24,25.07,13491649.0,528580000.0
2015-05-20,26.04,27.64,25.61,25.37,22185256.0,890155776.0
2015-05-19,23.18,25.44,25.37,22.36,21125984.0,749329216.0
2015-05-18,23.11,24.03,23.18,22.88,14852541.0,522444736.0
2015-05-15,23.36,24.42,23.43,22.97,19357196.0,685386368.0
2015-05-14,23.48,24.57,23.92,22.50,11811831.0,427393120.0
2015-05-13,22.96,23.79,23.50,22.49,12071573.0,421527808.0
2015-05-12,23.78,24.28,23.39,22.46,15840739.0,557793600.0
2015-05-11,22.25,23.49,23.40,21.82,17293976.0,598392448.0
2015-05-08,20.26,21.83,21.81,20.06,15308721.0,482911808.0
2015-05-07,21.19,22.25,19.87,19.83,15475163.0,490538560.0
2015-05-06,21.09,22.99,21.63,20.51,25212596.0,823310336.0
2015-05-05,20.13,21.57,20.96,19.61,20335844.0,637427840.0
2015-05-04,19.20,20.41,20.06,18.94,13332450.0,399795840.0
2015-04-30,19.23,19.61,19.08,18.94,9911461.0,286573056.0
2015-04-29,18.57,19.79,19.27,18.57,11267641.0,326915776.0
2015-04-28,19.87,20.03,18.49,18.33,15660383.0,446822880.0
2015-04-27,20.34,20.71,19.87,19.48,17344752.0,523839360.0
2015-04-24,18.73,20.57,20.18,18.47,20669470.0,604734272.0
2015-04-23,18.60,19.65,18.85,18.45,13455429.0,387073280.0
2015-04-22,18.07,18.62,18.49,18.05,9804405.0,271392928.0
2015-04-21,17.66,18.02,17.99,17.47,7170609.0,192530800.0
2015-04-20,17.66,18.00,17.42,17.30,8040588.0,213566816.0
2015-04-17,18.58,18.78,17.91,17.77,10533151.0,286778080.0
2015-04-16,18.00,18.96,18.47,17.46,9243897.0,254555456.0
2015-04-15,18.81,19.70,18.75,18.75,16517545.0,478113824.0
2015-04-14,19.15,19.43,18.78,18.54,9448197.0,270459360.0
2015-04-13,18.11,19.70,19.09,18.11,14024868.0,398923936.0
2015-04-10,17.67,18.09,17.97,17.34,7350300.0,197903840.0
2015-04-09,18.73,18.73,17.72,17.19,12667240.0,339074624.0
2015-04-08,18.95,19.38,18.88,18.47,13734570.0,392216992.0
2015-04-07,18.92,18.98,18.87,18.53,9757035.0,275791776.0
2015-04-03,18.01,18.86,18.79,17.93,10973082.0,303339232.0
2015-04-02,18.33,18.59,18.25,17.95,9187828.0,252225200.0
2015-04-01,17.38,18.50,18.13,17.28,13522100.0,366450816.0
2015-03-31,17.59,17.73,17.42,17.12,9845272.0,259238176.0
2015-03-30,17.42,17.81,17.56,17.31,9047169.0,239365632.0
2015-03-27,17.32,17.70,17.42,16.97,8398003.0,219835936.0
2015-03-26,18.51,18.51,17.32,16.96,19303656.0,515563904.0
2015-03-25,18.60,19.52,18.61,18.47,19993670.0,568984384.0
2015-03-24,17.93,19.63,19.03,17.31,25848686.0,713978240.0
2015-03-23,17.40,18.23,17.91,17.16,15713398.0,419596608.0
2015-03-20,17.93,18.17,17.42,17.14,18281912.0,484356256.0
2015-03-19,17.10,17.61,17.61,17.10,5964786.0,156863792.0
2015-03-18,15.41,16.11,16.01,15.14,12048565.0,284573472.0
2015-03-17,14.95,15.65,15.48,14.78,14409063.0,332070528.0
2015-03-16,14.75,15.17,14.74,14.68,12040458.0,269238816.0
2015-03-13,14.28,14.53,14.49,14.02,6439531.0,138544336.0
2015-03-12,14.60,15.09,14.19,13.97,12118298.0,263186816.0
2015-03-11,14.39,14.73,14.67,14.21,8956114.0,194802784.0
2015-03-10,14.28,14.75,14.35,14.22,14963508.0,325190912.0
2015-03-09,13.09,14.47,14.33,12.88,20337448.0,432189664.0
2015-03-06,13.48,13.87,13.15,13.11,9734104.0,196605376.0
2015-03-05,13.34,13.72,13.54,13.34,11745993.0,239693632.0
2015-03-04,13.07,13.23,13.19,12.95,6514685.0,128922336.0
2015-03-03,13.16,13.38,13.03,13.02,8744663.0,173157648.0
2015-03-02,13.09,13.33,13.28,12.91,10953467.0,216955408.0
2015-02-27,12.65,13.17,13.05,12.65,13407388.0,262343936.0
2015-02-26,12.55,12.64,12.54,12.37,3510298.0,65897852.0
2015-02-25,12.62,12.73,12.57,12.47,3997737.0,76042824.0
2015-02-17,12.65,12.69,12.56,12.41,4078384.0,76746960.0
2015-02-16,12.41,12.69,12.63,12.39,6088171.0,115344968.0
2015-02-13,12.22,12.45,12.31,12.19,4200949.0,77990344.0
2015-02-12,12.08,12.22,12.16,12.01,3709216.0,67661872.0
2015-02-11,11.91,12.06,12.01,11.88,2658339.0,48005656.0
2015-02-10,11.83,11.89,11.89,11.72,2107717.0,37481960.0
2015-02-09,12.10,12.20,11.82,11.80,2523722.0,45526336.0
2015-02-06,12.36,12.47,12.10,12.03,3896270.0,71854464.0
2015-02-05,12.39,12.60,12.42,12.30,6584644.0,123603352.0
2015-02-04,12.17,12.45,12.35,12.00,6002044.0,110601144.0
2015-02-03,11.98,12.26,12.18,11.96,2927163.0,53430696.0
2015-02-02,12.03,12.16,11.94,11.90,2364905.0,42866712.0
2015-01-30,12.26,12.41,12.21,12.17,3143374.0,58223764.0
2015-01-29,12.22,12.39,12.19,12.18,2372689.0,43747948.0
2015-01-28,12.28,12.54,12.35,12.17,4378500.0,81726112.0
2015-01-27,12.43,12.44,12.30,12.11,3377224.0,62355000.0
2015-01-26,12.12,12.42,12.36,12.09,3797166.0,70087872.0
2015-01-23,12.39,12.48,12.11,12.09,5437875.0,99957464.0
2015-01-22,12.62,12.62,12.37,12.34,10077925.0,188968208.0
2015-01-21,12.16,12.28,12.13,12.00,6633133.0,121308256.0
2015-01-20,11.56,12.08,12.04,11.56,6995851.0,125038480.0
2015-01-19,11.35,11.88,11.62,11.21,7801659.0,136359712.0
2015-01-16,11.33,11.62,11.55,11.29,3572512.0,61603796.0
2015-01-15,11.35,11.40,11.33,11.29,1797296.0,30673792.0
2015-01-14,11.36,11.46,11.33,11.22,2366834.0,40359840.0
2015-01-13,11.13,11.48,11.36,11.09,2956495.0,50435400.0
2015-01-12,11.03,11.29,11.10,11.03,1990823.0,33304948.0
2015-01-09,11.29,11.46,11.20,11.16,2868317.0,48907356.0
2015-01-08,11.38,11.51,11.29,11.14,2962380.0,50514652.0
2015-01-07,11.38,11.53,11.38,11.23,3269506.0,55947480.0
2015-01-06,10.95,11.45,11.38,10.95,4915138.0,83427320.0
2015-01-05,10.86,10.96,10.94,10.55,4624873.0,74726504.0
2014-12-31,10.65,10.92,10.86,10.61,2686234.0,43748840.0
2014-12-30,11.23,11.25,10.71,10.67,5479431.0,89535352.0
2014-12-29,11.44,11.52,11.23,11.19,4279440.0,72678568.0
2014-12-26,11.50,11.53,11.52,11.35,3148880.0,54233140.0
2014-12-25,11.59,11.62,11.53,11.40,3606531.0,62382328.0
2014-12-24,11.40,11.60,11.55,11.40,3147211.0,54527736.0
2014-12-23,11.25,11.65,11.29,11.17,6290746.0,108025344.0
2014-12-22,12.33,12.39,11.08,11.08,10007380.0,175217680.0
2014-12-19,12.75,12.86,12.31,12.08,7825798.0,146121152.0
2014-12-18,13.19,13.27,12.81,12.77,7712281.0,151031472.0
2014-12-17,12.96,13.35,13.28,12.75,11549458.0,227573456.0
2014-12-16,12.94,13.17,13.01,12.77,7430852.0,145021920.0
2014-12-15,12.67,13.01,12.94,12.56,6747759.0,130812264.0
2014-12-12,12.62,12.71,12.65,12.49,4590250.0,87151736.0
2014-12-11,12.34,12.75,12.59,12.24,6635175.0,125018144.0
2014-12-10,11.96,12.45,12.33,11.94,4812126.0,88678560.0
2014-12-09,12.65,12.65,12.01,11.96,11505745.0,213268800.0
2014-12-08,12.62,13.03,12.67,12.48,8989266.0,172577920.0
2014-12-05,13.22,13.22,12.69,12.43,12882230.0,248680112.0
2014-12-04,13.12,13.73,13.34,13.10,12626585.0,255047472.0
2014-12-03,13.32,13.35,13.12,12.93,11764228.0,231514448.0
2014-12-02,13.32,13.60,13.36,13.22,10991315.0,221232864.0
2014-12-01,13.22,13.87,13.45,13.15,15655733.0,319160256.0
2014-11-28,13.13,13.74,13.28,12.85,23078994.0,463592800.0
2014-11-27,12.73,13.15,13.12,12.43,19735412.0,378355424.0
2014-11-26,13.12,13.22,12.80,12.66,17604310.0,342095552.0
2014-11-25,12.28,13.20,13.07,12.24,18051264.0,347999744.0
2014-11-24,12.22,12.44,12.28,12.03,6789352.0,125281352.0
2014-11-21,11.89,12.15,12.04,11.86,3661052.0,66447308.0
2014-11-20,11.81,12.00,11.91,11.74,2725292.0,48768544.0
2014-11-19,11.86,12.04,11.88,11.69,3304428.0,58952312.0
2014-11-18,11.83,11.93,11.87,11.78,2294772.0,40884488.0
2014-11-17,11.54,11.97,11.82,11.50,3677578.0,65558784.0
2014-11-14,11.64,11.69,11.59,11.50,1770451.0,30947918.0
2014-11-13,11.86,11.89,11.66,11.42,4416475.0,76965504.0
2014-11-12,11.70,11.95,11.91,11.62,2941035.0,52289384.0
2014-11-11,12.29,12.34,11.73,11.66,7314575.0,131293848.0
2014-11-10,12.34,12.59,12.29,12.16,6176610.0,114812784.0
2014-11-07,12.62,12.88,12.33,12.24,12304416.0,233312688.0
2014-11-06,12.18,12.55,12.51,12.10,11114471.0,206705408.0
2014-11-05,12.04,12.20,12.06,11.96,4957276.0,90319352.0
2014-11-04,12.08,12.21,12.02,11.88,8477060.0,153853104.0
2014-11-03,11.46,12.06,12.04,11.42,8105065.0,143845872.0
2014-10-31,11.74,11.82,11.43,11.31,4529196.0,78309872.0
2014-10-30,11.82,11.86,11.72,11.69,2488059.0,44057764.0
2014-10-29,11.78,11.91,11.74,11.71,3757460.0,66710328.0
2014-10-28,11.51,11.86,11.80,11.49,3046572.0,53724560.0
2014-10-27,11.35,11.54,11.46,11.31,1406124.0,24225610.0
2014-10-24,11.27,11.50,11.42,11.23,1751856.0,30037910.0
2014-10-23,11.48,11.54,11.27,11.17,2626499.0,44773576.0
2014-10-22,11.69,11.80,11.48,11.48,3267779.0,57008920.0
2014-10-21,11.73,11.95,11.80,11.69,2483920.0,44218228.0
2014-10-20,11.58,11.74,11.70,11.49,2426224.0,42452052.0
2014-10-17,11.88,11.89,11.59,11.36,5025266.0,87507792.0
2014-10-16,11.90,12.09,11.88,11.86,3113399.0,56222024.0
2014-10-15,11.83,11.99,11.98,11.79,3338032.0,59761548.0
2014-10-14,12.13,12.14,11.88,11.84,5515645.0,99597592.0
2014-10-13,12.42,12.42,12.16,11.93,6509551.0,118276408.0
2014-10-10,12.53,12.55,12.43,12.33,3674464.0,68813712.0
2014-10-09,12.42,12.63,12.61,12.28,6084744.0,114118120.0
2014-10-08,12.26,12.42,12.42,12.26,3823987.0,71012088.0
2014-09-30,12.46,12.47,12.23,12.19,5011507.0,92591744.0
2014-09-29,12.37,12.52,12.42,12.37,3530531.0,65976756.0
2014-09-26,12.54,12.54,12.38,12.26,4615465.0,85908368.0
2014-09-25,12.87,12.92,12.59,12.57,4727672.0,90534200.0
2014-09-24,12.75,12.87,12.85,12.69,3628421.0,69844240.0
2014-09-23,12.51,12.84,12.84,12.45,3793500.0,72644720.0
2014-09-22,12.46,12.67,12.57,12.35,3595393.0,67883928.0
2014-09-19,12.42,12.58,12.46,12.30,2764907.0,51668896.0
2014-09-18,12.39,12.45,12.40,12.33,2362978.0,44117896.0
2014-09-17,12.54,12.61,12.42,12.22,4132333.0,77096200.0
2014-09-16,13.11,13.25,12.51,12.47,8296498.0,161777696.0
2014-09-15,12.75,13.25,13.13,12.71,8970568.0,176673776.0
2014-09-12,12.80,12.83,12.76,12.62,4371604.0,83730576.0
2014-09-11,12.79,13.02,12.83,12.75,7652041.0,148416480.0
2014-09-10,12.62,12.82,12.81,12.56,3877335.0,74429256.0
2014-09-09,12.74,12.75,12.67,12.57,3645596.0,69490496.0
2014-09-05,12.88,12.92,12.73,12.66,4202020.0,80584248.0
2014-09-04,12.83,12.88,12.81,12.69,4722614.0,90999048.0
2014-09-03,12.79,12.97,12.83,12.54,7600424.0,146077360.0
2014-09-02,12.69,12.81,12.74,12.62,4199748.0,80534320.0
2014-09-01,12.39,12.62,12.62,12.34,2856732.0,53878516.0
2014-08-29,12.22,12.42,12.42,12.17,2487257.0,46176124.0
2014-08-28,12.20,12.26,12.21,12.00,2998528.0,54665892.0
2014-08-27,12.22,12.41,12.22,12.16,3037980.0,56045600.0
2014-08-26,12.55,12.63,12.20,12.17,5590564.0,103938784.0
2014-08-25,13.07,13.07,12.67,12.65,5486751.0,105881432.0
2014-08-22,12.92,13.26,13.08,12.82,8759153.0,172419296.0
2014-08-21,12.74,13.09,12.95,12.55,11034025.0,213112000.0
2014-08-20,12.35,12.86,12.75,12.31,10338055.0,197486512.0
2014-08-19,12.39,12.39,12.36,12.16,5858535.0,108189416.0
2014-08-18,12.38,12.52,12.40,12.22,4980835.0,92686344.0
2014-08-15,12.22,12.49,12.35,12.16,7003654.0,130530472.0
2014-08-14,12.00,12.35,12.22,11.90,9321870.0,171202960.0
2014-08-13,11.94,12.01,11.99,11.72,4441217.0,79238432.0
2014-08-12,12.23,12.26,11.95,11.86,6413767.0,115503224.0
2014-08-11,11.98,12.36,12.16,11.98,5763429.0,105903536.0
2014-08-08,11.62,12.05,11.94,11.62,6946805.0,124451544.0
2014-08-07,11.69,11.79,11.62,11.62,3741699.0,66069572.0
2014-08-06,11.74,11.74,11.71,11.56,4153817.0,72942848.0
2014-08-05,11.46,11.80,11.74,11.34,6044601.0,105924656.0
2014-08-04,11.36,11.50,11.48,11.33,2117856.0,36458224.0
2014-08-01,11.62,11.68,11.35,11.33,4729048.0,81809808.0
2014-07-31,11.63,11.75,11.65,11.56,2779329.0,48707468.0
2014-07-30,11.52,11.65,11.62,11.42,3892120.0,67830088.0
2014-07-29,11.29,11.60,11.42,11.27,4235703.0,72877096.0
2014-07-28,11.20,11.31,11.27,11.03,5052285.0,84988496.0
2014-07-25,10.85,11.59,11.23,10.85,5280095.0,88949264.0
2014-07-24,11.52,11.67,11.58,11.31,3766450.0,64980504.0
2014-07-23,11.78,12.05,11.60,11.48,3928698.0,69829832.0
2014-07-22,11.39,11.78,11.75,11.35,4989415.0,87403056.0
2014-07-21,11.47,11.48,11.40,11.21,3661142.0,62455896.0
2014-07-18,11.48,11.62,11.49,11.42,2714728.0,47075628.0
2014-07-17,11.43,11.66,11.62,11.29,3935205.0,67898616.0
2014-07-16,11.76,11.82,11.42,11.31,6147916.0,106853160.0
2014-07-15,12.21,12.29,11.82,11.82,5294661.0,95569152.0
2014-07-14,12.06,12.29,12.22,11.87,6614906.0,120203120.0
2014-07-11,11.91,12.13,12.04,11.81,4483349.0,80583624.0
2014-07-10,12.29,12.35,11.90,11.88,7693758.0,140227072.0
2014-07-09,13.03,13.28,12.31,12.31,10010977.0,192576880.0
2014-07-08,13.02,13.03,13.01,12.49,7767996.0,150110368.0
2014-07-07,13.13,13.13,13.04,12.74,8781050.0,170773824.0
2014-07-04,12.74,13.28,13.13,12.73,15334015.0,301120480.0
2014-07-03,12.43,12.69,12.53,12.27,7367558.0,138554016.0
2014-07-02,11.88,13.05,12.43,11.86,13284512.0,249348608.0
2014-07-01,11.98,12.06,11.86,11.79,5275283.0,94383984.0
2014-06-30,11.96,12.27,12.02,11.86,6307000.0,113999144.0
2014-06-27,12.08,12.27,12.04,11.88,7844633.0,142470080.0
2014-06-26,11.69,12.26,12.10,11.66,9996058.0,181402880.0
2014-06-25,11.82,11.92,11.69,11.42,5757014.0,101246896.0
2014-06-24,11.49,12.07,11.93,11.42,9985366.0,178009888.0
2014-06-23,11.56,11.75,11.49,11.39,8501627.0,147791296.0
2014-06-20,11.37,11.59,11.58,11.26,5595883.0,96139208.0
2014-06-19,11.81,12.08,11.34,11.23,11089690.0,194292912.0
2014-06-18,12.11,12.26,11.77,11.75,11335005.0,203769248.0
2014-06-17,11.96,12.75,12.33,11.74,22729012.0,419863392.0
2014-06-16,11.61,11.61,11.61,11.61,1662851.0,29066636.0
2014-06-04,10.63,10.68,10.55,10.42,3465034.0,55008992.0
2014-06-03,10.75,11.23,10.80,10.73,6933242.0,114750368.0
2014-05-30,10.49,10.69,10.69,10.49,2610166.0,41716804.0
2014-05-29,10.85,10.88,10.53,10.46,3374565.0,53963592.0
2014-05-28,10.54,10.89,10.81,10.48,5589620.0,90294200.0
2014-05-27,10.68,10.68,10.54,10.46,2243975.0,35680460.0
2014-05-26,10.37,10.73,10.68,10.37,5517965.0,87827528.0
2014-05-23,10.13,10.34,10.33,9.95,3329947.0,50756648.0
2014-05-22,10.48,10.75,10.16,10.14,5679434.0,89024224.0
2014-05-21,9.98,10.28,10.28,9.93,2645128.0,40510424.0
2014-05-20,10.20,10.32,10.03,10.00,2174044.0,33268204.0
2014-05-19,9.85,10.13,10.08,9.74,2029408.0,30559434.0
2014-05-16,9.80,9.96,9.88,9.66,2224563.0,32814328.0
2014-05-15,10.12,10.23,9.85,9.82,2688331.0,40508740.0
2014-05-14,10.34,10.36,10.10,10.09,2374033.0,36433984.0
2014-05-13,10.26,10.44,10.39,10.20,2390621.0,37157384.0
2014-05-12,10.35,10.35,10.26,9.91,3857537.0,58918112.0
2014-05-09,10.76,10.79,10.22,10.13,4122543.0,64837672.0
2014-05-08,10.77,10.99,10.82,10.64,4460641.0,73610056.0
2014-05-07,10.71,10.86,10.68,10.60,2757374.0,45033652.0
2014-05-06,10.72,10.92,10.78,10.63,2436201.0,39849972.0
2014-05-05,10.49,10.73,10.72,10.45,1625833.0,26142398.0
2014-04-30,10.34,10.61,10.47,10.33,1764307.0,28135042.0
2014-04-29,10.23,10.44,10.37,10.18,1988233.0,31175580.0
2014-04-28,10.54,10.54,10.20,10.14,2134127.0,33553916.0
2014-04-25,10.52,10.78,10.47,10.37,2660822.0,42709104.0
2014-04-24,10.80,10.84,10.53,10.46,2730301.0,44093412.0
2014-04-23,10.78,10.97,10.83,10.70,2278418.0,37635612.0
2014-04-22,11.34,11.41,10.82,10.46,6284936.0,103811096.0
2014-04-21,11.74,11.78,11.44,11.43,3270554.0,57775312.0
2014-04-18,11.91,12.08,11.89,11.80,3166218.0,57219924.0
2014-04-17,12.12,12.33,12.05,12.04,2510722.0,46361508.0
2014-04-16,12.15,12.29,12.10,12.05,2839713.0,52332536.0
2014-04-15,11.97,12.60,12.29,11.80,8030655.0,149400992.0
2014-04-14,11.64,12.01,11.98,11.57,3294323.0,59235724.0
2014-04-11,11.84,11.97,11.68,11.62,4142327.0,73961288.0
2014-04-10,11.97,12.26,12.04,11.91,6812794.0,125416552.0
2014-04-09,11.71,12.16,11.95,11.66,6429079.0,116850080.0
2014-04-08,11.28,11.71,11.71,11.12,3874287.0,67673024.0
2014-04-04,11.30,11.49,11.46,11.13,3284615.0,56406516.0
2014-04-03,11.18,11.68,11.41,11.14,3721279.0,64737532.0
2014-04-02,11.24,11.59,11.22,11.18,5344038.0,92171216.0
2014-04-01,11.05,11.34,11.32,10.98,3657365.0,62138356.0
2014-03-31,10.99,11.16,11.06,10.86,2486467.0,41863648.0
2014-03-28,11.53,11.60,11.03,10.83,5273011.0,89689048.0
2014-03-27,12.20,12.20,11.62,11.45,4639896.0,82719328.0
2014-03-26,11.87,12.24,12.19,11.87,3001504.0,55226808.0
2014-03-25,11.78,12.09,11.91,11.75,2677673.0,48503000.0
2014-03-24,12.04,12.13,11.89,11.87,3467274.0,63205844.0
2014-03-21,11.58,12.20,12.10,11.51,6384676.0,115955504.0
2014-03-20,12.63,12.63,11.71,11.71,5412253.0,100628088.0
2014-03-19,12.50,12.81,12.66,12.19,4928114.0,93839792.0
2014-03-18,12.62,12.89,12.58,12.52,5514954.0,106239288.0
2014-03-17,12.04,12.93,12.83,11.88,8901631.0,169198560.0
2014-03-14,11.84,12.17,12.05,11.70,4081784.0,74396024.0
2014-03-13,11.60,12.11,11.97,11.55,4548795.0,81832912.0
2014-03-12,11.93,12.24,11.66,11.25,6511993.0,116259088.0
2014-03-11,12.50,12.63,12.16,11.95,5676479.0,106197376.0
2014-03-10,12.64,12.65,12.34,12.18,6881956.0,129772992.0
2014-03-07,12.53,12.96,12.85,12.48,9580540.0,185078880.0
2014-03-06,13.35,13.35,12.47,12.34,14252189.0,273652928.0
2014-03-05,13.49,13.76,13.47,13.22,9996625.0,204840224.0
2014-03-04,13.06,13.44,13.42,12.83,9655444.0,194001536.0
2014-03-03,12.84,13.41,13.13,12.78,8855471.0,176841056.0
2014-02-28,13.01,13.27,13.03,12.64,10447930.0,206342912.0
2014-02-27,13.03,13.45,13.26,12.56,16159718.0,321014432.0
2014-02-26,13.16,13.28,13.08,12.51,18777228.0,368777056.0
2014-02-25,15.29,15.51,13.54,13.54,25463958.0,556594112.0
2014-02-24,14.44,15.13,15.04,14.23,17782212.0,399338432.0
2014-02-21,14.21,14.85,14.68,13.90,17140480.0,376395104.0
2014-02-20,14.72,15.64,14.49,14.28,27413780.0,625934272.0
2014-02-19,14.97,15.25,14.79,14.52,20082016.0,453917024.0
2014-02-18,14.57,14.87,14.74,14.49,18890484.0,421396448.0
2014-02-17,14.47,15.31,14.85,14.13,33224160.0,738476672.0
2014-02-14,14.08,14.08,14.08,13.18,49017616.0,1024209920.0
2014-02-11,12.80,12.80,12.80,12.80,1754621.0,34144924.0
2014-02-10,11.64,11.64,11.64,11.64,1310544.0,23183524.0
2014-02-07,10.58,10.58,10.58,10.58,1045184.0,16806558.0
2014-01-30,9.62,9.62,9.62,9.62,989108.0,14460759.0
2014-01-29,8.74,8.74,8.74,8.74,369712.0,4913473.0
2014-01-28,7.95,7.95,7.95,7.95,395451.0,4777048.0
2013-11-20,7.23,7.26,7.22,7.16,2387986.0,26204594.0
2013-11-19,7.07,7.27,7.25,7.02,2838578.0,30995886.0
2013-11-18,7.06,7.14,7.09,7.00,2868997.0,30918664.0
2013-11-15,6.89,7.10,7.00,6.84,4293309.0,45795860.0
2013-11-14,6.64,6.85,6.83,6.60,1779447.0,18279816.0
2013-11-13,6.85,6.86,6.66,6.66,1377543.0,14150568.0
2013-11-12,6.81,6.88,6.85,6.78,1314360.0,13664670.0
2013-11-11,6.69,6.78,6.75,6.60,952800.0,9716240.0
2013-11-08,6.85,6.86,6.69,6.67,1474048.0,15086961.0
2013-11-07,6.89,6.96,6.88,6.82,2092331.0,21869088.0
2013-11-06,6.94,7.07,6.89,6.88,2590170.0,27457616.0
2013-11-05,6.99,7.05,6.97,6.83,2767461.0,29176310.0
2013-11-04,6.70,6.99,6.95,6.68,2157597.0,22480586.0
2013-11-01,6.74,6.78,6.70,6.65,1533451.0,15685729.0
2013-10-31,6.89,6.91,6.73,6.66,2476353.0,25415854.0
2013-10-30,6.91,6.93,6.91,6.85,1646910.0,17258222.0
2013-10-29,7.18,7.27,6.87,6.78,3446840.0,36371592.0
2013-10-28,7.16,7.26,7.22,7.14,1152551.0,12603007.0
2013-10-25,7.28,7.32,7.10,7.08,1939269.0,21089234.0
2013-10-24,7.22,7.33,7.24,7.17,1989484.0,21963686.0
2013-10-23,7.59,7.70,7.23,7.18,4056272.0,45529916.0
2013-10-22,7.74,7.79,7.59,7.55,3651791.0,42405016.0
2013-10-21,7.52,7.74,7.73,7.51,3647509.0,42515176.0
2013-10-18,7.50,7.61,7.53,7.49,2014894.0,23092116.0
2013-10-17,7.62,7.68,7.53,7.49,2905644.0,33455884.0
2013-10-16,7.70,7.86,7.53,7.49,4369671.0,50679016.0
2013-10-15,7.88,7.88,7.77,7.72,6378054.0,75488320.0
2013-10-14,7.62,8.01,7.91,7.51,10228305.0,120516872.0
2013-10-11,7.35,7.61,7.56,7.35,4922430.0,56320080.0
2013-10-10,7.43,7.43,7.32,7.30,2473330.0,27687698.0
2013-10-09,7.38,7.49,7.43,7.35,2342164.0,26420398.0
2013-10-08,7.18,7.44,7.42,7.12,2723057.0,30183818.0
2013-09-30,7.14,7.29,7.21,7.08,1573049.0,17214392.0
2013-09-27,7.18,7.26,7.10,7.07,2014959.0,21885294.0
2013-09-26,7.40,7.43,7.18,7.17,2698308.0,29938536.0
2013-09-25,7.51,7.55,7.39,7.33,3045585.0,34261056.0
2013-09-24,7.42,7.56,7.49,7.41,3981174.0,45385304.0
2013-09-23,7.26,7.45,7.42,7.26,3864383.0,43375940.0
2013-09-18,7.32,7.52,7.36,7.32,4769881.0,53734424.0
2013-09-17,7.23,7.29,7.10,7.10,1787976.0,19512248.0
2013-09-16,7.07,7.28,7.22,7.07,1878916.0,20606098.0
2013-09-13,7.14,7.21,7.20,6.99,3078677.0,33220828.0
2013-09-12,7.28,7.36,7.20,7.12,4575472.0,50240944.0
2013-09-11,7.67,7.70,7.28,7.22,6557461.0,73669224.0
2013-09-10,7.49,7.67,7.64,7.46,5318376.0,61563616.0
2013-09-09,7.47,7.53,7.49,7.42,3379570.0,38323308.0
2013-09-06,7.53,7.55,7.49,7.40,3366075.0,38150952.0
2013-09-05,7.41,7.53,7.53,7.37,3060101.0,34800536.0
2013-09-04,7.63,7.64,7.43,7.40,4501624.0,51125840.0
2013-09-03,7.56,7.62,7.62,7.51,3617858.0,41581280.0
2013-09-02,7.47,7.59,7.55,7.35,2849202.0,32423054.0
2013-08-30,7.70,7.77,7.47,7.40,6109396.0,70304176.0
2013-08-29,7.75,7.84,7.66,7.63,5158927.0,60355240.0
2013-08-28,7.99,7.99,7.78,7.76,9632778.0,115099480.0
2013-08-27,8.05,8.12,8.05,7.86,6810737.0,82668560.0
2013-08-26,7.90,8.07,8.05,7.80,9413072.0,114335256.0
2013-08-23,7.66,7.96,7.95,7.66,11890584.0,141744144.0
2013-08-22,7.65,7.72,7.57,7.53,3490963.0,40401008.0
2013-08-21,7.60,7.74,7.69,7.56,3177127.0,37039980.0
2013-08-20,7.56,7.74,7.60,7.55,3053579.0,35468816.0
2013-08-19,7.43,7.60,7.59,7.39,3067059.0,35130948.0
2013-08-16,7.55,7.76,7.49,7.42,4639157.0,53061552.0
2013-08-15,7.82,7.85,7.62,7.61,3982958.0,46551876.0
2013-08-14,7.91,7.96,7.82,7.76,4410150.0,52563240.0
2013-08-13,7.77,7.97,7.93,7.71,4770403.0,56985000.0
2013-08-12,7.76,7.88,7.78,7.62,5662288.0,66745876.0
2013-08-09,8.11,8.20,7.78,7.63,9311493.0,111504272.0
2013-08-08,7.81,8.08,7.99,7.76,7635152.0,92448776.0
2013-08-07,7.80,7.97,7.83,7.66,6640607.0,78759864.0
2013-08-06,7.82,8.01,7.85,7.76,8907260.0,107015880.0
2013-08-05,7.57,7.87,7.83,7.52,8559290.0,100471584.0
2013-08-02,7.65,7.72,7.46,7.45,6764410.0,77902728.0
2013-08-01,7.16,7.54,7.51,7.10,6122481.0,68488320.0
2013-07-31,7.10,7.24,7.10,7.09,3124779.0,34009032.0
2013-07-30,7.14,7.28,7.10,6.78,4674615.0,50196348.0
2013-07-29,7.47,7.47,7.15,7.14,4410362.0,48812556.0
2013-07-26,7.41,7.60,7.49,7.26,5557643.0,62748128.0
2013-07-25,7.82,7.89,7.48,7.41,10518534.0,121903344.0
2013-07-24,7.47,7.86,7.82,7.37,12869191.0,149280752.0
2013-07-23,7.37,7.59,7.50,7.31,10301488.0,116663416.0
2013-07-22,7.10,7.41,7.40,7.01,9025056.0,98688312.0
2013-07-19,7.48,7.57,7.20,7.20,12022861.0,135435872.0
2013-07-18,6.98,7.47,7.45,6.93,12833524.0,142861488.0
2013-07-17,7.35,7.50,6.99,6.99,9469268.0,104490408.0
2013-07-16,7.30,7.32,7.24,7.07,7034494.0,76779416.0
2013-07-15,6.98,7.35,7.26,6.97,10455507.0,114676984.0
2013-07-12,6.72,7.02,6.91,6.72,7891920.0,82837864.0
2013-07-11,6.72,6.95,6.70,6.68,6287111.0,65124876.0
2013-07-10,6.60,6.77,6.74,6.56,3478284.0,60783156.0
2013-07-09,6.58,6.79,6.68,6.39,4327941.0,74109240.0
2013-07-08,6.70,6.78,6.49,6.45,3849810.0,66312900.0
2013-07-05,7.09,7.27,6.85,6.81,4650274.0,85666232.0
2013-07-04,7.40,7.59,7.14,7.08,7182774.0,137779056.0
2013-07-03,7.33,7.40,7.34,7.08,7766497.0,147129072.0
2013-07-02,7.71,7.80,7.46,7.33,12000354.0,237706624.0
2013-07-01,7.04,7.50,7.50,6.92,6112322.0,116200992.0
2013-06-28,7.14,7.27,7.06,6.78,5829821.0,107279936.0
2013-06-27,7.20,7.64,7.27,7.20,8773686.0,170284992.0
2013-06-26,6.95,7.35,7.27,6.89,6441681.0,120589184.0
2013-06-25,6.72,7.21,7.02,6.20,6555071.0,115469944.0
2013-06-24,7.17,7.35,6.89,6.78,5499691.0,101359480.0
2013-06-21,6.65,7.38,7.31,6.39,5691009.0,102202696.0
2013-06-20,7.19,7.32,6.84,6.83,4841381.0,89143816.0
2013-06-19,7.20,7.34,7.28,7.02,6695339.0,126555432.0
2013-06-18,6.71,7.31,7.25,6.71,7124059.0,131227032.0
2013-06-17,6.93,7.25,6.77,6.73,7083079.0,129121704.0
2013-06-14,6.61,6.95,6.89,6.54,5588089.0,99135952.0
2013-06-13,6.02,6.70,6.64,5.67,4666482.0,76848704.0
2013-06-07,6.34,6.41,6.19,6.12,2343925.0,38209244.0
2013-06-06,6.14,6.43,6.33,6.13,3258104.0,53774212.0
2013-06-05,6.33,6.34,6.16,6.09,2557813.0,41417196.0
2013-06-04,6.70,6.70,6.33,6.15,6674830.0,110555472.0
2013-05-13,6.65,6.93,6.70,6.63,6200527.0,109555880.0
2013-05-10,6.30,6.68,6.62,6.26,5983013.0,101913512.0
2013-05-09,6.24,6.37,6.34,6.16,2951586.0,48217468.0
2013-05-08,5.96,6.29,6.27,5.96,3093242.0,49839416.0
2013-05-07,6.04,6.06,5.99,5.94,1272577.0,19905034.0
2013-05-06,5.93,6.10,6.05,5.85,2142704.0,33567944.0
2013-05-03,5.78,5.97,5.85,5.78,1819826.0,27876200.0
2013-05-02,5.78,5.90,5.74,5.67,1843279.0,27797734.0
2013-04-26,6.17,6.24,5.93,5.93,2250831.0,35581348.0
2013-04-25,6.26,6.44,6.18,6.18,3278411.0,54020288.0
2013-04-24,6.08,6.38,6.30,6.01,2547099.0,41599796.0
2013-04-23,6.39,6.39,6.09,6.06,2956957.0,47867580.0
2013-04-22,6.18,6.46,6.42,6.18,3592299.0,59244760.0
2013-04-19,6.08,6.35,6.34,6.07,4267567.0,69756544.0
2013-04-18,6.18,6.30,6.09,6.03,2464213.0,39513436.0
2013-04-17,6.17,6.28,6.23,6.11,1928532.0,31205458.0
2013-04-16,6.08,6.20,6.17,6.01,1255842.0,19994642.0
2013-04-15,6.02,6.20,6.11,5.98,1857814.0,29647580.0
2013-04-12,6.01,6.12,6.03,5.93,1595398.0,25109306.0
2013-04-11,5.96,6.30,6.06,5.96,3248010.0,52141944.0
2013-04-10,5.78,5.86,5.86,5.76,638348.0,9699316.0
2013-04-09,5.75,5.82,5.81,5.70,598289.0,9041669.0
2013-04-08,5.69,5.73,5.73,5.57,634235.0,9315811.0
2013-04-03,5.76,5.83,5.70,5.64,827551.0,12355113.0
2013-04-02,5.92,5.97,5.78,5.76,907401.0,13896406.0
2013-04-01,5.81,5.95,5.92,5.77,637926.0,9818433.0
2013-03-29,5.86,5.90,5.81,5.75,1079371.0,16360358.0
2013-03-28,6.02,6.02,5.82,5.82,1342187.0,20701366.0
2013-03-27,6.13,6.19,6.07,6.03,1129017.0,18006240.0
2013-03-26,6.12,6.17,6.13,5.98,1284517.0,20378352.0
2013-03-25,6.02,6.21,6.14,6.01,2119255.0,33969864.0
2013-03-22,6.01,6.08,6.02,5.93,1325085.0,20807148.0
2013-03-21,5.94,6.11,6.02,5.93,2155341.0,33933104.0
2013-03-20,5.80,6.02,5.97,5.80,1996459.0,31019472.0
2013-03-19,5.67,5.76,5.74,5.59,1009768.0,15040930.0
2013-03-18,5.79,5.86,5.67,5.67,1239893.0,18666224.0
2013-03-15,5.80,6.04,5.85,5.80,1565422.0,24222952.0
2013-03-14,5.75,5.86,5.80,5.75,709375.0,10796453.0
2013-03-13,5.81,5.85,5.78,5.67,1191410.0,17920516.0
2013-03-12,6.01,6.10,5.83,5.75,2478297.0,38133364.0
2013-03-11,6.11,6.14,6.11,6.01,1102298.0,17489062.0
2013-03-08,6.25,6.31,6.08,6.07,2558669.0,41256772.0
2013-03-07,6.37,6.49,6.28,6.17,3060928.0,50784796.0
2013-03-06,6.26,6.39,6.39,6.22,3459186.0,56995448.0
2013-03-05,6.19,6.30,6.28,6.16,2613656.0,42546528.0
2013-03-04,6.43,6.51,6.16,6.08,5032161.0,82314984.0
2013-03-01,6.40,6.66,6.51,6.36,3929857.0,67069144.0
2013-02-28,6.35,6.46,6.41,6.30,4392730.0,73194944.0
2013-02-27,6.39,6.43,6.35,6.24,4468310.0,73862904.0
2013-02-26,6.13,6.55,6.39,6.13,8514873.0,142647008.0
2013-02-25,6.15,6.24,6.20,6.08,2609794.0,41959104.0
2013-02-22,6.14,6.34,6.16,6.09,3526817.0,57544976.0
2013-02-21,6.23,6.26,6.17,6.08,3061020.0,49245096.0
2013-02-20,6.14,6.32,6.32,6.08,4672668.0,75588856.0
2013-02-19,6.28,6.34,6.14,6.07,4233735.0,68473496.0
2013-02-18,6.03,6.54,6.32,5.99,8021280.0,132675296.0
2013-02-08,5.78,6.11,6.06,5.65,5965698.0,91281128.0
2013-02-07,5.73,5.88,5.74,5.72,4618954.0,69653728.0
2013-02-06,5.80,5.89,5.72,5.70,2549627.0,38554596.0
2013-02-05,5.75,5.87,5.80,5.68,1405004.0,21253098.0
2013-02-04,6.09,6.15,5.79,5.78,2659437.0,40963996.0
2013-02-01,6.07,6.26,6.11,5.98,1932740.0,30815178.0
2013-01-31,6.12,6.22,6.12,6.01,1631700.0,25955792.0
2013-01-30,6.19,6.32,6.18,6.13,2918685.0,47277188.0
2013-01-29,5.84,6.39,6.18,5.82,4572257.0,73682312.0
2013-01-28,5.63,5.85,5.85,5.59,3101020.0,46870748.0
2013-01-25,5.55,5.71,5.58,5.49,2048990.0,29962362.0
2013-01-24,5.69,5.79,5.57,5.48,3887924.0,57443524.0
2013-01-23,5.51,5.91,5.80,5.43,5084301.0,74778784.0
2013-01-22,5.67,5.67,5.47,5.42,6389123.0,92384192.0
2013-01-21,5.06,5.24,5.23,5.05,3016358.0,40573464.0
2013-01-18,4.94,5.05,5.04,4.94,1564350.0,20439410.0
2013-01-17,4.99,5.03,4.94,4.90,1118599.0,14511182.0
2013-01-16,5.05,5.08,5.01,4.93,1219931.0,15898459.0
2013-01-15,5.04,5.11,5.05,4.98,1730182.0,22748146.0
2013-01-14,4.84,5.05,5.01,4.79,1924367.0,24842300.0
2013-01-11,5.00,5.14,4.92,4.92,3650633.0,48083996.0
2013-01-10,4.79,5.08,5.08,4.77,2202879.0,28121690.0
2013-01-09,4.76,4.82,4.81,4.71,1141469.0,14227156.0
2013-01-08,4.73,4.83,4.79,4.69,1372504.0,17118568.0
2013-01-07,4.67,4.75,4.73,4.60,1127934.0,13867924.0
2013-01-04,4.66,4.74,4.68,4.50,1243818.0,15037532.0
2012-12-31,4.73,4.74,4.66,4.60,1144299.0,13897794.0
2012-12-28,4.60,4.70,4.66,4.55,779099.0,9385044.0
2012-12-27,4.65,4.75,4.62,4.60,1703881.0,20743278.0
2012-12-26,4.52,4.66,4.62,4.47,1918594.0,22882404.0
2012-12-25,4.37,4.51,4.49,4.37,1917892.0,22326980.0
2012-12-24,4.39,4.41,4.37,4.33,1094111.0,12474878.0
2012-12-21,4.40,4.44,4.42,4.34,763777.0,8771417.0
2012-12-20,4.38,4.42,4.38,4.34,715351.0,8195138.0
2012-12-19,4.29,4.39,4.38,4.28,1049301.0,11933510.0
2012-12-18,4.34,4.36,4.28,4.26,637797.0,7191022.0
2012-12-17,4.35,4.37,4.34,4.31,679184.0,7695885.0
2012-12-14,4.22,4.46,4.33,4.17,1270447.0,14320069.0
2012-12-13,4.27,4.27,4.19,4.17,264490.0,2914110.0
2012-12-12,4.27,4.28,4.27,4.21,291997.0,3246569.0
2012-12-11,4.30,4.30,4.27,4.25,371045.0,4149306.0
2012-12-10,4.28,4.31,4.30,4.22,600743.0,6680994.0
2012-12-07,4.16,4.26,4.25,4.16,362007.0,3995967.0
2012-12-06,4.14,4.26,4.18,4.14,255847.0,2809687.0
2012-12-05,3.99,4.43,4.19,3.99,503181.0,5530519.0
2012-12-04,3.87,4.06,4.03,3.87,222400.0,2310282.0
2012-12-03,4.11,4.11,3.96,3.92,148005.0,1555849.0
2012-11-30,4.02,4.13,4.12,3.91,247815.0,2619011.0
2012-11-29,4.36,4.38,4.05,3.90,526800.0,5753948.0
2012-11-28,4.48,4.48,4.33,4.28,299023.0,3388600.0
2012-11-27,4.66,4.68,4.49,4.48,339300.0,4040830.0
2012-11-26,4.71,4.73,4.68,4.64,106401.0,1299516.0
2012-11-23,4.73,4.77,4.73,4.72,144799.0,1791175.0
2012-11-22,4.67,4.78,4.74,4.67,183919.0,2274488.0
2012-11-21,4.74,4.74,4.73,4.64,156130.0,1916269.0
2012-11-20,4.70,4.72,4.67,4.67,115518.0,1418670.0
2012-11-19,4.65,4.70,4.70,4.64,128889.0,1569263.0
2012-11-16,4.63,4.69,4.65,4.62,157391.0,1911184.0
2012-11-15,4.72,4.74,4.65,4.62,166614.0,2036890.0
2012-11-14,4.70,4.78,4.76,4.69,192824.0,2391783.0
2012-11-13,4.74,4.74,4.70,4.65,164000.0,2006988.0
2012-11-12,4.68,4.74,4.72,4.68,195622.0,2406721.0
2012-11-09,4.64,4.70,4.68,4.63,221457.0,2699156.0
2012-11-08,4.77,4.79,4.68,4.68,419190.0,5185522.0
2012-11-07,4.87,4.87,4.79,4.79,364640.0,4582480.0
2012-11-06,4.88,4.88,4.86,4.79,399718.0,5024266.0
2012-11-05,4.91,4.95,4.89,4.83,284600.0,3634277.0
2012-11-02,4.92,4.93,4.93,4.90,238245.0,3061254.0
2012-11-01,4.83,4.93,4.92,4.83,399612.0,5109396.0
2012-10-31,4.83,4.85,4.83,4.79,303673.0,3810212.0
2012-10-30,4.87,4.89,4.83,4.82,234920.0,2976474.0
2012-10-29,4.85,4.89,4.85,4.82,325071.0,4115711.0
2012-10-26,4.98,5.02,4.85,4.84,329239.0,4209050.0
2012-10-25,4.98,5.01,4.98,4.96,266080.0,3463338.0
2012-10-24,4.98,5.01,4.96,4.94,309391.0,4024518.0
2012-10-23,5.08,5.10,4.98,4.97,597389.0,7835926.0
2012-10-22,5.05,5.10,5.10,5.05,462699.0,6135650.0
2012-10-19,5.10,5.14,5.08,5.05,899071.0,11956113.0
2012-10-18,5.10,5.13,5.10,5.06,868217.0,11575374.0
2012-10-17,5.05,5.09,5.05,5.04,430544.0,5687814.0
2012-10-16,5.07,5.13,5.05,5.04,483159.0,6413488.0
2012-10-15,5.15,5.16,5.06,5.01,540388.0,7142110.0
2012-10-12,5.14,5.18,5.16,5.05,993008.0,13272036.0
2012-10-11,5.39,5.39,5.14,5.14,1391680.0,19084492.0
2012-10-10,5.29,5.36,5.35,5.27,1375929.0,19120044.0
2012-10-09,5.40,5.49,5.34,5.27,3573266.0,49790844.0
2012-10-08,5.50,5.50,5.28,5.21,1718396.0,24047226.0
2012-09-28,5.20,5.31,5.24,5.18,910508.0,12449958.0
2012-09-27,4.94,5.44,5.26,4.92,1306017.0,17685286.0
2012-09-26,5.13,5.13,4.94,4.93,895392.0,11690625.0
2012-09-25,5.34,5.35,5.17,5.13,1245543.0,16978368.0
2012-09-24,5.39,5.42,5.31,5.21,2962770.0,41177708.0
2012-09-21,5.14,5.28,5.17,5.07,609253.0,8236832.0
2012-09-20,5.26,5.26,5.13,5.08,717239.0,9638689.0
2012-09-19,5.16,5.38,5.23,5.15,2169128.0,29919294.0
2012-09-18,5.02,5.17,5.14,5.02,529931.0,7080075.0
2012-09-17,5.15,5.17,5.06,5.05,578801.0,7697891.0
2012-09-14,5.27,5.28,5.16,5.13,1009090.0,13737300.0
2012-09-13,5.14,5.33,5.19,5.11,1522018.0,20803730.0
2012-09-12,5.17,5.20,5.15,5.08,454237.0,6086641.0
2012-09-11,5.13,5.19,5.16,5.06,644043.0,8609662.0
2012-09-10,5.10,5.17,5.13,5.06,968626.0,12981406.0
2012-09-07,5.02,5.17,5.10,4.99,1046752.0,13942129.0
2012-09-06,4.93,4.99,4.98,4.91,756556.0,9797470.0
2012-09-05,4.88,5.00,4.95,4.82,372786.0,4738712.0
2012-09-04,4.92,4.92,4.88,4.86,285269.0,3644566.0
2012-09-03,4.84,4.92,4.90,4.80,298073.0,3802269.0
2012-08-31,4.80,4.85,4.83,4.77,178991.0,2253756.0
2012-08-30,4.86,4.92,4.80,4.76,463866.0,5854250.0
2012-08-29,4.92,4.96,4.90,4.90,293565.0,3772669.0
2012-08-28,4.85,4.97,4.91,4.85,472159.0,6072494.0
2012-08-27,5.03,5.05,4.88,4.84,584832.0,7515580.0
2012-08-24,5.15,5.16,5.05,5.05,421490.0,5599177.0
2012-08-23,5.11,5.17,5.16,5.03,486658.0,6492872.0
2012-08-22,5.18,5.19,5.09,5.06,411718.0,5508824.0
2012-08-21,5.08,5.18,5.16,5.06,626736.0,8416581.0
2012-08-20,5.02,5.09,5.08,4.99,311740.0,4102791.0
2012-08-17,5.11,5.13,5.07,5.00,375399.0,4965986.0
2012-08-16,5.01,5.13,5.11,5.01,314316.0,4183377.0
2012-08-15,5.13,5.15,5.06,5.01,476238.0,6339654.0
2012-08-14,5.09,5.17,5.16,5.01,663624.0,8841298.0
2012-08-13,5.22,5.22,5.09,5.09,841559.0,11265299.0
2012-08-10,5.26,5.32,5.21,5.18,1200057.0,16435764.0
2012-08-09,5.19,5.28,5.25,5.13,1522965.0,20780802.0
2012-08-08,5.18,5.23,5.21,5.08,1106444.0,14893681.0
2012-08-07,5.30,5.32,5.18,5.13,2070747.0,28192888.0
2012-08-06,4.90,5.19,5.17,4.90,1992137.0,26637156.0
2012-08-03,4.79,4.90,4.89,4.77,512172.0,6486090.0
2012-08-02,4.87,4.93,4.77,4.73,386387.0,4867262.0
2012-08-01,4.79,4.96,4.92,4.79,473700.0,6081796.0
2012-07-31,4.98,4.99,4.87,4.67,894043.0,11208267.0
2012-07-30,5.28,5.28,4.98,4.96,899398.0,11994170.0
2012-07-27,5.32,5.32,5.24,5.11,1038378.0,14115354.0
2012-07-26,4.94,5.31,5.26,4.90,1067810.0,14205803.0
2012-07-25,5.20,5.22,5.02,5.02,1194359.0,16043880.0
2012-07-24,4.80,5.36,5.31,4.74,1640898.0,21488414.0
2012-07-23,4.67,4.96,4.89,4.59,988756.0,12362783.0
2012-07-20,4.72,4.74,4.68,4.63,307305.0,3751189.0
2012-07-19,4.66,4.78,4.74,4.66,404074.0,5003646.0
2012-07-18,4.61,4.71,4.71,4.60,339549.0,4124544.0
2012-07-17,4.64,4.75,4.66,4.60,281024.0,3419762.0
2012-07-16,4.84,4.89,4.64,4.59,732938.0,8994392.0
2012-07-13,4.94,4.98,4.88,4.84,369483.0,4725819.0
2012-07-12,4.89,4.98,4.94,4.80,609990.0,7825105.0
2012-07-11,4.85,4.92,4.89,4.84,423881.0,5403382.0
2012-07-10,5.02,5.02,4.85,4.80,721420.0,9175736.0
2012-07-09,5.13,5.17,5.04,5.02,572189.0,7588546.0
2012-07-06,5.11,5.19,5.17,5.00,691383.0,9242507.0
2012-07-05,5.31,5.31,5.10,5.04,717122.0,9647106.0
2012-07-04,5.25,5.34,5.32,5.19,849523.0,11686646.0
2012-07-03,5.36,5.36,5.27,5.19,1457375.0,20109994.0
2012-07-02,5.41,5.59,5.41,5.38,2159644.0,30904276.0
2012-06-29,5.26,5.30,5.30,5.16,1047705.0,14372245.0
2012-06-28,5.14,5.37,5.31,5.02,3084838.0,42402416.0
2012-06-27,5.03,5.21,5.13,5.00,1911755.0,25564474.0
2012-06-26,4.81,5.05,5.05,4.79,1104438.0,14255758.0
2012-06-25,4.98,4.98,4.81,4.80,514294.0,6517875.0
2012-06-21,5.06,5.06,4.98,4.95,368403.0,4816268.0
2012-06-20,5.01,5.10,5.05,5.01,614406.0,8118821.0
2012-06-19,5.00,5.03,5.01,4.99,358178.0,4681831.0
2012-06-18,4.97,5.03,5.00,4.97,640072.0,8372311.0
2012-06-15,4.97,4.97,4.96,4.89,365793.0,4709171.0
2012-06-14,5.05,5.05,4.93,4.93,501375.0,6525882.0
2012-06-13,4.95,5.00,4.99,4.87,605640.0,7958127.0
2012-06-12,4.89,4.95,4.90,4.85,285398.0,3692168.0
2012-06-11,4.84,4.91,4.91,4.79,337449.0,4338075.0
2012-06-08,4.94,4.94,4.82,4.79,518210.0,6635625.0
2012-06-07,5.10,5.10,4.88,4.87,1120372.0,14746745.0
2012-06-06,4.85,4.91,4.81,4.78,267525.0,3409303.0
2012-06-05,4.77,4.84,4.82,4.74,397222.0,5037644.0
2012-06-04,4.93,4.93,4.81,4.79,630375.0,8106472.0
2012-06-01,5.02,5.03,5.02,4.96,559350.0,7398579.0
2012-05-31,4.95,5.08,4.99,4.93,843336.0,11162456.0
2012-05-30,5.03,5.05,4.98,4.97,990795.0,13128114.0
2012-05-29,4.85,5.06,5.01,4.83,1404721.0,18472418.0
2012-05-28,4.75,4.86,4.85,4.68,667912.0,8433748.0
2012-05-25,4.89,4.93,4.79,4.77,506731.0,6502530.0
2012-05-24,4.96,4.99,4.90,4.88,423802.0,5530160.0
2012-05-23,5.02,5.05,4.96,4.90,596499.0,7840616.0
2012-05-22,4.94,5.03,5.02,4.94,688138.0,9055229.0
2012-05-21,4.91,4.96,4.94,4.84,585235.0,7586295.0
2012-05-17,4.94,5.02,5.00,4.91,831965.0,10947998.0
2012-05-16,5.15,5.22,4.93,4.88,1392371.0,18585780.0
2012-05-15,5.27,5.27,5.21,5.15,599016.0,8209166.0
2012-05-14,5.31,5.33,5.28,5.26,540772.0,7560910.0
2012-05-11,5.28,5.33,5.27,5.25,544369.0,7611314.0
2012-05-10,5.28,5.34,5.27,5.26,853071.0,11948658.0
2012-05-09,5.48,5.49,5.30,5.30,1240332.0,17612188.0
2012-05-08,5.42,5.53,5.51,5.42,1497523.0,21716300.0
2012-05-07,5.38,5.43,5.42,5.30,931454.0,13197489.0
2012-05-04,5.41,5.42,5.39,5.36,912432.0,13023142.0
2012-05-03,5.26,5.42,5.39,5.25,1125827.0,15924606.0
2012-05-02,5.33,5.37,5.29,5.26,1017434.0,14260755.0
2012-04-27,5.19,5.29,5.22,5.19,701911.0,9713340.0
2012-04-26,5.33,5.33,5.19,5.18,1479713.0,20528826.0
2012-04-25,5.30,5.36,5.35,5.13,2125462.0,29485794.0
2012-04-24,5.78,5.82,5.33,5.33,3680281.0,53261936.0
2012-04-23,6.24,6.32,5.92,5.86,3664744.0,59082240.0
2012-04-20,5.98,6.24,6.10,5.92,3173314.0,51073972.0
2012-04-19,6.12,6.14,5.97,5.97,2396430.0,38293756.0
2012-04-18,6.07,6.33,6.14,5.93,4412491.0,71510264.0
2012-04-17,6.28,6.45,6.12,6.12,3631326.0,60220176.0
2012-04-16,6.43,6.52,6.49,6.30,2786232.0,47154544.0
2012-04-13,6.27,6.72,6.49,6.14,5599820.0,94523280.0
2012-04-12,6.09,6.24,6.23,5.98,3993866.0,64825552.0
2012-04-11,6.00,6.17,6.13,5.92,3109275.0,50000656.0
2012-04-09,6.00,6.16,6.02,5.86,3177068.0,50485580.0
2012-04-06,6.10,6.19,6.02,5.93,4241510.0,68101712.0
2012-04-05,5.93,6.38,6.24,5.93,5686363.0,92284288.0
2012-03-30,6.23,6.23,6.07,5.87,6243585.0,99789664.0
2012-03-29,5.63,6.24,6.24,5.49,8848679.0,139597552.0
2012-03-28,5.58,5.86,5.67,5.45,2946692.0,43845600.0
2012-03-27,5.51,5.62,5.56,5.48,1002426.0,14756348.0
2012-03-26,5.51,5.54,5.47,5.42,439685.0,6348091.0
2012-03-23,5.61,5.61,5.48,5.46,787181.0,11524997.0
2012-03-22,5.54,5.66,5.62,5.53,636978.0,9416200.0
2012-03-21,5.66,5.76,5.67,5.52,760442.0,11369498.0
2012-03-20,5.85,5.89,5.64,5.62,1120503.0,17048728.0
2012-03-19,5.70,5.86,5.86,5.70,1211607.0,18511526.0
2012-03-16,5.64,5.73,5.70,5.54,1200061.0,17980914.0
2012-03-15,5.59,5.68,5.59,5.48,1218953.0,18033294.0
2012-03-14,5.97,6.12,5.64,5.59,3515781.0,55456032.0
2012-03-13,5.87,5.91,5.90,5.79,1214066.0,18765168.0
2012-03-12,5.79,5.88,5.87,5.76,1638060.0,25223976.0
2012-03-09,5.70,5.79,5.79,5.67,1561500.0,23742232.0
2012-03-08,5.58,5.67,5.65,5.55,945747.0,14073719.0
2012-03-07,5.54,5.62,5.55,5.49,1010452.0,14865418.0
2012-03-06,5.74,5.74,5.59,5.55,1343353.0,19958054.0
2012-03-05,5.77,5.78,5.73,5.69,1348632.0,20443256.0
2012-03-02,5.74,5.76,5.76,5.67,1422292.0,21581958.0
2012-03-01,5.61,5.73,5.67,5.59,636563.0,9560344.0
2012-02-29,5.67,5.70,5.61,5.60,859977.0,12850194.0
2012-02-28,5.71,5.73,5.66,5.56,1435227.0,21462412.0
2012-02-27,5.90,5.92,5.74,5.73,3034870.0,46502476.0
2012-02-23,5.74,5.83,5.71,5.63,1852662.0,28074102.0
2012-02-22,5.53,5.76,5.75,5.52,2947160.0,44073028.0
2012-02-21,5.47,5.52,5.52,5.37,1198822.0,17270888.0
2012-02-20,5.55,5.58,5.47,5.45,1202141.0,17546148.0
2012-02-17,5.58,5.65,5.50,5.46,940969.0,13743318.0
2012-02-16,5.54,5.66,5.56,5.50,1465390.0,21598688.0
2012-02-15,5.50,5.58,5.56,5.45,1624729.0,23788298.0
2012-02-14,5.53,5.57,5.51,5.44,1171721.0,17024126.0
2012-02-13,5.37,5.59,5.55,5.30,2439520.0,35374944.0
2012-02-10,5.42,5.52,5.42,5.35,2198140.0,31535436.0
2012-02-09,5.34,5.44,5.34,5.31,2121010.0,30219096.0
2012-02-08,5.10,5.35,5.34,5.09,1780810.0,24697234.0
2012-02-07,5.29,5.29,5.14,5.09,1543560.0,21139694.0
2012-02-06,5.20,5.36,5.31,5.18,2252958.0,31548664.0
2012-02-03,5.11,5.36,5.23,5.10,2877387.0,39829664.0
2012-02-01,5.08,5.16,4.97,4.91,1466256.0,19714472.0
2012-01-31,4.97,5.04,5.04,4.96,694007.0,9190438.0
2012-01-30,5.02,5.05,4.96,4.96,1055361.0,13959337.0
2012-01-20,4.95,5.05,5.02,4.91,940156.0,12453725.0
2012-01-19,4.84,4.95,4.93,4.77,993582.0,12877300.0
2012-01-18,5.05,5.10,4.84,4.82,1327986.0,17507080.0
2012-01-17,4.76,5.08,5.05,4.73,1431593.0,18575244.0
2012-01-16,5.02,5.02,4.76,4.76,1217818.0,15733943.0
2012-01-13,5.41,5.47,5.03,5.03,2405416.0,32975106.0
2012-01-12,5.41,5.53,5.43,5.41,2110808.0,30561556.0
2012-01-11,5.54,5.56,5.48,5.40,2937126.0,42659624.0
2012-01-10,5.35,5.62,5.57,5.33,4154220.0,60129332.0
2012-01-09,5.22,5.42,5.42,5.04,3257365.0,45551984.0
2012-01-06,5.16,5.23,5.20,4.84,2440510.0,32928890.0
2012-01-05,5.16,5.33,5.18,5.08,2011781.0,27662454.0
2012-01-04,5.40,5.42,5.23,5.16,3077195.0,43455852.0
2011-12-30,4.98,5.31,5.31,4.95,3719851.0,52075148.0
2011-12-28,4.95,5.02,4.83,4.65,1142120.0,14446398.0
2011-12-27,5.05,5.10,5.02,4.91,1286741.0,16869244.0
2011-12-26,5.01,5.17,5.07,4.99,878030.0,11823954.0
2011-12-23,5.06,5.20,5.06,4.93,1260026.0,16915472.0
2011-12-22,5.48,5.48,5.16,4.97,2497665.0,33358244.0
2011-12-21,5.79,5.83,5.53,5.53,1081759.0,16352814.0
2011-12-20,5.56,5.85,5.81,5.56,1903669.0,28957104.0
2011-12-19,5.65,5.65,5.61,5.45,1103130.0,16274171.0
2011-12-16,5.60,5.70,5.69,5.54,815055.0,12129092.0
2011-12-15,5.54,5.64,5.58,5.52,833683.0,12317383.0
2011-12-14,5.65,5.71,5.57,5.50,1010721.0,14970503.0
2011-12-13,5.84,5.84,5.65,5.55,996120.0,14963853.0
2011-12-12,6.16,6.16,5.87,5.79,1088754.0,17157964.0
2011-12-09,6.13,6.19,6.11,6.09,528134.0,8561290.0
2011-12-08,6.48,6.48,6.26,6.01,1459365.0,24068422.0
2011-12-07,6.68,6.74,6.49,6.34,865764.0,14862329.0
2011-12-06,6.62,6.78,6.66,6.54,203345.0,3585870.0
2011-12-05,6.90,6.90,6.69,6.51,440727.0,7737931.0
2011-12-02,7.33,7.33,6.85,6.80,503002.0,9251743.0
2011-12-01,7.48,7.51,7.29,7.20,495554.0,9671409.0
2011-11-30,7.58,7.59,7.33,7.00,423957.0,8203743.0
2011-11-29,7.50,7.65,7.58,7.50,521590.0,10431663.0
2011-11-28,7.53,7.53,7.48,7.39,100799.0,1985591.0
2011-11-25,7.45,7.66,7.53,7.42,132956.0,2634342.0
2011-11-24,7.57,7.57,7.56,7.35,112001.0,2219850.0
2011-11-23,7.56,7.67,7.59,7.50,688391.0,13852420.0
2011-11-22,7.58,7.62,7.55,7.42,281769.0,5583150.0
2011-11-21,7.90,7.96,7.61,7.50,598253.0,12044372.0
2011-11-18,7.89,8.18,7.86,7.84,590051.0,12522407.0
2011-11-17,8.01,8.15,7.99,7.94,380911.0,8093880.0
2011-11-16,8.16,8.27,8.05,7.89,655150.0,14042500.0
2011-11-15,8.13,8.27,8.20,8.05,855111.0,18429548.0
2011-11-14,8.22,8.43,8.23,8.09,1439073.0,31384356.0
2011-11-11,8.30,8.50,8.15,8.01,1470331.0,32300656.0
2011-11-10,7.94,8.46,8.30,7.94,3252139.0,71353200.0
2011-11-09,7.76,8.04,8.04,7.68,962269.0,20094044.0
2011-11-08,7.76,7.81,7.78,7.66,418100.0,8533865.0
2011-11-07,7.84,8.05,7.83,7.75,651271.0,13517794.0
2011-11-04,8.01,8.13,7.92,7.83,860889.0,18039574.0
2011-11-03,7.79,8.12,8.05,7.56,1825389.0,38372588.0
2011-11-02,7.48,7.89,7.77,7.48,979083.0,20014774.0
2011-11-01,7.54,7.67,7.64,7.47,687404.0,13814464.0
2011-10-31,7.67,7.69,7.63,7.37,834780.0,16658501.0
2011-10-28,7.50,7.73,7.63,7.40,1171897.0,23541848.0
2011-10-27,7.43,7.50,7.40,7.24,385793.0,7502641.0
2011-10-26,7.34,7.56,7.45,7.14,775454.0,15081577.0
2011-10-25,7.09,7.41,7.39,7.09,777459.0,15111690.0
2011-10-24,7.16,7.25,7.23,6.80,421495.0,7905080.0
2011-10-21,7.06,7.19,7.16,7.02,315182.0,5944584.0
2011-10-20,7.29,7.29,7.14,6.88,597400.0,11204666.0
2011-10-19,7.28,7.55,7.26,7.23,588630.0,11414353.0
2011-10-18,7.30,7.52,7.31,7.22,837041.0,16338571.0
2011-10-17,7.37,7.75,7.39,7.28,949852.0,18615122.0
2011-10-14,7.28,7.33,7.33,7.11,665426.0,12709817.0
2011-10-13,7.14,7.33,7.26,7.08,641002.0,12207670.0
2011-10-12,6.77,7.23,7.18,6.71,1798247.0,33413216.0
2011-10-11,6.73,6.91,6.82,6.61,1203910.0,21493960.0
2011-10-10,6.68,6.68,6.64,6.48,323580.0,5627598.0
2011-09-30,6.65,6.70,6.67,6.57,353830.0,6198218.0
2011-09-29,6.63,6.73,6.67,6.43,1242368.0,21484634.0
2011-09-28,6.88,6.88,6.71,6.56,751822.0,13246234.0
2011-09-27,6.76,6.80,6.74,6.61,934442.0,16567820.0
2011-09-26,6.84,6.95,6.75,6.65,337312.0,6035174.0
2011-09-23,7.01,7.09,6.89,6.75,1470433.0,26525948.0
2011-09-22,7.48,7.48,7.12,7.11,715497.0,13733279.0
2011-09-21,7.36,7.53,7.53,7.25,845144.0,16585080.0
2011-09-20,7.33,7.39,7.36,7.22,224893.0,4331396.0
2011-09-19,7.53,7.60,7.35,7.30,182474.0,3563269.0
2011-09-16,7.54,7.64,7.51,7.50,114790.0,2296693.0
2011-09-15,7.60,7.66,7.54,7.48,202600.0,4048096.0
2011-09-14,7.57,7.60,7.60,7.43,263570.0,5257395.0
2011-09-13,7.62,7.74,7.56,7.56,163673.0,3291733.0
2011-09-09,7.92,7.92,7.83,7.72,191721.0,3951060.0
2011-09-08,7.86,8.09,7.84,7.75,287041.0,5994819.0
2011-09-07,7.63,7.86,7.84,7.51,255942.0,5210831.0
2011-09-06,7.69,7.69,7.57,7.41,174849.0,3498219.0
2011-09-05,7.79,7.85,7.71,7.62,229853.0,4654253.0
2011-09-02,7.79,7.91,7.80,7.77,180689.0,3733637.0
2011-09-01,8.05,8.12,7.93,7.91,308530.0,6522742.0
2011-08-31,8.04,8.12,8.09,7.88,358376.0,7594619.0
2011-08-30,8.24,8.27,8.08,7.99,594891.0,12823237.0
2011-08-29,8.16,8.27,8.20,8.12,744746.0,16148594.0
2011-08-26,8.19,8.27,8.16,8.10,555789.0,12001661.0
2011-08-25,8.14,8.21,8.19,8.04,762430.0,16460050.0
2011-08-24,7.99,8.13,8.08,7.99,680594.0,14550798.0
2011-08-23,7.89,7.99,7.99,7.82,461019.0,9658374.0
2011-08-22,7.79,8.00,7.81,7.78,301535.0,6291575.0
2011-08-19,7.70,8.26,7.88,7.64,331074.0,6905338.0
2011-08-18,8.14,8.14,7.87,7.83,628475.0,13201402.0
2011-08-17,8.16,8.24,8.11,8.09,739162.0,15949559.0
2011-08-16,8.15,8.23,8.09,8.02,324692.0,6973411.0
2011-08-15,8.05,8.27,8.13,8.01,452342.0,9708228.0
2011-08-12,7.98,8.09,8.02,7.94,448013.0,9502512.0
2011-08-11,7.56,8.41,7.95,7.38,870300.0,18134778.0
2011-08-10,7.81,7.85,7.65,7.57,532506.0,10825787.0
2011-08-09,7.39,7.55,7.53,7.14,468687.0,9170718.0
2011-08-08,7.99,8.02,7.58,7.37,762591.0,15505609.0
2011-08-05,7.94,8.26,7.99,7.94,733907.0,15752751.0
2011-08-04,8.60,8.73,8.43,8.39,1219304.0,27538632.0
2011-08-03,8.19,8.64,8.55,8.13,2008125.0,44986376.0
2011-08-02,8.02,8.26,8.24,7.94,765351.0,16360205.0
2011-08-01,7.91,8.27,8.05,7.90,402831.0,8592800.0
2011-07-29,7.86,7.97,7.91,7.75,353291.0,7314029.0
2011-07-28,7.96,7.99,7.86,7.82,397200.0,8290485.0
2011-07-27,7.88,8.16,7.96,7.75,505049.0,10650605.0
2011-07-26,8.03,8.03,7.91,7.71,647828.0,13469717.0
2011-07-22,8.20,8.30,8.28,8.13,385352.0,8363673.0
2011-07-21,8.24,8.31,8.20,8.13,362065.0,7855713.0
2011-07-20,8.32,8.37,8.24,8.13,883231.0,19152764.0
2011-07-19,8.27,8.38,8.29,8.14,732851.0,16062401.0
2011-07-18,8.28,8.31,8.31,8.09,947923.0,20596838.0
2011-07-15,8.14,8.53,8.35,8.06,1495106.0,33023458.0
2011-07-14,7.90,8.12,8.05,7.90,668320.0,14180011.0
2011-07-13,7.90,8.07,7.96,7.87,772799.0,16246918.0
2011-07-12,7.86,7.96,7.93,7.60,1138644.0,23604452.0
2011-07-08,8.15,8.16,7.99,7.90,2820779.0,59515456.0
2011-07-07,8.19,8.32,8.15,8.15,780584.0,16969258.0
2011-07-06,8.24,8.27,8.24,8.10,489520.0,10604238.0
2011-07-05,8.05,8.27,8.27,8.00,1835197.0,39809400.0
2011-07-04,7.94,8.07,8.02,7.94,748180.0,15858029.0
2011-07-01,8.09,8.09,7.99,7.95,279580.0,5912314.0
2011-06-30,8.03,8.13,8.09,7.89,635652.0,13543810.0
2011-06-29,8.05,8.12,8.03,7.86,541477.0,11410295.0
2011-06-28,8.04,8.19,8.05,7.94,395801.0,8395192.0
2011-06-27,7.93,8.25,8.05,7.79,1253891.0,26872692.0
2011-06-24,7.62,8.06,7.86,7.57,1305044.0,27208432.0
2011-06-23,7.41,7.76,7.64,7.37,652832.0,13144205.0
2011-06-22,7.51,7.65,7.56,7.37,295145.0,5858121.0
2011-06-21,7.50,7.67,7.51,7.41,280311.0,5560384.0
2011-06-17,7.62,7.74,7.50,7.37,329054.0,6512005.0
2011-06-16,7.60,7.70,7.56,7.49,197956.0,3959348.0
2011-06-15,7.84,7.84,7.73,7.64,328041.0,6675706.0
2011-06-14,7.56,7.90,7.80,7.49,1086599.0,22310554.0
2011-06-13,7.41,7.56,7.55,7.33,269831.0,5340195.0
2011-06-10,7.62,7.70,7.64,7.19,685219.0,13648967.0
2011-06-09,7.60,7.72,7.62,7.36,575661.0,11513220.0
2011-06-08,7.81,7.84,7.81,7.41,375308.0,7625173.0
2011-06-07,7.73,7.92,7.83,7.64,717945.0,14757079.0
2011-06-03,7.40,7.78,7.73,7.33,708237.0,14315796.0
2011-06-02,7.37,7.45,7.44,7.18,557234.0,10807925.0
2011-06-01,7.12,7.47,7.44,7.03,679606.0,13195023.0
2011-05-31,6.80,7.14,7.12,6.77,457055.0,8433767.0
2011-05-30,6.79,6.96,6.77,6.66,270680.0,4893866.0
2011-05-27,6.95,7.10,6.78,6.76,279491.0,5146715.0
2011-05-26,7.35,7.35,7.06,6.45,353756.0,6742103.0
2011-05-25,7.33,7.42,7.17,7.16,339870.0,6602068.0
2011-05-24,7.15,7.43,7.37,7.09,439223.0,8488409.0
2011-05-23,7.52,7.56,7.26,7.22,625180.0,12306313.0
2011-05-20,7.71,7.85,7.52,7.41,1942415.0,38824444.0
2011-05-19,8.05,8.06,7.80,7.77,545185.0,11531426.0
2011-05-18,8.11,8.15,8.04,7.98,456805.0,9787927.0
2011-05-17,8.20,8.23,8.09,7.97,375849.0,8121193.0
2011-05-16,8.32,8.32,8.23,8.15,592264.0,12932921.0
2011-05-13,8.22,8.34,8.24,8.11,545214.0,11935201.0
2011-05-12,8.15,8.30,8.13,8.12,376959.0,8222458.0
2011-05-11,8.26,8.34,8.22,8.13,506570.0,11121374.0
2011-05-10,8.26,8.35,8.29,8.18,547292.0,12045243.0
2011-05-09,8.04,8.30,8.26,8.02,839235.0,18353492.0
2011-05-06,7.89,8.07,8.05,7.65,596225.0,12698088.0
2011-05-04,8.33,8.33,8.04,7.95,825419.0,17690310.0
2011-05-03,8.24,8.35,8.27,8.19,832673.0,18291356.0
2011-04-29,7.89,8.45,8.27,7.88,1222814.0,26574530.0
2011-04-28,8.18,8.36,7.91,7.85,1362560.0,29074196.0
2011-04-27,9.00,9.09,8.08,8.08,3051418.0,67779496.0
2011-04-26,9.20,9.29,8.98,8.96,805580.0,19475690.0
2011-04-25,9.24,9.45,9.20,9.10,1117036.0,27531402.0
2011-04-22,9.13,9.30,9.28,9.10,1195519.0,29352890.0
2011-04-21,8.96,9.13,9.12,8.90,1093058.0,26349332.0
2011-04-20,8.96,9.12,8.96,8.93,1010329.0,24147566.0
2011-04-19,9.41,9.52,9.16,8.86,2186373.0,52496948.0
2011-04-18,9.72,9.72,9.41,9.33,1445927.0,36597344.0
2011-04-15,9.58,9.77,9.77,9.46,1056145.0,27006372.0
2011-04-14,9.79,9.90,9.65,9.47,2081723.0,53255672.0
2011-04-13,9.77,10.13,9.86,9.69,805200.0,21293688.0
2011-04-12,10.01,10.01,9.92,9.71,1329309.0,34725936.0
2011-04-11,10.07,10.36,10.14,9.95,2313824.0,62560732.0
2011-04-08,10.03,10.07,10.05,9.85,1227563.0,32617296.0
2011-04-07,10.03,10.25,10.02,9.61,1985899.0,52743468.0
2011-04-06,10.14,10.30,9.98,9.91,997168.0,26623824.0
2011-04-01,9.91,10.25,10.22,9.78,2185689.0,58833056.0
2011-03-31,9.77,10.09,9.99,9.56,1946752.0,51105068.0
2011-03-30,10.14,10.22,9.80,9.49,1983155.0,51797860.0
2011-03-29,10.29,10.55,10.22,10.11,2689026.0,74082928.0
2011-03-28,10.02,10.88,10.32,10.02,5450705.0,151580960.0
2011-03-25,9.54,10.01,9.92,9.52,5906724.0,154255920.0
2011-03-24,9.75,9.75,9.56,9.49,4200676.0,106993800.0
2011-03-23,9.79,10.06,9.77,9.54,2284338.0,59744032.0
2011-03-22,10.07,10.09,9.86,9.39,2713798.0,70468640.0
2011-03-21,10.22,10.22,10.10,9.96,1023213.0,27444608.0
2011-03-18,10.12,10.42,10.26,10.02,1619837.0,44047840.0
2011-03-17,10.21,10.44,10.07,9.99,2853041.0,78007624.0
2011-03-16,10.36,10.44,10.25,10.16,1366478.0,37417016.0
2011-03-15,10.29,10.50,10.37,10.10,2418209.0,66356952.0
2011-03-14,9.56,10.48,10.48,9.43,4310771.0,114947584.0
2011-03-11,9.58,9.76,9.58,9.42,1165465.0,29916868.0
2011-03-10,9.57,9.81,9.60,9.50,1073358.0,27536174.0
2011-03-09,9.78,9.91,9.57,9.54,1527573.0,39223648.0
2011-03-08,9.98,10.30,9.84,9.80,1788467.0,47524800.0
2011-03-07,10.13,10.23,10.01,9.95,1267787.0,33992616.0
2011-03-04,10.01,10.12,10.11,9.80,1978422.0,52577140.0
2011-03-03,9.60,10.19,10.04,9.60,3984255.0,106094808.0
2011-03-02,9.39,9.68,9.60,9.31,2073736.0,52605276.0
2011-03-01,9.35,9.70,9.49,9.35,1384624.0,35162296.0
2011-02-28,9.36,9.49,9.39,9.15,1617425.0,39992928.0
2011-02-25,9.69,9.69,9.53,9.22,1890318.0,47445604.0
2011-02-24,9.93,10.00,9.71,9.62,1796577.0,46499472.0
2011-02-23,9.84,10.12,9.94,9.70,2013940.0,53192416.0
2011-02-22,9.64,10.02,9.98,9.54,4554487.0,118744592.0
2011-02-18,9.67,9.67,9.62,9.13,3293808.0,82195408.0
2011-02-17,9.45,9.60,9.60,9.32,2279657.0,57572828.0
2011-02-16,9.39,9.52,9.45,9.29,2201800.0,55179848.0
2011-02-15,9.46,9.76,9.39,9.28,2557563.0,64302840.0
2011-02-14,9.45,9.62,9.52,9.33,2514945.0,63362136.0
2011-02-11,8.87,9.46,9.46,8.87,3371240.0,82791712.0
2011-02-10,8.55,9.13,9.01,8.44,3090449.0,72280240.0
2011-02-09,8.14,8.62,8.59,7.99,2909215.0,65535008.0
2011-02-01,8.33,8.33,8.16,8.09,1411404.0,30723822.0
2011-01-31,8.15,8.38,8.34,8.08,2126417.0,46669844.0
2011-01-28,7.78,8.25,8.21,7.78,2290809.0,49074464.0
2011-01-27,7.98,8.19,7.97,7.76,2738123.0,58227744.0
2011-01-26,7.74,8.11,8.00,7.63,2597779.0,54720576.0
2011-01-25,7.39,7.86,7.77,7.36,2925769.0,59719352.0
2011-01-24,7.82,7.82,7.41,7.41,2325587.0,46989004.0
2011-01-21,7.80,7.99,7.86,7.60,2875549.0,59832316.0
2011-01-20,8.53,8.55,7.86,7.81,4201754.0,91197936.0
2011-01-19,8.49,8.69,8.63,8.08,3085660.0,69728144.0
2011-01-18,8.49,8.70,8.48,8.41,2432439.0,55531968.0
2011-01-17,8.83,8.83,8.54,8.34,3351977.0,76321072.0
2011-01-14,9.69,9.70,9.00,8.81,6485488.0,155493648.0
2011-01-13,9.84,9.84,9.78,9.54,2455534.0,63220656.0
2011-01-12,9.62,9.86,9.82,9.54,2837650.0,73372640.0
2011-01-11,9.88,10.22,9.67,9.44,4103770.0,107003456.0
2011-01-10,10.07,10.32,9.99,9.83,4183699.0,112395824.0
2011-01-07,10.54,10.70,10.16,9.76,7566955.0,206918256.0
2011-01-06,10.44,10.85,10.59,10.29,7683439.0,215863152.0
2011-01-05,10.25,10.70,10.59,10.18,9893700.0,274902720.0
2011-01-04,10.37,10.72,10.14,10.00,12505396.0,343177888.0
