date,amount,close,high,low,open,volume
2015-11-16,408418080.0,18.92,19.00,18.01,18.12,21871958.0
2015-11-13,514506592.0,18.63,18.83,17.68,18.08,28237044.0
2015-11-12,666425152.0,18.60,19.51,17.99,19.49,35798860.0
2015-11-11,351235552.0,19.05,19.30,18.63,18.78,18499248.0
2015-11-10,357350592.0,18.80,19.14,18.40,18.50,19019048.0
2015-11-09,599104576.0,18.86,18.98,17.67,17.68,32384842.0
2015-11-06,312416352.0,17.88,17.96,17.41,17.46,17602228.0
2015-11-05,331829504.0,17.49,17.86,17.19,17.57,18921640.0
2015-11-04,326201152.0,17.53,17.60,16.68,16.69,18976934.0
2015-11-03,113688648.0,16.55,16.93,16.40,16.84,6815730.0
2015-11-02,161511568.0,16.74,17.15,16.35,16.52,9578269.0
2015-10-30,190092112.0,16.98,17.18,16.74,17.15,11197301.0
2015-10-29,193043920.0,17.09,17.34,16.81,16.99,11315314.0
2015-10-28,289556288.0,16.77,17.63,16.66,17.30,16914800.0
2015-10-27,333446048.0,17.55,17.87,16.54,17.44,19376092.0
2015-10-26,448064384.0,17.45,18.00,17.15,17.92,25595916.0
2015-10-23,673551360.0,17.87,17.99,17.02,17.05,38800824.0
2015-10-22,356700864.0,16.44,16.49,15.30,15.30,22424440.0
2015-10-21,465371936.0,15.20,17.00,14.84,16.43,28678956.0
2015-10-20,243491072.0,16.35,16.45,15.81,16.08,15100126.0
2015-10-19,247850176.0,16.09,16.46,15.83,16.40,15358975.0
2015-10-16,351182016.0,16.36,16.62,16.00,16.21,21504468.0
2015-10-15,333310496.0,16.18,16.33,15.23,15.23,20994400.0
2015-10-14,189093216.0,15.38,15.73,15.30,15.68,12202502.0
2015-10-13,220715856.0,15.70,15.88,15.45,15.50,14117689.0
2015-10-12,295731264.0,15.62,15.81,15.02,15.02,19065150.0
2015-10-09,226402672.0,15.03,15.18,14.86,15.08,15096530.0
2015-10-08,289915264.0,15.13,15.26,14.70,14.95,19383740.0
2015-09-30,67012100.0,14.00,14.11,13.91,13.97,4779279.0
2015-09-29,84116392.0,13.92,14.09,13.84,13.90,6030020.0
2015-09-28,84010048.0,14.27,14.31,13.84,13.97,5955383.0
2015-09-25,132937568.0,13.97,14.63,13.87,14.61,9385015.0
2015-09-24,125243760.0,14.64,14.72,14.41,14.44,8592502.0
2015-09-23,142998112.0,14.38,14.59,14.19,14.40,9931885.0
2015-09-22,206349072.0,14.72,15.08,14.51,14.72,13936802.0
2015-09-21,194883152.0,14.75,14.76,13.78,13.88,13556357.0
2015-09-18,137525056.0,14.03,14.28,13.85,14.19,9768318.0
2015-09-17,220162256.0,13.99,14.70,13.99,14.15,15268954.0
2015-09-16,185322384.0,14.41,14.41,13.21,13.21,13451073.0
2015-09-15,151201808.0,13.10,13.71,13.03,13.26,11314062.0
2015-09-14,233896416.0,13.46,15.03,13.43,14.93,16727491.0
2015-09-11,137797888.0,14.92,14.99,14.61,14.70,9293801.0
2015-09-10,190825376.0,14.75,15.12,14.70,14.95,12810515.0
2015-09-09,320053856.0,15.20,15.45,14.71,14.99,21128164.0
2015-09-08,214549712.0,14.92,14.96,13.61,13.62,15034678.0
2015-09-07,164171424.0,13.80,14.17,13.60,13.60,11808594.0
2015-09-02,203019984.0,13.35,14.13,12.88,13.08,15155695.0
2015-09-01,208005344.0,13.53,14.80,13.50,14.58,14912728.0
2015-08-31,254285488.0,14.61,15.35,14.56,15.20,17105416.0
2015-08-28,343412128.0,15.60,15.60,14.36,14.86,22968504.0
2015-08-27,273726272.0,14.56,14.56,13.80,14.35,19282916.0
2015-08-26,336138432.0,13.71,14.18,13.09,13.30,24643788.0
2015-08-25,391144000.0,13.09,14.29,13.09,13.50,28752432.0
2015-08-24,442441504.0,14.54,15.54,14.54,15.21,29727536.0
2015-08-21,391664960.0,16.16,17.35,16.11,17.05,23544160.0
2015-08-20,218428976.0,17.48,18.07,17.48,17.70,12309481.0
2015-08-19,404242656.0,17.95,18.39,16.76,17.37,23057532.0
2015-08-18,406224320.0,17.93,19.99,17.93,19.83,21397296.0
2015-08-17,379183936.0,19.92,19.98,19.50,19.60,19195912.0
2015-08-14,561370432.0,20.08,20.18,19.16,19.41,28592988.0
2015-08-13,271659296.0,19.33,19.34,18.69,18.75,14269753.0
2015-08-12,260562768.0,18.90,19.45,18.86,18.96,13630235.0
2015-08-11,398639456.0,19.25,19.70,19.05,19.41,20562202.0
2015-08-10,462558176.0,19.46,19.80,18.58,18.77,24138984.0
2015-08-07,324458208.0,18.55,18.56,18.05,18.05,17664794.0
2015-08-06,197751152.0,17.89,18.15,17.56,17.90,11035908.0
2015-08-05,338693632.0,18.10,18.49,17.82,18.11,18637928.0
2015-08-04,319325536.0,18.17,18.20,16.90,17.00,18167530.0
2015-08-03,213240640.0,16.76,17.40,16.26,17.03,12631581.0
2015-07-31,261487344.0,17.25,17.63,17.05,17.16,15115111.0
2015-07-30,357407520.0,17.58,18.58,17.57,18.20,19599388.0
2015-07-29,357722976.0,18.18,18.20,16.95,17.70,20303620.0
2015-07-28,454607456.0,17.31,18.40,16.50,17.22,26265710.0
2015-07-27,687334848.0,18.22,20.19,18.22,19.51,36118868.0
2015-07-24,699007040.0,20.24,21.45,20.01,20.80,33574552.0
2015-07-23,723621376.0,20.72,20.89,19.76,19.99,35476364.0
2015-07-22,443217024.0,19.64,20.06,19.12,19.77,22592222.0
2015-07-21,450054304.0,19.78,20.18,19.07,19.38,22784880.0
2015-07-20,780626112.0,19.83,20.51,19.25,19.70,39120696.0
2015-07-17,753934208.0,19.78,19.99,18.70,18.81,38790612.0
2015-07-16,1110393472.0,18.75,19.00,16.10,18.01,61254432.0
2015-07-15,182692512.0,17.86,17.86,17.86,17.86,10229144.0
2015-07-14,8370421.0,16.24,16.24,16.24,16.24,515420.0
2015-07-07,465606848.0,14.76,16.45,14.76,15.80,30543804.0
2015-07-06,474184288.0,16.40,17.78,15.05,17.78,28709740.0
2015-07-03,364834528.0,16.16,17.97,15.81,16.82,21871340.0
2015-07-02,432318272.0,17.49,19.35,17.23,18.91,23804784.0
2015-07-01,466235040.0,18.91,20.86,18.54,20.16,23092726.0
2015-06-30,547277504.0,20.16,20.30,17.13,18.15,29465168.0
2015-06-29,464581504.0,19.03,21.89,19.03,21.77,23300330.0
2015-06-26,371777920.0,21.14,22.81,21.14,22.81,17147648.0
2015-06-25,379193120.0,23.49,25.03,22.90,24.96,15655998.0
2015-06-24,403781344.0,24.95,25.18,24.33,24.79,16260355.0
2015-06-23,445951648.0,24.54,24.99,21.99,24.20,18671498.0
2015-06-19,513494752.0,24.28,26.45,24.08,26.45,20305478.0
2015-06-18,546113856.0,26.75,28.59,26.60,28.19,19787472.0
2015-06-17,707274688.0,28.31,28.85,26.66,28.50,25547676.0
2015-06-16,1004710400.0,28.87,29.90,28.55,29.53,34267424.0
2015-06-15,1003759104.0,28.89,30.50,28.60,30.40,34131024.0
2015-06-12,1222551040.0,30.23,30.74,29.52,30.40,40664008.0
2015-06-11,1618982400.0,30.74,31.47,29.08,29.26,53581516.0
2015-06-10,1066746816.0,29.19,29.42,28.30,28.77,36707640.0
2015-06-09,993229440.0,28.89,28.99,27.72,28.22,34805624.0
2015-06-08,1004955968.0,28.22,28.88,27.60,28.65,35461372.0
2015-06-05,839933440.0,28.21,28.55,27.45,28.25,29835384.0
2015-06-04,737728832.0,28.04,28.72,26.00,28.52,26825876.0
2015-06-03,862372992.0,28.47,29.30,27.50,29.03,30203182.0
2015-06-02,1117617536.0,29.03,29.39,27.84,28.71,38897196.0
2015-06-01,913870400.0,28.83,28.99,27.80,28.60,32060072.0
2015-05-29,729977344.0,27.00,28.37,24.68,27.30,27137158.0
2015-05-28,1103370752.0,27.30,30.79,27.25,30.28,37610508.0
2015-05-27,1274615040.0,30.28,30.65,28.67,29.81,42670104.0
2015-05-26,1318122752.0,29.81,30.48,27.91,28.50,45417648.0
2015-05-25,734024000.0,28.19,28.40,27.05,27.80,26210368.0
2015-05-22,907011200.0,28.05,29.39,27.30,29.04,32246096.0
2015-05-21,768861888.0,28.94,29.18,26.94,26.94,27552832.0
2015-05-20,666964672.0,26.78,28.00,26.25,26.25,24367636.0
2015-05-19,406235584.0,26.19,26.62,25.50,26.15,7798272.0
2015-05-18,360130176.0,26.13,26.63,25.49,25.79,6921984.0
2015-05-15,521759424.0,25.86,27.10,25.63,27.10,9992914.0
2015-05-14,653530112.0,27.14,27.14,25.05,25.45,12547117.0
2015-05-13,502363456.0,24.67,25.63,23.99,24.25,10082518.0
2015-05-12,434952896.0,23.98,24.39,23.33,23.60,9032701.0
2015-05-11,469666240.0,23.59,23.87,23.01,23.81,10010523.0
2015-05-08,486419072.0,23.31,23.49,22.48,22.48,10545063.0
2015-05-07,271902944.0,22.23,22.25,21.17,21.71,6242326.0
2015-05-06,287255584.0,21.79,22.66,21.75,22.26,6431850.0
2015-05-05,367912064.0,22.03,23.04,21.87,22.74,8164826.0
2015-05-04,312380608.0,22.64,22.65,22.01,22.08,6949870.0
2015-04-30,360347136.0,22.17,22.65,22.04,22.11,8049672.0
2015-04-29,248718896.0,21.94,21.94,21.22,21.26,5727007.0
2015-04-28,293388160.0,21.44,22.18,20.96,21.94,6815450.0
2015-04-27,348950304.0,21.91,22.36,21.71,21.82,7907208.0
2015-04-24,345320736.0,21.65,22.03,21.04,21.81,7990941.0
2015-04-23,362937088.0,22.03,22.38,21.81,22.01,8203704.0
2015-04-22,311419840.0,22.13,22.39,21.95,21.95,7012920.0
2015-04-21,286236288.0,21.89,21.95,21.09,21.11,6612754.0
2015-04-20,420299232.0,21.04,22.09,20.76,21.71,9786148.0
2015-04-17,339193984.0,21.93,22.46,21.86,22.39,7684914.0
2015-04-16,415213984.0,22.16,22.86,21.26,21.90,9340345.0
2015-04-15,549866944.0,22.22,23.21,22.16,23.20,12119174.0
2015-04-14,1070707520.0,23.71,24.94,23.26,24.20,22210856.0
2015-04-13,437977600.0,22.78,22.78,22.46,22.78,9601491.0
2015-04-10,456404704.0,20.71,20.74,19.85,19.99,11104476.0
2015-04-09,303291936.0,19.84,19.84,18.96,19.74,7799778.0
2015-04-08,358469568.0,19.79,20.46,19.41,20.43,9002530.0
2015-04-07,323732576.0,20.43,20.74,19.89,20.19,7961563.0
2015-04-03,263896432.0,20.19,20.35,19.72,19.88,6571209.0
2015-04-02,415880928.0,19.96,20.36,19.39,19.39,10409055.0
2015-04-01,307588032.0,19.21,19.39,18.79,18.79,8035302.0
2015-03-31,218847040.0,18.87,19.38,18.84,18.96,5728847.0
2015-03-30,294707776.0,19.08,19.54,18.74,18.91,7672894.0
2015-03-27,260975232.0,18.88,19.06,18.32,18.32,6897483.0
2015-03-26,251983328.0,18.31,18.72,18.12,18.52,6825949.0
2015-03-25,425652480.0,18.59,18.63,17.47,17.47,11644804.0
2015-03-24,311301696.0,17.63,17.90,17.29,17.90,8831455.0
2015-03-23,271853408.0,17.87,17.94,17.66,17.67,7624306.0
2015-03-20,198575456.0,17.62,17.77,17.46,17.57,5637286.0
2015-03-19,232223760.0,17.56,17.84,17.37,17.82,6595348.0
2015-03-18,328673856.0,17.67,17.77,17.38,17.38,9301876.0
2015-03-17,237268272.0,17.17,17.37,17.01,17.19,6901043.0
2015-03-16,285577888.0,17.14,17.22,16.74,16.77,8365254.0
2015-03-13,126685920.0,16.61,16.73,16.34,16.48,3815542.0
2015-03-12,159474848.0,16.47,16.91,16.40,16.91,4809050.0
2015-03-11,175914352.0,16.77,17.13,16.65,16.97,5203207.0
2015-03-10,217133024.0,17.01,17.21,16.92,16.97,6347400.0
2015-03-09,180290576.0,16.92,17.02,16.72,16.79,5325340.0
2015-03-06,175731024.0,16.79,17.12,16.61,17.02,5220672.0
2015-03-05,345634688.0,16.91,17.12,16.67,16.87,10191750.0
2015-03-04,301739744.0,16.83,16.87,16.25,16.37,9060515.0
2015-03-03,212075296.0,16.29,16.61,16.24,16.61,6451968.0
2015-03-02,215778528.0,16.66,16.91,16.59,16.61,6435923.0
2015-02-27,172072144.0,16.60,16.67,16.31,16.44,5199703.0
2015-02-26,170760640.0,16.47,16.70,16.27,16.57,5175854.0
2015-02-25,287048352.0,16.59,17.00,16.32,16.37,8586505.0
2015-02-17,167042736.0,16.28,16.47,16.17,16.36,5119448.0
2015-02-16,202504528.0,16.34,16.54,15.98,16.07,6183200.0
2015-02-13,165597568.0,16.02,16.12,15.97,16.12,5151138.0
2015-02-12,160453440.0,16.00,16.17,15.82,16.12,5005789.0
2015-02-11,260158656.0,15.98,16.12,15.75,15.81,8131843.0
2015-02-10,246122112.0,15.81,15.95,15.24,15.24,7802282.0
2015-02-09,109117320.0,15.36,15.55,14.92,14.95,3570466.0
2015-02-06,79324680.0,14.88,15.33,14.73,15.21,2625631.0
2015-02-05,91995656.0,15.21,15.54,15.17,15.47,2988113.0
2015-02-04,96499744.0,15.38,15.62,15.38,15.42,3107563.0
2015-02-03,90673128.0,15.42,15.46,15.32,15.38,2940375.0
2015-02-02,72371480.0,15.33,15.40,15.04,15.12,2359617.0
2015-01-30,103807056.0,15.28,15.65,15.22,15.52,3366017.0
2015-01-29,97079504.0,15.48,15.70,15.47,15.53,3110316.0
2015-01-28,126400056.0,15.65,15.80,15.48,15.61,4022032.0
2015-01-27,130767944.0,15.61,15.73,15.41,15.69,4181897.0
2015-01-26,135021440.0,15.69,15.80,15.48,15.51,4295348.0
2015-01-23,154642992.0,15.52,15.63,15.44,15.62,4971223.0
2015-01-22,219334672.0,15.63,15.68,15.42,15.44,7028465.0
2015-01-21,292499200.0,15.44,15.59,15.33,15.56,9470738.0
2015-01-20,217849216.0,15.43,15.47,15.02,15.15,7102093.0
2015-01-19,312576992.0,15.17,15.57,14.87,14.93,10203361.0
2015-01-16,95299408.0,14.93,15.07,14.72,14.87,3194955.0
2015-01-15,89333416.0,14.89,14.99,14.82,14.90,2995723.0
2015-01-14,119594984.0,14.90,15.02,14.74,14.95,4006539.0
2015-01-13,103882512.0,14.90,14.90,14.58,14.62,3509934.0
2015-01-12,121742064.0,14.67,14.87,14.48,14.87,4149515.0
2015-01-09,172015488.0,14.92,15.22,14.92,14.97,5702551.0
2015-01-08,204892512.0,15.05,15.30,14.93,14.97,6764399.0
2015-01-07,126212008.0,14.96,15.22,14.88,15.15,4202006.0
2015-01-06,235792528.0,15.15,15.43,14.47,14.55,7872155.0
2015-01-05,123973240.0,14.55,14.62,14.35,14.50,4265070.0
2014-12-31,207897664.0,14.55,14.62,14.15,14.40,7227990.0
2014-12-30,203315968.0,14.45,14.53,14.10,14.39,7082107.0
2014-12-29,202882064.0,14.39,14.65,14.30,14.30,7006019.0
2014-12-26,252984624.0,14.30,14.41,14.14,14.33,8842518.0
2014-12-25,196279920.0,14.44,14.47,14.14,14.25,6851501.0
2014-12-24,209631200.0,14.22,14.44,14.19,14.25,7341698.0
2014-12-23,212814912.0,14.14,15.10,14.12,14.87,7290255.0
2014-12-22,174500800.0,14.91,15.95,14.87,15.87,5726690.0
2014-12-19,152019312.0,15.99,16.05,15.52,15.97,4804017.0
2014-12-18,135062896.0,15.92,16.10,15.90,16.10,4218255.0
2014-12-17,191561280.0,16.11,16.31,15.91,16.31,5958311.0
2014-12-16,226349152.0,16.35,16.52,16.26,16.51,6916268.0
2014-12-15,297636096.0,16.49,16.54,16.02,16.06,9061103.0
2014-12-12,128975248.0,16.06,16.15,15.92,15.98,4016362.0
2014-12-11,130820968.0,16.02,16.05,15.66,15.91,4122719.0
2014-12-10,126714840.0,15.91,15.96,15.62,15.62,3997020.0
2014-12-09,221349248.0,15.52,16.19,15.47,16.19,6991071.0
2014-12-08,197256976.0,16.18,16.39,15.90,16.05,6114752.0
2014-12-05,269127232.0,16.03,16.62,15.91,16.57,8314570.0
2014-12-04,202307776.0,16.56,16.63,16.43,16.57,6108606.0
2014-12-03,330233984.0,16.54,16.57,15.90,15.97,10076140.0
2014-12-02,136839376.0,15.94,16.05,15.80,15.88,4282221.0
2014-12-01,125918824.0,15.90,16.11,15.76,16.06,3953785.0
2014-11-28,151686672.0,16.01,16.29,15.92,16.12,4723976.0
2014-11-27,143632432.0,16.14,16.29,16.07,16.17,4427939.0
2014-11-26,141029088.0,16.09,16.16,15.96,16.08,4386914.0
2014-11-25,130113576.0,16.02,16.08,15.77,15.77,4075751.0
2014-11-24,117211528.0,15.77,16.05,15.71,15.93,3701253.0
2014-11-21,68237008.0,15.83,15.91,15.76,15.85,2154057.0
2014-11-20,60351000.0,15.85,16.08,15.80,15.90,1891369.0
2014-11-19,109088280.0,15.91,16.16,15.66,15.70,3431611.0
2014-11-18,57664180.0,15.68,15.88,15.67,15.68,1827847.0
2014-11-17,98076056.0,15.72,15.88,15.48,15.57,3110405.0
2014-11-14,65390244.0,15.54,15.61,15.32,15.37,2106673.0
2014-11-13,140450608.0,15.40,15.71,15.32,15.71,4533146.0
2014-11-12,132483472.0,15.72,15.85,15.45,15.75,4230762.0
2014-11-11,168093184.0,15.72,16.41,15.46,16.23,5267656.0
2014-11-10,101927400.0,16.22,16.26,16.06,16.19,3147363.0
2014-11-07,199298912.0,16.12,16.55,16.02,16.51,6100595.0
2014-11-06,89622528.0,16.49,16.65,16.41,16.65,2714883.0
2014-11-05,83088112.0,16.57,16.64,16.37,16.42,2509258.0
2014-11-04,177962960.0,16.47,16.90,16.43,16.89,5347709.0
2014-11-03,168159696.0,16.91,17.06,16.87,16.97,4952759.0
2014-10-31,252167600.0,17.12,17.15,16.37,16.75,7500866.0
2014-10-30,161407168.0,16.74,17.21,16.66,16.85,4766537.0
2014-10-29,226642832.0,16.94,17.02,16.53,16.74,6758141.0
2014-10-28,157259776.0,16.73,16.77,16.42,16.42,4705013.0
2014-10-27,107024032.0,16.36,16.45,16.12,16.15,3275391.0
2014-10-24,99081416.0,16.15,16.30,15.99,16.12,3062902.0
2014-10-23,180230816.0,16.13,16.64,15.88,16.46,5547617.0
2014-10-22,152178304.0,16.50,16.91,16.47,16.87,4570968.0
2014-10-21,244308336.0,16.87,17.39,16.69,17.39,7191915.0
2014-10-20,367621536.0,17.44,17.69,17.00,17.00,10554063.0
2014-10-17,277146912.0,16.59,17.07,16.32,16.94,8313437.0
2014-10-16,517267104.0,16.97,18.08,16.96,17.47,14600962.0
2014-10-15,337216992.0,17.23,17.47,16.90,17.05,9774200.0
2014-10-14,200739264.0,16.92,17.19,16.79,17.17,5910156.0
2014-10-13,265487808.0,17.13,17.15,16.65,16.66,7817075.0
2014-10-10,168119920.0,16.66,16.84,16.43,16.77,5033907.0
2014-10-09,298722624.0,16.69,17.10,16.54,16.74,8883964.0
2014-10-08,389656096.0,16.69,16.84,15.93,15.95,11828241.0
2014-09-30,116943088.0,15.91,15.93,15.85,15.85,3673621.0
2014-09-29,121766944.0,15.85,15.87,15.68,15.79,3848452.0
2014-09-26,111924048.0,15.73,15.79,15.48,15.65,3568592.0
2014-09-25,149720352.0,15.68,15.93,15.64,15.78,4730301.0
2014-09-24,110010592.0,15.73,15.76,15.50,15.60,3506989.0
2014-09-23,87185840.0,15.61,15.70,15.32,15.32,2805577.0
2014-09-22,111005624.0,15.28,15.79,15.26,15.70,3586166.0
2014-09-19,103840688.0,15.68,15.97,15.58,15.67,3288859.0
2014-09-18,115808456.0,15.72,15.83,15.32,15.36,3692373.0
2014-09-17,72849984.0,15.40,15.40,15.18,15.28,2373455.0
2014-09-16,191970944.0,15.28,16.05,15.27,15.99,6124737.0
2014-09-15,118649696.0,15.99,16.02,15.79,15.87,3721519.0
2014-09-12,126134840.0,15.92,16.05,15.73,15.82,3969657.0
2014-09-11,184065952.0,15.81,16.21,15.81,16.17,5745815.0
2014-09-10,121131552.0,16.11,16.19,15.98,16.10,3754860.0
2014-09-09,223739248.0,16.18,16.26,15.82,15.84,6941404.0
2014-09-05,166617680.0,15.84,15.88,15.64,15.67,5282891.0
2014-09-04,140563872.0,15.69,15.76,15.58,15.76,4482981.0
2014-09-03,130950400.0,15.76,15.92,15.58,15.82,4148291.0
2014-09-02,134743184.0,15.77,15.82,15.56,15.58,4277160.0
2014-09-01,95177912.0,15.57,15.62,15.38,15.58,3068241.0
2014-08-29,64472448.0,15.58,15.68,15.45,15.68,2072071.0
2014-08-28,64095372.0,15.68,15.71,15.42,15.67,2050374.0
2014-08-27,103816712.0,15.62,15.75,15.37,15.74,3339441.0
2014-08-26,108116784.0,15.71,16.02,15.55,15.92,3423565.0
2014-08-25,169136576.0,15.92,16.02,15.64,15.88,5336371.0
2014-08-22,182404464.0,15.84,15.87,15.37,15.43,5803042.0
2014-08-21,75662664.0,15.41,15.55,15.30,15.55,2453001.0
2014-08-20,77579880.0,15.47,15.55,15.37,15.41,2506271.0
2014-08-19,88985864.0,15.45,15.50,15.35,15.50,2883975.0
2014-08-18,105494632.0,15.48,15.52,15.23,15.23,3414499.0
2014-08-15,71262168.0,15.22,15.25,15.00,15.00,2341266.0
2014-08-14,114388136.0,15.06,15.32,15.04,15.32,3765353.0
2014-08-13,148908416.0,15.22,15.59,15.17,15.49,4843757.0
2014-08-12,234089536.0,15.52,15.95,15.48,15.57,7461006.0
2014-08-11,117619088.0,15.34,15.45,15.22,15.32,3822672.0
2014-08-08,100761336.0,15.23,15.43,15.03,15.42,3306942.0
2014-08-07,123663048.0,15.29,15.55,15.25,15.47,4008227.0
2014-08-06,96497744.0,15.27,15.50,15.22,15.47,3145722.0
2014-08-05,123077216.0,15.41,15.69,15.25,15.65,3977322.0
2014-08-04,172500448.0,15.65,16.07,15.12,15.41,5528941.0
2014-08-01,218197312.0,15.26,15.69,14.97,15.20,7072228.0
2014-07-31,99400280.0,15.05,15.22,14.97,15.22,3295860.0
2014-07-30,91333904.0,14.94,15.17,14.83,15.17,3056115.0
2014-07-29,89822480.0,15.09,15.29,14.92,15.02,2960692.0
2014-07-28,79598856.0,14.96,15.02,14.70,14.90,2665365.0
2014-07-25,83871400.0,14.87,15.00,14.61,14.72,2818910.0
2014-07-24,65060712.0,14.61,14.85,14.40,14.40,2219945.0
2014-07-23,48411904.0,14.44,14.70,14.28,14.42,1666939.0
2014-07-22,23802486.0,14.42,14.52,14.36,14.37,822866.0
2014-07-21,27691394.0,14.37,14.55,14.22,14.52,961284.0
2014-07-18,27960642.0,14.50,14.66,14.39,14.47,962887.0
2014-07-17,42488008.0,14.53,14.90,14.32,14.78,1455360.0
2014-07-16,43843020.0,14.76,15.03,14.75,14.82,1470956.0
2014-07-15,29906234.0,14.75,14.80,14.63,14.77,1014527.0
2014-07-14,55241060.0,14.80,14.80,14.23,14.27,1895715.0
2014-07-11,59565980.0,14.27,14.57,14.20,14.32,2073633.0
2014-07-10,47341368.0,14.30,14.86,14.27,14.66,1624521.0
2014-07-09,29924080.0,14.74,15.16,14.74,15.03,1002167.0
2014-07-08,51768180.0,15.05,15.17,14.75,14.75,1721084.0
2014-07-07,63256348.0,14.86,15.05,14.73,14.97,2125628.0
2014-07-04,88111072.0,15.15,15.22,14.73,14.77,2921144.0
2014-07-03,73255792.0,14.80,14.96,14.54,14.61,2470443.0
2014-07-02,41441184.0,14.61,14.70,14.51,14.67,1413660.0
2014-07-01,52766836.0,14.59,14.67,14.50,14.67,1808293.0
2014-06-30,55564304.0,14.68,14.70,14.33,14.35,1909972.0
2014-06-27,58012460.0,14.32,14.48,14.30,14.42,2007742.0
2014-06-26,41292732.0,14.42,14.47,14.28,14.43,1425810.0
2014-06-25,41369688.0,14.36,14.40,14.03,14.06,1447803.0
2014-06-24,59884996.0,14.06,14.41,14.00,14.18,2104354.0
2014-06-23,29387198.0,14.18,14.20,14.05,14.07,1033053.0
2014-06-20,40422740.0,14.08,14.16,14.01,14.12,1430687.0
2014-06-19,77112816.0,14.11,14.76,14.03,14.67,2677377.0
2014-06-18,56941268.0,14.67,14.96,14.53,14.88,1927682.0
2014-06-17,59032260.0,14.88,15.27,14.86,15.27,1953988.0
2014-06-16,58289236.0,15.20,15.28,15.12,15.21,1909481.0
2014-06-13,36996020.0,15.19,15.29,15.14,15.14,1208663.0
2014-06-12,45740036.0,15.17,15.39,15.14,15.39,1494164.0
2014-06-11,47044868.0,15.40,15.46,15.23,15.23,1522086.0
2014-06-10,49179520.0,15.27,15.36,15.12,15.12,1602059.0
2014-06-09,38744836.0,15.01,15.20,14.91,14.97,1280322.0
2014-06-06,42895712.0,14.90,15.00,14.72,14.97,1434473.0
2014-06-05,40387380.0,14.94,14.99,14.77,14.90,1350044.0
2014-06-04,33773280.0,14.97,15.02,14.65,14.98,1134110.0
2014-06-03,35513516.0,15.03,15.34,15.00,15.28,1167535.0
2014-05-30,35925560.0,15.27,15.31,15.05,15.11,1175324.0
2014-05-29,66173768.0,15.18,15.34,14.91,14.97,2162272.0
2014-05-28,59688432.0,15.00,15.02,14.63,14.90,2003717.0
2014-05-27,54978832.0,14.89,15.21,14.87,15.19,1824140.0
2014-05-26,60212920.0,15.23,15.40,15.10,15.16,1960924.0
2014-05-23,33921708.0,15.16,15.17,14.92,15.02,1120058.0
2014-05-22,56886504.0,15.04,15.20,14.69,14.80,1883281.0
2014-05-21,34407076.0,14.77,14.78,14.43,14.57,1171390.0
2014-05-20,29991356.0,14.63,14.82,14.55,14.55,1015286.0
2014-05-19,28680212.0,14.50,14.54,14.41,14.52,986032.0
2014-05-16,37170240.0,14.62,14.74,14.43,14.67,1272044.0
2014-05-15,50583060.0,14.69,15.09,14.52,15.09,1699726.0
2014-05-14,31192442.0,15.10,15.12,14.97,15.00,1031030.0
2014-05-13,36572920.0,15.00,15.12,14.82,14.94,1214709.0
2014-05-12,62818132.0,14.94,15.04,14.42,14.73,2115535.0
2014-05-09,98271520.0,14.62,15.20,14.60,15.17,3302444.0
2014-05-08,96354648.0,15.12,15.50,15.03,15.38,3135540.0
2014-05-07,84896480.0,15.40,15.59,15.12,15.41,2749948.0
2014-05-06,150794368.0,15.42,16.22,15.33,16.03,4752492.0
2014-05-05,48821044.0,16.04,16.10,15.44,15.67,1535446.0
2014-04-30,65920212.0,15.67,16.20,15.56,15.92,2076846.0
2014-04-29,64552084.0,16.05,16.09,15.58,15.67,2010104.0
2014-04-28,71716128.0,15.62,16.09,15.51,16.02,2264201.0
2014-04-25,140346864.0,16.04,17.13,15.72,17.06,4304519.0
2014-04-24,31814838.0,17.04,17.28,16.72,17.01,927353.0
2014-04-23,52188200.0,17.04,17.34,16.87,16.95,1517502.0
2014-04-22,108901584.0,16.95,18.01,16.82,17.85,3146557.0
2014-04-21,71484264.0,17.88,18.58,17.81,18.50,1946679.0
2014-04-18,55682324.0,18.53,19.05,18.34,18.60,1484735.0
2014-04-17,65997844.0,18.77,18.88,18.42,18.81,1755668.0
2014-04-16,76044288.0,18.69,18.88,18.31,18.56,2028464.0
2014-04-15,302822400.0,18.56,19.12,17.46,17.46,8072979.0
2014-04-14,70300192.0,17.70,17.96,17.56,17.81,1971055.0
2014-04-11,91518672.0,17.81,18.22,17.50,17.88,2554410.0
2014-04-10,119751248.0,17.86,18.33,17.32,17.56,3323834.0
2014-04-09,69342680.0,17.71,18.08,17.53,17.78,1932788.0
2014-04-08,107021472.0,17.82,18.08,17.65,17.86,2987704.0
2014-04-04,184102752.0,17.89,18.05,16.99,17.14,5189139.0
2014-04-03,165444464.0,17.14,17.37,16.17,16.27,4828065.0
2014-04-02,47662948.0,16.27,16.66,16.16,16.16,1444286.0
2014-04-01,37249896.0,16.28,16.33,15.55,15.68,1151424.0
2014-03-31,40874164.0,15.68,16.01,15.42,15.86,1302619.0
2014-03-28,56051724.0,15.87,16.61,15.86,16.51,1725918.0
2014-03-27,74184120.0,16.52,16.69,16.07,16.07,2241380.0
2014-03-26,67870968.0,16.16,16.59,16.06,16.26,2072725.0
2014-03-25,91146904.0,16.25,16.94,16.18,16.77,2740719.0
2014-03-24,97192208.0,16.77,17.02,16.51,16.61,2867219.0
2014-03-21,100031672.0,16.72,16.80,16.12,16.56,3036130.0
2014-03-20,97731608.0,16.61,16.97,16.31,16.34,2909452.0
2014-03-19,52098936.0,16.36,16.50,16.16,16.35,1580554.0
2014-03-18,67526288.0,16.42,16.63,16.12,16.18,2044984.0
2014-03-17,57956160.0,16.17,16.36,15.97,16.12,1785505.0
2014-03-14,91128664.0,16.16,16.19,15.57,15.67,2832839.0
2014-03-13,38588936.0,15.72,15.79,15.48,15.65,1223830.0
2014-03-12,56064260.0,15.65,15.78,15.44,15.49,1786428.0
2014-03-11,56895232.0,15.48,15.48,14.98,14.98,1853023.0
2014-03-10,55253740.0,15.10,15.56,15.07,15.47,1801036.0
2014-03-07,66314756.0,15.71,15.77,15.27,15.38,2115066.0
2014-03-06,103482928.0,15.40,15.70,15.03,15.59,3373415.0
2014-03-05,89142480.0,15.60,16.09,15.42,16.00,2812261.0
2014-03-04,91355920.0,15.99,16.50,15.96,16.46,2817994.0
2014-03-03,94110544.0,16.55,16.96,16.40,16.74,2813416.0
2014-02-28,52603140.0,16.72,16.91,16.44,16.66,1562762.0
2014-02-27,115136088.0,16.99,17.39,16.31,17.09,3397578.0
2014-02-26,109692800.0,17.06,17.21,16.61,16.74,3207305.0
2014-02-25,189522416.0,16.89,17.67,16.34,16.76,5492107.0
2014-02-24,92230072.0,16.78,16.79,16.23,16.49,2789031.0
2014-02-21,153504512.0,16.51,17.11,16.08,16.94,4602161.0
2014-02-20,109632192.0,16.88,17.58,16.87,17.28,3174170.0
2014-02-19,140491168.0,17.42,18.03,17.38,17.70,3947380.0
2014-02-18,175061040.0,17.80,17.86,17.16,17.35,4967540.0
2014-02-17,176953088.0,17.43,17.56,17.00,17.49,5110925.0
2014-02-14,141709920.0,17.49,17.50,16.98,17.31,4089101.0
2014-02-13,146979152.0,17.29,18.09,17.16,18.00,4125394.0
2014-02-12,156016160.0,18.00,18.51,17.86,18.28,4303042.0
2014-02-11,173063024.0,18.15,18.83,18.10,18.65,4662977.0
2014-02-10,194762208.0,18.68,18.73,17.75,17.75,5309800.0
2014-02-07,78680944.0,17.56,17.58,17.26,17.34,2242696.0
2014-01-30,130411416.0,17.50,17.85,17.40,17.81,3696746.0
2014-01-29,177122336.0,17.96,18.71,17.91,18.58,4864172.0
2014-01-28,204620752.0,18.35,19.34,18.10,18.85,5468361.0
2014-01-27,169365888.0,18.08,18.65,18.06,18.25,4593821.0
2014-01-24,183582128.0,18.10,18.10,17.16,17.29,5199712.0
2014-01-23,153985696.0,17.37,17.43,16.86,17.03,4457196.0
2014-01-22,229576480.0,17.02,17.48,16.74,17.27,6658534.0
2014-01-21,143611056.0,17.26,17.47,16.81,17.40,4153843.0
2014-01-20,358744800.0,17.61,18.23,17.01,17.41,10295953.0
2014-01-17,72084328.0,18.90,19.13,18.50,18.72,1898310.0
2014-01-16,115487352.0,18.65,19.56,18.64,19.23,3032431.0
2014-01-15,147259408.0,19.27,19.72,17.87,17.95,3886525.0
2014-01-14,91581616.0,17.93,17.95,16.91,16.96,2590818.0
2014-01-13,35599336.0,16.94,17.00,16.59,16.79,1054727.0
2014-01-10,42049800.0,16.91,17.39,16.54,17.27,1234798.0
2014-01-09,106774648.0,17.32,18.04,17.11,17.41,3016710.0
2014-01-08,89480744.0,17.46,17.46,16.58,16.71,2583583.0
2014-01-07,49978852.0,16.70,16.71,16.17,16.45,1510824.0
2014-01-06,68766768.0,16.56,17.26,16.52,17.16,2029238.0
2014-01-03,130242424.0,17.14,17.35,16.68,16.69,3790784.0
2014-01-02,108934832.0,16.95,17.07,16.21,16.31,3252340.0
2013-12-31,76593352.0,16.31,16.35,15.70,15.76,2357159.0
2013-12-30,58141728.0,15.84,16.39,15.77,16.12,1796800.0
2013-12-27,55730608.0,16.12,16.24,15.97,16.08,1719992.0
2013-12-26,100859816.0,16.10,16.28,15.75,15.80,3122312.0
2013-12-25,49636284.0,15.87,16.07,15.67,15.79,1556754.0
2013-12-24,87141824.0,15.83,16.26,15.62,15.86,2726771.0
2013-12-23,111834240.0,15.86,15.99,15.18,15.21,3528954.0
2013-12-20,64870552.0,15.17,15.38,14.93,14.98,2123086.0
2013-12-19,25524822.0,14.99,15.16,14.96,14.98,844711.0
2013-12-18,35039884.0,14.97,15.14,14.85,15.08,1162819.0
2013-12-17,31491952.0,14.95,15.04,14.72,14.80,1050142.0
2013-12-16,44449512.0,14.81,15.19,14.71,15.19,1487883.0
2013-12-13,53986016.0,15.09,15.31,14.92,15.20,1776046.0
2013-12-12,47738280.0,15.32,15.65,15.29,15.37,1542998.0
2013-12-11,41880944.0,15.31,15.59,15.10,15.52,1364078.0
2013-12-10,46940212.0,15.64,15.96,15.63,15.78,1477539.0
2013-12-09,50549036.0,15.82,15.96,15.64,15.79,1590557.0
2013-12-06,102745152.0,15.81,16.07,15.40,15.41,3247257.0
2013-12-05,38770084.0,15.33,15.59,15.26,15.59,1255250.0
2013-12-04,48838392.0,15.63,15.93,15.42,15.43,1544026.0
2013-12-03,40509468.0,15.50,15.58,14.97,15.19,1314114.0
2013-12-02,87207888.0,15.25,16.21,14.87,15.77,2810626.0
2013-11-29,69924512.0,16.24,16.35,15.77,15.84,2147812.0
2013-11-28,65252464.0,15.82,15.99,15.38,15.59,2062717.0
2013-11-27,80195056.0,15.46,16.03,15.34,15.34,2549720.0
2013-11-26,31347022.0,15.33,15.45,15.13,15.32,1020099.0
2013-11-25,34551436.0,15.33,15.46,15.09,15.10,1124224.0
2013-11-22,42879400.0,15.20,15.45,15.19,15.40,1392799.0
2013-11-21,32547522.0,15.31,15.55,15.24,15.32,1052821.0
2013-11-20,53058448.0,15.42,15.66,15.27,15.27,1704948.0
2013-11-19,33734320.0,15.19,15.38,15.07,15.10,1102820.0
2013-11-18,50712548.0,15.18,15.19,14.78,14.90,1675149.0
2013-11-15,42117152.0,14.73,15.07,14.65,14.67,1409861.0
2013-11-14,27230970.0,14.64,14.73,14.44,14.48,926935.0
2013-11-13,49606244.0,14.47,14.96,14.47,14.93,1679767.0
2013-11-12,55298628.0,15.18,15.36,15.01,15.27,1814206.0
2013-11-11,57605076.0,15.41,15.47,14.29,15.09,1923347.0
2013-11-08,26593696.0,14.96,15.42,14.96,15.20,872064.0
2013-11-07,40033996.0,15.26,15.92,15.17,15.84,1290749.0
2013-11-06,46034272.0,15.81,16.02,15.62,15.77,1444674.0
2013-11-05,37641560.0,15.80,15.93,15.27,15.27,1195377.0
2013-11-04,51139268.0,15.53,16.00,15.52,15.61,1616207.0
2013-11-01,26969642.0,15.38,15.56,15.20,15.40,869528.0
2013-10-31,53895464.0,15.27,15.67,15.22,15.62,1744323.0
2013-10-30,89606144.0,15.84,16.40,15.66,15.72,2769186.0
2013-10-29,85724928.0,15.66,16.16,15.17,15.47,2718137.0
2013-10-28,44276876.0,15.17,15.87,15.08,15.61,1426360.0
2013-10-25,55724180.0,15.59,16.11,15.41,15.97,1767156.0
2013-10-24,34933528.0,15.97,16.28,15.95,15.97,1080436.0
2013-10-23,68097528.0,16.02,16.84,15.89,16.70,2081733.0
2013-10-22,93683344.0,16.69,17.13,16.49,16.58,2775187.0
2013-10-21,96510568.0,16.66,16.66,15.70,15.70,2933471.0
2013-10-18,47576612.0,15.62,15.95,15.62,15.78,1500730.0
2013-10-17,80558912.0,15.87,16.49,15.75,16.33,2503935.0
2013-10-16,81881512.0,16.21,16.73,15.89,16.73,2522016.0
2013-10-15,152553104.0,16.81,17.66,16.58,16.69,4464286.0
2013-10-14,98898368.0,16.29,17.39,16.14,16.91,2930603.0
2013-10-11,73281728.0,16.79,16.81,15.88,15.88,2231602.0
2013-10-10,67880784.0,15.88,16.54,15.87,16.44,2091034.0
2013-10-09,42449808.0,16.56,16.81,16.41,16.56,1270779.0
2013-10-08,47820604.0,16.61,16.69,16.39,16.60,1437867.0
2013-09-30,50286228.0,16.60,16.89,16.33,16.71,1510910.0
2013-09-27,80907800.0,16.61,16.90,16.30,16.64,2427358.0
2013-09-26,110810848.0,16.60,16.91,16.06,16.06,3317009.0
2013-09-25,77269288.0,16.02,16.36,15.79,15.92,2385949.0
2013-09-24,129844832.0,16.01,16.14,15.19,15.36,4090385.0
2013-09-23,72039464.0,15.39,15.47,14.92,15.01,2349726.0
2013-09-18,33610644.0,15.00,15.10,14.87,15.02,1113390.0
2013-09-17,39335540.0,14.92,15.28,14.86,15.25,1295673.0
2013-09-16,46623628.0,15.27,15.41,15.11,15.32,1521766.0
2013-09-13,55969740.0,15.17,15.42,14.95,14.95,1831749.0
2013-09-12,53745584.0,14.90,15.18,14.71,14.82,1784047.0
2013-09-11,73131824.0,14.97,15.31,14.82,15.12,2429829.0
2013-09-10,71221072.0,15.07,15.57,15.02,15.42,2333654.0
2013-09-09,63057488.0,15.42,15.76,15.22,15.52,2035126.0
2013-09-06,57459564.0,15.72,16.25,15.67,15.99,1805787.0
2013-09-05,59295256.0,16.08,16.16,15.42,15.82,1873289.0
2013-09-04,35306988.0,15.82,16.16,15.59,15.85,1105399.0
2013-09-03,60777624.0,15.84,16.01,15.32,15.49,1914988.0
2013-09-02,119246256.0,15.49,15.63,14.72,15.42,3883961.0
2013-08-30,170061200.0,15.69,17.31,15.69,17.19,5202562.0
2013-08-29,163150768.0,17.43,17.67,16.16,16.31,4776318.0
2013-08-28,58273636.0,16.06,16.08,15.19,15.97,1842937.0
2013-08-27,51125768.0,16.02,16.25,15.79,16.03,1591814.0
2013-08-26,78743608.0,16.09,16.46,15.95,16.22,2419675.0
2013-08-23,55350776.0,16.17,16.64,15.94,16.48,1689764.0
2013-08-22,37110120.0,16.50,16.51,16.07,16.12,1129503.0
2013-08-21,31567714.0,16.20,16.36,16.02,16.14,971714.0
2013-08-20,44137728.0,16.21,16.56,16.13,16.47,1344130.0
2013-08-19,87144688.0,16.47,16.49,15.76,15.76,2671253.0
2013-08-16,62473032.0,15.67,16.16,15.40,15.89,1961353.0
2013-08-15,142279760.0,16.07,16.81,15.71,16.81,4394664.0
2013-08-14,71690144.0,16.77,16.88,16.41,16.47,2135847.0
2013-08-13,100282088.0,16.41,16.90,16.26,16.90,3033825.0
2013-08-12,79223640.0,16.87,17.73,16.76,17.41,2313472.0
2013-08-09,85223976.0,17.41,17.50,16.84,17.26,2454641.0
2013-08-08,87121080.0,17.35,17.45,17.14,17.41,2516668.0
2013-08-07,99486360.0,17.49,17.98,17.02,17.98,2850386.0
2013-08-06,93315416.0,17.98,18.04,17.31,17.76,2614624.0
2013-08-05,122900480.0,17.56,17.56,15.92,15.98,3588987.0
2013-08-02,54735964.0,15.97,16.26,15.82,16.02,1697639.0
2013-08-01,47787336.0,15.86,15.92,15.36,15.37,1511116.0
2013-07-31,65537188.0,15.43,16.03,15.19,15.52,2093199.0
2013-07-30,63165804.0,15.44,15.92,15.12,15.88,2018380.0
2013-07-29,72806072.0,15.84,16.30,15.54,15.77,2266553.0
2013-07-26,106142656.0,15.94,16.51,15.39,16.31,3321200.0
2013-07-25,157340672.0,16.46,16.71,15.92,16.26,4788745.0
2013-07-24,108739888.0,16.23,16.81,15.78,15.80,3311550.0
2013-07-23,172064560.0,15.99,16.99,15.70,15.99,5255616.0
2013-07-22,152015056.0,15.99,16.06,14.92,14.95,4871932.0
2013-07-19,160482000.0,15.13,15.32,14.07,14.07,5379028.0
2013-07-18,85059552.0,14.07,14.22,13.81,13.94,3006233.0
2013-07-17,123112656.0,14.05,14.45,13.93,14.05,4307635.0
2013-07-16,129114872.0,14.10,14.52,13.63,13.76,4527363.0
2013-07-15,150240608.0,13.85,14.32,13.23,13.23,5365151.0
2013-07-12,90086248.0,13.06,13.37,12.80,12.88,3430608.0
2013-07-11,185977392.0,12.98,12.98,12.14,12.19,7200002.0
2013-07-10,40183516.0,11.80,11.81,11.49,11.49,1712185.0
2013-07-09,31150144.0,11.48,11.72,11.48,11.49,1337893.0
2013-07-08,30244786.0,11.49,11.77,11.44,11.64,1299352.0
2013-07-05,40986392.0,11.88,12.19,11.88,12.14,1685188.0
2013-07-04,41096576.0,12.14,12.31,11.87,12.01,1688078.0
2013-07-03,44444952.0,12.05,12.19,11.88,12.14,1839912.0
2013-07-02,72629000.0,12.15,12.19,11.44,11.69,3029062.0
2013-07-01,41737868.0,11.71,11.80,11.20,11.32,1813319.0
2013-06-28,40976476.0,11.32,11.54,11.04,11.27,1804614.0
2013-06-27,41725540.0,11.45,12.19,11.44,11.84,1750947.0
2013-06-26,39406484.0,11.84,11.98,11.45,11.68,1668100.0
2013-06-25,79814872.0,11.71,12.04,10.38,11.51,3602067.0
2013-06-24,40207920.0,11.53,12.14,11.28,12.01,1700474.0
2013-06-21,25739644.0,12.13,12.27,11.92,11.97,1058032.0
2013-06-20,37631220.0,12.34,12.75,12.14,12.69,1505030.0
2013-06-19,32250056.0,12.78,12.91,12.56,12.91,1265077.0
2013-06-18,30185560.0,12.91,13.10,12.78,13.10,1167207.0
2013-06-17,41841412.0,12.94,13.15,12.76,12.94,1603484.0
2013-06-14,55631976.0,12.94,13.01,12.43,12.55,2165704.0
2013-06-13,52024720.0,12.58,12.63,11.95,12.41,2108239.0
2013-06-07,80728728.0,12.66,13.21,12.49,13.18,3146162.0
2013-06-06,42905600.0,13.08,13.17,12.95,13.04,1626762.0
2013-06-05,76628800.0,13.06,13.29,12.92,13.10,2905168.0
2013-06-04,105913032.0,13.18,13.66,13.04,13.59,3956897.0
2013-06-03,94597232.0,13.59,13.98,13.53,13.83,3416015.0
2013-05-31,111092000.0,13.85,14.27,13.82,14.07,3920368.0
2013-05-30,339644960.0,14.10,14.47,13.03,13.13,12097062.0
2013-05-29,119194192.0,13.15,13.21,12.73,12.78,4520374.0
2013-05-28,83865064.0,12.73,12.82,12.64,12.79,3260451.0
2013-05-27,76197312.0,12.75,12.78,12.45,12.50,2980193.0
2013-05-24,51815408.0,12.50,12.55,12.36,12.51,2064391.0
2013-05-23,53211348.0,12.46,12.65,12.39,12.58,2111555.0
2013-05-22,71093376.0,12.66,12.80,12.46,12.52,2783019.0
2013-05-21,63450532.0,12.52,12.53,12.33,12.40,2527852.0
2013-05-20,101214072.0,12.40,12.85,12.30,12.83,4030651.0
2013-05-17,74007816.0,12.80,12.86,12.63,12.68,2865876.0
2013-05-16,106138560.0,12.69,12.88,12.45,12.59,4123512.0
2013-05-15,57235416.0,12.59,12.63,12.40,12.41,2271476.0
2013-05-14,45694704.0,12.41,12.58,12.32,12.57,1822369.0
2013-05-13,49517588.0,12.58,12.66,12.39,12.53,1959772.0
2013-05-10,87157528.0,12.52,12.53,12.11,12.13,3478455.0
2013-05-09,80818136.0,12.18,12.38,12.01,12.34,3300962.0
2013-05-08,57020604.0,12.31,12.38,12.19,12.21,2298992.0
2013-05-07,57944032.0,12.19,12.34,12.13,12.31,2351714.0
2013-05-06,76248904.0,12.31,12.38,12.04,12.15,3087737.0
2013-05-03,72883512.0,12.11,12.23,11.91,11.93,2987527.0
2013-05-02,57292584.0,11.94,11.98,11.58,11.84,2409052.0
2013-04-26,127819408.0,12.02,12.64,11.99,12.64,5189364.0
2013-04-25,92511408.0,12.64,12.76,12.46,12.57,3635625.0
2013-04-24,114169224.0,12.57,12.59,12.23,12.24,4550500.0
2013-04-23,146921312.0,12.29,12.82,12.29,12.76,5811726.0
2013-04-22,139726752.0,12.73,13.03,12.72,12.88,5389742.0
2013-04-19,194013664.0,12.98,13.04,12.74,12.85,7451664.0
2013-04-18,131811984.0,12.83,13.03,12.75,13.03,5080350.0
2013-04-17,114186480.0,13.06,13.13,12.83,12.95,4355778.0
2013-04-16,186319792.0,12.84,13.02,12.63,12.98,7187823.0
2013-04-15,246428560.0,13.45,14.11,13.43,13.92,8878878.0
2013-04-12,203235424.0,13.43,13.72,13.20,13.47,7499064.0
2013-04-11,306951648.0,13.58,13.84,13.14,13.60,11311608.0
2013-04-10,363799968.0,13.70,14.31,13.52,13.92,13050428.0
2013-04-09,880465664.0,14.62,15.26,14.33,15.21,29336442.0
2013-04-08,245011328.0,14.69,14.69,14.69,14.69,8260665.0
2013-04-03,139158544.0,13.36,13.77,13.20,13.43,5109598.0
2013-04-02,115238008.0,13.15,14.03,13.03,14.02,4245105.0
2013-04-01,107368168.0,14.00,14.12,13.77,13.97,3819164.0
2013-03-29,69575584.0,13.62,13.95,13.60,13.78,2511576.0
2013-03-28,129020032.0,13.89,14.20,13.67,13.97,4566021.0
2013-03-27,113589904.0,14.25,14.48,13.88,14.07,3947001.0
2013-03-26,112078152.0,14.12,14.20,13.78,14.02,3966790.0
2013-03-25,218917936.0,14.10,14.26,13.39,13.39,7794567.0
2013-03-22,108240544.0,13.48,13.57,12.93,13.05,4087109.0
2013-03-21,158714880.0,13.03,13.23,12.91,13.22,6041752.0
2013-03-20,119497072.0,13.18,13.25,12.98,13.10,4495846.0
2013-03-19,139883296.0,13.18,13.20,12.74,12.96,5329942.0
2013-03-18,386349088.0,12.91,13.38,12.74,13.38,14662501.0
2013-03-11,49867272.0,12.37,12.37,12.06,12.33,2023794.0
2013-03-08,95107624.0,12.35,12.74,12.29,12.73,3789380.0
2013-03-07,127197456.0,12.81,13.12,12.48,13.10,4967548.0
2013-03-06,81914032.0,13.05,13.22,12.83,13.08,3109814.0
2013-03-05,104835656.0,12.99,13.26,12.61,13.16,3999639.0
2013-03-04,79874608.0,13.13,13.57,12.87,13.14,2983409.0
2013-03-01,82972856.0,13.16,13.27,12.70,12.70,3148098.0
2013-02-28,83642288.0,12.82,12.82,12.53,12.80,3257077.0
2013-02-27,88075280.0,12.83,13.05,12.61,12.97,3396176.0
2013-02-26,149173712.0,12.94,13.23,12.38,12.43,5751971.0
2013-02-25,78840664.0,12.46,12.82,12.32,12.73,3118411.0
2013-02-22,92762744.0,12.56,12.94,12.44,12.77,3592261.0
2013-02-21,93220632.0,12.77,13.15,12.55,12.63,3607717.0
2013-02-20,72468520.0,12.73,12.85,12.20,12.37,2846877.0
2013-02-19,60825280.0,12.37,12.51,12.21,12.34,2439953.0
2013-02-18,41466940.0,12.27,12.48,12.14,12.25,1668082.0
2013-02-08,50066544.0,12.19,12.23,11.96,11.96,2040059.0
2013-02-07,44769796.0,12.08,12.28,11.93,12.08,1832661.0
2013-02-06,61827564.0,12.13,12.19,11.54,11.64,2588004.0
2013-02-05,19311650.0,11.78,11.81,11.50,11.66,815940.0
2013-02-04,51040856.0,11.61,12.28,11.48,12.10,2161346.0
2013-02-01,35091908.0,12.09,12.29,12.05,12.24,1433662.0
2013-01-31,34627384.0,12.16,12.30,12.04,12.29,1412404.0
2013-01-30,37689632.0,12.31,12.47,12.08,12.17,1525324.0
2013-01-29,50692544.0,12.19,12.34,12.09,12.34,2059859.0
2013-01-28,41095376.0,12.36,12.46,12.14,12.36,1657871.0
2013-01-25,50366724.0,12.29,12.44,11.89,12.09,2041894.0
2013-01-24,32305900.0,11.96,12.52,11.83,12.17,1319310.0
2013-01-23,46507840.0,12.19,12.44,12.09,12.39,1892246.0
2013-01-22,29350218.0,12.45,12.86,12.42,12.86,1157612.0
2013-01-21,44114672.0,12.85,12.98,12.69,12.78,1702760.0
2013-01-18,49665216.0,12.85,13.00,12.53,12.73,1931064.0
2013-01-17,29280164.0,12.68,12.73,12.55,12.63,1145775.0
2013-01-16,68501528.0,12.63,12.88,12.43,12.76,2701590.0
2013-01-15,80457640.0,12.76,13.07,12.67,12.83,3098959.0
2013-01-14,134865504.0,12.83,12.88,12.06,12.07,5271881.0
2013-01-11,25659566.0,11.87,12.09,11.79,11.99,1063585.0
2013-01-10,29134994.0,11.97,12.21,11.89,12.11,1201573.0
2013-01-09,49289656.0,12.11,12.28,11.89,12.11,2020415.0
2013-01-08,96314976.0,12.04,12.47,11.90,12.15,3919575.0
2013-01-07,67635176.0,12.16,12.36,12.02,12.05,2750065.0
2013-01-04,64252236.0,11.86,12.04,11.45,11.60,2703522.0
2012-12-31,39258308.0,11.53,11.58,11.30,11.46,1698152.0
2012-12-28,48583072.0,11.41,11.44,11.10,11.15,2127726.0
2012-12-27,38489540.0,11.17,11.42,11.10,11.30,1695645.0
2012-12-26,47103880.0,11.36,11.39,11.10,11.15,2077553.0
2012-12-25,73701920.0,11.20,11.25,10.95,10.95,3271013.0
2012-12-24,39508028.0,10.94,10.99,10.73,10.80,1795825.0
2012-12-21,54439564.0,10.79,10.95,10.67,10.70,2502954.0
2012-12-20,20746822.0,10.72,10.73,10.58,10.73,965547.0
2012-12-19,20558242.0,10.73,10.74,10.60,10.70,954843.0
2012-12-18,82826592.0,10.75,10.80,10.57,10.79,3844808.0
2012-12-17,82694584.0,10.80,11.14,10.60,11.14,3797327.0
2012-12-14,88849256.0,11.15,11.15,10.77,10.87,3998635.0
2012-12-13,20194634.0,10.87,11.01,10.76,11.01,921920.0
2012-12-12,42993624.0,11.04,11.29,10.90,11.29,1926998.0
2012-12-11,67509560.0,11.37,11.53,10.73,10.83,3019745.0
2012-12-10,22399790.0,10.83,10.88,10.40,10.54,1038697.0
2012-12-07,17758346.0,10.53,10.55,10.26,10.35,844280.0
2012-12-06,16732738.0,10.38,10.67,10.34,10.67,789126.0
2012-12-05,27687318.0,10.70,10.80,10.32,10.36,1294193.0
2012-12-04,8015133.0,10.45,10.45,10.21,10.38,383533.0
2012-12-03,9497568.0,10.39,10.49,10.28,10.46,452902.0
2012-11-30,11785791.0,10.46,10.53,10.14,10.35,560336.0
2012-11-29,21801386.0,10.37,10.50,10.08,10.15,1041376.0
2012-11-28,19268654.0,10.21,10.30,9.91,10.25,943278.0
2012-11-27,21119550.0,10.25,10.47,10.13,10.38,1021617.0
2012-11-26,8158582.0,10.47,10.54,10.38,10.49,387437.0
2012-11-23,5527647.0,10.49,10.65,10.44,10.47,260115.0
2012-11-22,9661893.0,10.45,10.65,10.40,10.52,457973.0
2012-11-21,11775954.0,10.58,10.62,10.42,10.48,554063.0
2012-11-20,19223746.0,10.48,10.56,10.32,10.41,910862.0
2012-11-19,29459594.0,10.50,10.55,9.91,10.55,1417853.0
2012-11-16,23319802.0,10.50,10.80,10.40,10.80,1093313.0
2012-11-15,25673110.0,10.83,10.88,10.57,10.82,1179183.0
2012-11-14,36508732.0,10.85,11.38,10.80,11.34,1647219.0
2012-11-13,23689728.0,11.32,11.53,11.20,11.24,1033825.0
2012-11-12,25259212.0,11.37,11.88,11.20,11.82,1095465.0
2012-11-09,14730539.0,11.84,11.96,11.72,11.94,617440.0
2012-11-08,17318438.0,12.01,12.23,11.79,11.84,717448.0
2012-11-07,24046608.0,12.04,12.38,12.01,12.24,982108.0
2012-11-06,47240340.0,12.29,12.31,11.69,11.94,1933060.0
2012-11-05,17157838.0,12.04,12.17,11.90,12.10,707221.0
2012-11-02,24362516.0,12.16,12.33,12.02,12.26,996870.0
2012-11-01,15569636.0,12.27,12.29,11.99,11.99,632583.0
2012-10-31,43992008.0,12.17,12.28,11.74,12.16,1821945.0
2012-10-30,12783354.0,12.16,12.53,12.10,12.24,517514.0
2012-10-29,29648280.0,12.29,12.37,11.69,11.83,1205670.0
2012-10-26,37841388.0,12.39,12.52,12.29,12.43,1514634.0
2012-10-25,72191272.0,12.44,13.04,12.38,13.04,2831170.0
2012-10-24,28990916.0,13.02,13.25,12.96,13.25,1098810.0
2012-10-23,13748334.0,13.25,13.37,13.15,13.37,515166.0
2012-10-22,18053832.0,13.37,13.43,13.23,13.40,671953.0
2012-10-19,17423008.0,13.40,13.45,13.24,13.35,646327.0
2012-10-18,24278036.0,13.35,13.38,13.18,13.24,904317.0
2012-10-17,15492773.0,13.25,13.36,13.10,13.36,581688.0
2012-10-16,29074574.0,13.28,13.42,13.06,13.10,1084031.0
2012-10-15,29465740.0,13.11,13.48,12.89,13.48,1107481.0
2012-10-12,36121012.0,13.44,13.51,13.29,13.40,1335538.0
2012-10-11,57872240.0,13.38,13.72,13.24,13.72,2124873.0
2012-10-10,37461144.0,13.77,13.88,13.60,13.88,1354521.0
2012-10-09,81155280.0,13.87,13.87,13.67,13.69,2916234.0
2012-10-08,29287886.0,13.69,13.85,13.58,13.76,1061341.0
2012-09-28,37540696.0,13.74,13.75,13.44,13.60,1367203.0
2012-09-27,34075976.0,13.62,13.72,13.33,13.33,1245241.0
2012-09-26,26134168.0,13.33,13.53,13.16,13.39,971948.0
2012-09-25,63711360.0,13.39,13.77,13.38,13.43,2322534.0
2012-09-24,69098448.0,13.55,13.69,13.33,13.63,2530568.0
2012-09-21,26617758.0,13.24,13.38,13.03,13.35,997459.0
2012-09-20,59521332.0,13.28,13.98,13.13,13.85,2196122.0
2012-09-19,33606780.0,13.98,14.22,13.86,14.08,1184191.0
2012-09-18,58095784.0,14.04,14.07,13.67,13.84,2070964.0
2012-09-17,100063536.0,13.99,14.85,13.95,14.76,3481330.0
2012-09-13,88924664.0,13.85,14.49,13.84,14.05,3102123.0
2012-09-12,76568472.0,14.05,14.27,13.83,14.15,2708308.0
2012-09-11,216096064.0,14.40,14.44,13.82,14.12,7559079.0
2012-09-10,78429736.0,13.74,13.97,13.20,13.20,2849261.0
2012-09-07,44871472.0,13.18,13.28,12.79,12.88,1694874.0
2012-09-06,29409376.0,12.78,13.10,12.73,13.02,1134983.0
2012-09-05,10221201.0,13.02,13.08,12.88,13.04,389175.0
2012-09-04,16898394.0,13.05,13.31,13.00,13.18,639035.0
2012-09-03,24212026.0,13.26,13.29,12.90,13.00,915209.0
2012-08-31,14417876.0,13.02,13.16,12.84,12.97,552367.0
2012-08-30,32891780.0,13.21,13.26,12.41,13.26,1261218.0
2012-08-29,15384848.0,13.16,13.27,13.00,13.00,579477.0
2012-08-28,21351088.0,13.17,13.38,13.03,13.38,802932.0
2012-08-27,17305924.0,13.39,13.45,13.19,13.43,644491.0
2012-08-24,39509812.0,13.39,13.53,12.99,13.10,1463087.0
2012-08-23,22468978.0,13.10,13.23,12.93,13.11,850466.0
2012-08-22,37803832.0,13.08,13.67,13.03,13.60,1410923.0
2012-08-21,45934244.0,13.54,13.82,13.33,13.37,1671865.0
2012-08-20,75894360.0,13.55,13.71,12.83,13.38,2850964.0
2012-08-17,48847792.0,13.82,14.00,13.57,13.67,1750303.0
2012-08-16,82560632.0,13.87,14.15,13.53,14.03,2952898.0
2012-08-15,30161984.0,14.12,14.32,14.04,14.28,1052236.0
2012-08-14,32999278.0,14.27,14.41,13.93,14.17,1150869.0
2012-08-13,33541898.0,14.26,14.61,14.16,14.51,1156720.0
2012-08-10,40437504.0,14.50,14.61,14.12,14.31,1392138.0
2012-08-09,57431808.0,14.36,14.49,13.75,13.90,2015331.0
2012-08-08,37534352.0,13.96,13.99,13.61,13.68,1349695.0
2012-08-07,35999700.0,13.77,13.77,13.40,13.51,1315701.0
2012-08-06,35546080.0,13.54,13.60,13.23,13.27,1302940.0
2012-08-03,36111064.0,13.32,13.33,13.06,13.32,1351370.0
2012-08-02,46259008.0,13.23,13.92,12.78,12.88,1716228.0
2012-08-01,15090203.0,12.77,12.87,12.62,12.62,584034.0
2012-07-31,19022208.0,12.66,12.78,12.57,12.73,744433.0
2012-07-30,14412046.0,12.71,12.85,12.57,12.61,562812.0
2012-07-27,61552464.0,12.69,13.18,12.64,13.12,2386287.0
2012-07-26,32062002.0,13.12,13.62,13.12,13.61,1186807.0
2012-07-25,36422036.0,13.46,13.65,13.33,13.33,1336880.0
2012-07-24,37745120.0,13.41,13.53,13.20,13.39,1401332.0
2012-07-23,72714712.0,13.45,13.68,13.00,13.23,2663191.0
2012-07-20,86406592.0,13.29,13.32,12.84,12.95,3242383.0
2012-07-19,32882334.0,12.79,12.97,12.78,12.89,1266145.0
2012-07-18,28280414.0,12.96,12.96,12.66,12.95,1093660.0
2012-07-17,48366024.0,12.95,12.98,12.56,12.61,1871859.0
2012-07-16,119063936.0,12.78,12.97,12.02,12.24,4678872.0
2012-07-13,106156264.0,12.44,12.45,11.91,12.44,4308199.0
2012-07-12,166297216.0,12.52,12.82,12.06,12.23,6619342.0
2012-07-11,112505512.0,12.24,12.29,11.84,12.29,4638811.0
2012-07-10,37447916.0,12.29,13.03,12.29,12.94,1480566.0
2012-07-09,47068424.0,13.04,13.20,12.88,12.93,1783330.0
2012-07-06,35673720.0,12.92,12.92,12.41,12.69,1386756.0
2012-07-05,44864332.0,12.69,12.93,12.15,12.67,1765750.0
2012-07-04,91245688.0,12.67,13.53,12.56,13.38,3519923.0
2012-07-03,73011616.0,13.43,13.86,13.32,13.53,2655307.0
2012-07-02,67634616.0,13.64,14.01,13.56,13.76,2441121.0
2012-06-29,48996960.0,13.65,13.67,13.14,13.20,1810791.0
2012-06-28,40589380.0,13.23,13.35,13.06,13.18,1521445.0
2012-06-27,47915332.0,13.18,13.36,13.03,13.17,1798723.0
2012-06-26,34507024.0,13.25,13.53,13.14,13.38,1281685.0
2012-06-25,36226448.0,13.42,13.86,13.29,13.43,1321398.0
2012-06-21,33155644.0,13.52,13.55,13.17,13.53,1230644.0
2012-06-20,52318660.0,13.52,13.87,13.38,13.85,1907344.0
2012-06-19,58943180.0,13.85,14.12,13.53,13.65,2106420.0
2012-06-18,43929232.0,13.66,13.72,13.52,13.65,1597776.0
2012-06-15,47926828.0,13.62,13.77,13.40,13.51,1749538.0
2012-06-14,73235824.0,13.45,13.65,13.20,13.23,2681694.0
2012-06-13,47383788.0,13.33,13.36,12.90,13.02,1788411.0
2012-06-12,21424448.0,12.99,13.06,12.73,12.73,823439.0
2012-06-11,18540356.0,12.88,12.90,12.49,12.78,720105.0
2012-06-08,24875188.0,12.73,13.11,12.67,13.11,735066.0
2012-06-07,34448456.0,13.01,13.07,12.86,12.93,1010216.0
2012-06-06,40365452.0,12.92,13.30,12.84,13.15,1178174.0
2012-06-05,119022880.0,13.22,13.47,12.82,12.91,3411722.0
2012-06-04,58820744.0,12.92,13.03,12.55,12.69,1736398.0
2012-06-01,25253006.0,12.81,12.91,12.69,12.73,749574.0
2012-05-31,47570800.0,12.77,12.85,12.51,12.63,1420135.0
2012-05-30,27956956.0,12.61,12.79,12.54,12.73,840561.0
2012-05-29,41101668.0,12.72,12.90,12.63,12.82,1225195.0
2012-05-28,72927672.0,12.84,12.92,12.44,12.50,2179428.0
2012-05-25,32711332.0,12.50,12.65,12.36,12.40,992030.0
2012-05-24,27857944.0,12.43,12.54,12.31,12.39,851111.0
2012-05-23,45117400.0,12.50,12.65,12.19,12.27,1375103.0
2012-05-22,37413296.0,12.14,12.47,12.05,12.16,1166628.0
2012-05-21,24809094.0,12.08,12.46,12.05,12.35,771941.0
2012-05-18,21985344.0,12.35,12.46,12.16,12.16,679024.0
2012-05-17,36890528.0,12.49,12.62,12.25,12.33,1123142.0
2012-05-16,39913784.0,12.32,12.43,12.16,12.22,1234796.0
2012-05-15,19540054.0,12.19,12.33,12.01,12.08,607632.0
2012-05-14,27943362.0,12.16,12.60,12.12,12.52,858129.0
2012-05-11,19625222.0,12.43,12.62,12.43,12.47,596098.0
2012-05-10,54973292.0,12.47,12.68,12.12,12.12,1672735.0
2012-05-09,39723212.0,12.16,12.33,12.10,12.23,1236356.0
2012-05-08,53354992.0,12.41,12.46,12.12,12.46,1650779.0
2012-05-07,71078720.0,12.50,12.65,12.17,12.21,2165969.0
2012-05-04,42713520.0,12.35,12.35,12.12,12.18,1327660.0
2012-05-03,48217736.0,12.18,12.27,11.72,11.79,1516687.0
2012-05-02,42523464.0,11.93,11.93,11.66,11.86,1367654.0
2012-04-27,25019340.0,11.77,11.86,11.51,11.81,815066.0
2012-04-26,30320226.0,11.77,12.09,11.73,12.08,966511.0
2012-04-25,64642660.0,12.15,12.15,11.74,12.03,2059505.0
2012-04-24,88508184.0,12.16,12.24,11.29,11.42,2857301.0
2012-04-23,47522584.0,11.51,11.92,11.51,11.87,1540512.0
2012-04-20,76163232.0,11.89,11.89,11.40,11.44,2474628.0
2012-04-18,56234772.0,11.54,11.55,11.10,11.40,1878584.0
2012-04-17,31102736.0,11.33,11.46,11.33,11.39,1037367.0
2012-04-16,26787154.0,11.44,11.51,11.36,11.40,889926.0
2012-04-13,34589912.0,11.51,11.64,11.41,11.43,1140163.0
2012-04-12,45810820.0,11.42,11.43,11.19,11.22,1537344.0
2012-04-11,38647404.0,11.21,11.32,11.16,11.29,1308142.0
2012-04-10,63930916.0,11.38,11.38,10.79,11.03,2187616.0
2012-04-09,44568460.0,11.03,11.40,11.03,11.40,1509362.0
2012-04-06,44979232.0,11.39,11.54,11.29,11.49,1498912.0
2012-04-05,52355856.0,11.49,11.54,11.25,11.33,1743627.0
2012-03-30,38060012.0,11.34,11.53,11.17,11.36,1279734.0
2012-03-29,33284590.0,11.53,11.74,11.31,11.67,1101355.0
2012-03-28,42569320.0,11.74,12.30,11.63,12.24,1368055.0
2012-03-27,31670922.0,12.25,12.65,12.12,12.45,969914.0
2012-03-26,25820246.0,12.44,12.58,12.38,12.52,787487.0
2012-03-23,35865744.0,12.52,12.77,12.39,12.73,1087363.0
2012-03-22,17397324.0,12.79,12.86,12.69,12.79,517979.0
2012-03-21,42683272.0,12.79,13.15,12.65,13.11,1262594.0
2012-03-20,72697736.0,13.03,13.35,13.02,13.22,2098282.0
2012-03-19,98578392.0,13.26,13.31,12.93,12.98,2838662.0
2012-03-16,57652248.0,12.96,13.00,12.65,12.73,1700468.0
2012-03-15,61557172.0,12.76,12.84,12.51,12.51,1844079.0
2012-03-14,93318488.0,12.60,13.33,12.43,13.28,2742487.0
2012-03-13,70095312.0,13.24,13.28,13.00,13.00,2018301.0
2012-03-12,65403968.0,13.00,13.08,12.69,12.73,1922554.0
2012-03-09,56940284.0,12.76,12.81,12.50,12.54,1717122.0
2012-03-08,41764960.0,12.51,12.63,12.41,12.47,1267947.0
2012-03-07,38778116.0,12.46,12.73,12.37,12.37,1176326.0
2012-03-06,51406472.0,12.65,13.14,12.65,13.07,1521287.0
2012-03-05,62048536.0,13.12,13.29,13.09,13.26,1787975.0
2012-03-02,113700536.0,13.24,13.25,12.77,12.92,3342804.0
2012-03-01,46849072.0,12.91,13.27,12.88,13.17,1361849.0
2012-02-29,27479904.0,13.02,13.30,13.01,13.06,795241.0
2012-02-28,44851880.0,13.17,13.46,13.03,13.41,1286931.0
2012-02-27,64459412.0,13.46,13.64,13.28,13.55,1820234.0
2012-02-24,33749612.0,13.48,13.53,13.33,13.49,955837.0
2012-02-23,42930836.0,13.47,13.65,13.36,13.46,1209997.0
2012-02-22,35809848.0,13.35,13.39,13.07,13.16,1023842.0
2012-02-21,19911646.0,13.14,13.15,12.95,13.03,579417.0
2012-02-20,25955420.0,13.08,13.29,13.07,13.19,748102.0
2012-02-17,28148786.0,13.15,13.21,13.00,13.20,815340.0
2012-02-16,46095964.0,13.22,13.31,12.98,13.31,1335044.0
2012-02-15,47077532.0,13.20,13.32,13.10,13.11,1356280.0
2012-02-14,46975748.0,13.01,13.47,12.92,12.96,1354165.0
2012-02-13,21002544.0,12.78,12.91,12.49,12.54,625849.0
2012-02-10,20614820.0,12.63,12.76,12.61,12.66,618920.0
2012-02-09,21104356.0,12.66,12.91,12.54,12.71,632924.0
2012-02-08,19041832.0,12.71,12.73,12.47,12.59,574246.0
2012-02-07,12468124.0,12.50,12.72,12.44,12.72,378397.0
2012-02-06,22060792.0,12.68,12.72,12.48,12.54,665413.0
2012-02-03,18197708.0,12.46,12.51,12.20,12.29,559069.0
2012-02-02,12463255.0,12.33,12.34,12.12,12.28,386197.0
2012-02-01,8768054.0,12.25,12.34,12.05,12.05,272361.0
2012-01-31,10205163.0,12.13,12.50,12.12,12.49,315680.0
2012-01-30,23712592.0,12.48,12.88,12.37,12.88,718970.0
2012-01-20,45158880.0,13.01,13.09,12.37,12.56,1325870.0
2012-01-19,70287552.0,12.69,12.92,11.02,11.73,2235541.0
2012-01-18,66673584.0,12.21,13.68,12.21,13.67,1986206.0
2012-01-17,45975364.0,13.57,13.67,13.23,13.30,1290048.0
2012-01-16,19482692.0,13.30,14.05,13.30,13.93,546817.0
2012-01-13,23306552.0,13.94,14.36,13.79,14.36,632750.0
2012-01-12,31613968.0,14.28,14.38,14.12,14.37,842027.0
2012-01-11,46706328.0,14.44,14.48,13.97,14.20,1245576.0
2012-01-10,34700368.0,14.08,14.13,13.41,13.49,954891.0
2012-01-09,28694490.0,13.43,13.47,12.92,13.22,824883.0
2012-01-06,26707562.0,13.18,13.56,12.92,13.46,770679.0
2012-01-05,29238044.0,13.45,14.36,13.28,14.08,803099.0
2012-01-04,27698710.0,14.16,14.77,14.12,14.63,725058.0
2011-12-30,40729292.0,14.59,14.59,13.83,13.83,1072555.0
2011-12-29,15643976.0,13.87,13.98,13.74,13.75,427129.0
2011-12-28,41295564.0,13.75,14.02,13.60,13.91,1142611.0
2011-12-27,17989470.0,14.16,14.82,14.16,14.69,468508.0
2011-12-26,33478748.0,14.76,14.95,14.29,14.50,860256.0
2011-12-23,11541039.0,14.40,14.51,14.21,14.29,304537.0
2011-12-22,26574570.0,14.37,14.40,13.93,14.13,713778.0
2011-12-21,47268696.0,14.25,14.58,14.14,14.23,1250729.0
2011-12-20,10725585.0,14.10,14.32,14.09,14.12,287729.0
2011-12-19,17160836.0,14.23,14.36,14.02,14.36,461985.0
2011-12-16,16602369.0,14.37,14.58,13.93,14.09,442586.0
2011-12-15,32964342.0,14.09,14.51,13.68,14.38,892391.0
2011-12-14,7611635.0,14.44,14.69,14.42,14.52,198834.0
2011-12-13,20835592.0,14.60,14.84,14.32,14.84,545018.0
2011-12-12,13239432.0,14.85,14.91,14.71,14.79,338789.0
2011-12-09,11973979.0,14.82,14.96,14.64,14.68,306886.0
2011-12-08,14404723.0,14.82,15.02,14.44,14.44,371397.0
2011-12-07,17782166.0,14.69,14.76,14.34,14.59,463834.0
2011-12-06,48524824.0,14.61,14.74,14.06,14.63,1282032.0
2011-12-05,34242704.0,14.64,15.04,14.64,14.72,876390.0
2011-12-02,44500928.0,14.82,15.05,14.64,14.69,1135996.0
2011-12-01,80291816.0,14.77,15.57,14.74,15.42,2000473.0
2011-11-30,51976864.0,15.04,15.73,14.94,15.73,1292351.0
2011-11-29,41101928.0,15.80,15.88,15.66,15.88,991051.0
2011-11-28,43323280.0,15.71,15.88,15.39,15.51,1048685.0
2011-11-25,40936276.0,15.51,15.96,15.47,15.61,988375.0
2011-11-24,76461520.0,15.73,16.00,15.20,15.31,1849874.0
2011-11-23,48898068.0,15.39,15.46,15.15,15.21,1213793.0
2011-11-22,35846388.0,15.19,15.26,15.01,15.16,898379.0
2011-11-21,39693732.0,15.26,15.31,14.89,15.21,1001734.0
2011-11-18,77269848.0,15.18,15.52,15.16,15.40,1917464.0
2011-11-17,72704696.0,15.47,15.69,15.04,15.14,1788874.0
2011-11-16,77223368.0,15.16,15.46,15.14,15.38,1917897.0
2011-11-15,46019808.0,15.38,15.51,15.11,15.31,1141677.0
2011-11-14,57462428.0,15.31,15.35,15.05,15.05,1431389.0
2011-11-11,34810464.0,15.04,15.39,14.94,15.10,870190.0
2011-11-10,78591528.0,15.11,15.35,14.93,14.97,1966737.0
2011-11-09,82239784.0,15.12,15.15,14.41,14.51,2109824.0
2011-11-08,27175790.0,14.50,14.91,14.48,14.78,703197.0
2011-11-07,39888760.0,14.82,14.98,14.71,14.78,1017926.0
2011-11-04,62377744.0,14.76,15.16,14.63,15.01,1598777.0
2011-11-03,65773168.0,15.00,15.29,14.98,15.26,1652138.0
2011-11-02,65283716.0,15.22,15.26,14.65,14.77,1653550.0
2011-11-01,82605304.0,14.94,15.12,14.51,14.65,2100056.0
2011-10-31,88512336.0,14.74,14.93,14.21,14.21,2290844.0
2011-10-28,101274496.0,14.33,14.61,13.98,14.56,2712147.0
2011-10-27,59498708.0,14.18,14.42,14.12,14.40,1587489.0
2011-10-26,67600880.0,14.36,14.36,13.66,13.72,1820297.0
2011-10-25,33455692.0,13.72,13.76,13.34,13.44,934840.0
2011-10-24,39085524.0,13.44,13.53,13.07,13.34,1120542.0
2011-10-21,40958868.0,13.41,13.75,13.11,13.68,1168026.0
2011-10-20,33438496.0,13.68,14.06,13.61,14.06,928107.0
2011-10-19,28820916.0,13.94,14.32,13.77,13.97,781469.0
2011-10-18,76861048.0,14.09,14.55,14.06,14.17,2037118.0
2011-10-17,81311856.0,14.33,14.38,13.74,13.85,2184192.0
2011-10-14,33609432.0,13.85,14.13,13.68,14.13,922410.0
2011-10-13,43894076.0,14.17,14.40,13.98,14.06,1175818.0
2011-10-12,46557236.0,14.19,14.21,13.68,13.68,1261602.0
2011-10-11,34209880.0,13.83,14.44,13.61,14.36,932324.0
2011-10-10,42091124.0,14.06,14.55,13.68,14.48,1142835.0
2011-09-30,38866212.0,14.55,14.69,14.41,14.44,1016848.0
2011-09-29,100442704.0,14.50,14.82,13.98,14.06,2650713.0
2011-09-28,35378456.0,14.13,14.23,14.02,14.17,951777.0
2011-09-27,34000096.0,14.13,14.24,14.06,14.19,914257.0
2011-09-26,57513108.0,14.12,14.24,13.94,14.10,1551843.0
2011-09-23,32607946.0,14.10,14.29,13.91,14.02,879492.0
2011-09-22,92421624.0,14.25,14.60,14.02,14.34,2470546.0
2011-09-21,67569448.0,14.52,14.74,14.06,14.32,1784705.0
2011-09-20,58683828.0,14.30,14.72,14.26,14.55,1539460.0
2011-09-19,44716348.0,14.63,14.82,14.48,14.82,1162985.0
2011-09-16,41562996.0,14.97,15.32,14.82,15.16,1044379.0
2011-09-15,43740736.0,15.14,15.23,15.03,15.15,1099547.0
2011-09-14,50838012.0,15.14,15.16,14.72,14.92,1294300.0
2011-09-13,48288748.0,14.91,15.05,14.59,14.78,1231300.0
2011-09-09,61687024.0,14.74,14.89,14.55,14.70,1595855.0
2011-09-08,68255400.0,14.78,15.27,14.77,15.16,1723214.0
2011-09-07,64858368.0,15.15,15.15,14.82,14.96,1642263.0
2011-09-06,70715472.0,14.84,14.99,14.58,14.80,1817675.0
2011-09-05,57806624.0,14.86,15.04,14.71,14.83,1476009.0
2011-09-02,81988032.0,15.01,15.27,14.78,15.21,2086196.0
2011-09-01,110908888.0,15.20,15.68,15.13,15.59,2755591.0
2011-08-31,94701744.0,15.59,15.62,15.09,15.57,2344337.0
2011-08-30,148178288.0,15.53,16.45,15.53,16.41,3509583.0
2011-08-29,192279872.0,16.41,16.56,15.98,16.00,4472381.0
2011-08-26,159742784.0,16.13,16.36,15.88,15.92,3749409.0
2011-08-25,131838480.0,15.96,16.03,15.53,15.80,3170922.0
2011-08-24,137419104.0,15.70,16.15,15.67,15.97,3278453.0
2011-08-23,136361936.0,15.86,15.86,15.24,15.29,3324048.0
2011-08-22,104689168.0,15.23,15.64,15.04,15.29,2589203.0
2011-08-19,119553928.0,15.22,15.43,15.01,15.05,2982260.0
2011-08-18,173222944.0,15.52,16.20,15.52,16.03,4174915.0
2011-08-17,150684224.0,16.21,16.45,16.10,16.43,3521787.0
2011-08-16,279100512.0,16.43,16.78,16.08,16.10,6418298.0
2011-08-15,210799056.0,16.09,16.33,15.81,16.22,4988628.0
2011-08-12,215082992.0,16.22,16.47,16.09,16.38,5023841.0
2011-08-11,317220640.0,16.41,16.58,15.50,15.58,7419110.0
2011-08-10,344745216.0,15.88,16.30,15.47,15.50,8216289.0
2011-08-09,337883776.0,15.40,15.67,14.44,14.48,8513187.0
2011-08-08,454824704.0,15.16,16.42,14.97,16.10,11129001.0
2011-08-05,398254240.0,16.46,17.10,16.11,16.26,9087009.0
2011-08-04,468978976.0,16.91,17.31,16.45,17.14,10579488.0
2011-08-03,433545696.0,17.24,17.59,16.83,16.95,9588226.0
2011-08-02,692551040.0,17.44,18.39,17.29,17.63,14790878.0
2011-08-01,846682880.0,18.02,18.43,17.11,17.48,18131624.0
2011-07-29,1139639552.0,17.93,18.43,17.59,17.73,24198720.0
2011-07-28,1963812480.0,16.98,16.98,15.24,15.58,45788416.0
