date,amount,close,high,low,open,volume
2015-11-27,584065472.0,30.13,33.20,30.12,33.00,18508854.0
2015-11-26,434530496.0,33.47,34.58,33.42,34.55,12842043.0
2015-11-25,580891264.0,34.59,34.97,33.60,34.00,16982364.0
2015-11-24,565738304.0,34.58,35.95,34.00,35.28,16223474.0
2015-11-23,791426496.0,34.38,37.10,34.12,35.47,22265232.0
2015-11-20,1116915072.0,36.07,36.47,34.00,35.60,31652268.0
2015-11-19,1030162944.0,35.38,35.38,32.57,32.85,30045778.0
2015-11-18,672778112.0,32.16,33.80,31.50,32.45,20622296.0
2015-11-17,1126760960.0,31.87,34.80,31.80,34.80,33830192.0
2015-11-16,671821312.0,32.23,32.23,28.19,28.19,21617076.0
2015-11-13,339510784.0,29.30,30.00,28.96,29.70,11520185.0
2015-11-12,414997888.0,30.26,31.65,30.01,31.44,13621766.0
2015-11-11,487086624.0,31.08,31.36,29.98,30.30,15882708.0
2015-11-10,466198048.0,30.43,31.20,30.03,30.40,15265270.0
2015-11-09,607430720.0,31.08,31.95,29.21,29.70,19817094.0
2015-11-06,633903488.0,30.63,32.10,29.70,30.00,20561124.0
2015-11-05,512646976.0,29.25,30.48,28.38,30.45,17523696.0
2015-11-04,466912480.0,29.68,29.68,27.30,27.47,16356648.0
2015-11-03,273153824.0,26.98,28.30,26.51,27.25,10025209.0
2015-11-02,349056160.0,27.60,29.40,26.68,27.00,12340326.0
2015-10-30,386896032.0,28.30,29.00,27.92,29.00,13583319.0
2015-10-29,489793728.0,29.63,31.49,28.72,31.13,16508094.0
2015-10-28,608682432.0,30.55,32.35,30.04,30.15,19611906.0
2015-10-27,658854848.0,30.85,31.65,28.88,30.47,21716228.0
2015-10-26,964313472.0,31.60,32.30,29.50,30.60,31149940.0
2015-10-23,869578304.0,29.46,29.46,26.55,26.55,30216272.0
2015-10-22,523475552.0,26.78,26.78,24.51,24.98,20455230.0
2015-10-21,782173120.0,24.38,28.49,24.38,28.00,29434764.0
2015-10-20,225149504.0,27.09,27.09,25.41,25.41,8427955.0
2015-10-19,357826496.0,24.63,25.20,24.10,25.20,14505970.0
2015-10-16,487655168.0,25.50,26.08,24.38,24.60,19302388.0
2015-10-15,457374560.0,24.60,24.76,23.15,23.15,18924064.0
2015-10-14,556047744.0,23.77,25.58,23.50,24.00,22811792.0
2015-10-13,629331392.0,23.95,24.65,23.45,23.91,26332836.0
2015-10-12,139211376.0,22.61,22.61,21.38,21.53,6307204.0
2015-10-09,262396576.0,20.55,20.55,18.61,18.61,13082392.0
2015-10-08,170688768.0,18.68,18.80,17.80,18.33,9304134.0
2015-09-30,66315608.0,17.34,17.65,17.00,17.48,3834286.0
2015-09-29,104980488.0,17.21,17.95,16.98,17.60,6030529.0
2015-09-28,93783744.0,18.20,18.50,17.46,18.00,5195394.0
2015-09-25,132618640.0,17.53,18.90,17.45,18.88,7300615.0
2015-09-24,194991232.0,19.18,19.60,18.05,18.60,10321290.0
2015-09-23,128472432.0,18.32,18.74,18.05,18.16,4096307.0
2015-09-22,154143888.0,18.57,18.75,17.75,18.20,4938847.0
2015-09-21,117487000.0,17.98,18.17,16.68,16.97,3885135.0
2015-09-18,82587480.0,17.14,17.34,16.46,16.97,2841147.0
2015-09-17,149062112.0,16.77,17.99,16.18,16.78,5146371.0
2015-09-16,106125216.0,16.82,16.82,15.29,15.29,3867417.0
2015-09-15,101883592.0,15.29,16.70,15.28,16.41,3785457.0
2015-09-14,90685200.0,16.98,19.21,16.98,18.99,2987521.0
2015-09-11,98040032.0,18.87,19.27,18.47,18.49,3040317.0
2015-09-10,81514608.0,18.64,19.10,18.57,18.74,2536394.0
2015-09-09,164354496.0,19.29,19.41,18.44,18.64,5080693.0
2015-09-08,94198336.0,18.19,18.27,16.59,17.23,3142616.0
2015-09-07,84244224.0,17.41,18.58,17.09,17.52,2746886.0
2015-09-02,179375200.0,17.48,17.92,15.71,15.71,6199923.0
2015-09-01,117276352.0,17.34,19.07,17.34,18.76,3849924.0
2015-08-31,149920400.0,19.26,20.45,19.14,20.45,4469268.0
2015-08-28,189405104.0,20.49,20.50,18.54,19.16,5724674.0
2015-08-27,164695568.0,18.81,19.34,17.08,18.76,5245654.0
2015-08-26,218185936.0,18.38,20.96,18.38,19.92,6586809.0
2015-08-25,119883848.0,20.42,21.39,20.42,20.42,3431953.0
2015-08-24,101409608.0,22.69,23.91,22.69,23.91,2581700.0
2015-08-21,166457776.0,25.21,27.22,25.20,26.39,3727144.0
2015-08-20,263101280.0,27.38,29.23,27.38,29.23,5423034.0
2015-08-19,286134592.0,29.45,29.45,24.62,26.26,6193934.0
2015-08-18,405393504.0,27.25,30.69,25.90,28.62,8222221.0
2015-08-17,133777400.0,28.68,29.19,28.11,28.26,2740538.0
2015-08-14,208945136.0,28.61,29.59,28.45,29.07,4227711.0
2015-08-13,245058096.0,29.01,29.18,27.42,28.49,5052565.0
2015-08-12,262831712.0,28.76,29.78,28.01,28.44,5293484.0
2015-08-11,273152384.0,28.78,29.47,28.61,29.25,5511119.0
2015-08-10,291130208.0,29.32,29.57,27.84,27.84,5966172.0
2015-08-07,246381104.0,26.95,27.29,25.79,25.82,5407117.0
2015-08-06,135196416.0,25.41,26.37,25.21,25.52,3067049.0
2015-08-05,265918576.0,26.37,27.77,25.99,26.67,5772815.0
2015-08-04,213185696.0,26.57,26.57,24.15,24.15,4910615.0
2015-08-03,219895568.0,24.16,26.78,24.16,26.44,5173483.0
2015-07-31,340368896.0,26.84,28.20,26.44,26.67,7269292.0
2015-07-30,316489568.0,26.98,28.86,26.26,26.54,6692743.0
2015-07-29,224130848.0,26.73,26.73,24.15,24.96,5228298.0
2015-07-28,261134848.0,24.32,27.01,24.25,25.93,6090624.0
2015-07-27,286863200.0,26.94,30.18,26.94,28.78,5911133.0
2015-07-24,311612480.0,29.94,31.13,29.79,30.72,5955834.0
2015-07-23,331775456.0,30.83,31.06,29.83,30.87,6374318.0
2015-07-22,348146912.0,30.48,31.06,28.72,29.86,6790538.0
2015-07-21,368348544.0,29.87,31.06,27.43,28.04,7364581.0
2015-07-20,442427104.0,28.37,29.20,26.95,27.55,9249951.0
2015-07-17,322553056.0,26.66,26.66,24.16,24.65,7357953.0
2015-07-16,333593216.0,24.23,25.07,22.27,22.30,8146120.0
2015-07-15,440236416.0,23.99,23.99,22.86,23.99,10779969.0
2015-07-14,2988803.0,21.81,21.81,21.81,21.81,80301.0
2015-07-07,91178656.0,19.83,21.10,19.83,21.10,2661705.0
2015-07-06,285785632.0,22.04,26.35,21.56,26.35,7268140.0
2015-07-03,218623360.0,23.95,27.96,23.95,25.55,5076555.0
2015-07-02,198939360.0,26.61,30.24,26.61,29.30,4193404.0
2015-07-01,331516064.0,29.57,32.53,28.98,30.01,6259516.0
2015-06-30,304419680.0,30.95,31.18,26.13,28.72,6232475.0
2015-06-29,259417472.0,29.03,33.69,29.03,33.57,5012598.0
2015-06-26,259849904.0,32.26,34.61,32.26,34.00,4615949.0
2015-06-25,407617056.0,35.84,38.02,35.16,35.63,6528339.0
2015-06-24,254297920.0,34.96,36.17,33.71,35.83,4230236.0
2015-06-23,249377088.0,35.40,36.33,32.19,35.05,4192917.0
2015-06-19,256208560.0,35.06,38.61,35.01,38.10,4043195.0
2015-06-18,342531648.0,38.90,41.20,38.74,41.20,5008079.0
2015-06-17,314437408.0,41.55,41.90,38.69,41.24,4544813.0
2015-06-16,484909088.0,41.14,44.33,41.14,44.33,6769832.0
2015-06-15,543365376.0,45.71,50.29,44.83,49.07,6616862.0
2015-06-12,504320544.0,49.05,50.67,47.94,48.82,6015446.0
2015-06-11,668382592.0,49.23,50.41,48.23,49.82,7958130.0
2015-06-10,1166719104.0,50.61,51.89,45.95,46.42,13612252.0
2015-06-09,805263744.0,47.17,47.71,42.78,44.47,10341701.0
2015-06-08,578861760.0,44.53,45.68,42.33,43.35,7665354.0
2015-06-05,402608512.0,43.28,45.12,41.61,42.77,5422929.0
2015-06-04,497691168.0,42.75,43.37,39.41,43.37,7008559.0
2015-06-03,842167872.0,43.79,47.16,43.36,47.15,11041155.0
2015-06-02,944251456.0,47.12,47.12,42.85,43.23,12111040.0
2015-06-01,602399616.0,42.83,44.53,40.24,41.90,8255563.0
2015-05-29,600433856.0,41.25,43.08,37.91,40.74,8597036.0
2015-05-28,864046848.0,42.02,49.17,42.02,44.89,11042128.0
2015-05-27,992922752.0,46.68,46.93,40.45,42.78,13354783.0
2015-05-26,707793792.0,42.67,43.93,40.44,40.91,9722897.0
2015-05-25,763056000.0,40.97,42.06,38.97,39.85,10974992.0
2015-05-22,1884559104.0,42.77,46.82,40.77,46.82,25124888.0
2015-05-21,45806256.0,43.06,43.06,43.06,43.06,623384.0
2015-05-20,25212056.0,39.15,39.15,39.15,39.15,377426.0
2015-05-19,452982400.0,35.59,35.59,34.93,35.59,7476274.0
2015-05-18,83438816.0,32.36,32.36,32.36,32.36,1511299.0
2015-05-15,39897940.0,29.42,29.42,29.42,29.42,794938.0
2015-05-14,9475024.0,26.74,26.74,26.74,26.74,207649.0
2015-05-13,13371866.0,24.31,24.31,24.31,24.31,322369.0
2015-05-12,9805316.0,22.10,22.10,22.10,22.10,260019.0
2015-04-23,230579040.0,20.09,20.72,19.46,19.62,6694489.0
2015-04-22,147952224.0,19.62,19.78,19.16,19.34,4447832.0
2015-04-21,150816224.0,19.19,19.21,18.45,18.57,4678104.0
2015-04-20,188692608.0,18.58,19.44,18.37,19.43,5862756.0
2015-04-17,223655712.0,19.55,20.47,19.32,20.22,6649044.0
2015-04-16,173294976.0,20.22,20.89,18.88,20.46,5073591.0
2015-04-15,324667360.0,20.98,22.14,20.57,20.58,8932947.0
2015-04-14,122595896.0,20.44,20.84,20.24,20.84,3494522.0
2015-04-13,187964656.0,20.88,21.20,20.27,20.46,5302203.0
2015-04-10,137590704.0,20.38,20.44,19.77,19.93,3977879.0
2015-04-09,136218640.0,20.16,20.71,19.34,20.69,3984291.0
2015-04-08,201437952.0,20.51,21.42,19.81,21.36,5694700.0
2015-04-07,258190864.0,21.34,21.35,20.51,20.66,7248251.0
2015-04-03,178606528.0,20.65,20.81,20.34,20.63,5100781.0
2015-04-02,157866528.0,20.79,21.21,20.40,20.64,4458987.0
2015-04-01,124186160.0,20.55,20.72,20.11,20.14,3551614.0
2015-03-31,158757664.0,20.27,20.60,20.02,20.25,4580688.0
2015-03-30,184073232.0,20.33,21.29,20.09,21.09,5278833.0
2015-03-27,138333552.0,20.82,21.42,20.62,20.79,3874628.0
2015-03-26,281326976.0,21.39,22.59,20.04,21.63,7733418.0
2015-03-25,332985152.0,21.46,22.32,20.27,20.98,9129257.0
2015-03-24,307557344.0,20.47,20.47,18.78,18.78,9096723.0
2015-03-23,100592888.0,18.61,18.85,18.39,18.63,3168249.0
2015-03-20,97656496.0,18.63,18.98,18.51,18.80,3064886.0
2015-03-19,118471296.0,19.06,19.78,18.64,18.75,3626775.0
2015-03-18,72082584.0,18.84,18.99,18.46,18.99,2250676.0
2015-03-17,130459480.0,18.92,19.27,18.06,18.33,4112363.0
2015-03-16,107422800.0,18.36,18.63,17.93,18.17,3445577.0
2015-03-13,67240280.0,17.94,18.02,17.26,17.73,2222066.0
2015-03-12,87461032.0,17.73,18.15,17.00,17.72,2912515.0
2015-03-11,81126680.0,17.82,18.17,17.45,18.06,2686290.0
2015-03-10,94308160.0,18.10,18.47,17.93,18.14,3046419.0
2015-03-09,152330688.0,18.29,18.65,16.70,16.95,4994598.0
2015-03-06,114860288.0,17.11,17.76,16.92,17.76,3909263.0
2015-03-05,202020640.0,17.71,18.17,16.88,17.00,6781952.0
2015-03-04,170530512.0,16.94,16.96,16.16,16.46,6014757.0
2015-03-03,150329056.0,16.31,16.53,15.92,16.02,5418900.0
2015-03-02,117565504.0,16.12,16.18,15.72,15.91,4305574.0
2015-02-27,199830464.0,16.00,16.47,15.68,15.69,7320757.0
2015-02-26,40095712.0,15.35,15.38,15.12,15.21,1538525.0
2015-02-25,57691472.0,15.25,15.41,15.07,15.14,2219467.0
2015-02-17,44282656.0,15.13,15.23,15.01,15.23,1720017.0
2015-02-16,56514688.0,15.24,15.33,14.88,14.94,2189880.0
2015-02-13,41851420.0,14.93,15.16,14.83,14.89,1635612.0
2015-02-12,22462774.0,14.86,14.92,14.69,14.69,888169.0
2015-02-11,37768996.0,14.63,14.93,14.58,14.77,1507877.0
2015-02-10,22651124.0,14.84,14.96,14.67,14.80,893897.0
2015-02-09,43285252.0,14.86,15.00,14.55,14.95,1719343.0
2015-02-06,91445976.0,15.08,15.59,14.66,15.59,3544807.0
2015-02-05,118651496.0,15.71,15.89,15.36,15.36,4430386.0
2015-02-04,74653352.0,15.36,15.58,14.84,14.89,2872308.0
2015-02-03,31809480.0,14.89,14.99,14.78,14.80,1251553.0
2015-02-02,42015456.0,14.86,15.06,14.72,14.92,1650220.0
2015-01-30,69517544.0,14.99,15.06,14.65,14.65,2724082.0
2015-01-29,29767626.0,14.65,14.83,14.53,14.74,1187282.0
2015-01-28,37657904.0,14.83,14.97,14.67,14.71,1486837.0
2015-01-27,53064944.0,14.83,14.91,14.36,14.74,2106883.0
2015-01-26,36427512.0,14.75,14.92,14.52,14.62,1450006.0
2015-01-23,31313586.0,14.62,14.88,14.54,14.83,1248556.0
2015-01-22,48473488.0,14.83,14.84,14.46,14.48,1941312.0
2015-01-21,47496060.0,14.57,14.74,14.48,14.74,1908765.0
2015-01-20,47372772.0,14.47,14.47,13.84,13.84,1945502.0
2015-01-19,43423872.0,13.88,14.51,13.71,14.00,1795737.0
2015-01-16,26650314.0,14.08,14.26,13.85,13.85,1107111.0
2015-01-15,30536838.0,13.91,14.04,13.68,13.95,1292261.0
2015-01-14,17692714.0,13.98,14.29,13.89,14.12,737141.0
2015-01-13,38561112.0,14.19,14.29,13.45,13.45,1615397.0
2015-01-12,13249356.0,13.79,14.07,13.78,13.82,559998.0
2015-01-09,31261322.0,14.07,14.22,13.92,14.00,1297520.0
2015-01-08,31748498.0,14.01,14.08,13.82,13.92,1327317.0
2015-01-07,23032406.0,13.92,14.17,13.82,14.11,968680.0
2015-01-06,51899804.0,14.18,14.21,13.50,13.83,2194244.0
2015-01-05,65200724.0,13.95,14.38,13.60,14.32,2748121.0
2014-12-31,25264340.0,14.36,14.53,14.04,14.07,1035381.0
2014-12-30,29614892.0,14.30,14.65,14.07,14.65,1212272.0
2014-12-29,31363808.0,14.65,14.94,14.42,14.94,1263485.0
2014-12-26,26276126.0,14.83,15.00,14.72,14.87,1040005.0
2014-12-25,24475078.0,14.90,14.98,14.69,14.93,966348.0
2014-12-24,30867528.0,14.86,14.95,14.48,14.70,1228032.0
2014-12-23,47045736.0,14.56,15.09,14.21,14.21,1876970.0
2014-12-22,41197668.0,14.11,15.21,14.09,15.17,1663582.0
2014-12-19,62683652.0,15.23,15.23,14.36,15.04,2493912.0
2014-12-18,42627196.0,15.17,15.40,15.12,15.28,1640701.0
2014-12-17,67209056.0,15.28,15.50,14.82,15.16,2602893.0
2014-12-16,43383012.0,15.16,15.38,15.06,15.27,1674132.0
2014-12-15,74357928.0,15.26,15.33,14.85,14.85,2883238.0
2014-12-12,44025700.0,14.85,14.87,14.52,14.71,1759862.0
2014-12-11,56883792.0,14.70,14.84,14.08,14.08,2293244.0
2014-12-10,62601132.0,14.24,14.29,13.80,13.80,2609370.0
2014-12-09,146682000.0,13.73,15.24,13.71,15.24,5897830.0
2014-12-08,93816024.0,15.24,15.44,14.90,15.24,3608378.0
2014-12-05,118481536.0,15.36,15.99,15.17,15.99,4499150.0
2014-12-04,101966320.0,16.04,16.14,15.85,15.94,3728965.0
2014-12-03,95210816.0,15.94,15.97,15.42,15.94,3557602.0
2014-12-02,89866576.0,15.95,16.15,15.84,15.97,3292742.0
2014-12-01,117859896.0,15.97,16.63,15.75,16.59,4283354.0
2014-11-28,114804752.0,16.79,17.28,16.76,17.05,3962938.0
2014-11-27,128314856.0,17.11,17.24,16.39,16.84,4476581.0
2014-11-26,84331144.0,16.85,17.14,16.63,16.88,2935034.0
2014-11-25,104315712.0,16.91,17.08,16.32,16.40,3630763.0
2014-11-24,49636152.0,16.42,16.58,16.23,16.53,1777557.0
2014-11-21,42166652.0,16.46,16.52,16.26,16.45,1507982.0
2014-11-20,62865016.0,16.46,16.57,16.22,16.38,2243590.0
2014-11-19,59113632.0,16.38,16.39,15.88,15.97,2142109.0
2014-11-18,27157910.0,15.95,15.99,15.71,15.84,1005124.0
2014-11-17,42993860.0,15.88,16.10,15.74,15.89,1577634.0
2014-11-14,41607712.0,15.91,15.97,15.47,15.53,1546679.0
2014-11-13,49636712.0,15.53,15.92,15.41,15.91,1871766.0
2014-11-12,38173896.0,15.92,15.92,15.59,15.59,1417449.0
2014-11-11,78666192.0,15.64,16.52,15.59,16.41,2892991.0
2014-11-10,76048776.0,16.44,16.55,16.12,16.54,2739381.0
2014-11-07,132281024.0,16.59,17.28,16.34,16.98,4588968.0
2014-11-06,92676168.0,16.76,16.85,16.41,16.41,3257304.0
2014-11-05,86233024.0,16.46,16.92,16.39,16.86,3061207.0
2014-11-04,218220496.0,16.77,17.75,16.62,17.16,7495019.0
2014-11-03,199311904.0,17.17,17.35,16.31,16.54,6945940.0
2014-10-31,214361632.0,16.45,16.70,15.54,15.61,7728104.0
2014-10-30,97596784.0,15.61,15.96,15.57,15.96,3633919.0
2014-10-29,125976624.0,15.99,16.12,15.84,15.97,4624863.0
2014-10-28,144494208.0,15.91,16.00,15.47,15.53,5346178.0
2014-10-27,96017576.0,15.69,15.75,14.95,15.24,3659198.0
2014-10-24,150240080.0,15.53,15.75,15.41,15.54,5641170.0
2014-10-23,113375488.0,15.68,15.70,14.24,14.73,4429763.0
2014-10-22,26646818.0,14.83,15.23,14.82,15.12,1043437.0
2014-10-21,46940436.0,15.08,15.30,15.03,15.17,1814606.0
2014-10-20,46070596.0,15.21,15.23,14.82,14.83,1798130.0
2014-10-17,46576084.0,14.80,15.14,14.72,15.04,1834189.0
2014-10-16,41680072.0,15.06,15.21,14.95,15.04,1618114.0
2014-10-15,46835464.0,15.09,15.17,14.95,15.06,1820549.0
2014-10-14,48433480.0,15.00,15.29,14.93,15.17,1876423.0
2014-10-13,53649028.0,15.23,15.36,14.97,15.36,2077803.0
2014-10-10,63324068.0,15.41,15.63,15.25,15.63,2411448.0
2014-10-09,75773944.0,15.66,16.02,15.41,15.77,2825128.0
2014-10-08,55036340.0,15.78,15.82,15.57,15.80,2052344.0
2014-09-30,66084820.0,15.77,15.81,15.55,15.62,2467868.0
2014-09-29,81703552.0,15.65,15.91,15.56,15.82,3052805.0
2014-09-26,118628352.0,15.69,15.81,15.06,15.15,4466705.0
2014-09-25,99738304.0,15.19,15.58,15.15,15.33,3800434.0
2014-09-24,86546232.0,15.02,15.04,14.61,14.66,3400717.0
2014-09-23,56167036.0,14.71,14.81,14.59,14.59,2239819.0
2014-09-22,74930576.0,14.62,14.95,14.56,14.92,2993359.0
2014-09-19,69408424.0,14.95,15.04,14.80,14.86,2723778.0
2014-09-18,63789852.0,14.80,14.88,14.68,14.86,2532370.0
2014-09-17,103427096.0,14.90,15.30,14.55,15.07,4105976.0
2014-09-16,112552512.0,15.13,16.15,15.06,15.94,4234516.0
2014-09-15,115939400.0,15.94,16.09,15.83,16.00,4256998.0
2014-09-12,87208816.0,15.91,15.99,15.44,15.71,3260174.0
2014-09-11,126041736.0,15.65,16.16,15.53,15.79,4660323.0
2014-09-10,109983176.0,15.79,15.80,15.43,15.46,4128305.0
2014-09-09,69043640.0,15.44,15.60,15.35,15.44,2616968.0
2014-09-05,99112128.0,15.47,15.79,15.26,15.74,3751820.0
2014-09-04,95089456.0,15.72,16.01,15.62,16.01,3542228.0
2014-09-03,78824624.0,16.01,16.16,15.78,16.09,2896512.0
2014-09-02,74390032.0,16.00,16.12,15.79,16.06,2732261.0
2014-09-01,95971440.0,16.09,16.12,15.44,15.63,3530892.0
2014-08-29,75614504.0,15.64,15.64,15.01,15.25,2872147.0
2014-08-28,47140680.0,15.26,15.32,14.92,15.20,1822477.0
2014-08-27,60516164.0,15.18,15.40,14.91,14.92,2333146.0
2014-08-26,72095616.0,15.12,15.41,14.81,15.36,2782861.0
2014-08-25,118360664.0,15.51,15.54,15.06,15.43,4520562.0
2014-08-22,247577392.0,15.54,15.82,14.60,14.61,9563884.0
2014-08-21,78107552.0,14.45,14.46,14.01,14.35,3217561.0
2014-08-20,96070072.0,14.38,14.71,14.30,14.48,3883897.0
2014-08-19,92970888.0,14.46,14.53,14.12,14.15,3799408.0
2014-08-18,56629012.0,14.18,14.18,13.94,14.04,2364390.0
2014-08-15,49821416.0,14.04,14.21,13.95,14.15,2075931.0
2014-08-14,57702304.0,14.15,14.18,13.77,13.90,2414741.0
2014-08-13,30340528.0,13.88,14.10,13.73,13.94,1282374.0
2014-08-12,34394180.0,13.95,14.18,13.92,13.95,1438060.0
2014-08-11,53065612.0,14.01,14.11,13.78,13.84,2220447.0
2014-08-08,30333074.0,13.87,13.89,13.60,13.82,1293614.0
2014-08-07,33829648.0,13.82,13.93,13.77,13.85,1431450.0
2014-08-06,53152836.0,13.84,14.04,13.80,14.04,2247967.0
2014-08-05,51014880.0,14.10,14.18,13.82,14.07,2129776.0
2014-08-04,50086500.0,14.06,14.32,13.89,14.32,2093130.0
2014-08-01,84789088.0,14.25,15.24,14.15,14.58,3389725.0
2014-07-31,27781314.0,14.01,14.15,13.66,14.08,1172740.0
2014-07-30,60800800.0,14.00,14.21,13.61,13.62,2542375.0
2014-07-29,37895960.0,13.60,13.66,13.19,13.19,1655424.0
2014-07-28,20190316.0,13.19,13.33,12.86,12.86,898310.0
2014-07-25,17540876.0,12.86,12.88,12.66,12.81,802729.0
2014-07-24,21054316.0,12.63,12.99,12.41,12.84,977116.0
2014-07-23,36406608.0,12.83,13.54,12.77,13.50,1641131.0
2014-07-22,10067198.0,13.46,13.53,13.27,13.32,438938.0
2014-07-21,19460602.0,13.29,13.48,13.22,13.48,855739.0
2014-07-18,15039397.0,13.48,13.71,13.39,13.39,651132.0
2014-07-17,33199248.0,13.54,14.22,13.33,14.21,1412083.0
2014-07-16,46175476.0,14.24,14.39,13.75,14.32,1932537.0
2014-07-15,30988346.0,14.41,14.55,14.14,14.55,1271802.0
2014-07-14,23856588.0,14.53,14.53,14.16,14.24,973321.0
2014-07-11,15001202.0,14.34,14.50,14.07,14.24,612966.0
2014-07-10,26481568.0,14.27,14.58,14.07,14.42,1084245.0
2014-07-09,47574744.0,14.48,15.22,14.45,15.01,1895387.0
2014-07-08,32217726.0,15.12,15.24,14.74,14.99,1257318.0
2014-07-07,43484352.0,15.04,15.52,14.84,15.43,1692297.0
2014-07-04,66457532.0,15.36,15.71,15.19,15.19,2524589.0
2014-07-03,32581224.0,15.12,15.31,15.06,15.25,1258671.0
2014-07-02,36316332.0,15.24,15.39,15.00,15.36,1400560.0
2014-07-01,79189944.0,15.24,15.27,14.45,14.65,3073775.0
2014-06-30,54652128.0,14.61,14.63,13.89,14.35,2253903.0
2014-06-27,56765816.0,14.51,14.76,14.06,14.54,2327602.0
2014-06-26,34312076.0,14.66,14.97,14.07,14.59,1366898.0
2014-06-25,26070822.0,14.63,15.12,14.21,15.12,1046611.0
2014-06-24,30101704.0,15.12,15.20,14.66,14.89,1174612.0
2014-06-23,10943360.0,14.76,14.89,14.65,14.65,434311.0
2014-06-20,8224308.0,14.65,14.76,14.35,14.53,331416.0
2014-06-19,15333710.0,14.65,15.03,14.36,14.79,610777.0
2014-06-18,13261398.0,15.03,15.24,14.68,15.21,522514.0
2014-06-17,16032037.0,14.94,15.36,14.90,15.07,619029.0
2014-06-16,18258664.0,15.16,15.35,15.06,15.17,704553.0
2014-06-13,19113516.0,15.21,15.36,15.07,15.20,735566.0
2014-06-12,52448448.0,15.13,15.74,15.06,15.33,1985850.0
2014-06-11,33623312.0,15.21,15.28,14.44,14.65,1323400.0
2014-06-10,16888048.0,14.59,14.59,14.00,14.58,690008.0
2014-06-09,23556032.0,14.36,14.76,14.26,14.38,946702.0
2014-06-06,29215998.0,14.52,14.79,13.94,13.94,1171980.0
2014-06-05,13604265.0,13.93,14.02,13.58,13.70,574642.0
2014-06-04,12230565.0,13.76,14.18,13.68,14.10,512880.0
2014-06-03,17220220.0,14.22,14.42,14.03,14.04,703318.0
2014-05-30,18168976.0,14.04,14.14,13.85,13.94,758528.0
2014-05-29,27831262.0,14.06,14.41,13.85,13.96,1151026.0
2014-05-28,24646810.0,13.96,14.03,13.36,13.39,1047967.0
2014-05-27,19946336.0,13.48,13.86,13.43,13.73,855064.0
2014-05-26,36291080.0,13.79,13.79,13.24,13.43,1565513.0
2014-05-23,27901472.0,13.27,13.36,12.66,12.76,1246593.0
2014-05-22,33193686.0,12.76,12.98,12.48,12.56,1514064.0
2014-05-21,22286426.0,12.52,12.54,12.28,12.48,1048150.0
2014-05-20,28474890.0,12.48,12.59,12.24,12.29,1336991.0
2014-05-19,27508578.0,12.25,12.64,12.07,12.48,1302621.0
2014-05-16,34839056.0,12.46,12.81,12.32,12.70,1627656.0
2014-05-15,21881480.0,12.66,13.06,12.66,13.01,994252.0
2014-05-14,14110703.0,13.01,13.33,12.96,13.33,629551.0
2014-05-13,13892152.0,13.29,13.65,13.19,13.47,603583.0
2014-05-12,28009966.0,13.47,13.47,13.15,13.35,1227466.0
2014-05-09,14035390.0,13.35,13.59,12.95,13.59,617552.0
2014-05-08,17729434.0,13.59,13.97,13.41,13.53,754355.0
2014-05-07,19441098.0,13.68,14.46,13.50,14.32,820321.0
2014-05-06,20311034.0,14.36,14.51,14.25,14.34,824299.0
2014-05-05,8011234.0,14.29,14.35,14.01,14.22,328364.0
2014-04-30,13598513.0,14.25,14.29,13.89,14.29,561869.0
2014-04-29,16841520.0,14.13,14.17,13.83,14.02,701891.0
2014-04-28,23781830.0,14.06,14.46,13.62,14.41,995451.0
2014-04-25,18697828.0,14.52,14.97,14.13,14.97,752891.0
2014-04-24,16465858.0,14.93,15.40,14.87,15.37,632193.0
2014-04-23,9331691.0,15.34,15.41,15.13,15.38,357338.0
2014-04-22,18390488.0,15.41,15.68,14.97,15.33,701259.0
2014-04-21,10975243.0,15.61,15.86,15.40,15.71,406237.0
2014-04-18,9246395.0,15.74,15.84,15.51,15.51,343848.0
2014-04-17,17749162.0,15.65,15.81,15.53,15.61,663846.0
2014-04-16,15843177.0,15.74,15.90,15.46,15.86,590396.0
2014-04-15,18699660.0,15.85,16.39,15.78,16.28,682433.0
2014-04-14,14552213.0,16.24,16.39,16.07,16.17,524248.0
2014-04-11,17279178.0,16.30,16.79,16.28,16.69,610887.0
2014-04-10,31962716.0,16.79,17.08,16.55,16.86,1112939.0
2014-04-09,26654866.0,16.73,16.73,16.18,16.18,944513.0
2014-04-08,16125842.0,16.24,16.32,15.77,15.86,583289.0
2014-04-04,12377417.0,15.83,15.98,15.29,15.51,457098.0
2014-04-03,12115378.0,15.57,15.79,15.06,15.18,455269.0
2014-04-02,12298112.0,15.41,16.00,15.34,15.79,462610.0
2014-04-01,13392546.0,15.85,15.90,15.46,15.60,498108.0
2014-03-31,14032030.0,15.60,15.60,15.08,15.44,535294.0
2014-03-28,18798328.0,15.44,15.97,14.70,15.78,716769.0
2014-03-27,36645432.0,15.81,16.62,15.81,16.45,1320034.0
2014-03-26,25870656.0,16.44,16.68,16.28,16.28,917478.0
2014-03-25,32481988.0,16.27,16.29,15.85,15.86,1174861.0
2014-03-24,62602052.0,15.85,16.51,15.75,16.38,2281628.0
2014-03-21,102845080.0,16.34,16.92,16.05,16.91,3674994.0
2014-03-20,30010198.0,16.97,17.92,16.97,17.70,1000395.0
2014-03-19,32507558.0,17.70,18.08,17.61,18.08,1067390.0
2014-03-18,24477304.0,18.13,18.60,18.09,18.55,780259.0
2014-03-17,32960912.0,18.43,18.66,17.67,18.13,1061428.0
2014-03-14,32828414.0,17.96,18.16,17.38,17.61,1067449.0
2014-03-13,25489484.0,17.54,17.67,16.97,17.13,849615.0
2014-03-12,26896194.0,17.14,17.14,16.45,16.60,928245.0
2014-03-11,13095192.0,16.63,16.97,16.33,16.33,457738.0
2014-03-10,23450300.0,16.66,17.43,16.62,17.11,806513.0
2014-03-07,27611510.0,17.43,17.53,16.83,16.93,936743.0
2014-03-06,30749790.0,17.14,17.50,16.73,17.50,1055088.0
2014-03-05,41973396.0,17.43,17.82,16.94,16.94,1398924.0
2014-03-04,28307860.0,16.94,17.02,16.56,16.77,980641.0
2014-03-03,40250772.0,16.90,17.11,16.62,16.62,1392880.0
2014-02-28,74912168.0,16.82,17.47,15.97,17.47,2628934.0
2014-02-27,54407376.0,17.50,18.43,17.50,18.08,1768570.0
2014-02-26,33797748.0,18.12,18.93,17.85,18.78,1082746.0
2014-02-25,69048064.0,18.84,19.25,17.85,18.43,2152417.0
2014-02-24,53077788.0,18.62,18.78,17.26,18.42,1720762.0
2014-02-21,52348624.0,18.43,19.35,18.31,19.03,1630550.0
2014-02-20,31158782.0,19.14,19.71,18.98,19.49,944230.0
2014-02-19,41665412.0,19.63,20.18,19.36,19.83,1238563.0
2014-02-18,44687172.0,19.86,20.12,19.60,19.89,1314402.0
2014-02-17,61952144.0,19.88,20.04,19.51,19.76,1826596.0
2014-02-14,71784152.0,19.65,19.83,18.84,19.00,2167584.0
2014-02-13,59393012.0,19.18,19.76,19.18,19.36,1783482.0
2014-02-12,43273616.0,19.47,19.65,19.13,19.65,1302599.0
2014-02-11,92862560.0,19.48,19.93,19.01,19.22,2785061.0
2014-02-10,70542576.0,19.19,19.39,18.78,19.25,2156407.0
2014-02-07,61035984.0,18.95,18.97,17.73,17.79,1903258.0
2014-01-30,24108624.0,17.94,18.38,17.79,18.37,780411.0
2014-01-29,36761564.0,18.36,18.72,18.17,18.64,1170210.0
2014-01-28,57676540.0,18.58,18.91,18.21,18.57,1813758.0
2014-01-27,78995608.0,18.58,18.58,17.96,18.34,2512550.0
2014-01-24,49262220.0,18.49,18.84,18.41,18.65,1544379.0
2014-01-23,55504496.0,18.69,18.84,18.09,18.43,1752974.0
2014-01-22,106666824.0,18.48,18.59,17.91,18.08,3419549.0
2014-01-21,68512704.0,18.04,18.08,16.69,16.69,2278990.0
2014-01-20,54511964.0,16.91,17.73,16.62,17.57,1860867.0
2014-01-17,65667288.0,17.49,17.76,17.26,17.57,2185293.0
2014-01-16,83836544.0,17.85,18.37,17.38,17.54,2732558.0
2014-01-15,77409120.0,17.54,18.16,17.35,18.03,2550163.0
2014-01-14,94036856.0,17.73,17.84,16.67,16.67,3141153.0
2014-01-13,68202544.0,16.77,16.80,15.76,15.78,2417573.0
2014-01-10,45119912.0,15.75,16.32,15.67,15.89,1649226.0
2014-01-09,51662184.0,16.03,16.83,15.92,16.79,1841965.0
2014-01-08,46989620.0,16.81,17.13,16.33,16.71,1633341.0
2014-01-07,44028292.0,16.56,16.76,16.04,16.58,1570607.0
2014-01-06,86062784.0,16.58,18.01,16.51,16.86,2925070.0
2014-01-03,102795880.0,17.42,17.62,16.20,16.53,3534120.0
2014-01-02,114588136.0,16.62,17.67,16.52,16.86,3913121.0
2013-12-31,134002432.0,17.23,17.25,16.10,16.86,4654030.0
2013-12-30,162830192.0,17.21,17.78,16.04,16.39,5627878.0
2013-12-27,120814928.0,16.44,16.50,15.34,15.51,4383708.0
2013-12-26,78694720.0,15.61,16.01,15.11,15.39,2943175.0
2013-12-25,82054328.0,15.55,15.69,14.96,15.16,3125363.0
2013-12-24,104738624.0,15.34,15.51,13.86,14.30,4092274.0
2013-12-23,41834412.0,14.27,14.84,13.64,14.84,1724578.0
2013-12-20,41771560.0,14.77,15.16,14.64,14.69,1633398.0
2013-12-19,51937564.0,14.81,15.32,14.76,14.79,2017325.0
2013-12-18,49098372.0,14.91,15.13,14.21,14.57,1951061.0
2013-12-17,44566724.0,14.52,14.76,14.13,14.76,1801956.0
2013-12-16,86457392.0,14.73,15.39,14.59,14.88,3345544.0
2013-12-13,104174968.0,14.70,15.05,14.23,14.35,4101018.0
2013-12-12,37562504.0,14.41,14.48,14.03,14.21,1535226.0
2013-12-11,28599622.0,14.21,14.45,14.04,14.34,1173898.0
2013-12-10,108059616.0,14.46,14.51,13.82,14.30,4437995.0
2013-12-09,200952256.0,14.49,14.76,13.29,13.37,8025408.0
2013-12-06,33009414.0,13.42,13.71,13.13,13.71,1438565.0
2013-12-05,53805280.0,13.82,14.43,13.53,14.17,2226618.0
2013-12-04,82832952.0,14.20,14.29,13.83,14.22,3425164.0
2013-12-03,49033572.0,13.89,13.89,12.48,12.59,2090204.0
2013-12-02,38332804.0,12.63,13.65,12.63,13.65,1701078.0
2013-11-29,44080568.0,14.03,14.03,13.62,13.81,1845224.0
2013-11-28,21756434.0,13.67,13.81,13.30,13.47,929553.0
2013-11-27,21752262.0,13.40,13.58,13.00,13.00,943587.0
2013-11-26,19353112.0,13.22,13.41,12.95,13.11,860813.0
2013-11-25,29267488.0,13.11,13.46,12.95,12.95,1295726.0
2013-11-22,31733188.0,12.97,13.18,12.69,12.71,1431456.0
2013-11-21,23661582.0,12.80,12.87,12.38,12.38,1082003.0
2013-11-20,10574511.0,12.48,12.63,12.31,12.55,494685.0
2013-11-19,12476262.0,12.58,12.82,12.49,12.73,575443.0
2013-11-18,14104445.0,12.78,12.88,12.71,12.72,642510.0
2013-11-15,15257517.0,12.71,12.71,12.26,12.39,706488.0
2013-11-14,7863584.0,12.37,12.42,12.03,12.13,372104.0
2013-11-13,23934410.0,12.14,12.36,12.02,12.24,1139753.0
2013-11-12,15414074.0,12.15,12.47,11.97,11.97,731885.0
2013-11-11,8805721.0,12.25,12.35,11.58,11.58,426828.0
2013-11-08,13654749.0,11.68,11.92,11.54,11.80,679794.0
2013-11-07,16454493.0,11.87,12.22,11.87,12.01,803651.0
2013-11-06,7149848.0,12.18,12.47,12.18,12.20,338606.0
2013-11-05,8967656.0,12.42,12.42,12.08,12.10,426478.0
2013-11-04,21930720.0,12.10,12.52,12.04,12.43,1053308.0
2013-11-01,12006844.0,12.41,12.61,11.96,12.04,567337.0
2013-10-31,22114986.0,12.55,13.24,11.93,13.24,1026676.0
2013-10-30,12402458.0,13.24,13.29,12.94,13.13,550078.0
2013-10-29,39955008.0,13.13,13.26,12.69,12.92,1781956.0
2013-10-28,27098486.0,12.92,13.26,12.48,12.77,1217977.0
2013-10-25,41127728.0,12.77,13.59,12.73,13.43,1840987.0
2013-10-24,23360296.0,13.43,14.05,13.41,14.05,997725.0
2013-10-23,60878640.0,14.14,14.41,13.34,14.23,2559099.0
2013-10-22,67920600.0,14.28,14.29,13.76,13.96,2807439.0
2013-10-21,44866608.0,13.96,14.10,13.49,13.73,1886554.0
2013-10-18,25545956.0,13.73,13.85,13.42,13.42,1084952.0
2013-10-17,14007704.0,13.52,13.58,13.34,13.58,606645.0
2013-10-16,16426068.0,13.44,13.66,13.30,13.66,711942.0
2013-10-15,20638766.0,13.75,13.92,13.55,13.88,875855.0
2013-10-14,36821356.0,13.88,13.90,13.31,13.59,1573897.0
2013-10-11,14181973.0,13.47,13.55,13.41,13.49,613970.0
2013-10-10,19044812.0,13.43,13.56,13.24,13.47,829833.0
2013-10-09,24660232.0,13.57,13.81,13.42,13.81,1061013.0
2013-10-08,33288026.0,13.80,13.93,13.50,13.64,1414987.0
2013-09-30,30269744.0,13.60,13.64,13.37,13.48,1302825.0
2013-09-27,16643109.0,13.44,13.46,13.15,13.37,727565.0
2013-09-26,15076070.0,13.37,13.42,13.06,13.06,660987.0
2013-09-25,19532698.0,13.24,13.49,13.16,13.45,856747.0
2013-09-24,29110830.0,13.44,13.62,13.30,13.53,1262778.0
2013-09-23,48275772.0,13.50,13.65,13.09,13.26,2091615.0
2013-09-18,24524996.0,13.23,13.24,12.88,12.99,1087872.0
2013-09-17,11752483.0,12.86,13.12,12.82,13.09,531070.0
2013-09-16,35183684.0,13.16,13.49,12.90,13.24,1557629.0
2013-09-13,35300644.0,13.27,13.30,12.64,12.94,1587072.0
2013-09-12,21404822.0,12.94,13.15,12.82,12.98,966188.0
2013-09-11,45879068.0,13.02,13.64,13.01,13.16,2011567.0
2013-09-10,19019152.0,13.36,13.69,13.12,13.47,827609.0
2013-09-09,24899440.0,13.47,13.47,12.83,13.36,1104359.0
2013-09-06,31059676.0,13.35,13.99,13.33,13.91,1341801.0
2013-09-05,19655768.0,13.91,14.14,13.81,14.10,821741.0
2013-09-04,30930062.0,14.09,14.10,13.47,13.68,1306720.0
2013-09-03,17330270.0,13.69,13.69,13.36,13.58,749234.0
2013-09-02,19515292.0,13.58,13.65,13.18,13.41,848017.0
2013-08-30,43488916.0,13.45,14.29,13.12,14.28,1862281.0
2013-08-29,30655466.0,14.24,14.44,13.78,13.85,1264033.0
2013-08-28,40152360.0,13.88,14.10,13.75,14.06,1683601.0
2013-08-27,33515308.0,14.22,14.35,14.06,14.23,1376242.0
2013-08-26,62447256.0,14.34,14.46,13.80,13.80,2569784.0
2013-08-23,67253936.0,13.73,13.85,13.41,13.47,2873856.0
2013-08-22,83721080.0,13.52,13.72,12.87,12.87,3638532.0
2013-08-21,43334232.0,12.92,13.09,12.60,12.60,1961921.0
2013-08-20,30146990.0,12.64,12.77,12.12,12.19,1406272.0
2013-08-19,18970628.0,12.34,12.36,12.01,12.01,908752.0
2013-08-16,30846316.0,11.99,12.71,11.96,12.69,1459349.0
2013-08-15,22781894.0,12.69,13.11,12.69,12.87,1030118.0
2013-08-14,32299206.0,12.91,12.96,12.55,12.66,1476567.0
2013-08-13,22502620.0,12.71,12.76,12.54,12.63,1035043.0
2013-08-12,20915082.0,12.62,12.77,12.42,12.71,968813.0
2013-08-09,26330146.0,12.60,12.80,12.35,12.78,1222174.0
2013-08-08,28240182.0,12.63,12.91,12.45,12.68,1297566.0
2013-08-07,46980164.0,12.69,13.41,12.59,13.41,2117588.0
2013-08-06,37974780.0,13.35,13.45,13.18,13.41,1660247.0
2013-08-05,45882872.0,13.41,13.47,12.71,12.92,2039809.0
2013-08-02,47602560.0,12.91,13.47,12.89,13.10,2103757.0
2013-08-01,43547684.0,13.15,13.29,12.41,12.48,1957400.0
2013-07-31,39755580.0,12.56,12.57,11.96,12.36,1884378.0
2013-07-30,62119424.0,12.38,13.18,12.13,12.97,2900627.0
2013-07-29,43368516.0,12.99,13.64,12.98,13.53,1912686.0
2013-07-26,85711064.0,13.65,13.78,13.06,13.30,3698018.0
2013-07-25,98647920.0,13.44,14.00,13.05,14.00,4239804.0
2013-07-24,151943168.0,14.09,14.09,12.66,12.66,6526051.0
2013-07-23,66249292.0,12.80,12.85,12.17,12.49,3090108.0
2013-07-22,65824068.0,12.51,12.60,11.68,11.77,3117515.0
2013-07-19,82652952.0,12.10,13.01,12.08,12.83,3797656.0
2013-07-18,71433440.0,12.66,12.76,11.77,11.92,3358086.0
2013-07-17,55819592.0,11.89,12.69,11.68,12.38,2668779.0
2013-07-16,55414808.0,12.51,12.80,12.37,12.49,2574383.0
2013-07-15,95612912.0,12.66,12.83,12.12,12.25,4415591.0
2013-07-12,77504544.0,12.02,12.33,11.67,11.69,3737057.0
2013-07-11,46649276.0,11.73,11.91,11.49,11.79,2323252.0
2013-07-10,40073288.0,11.72,11.75,11.16,11.16,2020683.0
2013-07-09,24622682.0,11.30,11.49,11.10,11.31,1271777.0
2013-07-08,52109744.0,11.30,11.40,10.31,10.94,2771078.0
2013-07-05,45952448.0,11.14,11.86,11.14,11.67,2329843.0
2013-07-04,55487988.0,11.70,12.01,11.67,11.75,2733776.0
2013-07-03,113400080.0,12.17,12.24,11.55,11.66,5570382.0
2013-07-02,173883152.0,11.90,12.16,11.24,11.26,8656857.0
2013-07-01,51791736.0,11.05,11.06,10.16,10.33,2797021.0
2013-06-28,32714134.0,10.35,10.81,10.26,10.50,1815127.0
2013-06-27,53115016.0,10.68,10.94,10.35,10.74,2911015.0
2013-06-26,36283144.0,10.73,10.75,10.11,10.32,2014429.0
2013-06-25,39454224.0,10.30,10.38,8.92,9.84,2334312.0
2013-06-24,26763680.0,9.86,10.70,9.63,10.45,1533344.0
2013-06-21,24047438.0,10.45,10.56,9.84,9.91,1370657.0
2013-06-20,34763004.0,10.45,11.13,10.39,10.85,1874642.0
2013-06-19,27552302.0,10.98,11.01,10.60,10.87,1480921.0
2013-06-18,34054548.0,10.95,10.99,10.52,10.52,1829057.0
2013-06-17,45926228.0,10.73,10.96,10.57,10.66,2484025.0
2013-06-14,39887068.0,10.57,10.71,10.09,10.21,2212312.0
2013-06-13,23579874.0,10.15,10.20,9.75,10.03,1375681.0
2013-06-07,41295668.0,10.22,10.52,9.90,10.40,2371140.0
2013-06-06,24029768.0,10.40,10.50,10.33,10.42,1337370.0
2013-06-05,20742710.0,10.47,10.72,10.42,10.61,1143651.0
2013-06-04,33570796.0,10.61,10.68,10.33,10.50,1859287.0
2013-06-03,33391224.0,10.61,10.87,10.55,10.83,1807940.0
2013-05-31,37457300.0,10.89,11.13,10.82,11.06,1988589.0
2013-05-30,54262224.0,11.06,11.08,10.63,10.76,2874801.0
2013-05-29,36775884.0,10.76,10.90,10.58,10.69,1983355.0
2013-05-28,79646344.0,10.69,11.26,10.60,11.22,4274754.0
2013-05-27,58800600.0,11.24,11.37,10.97,11.26,3058664.0
2013-05-24,65118216.0,11.24,11.29,10.90,10.96,3390840.0
2013-05-23,67495328.0,10.97,11.29,10.80,10.80,3543713.0
2013-05-22,99351112.0,10.95,11.70,10.86,11.53,5113910.0
2013-05-21,137622544.0,11.55,11.80,11.05,11.19,6971808.0
2013-05-20,137875520.0,11.35,11.57,10.64,10.79,7241970.0
2013-05-17,127965752.0,10.80,11.12,10.65,10.71,6849273.0
2013-05-16,181894816.0,10.60,11.30,10.50,10.69,9641382.0
2013-05-15,159887408.0,10.78,11.08,9.64,9.81,8974296.0
2013-05-14,175514656.0,10.14,10.52,9.89,9.89,9904398.0
2013-05-13,35937284.0,9.56,9.68,9.41,9.68,2193111.0
2013-05-10,41188996.0,9.67,9.90,9.53,9.75,2470045.0
2013-05-09,79309680.0,9.78,9.90,9.44,9.48,4721624.0
2013-05-08,54315180.0,9.56,9.76,9.41,9.49,3282297.0
2013-05-07,39811244.0,9.45,9.61,9.37,9.57,2436285.0
2013-05-06,71480616.0,9.61,9.64,9.13,9.16,4373809.0
2013-05-03,27797158.0,9.16,9.22,8.88,8.88,1768814.0
2013-05-02,21494680.0,8.87,8.95,8.45,8.73,1427355.0
2013-04-26,33236868.0,8.76,9.36,8.67,8.99,2151147.0
2013-04-25,51292876.0,9.05,9.52,9.04,9.09,3202640.0
2013-04-24,43952812.0,9.13,9.13,8.73,8.75,2832913.0
2013-04-23,32313526.0,8.73,9.07,8.68,9.05,2107926.0
2013-04-22,42551044.0,9.04,9.09,8.61,8.85,2776906.0
2013-04-19,27586436.0,8.85,8.85,8.58,8.69,1825312.0
2013-04-18,17692868.0,8.66,8.68,8.38,8.41,1199400.0
2013-04-17,9366518.0,8.50,8.54,8.39,8.51,642113.0
2013-04-16,12379651.0,8.50,8.51,8.25,8.25,853152.0
2013-04-15,9830497.0,8.44,8.46,8.12,8.32,691469.0
2013-04-12,14730558.0,8.40,8.65,8.36,8.58,1009460.0
2013-04-11,25039196.0,8.58,8.90,8.57,8.64,1668181.0
2013-04-10,25933788.0,8.74,8.79,8.29,8.32,1769388.0
2013-04-09,29795492.0,8.40,8.52,8.06,8.06,2070972.0
2013-04-08,24245608.0,7.98,8.01,7.76,8.01,1786132.0
2013-04-03,25521218.0,8.07,8.43,8.05,8.37,1808582.0
2013-04-02,25391508.0,8.35,8.77,8.33,8.65,1726054.0
2013-04-01,12825775.0,8.65,8.68,8.54,8.54,862625.0
2013-03-29,19014932.0,8.54,8.75,8.52,8.52,1278737.0
2013-03-28,35390692.0,8.54,9.00,8.54,9.00,2368142.0
2013-03-27,25272084.0,9.02,9.17,8.96,9.05,1617218.0
2013-03-26,35928980.0,9.02,9.40,8.94,9.37,2299633.0
2013-03-25,29088566.0,9.34,9.50,9.30,9.31,1798308.0
2013-03-22,48129728.0,9.32,9.58,9.26,9.39,2982067.0
2013-03-21,66557312.0,9.50,9.79,9.39,9.55,4034242.0
2013-03-20,50143732.0,9.53,9.59,9.29,9.37,3069572.0
2013-03-19,42541884.0,9.35,9.48,9.05,9.48,2656988.0
2013-03-18,75814768.0,9.45,9.70,9.16,9.22,4630016.0
2013-03-15,48554252.0,9.24,9.37,8.92,8.99,3049585.0
2013-03-14,29396102.0,9.00,9.25,8.96,9.19,1876930.0
2013-03-13,42194028.0,9.19,9.26,8.70,8.83,2721432.0
2013-03-12,47422108.0,8.81,9.17,8.70,9.02,3092629.0
2013-03-11,34396060.0,9.02,9.23,8.93,9.09,2199817.0
2013-03-08,61138928.0,9.01,9.49,9.00,9.24,3817665.0
2013-03-07,107208688.0,9.25,9.97,9.10,9.97,6451142.0
2013-03-06,127964552.0,10.06,10.12,9.46,9.59,7623703.0
2013-03-05,97832024.0,9.67,9.71,9.27,9.57,5972518.0
2013-03-04,114849488.0,9.54,9.81,9.40,9.40,6953424.0
2013-03-01,205201152.0,9.68,10.02,9.35,9.68,12334212.0
2013-02-28,146833888.0,9.16,9.27,8.54,8.70,9486150.0
2013-02-27,118680648.0,8.83,8.93,8.37,8.37,7941594.0
2013-02-26,77260752.0,8.37,8.61,7.94,8.04,5352570.0
2013-02-25,30907534.0,8.10,8.18,8.00,8.06,2211345.0
2013-02-22,62162056.0,8.21,8.25,7.67,8.00,4513568.0
2013-02-21,30553302.0,8.00,8.29,7.92,8.29,2189275.0
2013-02-20,31620938.0,8.33,8.39,8.21,8.25,2215973.0
2013-02-19,44225308.0,8.26,8.38,8.13,8.17,3103527.0
2013-02-18,27006152.0,8.17,8.29,8.10,8.16,1915757.0
2013-02-08,23837922.0,8.17,8.18,7.95,7.99,1706488.0
2013-02-07,27563748.0,7.97,8.01,7.80,7.83,2008213.0
2013-02-06,15611435.0,7.84,7.90,7.77,7.79,1153965.0
2013-02-05,14787839.0,7.79,7.80,7.57,7.61,1108956.0
2013-02-04,16657765.0,7.65,7.84,7.62,7.77,1254792.0
2013-02-01,16377638.0,7.75,7.85,7.71,7.74,1223306.0
2013-01-31,21172440.0,7.82,7.88,7.61,7.88,1594573.0
2013-01-30,18791110.0,7.84,7.99,7.78,7.96,1390566.0
2013-01-29,26787022.0,7.94,8.01,7.77,7.84,1960828.0
2013-01-28,23698608.0,7.83,7.83,7.64,7.64,1768569.0
2013-01-25,13797035.0,7.67,7.74,7.61,7.61,1042343.0
2013-01-24,28274024.0,7.65,8.03,7.56,7.86,2106423.0
2013-01-23,35465744.0,7.87,8.03,7.67,8.03,2623883.0
2013-01-22,43437380.0,8.03,8.51,8.01,8.51,3064501.0
2013-01-21,38029264.0,8.50,8.62,8.41,8.44,2586026.0
2013-01-18,37794416.0,8.44,8.46,8.25,8.25,2623867.0
2013-01-17,76730424.0,8.37,8.98,8.35,8.90,5177631.0
2013-01-16,141433248.0,8.79,8.88,8.38,8.46,9391366.0
2013-01-15,76674736.0,8.50,8.69,8.36,8.40,5216076.0
2013-01-14,68127064.0,8.40,8.47,7.96,8.11,4761185.0
2013-01-11,55932304.0,8.14,8.40,8.06,8.06,3935696.0
2013-01-10,38959480.0,8.08,8.22,7.86,8.16,2791956.0
2013-01-09,72056312.0,8.15,8.50,8.05,8.50,5065882.0
2013-01-08,74347656.0,8.51,8.64,8.31,8.32,5083147.0
2013-01-07,47221548.0,8.37,8.45,8.25,8.41,3288136.0
2013-01-04,66525552.0,8.48,8.56,8.19,8.50,4601129.0
2012-12-31,97402008.0,8.50,8.64,8.09,8.19,6792074.0
2012-12-28,113780040.0,8.29,8.39,7.83,8.06,8120160.0
2012-12-27,127560104.0,8.17,8.92,8.15,8.72,8732068.0
2012-12-26,153765936.0,8.72,8.81,8.06,8.15,10447713.0
2012-12-25,140325664.0,8.15,8.39,7.94,8.00,9965533.0
2012-12-24,76861408.0,7.99,8.01,7.74,7.93,5637238.0
2012-12-21,140009584.0,7.96,8.23,7.57,7.68,10298568.0
2012-12-20,115547120.0,7.71,8.05,7.28,7.38,8681161.0
2012-12-19,61304144.0,7.52,7.64,7.27,7.41,4767144.0
2012-12-18,86510640.0,7.48,7.73,7.41,7.57,6615151.0
2012-12-17,118037800.0,7.74,7.79,7.25,7.31,9178845.0
2012-12-14,152819024.0,7.51,7.64,7.08,7.25,12003096.0
2012-12-13,19029938.0,7.01,7.01,7.01,7.01,1575326.0
2012-12-12,17911788.0,6.37,6.38,6.19,6.26,1649233.0
2012-12-11,19301380.0,6.27,6.43,6.26,6.43,1766087.0
2012-12-10,29075816.0,6.45,6.49,6.23,6.37,2629592.0
2012-12-07,36611192.0,6.38,6.58,5.97,6.07,3392386.0
2012-12-06,16667378.0,6.07,6.18,6.00,6.04,1589166.0
2012-12-05,17914488.0,6.03,6.14,5.76,5.76,1732810.0
2012-12-04,11215824.0,5.81,5.83,5.58,5.73,1139083.0
2012-12-03,9713019.0,5.73,6.15,5.72,6.15,951379.0
2012-11-30,7864321.0,6.08,6.12,6.00,6.00,751727.0
2012-11-29,11049162.0,6.04,6.32,6.04,6.27,1034904.0
2012-11-28,14249904.0,6.23,6.47,6.21,6.43,1305564.0
2012-11-27,20212908.0,6.50,6.88,6.48,6.81,1761419.0
2012-11-26,14878360.0,6.91,7.02,6.84,6.96,1247973.0
2012-11-23,14247844.0,7.02,7.16,7.02,7.07,1167507.0
2012-11-22,18005786.0,7.06,7.21,7.05,7.20,1468390.0
2012-11-21,26389714.0,7.25,7.29,6.96,7.09,2144551.0
2012-11-20,25440928.0,7.14,7.37,7.13,7.35,2033804.0
2012-11-19,37642172.0,7.37,7.43,7.16,7.28,2990911.0
2012-11-16,43241080.0,7.28,7.30,6.85,6.90,3505829.0
2012-11-15,14258314.0,6.89,7.10,6.85,7.08,1184365.0
2012-11-14,24476392.0,7.12,7.13,6.83,6.85,2013226.0
2012-11-13,14562186.0,6.98,7.20,6.95,7.19,1197595.0
2012-11-12,9812120.0,7.21,7.24,7.12,7.16,792805.0
2012-11-09,13036815.0,7.16,7.23,7.13,7.16,1053519.0
2012-11-08,17651126.0,7.22,7.44,7.21,7.44,1393166.0
2012-11-07,15525153.0,7.52,7.53,7.42,7.48,1202891.0
2012-11-06,22388774.0,7.50,7.50,7.31,7.43,1758050.0
2012-11-05,23252272.0,7.43,7.57,7.39,7.57,1806278.0
2012-11-02,19105558.0,7.58,7.69,7.54,7.59,1459831.0
2012-11-01,28566982.0,7.64,7.71,7.51,7.57,2173740.0
2012-10-31,18405578.0,7.56,7.59,7.42,7.45,1421783.0
2012-10-30,14285057.0,7.42,7.52,7.38,7.46,1114111.0
2012-10-29,16998318.0,7.43,7.48,7.37,7.41,1329181.0
2012-10-26,30190766.0,7.45,7.74,7.37,7.71,2327799.0
2012-10-25,52226060.0,7.70,8.07,7.68,8.07,3832105.0
2012-10-24,25697106.0,8.15,8.15,7.94,7.94,1849952.0
2012-10-23,29517626.0,8.01,8.18,8.00,8.15,2125463.0
2012-10-22,30237228.0,8.11,8.15,7.95,7.99,2165234.0
2012-10-19,34486452.0,8.07,8.17,7.98,8.02,2478058.0
2012-10-18,39931208.0,8.05,8.15,8.03,8.04,2867016.0
2012-10-17,35440276.0,8.00,8.08,7.80,7.94,2590978.0
2012-10-16,30081178.0,7.87,7.94,7.79,7.85,2214332.0
2012-10-15,47657832.0,7.86,8.22,7.78,8.18,3480875.0
2012-10-12,37954724.0,8.24,8.35,8.12,8.17,2676316.0
2012-10-11,60652808.0,8.14,8.52,8.14,8.51,4206984.0
2012-10-10,65761600.0,8.55,8.57,8.38,8.48,4510194.0
2012-10-09,78285616.0,8.54,8.57,8.29,8.30,5377111.0
2012-10-08,58240280.0,8.35,8.47,8.27,8.30,4042204.0
2012-09-28,73304112.0,8.25,8.37,8.13,8.19,5165403.0
2012-09-27,61745748.0,8.26,8.35,8.03,8.14,4364102.0
2012-09-26,64109392.0,8.11,8.36,8.01,8.20,4535364.0
2012-09-25,68248224.0,8.26,8.56,8.06,8.44,4763365.0
2012-09-24,72493296.0,8.47,8.61,8.24,8.59,4990649.0
2012-09-21,112558976.0,8.70,9.30,8.59,9.21,7354366.0
2012-09-20,100225680.0,9.35,9.60,9.21,9.45,6179360.0
2012-09-19,156736640.0,9.36,9.88,9.16,9.83,9603543.0
2012-09-18,168184176.0,9.85,10.05,9.48,9.59,9882103.0
2012-09-17,124354848.0,9.61,9.73,9.44,9.54,7516915.0
2012-09-14,169010256.0,9.54,9.77,9.39,9.76,10272818.0
2012-09-13,336164128.0,9.77,10.73,9.77,10.49,19140176.0
2012-09-12,453448768.0,10.62,11.00,9.99,10.44,24805236.0
2012-09-11,652091136.0,10.44,11.29,10.09,11.01,35752744.0
