date,amount,close,high,low,open,volume
2015-11-27,194352672.0,15.87,17.45,15.72,17.30,11704386.0
2015-11-26,171413776.0,17.46,18.10,17.35,18.00,9707530.0
2015-11-25,168242928.0,17.91,18.02,17.65,17.84,9441933.0
2015-11-24,141329008.0,18.00,18.12,17.47,17.53,7945996.0
2015-11-23,280742944.0,17.61,18.86,17.45,18.11,15415263.0
2015-11-20,280546720.0,18.02,18.45,17.22,17.68,15614825.0
2015-11-19,175901024.0,17.68,17.95,16.82,16.82,10158156.0
2015-11-18,229472480.0,17.01,18.27,16.96,18.00,13114373.0
2015-11-17,362920416.0,18.08,19.07,18.00,18.92,19604056.0
2015-11-16,355406912.0,18.68,19.10,16.74,16.97,20050736.0
2015-11-13,620788672.0,17.58,18.48,17.20,17.87,34821712.0
2015-11-12,515666304.0,17.38,17.38,16.11,16.11,30610836.0
2015-11-11,211788464.0,15.80,15.91,15.26,15.53,13607419.0
2015-11-10,202229376.0,15.55,15.64,15.18,15.35,13083666.0
2015-11-09,191119584.0,15.41,15.46,14.80,15.00,12607021.0
2015-11-06,161564064.0,15.23,15.29,14.88,14.90,10627864.0
2015-11-05,141123184.0,14.96,15.20,14.88,15.09,9402684.0
2015-11-04,135340912.0,15.11,15.15,14.52,14.52,9092243.0
2015-11-03,72435120.0,14.44,14.68,14.30,14.43,5001999.0
2015-11-02,87798064.0,14.51,14.93,14.40,14.58,5995332.0
2015-10-30,94836400.0,14.85,15.06,14.66,15.06,6376214.0
2015-10-29,100665048.0,15.05,15.28,14.80,15.11,6691305.0
2015-10-28,136431200.0,15.00,15.56,14.88,15.48,8968654.0
2015-10-27,198554320.0,15.59,15.80,14.68,15.78,12977344.0
2015-10-26,229736032.0,15.88,16.51,15.61,16.41,14453162.0
2015-10-23,305508672.0,16.18,16.47,15.58,15.60,19055312.0
2015-10-22,206632576.0,15.57,15.80,14.40,14.48,13722606.0
2015-10-21,306592800.0,14.71,16.55,14.28,15.81,19538190.0
2015-10-20,222078944.0,15.79,15.85,15.35,15.80,14200370.0
2015-10-19,315173632.0,15.96,16.25,14.62,14.65,20322014.0
2015-10-16,220327872.0,14.82,15.20,14.54,15.18,14799429.0
2015-10-15,143427744.0,14.52,14.55,14.00,14.15,10013565.0
2015-10-14,150112400.0,14.10,14.70,14.10,14.50,10451135.0
2015-10-13,255968208.0,14.73,14.94,14.00,14.38,17834598.0
2015-10-12,227342912.0,14.45,14.70,13.72,13.72,15982824.0
2015-10-09,134772016.0,13.71,13.78,13.43,13.76,9911726.0
2015-10-08,175240368.0,13.80,14.20,13.55,14.00,12656051.0
2015-09-30,240899296.0,13.27,14.28,13.13,14.28,17534920.0
2015-09-29,143462624.0,13.57,13.57,12.11,12.11,10710951.0
2015-09-28,41453212.0,12.34,12.40,12.03,12.26,3386194.0
2015-09-25,61219452.0,12.13,12.62,12.01,12.62,4991568.0
2015-09-24,80375168.0,12.67,12.79,12.48,12.59,6382550.0
2015-09-23,106839024.0,12.49,12.93,12.21,12.80,8477614.0
2015-09-22,108676712.0,13.09,13.50,12.88,13.34,8249239.0
2015-09-21,98626152.0,13.34,13.42,12.65,12.65,7520464.0
2015-09-18,67590232.0,13.00,13.27,12.74,13.15,5211075.0
2015-09-17,159894544.0,12.90,13.70,12.82,13.16,12076450.0
2015-09-16,104866632.0,12.93,12.93,11.70,11.70,8526018.0
2015-09-15,106720008.0,11.75,12.60,11.60,12.30,8750538.0
2015-09-14,159244800.0,12.88,14.29,12.59,13.74,11779164.0
2015-09-11,94194192.0,13.67,14.20,13.45,13.89,6832334.0
2015-09-10,140036576.0,13.94,14.68,13.82,14.50,9789682.0
2015-09-09,196687264.0,14.81,15.05,14.36,14.80,13388827.0
2015-09-08,118988384.0,14.30,14.30,12.81,13.07,8788270.0
2015-09-07,106061280.0,13.02,13.75,12.81,13.10,8002866.0
2015-09-02,138546384.0,12.69,14.49,12.68,12.74,10425473.0
2015-09-01,139403568.0,14.09,15.19,14.09,15.19,9702815.0
2015-08-31,268723168.0,15.65,16.33,15.18,15.68,16890154.0
2015-08-28,233445504.0,15.35,15.35,13.73,14.28,15947345.0
2015-08-27,184044608.0,13.95,13.95,12.51,13.66,13631232.0
2015-08-26,241060800.0,13.16,14.98,13.14,14.00,17307510.0
2015-08-25,94567072.0,14.60,14.84,14.60,14.60,6468097.0
2015-08-24,99857712.0,16.22,17.49,16.22,17.00,6120020.0
2015-08-21,264342448.0,18.02,19.96,18.02,19.80,14082663.0
2015-08-20,360654176.0,20.02,21.99,20.02,21.80,17267492.0
2015-08-19,530282208.0,22.24,23.00,20.30,21.18,24970254.0
2015-08-18,792855936.0,22.55,26.98,22.55,24.85,31886932.0
2015-08-17,673359232.0,25.06,25.89,23.20,23.50,27093872.0
2015-08-14,968407808.0,24.82,26.20,23.51,25.68,38775336.0
2015-08-13,811499328.0,25.20,25.59,22.46,23.25,13313277.0
2015-08-12,900536832.0,23.64,27.20,23.60,26.19,14328074.0
2015-08-11,766015872.0,26.22,26.22,24.08,24.40,12199448.0
2015-08-10,69618344.0,23.84,23.84,23.84,23.84,1168093.0
2015-08-07,139787904.0,21.67,21.67,21.20,21.67,2580985.0
2015-08-06,236832448.0,19.70,20.40,19.38,19.60,4763570.0
2015-08-05,415910112.0,20.51,20.92,19.21,19.60,8167948.0
2015-08-04,246783088.0,19.02,19.02,17.28,17.28,5392887.0
2015-08-03,249318800.0,17.29,18.90,17.29,18.80,5604123.0
2015-07-31,271380256.0,19.21,21.00,18.59,20.16,5403196.0
2015-07-30,343902272.0,20.64,22.32,20.06,21.28,6358099.0
2015-07-29,323473408.0,21.60,21.72,18.42,20.58,6405702.0
2015-07-28,324098784.0,20.00,21.12,18.36,18.36,6589503.0
2015-07-27,399958080.0,20.08,23.56,20.08,21.60,7224134.0
2015-07-24,392498144.0,22.31,22.96,20.60,20.80,7118811.0
2015-07-23,313035200.0,20.94,21.68,19.80,20.12,6025923.0
2015-07-22,382647424.0,20.17,21.40,19.24,20.96,7554671.0
2015-07-21,405468352.0,20.96,21.55,18.80,19.60,7820083.0
2015-07-20,378926080.0,19.59,19.59,17.60,18.00,8119158.0
2015-07-17,335899904.0,17.81,17.81,16.27,16.56,7748419.0
2015-07-16,342890912.0,16.19,16.19,13.60,14.72,8968635.0
2015-07-15,405501728.0,14.72,15.71,14.54,15.71,10508952.0
2015-07-14,3051315.0,14.28,14.28,14.28,14.28,85471.0
2015-07-07,44107688.0,12.98,13.20,12.98,13.20,1356500.0
2015-07-06,240819776.0,14.42,17.37,14.33,16.80,6107111.0
2015-07-03,424860992.0,15.92,18.36,15.42,18.36,10156888.0
2015-07-02,132108176.0,17.14,19.18,17.14,18.40,2983775.0
2015-07-01,267804192.0,19.04,21.52,18.66,20.00,5195788.0
2015-06-30,178161904.0,19.99,19.99,16.37,17.60,3900682.0
2015-06-29,135088384.0,18.19,21.40,18.19,20.26,2878733.0
2015-06-26,81292224.0,20.21,22.00,20.21,22.00,1565754.0
2015-06-25,154709120.0,22.45,23.64,21.04,21.73,2765160.0
2015-06-24,116030848.0,21.52,21.75,20.20,20.52,2219360.0
2015-06-23,133058896.0,20.17,22.39,19.58,21.58,2602716.0
2015-06-19,120859688.0,21.75,23.65,21.24,23.31,2159042.0
2015-06-18,168382064.0,23.35,24.51,23.20,23.99,2777492.0
2015-06-17,93826336.0,23.56,24.39,22.01,23.39,1634186.0
2015-06-16,183959232.0,22.80,24.64,22.37,23.19,3169230.0
2015-06-15,143706304.0,23.37,24.99,23.19,23.53,2428761.0
2015-06-12,175137552.0,24.05,26.12,23.98,26.12,2847183.0
2015-06-11,128211672.0,25.57,26.19,24.79,25.48,1997890.0
2015-06-10,186420160.0,25.71,25.79,23.64,24.81,3020418.0
2015-06-09,195700512.0,24.73,25.19,23.59,23.59,3181379.0
2015-06-08,197645024.0,23.50,23.51,22.15,22.15,3423250.0
2015-06-05,112086296.0,22.08,22.79,21.09,21.09,2033545.0
2015-06-04,146239712.0,21.11,21.99,20.24,21.96,2779803.0
2015-06-03,205863792.0,22.39,23.87,21.80,23.87,3664634.0
2015-06-02,179989952.0,23.51,24.15,22.47,23.39,3105274.0
2015-06-01,125140520.0,23.59,23.82,22.59,22.91,2140699.0
2015-05-29,159944528.0,22.59,22.91,20.80,21.99,2894556.0
2015-05-28,231417888.0,22.10,24.39,21.99,23.49,3972653.0
2015-05-27,198256000.0,23.58,24.18,22.03,22.31,3470843.0
2015-05-26,172324608.0,22.31,22.61,21.71,22.09,3117089.0
2015-05-25,188531376.0,21.95,22.90,21.51,22.40,3412490.0
2015-05-22,131364960.0,22.91,23.43,22.31,23.23,2306598.0
2015-05-21,173537440.0,23.39,23.99,22.11,22.76,2992772.0
2015-05-20,128158400.0,23.09,24.38,22.27,22.61,2177323.0
2015-05-19,94077912.0,22.17,22.17,20.01,20.35,1758320.0
2015-05-18,82412968.0,20.15,20.79,18.87,19.11,1636491.0
2015-05-15,93541256.0,19.45,20.03,18.75,19.53,1927323.0
2015-05-14,161077392.0,19.55,20.24,17.94,18.11,3366709.0
2015-05-13,207103744.0,18.51,19.55,17.39,18.99,4457604.0
2015-05-12,213631440.0,18.68,18.68,17.27,18.39,4713510.0
2015-05-11,76802616.0,16.98,16.98,15.84,16.98,1816222.0
2015-05-08,148117168.0,15.44,15.44,14.22,14.44,3978112.0
2015-05-07,93750416.0,14.03,14.60,13.12,13.41,2709436.0
2015-05-06,99283800.0,13.55,14.78,13.40,13.53,2793537.0
2015-05-05,109498288.0,14.00,14.60,13.60,13.72,3093852.0
2015-05-04,54778524.0,13.72,13.86,13.32,13.60,1605451.0
2015-04-30,73306112.0,13.40,13.90,13.20,13.36,2162077.0
2015-04-29,90703664.0,13.40,13.92,13.08,13.60,2675857.0
2015-04-28,135161408.0,13.68,13.86,12.36,12.60,4119280.0
2015-04-27,50985636.0,12.60,12.88,12.34,12.62,1622165.0
2015-04-24,70287904.0,12.61,12.75,12.20,12.60,2251107.0
2015-04-23,113763768.0,12.80,12.80,11.80,11.80,3673861.0
2015-04-22,51537964.0,11.82,12.02,11.64,11.64,1736588.0
2015-04-21,60787540.0,11.50,11.64,10.92,10.96,2125499.0
2015-04-20,47882440.0,10.98,11.54,10.98,11.46,1708577.0
2015-04-17,64343616.0,11.46,11.80,11.44,11.60,2229932.0
2015-04-16,82764808.0,11.68,11.79,11.21,11.52,2877923.0
2015-04-15,49091768.0,11.61,12.32,11.47,12.30,1655843.0
2015-04-14,78923048.0,12.15,12.45,11.92,12.25,2584266.0
2015-04-13,100404808.0,12.24,12.51,11.82,11.82,3275239.0
2015-04-10,110672664.0,11.79,12.07,11.12,11.52,3772853.0
2015-04-09,129605776.0,11.78,11.94,10.35,11.48,4676998.0
2015-04-08,87851032.0,11.50,12.08,11.20,11.94,3022703.0
2015-04-07,54274120.0,11.99,12.34,11.80,11.92,1816700.0
2015-04-03,94221320.0,11.99,12.49,11.46,11.60,3131897.0
2015-04-02,79154240.0,11.79,12.04,11.60,11.73,2695689.0
2015-04-01,68956656.0,11.73,11.79,11.49,11.72,2359178.0
2015-03-31,69047016.0,11.48,11.92,11.32,11.87,2390627.0
2015-03-30,179832976.0,11.64,12.35,11.26,11.40,6109542.0
2015-03-27,166583024.0,11.26,11.26,10.24,10.34,6134704.0
2015-03-26,69359424.0,10.23,10.48,10.14,10.48,2693860.0
2015-03-25,101729048.0,10.51,10.76,10.20,10.76,3873100.0
2015-03-24,162093760.0,10.88,11.03,9.92,10.02,6216782.0
2015-03-23,101768288.0,10.10,10.11,9.83,10.00,4093166.0
2015-03-20,42330072.0,10.04,10.14,9.89,9.94,1689805.0
2015-03-19,48717220.0,9.94,10.14,9.90,10.04,1957785.0
2015-03-18,89348704.0,10.13,10.35,9.83,9.95,3533093.0
2015-03-17,136960624.0,10.02,10.12,9.46,9.46,5588835.0
2015-03-16,60386472.0,9.37,9.40,9.17,9.30,2583703.0
2015-03-13,36574336.0,9.16,9.24,8.87,8.87,1599886.0
2015-03-12,42484844.0,8.84,9.03,8.81,8.97,1918138.0
2015-03-11,45661336.0,8.93,9.33,8.87,9.27,2024324.0
2015-03-10,35387956.0,9.27,9.28,9.07,9.12,1539577.0
2015-03-09,27350278.0,9.12,9.20,9.05,9.08,1198987.0
2015-03-06,36731324.0,9.04,9.48,9.04,9.40,1590829.0
2015-03-05,48180624.0,9.41,9.52,9.26,9.42,2058147.0
2015-03-04,49905256.0,9.41,9.54,9.20,9.29,2124462.0
2015-03-03,88760392.0,9.31,9.59,8.90,8.92,3792926.0
2015-03-02,72325800.0,9.03,9.15,8.47,8.50,3282472.0
2015-02-27,25632838.0,8.43,8.49,8.35,8.47,1217798.0
2015-02-26,16036749.0,8.47,8.47,8.34,8.39,761747.0
2015-02-25,24948062.0,8.37,8.57,8.35,8.57,1184711.0
2015-02-17,21265132.0,8.57,8.59,8.47,8.55,998476.0
2015-02-16,24658604.0,8.47,8.49,8.28,8.34,1175194.0
2015-02-13,31061948.0,8.30,8.35,8.18,8.18,1501968.0
2015-02-12,16352924.0,8.17,8.31,8.13,8.26,796959.0
2015-02-11,10726211.0,8.24,8.27,8.14,8.15,522275.0
2015-02-10,8253255.0,8.16,8.23,8.06,8.14,406633.0
2015-02-09,11067291.0,8.13,8.39,8.08,8.39,541053.0
2015-02-06,17201938.0,8.28,8.58,8.18,8.48,824354.0
2015-02-05,21840054.0,8.55,8.76,8.47,8.76,1017072.0
2015-02-04,44032124.0,8.77,8.88,8.35,8.59,2043458.0
2015-02-03,15442953.0,8.61,8.65,8.44,8.44,721081.0
2015-02-02,11419386.0,8.45,8.63,8.42,8.58,537906.0
2015-01-30,17449526.0,8.59,8.80,8.55,8.69,807802.0
2015-01-29,16357305.0,8.77,8.91,8.74,8.91,743102.0
2015-01-28,20116906.0,8.91,9.06,8.88,9.06,902429.0
2015-01-27,27616836.0,9.04,9.15,8.84,8.89,1226705.0
2015-01-26,14137102.0,8.89,8.90,8.72,8.72,639312.0
2015-01-23,17829114.0,8.76,8.95,8.75,8.87,804320.0
2015-01-22,21959154.0,8.86,8.97,8.80,8.80,988844.0
2015-01-21,37200740.0,8.80,9.06,8.46,8.46,1686297.0
2015-01-20,18182598.0,8.38,8.51,8.05,8.05,866098.0
2015-01-19,21946046.0,8.11,8.58,7.96,7.96,1052905.0
2015-01-16,13923261.0,8.38,8.54,8.29,8.45,665070.0
2015-01-15,13354488.0,8.45,8.59,8.41,8.41,628000.0
2015-01-14,12955815.0,8.47,8.60,8.41,8.49,608351.0
2015-01-13,11414481.0,8.49,8.61,8.40,8.43,537468.0
2015-01-12,16604388.0,8.43,8.57,8.34,8.35,783367.0
2015-01-09,29290880.0,8.40,8.63,8.26,8.27,1380716.0
2015-01-08,10294448.0,8.27,8.38,8.25,8.29,495128.0
2015-01-07,14878370.0,8.25,8.39,8.15,8.31,723085.0
2015-01-06,26075852.0,8.32,8.39,7.72,8.07,1286730.0
2015-01-05,20924646.0,8.06,8.34,7.49,8.32,1051671.0
2014-12-31,15486289.0,8.32,8.51,8.18,8.34,750293.0
2014-12-30,15520438.0,8.34,8.63,8.32,8.34,736893.0
2014-12-29,26481620.0,8.40,8.75,8.20,8.50,1245305.0
2014-12-26,12412944.0,8.50,8.61,8.48,8.57,582379.0
2014-12-25,11378987.0,8.57,8.80,8.51,8.51,527871.0
2014-12-24,15922397.0,8.44,8.60,8.23,8.23,752926.0
2014-12-23,18949920.0,8.23,8.51,8.16,8.16,906036.0
2014-12-22,41011556.0,8.18,9.20,8.10,9.00,1946607.0
2014-12-19,33532394.0,9.00,9.24,8.80,9.23,1485536.0
2014-12-18,21319390.0,9.26,9.50,9.20,9.43,916739.0
2014-12-17,22378020.0,9.43,9.61,9.36,9.61,945204.0
2014-12-16,32402148.0,9.62,9.73,9.50,9.67,1352229.0
2014-12-15,69390448.0,9.73,9.83,9.31,9.40,2866635.0
2014-12-12,29669100.0,9.41,9.54,9.15,9.32,1265249.0
2014-12-11,21629900.0,9.21,9.39,9.15,9.19,936245.0
2014-12-10,25589628.0,9.19,9.31,9.00,9.00,1114758.0
2014-12-09,69436000.0,9.00,9.75,8.88,9.71,2938266.0
2014-12-08,127511136.0,9.79,9.92,9.32,9.44,5242413.0
2014-12-05,140092800.0,9.62,9.86,8.88,9.00,5954073.0
2014-12-04,52052924.0,8.96,9.04,8.84,8.91,2323494.0
2014-12-03,48562544.0,8.84,9.07,8.75,9.00,2195414.0
2014-12-02,33468448.0,8.98,9.08,8.94,8.99,1488255.0
2014-12-01,55999804.0,8.99,9.52,8.79,9.38,2484695.0
2014-11-28,29612556.0,9.38,9.58,9.31,9.52,1252123.0
2014-11-27,32369660.0,9.55,9.60,9.44,9.50,1358618.0
2014-11-26,30186764.0,9.50,9.58,9.37,9.40,1272547.0
2014-11-25,40624460.0,9.48,9.50,9.18,9.30,1742622.0
2014-11-24,32956054.0,9.24,9.40,9.19,9.23,1428175.0
2014-11-21,19816480.0,9.23,9.29,9.16,9.16,857954.0
2014-11-20,20360332.0,9.22,9.35,9.15,9.35,881171.0
2014-11-19,27603974.0,9.35,9.39,9.12,9.33,1186473.0
2014-11-18,19554422.0,9.24,9.35,9.15,9.27,846032.0
2014-11-17,17333736.0,9.26,9.29,9.10,9.10,753487.0
2014-11-14,13508951.0,9.18,9.39,9.02,9.19,589114.0
2014-11-13,23810342.0,9.19,9.46,9.14,9.25,1026866.0
2014-11-12,19928360.0,9.26,9.28,9.00,9.01,873554.0
2014-11-11,51258596.0,9.09,9.78,9.03,9.70,2206008.0
2014-11-10,25435452.0,9.66,9.88,9.63,9.88,1051232.0
2014-11-07,29380620.0,9.80,9.94,9.68,9.79,1196183.0
2014-11-06,20296912.0,9.79,9.80,9.60,9.69,837172.0
2014-11-05,15757282.0,9.74,9.78,9.60,9.68,650245.0
2014-11-04,26929180.0,9.72,9.97,9.68,9.97,1099678.0
2014-11-03,27686760.0,9.89,9.99,9.85,9.98,1118941.0
2014-10-31,32583814.0,9.98,10.04,9.65,9.90,1323367.0
2014-10-30,35876912.0,9.89,10.05,9.81,9.81,1447712.0
2014-10-29,56199816.0,9.85,10.15,9.83,9.89,2253231.0
2014-10-28,32908624.0,9.91,9.92,9.46,9.46,1350734.0
2014-10-27,18234874.0,9.43,9.44,9.31,9.34,777546.0
2014-10-24,22994108.0,9.37,9.43,9.12,9.22,987606.0
2014-10-23,38900656.0,9.23,9.65,9.14,9.61,1669715.0
2014-10-22,37311224.0,9.61,9.98,9.60,9.98,1535643.0
2014-10-21,53869940.0,9.99,10.39,9.93,10.36,2125076.0
2014-10-20,50186068.0,10.16,10.26,9.90,9.99,1979814.0
2014-10-17,50244388.0,9.89,10.06,9.60,9.91,2037752.0
2014-10-16,65788988.0,9.97,10.30,9.94,10.30,2607914.0
2014-10-15,76600016.0,10.16,10.39,9.84,10.19,3012089.0
2014-10-14,89659240.0,10.09,10.37,9.99,10.37,3546280.0
2014-10-13,91229464.0,10.39,10.52,9.94,10.32,3554124.0
2014-10-10,129823904.0,10.14,10.66,9.45,9.59,5140332.0
2014-10-09,90506112.0,9.69,9.70,9.29,9.56,3815371.0
2014-10-08,99459384.0,9.51,9.64,8.85,8.85,4285034.0
2014-09-30,24003560.0,8.85,8.91,8.80,8.83,1087051.0
2014-09-29,39616716.0,8.82,8.99,8.75,8.79,1785051.0
2014-09-26,33813624.0,8.72,8.84,8.60,8.69,1548252.0
2014-09-25,52389620.0,8.72,8.97,8.68,8.96,2382246.0
2014-09-24,77070872.0,8.95,8.99,8.53,8.53,3502931.0
2014-09-23,23373588.0,8.51,8.58,8.47,8.50,1097447.0
2014-09-22,29784956.0,8.48,8.68,8.47,8.68,1390695.0
2014-09-19,33877884.0,8.69,8.81,8.48,8.65,1567864.0
2014-09-18,37895924.0,8.65,8.67,8.39,8.39,1771609.0
2014-09-17,38619748.0,8.38,8.60,8.20,8.47,1832197.0
2014-09-16,73432792.0,8.47,9.19,8.40,9.12,3346846.0
2014-09-15,52897052.0,9.08,9.20,8.83,8.87,2343621.0
2014-09-12,46708500.0,8.87,8.92,8.67,8.86,2117999.0
2014-09-11,109104352.0,8.88,9.03,8.32,8.40,4985643.0
2014-09-10,26750528.0,8.40,8.45,8.32,8.42,1276053.0
2014-09-09,32071546.0,8.42,8.50,8.38,8.40,1520468.0
2014-09-05,33574228.0,8.39,8.47,8.29,8.44,1607121.0
2014-09-04,41896056.0,8.43,8.58,8.34,8.50,1992966.0
2014-09-03,34891968.0,8.46,8.58,8.38,8.52,1647158.0
2014-09-02,45020880.0,8.50,8.58,8.26,8.26,2126352.0
2014-09-01,21992324.0,8.25,8.31,8.08,8.08,1069662.0
2014-08-29,18364008.0,8.14,8.17,7.98,8.07,908183.0
2014-08-28,20593454.0,8.07,8.27,8.05,8.20,1012829.0
2014-08-27,19303402.0,8.20,8.27,8.10,8.14,941994.0
2014-08-26,27296356.0,8.14,8.23,8.02,8.16,1344809.0
2014-08-25,39655848.0,8.16,8.32,8.06,8.29,1945151.0
2014-08-22,54396340.0,8.32,8.60,8.31,8.51,2575466.0
2014-08-21,73806904.0,8.51,8.58,8.14,8.26,3528409.0
2014-08-20,42545616.0,8.21,8.37,8.12,8.27,2061729.0
2014-08-19,87759456.0,8.27,8.48,8.11,8.45,4269126.0
2014-08-18,83367624.0,8.40,8.75,8.36,8.36,3913720.0
2014-08-15,64809132.0,8.40,8.55,8.23,8.40,3106495.0
2014-08-14,98809008.0,8.46,8.68,8.44,8.68,4643834.0
2014-08-13,108158832.0,8.70,8.77,8.00,8.09,5120846.0
2014-08-12,50800568.0,8.12,8.17,7.96,8.17,2519102.0
2014-08-11,110608112.0,8.13,8.42,7.93,8.04,5380575.0
2014-08-08,158865712.0,8.04,8.15,7.40,7.48,8010150.0
2014-08-07,86216872.0,7.52,7.58,7.16,7.23,4644051.0
2014-08-06,62940608.0,7.24,7.40,7.16,7.39,3477123.0
2014-08-05,71083504.0,7.38,7.52,7.32,7.43,3849395.0
2014-08-04,78565296.0,7.50,7.65,7.32,7.44,4193215.0
2014-08-01,135582496.0,7.39,7.68,6.98,7.00,7351122.0
2014-07-31,60208900.0,7.07,7.16,6.96,7.12,3416926.0
2014-07-30,115988712.0,7.12,7.20,6.69,6.75,6624983.0
2014-07-29,56832236.0,6.73,6.78,6.52,6.53,3394651.0
2014-07-28,25628226.0,6.52,6.59,6.42,6.45,1578329.0
2014-07-25,13081956.0,6.42,6.47,6.28,6.37,817103.0
2014-07-24,21973572.0,6.38,6.49,6.20,6.43,1392514.0
2014-07-23,28900368.0,6.45,6.61,6.34,6.58,1784174.0
2014-07-22,27305394.0,6.61,6.62,6.52,6.57,1660266.0
2014-07-21,38954408.0,6.58,6.73,6.53,6.73,2358018.0
2014-07-18,52128604.0,6.72,6.72,6.22,6.22,3202909.0
2014-07-17,17277398.0,6.21,6.29,6.18,6.21,1110029.0
2014-07-16,23557362.0,6.26,6.46,6.25,6.37,1484814.0
2014-07-15,28479020.0,6.40,6.55,6.38,6.54,1773152.0
2014-07-14,25816192.0,6.52,6.55,6.38,6.51,1592833.0
2014-07-11,40152764.0,6.53,6.77,6.52,6.60,2424469.0
2014-07-09,37388696.0,6.41,6.68,6.40,6.68,2280341.0
2014-07-08,40007220.0,6.69,6.75,6.56,6.68,2400594.0
2014-07-07,45657816.0,6.69,6.77,6.45,6.55,2769074.0
2014-07-04,27705246.0,6.51,6.57,6.44,6.55,1705259.0
2014-07-03,46361416.0,6.55,6.58,6.35,6.40,2849530.0
2014-07-02,44737768.0,6.44,6.60,6.34,6.57,2775292.0
2014-07-01,48912244.0,6.56,6.57,6.44,6.47,3002245.0
2014-06-30,46513908.0,6.49,6.55,6.32,6.32,2867629.0
2014-06-27,47340412.0,6.38,6.51,6.32,6.34,2954955.0
2014-06-26,98631800.0,6.37,6.61,6.29,6.33,6119082.0
2014-06-25,113333488.0,6.43,6.55,5.88,5.99,7253388.0
2014-06-24,39444868.0,6.01,6.27,5.79,5.83,2626813.0
2014-06-23,8375315.0,5.86,5.88,5.76,5.80,572863.0
2014-06-20,13490659.0,5.81,5.83,5.61,5.66,940008.0
2014-06-19,17484700.0,5.64,5.93,5.59,5.89,1217975.0
2014-06-18,13405218.0,5.87,5.91,5.85,5.88,912100.0
2014-06-17,16466121.0,5.88,5.96,5.85,5.96,1116574.0
2014-06-16,19476804.0,5.98,5.98,5.92,5.94,1307505.0
2014-06-13,20208182.0,5.96,6.00,5.91,5.95,1356872.0
2014-06-12,19671492.0,5.95,6.05,5.95,6.00,1314692.0
2014-06-11,26877340.0,6.02,6.02,5.88,5.88,1809853.0
2014-06-10,16745006.0,5.89,5.93,5.76,5.80,1142849.0
2014-06-09,14268669.0,5.78,5.90,5.76,5.81,977986.0
2014-06-06,15325163.0,5.84,5.93,5.81,5.86,1044901.0
2014-06-05,16820172.0,5.86,5.87,5.69,5.75,1163600.0
2014-06-04,20948472.0,5.75,5.92,5.70,5.92,1450880.0
2014-06-03,17815284.0,5.92,5.95,5.84,5.87,1207593.0
2014-05-30,28508426.0,5.87,5.95,5.75,5.95,1948552.0
2014-05-29,41031428.0,5.99,6.09,5.84,6.07,2754109.0
2014-05-28,29981094.0,6.08,6.10,5.96,6.04,1982913.0
2014-05-27,25795362.0,6.02,6.14,6.01,6.11,1706029.0
2014-05-26,43796208.0,6.15,6.15,5.94,6.04,2891840.0
2014-05-23,39470212.0,6.05,6.12,5.86,5.96,2638441.0
2014-05-22,44661612.0,6.03,6.20,6.02,6.12,2929505.0
2014-05-21,50462796.0,6.24,6.31,5.88,6.28,3313536.0
2014-05-20,82239440.0,6.39,6.56,6.03,6.13,2600536.0
2014-05-19,34493692.0,6.07,6.13,5.96,6.04,1140561.0
2014-05-16,95844568.0,6.17,6.45,5.92,6.39,3096619.0
2014-05-15,67116576.0,6.22,6.22,5.69,5.69,2188911.0
2014-05-14,6731208.0,5.65,5.69,5.56,5.60,238735.0
2014-05-13,5344480.0,5.60,5.61,5.55,5.59,191113.0
2014-05-12,5945107.0,5.58,5.59,5.47,5.51,214235.0
2014-05-09,3723868.0,5.43,5.51,5.39,5.46,136992.0
2014-05-08,7763656.0,5.46,5.57,5.45,5.56,281668.0
2014-05-07,12519364.0,5.55,5.73,5.50,5.71,444117.0
2014-05-06,12537215.0,5.66,5.77,5.58,5.59,439476.0
2014-05-05,15927298.0,5.55,5.68,5.45,5.45,569463.0
2014-04-30,5851513.0,5.44,5.49,5.40,5.43,214858.0
2014-04-29,7852734.0,5.43,5.43,5.26,5.26,291659.0
2014-04-28,8396009.0,5.39,5.65,5.38,5.63,307588.0
2014-04-25,6431103.0,5.64,5.75,5.63,5.67,225519.0
2014-04-24,6331584.0,5.67,5.74,5.65,5.73,222220.0
2014-04-23,8825485.0,5.70,5.85,5.60,5.76,306261.0
2014-04-22,7646499.0,5.81,5.98,5.79,5.91,260798.0
2014-04-21,6321911.0,5.93,6.02,5.92,5.98,211794.0
2014-04-18,10236377.0,6.01,6.08,6.00,6.06,339572.0
2014-04-17,12035689.0,6.04,6.13,6.01,6.02,395217.0
2014-04-16,6655431.0,6.03,6.06,6.00,6.05,220485.0
2014-04-15,9231692.0,6.02,6.07,6.01,6.07,305696.0
2014-04-14,9212065.0,6.07,6.10,5.98,6.06,304578.0
2014-04-11,28099392.0,6.07,6.26,6.00,6.23,920377.0
2014-04-10,40533948.0,6.19,6.27,6.00,6.00,1311953.0
2014-04-09,16469639.0,6.04,6.11,5.92,6.03,548717.0
2014-04-08,23391106.0,5.96,6.25,5.64,5.67,778473.0
2014-04-04,7914741.0,5.68,5.69,5.57,5.59,279610.0
2014-04-03,7317764.0,5.59,5.62,5.51,5.58,262020.0
2014-04-02,11683491.0,5.57,5.63,5.44,5.62,419570.0
2014-04-01,7089216.0,5.60,5.65,5.53,5.53,252424.0
2014-03-31,10794478.0,5.53,5.67,5.49,5.59,386865.0
2014-03-28,35659980.0,5.79,5.96,5.37,5.96,1278848.0
2014-03-27,7210281.0,5.96,6.11,5.95,6.11,239493.0
2014-03-26,7932844.0,6.11,6.11,6.00,6.00,261672.0
2014-03-25,14774679.0,6.03,6.16,5.97,6.16,488979.0
2014-03-24,12029202.0,6.14,6.24,6.13,6.15,389520.0
2014-03-21,18564814.0,6.15,6.19,5.95,5.99,605809.0
2014-03-20,18794730.0,6.03,6.32,6.00,6.20,606210.0
2014-03-19,14802499.0,6.25,6.27,6.13,6.19,477264.0
2014-03-18,29241724.0,6.23,6.31,6.13,6.13,937242.0
2014-03-17,19464274.0,6.13,6.16,5.95,6.03,639812.0
2014-03-14,12917699.0,5.97,6.03,5.95,5.97,430441.0
2014-03-13,11948445.0,5.97,6.05,5.94,6.00,397541.0
2014-03-12,17288082.0,5.94,6.03,5.82,5.98,582499.0
2014-03-11,15961475.0,5.99,6.15,5.91,5.91,532398.0
2014-03-10,27456466.0,5.89,6.35,5.85,6.27,909651.0
2014-03-07,20410626.0,6.27,6.34,6.13,6.21,652028.0
2014-03-06,25393960.0,6.19,6.20,6.04,6.19,830110.0
2014-03-05,29512246.0,6.19,6.31,6.15,6.18,942618.0
2014-03-04,45769256.0,6.18,6.41,6.10,6.37,1462691.0
2014-03-03,40100928.0,6.37,6.45,6.17,6.26,1266294.0
2014-02-28,99919816.0,6.47,7.05,6.47,7.05,3050118.0
2014-02-27,109510984.0,7.19,7.45,7.07,7.33,3026232.0
2014-02-26,166417008.0,7.46,7.47,6.69,6.78,4681752.0
2014-02-25,98092440.0,6.84,7.11,6.53,6.62,2867501.0
2014-02-24,23832972.0,6.62,6.63,6.48,6.59,727226.0
2014-02-21,22370578.0,6.56,6.67,6.52,6.52,678658.0
2014-02-20,28390900.0,6.56,6.80,6.52,6.79,856530.0
2014-02-19,28232132.0,6.78,6.84,6.69,6.78,833430.0
2014-02-18,32539330.0,6.78,6.87,6.67,6.82,963303.0
2014-02-17,42356548.0,6.82,6.83,6.75,6.75,1245547.0
2014-02-14,37094316.0,6.77,6.77,6.55,6.65,1114481.0
2014-02-13,49204928.0,6.66,7.06,6.65,7.06,1448545.0
2014-02-12,43966772.0,6.99,7.09,6.87,6.87,1257620.0
2014-02-11,58714388.0,6.87,7.17,6.73,6.81,1698534.0
2014-02-10,49253344.0,6.77,6.79,6.55,6.57,1460291.0
2014-02-07,24996758.0,6.55,6.58,6.39,6.39,768330.0
2014-01-30,23685612.0,6.57,6.75,6.53,6.53,713269.0
2014-01-29,17278806.0,6.53,6.55,6.41,6.48,529923.0
2014-01-28,21754676.0,6.46,6.57,6.35,6.51,673791.0
2014-01-27,26891508.0,6.46,6.63,6.45,6.57,826461.0
2014-01-24,30862148.0,6.58,6.67,6.55,6.55,932771.0
2014-01-23,39341632.0,6.60,6.65,6.45,6.55,1200274.0
2014-01-22,30945316.0,6.57,6.59,6.36,6.37,951579.0
2014-01-21,15996778.0,6.39,6.45,6.33,6.37,500094.0
2014-01-20,18531744.0,6.36,6.52,6.25,6.47,580767.0
2014-01-17,36906404.0,6.47,6.63,6.35,6.57,1137230.0
2014-01-16,67283976.0,6.58,6.73,6.31,6.38,2043857.0
2014-01-15,53655524.0,6.42,6.45,6.00,6.19,1719588.0
2014-01-14,30730548.0,6.19,6.21,6.00,6.05,997349.0
2014-01-13,21843480.0,6.05,6.07,5.87,5.99,729856.0
2014-01-10,22866598.0,5.97,6.13,5.97,6.02,756648.0
2014-01-09,28700216.0,6.07,6.29,6.06,6.20,924442.0
2014-01-08,28843900.0,6.26,6.28,6.06,6.08,928047.0
2014-01-07,20664254.0,6.10,6.12,5.95,6.01,682172.0
2014-01-06,43919088.0,6.01,6.19,5.99,6.19,1451366.0
2014-01-03,52179276.0,6.26,6.46,6.17,6.41,1661363.0
2014-01-02,29660256.0,6.46,6.56,6.34,6.34,918075.0
2013-12-31,46038472.0,6.41,6.66,6.30,6.62,1424167.0
2013-12-30,50533808.0,6.66,6.83,6.60,6.79,1506559.0
2013-12-27,66741916.0,6.75,6.85,6.51,6.51,1978519.0
2013-12-26,84818992.0,6.55,6.97,6.49,6.97,2531037.0
2013-12-25,94743560.0,6.79,6.79,6.15,6.21,2898651.0
2013-12-24,41901912.0,6.17,6.31,6.03,6.05,1352210.0
2013-12-23,40650368.0,6.09,6.25,5.85,6.07,1337475.0
2013-12-20,61325184.0,6.05,6.43,5.99,6.43,1993398.0
2013-12-19,59187184.0,6.51,6.79,6.51,6.66,1782397.0
2013-12-18,94153704.0,6.76,6.79,6.45,6.45,2811008.0
2013-12-17,44057396.0,6.45,6.51,6.31,6.33,1371279.0
2013-12-16,61535960.0,6.31,6.66,6.31,6.58,1906556.0
2013-12-13,74343984.0,6.67,6.79,6.43,6.60,2241685.0
2013-12-12,67933880.0,6.62,6.83,6.55,6.65,2034499.0
2013-12-11,69368024.0,6.64,6.78,6.46,6.71,2098353.0
2013-12-10,101585864.0,6.73,7.17,6.57,7.15,2974752.0
2013-12-09,123691944.0,7.19,7.23,6.71,6.78,3518138.0
2013-12-06,134438160.0,6.85,7.33,6.67,6.95,3868201.0
2013-12-05,242663568.0,7.08,7.86,6.86,7.59,6615889.0
2013-12-04,131347808.0,7.49,7.49,6.99,6.99,3594152.0
2013-12-03,130008728.0,6.81,6.81,5.84,6.01,4047730.0
2013-12-02,131867936.0,6.19,6.67,6.15,6.20,4133821.0
2013-11-29,195005504.0,6.83,7.05,6.50,6.59,5761427.0
2013-11-28,86279120.0,6.42,6.42,5.84,5.84,2756833.0
2013-11-27,48435456.0,5.83,5.94,5.75,5.79,1661702.0
2013-11-26,86331528.0,5.83,6.05,5.51,5.55,2960989.0
2013-11-25,69469744.0,5.59,5.65,5.19,5.29,2522484.0
2013-11-22,31385468.0,5.29,5.37,5.21,5.22,1184507.0
2013-11-21,33759780.0,5.23,5.31,5.17,5.29,1291365.0
2013-11-20,34788504.0,5.33,5.35,5.23,5.33,1315299.0
2013-11-19,50148904.0,5.30,5.50,5.21,5.36,1887830.0
2013-11-18,64850324.0,5.36,5.77,5.29,5.33,2373983.0
2013-11-15,64541032.0,5.37,5.45,5.06,5.09,2468377.0
2013-11-14,55059252.0,5.09,5.22,4.77,4.77,2180003.0
2013-11-13,20029724.0,4.80,4.87,4.67,4.79,836914.0
2013-11-12,22935328.0,4.80,4.84,4.66,4.71,960900.0
2013-11-11,19269854.0,4.69,4.82,4.43,4.48,831828.0
2013-11-08,13692300.0,4.45,4.51,4.38,4.43,615533.0
2013-11-07,17018308.0,4.47,4.65,4.46,4.65,751775.0
2013-11-06,13336572.0,4.67,4.76,4.65,4.67,565701.0
2013-11-05,13739156.0,4.66,4.71,4.59,4.67,589909.0
2013-11-04,8969312.0,4.69,4.77,4.66,4.66,381064.0
2013-11-01,23330008.0,4.68,4.83,4.56,4.57,987543.0
2013-10-31,12447887.0,4.61,4.65,4.52,4.59,542157.0
2013-10-30,18185224.0,4.61,4.63,4.44,4.49,796641.0
2013-10-29,37613364.0,4.49,4.88,4.33,4.83,1641039.0
2013-10-28,38156576.0,4.81,5.14,4.77,5.09,1548694.0
2013-10-25,51928656.0,5.14,5.33,4.99,5.19,2005127.0
2013-10-24,77723376.0,5.26,5.31,4.86,4.95,3001548.0
2013-10-23,46964208.0,4.92,5.19,4.90,4.94,1855448.0
2013-10-22,24505400.0,4.95,5.04,4.93,4.96,985355.0
2013-10-21,42314100.0,5.03,5.09,4.87,4.87,1681138.0
2013-10-18,14543621.0,4.86,4.89,4.68,4.71,607619.0
2013-10-17,20150524.0,4.69,4.83,4.69,4.75,843779.0
2013-10-16,18397624.0,4.74,4.87,4.69,4.85,773024.0
2013-10-15,36821204.0,4.89,4.99,4.81,4.83,1500281.0
2013-10-14,30434142.0,4.79,4.82,4.65,4.66,1276165.0
2013-10-11,14461680.0,4.66,4.68,4.60,4.66,623301.0
2013-10-10,23087880.0,4.65,4.74,4.62,4.70,983544.0
2013-10-09,15118932.0,4.67,4.67,4.58,4.59,654207.0
2013-10-08,14923008.0,4.62,4.63,4.48,4.54,652325.0
2013-09-30,15721888.0,4.53,4.56,4.42,4.50,698956.0
2013-09-27,14725735.0,4.54,4.61,4.51,4.61,644850.0
2013-09-26,22210326.0,4.58,4.75,4.58,4.65,949533.0
2013-09-25,15998892.0,4.67,4.69,4.58,4.64,686750.0
2013-09-24,11549768.0,4.65,4.70,4.61,4.65,495653.0
2013-09-23,19157602.0,4.65,4.65,4.54,4.54,830424.0
2013-09-18,5886129.0,4.54,4.54,4.45,4.53,261265.0
2013-09-17,10009786.0,4.53,4.59,4.48,4.53,443149.0
2013-09-16,6862447.0,4.53,4.59,4.49,4.54,301524.0
2013-09-13,14051570.0,4.53,4.55,4.40,4.43,626371.0
2013-09-12,9139109.0,4.43,4.47,4.38,4.41,412959.0
2013-09-11,15087162.0,4.41,4.55,4.37,4.52,680726.0
2013-09-10,10244330.0,4.52,4.57,4.51,4.54,450918.0
2013-09-09,19584312.0,4.55,4.61,4.52,4.61,861070.0
2013-09-06,9948362.0,4.62,4.68,4.58,4.67,430948.0
2013-09-05,17592518.0,4.63,4.69,4.53,4.53,759950.0
2013-09-04,12007951.0,4.57,4.65,4.55,4.63,521243.0
2013-09-03,9373583.0,4.64,4.66,4.51,4.51,404855.0
2013-09-02,8774603.0,4.57,4.61,4.44,4.46,385514.0
2013-08-30,23902328.0,4.47,4.67,4.45,4.67,1052934.0
2013-08-29,18565582.0,4.67,4.76,4.61,4.76,793667.0
2013-08-28,24640368.0,4.65,4.82,4.63,4.82,1043330.0
2013-08-27,14621727.0,4.82,4.84,4.71,4.74,609081.0
2013-08-26,15823095.0,4.73,4.77,4.69,4.73,667071.0
2013-08-23,23711440.0,4.73,4.84,4.60,4.83,1001980.0
2013-08-22,31167600.0,4.83,4.91,4.73,4.75,1292965.0
2013-08-21,56263912.0,4.88,5.09,4.72,4.72,2298069.0
2013-08-20,31877086.0,4.64,4.69,4.57,4.63,1376321.0
2013-08-19,18908850.0,4.68,4.68,4.48,4.48,816142.0
2013-08-16,20835628.0,4.53,4.63,4.46,4.47,911929.0
2013-08-15,19631960.0,4.51,4.59,4.41,4.56,874361.0
2013-08-14,12968266.0,4.56,4.62,4.51,4.61,566850.0
2013-08-13,17660042.0,4.61,4.65,4.54,4.54,767345.0
2013-08-12,27747890.0,4.55,4.66,4.50,4.62,1217423.0
2013-08-09,45211472.0,4.61,4.89,4.55,4.89,1916516.0
2013-08-08,32715436.0,4.69,4.72,4.50,4.53,1404705.0
2013-08-07,40311248.0,4.54,4.75,4.45,4.48,1752329.0
2013-08-06,22007794.0,4.49,4.51,4.42,4.44,983086.0
2013-08-05,39788068.0,4.47,4.50,4.22,4.24,1800324.0
2013-08-02,15813538.0,4.22,4.26,4.20,4.23,746696.0
2013-08-01,14347335.0,4.22,4.23,4.07,4.07,684953.0
2013-07-31,7800235.0,4.11,4.15,4.05,4.12,379996.0
2013-07-30,10881842.0,4.11,4.16,3.97,4.09,532985.0
2013-07-29,12984794.0,4.10,4.24,4.09,4.14,624305.0
2013-07-26,14870897.0,4.18,4.29,4.10,4.22,709393.0
2013-07-25,32746410.0,4.27,4.42,4.23,4.25,1509856.0
2013-07-24,19046708.0,4.24,4.24,4.15,4.22,907120.0
2013-07-23,22896712.0,4.21,4.28,4.09,4.09,1085732.0
2013-07-22,11417714.0,4.08,4.11,3.88,3.88,565460.0
2013-07-19,14535113.0,3.91,4.07,3.91,4.00,724149.0
2013-07-18,10127283.0,4.03,4.09,3.96,3.99,501711.0
2013-07-17,15421590.0,4.03,4.17,4.03,4.15,749934.0
2013-07-16,11799094.0,4.15,4.16,4.07,4.15,571794.0
2013-07-15,15280391.0,4.14,4.17,4.03,4.05,741244.0
2013-07-12,14682926.0,4.04,4.09,4.03,4.04,720465.0
2013-07-11,17493670.0,4.03,4.10,3.90,3.90,869054.0
2013-07-10,8950773.0,3.92,3.92,3.76,3.80,462607.0
2013-07-09,7265126.0,3.80,3.86,3.76,3.76,380693.0
2013-07-08,11046054.0,3.78,3.92,3.78,3.92,576615.0
2013-07-05,11881282.0,3.94,4.09,3.94,4.03,589750.0
2013-07-04,16113167.0,4.04,4.11,4.01,4.08,792735.0
2013-07-03,24408268.0,4.11,4.13,4.01,4.04,1193870.0
2013-07-02,23012940.0,4.06,4.09,3.94,3.94,1138885.0
2013-07-01,12822009.0,3.91,3.91,3.77,3.78,665013.0
2013-06-28,14521845.0,3.79,3.95,3.64,3.85,759999.0
2013-06-27,24948628.0,3.88,4.15,3.85,4.07,1246494.0
2013-06-26,26081622.0,4.09,4.09,3.91,4.02,1303139.0
2013-06-25,30945850.0,4.02,4.03,3.57,3.90,1603782.0
2013-06-24,31457064.0,3.93,4.22,3.90,4.22,1550959.0
2013-06-21,26449514.0,4.27,4.35,4.16,4.35,1238061.0
2013-06-20,36974348.0,4.45,4.79,4.45,4.79,1604756.0
2013-06-19,20914644.0,4.80,4.91,4.77,4.91,867886.0
2013-06-18,30670776.0,4.91,4.95,4.77,4.87,1261006.0
2013-06-17,49815292.0,4.88,5.09,4.85,4.95,1997460.0
2013-06-14,49393368.0,4.94,5.05,4.67,4.72,2009918.0
2013-06-13,30784558.0,4.72,4.85,4.53,4.85,1319273.0
2013-06-07,53199860.0,4.86,4.92,4.71,4.72,2195740.0
2013-06-06,35339464.0,4.74,4.89,4.69,4.71,1472196.0
2013-06-05,31229148.0,4.76,4.77,4.44,4.44,1356432.0
2013-06-04,28899358.0,4.47,4.72,4.46,4.67,1262783.0
2013-06-03,38457184.0,4.73,4.83,4.65,4.68,1612290.0
2013-05-31,52026168.0,4.68,4.78,4.56,4.58,2220114.0
2013-05-30,22497850.0,4.54,4.61,4.45,4.45,990563.0
2013-05-29,19357978.0,4.50,4.56,4.46,4.51,861108.0
2013-05-28,27376994.0,4.52,4.64,4.49,4.56,1201710.0
2013-05-27,26219806.0,4.55,4.57,4.40,4.40,1160456.0
2013-05-24,13621611.0,4.42,4.42,4.35,4.37,618714.0
2013-05-23,19301528.0,4.37,4.46,4.37,4.43,874461.0
2013-05-22,29500736.0,4.46,4.49,4.35,4.42,1331143.0
2013-05-21,38447140.0,4.41,4.46,4.29,4.42,1756842.0
2013-05-20,45435528.0,4.43,4.64,4.35,4.45,2027042.0
2013-05-17,36959664.0,4.44,4.49,4.26,4.26,1674269.0
2013-05-16,36194788.0,4.30,4.46,4.30,4.33,1647884.0
2013-05-15,20056126.0,4.29,4.32,4.24,4.29,934864.0
2013-05-14,35175468.0,4.30,4.31,4.17,4.21,1652614.0
2013-05-13,23555552.0,4.22,4.23,3.99,4.07,1143491.0
2013-05-10,16251602.0,4.08,4.09,3.95,3.97,806979.0
2013-05-09,15022894.0,4.00,4.09,3.95,4.07,746516.0
2013-05-08,12616883.0,4.06,4.09,4.02,4.02,620652.0
2013-05-07,9922522.0,4.02,4.13,4.00,4.09,488978.0
2013-05-06,12966366.0,4.09,4.12,3.99,3.99,636323.0
2013-05-03,14656560.0,3.99,4.03,3.90,3.91,733179.0
2013-05-02,22127104.0,3.94,4.17,3.90,4.15,1097388.0
2013-04-26,14826791.0,4.20,4.29,4.16,4.23,699352.0
2013-04-25,21791042.0,4.25,4.37,4.25,4.31,1008100.0
2013-04-24,21555012.0,4.30,4.31,4.16,4.16,1011862.0
2013-04-23,30441950.0,4.21,4.46,4.21,4.39,1403002.0
2013-04-22,34156576.0,4.38,4.38,4.19,4.23,1575919.0
2013-04-19,25982756.0,4.23,4.27,4.15,4.22,1226514.0
2013-04-18,26681512.0,4.19,4.30,4.15,4.20,1258359.0
2013-04-17,25334106.0,4.20,4.23,4.06,4.06,1211052.0
2013-04-16,28521086.0,4.08,4.19,3.99,4.05,1403130.0
2013-04-15,22936006.0,4.16,4.25,4.12,4.15,1092014.0
2013-04-12,32053090.0,4.15,4.30,4.13,4.28,1511918.0
2013-04-11,45014844.0,4.29,4.39,4.23,4.37,2086705.0
2013-04-10,60229172.0,4.44,4.54,4.30,4.54,2738875.0
2013-04-09,111705360.0,4.57,5.12,4.48,4.75,4674340.0
2013-03-28,92165880.0,4.80,5.18,4.61,4.73,3771640.0
2013-03-27,59423008.0,4.77,4.84,4.57,4.66,2492848.0
2013-03-26,58245644.0,4.64,4.72,4.45,4.57,2528503.0
2013-03-25,69881816.0,4.64,4.64,4.24,4.25,3112653.0
2013-03-22,17329560.0,4.25,4.28,4.19,4.25,818177.0
2013-03-21,21476444.0,4.24,4.24,4.13,4.18,1019046.0
2013-03-20,20711764.0,4.16,4.18,4.02,4.03,1001122.0
2013-03-19,17688402.0,4.05,4.13,3.96,4.06,878726.0
2013-03-18,19460016.0,4.09,4.21,4.05,4.06,940259.0
2013-03-15,16229348.0,4.04,4.17,3.95,4.07,795479.0
2013-03-14,10133698.0,4.05,4.11,3.99,4.01,497714.0
2013-03-13,16918646.0,4.03,4.16,4.01,4.16,833782.0
2013-03-12,33275204.0,4.18,4.42,4.09,4.30,1557893.0
2013-03-11,29994684.0,4.32,4.38,4.13,4.17,1389488.0
2013-03-08,15856046.0,4.17,4.23,4.09,4.21,763182.0
2013-03-07,31464602.0,4.22,4.38,4.16,4.37,1476924.0
2013-03-06,41368132.0,4.36,4.36,4.09,4.25,1933794.0
2013-03-05,34018692.0,4.19,4.20,3.99,4.06,1651503.0
2013-03-04,40480400.0,4.05,4.26,3.97,4.02,1956620.0
2013-03-01,32300916.0,4.10,4.11,3.90,3.90,1596052.0
2013-02-28,14166312.0,3.92,3.92,3.81,3.89,728706.0
2013-02-27,20134624.0,3.85,3.97,3.81,3.89,1037226.0
2013-02-26,20773058.0,3.92,4.10,3.92,4.01,1033399.0
2013-02-25,15079284.0,4.07,4.08,3.98,3.99,745789.0
2013-02-22,18679724.0,4.02,4.17,4.01,4.11,916328.0
2013-02-21,21223016.0,4.11,4.19,4.05,4.19,1026058.0
2013-02-20,27305896.0,4.20,4.22,4.01,4.04,1312406.0
2013-02-19,19740840.0,4.05,4.22,4.05,4.17,960935.0
2013-02-18,25059570.0,4.17,4.20,4.08,4.13,1207855.0
2013-02-08,23573244.0,4.12,4.15,3.99,4.03,1150311.0
2013-02-07,11706299.0,4.03,4.08,3.98,4.05,580117.0
2013-02-06,21075302.0,4.06,4.07,3.92,3.95,1050165.0
2013-02-05,15215957.0,3.96,3.96,3.81,3.92,780937.0
2013-02-04,16779070.0,3.93,4.03,3.87,3.97,849392.0
2013-02-01,16732998.0,3.97,4.03,3.91,3.91,839365.0
2013-01-31,19993190.0,3.96,4.01,3.87,3.99,1019266.0
2013-01-30,23599422.0,3.99,4.09,3.93,4.05,1177646.0
2013-01-29,24517108.0,4.05,4.12,4.03,4.07,1205298.0
2013-01-28,36615948.0,4.08,4.09,3.86,3.89,1813719.0
2013-01-25,22874802.0,3.89,3.96,3.81,3.83,1168135.0
2013-01-24,42246492.0,3.85,4.06,3.79,4.00,2149744.0
2013-01-23,37630432.0,4.00,4.07,3.93,4.01,1882340.0
2013-01-22,68868984.0,4.11,4.38,4.03,4.03,3259375.0
2013-01-21,30239280.0,4.05,4.10,4.01,4.06,1484416.0
2013-01-18,32089306.0,4.06,4.14,4.03,4.03,1565267.0
2013-01-17,42078720.0,4.04,4.15,3.99,4.15,2074045.0
2013-01-16,63271432.0,4.15,4.23,4.06,4.18,3049152.0
2013-01-15,103523696.0,4.20,4.28,4.08,4.17,4946288.0
2013-01-14,52524304.0,3.94,3.94,3.59,3.63,2741125.0
2013-01-11,25854100.0,3.58,3.67,3.52,3.52,1436564.0
2013-01-10,10001452.0,3.54,3.58,3.52,3.53,562173.0
2013-01-09,22530898.0,3.55,3.61,3.52,3.59,1262385.0
2013-01-08,30321162.0,3.63,3.68,3.55,3.57,1665490.0
2013-01-07,19695178.0,3.56,3.58,3.48,3.48,1109075.0
2013-01-04,14923720.0,3.49,3.60,3.46,3.56,843829.0
2012-12-31,13823738.0,3.55,3.60,3.51,3.59,776002.0
2012-12-28,22637482.0,3.58,3.61,3.50,3.53,1267945.0
2012-12-27,24845722.0,3.52,3.63,3.51,3.62,1393338.0
2012-12-26,30338700.0,3.60,3.62,3.49,3.50,1697631.0
2012-12-25,31169338.0,3.52,3.63,3.49,3.49,1749096.0
2012-12-24,35781912.0,3.49,3.62,3.33,3.33,2040166.0
2012-12-21,13404266.0,3.29,3.31,3.23,3.25,815205.0
2012-12-20,11288769.0,3.26,3.26,3.14,3.16,697968.0
2012-12-19,8003737.0,3.19,3.21,3.14,3.21,502483.0
2012-12-18,8827271.0,3.21,3.26,3.20,3.20,545926.0
2012-12-17,9466430.0,3.21,3.24,3.19,3.19,588313.0
2012-12-14,14226127.0,3.21,3.23,3.07,3.07,892393.0
2012-12-13,18524070.0,3.10,3.29,3.08,3.10,1166088.0
2012-12-12,7668234.0,3.07,3.11,3.04,3.08,498930.0
2012-12-11,9324499.0,3.10,3.14,3.05,3.12,601187.0
2012-12-10,10483470.0,3.15,3.16,3.06,3.12,671258.0
2012-12-07,7903183.0,3.10,3.13,3.02,3.02,510240.0
2012-12-06,5073338.0,3.04,3.07,3.02,3.03,332485.0
2012-12-05,8954621.0,3.04,3.08,2.92,2.92,589110.0
2012-12-04,6327822.0,2.93,2.94,2.82,2.90,438500.0
2012-12-03,3796110.0,2.91,3.03,2.90,2.99,254555.0
2012-11-30,5356200.0,3.00,3.03,2.95,2.95,356196.0
2012-11-29,6046056.0,2.94,3.09,2.93,3.09,400216.0
2012-11-28,5530022.0,3.04,3.16,3.03,3.12,359219.0
2012-11-27,8016858.0,3.12,3.24,3.11,3.24,504305.0
2012-11-26,7893578.0,3.25,3.30,3.22,3.29,484806.0
2012-11-23,7935052.0,3.30,3.35,3.27,3.29,476683.0
2012-11-22,4057850.0,3.28,3.31,3.27,3.31,245756.0
2012-11-21,5751406.0,3.31,3.33,3.24,3.30,348579.0
2012-11-20,5674858.0,3.28,3.31,3.28,3.30,343250.0
2012-11-19,11089925.0,3.27,3.36,3.21,3.31,675796.0
2012-11-16,7393374.0,3.35,3.41,3.30,3.37,439248.0
2012-11-15,10943848.0,3.39,3.48,3.39,3.42,634372.0
2012-11-14,11178792.0,3.43,3.43,3.34,3.35,655321.0
2012-11-13,8248689.0,3.35,3.39,3.30,3.38,491680.0
2012-11-12,10702482.0,3.37,3.40,3.29,3.30,637816.0
2012-11-09,8139403.0,3.31,3.36,3.29,3.32,488976.0
2012-11-08,13964270.0,3.33,3.45,3.32,3.43,823813.0
2012-11-07,6876842.0,3.46,3.50,3.44,3.48,395751.0
2012-11-06,9901336.0,3.48,3.50,3.40,3.48,573208.0
2012-11-05,8161905.0,3.49,3.52,3.46,3.49,467424.0
2012-11-02,12307788.0,3.50,3.55,3.46,3.49,700407.0
2012-11-01,13334598.0,3.49,3.51,3.44,3.44,764270.0
2012-10-31,7909258.0,3.44,3.47,3.40,3.41,458940.0
2012-10-30,10284400.0,3.42,3.49,3.42,3.45,593905.0
2012-10-29,12990945.0,3.47,3.47,3.33,3.35,759872.0
2012-10-26,16887880.0,3.37,3.49,3.34,3.45,990380.0
2012-10-25,12705873.0,3.46,3.49,3.45,3.48,730381.0
2012-10-24,20734554.0,3.46,3.58,3.46,3.53,1173821.0
2012-10-23,27978684.0,3.56,3.74,3.55,3.74,1538043.0
2012-10-22,25121386.0,3.73,3.74,3.61,3.63,1356703.0
2012-10-19,28447562.0,3.64,3.74,3.59,3.69,1553701.0
2012-10-18,36174832.0,3.72,3.82,3.68,3.72,1928989.0
2012-10-17,29525320.0,3.72,3.74,3.65,3.69,1593543.0
2012-10-16,72206544.0,3.71,3.88,3.54,3.56,3864231.0
2012-10-15,32591484.0,3.57,3.57,3.45,3.49,1836444.0
2012-10-12,16403949.0,3.49,3.50,3.44,3.46,941295.0
2012-10-11,24261216.0,3.46,3.53,3.43,3.51,1388772.0
2012-10-10,33799776.0,3.54,3.61,3.49,3.55,1907823.0
2012-10-09,42984408.0,3.56,3.60,3.53,3.58,2403329.0
2012-10-08,32467240.0,3.58,3.62,3.50,3.52,1814518.0
2012-09-28,34293280.0,3.51,3.58,3.46,3.50,1944237.0
2012-09-27,45007496.0,3.50,3.59,3.31,3.31,2584934.0
2012-09-26,25065264.0,3.33,3.51,3.31,3.43,1471517.0
2012-09-25,42568076.0,3.46,3.49,3.26,3.26,2495047.0
2012-09-24,22035914.0,3.29,3.36,3.22,3.23,1334346.0
2012-09-21,23089368.0,3.28,3.38,3.28,3.35,1384969.0
2012-09-20,39318652.0,3.36,3.54,3.33,3.50,2301579.0
2012-09-19,38394212.0,3.52,3.56,3.45,3.55,2185154.0
2012-09-18,77241624.0,3.55,3.71,3.36,3.37,4355051.0
2012-09-17,66655428.0,3.38,3.59,3.35,3.59,3832801.0
2012-09-14,98046984.0,3.52,3.52,3.26,3.26,5634569.0
2012-09-13,12729024.0,3.20,3.24,3.19,3.22,790164.0
2012-09-12,15174271.0,3.23,3.26,3.18,3.26,943379.0
2012-09-11,15616209.0,3.23,3.24,3.19,3.23,968227.0
2012-09-10,15393471.0,3.24,3.27,3.19,3.21,949823.0
2012-09-07,21970826.0,3.21,3.24,3.13,3.14,1371564.0
2012-09-06,10159531.0,3.10,3.15,3.07,3.12,654007.0
2012-09-05,8240138.0,3.09,3.12,3.04,3.06,533021.0
2012-09-04,7980439.0,3.07,3.14,3.06,3.06,513361.0
2012-09-03,6285436.0,3.07,3.09,2.99,3.01,410613.0
2012-08-31,4513359.0,3.01,3.03,2.98,2.99,299576.0
2012-08-30,13070451.0,2.99,3.12,2.95,3.11,862531.0
2012-08-29,6583002.0,3.11,3.15,3.06,3.10,421519.0
2012-08-28,7141079.0,3.11,3.17,3.10,3.10,454260.0
2012-08-27,9898662.0,3.10,3.15,3.00,3.15,637988.0
2012-08-24,12634666.0,3.18,3.28,3.18,3.28,782616.0
2012-08-23,12063139.0,3.26,3.28,3.20,3.24,742819.0
2012-08-22,18391316.0,3.25,3.31,3.22,3.23,1125520.0
2012-08-21,16381900.0,3.24,3.28,3.17,3.18,1007431.0
2012-08-20,8299030.0,3.18,3.18,3.09,3.11,526076.0
2012-08-17,6549066.0,3.14,3.18,3.12,3.15,415587.0
2012-08-16,10753369.0,3.15,3.22,3.15,3.18,674598.0
2012-08-15,9329871.0,3.18,3.24,3.18,3.19,580459.0
2012-08-14,18771592.0,3.22,3.25,3.13,3.22,1177863.0
2012-08-13,25988066.0,3.23,3.31,3.21,3.23,1587387.0
2012-08-10,16425617.0,3.23,3.28,3.21,3.26,1011675.0
2012-08-09,30772660.0,3.27,3.28,3.13,3.16,1911166.0
2012-08-08,17386980.0,3.16,3.25,3.13,3.23,1093086.0
2012-08-07,20625048.0,3.23,3.24,3.17,3.22,1285095.0
2012-08-06,20231330.0,3.23,3.26,3.15,3.16,1262255.0
2012-08-03,13778895.0,3.19,3.21,3.13,3.19,867189.0
2012-08-02,17199902.0,3.18,3.22,3.08,3.12,1083771.0
2012-08-01,13173503.0,3.10,3.11,3.00,3.03,851393.0
2012-07-31,19656000.0,3.03,3.18,3.00,3.17,1278520.0
2012-07-30,18879252.0,3.21,3.39,3.20,3.39,1147849.0
2012-07-27,29596946.0,3.37,3.48,3.35,3.39,1726075.0
2012-07-26,18693122.0,3.36,3.41,3.30,3.33,1109559.0
2012-07-25,17359612.0,3.33,3.40,3.32,3.36,1032129.0
2012-07-24,21094414.0,3.39,3.42,3.26,3.30,1247008.0
2012-07-23,19854168.0,3.33,3.36,3.26,3.36,1197382.0
2012-07-20,26624370.0,3.39,3.57,3.37,3.48,1529132.0
2012-07-19,30934798.0,3.48,3.52,3.39,3.42,1781926.0
2012-07-18,26781264.0,3.45,3.45,3.31,3.43,1584108.0
2012-07-17,32490192.0,3.44,3.55,3.30,3.49,1897858.0
2012-07-16,52504552.0,3.52,3.69,3.51,3.60,2904980.0
2012-07-13,75179392.0,3.62,3.69,3.39,3.39,4153543.0
2012-07-12,44647608.0,3.43,3.47,3.28,3.32,2601880.0
2012-07-11,32007330.0,3.32,3.34,3.18,3.23,1955328.0
2012-07-10,69811672.0,3.29,3.62,3.29,3.59,4061113.0
2012-07-09,76616992.0,3.66,3.77,3.53,3.55,4170990.0
2012-07-06,63569900.0,3.59,3.66,3.46,3.49,3565662.0
2012-07-05,81894528.0,3.52,3.79,3.51,3.79,4466236.0
2012-07-04,121374944.0,3.83,3.86,3.61,3.66,6444388.0
2012-07-03,75190096.0,3.69,3.75,3.61,3.70,4091768.0
2012-07-02,92275264.0,3.73,3.81,3.54,3.54,4964776.0
2012-06-29,63058088.0,3.57,3.62,3.44,3.45,3535459.0
2012-06-28,68637824.0,3.51,3.63,3.49,3.50,3864704.0
2012-06-27,120699728.0,3.59,3.90,3.59,3.77,6436610.0
2012-06-26,93739672.0,3.77,3.77,3.42,3.55,5240557.0
2012-06-25,121380880.0,3.67,3.78,3.41,3.47,6625454.0
2012-06-21,100736568.0,3.52,3.65,3.45,3.47,5665757.0
2012-06-20,86093104.0,3.47,3.57,3.44,3.55,4915437.0
2012-06-19,168268240.0,3.59,3.88,3.40,3.46,9276701.0
2012-06-18,161158240.0,3.56,3.56,3.23,3.28,9398940.0
2012-06-15,63897816.0,3.23,3.23,2.94,2.94,4020121.0
2012-06-14,12861821.0,2.94,3.00,2.92,2.96,864674.0
2012-06-13,14727302.0,2.97,2.97,2.91,2.93,998059.0
2012-06-12,13129143.0,2.93,2.97,2.85,2.86,894471.0
2012-06-11,7075012.0,2.88,2.89,2.81,2.81,493498.0
2012-06-08,8622579.0,2.82,2.90,2.82,2.89,605275.0
2012-06-07,7930892.0,2.88,2.93,2.87,2.90,547349.0
2012-06-06,12363228.0,2.88,2.99,2.86,2.99,846047.0
2012-06-05,17498684.0,2.92,2.97,2.87,2.89,1086313.0
2012-06-04,27029568.0,2.92,3.03,2.82,2.85,1664611.0
2012-06-01,7481159.0,2.87,2.92,2.86,2.87,467991.0
2012-05-31,10133258.0,2.87,2.89,2.78,2.78,638814.0
2012-05-30,8542861.0,2.84,2.87,2.81,2.81,544713.0
2012-05-29,10473044.0,2.81,2.83,2.76,2.76,676672.0
2012-05-28,15428896.0,2.76,2.76,2.66,2.72,1029914.0
2012-05-25,14726267.0,2.78,2.91,2.77,2.88,943418.0
2012-05-24,6675656.0,2.89,2.92,2.89,2.91,416563.0
2012-05-23,11784711.0,2.90,2.95,2.87,2.93,733228.0
2012-05-22,10662719.0,2.95,2.96,2.92,2.93,654388.0
2012-05-21,10577266.0,2.91,2.98,2.88,2.96,656912.0
2012-05-18,15611294.0,2.96,3.03,2.94,3.03,949565.0
2012-05-17,19365094.0,3.05,3.06,2.98,2.98,1156654.0
2012-05-16,13864410.0,2.98,3.07,2.98,3.00,832386.0
2012-05-15,19120806.0,3.02,3.03,2.98,3.03,1150493.0
2012-05-14,41156560.0,3.07,3.12,2.96,2.99,2434563.0
2012-05-11,24201932.0,2.98,3.00,2.90,2.90,1480027.0
2012-05-10,12449487.0,2.90,2.93,2.87,2.87,774001.0
2012-05-09,14485737.0,2.88,2.95,2.87,2.95,901279.0
2012-05-07,17330784.0,2.98,2.98,2.94,2.97,1059443.0
2012-05-04,30785712.0,2.99,3.03,2.88,2.92,1878221.0
2012-05-03,19294904.0,2.92,2.93,2.83,2.86,1209954.0
2012-05-02,14053512.0,2.86,2.87,2.82,2.86,891987.0
2012-04-27,14377703.0,2.85,2.87,2.78,2.82,918284.0
2012-04-26,9615982.0,2.82,2.83,2.77,2.81,619457.0
2012-04-25,13304655.0,2.80,2.81,2.75,2.77,860037.0
2012-04-24,22541318.0,2.78,2.91,2.70,2.88,1452994.0
2012-04-23,24240350.0,2.90,3.02,2.88,3.02,1481131.0
2012-04-20,25054874.0,3.01,3.04,2.95,2.96,1507484.0
2012-04-19,20582902.0,2.97,3.00,2.94,2.98,1253669.0
2012-04-18,42343064.0,3.01,3.01,2.85,2.95,2611308.0
2012-04-17,15877775.0,2.97,3.03,2.97,2.97,957350.0
2012-04-16,15575369.0,2.98,3.03,2.97,3.02,941015.0
2012-04-13,19143796.0,3.04,3.07,3.02,3.05,1139788.0
2012-04-12,22148598.0,3.04,3.05,3.00,3.00,1322037.0
2012-04-11,19155456.0,2.99,3.01,2.92,2.96,1167677.0
2012-04-10,20390720.0,2.97,2.97,2.86,2.89,1268046.0
2012-04-09,10688986.0,2.96,3.01,2.93,2.98,649900.0
2012-04-06,17270902.0,2.97,3.02,2.92,2.95,1049802.0
2012-04-05,19100890.0,2.95,2.97,2.82,2.86,1184980.0
2012-03-30,15243966.0,2.86,2.95,2.83,2.91,958592.0
2012-03-29,22661624.0,2.90,3.00,2.85,2.99,1405254.0
2012-03-28,29243742.0,3.00,3.21,2.98,3.21,1730235.0
2012-03-27,26099564.0,3.21,3.32,3.20,3.32,1453144.0
2012-03-26,37395428.0,3.29,3.34,3.21,3.32,2061697.0
2012-03-23,42925368.0,3.33,3.39,3.25,3.35,2350903.0
2012-03-22,95817176.0,3.41,3.42,3.21,3.28,5181214.0
2012-03-21,27316022.0,3.29,3.32,3.17,3.31,1525125.0
2012-03-20,31368182.0,3.27,3.44,3.25,3.42,1707412.0
2012-03-19,24410442.0,3.46,3.48,3.38,3.46,1285432.0
2012-03-16,40921676.0,3.50,3.52,3.33,3.36,2161720.0
2012-03-15,35570436.0,3.36,3.46,3.26,3.42,1922968.0
2012-03-14,54590172.0,3.44,3.74,3.38,3.69,2759089.0
2012-03-13,44637416.0,3.68,3.72,3.59,3.69,2209310.0
2012-03-12,34595964.0,3.70,3.75,3.65,3.74,1693315.0
2012-03-09,50392004.0,3.76,3.80,3.60,3.64,2482659.0
2012-03-08,29648966.0,3.63,3.67,3.58,3.58,1481275.0
2012-03-07,39415128.0,3.58,3.68,3.56,3.59,1975683.0
2012-03-06,70714368.0,3.64,3.78,3.54,3.58,3499225.0
2012-03-05,69383184.0,3.63,3.72,3.38,3.43,3545914.0
2012-03-02,40382700.0,3.41,3.47,3.36,3.38,2141490.0
2012-03-01,49095812.0,3.40,3.57,3.38,3.39,2561450.0
2012-02-29,46433752.0,3.38,3.46,3.35,3.46,2460776.0
2012-02-28,81107008.0,3.54,3.54,3.15,3.21,4397781.0
2012-02-27,42535768.0,3.23,3.29,3.17,3.20,2389629.0
2012-02-24,30279368.0,3.26,3.32,3.18,3.22,1687671.0
2012-02-23,46795352.0,3.25,3.40,3.16,3.17,2583641.0
2012-02-22,27045444.0,3.17,3.18,3.10,3.12,1551785.0
2012-02-21,30998110.0,3.12,3.13,3.02,3.07,1821383.0
2012-02-20,29214570.0,3.08,3.15,3.04,3.08,1707488.0
2012-02-17,21320518.0,3.05,3.10,3.01,3.10,1262958.0
2012-02-16,34715432.0,3.09,3.12,3.02,3.04,2039838.0
2012-02-15,26579954.0,3.05,3.07,3.01,3.03,1581484.0
2012-02-14,27624168.0,3.04,3.05,2.98,3.02,1656155.0
2012-02-13,46936808.0,3.03,3.08,2.95,2.96,2797494.0
2012-02-10,52842868.0,3.00,3.04,2.88,2.88,3215624.0
2012-02-09,34247108.0,2.89,2.95,2.86,2.87,2127547.0
2012-02-08,20849228.0,2.87,2.88,2.79,2.80,1324314.0
2012-02-07,20365466.0,2.81,2.90,2.79,2.90,1304609.0
2012-02-06,26862056.0,2.91,2.91,2.86,2.90,1686448.0
2012-02-03,28463334.0,2.90,2.92,2.84,2.87,1782237.0
2012-02-02,23635566.0,2.88,2.89,2.80,2.85,1499234.0
2012-02-01,32795470.0,2.85,2.93,2.83,2.86,2066881.0
2012-01-31,54150548.0,2.89,2.98,2.76,2.79,3390117.0
2012-01-30,23536258.0,2.80,2.85,2.77,2.80,1516743.0
2012-01-20,34135020.0,2.84,2.84,2.75,2.76,2199337.0
2012-01-19,21436568.0,2.74,2.80,2.67,2.71,1418899.0
2012-01-18,36059308.0,2.71,2.83,2.69,2.71,2370509.0
2012-01-17,25707752.0,2.74,2.77,2.56,2.56,1745917.0
2012-01-16,19326242.0,2.57,2.68,2.57,2.66,1335004.0
2012-01-13,34205064.0,2.72,2.84,2.64,2.77,2251915.0
2012-01-12,32281252.0,2.78,2.84,2.75,2.79,2090653.0
2012-01-11,40187940.0,2.81,2.87,2.78,2.82,2586740.0
2012-01-10,50037660.0,2.84,2.87,2.68,2.71,3241175.0
2012-01-09,44556128.0,2.73,2.75,2.51,2.55,3053131.0
2012-01-06,22212312.0,2.57,2.60,2.48,2.51,1583641.0
2012-01-05,39208976.0,2.50,2.65,2.49,2.65,2771736.0
2012-01-04,42840112.0,2.69,2.89,2.69,2.84,2764000.0
2011-12-30,44737704.0,2.82,2.87,2.77,2.78,2860168.0
2011-12-29,47928808.0,2.79,2.87,2.73,2.73,3082549.0
2011-12-28,50117968.0,2.78,2.80,2.70,2.73,3303101.0
2011-12-27,95800464.0,2.83,3.11,2.83,3.09,5923116.0
2011-12-26,81663008.0,3.15,3.20,3.08,3.12,4704547.0
2011-12-23,177649152.0,3.23,3.49,3.21,3.27,9649660.0
2011-12-22,268745280.0,3.48,3.61,3.05,3.12,14681680.0
