date,open,high,close,low,volume,amount
2015-11-27,22.50,22.50,20.44,20.44,16726652.0,358303968.0
2015-11-26,23.45,23.68,22.71,22.62,15857820.0,368650656.0
2015-11-25,22.88,23.50,23.10,22.78,14624509.0,339521728.0
2015-11-24,22.40,22.89,22.88,21.90,9837007.0,219968800.0
2015-11-23,22.06,23.16,22.56,22.00,15095724.0,342585504.0
2015-11-20,22.18,22.42,22.11,21.98,12125200.0,268775872.0
2015-11-19,21.60,22.26,22.20,21.21,11405430.0,247690992.0
2015-11-18,23.09,23.55,21.43,21.20,14667250.0,327456768.0
2015-11-17,23.85,24.17,23.00,23.00,16380892.0,386337824.0
2015-11-16,22.64,23.52,23.52,22.41,14471447.0,331036800.0
2015-11-13,23.20,24.08,23.49,23.00,14903287.0,352990432.0
2015-11-12,24.85,25.00,23.63,23.50,20615424.0,493852928.0
2015-11-11,24.61,24.97,24.73,24.30,17678232.0,435732512.0
2015-11-10,25.50,25.50,24.77,24.21,25495186.0,633679616.0
2015-11-09,26.06,26.48,25.67,24.98,26929424.0,693645248.0
2015-11-06,25.10,27.23,26.80,24.79,31711096.0,814530496.0
2015-11-05,24.96,25.69,25.42,24.50,39413712.0,984801152.0
2015-11-04,22.99,24.88,24.69,22.63,29398278.0,703874752.0
2015-11-03,23.45,23.80,22.62,22.48,14077222.0,323002912.0
2015-11-02,21.86,24.25,23.10,21.60,22960252.0,536508704.0
2015-10-30,23.01,23.26,22.95,21.86,17703248.0,402310560.0
2015-10-29,23.00,23.30,22.92,22.31,19274734.0,440812448.0
2015-10-28,24.01,24.50,22.85,22.65,33177878.0,786029696.0
2015-10-27,26.26,27.56,25.12,25.06,50525120.0,1327906688.0
2015-10-26,24.27,25.78,25.30,23.50,35616808.0,876949376.0
2015-10-23,22.60,25.15,24.50,22.35,40483684.0,963691008.0
2015-10-22,21.41,23.45,22.91,21.11,30885748.0,689539200.0
2015-10-21,23.38,23.98,21.32,21.32,36821516.0,828802240.0
2015-10-20,23.15,24.66,23.69,23.03,36719980.0,875029056.0
2015-10-19,23.79,24.15,23.15,22.95,42405424.0,990983808.0
2015-10-16,21.73,24.09,24.09,21.15,51651816.0,1164359808.0
2015-10-15,20.65,22.99,21.90,20.63,51680432.0,1120162816.0
2015-10-14,21.70,21.70,21.10,19.53,53455376.0,1107425280.0
2015-10-13,19.93,19.93,19.93,19.93,4382547.0,87344160.0
2015-10-12,16.80,18.12,18.12,16.80,17903044.0,315994304.0
2015-10-09,15.87,16.67,16.47,15.71,20280780.0,329249952.0
2015-10-08,15.60,16.25,15.98,15.48,15579971.0,246498800.0
2015-09-30,15.10,15.52,14.88,14.59,14975923.0,226031792.0
2015-09-29,14.30,15.45,15.10,14.11,19820670.0,294560960.0
2015-09-28,13.22,14.52,14.52,13.22,13749252.0,192208032.0
2015-09-25,14.35,14.50,13.20,13.00,13098850.0,178689296.0
2015-09-24,14.35,14.96,14.44,14.21,11929957.0,173475936.0
2015-09-23,13.94,14.78,14.38,13.81,14852580.0,212691504.0
2015-09-22,14.35,14.80,14.20,13.81,16654864.0,238650176.0
2015-09-21,12.82,14.39,14.33,12.60,13226579.0,180384976.0
2015-09-18,12.79,13.30,13.12,12.35,11949046.0,153603872.0
2015-09-17,12.71,13.55,12.71,12.60,15282319.0,200178432.0
2015-09-16,11.61,12.69,12.69,11.41,11369959.0,136705280.0
2015-09-15,12.00,12.18,11.54,11.54,12595218.0,147081360.0
2015-09-14,14.10,14.29,12.82,12.82,10346763.0,139152896.0
2015-09-11,13.99,14.48,14.24,13.75,9580066.0,135089808.0
2015-09-10,14.10,14.46,13.91,13.83,8690542.0,123369664.0
2015-09-09,14.08,14.80,14.61,13.86,17350952.0,248941536.0
2015-09-08,12.70,13.89,13.89,12.30,16671907.0,214698864.0
2015-09-07,11.92,12.65,12.63,11.88,13454356.0,167464480.0
2015-09-02,11.21,12.80,11.50,11.08,9455037.0,111483096.0
2015-09-01,13.00,13.15,12.02,12.00,10005756.0,124099160.0
2015-08-31,14.23,14.45,13.33,13.30,9621788.0,134113840.0
2015-08-28,13.91,14.80,14.65,13.40,15432122.0,215565552.0
2015-08-27,13.15,13.45,13.45,11.81,10957030.0,140196304.0
2015-08-26,13.82,14.69,12.68,12.68,10659340.0,143366224.0
2015-08-25,14.14,14.71,14.09,14.09,6407438.0,91037872.0
2015-08-24,16.20,16.82,15.66,15.66,9467659.0,150449264.0
2015-08-21,17.60,18.88,17.40,17.15,10184855.0,182220560.0
2015-08-20,18.69,19.49,18.59,18.44,16464695.0,311134208.0
2015-08-19,17.35,18.80,18.48,16.56,16291336.0,286984896.0
2015-08-18,20.50,20.86,18.35,18.35,18285262.0,359781760.0
2015-08-17,20.00,20.50,20.39,19.68,15888818.0,318650816.0
2015-08-14,20.60,21.49,20.31,20.12,19879570.0,412494080.0
2015-08-13,19.36,19.72,19.70,19.00,15160506.0,294952128.0
2015-08-12,20.13,20.69,19.18,19.10,16082566.0,319930240.0
2015-08-11,20.48,22.00,20.72,20.22,18982508.0,400367872.0
2015-08-10,19.51,21.00,20.61,19.20,16254682.0,326891008.0
2015-08-07,19.12,19.75,19.42,18.89,17504064.0,338002304.0
2015-08-06,17.10,19.10,18.64,16.50,16490391.0,300416448.0
2015-08-05,18.30,18.98,17.80,17.61,17729552.0,323894304.0
2015-08-04,16.22,17.92,17.92,16.22,13533742.0,233588960.0
2015-08-03,17.28,17.60,16.29,16.29,16458657.0,277181728.0
2015-07-31,18.80,19.20,18.10,17.63,16308921.0,299823488.0
2015-07-30,20.90,21.38,19.56,19.56,20034938.0,415330976.0
2015-07-29,20.53,22.20,21.73,18.23,20096748.0,395941312.0
2015-07-28,20.25,21.99,20.25,20.25,17223480.0,352561248.0
2015-07-27,24.19,24.50,22.50,22.50,19338682.0,454985696.0
2015-07-24,26.20,26.50,25.00,24.61,30593870.0,785111744.0
2015-07-23,23.54,25.51,25.51,23.00,22330824.0,542452480.0
2015-07-22,23.92,24.70,23.19,22.15,22217686.0,523700704.0
2015-07-21,23.18,24.42,23.70,22.73,20361002.0,480644320.0
2015-07-20,22.30,23.83,23.81,21.48,23038798.0,528646944.0
2015-07-17,21.09,22.94,22.48,19.60,25057582.0,535969280.0
2015-07-16,21.08,23.42,21.08,21.08,25138268.0,537887744.0
2015-07-15,24.00,24.51,23.42,23.42,6484292.0,153212096.0
2015-07-14,27.50,30.90,26.02,25.70,32317588.0,913437888.0
2015-07-13,26.00,28.50,28.50,25.50,36634472.0,994802816.0
2015-06-30,23.29,28.00,25.91,23.29,12946897.0,329755296.0
2015-06-29,29.40,29.40,25.88,25.88,1627361.0,42801032.0
2015-06-26,28.98,30.00,28.75,28.75,3417400.0,98516664.0
2015-06-25,35.00,35.44,31.94,31.94,5968728.0,196894992.0
2015-06-24,33.05,36.07,35.49,33.05,6930611.0,245706192.0
2015-06-23,34.20,34.20,32.79,31.51,4764395.0,154770176.0
2015-06-19,38.45,38.45,35.01,35.01,6340974.0,228064704.0
2015-06-18,41.51,44.10,38.90,38.88,8728477.0,357246848.0
2015-06-10,43.60,43.84,43.20,41.52,10110944.0,435124832.0
2015-06-09,40.00,43.08,42.90,39.06,9143401.0,380325952.0
2015-06-08,42.00,43.00,41.50,38.80,8024016.0,324487008.0
2015-06-05,45.00,45.68,43.00,41.61,7630765.0,330289824.0
2015-06-04,46.10,47.89,43.60,41.51,9021273.0,393168736.0
2015-06-03,46.10,48.00,46.12,44.06,9426077.0,436644768.0
2015-06-02,44.99,46.09,46.09,43.00,14778565.0,660581120.0
2015-06-01,38.59,41.90,41.90,38.39,5305674.0,216172000.0
2015-05-29,36.99,38.59,38.09,34.15,11801942.0,435415456.0
2015-05-28,36.89,38.65,36.99,36.35,13130977.0,493022496.0
2015-05-27,38.44,38.44,36.99,35.99,7836722.0,291262880.0
2015-05-26,36.14,38.66,38.44,35.82,9615172.0,351922208.0
2015-05-25,37.89,37.89,35.95,34.18,6727125.0,244205728.0
2015-05-22,38.99,39.78,37.98,37.42,6088223.0,231382400.0
2015-05-21,37.49,39.48,38.87,36.99,6723116.0,259285280.0
2015-05-20,38.38,38.65,37.88,37.17,7397086.0,281290656.0
2015-05-19,39.09,39.99,38.39,37.05,7427975.0,279196992.0
2015-05-18,39.37,40.14,38.98,38.25,6684371.0,261605536.0
2015-05-15,36.64,39.99,38.98,34.99,8483989.0,325736864.0
2015-05-14,34.99,37.65,36.87,34.72,7624051.0,279686208.0
2015-05-13,33.99,35.34,34.68,33.40,5514157.0,189635760.0
2015-05-12,34.84,35.98,34.60,33.59,6028275.0,209722656.0
2015-05-11,33.01,34.97,34.49,32.19,7579203.0,259032416.0
2015-05-08,31.67,33.17,32.74,31.57,4986718.0,161368544.0
2015-05-07,32.10,32.57,31.67,30.39,4759661.0,151397888.0
2015-05-06,32.67,32.69,32.38,30.42,9324271.0,293306400.0
2015-05-05,33.59,33.59,32.87,30.99,8479867.0,273552384.0
2015-05-04,33.27,35.29,33.84,31.99,5045667.0,171216752.0
2015-04-30,33.59,34.47,33.57,31.91,10759167.0,356498784.0
2015-04-29,32.79,34.99,33.95,32.09,6134455.0,208183008.0
2015-04-28,36.65,36.65,33.54,32.98,13393820.0,448241536.0
2015-04-27,36.66,39.19,36.65,36.30,4555480.0,171580464.0
2015-04-24,35.68,37.98,36.97,34.45,5322679.0,193722656.0
2015-04-23,35.99,38.67,35.76,35.27,7466969.0,277477088.0
2015-04-22,32.07,35.28,35.28,32.07,7781212.0,261900912.0
2015-04-21,29.83,32.09,32.07,29.73,5341457.0,168748096.0
2015-04-20,31.59,32.47,30.09,29.99,7594295.0,236311712.0
2015-04-17,31.79,32.75,31.59,31.19,6112223.0,194956144.0
2015-04-16,30.39,33.33,31.79,29.14,8635785.0,274954144.0
2015-04-15,31.54,31.89,30.37,28.98,6101483.0,183245664.0
2015-04-14,29.99,32.87,30.80,29.99,9203540.0,293493216.0
2015-04-13,28.19,30.53,30.53,28.19,16854436.0,504233664.0
2015-04-10,27.49,28.57,27.75,26.95,6857314.0,189916736.0
2015-04-09,27.56,27.56,27.37,25.59,7477961.0,198984880.0
2015-04-08,28.72,28.72,27.49,26.67,8842676.0,242216160.0
2015-04-07,28.79,28.81,28.74,27.39,9036799.0,254964800.0
2015-04-03,28.69,29.42,29.27,27.70,11394138.0,325708896.0
2015-04-02,27.66,29.86,29.24,27.55,12105408.0,351929376.0
2015-04-01,26.26,28.19,27.89,25.73,13693209.0,374667040.0
2015-03-31,26.29,26.49,26.27,24.99,9337224.0,241125824.0
2015-03-30,25.99,26.20,25.97,25.19,10383066.0,265895856.0
2015-03-27,25.99,26.98,26.24,25.44,10035044.0,260143280.0
2015-03-26,27.61,28.66,26.56,24.97,14615268.0,389230656.0
2015-03-25,27.99,28.24,27.75,26.59,14808982.0,410132704.0
2015-03-24,26.99,28.38,27.57,25.78,19696004.0,533777536.0
2015-03-23,25.66,28.54,27.95,25.65,23156368.0,635585472.0
2015-03-20,26.29,26.53,25.94,25.49,15962157.0,414435872.0
2015-03-19,27.24,27.38,26.40,26.19,17745032.0,471268096.0
2015-03-18,27.99,28.36,28.08,26.09,21713936.0,586526144.0
2015-03-17,27.68,27.68,27.68,26.68,17658264.0,485314368.0
2015-03-16,23.00,25.16,25.16,22.90,10207656.0,249138960.0
2015-03-13,20.68,22.88,22.88,20.47,19434644.0,434761440.0
2015-03-12,20.03,20.95,20.80,19.32,11181983.0,226051872.0
2015-03-11,20.60,22.90,20.95,20.40,14117209.0,304137408.0
2015-03-10,19.71,21.65,21.17,19.40,16389190.0,335959136.0
2015-03-09,20.12,20.49,20.00,19.20,13006150.0,258756800.0
2015-03-06,21.68,22.99,20.12,19.79,23637704.0,497751392.0
2015-03-05,20.08,21.45,21.45,19.56,20316144.0,421715232.0
2015-03-04,20.10,20.34,19.50,18.00,43970728.0,840833152.0
2015-03-03,17.70,18.49,18.49,17.70,6341445.0,116272016.0
2015-03-02,16.20,16.81,16.81,16.20,16380969.0,274275616.0
2015-02-27,14.00,15.28,15.28,14.00,17203804.0,255916064.0
2015-02-26,13.22,13.90,13.89,13.08,8031684.0,109258312.0
2015-02-25,13.20,13.44,13.27,12.87,6374411.0,83601208.0
2015-02-17,13.40,13.65,13.32,13.17,7567220.0,101076440.0
2015-02-16,13.01,13.88,13.47,13.00,11623049.0,156168144.0
2015-02-13,13.15,13.18,13.05,12.87,12154620.0,158004400.0
2015-02-12,12.57,13.18,13.03,12.57,16198095.0,209137552.0
2015-02-11,12.51,12.75,12.67,12.20,14773143.0,184219264.0
2015-02-10,11.70,12.53,12.49,11.61,19169352.0,233130864.0
2015-02-09,11.30,11.95,11.87,11.30,16502745.0,192968672.0
2015-02-06,11.31,11.69,11.30,11.22,10892512.0,124928552.0
2015-02-05,11.16,11.71,11.40,11.00,18730150.0,213244896.0
2015-02-04,11.13,11.24,11.15,11.05,5993350.0,66763528.0
2015-02-03,10.83,11.26,11.11,10.83,7405481.0,82213120.0
2015-02-02,10.80,11.03,10.82,10.69,3364862.0,36568988.0
2015-01-30,11.19,11.34,10.91,10.87,6438121.0,71146856.0
2015-01-29,11.20,11.37,11.18,11.03,7251244.0,81534464.0
2015-01-28,11.40,11.50,11.22,11.12,17579728.0,198648912.0
2015-01-27,11.02,11.97,11.67,10.96,16443350.0,188017488.0
2015-01-26,10.84,11.05,11.02,10.77,5830140.0,63825708.0
2015-01-23,11.35,11.39,10.89,10.80,12232079.0,134661040.0
2015-01-22,11.29,11.53,11.39,10.81,9098670.0,101824304.0
2015-01-21,11.33,11.33,11.22,11.03,8790567.0,98151704.0
2015-01-20,10.49,11.22,11.17,10.39,9573225.0,103872152.0
2015-01-19,10.08,10.66,10.38,9.85,8319545.0,86693056.0
2015-01-16,10.16,10.46,10.30,10.10,4592591.0,47186144.0
2015-01-15,10.08,10.31,10.16,10.08,2967475.0,30194996.0
2015-01-14,10.40,10.40,10.10,10.06,4606656.0,46898420.0
2015-01-13,10.21,10.55,10.44,10.13,3066127.0,31716500.0
2015-01-12,10.21,10.35,10.17,9.99,3394810.0,34373184.0
2015-01-09,10.69,10.87,10.36,10.36,4846608.0,51641804.0
2015-01-08,10.75,10.97,10.65,10.61,5322258.0,57588544.0
2015-01-07,11.00,11.18,10.81,10.63,5835701.0,63145012.0
2015-01-06,10.35,11.47,11.12,10.20,9373188.0,101967608.0
2015-01-05,10.23,10.59,10.47,9.84,6273803.0,64256636.0
2014-12-31,10.29,10.49,10.26,10.06,3710304.0,38187472.0
2014-12-30,10.21,10.50,10.35,9.91,5748614.0,58820560.0
2014-12-29,10.37,10.86,10.59,10.20,6802591.0,71095912.0
2014-12-26,11.14,11.19,10.99,10.77,5080254.0,55715920.0
2014-12-25,11.34,11.40,11.14,10.95,5965697.0,66316388.0
2014-12-24,10.88,11.23,11.23,10.72,5800630.0,63887440.0
2014-12-23,11.25,11.26,10.78,10.54,11927944.0,128419776.0
2014-12-22,12.82,12.83,11.71,11.71,9252762.0,109275912.0
2014-12-19,12.97,13.64,13.01,12.90,7617458.0,100575456.0
2014-12-18,13.45,13.60,13.20,13.00,7517112.0,99751592.0
2014-12-17,13.31,14.02,13.60,13.20,14545340.0,197820736.0
2014-12-16,13.35,13.68,13.39,13.05,13038209.0,173769424.0
2014-12-15,14.00,14.43,13.45,13.27,22916200.0,315425056.0
2014-12-12,13.56,13.56,13.56,12.90,13214898.0,178082256.0
2014-12-11,12.33,12.33,12.33,12.33,177501.0,2188587.0
2014-12-10,11.21,11.21,11.21,11.21,88210.0,988834.0
2014-12-09,10.19,10.19,10.19,10.19,64757.0,659874.0
2014-07-02,9.35,9.36,9.26,9.23,2055520.0,19063558.0
2014-07-01,9.23,9.33,9.30,9.16,3032558.0,28112146.0
2014-06-30,9.06,9.28,9.26,9.04,3797669.0,34944876.0
2014-06-27,9.09,9.11,9.09,8.97,2341467.0,21123150.0
2014-06-26,9.07,9.13,9.10,8.91,2833641.0,25685248.0
2014-06-25,8.90,9.00,9.00,8.80,2382841.0,21233514.0
2014-06-24,8.88,9.12,8.91,8.88,3115722.0,27961084.0
2014-06-23,8.78,9.03,8.93,8.71,4119869.0,36674568.0
2014-06-20,8.40,8.73,8.73,8.40,3047311.0,26039836.0
2014-06-19,8.76,8.84,8.50,8.30,3577820.0,30639008.0
2014-06-18,9.00,9.05,8.76,8.71,4033343.0,35575868.0
2014-06-17,9.00,9.14,9.02,8.90,3696878.0,33236438.0
2014-06-16,9.43,9.43,8.97,8.87,10449532.0,94793088.0
2014-06-13,9.10,9.90,9.43,8.98,7092211.0,66559872.0
2014-06-12,9.54,9.74,9.33,9.10,3148612.0,59400072.0
2014-06-11,9.18,9.43,9.43,9.09,2871499.0,53476692.0
2014-06-10,9.04,9.37,9.24,8.97,4349952.0,80080784.0
2014-06-09,8.80,9.08,9.04,8.80,2456324.0,43979588.0
2014-06-06,8.91,9.09,8.88,8.77,3627470.0,64651412.0
2014-06-05,8.53,9.35,8.93,8.50,4300774.0,77100136.0
2014-06-04,8.52,8.57,8.54,8.34,1036362.0,17663792.0
2014-06-03,8.41,8.55,8.44,8.22,973001.0,16455111.0
2014-05-30,8.27,8.56,8.39,8.22,1134817.0,19072870.0
2014-05-29,8.21,8.37,8.26,8.20,639135.0,10592933.0
2014-05-28,8.18,8.38,8.26,8.09,996949.0,16441587.0
2014-05-27,8.14,8.21,8.18,8.09,735329.0,12005827.0
2014-05-26,8.15,8.26,8.14,8.06,872490.0,14208532.0
2014-05-23,8.36,8.41,8.19,8.14,771540.0,12698674.0
2014-05-22,8.41,8.46,8.36,8.22,555138.0,9217799.0
2014-05-21,8.26,8.31,8.30,8.17,521188.0,8624346.0
2014-05-20,8.41,8.43,8.27,8.24,506686.0,8414177.0
2014-05-19,8.46,8.46,8.26,8.14,643778.0,10636375.0
2014-05-16,8.30,8.46,8.44,8.14,773347.0,12886939.0
2014-05-15,8.52,8.58,8.38,8.25,1155216.0,19372302.0
2014-05-14,8.44,8.68,8.56,8.35,1699324.0,28985502.0
2014-05-13,8.09,8.50,8.48,8.01,1379947.0,22866148.0
2014-05-12,8.23,8.27,8.12,7.94,1249685.0,20152306.0
2014-05-09,8.30,8.37,8.22,8.14,797098.0,13144133.0
2014-05-08,8.09,8.52,8.34,8.01,2143160.0,35971816.0
2014-05-07,8.03,8.19,8.12,8.02,946669.0,15424642.0
2014-05-06,8.12,8.19,8.09,7.99,503635.0,8149520.0
2014-05-05,7.99,8.23,8.14,7.99,755034.0,12222074.0
2014-04-30,7.66,8.08,8.08,7.66,645320.0,10289824.0
2014-04-29,7.59,7.79,7.76,7.56,343158.0,5268986.0
2014-04-28,7.86,7.92,7.65,7.63,529003.0,8185126.0
2014-04-25,7.86,7.92,7.86,7.77,339157.0,5328082.0
2014-04-24,7.99,8.11,7.91,7.84,463791.0,7391925.0
2014-04-23,7.84,8.06,8.06,7.84,629400.0,10042002.0
2014-04-22,7.81,8.01,7.84,7.81,717680.0,11399613.0
2014-04-21,8.14,8.14,7.93,7.92,960379.0,15437461.0
2014-04-18,7.89,8.28,8.15,7.81,1668337.0,26981864.0
2014-04-17,7.72,7.89,7.84,7.64,762594.0,11935901.0
2014-04-16,7.63,7.74,7.72,7.62,183606.0,2817293.0
2014-04-15,7.70,7.76,7.68,7.67,185318.0,2860262.0
2014-04-14,7.68,7.76,7.74,7.65,262872.0,4061643.0
2014-04-11,7.68,7.77,7.68,7.60,469524.0,7245770.0
2014-04-10,7.72,7.87,7.68,7.68,758854.0,11738092.0
2014-04-09,7.73,7.89,7.81,7.73,326653.0,5094204.0
2014-04-08,7.74,7.82,7.76,7.68,248902.0,3867788.0
2014-04-04,7.59,7.91,7.78,7.55,619805.0,9626616.0
2014-04-03,7.39,7.64,7.64,7.39,433520.0,6540256.0
2014-04-02,7.33,7.44,7.42,7.29,540517.0,7981801.0
2014-04-01,7.23,7.39,7.34,7.15,235320.0,3450524.0
2014-03-31,7.66,7.68,7.18,7.17,693124.0,10256390.0
2014-03-28,7.70,7.83,7.65,7.56,476627.0,7311072.0
2014-03-27,7.91,8.02,7.70,7.70,313471.0,4917905.0
2014-03-26,7.91,7.99,7.97,7.78,517009.0,8211142.0
2014-03-25,7.69,7.93,7.93,7.69,473723.0,7399426.0
2014-03-24,7.69,7.81,7.69,7.69,419518.0,6502408.0
2014-03-21,7.61,7.71,7.69,7.50,350009.0,5316356.0
2014-03-20,7.75,7.81,7.61,7.60,395507.0,6119704.0
2014-03-19,7.90,7.98,7.80,7.70,377547.0,5882287.0
2014-03-18,7.91,8.04,7.91,7.84,446313.0,7100517.0
2014-03-17,7.68,7.89,7.89,7.63,384295.0,6023425.0
2014-03-14,7.74,7.77,7.74,7.56,387691.0,5943080.0
2014-03-13,7.77,7.78,7.72,7.65,354658.0,5468727.0
2014-03-12,7.71,7.74,7.70,7.55,448281.0,6884948.0
2014-03-11,7.81,7.81,7.71,7.50,577356.0,8864158.0
2014-03-10,7.89,7.97,7.79,7.70,585917.0,9192366.0
2014-03-07,7.99,8.09,7.94,7.89,381689.0,6072742.0
2014-03-06,8.10,8.19,7.99,7.89,718141.0,11462580.0
2014-03-05,8.26,8.28,8.19,8.12,671805.0,11052449.0
2014-03-04,8.10,8.26,8.25,8.09,596815.0,9805495.0
2014-03-03,8.20,8.27,8.23,8.05,756022.0,12381002.0
2014-02-28,8.11,8.29,8.20,8.07,766534.0,12543826.0
2014-02-27,8.18,8.34,8.20,7.99,1212800.0,19925350.0
2014-02-26,7.99,8.19,8.18,7.92,800357.0,12919758.0
2014-02-25,8.35,8.61,8.14,7.86,2347472.0,38597852.0
2014-02-24,8.24,8.38,8.36,8.05,1146655.0,18829510.0
2014-02-21,8.52,8.52,8.24,8.14,1568387.0,25941834.0
2014-02-20,8.64,8.69,8.52,8.40,1292402.0,22103020.0
2014-02-19,8.69,8.76,8.56,8.54,1414791.0,24433574.0
2014-02-18,8.48,9.02,8.67,8.39,2925284.0,50886924.0
2014-02-17,8.31,8.57,8.49,8.31,1948634.0,32975444.0
2014-02-14,8.17,8.36,8.31,8.03,1729507.0,28324684.0
2014-02-13,8.43,8.47,8.17,8.15,3502903.0,58169080.0
2014-02-12,7.99,8.59,8.54,7.88,4400594.0,72379056.0
2014-02-11,7.98,8.09,7.99,7.89,1755560.0,28082426.0
2014-02-10,7.99,8.11,8.02,7.84,2937030.0,46999820.0
2014-02-07,7.73,8.03,7.98,7.72,1258083.0,20005756.0
2014-01-30,7.74,7.79,7.79,7.60,808249.0,12437247.0
2014-01-29,7.70,7.81,7.78,7.49,1420647.0,21776110.0
2014-01-28,7.95,7.95,7.76,7.69,858153.0,13391537.0
2014-01-27,8.04,8.06,7.90,7.86,1271153.0,20278172.0
2014-01-24,7.79,8.06,8.06,7.73,1499931.0,23576360.0
2014-01-23,7.63,7.77,7.77,7.60,1495382.0,23087364.0
2014-01-22,7.53,7.64,7.63,7.45,810024.0,12260769.0
2014-01-21,7.44,7.62,7.52,7.44,1107584.0,16614026.0
2014-01-20,7.64,7.73,7.58,7.44,1339774.0,20405238.0
2014-01-17,7.57,7.69,7.64,7.54,1067208.0,16198178.0
2014-01-16,7.79,7.79,7.62,7.59,1283068.0,19678772.0
2014-01-15,7.61,7.83,7.82,7.57,2362111.0,36149020.0
2014-01-14,7.60,7.83,7.64,7.57,2084339.0,31835224.0
2014-01-13,7.65,7.99,7.56,7.56,1720119.0,26734214.0
2014-01-10,7.84,8.06,7.65,7.54,1365200.0,21385832.0
2014-01-09,8.16,8.22,7.99,7.95,923523.0,14926094.0
2014-01-08,7.93,8.28,8.16,7.86,1043868.0,16937038.0
2014-01-07,7.94,8.10,7.98,7.79,1494818.0,23679104.0
2014-01-06,8.20,8.26,8.00,7.81,2020050.0,32399828.0
2014-01-03,8.23,8.59,8.26,8.10,2890650.0,48222392.0
2014-01-02,8.14,8.31,8.26,7.99,2618748.0,42768668.0
2013-12-31,7.68,8.28,8.23,7.57,3993738.0,64366464.0
2013-12-30,7.49,7.97,7.68,7.48,3170351.0,49192272.0
2013-12-27,7.35,7.63,7.57,7.35,1280033.0,19258946.0
2013-12-26,7.41,7.52,7.41,7.30,1176814.0,17505902.0
2013-12-25,7.24,7.43,7.41,7.17,1028435.0,15060296.0
2013-12-24,7.19,7.30,7.19,7.17,698588.0,10108384.0
2013-12-23,7.17,7.30,7.18,7.14,343060.0,4966110.0
2013-12-20,7.31,7.31,7.22,7.09,531742.0,7617825.0
2013-12-19,7.26,7.39,7.23,7.23,1019746.0,14939861.0
2013-12-18,7.20,7.30,7.27,7.06,808424.0,11628231.0
2013-12-17,7.07,7.21,7.09,7.07,496917.0,7099907.0
2013-12-16,7.32,7.49,7.08,7.07,1438752.0,20754428.0
2013-12-13,7.22,7.37,7.32,7.17,399103.0,5836517.0
2013-12-12,7.31,7.44,7.30,7.15,541107.0,7942261.0
2013-12-11,7.44,7.51,7.31,7.30,793999.0,11709115.0
2013-12-10,7.28,7.72,7.48,7.28,2477027.0,37353972.0
2013-12-09,7.20,7.29,7.28,7.19,762124.0,11065149.0
2013-12-06,7.14,7.22,7.19,7.12,743128.0,10689489.0
2013-12-05,7.12,7.21,7.16,7.05,1720234.0,24544422.0
2013-12-04,7.02,7.32,7.14,7.01,1950518.0,28100172.0
2013-12-03,7.01,7.36,7.15,6.49,3108588.0,44210772.0
2013-12-02,7.14,7.38,7.14,7.13,2165622.0,31271880.0
2013-11-29,7.47,7.51,7.49,7.39,1867970.0,27870118.0
2013-11-28,7.39,7.57,7.43,7.38,1778274.0,26527528.0
2013-11-27,7.13,7.63,7.45,7.13,7246770.0,106640232.0
2013-11-26,7.34,7.64,7.63,7.24,2851721.0,42867308.0
2013-11-25,7.44,7.64,7.35,7.34,3303266.0,49520180.0
2013-11-22,7.24,7.44,7.44,7.22,2539527.0,37478736.0
2013-11-21,7.32,7.32,7.26,7.09,1786843.0,25845506.0
2013-11-20,7.42,7.56,7.34,7.22,3892753.0,57057440.0
2013-11-19,7.69,7.69,7.45,7.43,1693928.0,25442702.0
2013-11-18,7.93,7.93,7.69,7.62,2372392.0,36533460.0
2013-11-15,7.74,7.88,7.84,7.69,760344.0,11888096.0
2013-11-14,7.50,7.74,7.74,7.50,698649.0,10703737.0
2013-11-13,7.59,7.74,7.62,7.51,1178015.0,17955350.0
2013-11-12,7.29,7.80,7.77,7.24,3599181.0,53876288.0
2013-11-11,8.31,8.64,8.04,8.04,2385667.0,39503828.0
2013-11-08,8.18,8.44,8.24,7.94,2291414.0,37445940.0
2013-11-07,8.68,8.93,8.39,8.39,4627017.0,79840576.0
2013-11-06,7.93,8.62,8.62,7.84,3074620.0,52439112.0
2013-11-05,7.79,7.89,7.84,7.66,400987.0,6248688.0
2013-11-04,7.61,7.85,7.77,7.61,811645.0,12560109.0
2013-11-01,7.49,7.64,7.59,7.44,786237.0,11891040.0
2013-10-31,7.42,7.57,7.44,7.34,805546.0,12030737.0
2013-10-30,7.37,7.47,7.43,7.24,1276183.0,18874880.0
2013-10-29,8.08,8.20,7.39,7.27,2396336.0,35849400.0
2013-10-28,8.31,8.40,8.08,8.05,956667.0,15796319.0
2013-10-25,8.69,8.79,8.30,8.19,966640.0,16461851.0
2013-10-24,8.54,8.71,8.60,8.52,1209950.0,20845962.0
2013-10-23,8.71,8.80,8.53,8.49,1657182.0,28656328.0
2013-10-22,8.89,9.09,8.76,8.71,1643002.0,29223258.0
2013-10-21,8.33,8.97,8.91,8.24,3079814.0,53597604.0
2013-10-18,8.24,8.42,8.33,8.24,625241.0,10421874.0
2013-10-17,8.42,8.53,8.38,8.21,1321767.0,22242208.0
2013-10-16,8.26,8.74,8.41,8.09,2512378.0,41933804.0
2013-10-15,8.15,8.41,8.35,7.94,1973539.0,32450052.0
2013-10-14,8.36,8.36,8.12,8.04,1235611.0,20116474.0
2013-10-11,8.29,8.56,8.33,8.10,1660048.0,27727890.0
2013-10-10,7.98,8.74,8.29,7.85,3076542.0,51366024.0
2013-10-09,7.43,7.99,7.99,7.43,2818504.0,43967684.0
2013-10-08,7.34,7.46,7.43,7.34,956937.0,14175919.0
2013-09-30,7.17,7.32,7.32,7.17,1293754.0,18856608.0
2013-09-27,7.18,7.28,7.17,7.14,883523.0,12703093.0
2013-09-26,7.23,7.33,7.16,7.14,1115301.0,16223140.0
2013-09-25,7.39,7.39,7.28,7.25,1002793.0,14659247.0
2013-09-24,7.39,7.45,7.39,7.32,1598154.0,23588876.0
2013-09-23,7.12,7.55,7.43,7.12,1869550.0,27429574.0
2013-09-18,7.13,7.23,7.19,7.12,589367.0,8471819.0
2013-09-17,7.36,7.36,7.12,7.12,1152906.0,16583619.0
2013-09-16,7.30,7.40,7.36,7.30,894088.0,13146279.0
2013-09-13,7.30,7.44,7.35,7.30,788796.0,11636303.0
2013-09-12,7.29,7.44,7.30,7.26,709448.0,10418270.0
2013-09-11,7.55,7.55,7.28,7.25,1256952.0,18469478.0
2013-09-10,7.57,7.63,7.55,7.44,1771154.0,26624980.0
2013-09-09,7.44,7.78,7.58,7.30,2593535.0,39226548.0
2013-09-06,7.47,7.51,7.44,7.38,1421800.0,21196326.0
2013-09-05,7.37,7.50,7.45,7.35,1525455.0,22716990.0
2013-09-04,7.52,7.57,7.40,7.31,1736993.0,25718210.0
2013-09-03,7.33,7.53,7.49,7.33,1613196.0,24045216.0
2013-09-02,7.80,7.82,7.40,7.19,3506244.0,51937592.0
2013-08-30,8.53,8.57,7.98,7.98,3283515.0,54040380.0
2013-08-29,8.88,8.88,8.50,8.42,5271846.0,90669680.0
2013-08-28,8.36,9.23,8.83,8.09,10832977.0,184478304.0
2013-08-27,8.21,8.44,8.39,8.20,1270701.0,21200136.0
2013-08-26,8.19,8.30,8.21,8.19,615159.0,10131709.0
2013-08-23,8.24,8.31,8.19,8.07,886780.0,14537394.0
2013-08-22,8.31,8.33,8.20,8.10,1087470.0,17859700.0
2013-08-21,8.24,8.36,8.36,7.89,2165073.0,35440756.0
2013-08-20,8.61,9.43,8.43,8.39,5389298.0,93731712.0
2013-08-19,8.43,8.68,8.63,8.39,779625.0,13396141.0
2013-08-16,8.45,8.62,8.37,8.37,444956.0,7565269.0
2013-08-15,8.70,8.74,8.49,8.34,636771.0,10932979.0
2013-08-14,8.59,8.71,8.70,8.49,694150.0,11967839.0
2013-08-13,8.53,8.71,8.61,8.49,898611.0,15531137.0
2013-08-12,8.59,8.59,8.55,8.34,1101101.0,18609868.0
2013-08-09,8.57,8.68,8.64,8.53,371574.0,6401537.0
2013-08-08,8.54,8.64,8.55,8.44,456948.0,7815360.0
2013-08-07,8.96,8.98,8.56,8.43,828652.0,14261627.0
2013-08-06,8.74,8.98,8.89,8.72,1035751.0,18366796.0
2013-08-05,8.32,8.89,8.74,8.32,985556.0,17055512.0
2013-08-02,8.67,8.85,8.49,8.48,1064548.0,18481112.0
2013-08-01,8.66,8.67,8.64,8.44,700929.0,12063774.0
2013-07-31,8.24,8.68,8.46,8.24,693559.0,11787013.0
2013-07-30,8.58,8.69,8.28,8.14,1300983.0,21688006.0
2013-07-29,8.50,8.96,8.54,8.50,1519490.0,26478030.0
2013-07-26,9.61,9.73,8.97,8.92,2741430.0,50751452.0
2013-07-25,9.00,9.97,9.70,9.00,3752022.0,71070344.0
2013-07-24,8.75,9.32,9.21,8.69,2508440.0,45662432.0
2013-07-23,8.76,8.84,8.75,8.66,581134.0,10160132.0
2013-07-22,8.26,8.76,8.74,8.26,479378.0,8299083.0
2013-07-19,8.76,8.90,8.55,8.54,746147.0,13027706.0
2013-07-18,8.87,8.97,8.76,8.64,763859.0,13462411.0
2013-07-17,9.00,9.14,8.93,8.66,831347.0,14952850.0
2013-07-16,9.14,9.24,9.10,8.99,1003085.0,18251134.0
2013-07-15,8.78,9.26,9.14,8.74,1468601.0,26535860.0
2013-07-12,8.69,8.90,8.76,8.59,892315.0,15729682.0
2013-07-11,8.70,8.82,8.70,8.45,698501.0,12085011.0
2013-07-10,8.50,8.73,8.70,8.33,727738.0,12519909.0
2013-07-09,8.43,8.63,8.50,8.42,652854.0,11178199.0
2013-07-08,8.42,8.64,8.49,8.06,1295246.0,21619138.0
2013-07-05,8.94,8.99,8.57,8.55,1666990.0,29034720.0
2013-07-04,9.27,9.41,9.05,9.05,1984560.0,36805744.0
2013-07-03,9.49,9.58,9.45,9.24,2894790.0,54402536.0
2013-07-02,9.03,9.80,9.58,8.97,3094867.0,58828596.0
2013-07-01,8.69,9.14,9.04,8.59,1227814.0,22118314.0
2013-06-28,8.53,8.96,8.69,8.53,532978.0,9419138.0
2013-06-27,8.71,9.11,8.68,8.49,762177.0,13493063.0
2013-06-26,8.13,8.89,8.83,7.99,993114.0,16745807.0
2013-06-25,8.67,8.93,8.44,7.95,1496442.0,24611908.0
2013-06-24,9.01,9.14,8.83,8.49,704631.0,12464030.0
2013-06-21,8.59,9.06,9.00,8.40,716040.0,12610922.0
2013-06-20,8.92,8.94,8.78,8.75,591591.0,10505930.0
2013-06-19,8.78,8.97,8.93,8.74,410963.0,7282778.0
2013-06-18,8.90,9.05,8.81,8.74,770725.0,13730948.0
2013-06-17,9.03,9.25,9.06,8.73,1202725.0,21696934.0
2013-06-14,8.90,9.27,9.02,8.77,1524179.0,27494022.0
2013-06-13,8.46,8.97,8.87,8.18,1162347.0,20307148.0
2013-06-07,8.56,8.69,8.67,8.29,883061.0,15042863.0
2013-06-06,8.35,8.64,8.55,8.24,1101709.0,18811982.0
2013-06-05,8.31,8.55,8.43,8.18,654727.0,10986079.0
2013-06-04,8.34,8.34,8.24,8.01,1122033.0,18312320.0
2013-06-03,8.73,8.75,8.32,8.18,1763061.0,29622804.0
2013-05-31,9.01,9.08,8.75,8.75,1109298.0,19836382.0
2013-05-30,8.83,9.33,9.16,8.40,2624026.0,46566244.0
2013-05-29,8.80,9.10,8.88,8.79,758386.0,13575469.0
2013-05-28,9.21,9.32,8.90,8.84,1877704.0,33909244.0
2013-05-27,8.58,9.42,9.21,8.56,3537033.0,64756012.0
2013-05-24,8.58,8.83,8.65,8.50,1136253.0,19789648.0
2013-05-23,8.28,8.60,8.58,8.01,1599693.0,27026788.0
2013-05-22,8.32,8.86,8.35,8.23,1873074.0,31818642.0
2013-05-21,8.32,8.46,8.32,8.17,1481248.0,24601986.0
2013-05-20,8.08,8.46,8.31,7.94,1377931.0,22696058.0
2013-05-17,8.13,8.16,8.12,7.84,1853994.0,29729398.0
2013-05-16,8.09,8.42,8.21,8.07,2065096.0,34053620.0
2013-05-15,8.07,8.14,8.07,7.84,2854709.0,46054988.0
2013-05-14,7.95,8.72,8.23,7.94,3885817.0,64512304.0
2013-05-13,7.84,8.13,8.00,7.71,3810636.0,60269628.0
2013-05-10,7.27,7.95,7.93,7.09,6672943.0,101245240.0
2013-05-09,6.93,7.23,7.23,6.78,6173640.0,87904896.0
2013-05-08,5.89,6.57,6.57,5.89,3645108.0,46406300.0
2013-05-07,5.75,5.98,5.97,5.74,1930325.0,22766516.0
2013-05-06,6.04,6.23,5.83,5.79,4290167.0,50858624.0
2013-05-03,5.95,6.18,6.07,5.83,1570678.0,19165496.0
2013-05-02,5.54,6.03,6.03,5.52,1610475.0,18969526.0
2013-04-26,5.84,5.90,5.54,5.44,1986791.0,22352724.0
2013-04-25,6.01,6.12,5.84,5.79,2413509.0,28550222.0
2013-04-24,5.46,6.03,6.01,5.43,2573270.0,30413270.0
2013-04-23,5.54,5.62,5.52,5.43,1853060.0,20442536.0
2013-04-22,5.34,5.66,5.57,5.27,3297554.0,36656132.0
2013-04-19,5.07,5.36,5.36,5.05,3263142.0,34375452.0
2013-04-18,4.90,5.09,5.07,4.89,1933026.0,19548626.0
2013-04-17,4.99,5.03,5.02,4.87,1834458.0,18188178.0
2013-04-16,4.90,5.09,5.00,4.86,2529051.0,25179158.0
2013-04-15,4.63,4.98,4.96,4.59,3795584.0,37291992.0
2013-04-12,4.69,4.71,4.66,4.62,792817.0,7393509.0
2013-04-11,4.61,4.79,4.73,4.60,2193143.0,20721396.0
2013-04-10,4.53,4.58,4.58,4.44,864000.0,7852152.0
2013-04-09,4.50,4.59,4.54,4.50,688204.0,6271267.0
2013-04-08,4.49,4.56,4.50,4.39,647575.0,5789246.0
2013-04-03,4.61,4.64,4.57,4.50,441120.0,4033863.0
2013-04-02,4.58,4.60,4.54,4.44,568338.0,5144642.0
2013-04-01,4.59,4.60,4.55,4.50,255321.0,2339874.0
2013-03-29,4.64,4.64,4.52,4.52,390242.0,3571786.0
2013-03-28,4.57,4.66,4.64,4.39,830764.0,7562393.0
2013-03-27,4.60,4.81,4.66,4.58,891616.0,8424804.0
2013-03-26,4.67,4.67,4.60,4.57,686304.0,6338360.0
2013-03-25,4.73,4.76,4.71,4.64,574391.0,5390244.0
2013-03-22,4.65,4.71,4.69,4.63,455150.0,4276152.0
2013-03-21,4.63,4.69,4.67,4.63,527613.0,4944506.0
2013-03-20,4.50,4.67,4.67,4.49,1325513.0,12266730.0
2013-03-19,4.41,4.50,4.49,4.41,555096.0,4972326.0
2013-03-18,4.45,4.50,4.44,4.40,701100.0,6229392.0
2013-03-15,4.45,4.52,4.44,4.39,665494.0,5958803.0
2013-03-14,4.42,4.47,4.44,4.41,436127.0,3885492.0
2013-03-13,4.55,4.59,4.41,4.39,817362.0,7274930.0
2013-03-12,4.78,4.84,4.55,4.51,1503082.0,13974491.0
2013-03-11,4.84,4.87,4.81,4.79,699483.0,6774405.0
2013-03-08,4.98,4.99,4.87,4.85,776319.0,7645665.0
2013-03-07,4.97,5.02,4.98,4.82,1329635.0,13147165.0
2013-03-06,4.82,4.97,4.97,4.82,1685346.0,16616885.0
2013-03-05,4.80,4.87,4.86,4.69,1601886.0,15442037.0
2013-03-04,4.91,5.10,4.84,4.79,2858257.0,28429586.0
2013-03-01,5.00,5.03,4.96,4.90,2035437.0,20190838.0
2013-02-28,4.91,5.02,5.00,4.86,2203335.0,21924758.0
2013-02-27,4.88,4.92,4.90,4.81,1556748.0,15214026.0
2013-02-26,4.75,5.11,4.95,4.71,3351440.0,33195076.0
2013-02-25,4.67,4.80,4.78,4.67,1190268.0,11333744.0
2013-02-22,4.64,4.73,4.68,4.61,876105.0,8231032.0
2013-02-21,4.73,4.73,4.62,4.61,794243.0,7409213.0
2013-02-20,4.65,4.74,4.73,4.65,900703.0,8509227.0
2013-02-19,4.88,4.88,4.67,4.66,1374207.0,13078982.0
2013-02-18,4.81,4.88,4.86,4.76,1498088.0,14485087.0
2013-02-08,4.65,4.79,4.76,4.65,1350380.0,12852513.0
2013-02-07,4.67,4.68,4.68,4.61,596928.0,5573613.0
2013-02-06,4.66,4.69,4.66,4.61,880293.0,8201818.0
2013-02-05,4.56,4.75,4.70,4.56,1471723.0,13843673.0
2013-02-04,4.70,4.73,4.57,4.56,1067192.0,9840934.0
2013-02-01,4.67,4.77,4.70,4.63,1079937.0,10189428.0
2013-01-31,4.66,4.66,4.64,4.59,684090.0,6334786.0
2013-01-30,4.67,4.71,4.61,4.59,1066971.0,9932178.0
2013-01-29,4.66,4.77,4.69,4.61,1445163.0,13588430.0
2013-01-28,4.49,4.64,4.63,4.48,1404453.0,12905550.0
2013-01-25,4.56,4.58,4.51,4.45,1019912.0,9227773.0
2013-01-24,4.81,4.82,4.58,4.45,2225773.0,20761790.0
2013-01-23,4.70,4.81,4.79,4.68,1388805.0,13218300.0
2013-01-22,4.80,4.82,4.72,4.66,1838038.0,17426476.0
2013-01-21,4.92,4.99,4.80,4.74,2438592.0,23682648.0
2013-01-18,4.64,5.01,4.94,4.64,1402360.0,13779019.0
2013-01-17,5.01,5.08,4.94,4.84,1918297.0,18964084.0
2013-01-16,5.24,5.33,5.05,5.02,3556817.0,36849692.0
2013-01-15,5.08,5.23,5.16,4.99,4779779.0,49139476.0
2013-01-14,4.84,5.09,5.08,4.76,3383313.0,33628580.0
2013-01-11,4.95,5.08,4.86,4.83,3072314.0,30718106.0
2013-01-10,4.97,4.99,4.95,4.91,2476980.0,24582874.0
2013-01-09,4.98,5.06,4.99,4.92,3005491.0,30015846.0
2013-01-08,5.05,5.06,5.02,4.87,3551033.0,35334688.0
2013-01-07,5.00,5.10,5.10,4.99,2574445.0,26056156.0
2013-01-04,5.15,5.19,5.06,4.98,2434133.0,24697044.0
2012-12-31,5.04,5.13,5.13,4.97,3055551.0,30945666.0
2012-12-28,4.99,5.34,5.14,4.90,5046767.0,51742976.0
2012-12-27,5.49,5.70,5.11,5.07,8618762.0,93171992.0
2012-12-26,5.37,5.57,5.48,5.29,7438981.0,80718928.0
2012-12-25,4.60,5.10,5.10,4.60,3009630.0,30167930.0
2012-12-24,4.59,4.66,4.63,4.47,3083980.0,28289588.0
2012-12-21,4.50,4.85,4.63,4.41,5524870.0,51030028.0
2012-12-20,4.48,4.66,4.54,4.35,4715151.0,42657764.0
2012-12-19,4.44,4.53,4.48,4.40,4053993.0,36265788.0
2012-12-18,4.33,4.67,4.54,4.30,8726929.0,78913992.0
2012-12-17,4.28,4.28,4.28,4.28,3347656.0,28722888.0
2012-12-14,3.89,3.89,3.89,3.89,684277.0,5337361.0
2012-12-13,3.58,3.60,3.54,3.53,265450.0,1896575.0
2012-12-12,3.59,3.63,3.58,3.52,248589.0,1785950.0
2012-12-11,3.64,3.67,3.62,3.61,335840.0,2445182.0
2012-12-10,3.59,3.65,3.63,3.58,494068.0,3591832.0
2012-12-07,3.52,3.62,3.60,3.49,491309.0,3528039.0
2012-12-06,3.53,3.55,3.50,3.49,289744.0,2039215.0
2012-12-05,3.39,3.57,3.52,3.39,581762.0,4087465.0
2012-12-04,3.32,3.42,3.41,3.30,284706.0,1925841.0
2012-12-03,3.40,3.42,3.34,3.34,384580.0,2604545.0
2012-11-30,3.39,3.45,3.39,3.33,443151.0,3028372.0
2012-11-29,3.49,3.52,3.39,3.39,238552.0,1657127.0
2012-11-28,3.57,3.57,3.49,3.45,374558.0,2624865.0
2012-11-27,3.77,3.79,3.58,3.55,459953.0,3359907.0
2012-11-26,3.85,3.85,3.79,3.78,255899.0,1954821.0
2012-11-23,3.84,3.91,3.85,3.84,532376.0,4127265.0
2012-11-22,3.89,3.89,3.84,3.84,275949.0,2131432.0
2012-11-21,3.86,3.91,3.90,3.80,274100.0,2119791.0
2012-11-20,3.83,3.88,3.86,3.82,423492.0,3265057.0
2012-11-19,3.80,3.83,3.82,3.77,180501.0,1373355.0
2012-11-16,3.89,3.89,3.81,3.79,344528.0,2642776.0
2012-11-15,3.90,3.90,3.88,3.85,466180.0,3619293.0
2012-11-14,3.87,3.93,3.93,3.84,481650.0,3750887.0
2012-11-13,3.91,3.94,3.84,3.84,372299.0,2899729.0
2012-11-12,3.93,3.96,3.94,3.89,349262.0,2751609.0
2012-11-09,3.88,3.93,3.88,3.86,281200.0,2195660.0
2012-11-08,3.99,3.99,3.88,3.88,684376.0,5383644.0
2012-11-07,4.03,4.05,4.02,4.01,280382.0,2264256.0
2012-11-06,4.07,4.10,4.04,3.97,611800.0,4930918.0
2012-11-05,4.10,4.10,4.08,4.05,392228.0,3199597.0
2012-11-02,4.03,4.12,4.08,4.03,542628.0,4437482.0
2012-11-01,3.96,4.07,4.03,3.96,542235.0,4385103.0
2012-10-31,3.91,3.96,3.96,3.88,168987.0,1332878.0
2012-10-30,3.93,3.98,3.92,3.92,236455.0,1866250.0
2012-10-29,3.93,3.98,3.93,3.90,201560.0,1593469.0
2012-10-26,3.99,4.04,3.92,3.90,366802.0,2904869.0
2012-10-25,4.12,4.12,4.00,3.99,570903.0,4637331.0
2012-10-24,4.10,4.14,4.08,4.06,539794.0,4435213.0
2012-10-23,4.15,4.19,4.12,4.11,307204.0,2553797.0
2012-10-22,4.16,4.19,4.18,4.10,479004.0,3982191.0
2012-10-19,4.18,4.21,4.17,4.13,629517.0,5266480.0
2012-10-18,4.12,4.23,4.19,4.06,989441.0,8279020.0
2012-10-17,4.10,4.11,4.09,4.04,574080.0,4688188.0
2012-10-16,4.07,4.13,4.10,4.00,435709.0,3572875.0
2012-10-15,4.04,4.14,4.09,3.99,760503.0,6215721.0
2012-10-12,4.03,4.11,4.04,3.98,461193.0,3731213.0
2012-10-11,4.11,4.15,4.03,4.03,491950.0,4036728.0
2012-10-10,4.08,4.15,4.15,4.08,531972.0,4396657.0
2012-10-09,3.98,4.13,4.11,3.96,751842.0,6122820.0
2012-10-08,4.02,4.05,3.95,3.93,517190.0,4125799.0
2012-09-28,3.93,4.04,4.01,3.91,538131.0,4289711.0
2012-09-27,3.86,3.96,3.96,3.86,545761.0,4296622.0
2012-09-26,4.14,4.17,3.86,3.82,955436.0,7555223.0
2012-09-25,4.15,4.21,4.14,4.13,347079.0,2895896.0
2012-09-24,4.18,4.22,4.18,4.14,421750.0,3534241.0
2012-09-21,4.17,4.24,4.19,4.14,527435.0,4450196.0
2012-09-20,4.29,4.31,4.17,4.15,562971.0,4766005.0
2012-09-19,4.21,4.29,4.28,4.21,416387.0,3562203.0
2012-09-18,4.23,4.27,4.22,4.15,521075.0,4417281.0
2012-09-17,4.34,4.41,4.21,4.20,753134.0,6491722.0
2012-09-14,4.47,4.53,4.38,4.31,1384748.0,12224223.0
2012-09-13,4.54,4.60,4.45,4.45,2280508.0,20787026.0
2012-09-12,4.41,4.81,4.65,4.41,4370509.0,40692172.0
2012-09-11,4.45,4.45,4.37,4.36,1158910.0,10220512.0
2012-09-10,4.45,4.52,4.46,4.39,1916408.0,17125026.0
2012-09-07,4.43,4.56,4.48,4.39,1407259.0,12658482.0
2012-09-06,4.31,4.39,4.37,4.28,667486.0,5812765.0
2012-09-05,4.22,4.31,4.28,4.21,423285.0,3636551.0
2012-09-04,4.31,4.31,4.21,4.20,351170.0,3005425.0
2012-09-03,4.13,4.32,4.30,4.13,390918.0,3339257.0
2012-08-31,4.07,4.18,4.17,4.06,310634.0,2582386.0
2012-08-30,4.27,4.33,4.12,4.09,633649.0,5348909.0
2012-08-29,4.27,4.34,4.30,4.23,534010.0,4617603.0
2012-08-28,4.19,4.34,4.27,4.19,502375.0,4328162.0
2012-08-27,4.29,4.32,4.24,4.23,609842.0,5226459.0
2012-08-24,4.59,4.60,4.37,4.36,1898558.0,17099856.0
2012-08-23,4.63,4.78,4.65,4.57,3105383.0,29006552.0
2012-08-22,4.58,4.78,4.76,4.52,2040061.0,19213136.0
2012-08-21,4.55,4.62,4.62,4.46,1294360.0,11842969.0
2012-08-20,4.31,4.52,4.51,4.30,901792.0,8030123.0
2012-08-17,4.33,4.41,4.36,4.24,282349.0,2463112.0
2012-08-16,4.34,4.36,4.33,4.29,475926.0,4132635.0
2012-08-15,4.44,4.44,4.35,4.35,592835.0,5233214.0
2012-08-14,4.33,4.45,4.44,4.27,800890.0,6985628.0
2012-08-13,4.41,4.56,4.37,4.36,892338.0,8029399.0
2012-08-10,4.46,4.50,4.42,4.40,1134301.0,10112993.0
2012-08-09,4.48,4.54,4.51,4.39,1799687.0,16124574.0
2012-08-08,4.63,4.78,4.55,4.52,2469257.0,23001630.0
2012-08-07,4.21,4.63,4.50,4.21,2163433.0,19380284.0
2012-08-06,4.10,4.27,4.24,4.09,985139.0,8330398.0
2012-08-03,4.08,4.18,4.15,4.08,951216.0,7880794.0
2012-08-02,4.17,4.20,4.05,4.04,688983.0,5688055.0
2012-08-01,4.13,4.21,4.18,4.13,940558.0,7892910.0
2012-07-31,4.40,4.43,4.14,4.12,919315.0,7844833.0
2012-07-30,4.57,4.57,4.40,4.37,775130.0,6922819.0
2012-07-27,4.66,4.66,4.57,4.48,755081.0,6904109.0
2012-07-26,4.66,4.74,4.62,4.60,751563.0,7046962.0
2012-07-25,4.73,4.77,4.69,4.63,1443429.0,13664133.0
2012-07-24,4.51,4.82,4.79,4.48,2672440.0,25098052.0
2012-07-23,4.68,4.68,4.58,4.47,1300474.0,11894346.0
2012-07-20,4.77,4.80,4.76,4.69,1084554.0,10324451.0
2012-07-19,4.73,4.87,4.85,4.63,2126475.0,20358090.0
2012-07-18,4.62,4.78,4.76,4.49,1593804.0,14843142.0
2012-07-17,4.73,4.83,4.64,4.54,1821991.0,16840264.0
2012-07-16,5.46,5.46,4.88,4.88,1805108.0,18081136.0
2012-07-13,5.46,5.58,5.42,5.39,1974080.0,21712928.0
2012-07-12,5.48,5.57,5.36,5.27,2347278.0,25280214.0
2012-07-11,5.35,5.54,5.54,5.27,1279007.0,13888490.0
2012-07-10,5.15,5.42,5.40,5.15,1415532.0,15080711.0
2012-07-09,5.05,5.35,5.19,5.05,1588487.0,16701238.0
2012-07-06,5.01,5.08,5.06,4.91,532187.0,5344583.0
2012-07-05,5.23,5.23,4.97,4.91,1160352.0,11673586.0
2012-07-04,5.46,5.55,5.23,5.22,1055175.0,11402986.0
2012-07-03,5.50,5.57,5.46,5.41,1186794.0,13087250.0
2012-07-02,5.47,5.58,5.51,5.41,1413922.0,15589852.0
2012-06-29,5.63,5.63,5.57,5.31,2175387.0,23890574.0
2012-06-28,5.83,6.28,5.83,5.80,3473562.0,41795880.0
2012-06-27,5.79,5.96,5.77,5.70,2476680.0,29020078.0
2012-06-26,5.69,6.00,5.84,5.31,2953888.0,34206220.0
2012-06-25,5.65,5.85,5.58,5.57,1883828.0,21627624.0
2012-06-21,5.44,5.78,5.73,5.44,1778837.0,20014492.0
2012-06-20,5.42,5.52,5.48,5.39,929175.0,10183255.0
2012-06-19,5.42,5.48,5.43,5.33,698186.0,7586389.0
2012-06-18,5.39,5.49,5.42,5.38,837627.0,9105104.0
2012-06-15,5.55,5.55,5.43,5.23,978494.0,10563187.0
2012-06-14,5.55,5.60,5.51,5.50,770568.0,8585629.0
2012-06-13,5.43,5.65,5.63,5.37,1774983.0,19579232.0
2012-06-12,5.26,5.58,5.47,5.23,1576275.0,17213634.0
2012-06-11,5.38,5.42,5.28,5.08,972406.0,10160129.0
2012-06-08,5.36,5.39,5.33,5.29,656418.0,7035017.0
2012-06-07,5.30,5.32,5.31,5.23,583712.0,6190623.0
2012-06-06,5.36,5.42,5.25,5.25,594144.0,6353815.0
2012-06-05,5.36,5.44,5.36,5.28,632938.0,6792245.0
2012-06-04,5.73,5.77,5.39,5.31,1272090.0,14221808.0
2012-06-01,5.88,5.95,5.85,5.72,1177687.0,13735528.0
2012-05-31,5.78,6.05,5.93,5.78,1530860.0,18256020.0
2012-05-30,5.77,6.03,5.82,5.73,1839131.0,21726672.0
2012-05-29,5.73,5.88,5.81,5.62,1586244.0,18370960.0
2012-05-28,5.68,5.77,5.74,5.55,1347933.0,15342618.0
2012-05-25,5.58,5.83,5.72,5.52,1361894.0,15481070.0
2012-05-24,5.63,5.76,5.55,5.51,1329383.0,15059168.0
2012-05-23,5.73,5.78,5.67,5.55,1479905.0,16755674.0
2012-05-22,5.80,5.84,5.77,5.70,1186284.0,13715533.0
2012-05-21,5.67,5.75,5.75,5.55,1348820.0,15335939.0
2012-05-18,5.90,5.90,5.72,5.64,2066961.0,23892752.0
2012-05-17,5.90,6.05,5.95,5.83,2299690.0,27389788.0
2012-05-16,5.92,6.03,5.99,5.72,2402821.0,28458480.0
2012-05-15,5.61,6.13,5.98,5.58,5353512.0,63723496.0
2012-05-14,5.29,5.81,5.73,5.25,3603196.0,40744748.0
2012-05-11,5.27,5.31,5.28,5.22,418540.0,4421083.0
2012-05-10,5.26,5.30,5.28,5.19,732454.0,7731350.0
2012-05-09,5.38,5.38,5.27,5.18,988126.0,10467891.0
2012-05-08,5.41,5.61,5.43,5.30,1698375.0,18513194.0
2012-05-07,5.33,5.43,5.38,5.25,1496966.0,15992366.0
2012-05-04,5.24,5.45,5.37,5.17,1737468.0,18618134.0
2012-05-03,5.10,5.26,5.24,5.04,1482523.0,15336344.0
2012-05-02,5.02,5.13,5.11,4.92,911159.0,9226331.0
2012-04-27,4.84,5.05,5.01,4.79,612512.0,6080876.0
2012-04-26,5.06,5.06,4.88,4.83,819974.0,8095989.0
2012-04-25,5.00,5.06,5.02,4.90,867695.0,8656344.0
2012-04-24,4.91,5.08,5.01,4.73,1194546.0,11770605.0
2012-04-23,5.23,5.28,5.03,4.88,1355516.0,13758103.0
2012-04-20,5.11,5.38,5.31,5.04,2316481.0,24332824.0
2012-04-19,4.93,5.14,5.14,4.87,1823932.0,18490310.0
2012-04-18,4.88,4.95,4.93,4.73,1149446.0,11240100.0
2012-04-17,5.14,5.17,4.88,4.80,1178210.0,11826745.0
2012-04-16,4.89,4.96,4.94,4.86,851310.0,8388743.0
2012-04-13,4.95,5.07,4.97,4.91,1205927.0,12020941.0
2012-04-12,4.98,5.03,5.01,4.85,1890358.0,18709238.0
2012-04-11,4.67,5.13,5.00,4.59,2200364.0,21787772.0
2012-04-10,4.70,4.77,4.72,4.50,973348.0,9032962.0
2012-04-09,4.87,4.92,4.79,4.67,930275.0,8931384.0
2012-04-06,4.76,5.02,4.92,4.76,1523049.0,15029573.0
2012-04-05,4.81,4.93,4.80,4.76,1120917.0,10849745.0
2012-03-30,4.51,4.66,4.66,4.51,790867.0,7301202.0
2012-03-29,4.61,4.66,4.55,4.50,560499.0,5143768.0
2012-03-28,4.88,4.89,4.70,4.65,937539.0,8938068.0
2012-03-27,4.88,5.02,4.97,4.84,1607504.0,15959147.0
2012-03-26,4.59,4.89,4.88,4.55,1016189.0,9646158.0
2012-03-23,4.76,4.84,4.58,4.50,766629.0,7246259.0
2012-03-22,4.81,4.81,4.79,4.72,344602.0,3301839.0
2012-03-21,4.74,4.80,4.80,4.63,639287.0,6075313.0
2012-03-20,4.95,5.01,4.75,4.74,822340.0,7993912.0
2012-03-19,4.86,4.99,4.95,4.82,1138094.0,11262262.0
2012-03-16,4.79,4.91,4.86,4.76,1274570.0,12382747.0
2012-03-15,4.91,4.93,4.79,4.70,1547909.0,14930517.0
2012-03-14,5.19,5.19,4.93,4.82,2398996.0,24162118.0
2012-03-13,5.13,5.29,5.14,5.05,2721699.0,28236422.0
2012-03-12,4.87,5.17,5.16,4.80,3463172.0,34902852.0
2012-03-09,4.65,4.91,4.89,4.65,2267939.0,21858232.0
2012-03-08,4.58,4.68,4.64,4.58,857402.0,7990676.0
2012-03-07,4.52,4.68,4.58,4.48,749065.0,6902083.0
2012-03-06,4.60,4.61,4.54,4.53,560036.0,5116732.0
2012-03-05,4.65,4.67,4.61,4.60,472468.0,4401171.0
2012-03-02,4.58,4.64,4.64,4.57,507321.0,4694366.0
2012-03-01,4.50,4.60,4.56,4.50,486930.0,4460904.0
2012-02-29,4.60,4.66,4.54,4.50,502249.0,4623071.0
2012-02-28,4.67,4.70,4.61,4.59,736099.0,6835891.0
2012-02-27,4.76,4.79,4.72,4.70,1218833.0,11581265.0
2012-02-24,4.72,4.78,4.75,4.66,1184351.0,11205219.0
2012-02-23,4.61,4.98,4.78,4.57,2451652.0,23622236.0
2012-02-22,4.49,4.63,4.62,4.46,1097385.0,10039017.0
2012-02-21,4.48,4.50,4.50,4.40,551543.0,4920898.0
2012-02-20,4.50,4.53,4.45,4.45,674267.0,6068183.0
2012-02-17,4.51,4.53,4.46,4.41,517136.0,4630537.0
2012-02-16,4.55,4.61,4.51,4.47,973788.0,8831388.0
2012-02-15,4.41,4.57,4.56,4.38,1445389.0,13068085.0
2012-02-14,4.38,4.45,4.41,4.37,537037.0,4744715.0
2012-02-13,4.33,4.44,4.40,4.33,860580.0,7610313.0
2012-02-10,4.35,4.40,4.33,4.29,558188.0,4860410.0
2012-02-09,4.29,4.42,4.34,4.26,1072018.0,9379368.0
2012-02-08,4.17,4.30,4.29,4.15,501733.0,4281390.0
2012-02-07,4.28,4.28,4.18,4.15,397939.0,3357281.0
2012-02-06,4.31,4.32,4.30,4.25,608198.0,5239215.0
2012-02-03,4.26,4.33,4.30,4.19,798592.0,6875471.0
2012-02-02,4.18,4.20,4.19,4.09,213759.0,1784606.0
2012-02-01,4.10,4.23,4.11,4.09,218206.0,1819898.0
2012-01-31,4.25,4.25,4.15,4.09,329920.0,2738208.0
2012-01-30,4.28,4.28,4.22,4.18,335165.0,2841666.0
2012-01-20,4.09,4.28,4.21,4.09,366539.0,3104052.0
2012-01-19,4.12,4.16,4.14,4.03,251438.0,2070807.0
2012-01-18,4.19,4.23,4.04,4.04,463600.0,3852567.0
2012-01-17,3.89,4.20,4.18,3.88,457881.0,3737691.0
2012-01-16,4.02,4.09,3.92,3.92,335150.0,2677256.0
2012-01-13,4.23,4.26,4.06,4.04,637189.0,5271661.0
2012-01-12,4.32,4.40,4.28,4.28,550220.0,4777872.0
2012-01-11,4.25,4.40,4.36,4.25,937961.0,8150264.0
2012-01-10,4.14,4.34,4.31,4.13,719454.0,6145233.0
2012-01-09,3.94,4.16,4.15,3.94,532156.0,4340518.0
2012-01-06,3.94,3.99,3.97,3.74,352641.0,2761131.0
2012-01-05,4.15,4.20,3.94,3.91,350694.0,2843283.0
2012-01-04,4.36,4.40,4.15,4.13,275056.0,2370468.0
2011-12-30,4.27,4.33,4.29,4.22,435434.0,3758172.0
2011-12-29,4.18,4.28,4.24,4.15,227916.0,1943269.0
2011-12-28,4.18,4.28,4.24,4.15,356278.0,2991571.0
2011-12-27,4.37,4.43,4.26,4.24,418788.0,3627798.0
2011-12-26,4.44,4.53,4.39,4.39,245125.0,2193110.0
2011-12-23,4.36,4.49,4.44,4.36,419383.0,3726196.0
2011-12-22,4.56,4.56,4.40,4.26,874200.0,7663586.0
2011-12-21,4.71,4.74,4.57,4.57,600915.0,5636446.0
2011-12-20,4.74,4.80,4.67,4.66,666917.0,6342191.0
2011-12-19,4.71,4.75,4.74,4.58,563421.0,5275804.0
2011-12-16,4.58,4.75,4.73,4.51,570060.0,5291418.0
2011-12-15,4.69,4.70,4.58,4.58,433654.0,4031995.0
2011-12-14,4.76,4.83,4.69,4.69,365711.0,3492176.0
2011-12-13,4.88,4.92,4.76,4.75,495119.0,4757109.0
2011-12-12,4.97,5.01,4.92,4.92,288819.0,2870084.0
2011-12-09,5.00,5.06,4.97,4.96,295692.0,2963316.0
2011-12-08,4.99,5.09,5.03,4.89,400904.0,4023316.0
2011-12-07,5.01,5.04,5.02,4.96,355211.0,3572397.0
2011-12-06,4.92,5.03,5.00,4.89,497688.0,4956357.0
2011-12-05,4.89,4.98,4.92,4.87,373743.0,3687384.0
2011-12-02,5.08,5.13,4.97,4.91,608159.0,6095244.0
2011-12-01,5.22,5.24,5.10,5.10,944064.0,9804080.0
2011-11-30,5.44,5.44,5.03,4.97,1221241.0,12717439.0
2011-11-29,5.45,5.45,5.44,5.36,809367.0,8785975.0
2011-11-28,5.37,5.44,5.38,5.33,635963.0,6871248.0
2011-11-25,5.46,5.56,5.38,5.34,777486.0,8486957.0
2011-11-24,5.50,5.58,5.51,5.38,827260.0,9100294.0
2011-11-23,5.63,5.65,5.54,5.53,528789.0,5923986.0
2011-11-22,5.54,5.63,5.60,5.49,884465.0,9903048.0
2011-11-21,5.50,5.68,5.58,5.50,1090801.0,12166100.0
2011-11-18,5.92,6.10,5.61,5.60,2392171.0,28023178.0
2011-11-17,5.93,6.08,5.88,5.85,1431707.0,17082352.0
2011-11-16,6.30,6.33,5.96,5.91,2334675.0,28516896.0
2011-11-15,6.05,6.34,6.30,5.88,3182797.0,39148400.0
2011-11-14,5.99,6.16,6.07,5.98,2183698.0,26619712.0
2011-11-11,5.90,6.17,5.97,5.84,2433149.0,29544166.0
2011-11-10,5.89,6.21,5.90,5.83,3332653.0,40261152.0
2011-11-09,5.78,6.00,6.00,5.65,2112665.0,24695926.0
2011-11-08,5.80,5.81,5.72,5.64,1148618.0,13212256.0
2011-11-07,5.63,5.87,5.83,5.59,1926248.0,22169688.0
2011-11-04,5.74,5.85,5.66,5.62,1422016.0,16249460.0
2011-11-03,5.80,5.94,5.73,5.72,2613495.0,30563144.0
2011-11-02,5.53,5.71,5.70,5.42,1633277.0,18303890.0
2011-11-01,5.58,5.85,5.64,5.49,2020223.0,23020080.0
2011-10-31,5.55,5.62,5.58,5.48,1440589.0,16021672.0
2011-10-28,5.47,5.67,5.64,5.43,2753378.0,30551560.0
2011-10-27,5.32,5.70,5.60,5.30,4096544.0,46233044.0
2011-10-26,4.98,5.38,5.18,4.98,1267631.0,13272901.0
2011-10-25,4.91,5.08,5.03,4.88,512473.0,5132504.0
2011-10-24,4.91,4.97,4.93,4.75,231673.0,2263144.0
2011-10-21,4.86,4.93,4.85,4.82,246842.0,2408912.0
2011-10-20,5.11,5.11,4.88,4.84,335340.0,3313539.0
2011-10-19,5.07,5.13,5.06,5.03,250368.0,2550095.0
2011-10-18,5.20,5.20,5.05,4.99,521282.0,5337609.0
2011-10-17,5.17,5.27,5.22,5.14,374879.0,3921034.0
2011-10-14,5.17,5.31,5.21,5.15,677993.0,7132851.0
2011-10-13,5.09,5.21,5.14,5.07,581873.0,6029635.0
2011-10-12,4.97,5.13,5.11,4.88,422518.0,4290364.0
2011-10-11,5.07,5.13,4.97,4.92,270390.0,2730492.0
2011-10-10,5.00,5.03,4.94,4.94,175205.0,1751260.0
2011-09-30,4.95,5.02,4.99,4.90,324748.0,3230929.0
2011-09-29,5.08,5.08,4.95,4.93,555217.0,5556453.0
2011-09-28,5.19,5.23,5.10,5.09,271539.0,2810073.0
2011-09-27,5.19,5.19,5.18,5.12,215179.0,2229383.0
2011-09-26,5.17,5.23,5.12,5.09,284950.0,2955479.0
2011-09-23,5.18,5.22,5.19,5.03,387526.0,3995356.0
2011-09-22,5.33,5.38,5.24,5.23,373179.0,3969598.0
2011-09-21,5.18,5.42,5.38,5.18,654893.0,7045378.0
2011-09-20,5.01,5.28,5.24,5.01,369339.0,3859510.0
2011-09-19,5.37,5.37,5.19,5.19,379448.0,4005100.0
2011-09-16,5.40,5.44,5.36,5.35,309501.0,3349670.0
2011-09-15,5.36,5.44,5.39,5.32,456230.0,4934514.0
2011-09-14,5.26,5.38,5.37,5.19,489244.0,5176129.0
2011-09-13,5.32,5.32,5.23,5.14,521601.0,5465345.0
2011-09-09,5.42,5.47,5.36,5.36,350813.0,3805595.0
2011-09-08,5.48,5.51,5.42,5.41,535064.0,5867330.0
2011-09-07,5.39,5.49,5.47,5.35,630049.0,6864899.0
2011-09-06,5.36,5.46,5.33,5.28,687599.0,7386705.0
2011-09-05,5.58,5.58,5.40,5.35,1073418.0,11671980.0
2011-09-02,5.85,5.87,5.68,5.61,1151568.0,13185030.0
2011-09-01,5.76,5.99,5.88,5.76,1231178.0,14479287.0
2011-08-31,5.96,6.08,5.83,5.80,1751649.0,20887940.0
2011-08-30,5.81,6.03,5.99,5.81,2276977.0,27115790.0
2011-08-29,5.88,5.90,5.80,5.78,874569.0,10260759.0
2011-08-26,5.79,5.94,5.91,5.73,1546089.0,18239546.0
2011-08-25,5.78,5.86,5.83,5.69,1644503.0,19073286.0
2011-08-24,5.96,6.07,5.80,5.80,2115443.0,25132526.0
2011-08-23,5.92,5.98,5.95,5.78,2489145.0,29426714.0
2011-08-22,5.72,6.00,5.92,5.68,4259113.0,50099976.0
2011-08-19,5.25,5.85,5.85,5.18,4498652.0,51830140.0
2011-08-18,5.42,5.42,5.32,5.29,403713.0,4330666.0
2011-08-17,5.36,5.42,5.41,5.34,427924.0,4628508.0
2011-08-16,5.47,5.47,5.36,5.35,452378.0,4895771.0
2011-08-15,5.39,5.48,5.45,5.36,515089.0,5598079.0
2011-08-12,5.32,5.43,5.36,5.32,638955.0,6879229.0
2011-08-11,5.11,5.30,5.30,5.04,573817.0,6019453.0
2011-08-10,5.20,5.30,5.19,5.19,481588.0,5072120.0
2011-08-09,5.00,5.22,5.16,4.96,695464.0,7104109.0
2011-08-08,5.68,5.69,5.27,5.18,1123340.0,12082844.0
2011-08-05,5.87,5.87,5.76,5.73,494294.0,5759540.0
2011-08-04,5.98,6.07,6.01,5.94,553062.0,6653255.0
2011-08-03,5.78,6.08,5.99,5.74,971497.0,11650085.0
2011-08-02,5.90,5.90,5.87,5.64,515465.0,5951083.0
2011-08-01,5.76,5.92,5.91,5.76,310521.0,3659296.0
2011-07-29,5.86,5.90,5.87,5.80,483426.0,5680900.0
2011-07-28,5.87,5.87,5.82,5.74,421616.0,4905186.0
2011-07-27,5.78,5.92,5.92,5.69,491706.0,5770070.0
2011-07-26,5.80,5.85,5.83,5.73,323281.0,3753348.0
2011-07-25,6.08,6.08,5.79,5.74,721803.0,8540924.0
2011-07-22,6.09,6.13,6.09,6.04,695313.0,8484351.0
2011-07-21,6.18,6.21,6.08,6.08,479836.0,5914889.0
2011-07-20,6.17,6.24,6.20,6.12,450997.0,5599184.0
2011-07-19,6.23,6.27,6.21,6.11,746224.0,9233612.0
2011-07-18,6.42,6.42,6.29,6.24,1041037.0,13218124.0
2011-07-15,6.42,6.50,6.42,6.33,1070504.0,13834281.0
2011-07-14,6.44,6.45,6.42,6.32,1056921.0,13531651.0
2011-07-13,6.32,6.41,6.39,6.28,1379912.0,17580544.0
2011-07-12,6.18,6.39,6.33,6.14,2500580.0,31731886.0
2011-07-11,6.02,6.25,6.25,6.00,1295460.0,15989498.0
2011-07-08,6.05,6.09,6.03,5.99,431047.0,5219019.0
2011-07-07,6.06,6.16,6.08,5.98,857979.0,10459321.0
2011-07-06,6.06,6.09,6.07,5.99,617649.0,7508850.0
2011-07-05,6.05,6.07,6.06,6.01,577289.0,6995543.0
2011-07-04,5.98,6.04,6.04,5.94,796626.0,9614043.0
2011-07-01,5.93,6.01,5.97,5.88,615607.0,7369822.0
2011-06-30,5.81,5.97,5.95,5.77,656425.0,7786826.0
2011-06-29,5.83,5.91,5.81,5.80,453283.0,5327267.0
2011-06-28,5.88,5.92,5.86,5.82,410139.0,4827671.0
2011-06-27,5.88,5.95,5.91,5.81,698935.0,8276701.0
2011-06-24,5.77,5.91,5.87,5.74,736616.0,8620951.0
2011-06-23,5.58,5.78,5.74,5.51,602772.0,6879117.0
2011-06-22,5.61,5.70,5.63,5.61,249045.0,2826439.0
2011-06-21,5.58,5.67,5.66,5.53,392505.0,4425105.0
2011-06-20,5.63,5.69,5.56,5.51,337335.0,3775798.0
2011-06-17,5.68,5.78,5.60,5.57,415477.0,4730959.0
2011-06-16,5.80,5.90,5.73,5.70,738058.0,8548156.0
2011-06-15,6.22,6.22,5.94,5.89,1122858.0,13642626.0
2011-06-14,6.11,6.20,6.14,6.07,1085036.0,13355031.0
2011-06-13,6.10,6.23,6.13,5.98,1196076.0,14583038.0
2011-06-10,6.31,6.31,6.25,6.03,2812684.0,34743624.0
2011-06-09,6.33,6.33,6.33,6.33,1765015.0,22503942.0
2011-06-08,5.79,5.79,5.75,5.63,254723.0,2927655.0
2011-06-07,5.77,5.78,5.77,5.68,314169.0,3631989.0
2011-06-03,5.65,5.80,5.75,5.65,406619.0,4697016.0
2011-06-02,5.71,5.71,5.68,5.59,197800.0,2251698.0
2011-06-01,5.78,5.80,5.77,5.71,242799.0,2813187.0
2011-05-31,5.62,5.81,5.78,5.62,252278.0,2907276.0
2011-05-30,5.58,5.78,5.64,5.54,383337.0,4396833.0
2011-05-27,5.72,5.74,5.57,5.56,292635.0,3329486.0
2011-05-26,5.78,5.85,5.74,5.73,238379.0,2769904.0
2011-05-25,5.90,5.94,5.76,5.76,253148.0,2986333.0
2011-05-24,5.90,6.00,5.96,5.66,764977.0,9036116.0
2011-05-23,6.00,6.00,5.70,5.69,500366.0,5915811.0
2011-05-20,6.06,6.20,6.04,6.02,233599.0,2850129.0
2011-05-19,6.17,6.17,6.09,6.04,274458.0,3375714.0
2011-05-18,6.15,6.18,6.17,6.11,231245.0,2859749.0
2011-05-17,6.15,6.21,6.18,6.05,431370.0,5337941.0
2011-05-16,6.04,6.16,6.15,6.01,487964.0,6015146.0
2011-05-12,6.15,6.15,5.98,5.98,337579.0,4140947.0
2011-05-11,6.15,6.17,6.16,6.11,328790.0,4073191.0
2011-05-10,6.10,6.15,6.12,6.04,191300.0,2348120.0
2011-05-09,6.14,6.15,6.10,6.07,264550.0,3261863.0
2011-05-06,6.05,6.12,6.08,6.03,234601.0,2875152.0
2011-05-05,6.02,6.12,6.09,5.95,357082.0,4364325.0
2011-05-04,6.19,6.19,6.03,6.00,376039.0,4616130.0
2011-05-03,6.13,6.20,6.18,6.05,406461.0,5018066.0
2011-04-29,6.04,6.14,6.13,6.03,349430.0,4276330.0
2011-04-28,6.17,6.25,6.05,6.03,577838.0,7153883.0
2011-04-27,6.30,6.35,6.17,6.15,602480.0,7579404.0
2011-04-26,6.45,6.45,6.30,6.28,746638.0,9536218.0
2011-04-25,6.68,6.68,6.48,6.45,932406.0,12273645.0
2011-04-22,6.74,6.79,6.69,6.68,608634.0,8249953.0
2011-04-21,6.72,6.77,6.75,6.70,924682.0,12548093.0
2011-04-20,6.85,6.90,6.74,6.68,1624744.0,22176054.0
2011-04-19,7.07,7.07,6.95,6.94,580661.0,8168424.0
2011-04-18,7.05,7.08,7.03,7.01,384172.0,5451331.0
2011-04-15,7.09,7.13,7.07,7.03,420076.0,5974163.0
2011-04-14,7.11,7.17,7.09,7.07,600860.0,8615529.0
2011-04-13,7.01,7.17,7.15,7.01,861952.0,12336958.0
2011-04-12,7.03,7.07,7.03,7.00,533185.0,7571164.0
2011-04-11,7.07,7.10,7.04,7.02,653571.0,9294383.0
2011-04-08,7.05,7.11,7.08,7.02,679751.0,9673093.0
2011-04-07,6.99,7.07,7.05,6.97,496583.0,7032929.0
2011-04-06,7.00,7.03,6.99,6.93,503338.0,7074505.0
2011-04-01,7.00,7.04,7.03,6.89,464883.0,6540052.0
2011-03-31,7.06,7.13,7.01,6.99,556192.0,7923755.0
2011-03-30,7.02,7.07,7.03,7.00,430563.0,6096683.0
2011-03-29,7.20,7.20,7.03,7.02,715904.0,10234124.0
2011-03-28,7.25,7.26,7.20,7.18,570799.0,8309634.0
2011-03-25,7.19,7.25,7.25,7.17,550507.0,8009320.0
2011-03-24,7.20,7.22,7.19,7.18,476000.0,6905958.0
2011-03-23,7.14,7.22,7.21,7.09,594932.0,8578619.0
2011-03-22,7.13,7.16,7.14,7.07,374214.0,5363360.0
2011-03-21,7.12,7.15,7.12,7.07,512190.0,7326214.0
2011-03-17,7.28,7.28,7.09,7.06,943470.0,13638671.0
2011-03-16,7.25,7.34,7.30,7.25,549629.0,8068023.0
2011-03-15,7.44,7.44,7.25,7.18,849001.0,12434799.0
2011-03-14,7.38,7.43,7.42,7.33,781842.0,11627714.0
2011-03-11,7.38,7.46,7.38,7.35,728039.0,10840708.0
2011-03-10,7.38,7.50,7.41,7.38,889378.0,13343785.0
2011-03-09,7.47,7.50,7.43,7.40,705770.0,10587662.0
2011-03-08,7.44,7.54,7.49,7.39,927847.0,13962766.0
2011-03-07,7.42,7.42,7.42,7.35,679758.0,10127749.0
2011-03-04,7.29,7.37,7.36,7.29,573697.0,8468214.0
2011-03-03,7.49,7.50,7.31,7.29,935055.0,13935630.0
2011-03-02,7.41,7.54,7.49,7.39,1054816.0,15857945.0
2011-03-01,7.41,7.45,7.44,7.37,1047218.0,15642488.0
2011-02-28,7.40,7.42,7.41,7.30,833342.0,12370085.0
2011-02-25,7.30,7.38,7.38,7.20,596504.0,8780995.0
2011-02-24,7.22,7.31,7.29,7.16,632163.0,9240585.0
2011-02-23,7.19,7.27,7.26,7.19,794509.0,11573361.0
2011-02-22,7.41,7.42,7.20,7.19,916687.0,13435125.0
2011-02-21,7.33,7.42,7.41,7.28,739196.0,10962119.0
2011-02-18,7.52,7.52,7.31,7.31,884341.0,13141244.0
2011-02-17,7.45,7.53,7.44,7.39,711123.0,10678177.0
2011-02-16,7.35,7.48,7.47,7.33,765699.0,11463502.0
2011-02-15,7.39,7.52,7.38,7.35,1186794.0,17814264.0
2011-02-14,7.32,7.43,7.39,7.30,925485.0,13753351.0
2011-02-11,7.32,7.34,7.30,7.20,723470.0,10597686.0
2011-02-10,7.04,7.30,7.28,6.96,1076966.0,15685676.0
2011-02-09,7.01,7.12,7.00,6.96,364380.0,5172693.0
2011-02-01,7.15,7.15,7.05,7.05,511587.0,7302509.0
2011-01-31,7.07,7.14,7.13,7.00,481688.0,6875588.0
2011-01-28,7.15,7.15,7.10,7.05,430352.0,6146925.0
2011-01-27,7.05,7.14,7.11,6.90,673861.0,9591695.0
2011-01-26,6.93,7.05,7.04,6.87,493765.0,6967354.0
2011-01-25,7.01,7.06,6.93,6.85,354896.0,4935146.0
2011-01-24,7.03,7.05,7.01,6.91,400181.0,5641241.0
2011-01-21,6.82,7.08,7.03,6.80,614683.0,8608555.0
2011-01-20,7.09,7.22,6.90,6.88,1036187.0,14785184.0
2011-01-19,6.96,7.07,7.06,6.91,474205.0,6710425.0
2011-01-18,6.85,6.98,6.96,6.80,374255.0,5201871.0
2011-01-17,7.19,7.19,6.92,6.90,567692.0,8032082.0
2011-01-14,7.41,7.41,7.24,7.22,472961.0,6929260.0
2011-01-13,7.42,7.47,7.41,7.35,454275.0,6782653.0
2011-01-12,7.42,7.46,7.41,7.25,660226.0,9793114.0
2011-01-11,7.39,7.41,7.35,7.19,693413.0,10180562.0
2011-01-10,7.62,7.63,7.42,7.39,725258.0,11006260.0
2011-01-07,7.61,7.68,7.63,7.51,888758.0,13636606.0
2011-01-06,7.67,7.70,7.62,7.52,1189675.0,18155448.0
2011-01-05,7.77,7.77,7.68,7.67,780474.0,12135332.0
2011-01-04,7.68,7.81,7.75,7.62,1265777.0,19676294.0
