date,open,high,close,low,volume,amount
2015-11-27,47.70,50.03,45.54,45.02,2601808.0,123498440.0
2015-11-26,48.88,49.20,47.79,47.21,2991017.0,143398272.0
2015-11-25,46.73,49.98,49.27,46.20,3505173.0,170257280.0
2015-11-24,46.61,47.95,47.10,45.60,3475563.0,162780016.0
2015-11-23,45.50,46.30,46.30,44.14,3391304.0,153988864.0
2015-11-20,44.91,46.30,45.43,42.01,2675611.0,120430744.0
2015-11-19,44.05,44.99,44.99,43.80,1597591.0,70916744.0
2015-11-18,44.50,48.00,43.98,43.20,2408762.0,109060632.0
2015-11-17,45.60,46.84,44.67,43.70,4102881.0,184986256.0
2015-11-16,43.90,46.25,45.60,43.15,3369266.0,152819696.0
2015-11-13,44.45,45.88,44.48,43.80,3841292.0,171584288.0
2015-11-12,45.10,45.59,45.05,43.50,4056291.0,179662624.0
2015-11-11,45.95,46.75,45.49,44.63,3151614.0,143634608.0
2015-11-10,46.98,47.62,45.95,44.10,8025028.0,372934944.0
2015-11-09,40.15,43.98,43.29,39.47,4379660.0,179692272.0
2015-11-06,40.12,40.88,40.80,39.18,4245462.0,168449856.0
2015-11-05,41.40,41.64,39.98,39.47,2906176.0,117183136.0
2015-11-04,40.26,41.68,41.64,39.50,1397862.0,56949452.0
2015-11-03,40.78,41.99,39.86,39.79,2333880.0,93876992.0
2015-11-02,40.00,43.00,41.11,39.40,2533219.0,104680104.0
2015-10-30,40.80,41.39,41.26,39.70,2167342.0,88215592.0
2015-10-29,41.00,42.13,41.33,39.36,4047293.0,164954128.0
2015-10-28,39.51,42.37,40.45,39.21,6151450.0,255066496.0
2015-10-27,38.33,40.70,40.20,37.31,5581126.0,217031408.0
2015-10-26,39.00,39.30,38.30,37.80,7021260.0,270758816.0
2015-10-23,34.69,37.18,36.87,34.11,4718459.0,168447632.0
2015-10-22,33.78,34.98,34.73,33.71,3418576.0,116995184.0
2015-10-21,36.20,36.48,33.99,33.62,5101488.0,179931680.0
2015-10-20,35.00,36.49,36.00,34.51,5392553.0,192180928.0
2015-10-19,36.25,36.25,35.36,34.03,6582323.0,231350272.0
2015-10-16,36.70,36.90,35.99,35.00,6158604.0,219809024.0
2015-10-15,35.83,36.76,36.72,35.59,1903272.0,69142320.0
2015-10-14,36.82,37.08,35.83,35.05,3581830.0,127729392.0
2015-10-13,37.60,37.79,36.84,36.40,2257826.0,83432064.0
2015-10-12,36.50,38.39,37.81,36.35,3516570.0,132027976.0
2015-10-09,37.00,37.38,36.90,35.30,4156923.0,150131696.0
2015-09-22,34.77,35.35,34.53,33.00,2571682.0,89193592.0
2015-09-21,32.49,35.05,34.70,31.15,3007064.0,102671488.0
2015-09-18,32.66,33.45,32.67,31.60,1698383.0,55294364.0
2015-09-17,31.81,34.50,32.51,31.05,3049675.0,100087952.0
2015-09-16,29.40,32.40,32.05,28.22,3070153.0,93468112.0
2015-09-15,28.52,31.40,29.71,28.51,1983462.0,59853968.0
2015-09-14,31.76,31.79,29.70,28.30,1281474.0,38336416.0
2015-09-11,31.26,31.99,31.31,30.33,909184.0,28326872.0
2015-09-10,32.02,32.46,31.43,31.21,660006.0,20966558.0
2015-09-09,30.50,33.28,32.46,30.50,2258165.0,73004184.0
2015-09-08,27.90,30.55,30.55,27.90,2090585.0,61305044.0
2015-09-07,27.58,28.78,28.24,27.00,1719557.0,48637020.0
2015-09-02,26.15,29.30,26.88,26.10,2810312.0,76377480.0
2015-09-01,30.80,31.30,27.90,27.90,3880666.0,111573040.0
2015-08-31,31.50,32.80,31.00,30.22,2247831.0,70722256.0
2015-08-28,30.01,31.88,31.19,30.01,2621307.0,80724200.0
2015-08-27,27.80,29.58,29.48,27.21,2768192.0,78440352.0
2015-08-26,27.81,28.60,26.93,26.40,4805354.0,131987112.0
2015-08-25,26.60,28.80,26.24,26.24,4220099.0,113607640.0
2015-08-24,30.80,31.41,29.16,29.16,3238500.0,95331472.0
2015-08-21,33.51,34.00,32.40,31.22,2878356.0,94809272.0
2015-08-20,33.99,34.70,34.00,33.31,2226980.0,75748128.0
2015-08-19,32.50,35.29,34.23,31.00,2982760.0,96847288.0
2015-08-18,37.00,38.30,33.30,33.30,4762093.0,173221760.0
2015-08-17,36.11,38.30,37.00,36.11,1732057.0,64350268.0
2015-08-14,37.61,37.80,36.51,35.96,1898023.0,69771712.0
2015-08-13,36.60,37.53,37.24,35.50,1834590.0,67423960.0
2015-08-12,38.00,38.84,36.78,36.66,1848300.0,69567768.0
2015-08-11,37.49,38.88,38.50,36.60,3352767.0,126306200.0
2015-08-10,35.30,38.10,37.59,35.30,4352049.0,161572784.0
2015-08-07,32.66,35.16,35.16,32.66,4631872.0,158388080.0
2015-08-06,31.37,33.32,32.70,31.05,1886032.0,61427416.0
2015-08-05,31.00,33.48,32.00,31.00,4065804.0,132002032.0
2015-08-04,28.69,31.36,31.30,27.95,5859810.0,173087152.0
2015-08-03,31.00,31.00,28.72,28.35,5328160.0,157102240.0
2015-07-31,31.85,33.45,31.50,30.97,4660574.0,148499744.0
2015-07-30,33.00,35.51,33.00,31.22,5630483.0,191122128.0
2015-07-29,33.70,34.66,34.45,29.85,7368652.0,239098896.0
2015-07-28,33.15,36.13,33.10,32.52,9628077.0,319477824.0
2015-07-27,39.21,40.90,36.13,36.13,4737112.0,181767360.0
2015-07-24,42.29,42.99,40.14,40.00,5215877.0,215996832.0
2015-07-23,41.99,43.50,42.88,40.00,5967520.0,248458384.0
2015-07-22,43.00,44.28,42.15,40.50,3409902.0,142851840.0
2015-07-21,42.80,45.56,43.90,42.00,3507066.0,153511888.0
2015-07-20,40.10,44.00,43.94,39.80,5498226.0,230436240.0
2015-07-17,37.38,40.30,40.30,37.38,3506163.0,138403552.0
2015-07-16,35.68,38.65,37.38,33.00,4997991.0,184373552.0
2015-07-15,39.40,39.40,35.69,33.05,13274628.0,498575552.0
2015-07-14,35.82,35.82,35.82,35.82,177977.0,6375136.0
2015-07-07,33.00,33.48,32.56,32.56,1341309.0,43904668.0
2015-07-06,42.37,44.20,36.18,36.18,6166008.0,239693744.0
2015-07-03,36.81,43.69,40.20,36.81,6426128.0,250343184.0
2015-07-02,44.00,46.09,40.30,39.60,5341569.0,229495872.0
2015-07-01,43.92,47.55,44.00,42.18,6528342.0,297907808.0
2015-06-30,39.05,44.00,43.95,36.00,6882281.0,277170432.0
2015-06-29,42.59,43.88,40.00,37.66,8563788.0,334330816.0
2015-06-26,45.20,45.97,41.84,41.84,4606645.0,198464256.0
2015-06-25,50.11,50.15,46.49,45.80,4004168.0,193181776.0
2015-06-24,50.15,53.37,50.19,49.38,5375326.0,276109056.0
2015-06-23,46.71,50.00,49.88,45.11,7062108.0,341477120.0
2015-06-19,46.80,50.20,47.01,45.50,6670130.0,318652928.0
2015-06-18,52.99,52.99,48.80,47.77,9867989.0,491126016.0
2015-06-17,51.00,55.98,53.08,49.14,11754883.0,624148608.0
2015-06-16,47.00,53.02,51.50,43.55,24713708.0,1250328960.0
2015-06-15,48.20,48.20,48.20,48.20,221220.0,10662804.0
2015-06-12,43.82,43.82,43.82,43.82,308922.0,13536962.0
2015-06-11,39.84,39.84,39.84,39.84,14100.0,561744.0
2015-06-10,36.22,36.22,36.22,36.22,415372.0,15044774.0
2015-04-21,32.09,33.31,32.94,30.92,3957953.0,129220032.0
2015-04-20,33.61,34.40,31.67,31.01,6888365.0,225511728.0
2015-04-17,35.02,35.02,33.61,32.99,5253366.0,179182336.0
2015-04-16,31.96,35.45,34.95,31.52,8165945.0,280449248.0
2015-04-15,34.04,34.11,32.31,30.94,4678450.0,153536272.0
2015-04-14,35.40,35.78,34.37,33.43,6241981.0,216064256.0
2015-04-13,32.87,36.18,35.40,32.11,11451462.0,401738624.0
2015-04-10,30.08,33.41,32.89,29.99,7824916.0,248188512.0
2015-04-09,30.78,30.90,30.38,28.80,5924368.0,176821296.0
2015-04-08,31.90,31.91,30.90,29.64,6271359.0,193012880.0
2015-04-07,31.25,31.92,31.89,30.52,7163352.0,225067920.0
2015-04-03,30.32,32.61,32.06,30.28,4884653.0,154567584.0
2015-04-02,29.22,31.40,30.79,28.58,5532327.0,166651728.0
2015-04-01,28.92,29.80,29.20,28.92,4053424.0,119231680.0
2015-03-31,27.92,28.90,28.78,27.70,4096711.0,116257720.0
2015-03-30,27.97,28.37,27.97,27.66,3359209.0,94245976.0
2015-03-27,27.43,28.04,27.79,27.43,1389204.0,38673112.0
2015-03-26,28.92,29.02,28.01,27.22,4748806.0,133743608.0
2015-03-25,28.39,29.42,29.38,27.95,3438409.0,99248112.0
2015-03-24,28.92,28.92,28.44,27.43,4076857.0,115250176.0
2015-03-23,27.75,28.96,28.92,27.48,3613158.0,102675264.0
2015-03-20,27.60,27.87,27.60,27.30,2701662.0,74508800.0
2015-03-19,27.73,27.87,27.57,27.27,2371860.0,65613360.0
2015-03-18,27.62,27.80,27.79,27.22,2585392.0,71354096.0
2015-03-17,27.80,27.93,27.62,27.22,3555955.0,97892680.0
2015-03-16,26.93,27.90,27.79,26.93,2261121.0,62354356.0
2015-03-13,26.89,26.93,26.80,26.41,1892120.0,50420280.0
2015-03-12,26.93,27.00,26.67,26.03,1261840.0,33552456.0
2015-03-11,26.92,27.09,26.99,26.29,1762305.0,47064068.0
2015-03-10,27.18,27.90,26.93,26.73,1859527.0,50833248.0
2015-03-09,27.13,27.28,27.18,26.49,872826.0,23597476.0
2015-03-06,28.20,28.20,27.27,26.81,2319253.0,63350344.0
2015-03-05,27.91,28.41,28.22,27.32,2858892.0,79803008.0
2015-03-04,27.03,28.69,28.47,26.46,3773449.0,103836440.0
2015-03-03,26.86,28.31,27.39,26.75,3619827.0,100143392.0
2015-03-02,26.19,27.13,26.86,26.19,2989669.0,80336216.0
2015-02-27,25.91,26.09,25.90,25.48,2595723.0,67238760.0
2015-02-26,26.44,26.88,25.86,25.51,2532181.0,66062984.0
2015-02-25,26.28,27.05,26.11,25.96,2244430.0,59436536.0
2015-02-17,26.12,26.43,26.28,25.47,1375412.0,35881504.0
2015-02-16,25.09,26.12,25.85,25.09,1644496.0,42344600.0
2015-02-13,24.63,25.53,25.06,24.63,1723550.0,43298040.0
2015-02-12,24.49,24.89,24.77,24.29,1253964.0,30952454.0
2015-02-11,25.19,25.21,24.60,23.93,1650239.0,40751472.0
2015-02-10,25.43,25.43,25.09,24.45,657468.0,16380234.0
2015-02-09,24.74,25.74,25.03,24.59,840070.0,21176282.0
2015-02-06,26.45,26.73,25.10,24.94,1288156.0,32981318.0
2015-02-05,26.39,27.05,26.45,25.83,1632421.0,43497048.0
2015-02-04,26.15,26.72,26.13,25.64,1320865.0,34703476.0
2015-02-03,25.48,26.73,26.04,25.48,1782445.0,46635252.0
2015-02-02,24.83,25.68,25.37,24.58,2263815.0,57467796.0
2015-01-30,24.83,25.51,24.83,24.43,2036809.0,51031924.0
2015-01-29,24.58,24.86,24.86,24.27,1183288.0,29296570.0
2015-01-28,24.43,25.03,24.59,24.31,827285.0,20385352.0
2015-01-27,25.31,25.31,24.55,23.99,1889018.0,46463016.0
2015-01-26,24.86,25.05,24.97,24.41,1758835.0,43563592.0
2015-01-23,24.68,25.33,24.86,24.43,2348568.0,58498712.0
2015-01-22,24.03,25.02,24.68,23.99,2779387.0,68257448.0
2015-01-21,23.73,25.08,23.98,23.73,6349477.0,154778064.0
2015-01-20,23.24,23.79,23.75,22.62,2340761.0,54196552.0
2015-01-19,23.49,23.90,22.85,21.94,2042666.0,47555264.0
2015-01-16,23.83,24.07,23.83,23.53,1267215.0,30226568.0
2015-01-15,23.97,24.38,23.62,23.54,1482789.0,35693184.0
2015-01-14,23.88,24.34,23.99,23.29,2192999.0,52501288.0
2015-01-13,22.55,24.37,23.83,22.54,2812563.0,66929716.0
2015-01-12,22.74,23.07,22.69,22.34,928747.0,21191908.0
2015-01-09,22.39,23.72,22.94,22.37,3065509.0,71418704.0
2015-01-08,22.23,22.63,22.34,21.85,1089556.0,24291434.0
2015-01-07,22.21,22.62,22.18,22.06,694068.0,15443560.0
2015-01-06,21.42,22.99,22.34,21.21,2993353.0,66957228.0
2015-01-05,21.41,21.88,21.42,20.46,2990278.0,63386688.0
2014-12-31,21.20,21.77,21.58,20.96,2059894.0,43865852.0
2014-12-30,22.29,22.29,21.19,20.99,2695540.0,58013108.0
2014-12-29,22.97,23.04,22.21,21.75,3382262.0,75216032.0
2014-12-26,22.22,22.97,22.95,22.22,1842376.0,41833340.0
2014-12-25,22.52,23.02,22.52,22.36,1974327.0,45000116.0
2014-12-24,21.99,22.69,22.54,21.89,2271635.0,50739816.0
2014-12-23,22.30,22.47,21.83,21.59,1262310.0,27856048.0
2014-12-22,23.44,23.44,22.01,21.85,2967231.0,66235648.0
2014-12-19,23.72,23.96,23.61,22.93,3128182.0,72846432.0
2014-12-18,23.72,24.03,23.71,23.54,837542.0,19980400.0
2014-12-17,23.77,23.89,23.76,23.04,1976596.0,46529856.0
2014-12-16,24.59,24.91,23.77,23.64,1694931.0,41081836.0
2014-12-15,24.60,24.83,24.64,24.03,2750233.0,67576032.0
2014-12-12,24.08,24.88,24.69,24.08,2719596.0,67218664.0
2014-12-11,22.92,24.11,23.98,22.72,2912270.0,69068936.0
2014-12-10,21.70,23.52,22.90,21.50,4253107.0,96705648.0
2014-12-09,23.29,23.83,21.70,21.70,6157150.0,139357584.0
2014-12-08,23.63,24.28,23.29,22.97,4259716.0,100131744.0
2014-12-05,25.38,25.41,23.93,22.93,5281640.0,126773160.0
2014-12-04,25.37,26.19,25.46,25.20,2371608.0,61143900.0
2014-12-03,25.79,26.12,25.73,24.63,4635814.0,116760584.0
2014-12-02,25.86,27.27,25.81,25.71,2564157.0,67632496.0
2014-12-01,26.13,26.42,26.17,24.71,2247954.0,57475424.0
2014-11-28,26.91,27.79,26.23,26.23,2420685.0,65488028.0
2014-11-27,27.62,27.62,26.91,26.43,1819456.0,48843128.0
2014-11-26,26.49,27.90,27.52,26.09,3091089.0,83895000.0
2014-11-25,25.28,26.42,26.39,25.10,2108621.0,54804608.0
2014-11-24,25.87,26.21,25.28,24.93,2156973.0,55185636.0
2014-11-21,24.09,26.11,25.85,24.09,2407706.0,60628648.0
2014-11-20,24.07,24.51,24.26,23.71,1757593.0,42267388.0
2014-11-19,23.83,24.68,24.40,23.70,974000.0,23759408.0
2014-11-18,23.94,24.63,23.82,23.56,1656725.0,40104540.0
2014-11-17,22.64,24.63,24.15,22.64,4113847.0,98702456.0
2014-11-14,23.05,23.05,22.46,22.44,1300634.0,29500868.0
2014-11-13,24.21,24.21,23.05,22.23,3531758.0,81305256.0
2014-11-12,24.61,24.74,24.25,23.83,1871192.0,45363716.0
2014-11-11,24.91,25.21,24.81,24.23,2794766.0,69134848.0
2014-11-10,23.89,25.13,25.13,23.73,4191396.0,103924832.0
2014-11-07,24.08,25.28,23.91,23.58,4162072.0,102615120.0
2014-11-06,24.81,24.90,24.21,24.14,2411141.0,58858788.0
2014-11-05,24.56,24.90,24.84,24.14,2061835.0,50614872.0
2014-11-04,24.91,25.23,24.57,24.16,3543809.0,88058056.0
2014-11-03,23.86,25.50,24.59,23.55,3605319.0,89137400.0
2014-10-31,24.13,24.28,23.86,23.53,2305930.0,55127360.0
2014-10-30,24.23,24.53,24.37,23.71,3323729.0,79868184.0
2014-10-29,24.13,24.91,24.30,23.59,4479281.0,109412080.0
2014-10-28,23.91,24.37,24.12,23.48,4248755.0,101586520.0
2014-10-27,22.34,23.91,23.88,22.02,4712646.0,110675152.0
2014-10-24,22.46,22.74,22.29,21.98,1904650.0,42805744.0
2014-10-23,22.75,23.73,22.46,21.99,5060957.0,114988176.0
2014-10-22,22.14,23.44,23.02,21.97,5450995.0,124866288.0
2014-10-21,21.27,23.17,22.14,21.15,4116409.0,91296208.0
2014-10-20,21.09,21.59,21.28,20.45,4170163.0,88498224.0
2014-10-16,20.83,20.94,20.57,20.49,1777587.0,36968784.0
2014-10-15,20.56,20.91,20.89,20.52,1294750.0,26928304.0
2014-10-14,20.89,21.00,20.69,20.39,1325037.0,27623070.0
2014-10-13,21.18,21.22,20.86,20.72,1180668.0,24729772.0
2014-10-10,21.24,21.32,21.25,20.86,1959053.0,41388140.0
2014-10-09,21.22,21.50,21.18,20.74,1605323.0,34056868.0
2014-10-08,20.90,21.17,21.05,20.74,1895539.0,39869064.0
2014-09-30,20.90,21.14,20.91,20.71,1049452.0,22040876.0
2014-09-29,20.41,21.05,20.90,20.19,1646629.0,34101504.0
2014-09-26,20.18,20.36,20.31,19.97,1222617.0,24812592.0
2014-09-25,20.45,20.54,20.14,19.96,1265594.0,25731862.0
2014-09-24,20.09,20.46,20.44,19.99,1148295.0,23334354.0
2014-09-23,20.34,20.34,20.18,19.92,766448.0,15477360.0
2014-09-22,20.33,20.33,20.04,19.81,1422608.0,28580630.0
2014-09-19,20.82,20.91,20.51,20.06,1861236.0,37960776.0
2014-09-18,20.44,20.84,20.82,20.06,862122.0,17647838.0
2014-09-17,20.45,20.67,20.33,19.70,1015915.0,20431906.0
2014-09-16,21.80,21.82,20.52,20.34,1692932.0,35731364.0
2014-09-15,21.68,21.94,21.71,21.46,1408137.0,30628552.0
2014-09-12,21.51,21.70,21.62,21.39,1115452.0,24127156.0
2014-09-11,20.85,21.73,21.68,20.77,3263125.0,69937416.0
2014-09-10,20.66,20.81,20.74,20.52,1529441.0,31667718.0
2014-09-09,20.49,20.64,20.62,20.34,837602.0,17231506.0
2014-09-05,21.00,21.00,20.49,20.42,1110828.0,22961128.0
2014-09-04,20.88,20.93,20.85,20.67,1411576.0,29483426.0
2014-09-03,20.60,20.92,20.85,20.60,1489135.0,31038156.0
2014-09-02,20.57,20.79,20.65,20.39,1095202.0,22652018.0
2014-09-01,20.04,20.64,20.60,19.94,1197637.0,24622804.0
2014-08-29,19.84,20.05,19.92,19.68,778676.0,15468189.0
2014-08-28,20.16,20.22,19.85,19.83,387145.0,7749295.0
2014-08-27,19.81,20.12,19.83,19.74,409541.0,8164425.0
2014-08-26,20.24,20.24,19.84,19.78,766989.0,15377908.0
2014-08-25,20.59,20.73,20.39,20.02,1125059.0,22962132.0
2014-08-22,20.49,20.87,20.69,20.49,869984.0,18040300.0
2014-08-21,20.20,20.62,20.62,20.20,966012.0,19843170.0
2014-08-20,20.41,20.79,20.51,20.20,863280.0,17802162.0
2014-08-19,20.81,20.94,20.46,20.36,1889060.0,38830328.0
2014-08-18,20.37,20.89,20.81,20.17,1051303.0,21775126.0
2014-08-15,20.36,20.43,20.37,20.14,730379.0,14865446.0
2014-08-14,19.48,20.41,20.34,19.48,2101550.0,42296844.0
2014-08-13,19.77,19.85,19.47,19.24,758493.0,14811950.0
2014-08-12,19.96,20.04,19.81,19.68,834978.0,16566773.0
2014-08-11,19.68,20.24,20.02,19.66,952255.0,18938434.0
2014-08-08,19.90,20.01,19.71,19.65,667456.0,13255937.0
2014-08-07,20.14,20.31,19.60,19.56,1223237.0,24473674.0
2014-08-06,20.39,20.41,20.22,20.00,1469437.0,29721884.0
2014-08-05,19.69,20.84,20.44,19.20,2250880.0,45610752.0
2014-08-04,19.32,19.91,19.70,19.28,2187319.0,43078592.0
2014-08-01,19.94,20.94,19.09,18.95,2315199.0,46586592.0
2014-07-31,19.00,20.08,19.89,18.69,1581083.0,30989184.0
2014-07-30,18.93,19.07,18.89,18.65,691726.0,13069647.0
2014-07-29,18.32,19.06,19.00,18.32,1143851.0,21522548.0
2014-07-28,18.08,18.40,18.25,18.08,718967.0,13152149.0
2014-07-25,17.45,18.38,18.04,17.45,451774.0,8177870.0
2014-07-24,18.83,18.83,17.70,17.65,569141.0,10286057.0
2014-07-23,18.42,18.42,18.15,17.55,482983.0,8698306.0
2014-07-22,18.20,18.53,18.46,18.11,260927.0,4802831.0
2014-07-21,18.30,18.30,18.29,17.87,280264.0,5104901.0
2014-07-18,18.08,18.22,18.22,17.74,480245.0,8713077.0
2014-07-17,17.89,18.18,17.95,17.45,501795.0,9024283.0
2014-07-16,18.18,18.40,18.15,17.46,875866.0,15664994.0
2014-07-15,18.63,18.83,18.30,18.23,652280.0,12046342.0
2014-07-14,18.74,18.83,18.76,18.47,437832.0,8175073.0
2014-07-11,18.56,18.93,18.60,18.48,290246.0,5433056.0
2014-07-10,18.76,18.76,18.60,18.46,361752.0,6746118.0
2014-07-09,19.30,19.45,18.73,18.73,811499.0,15640714.0
2014-07-08,19.49,19.49,19.20,18.85,767156.0,14704046.0
2014-07-07,18.46,19.55,19.48,18.12,1308499.0,24777096.0
2014-07-04,18.65,18.65,18.56,18.40,623805.0,11559164.0
2014-07-03,18.73,18.73,18.54,18.37,771950.0,14428203.0
2014-07-02,18.83,18.92,18.72,18.38,1003926.0,18785598.0
2014-07-01,18.75,18.88,18.81,18.41,586114.0,10981415.0
2014-06-30,18.65,19.01,18.83,18.53,876288.0,16446484.0
2014-06-27,18.35,18.83,18.60,18.20,772679.0,14318681.0
2014-06-26,17.64,18.35,18.31,17.42,522295.0,9442307.0
2014-06-25,17.55,17.87,17.63,17.32,359057.0,6338224.0
2014-06-24,17.40,17.84,17.83,17.40,460889.0,8161574.0
2014-06-23,17.20,17.75,17.55,17.20,373690.0,6564672.0
2014-06-20,17.08,17.42,17.28,17.00,353907.0,6084855.0
2014-06-19,17.79,17.79,17.24,17.12,309313.0,5426118.0
2014-06-18,17.87,17.96,17.66,17.50,231826.0,4110267.0
2014-06-17,18.36,18.56,17.93,17.85,512544.0,9307394.0
2014-06-16,17.95,18.59,18.45,17.95,840422.0,15535425.0
2014-06-13,17.45,18.28,17.95,17.43,780667.0,14018629.0
2014-06-12,17.41,17.62,17.45,17.40,323545.0,5670747.0
2014-06-11,17.33,17.67,17.63,17.28,657622.0,11534132.0
2014-06-10,17.16,17.51,17.36,17.10,362734.0,6297816.0
2014-06-09,17.25,17.31,17.22,17.07,247808.0,4275521.0
2014-06-06,17.21,17.39,17.25,17.10,257209.0,4438088.0
2014-06-05,17.15,17.41,17.32,17.00,445695.0,7700798.0
2014-06-04,17.07,17.54,17.21,16.35,962013.0,16240978.0
2014-06-03,17.15,17.29,17.15,17.09,388013.0,6680729.0
2014-05-30,17.05,17.20,17.16,16.92,443977.0,7612614.0
2014-05-29,17.45,17.61,16.94,16.86,820417.0,14103607.0
2014-05-28,17.35,17.61,17.50,17.24,431275.0,7552373.0
2014-05-27,17.23,17.70,17.52,17.11,1364944.0,23998344.0
2014-05-26,17.05,17.45,17.20,17.03,839621.0,14484090.0
2014-05-23,16.66,17.25,17.15,16.54,1537766.0,26197496.0
2014-05-22,16.93,17.63,16.96,16.90,2007628.0,34618804.0
2014-05-21,15.95,16.63,16.55,15.82,1992552.0,32272970.0
2014-05-20,16.14,16.45,15.91,15.88,1504429.0,24187264.0
2014-05-19,16.81,16.81,16.00,15.86,1672857.0,26954118.0
2014-05-16,17.02,17.23,16.69,16.32,1427497.0,24002034.0
2014-05-15,17.80,18.24,17.23,17.05,1050031.0,18520510.0
2014-05-14,18.55,18.60,17.83,17.45,1432842.0,25512658.0
2014-05-13,18.83,19.00,18.62,18.62,171654.0,5846882.0
2014-05-12,19.13,19.13,18.83,18.21,306732.0,10447917.0
2014-05-09,18.60,19.20,18.61,18.35,176904.0,5961061.0
2014-05-08,18.29,18.86,18.66,18.18,184560.0,6251900.0
2014-05-07,18.50,18.72,18.45,18.39,150900.0,5088385.0
2014-05-06,18.61,18.86,18.65,18.46,163526.0,5544997.0
2014-05-05,18.46,18.67,18.66,18.30,226660.0,7602477.0
2014-04-30,18.35,19.41,18.65,18.04,263876.0,8974867.0
2014-04-29,18.28,18.44,18.31,18.06,162997.0,5423594.0
2014-04-28,18.65,18.78,18.28,17.71,564822.0,18612334.0
2014-04-25,18.87,19.16,18.85,18.84,133466.0,4597153.0
2014-04-24,19.27,19.33,19.07,18.78,257898.0,8914741.0
2014-04-23,19.74,19.75,19.35,19.14,192400.0,6788190.0
2014-04-22,19.42,19.80,19.48,19.27,224768.0,7933165.0
2014-04-21,19.78,19.95,19.60,19.33,187443.0,6712378.0
2014-04-18,19.91,20.15,19.96,19.77,251289.0,9097422.0
2014-04-17,19.85,20.04,19.88,19.77,166600.0,6012384.0
2014-04-16,20.30,20.31,19.85,19.84,273474.0,9967549.0
2014-04-15,20.30,20.52,20.46,20.04,165046.0,6065477.0
2014-04-14,20.15,20.67,20.43,20.15,257495.0,9554442.0
2014-04-11,19.88,20.18,20.13,19.72,390823.0,14122369.0
2014-04-10,19.70,20.37,20.15,19.49,668001.0,24204858.0
2014-04-09,19.42,19.88,19.62,19.34,583888.0,20813384.0
2014-04-08,19.16,19.55,19.34,18.37,1186216.0,40407468.0
2014-04-04,19.22,19.35,19.16,19.01,325259.0,11324966.0
2014-04-03,19.42,19.60,19.21,19.00,435115.0,15265238.0
2014-04-02,20.10,20.55,19.42,19.29,500348.0,18000850.0
2014-04-01,20.16,20.42,20.26,19.99,288031.0,10565999.0
2014-03-31,19.55,20.26,20.20,19.35,436832.0,15825104.0
2014-03-28,19.44,20.09,19.84,18.72,683251.0,24333796.0
2014-03-27,19.88,20.03,19.55,19.44,373757.0,13363376.0
2014-03-26,19.24,20.14,19.98,19.24,655522.0,23665858.0
2014-03-25,19.66,19.83,19.24,19.14,1111931.0,38988508.0
2014-03-24,20.54,20.57,19.81,19.77,721360.0,26125658.0
2014-03-21,20.84,21.02,20.60,19.68,958493.0,35239940.0
2014-03-20,21.36,21.85,21.02,21.02,682940.0,26595294.0
2014-03-19,22.07,22.22,21.39,21.31,627995.0,24628954.0
2014-03-18,22.27,22.49,21.85,21.41,804619.0,32068472.0
2014-03-17,20.69,22.52,22.09,20.69,1843850.0,72849296.0
2014-03-14,20.38,20.75,20.48,20.21,266918.0,9936517.0
2014-03-13,20.13,20.57,20.42,19.99,299259.0,11060717.0
2014-03-12,20.38,20.43,20.15,19.85,457994.0,16794512.0
2014-03-11,19.67,20.63,20.37,19.67,535395.0,19748638.0
2014-03-10,20.31,20.31,19.85,19.83,458807.0,16687733.0
2014-03-07,20.93,21.28,20.37,20.26,721944.0,27076226.0
2014-03-06,21.52,21.52,21.28,20.71,249496.0,9552943.0
2014-03-05,21.37,21.75,21.36,21.03,363957.0,14072982.0
2014-03-04,21.66,21.82,21.36,20.81,430069.0,16599814.0
2014-03-03,21.25,22.57,21.91,20.37,905680.0,35125412.0
2014-02-28,20.36,21.39,21.28,20.17,1220465.0,45795184.0
2014-02-27,20.65,21.02,20.29,20.07,740370.0,27534702.0
2014-02-26,20.37,20.81,20.80,20.10,983569.0,36657632.0
2014-02-25,21.97,22.52,20.59,19.92,1594522.0,61061636.0
2014-02-24,22.22,22.22,22.13,21.53,549133.0,21804396.0
2014-02-21,22.02,22.50,22.28,21.81,597738.0,24011800.0
2014-02-20,22.60,22.95,22.03,21.53,828877.0,33320936.0
2014-02-19,23.86,23.86,22.87,22.57,1356050.0,56876228.0
2014-02-18,23.40,25.11,23.76,22.92,2434655.0,106337712.0
2014-02-17,20.90,22.83,22.83,20.80,2259771.0,91142352.0
2014-02-14,19.60,21.20,20.75,19.29,1540409.0,57444112.0
2014-02-13,19.43,20.18,19.60,19.11,1623403.0,57680328.0
2014-02-12,19.27,20.20,19.52,19.27,1269252.0,45226236.0
2014-02-11,19.54,19.60,19.27,18.98,1002359.0,35063708.0
2014-02-10,18.96,19.54,19.54,18.86,1042073.0,36334300.0
2014-02-07,18.36,18.92,18.91,18.14,496342.0,16719449.0
2014-01-30,18.78,19.05,18.32,18.31,384089.0,12897558.0
2014-01-29,18.79,19.08,18.93,18.69,430508.0,14748659.0
2014-01-28,18.84,19.23,19.05,18.76,218652.0,7572081.0
2014-01-27,19.05,19.25,18.90,18.82,462300.0,15952666.0
2014-01-24,19.27,19.35,19.28,19.06,430918.0,15065720.0
2014-01-23,18.60,19.38,19.20,18.60,553982.0,19278936.0
2014-01-22,18.47,18.75,18.60,17.90,445888.0,15036637.0
2014-01-21,18.12,18.69,18.51,17.83,428248.0,14263578.0
2014-01-20,18.87,18.87,18.15,17.78,645119.0,21468412.0
2014-01-17,19.68,19.82,18.78,18.75,580741.0,20329216.0
2014-01-16,20.09,20.25,19.77,19.67,306965.0,11092544.0
2014-01-15,20.54,20.58,20.09,19.72,779601.0,28704532.0
2014-01-14,19.05,20.09,20.07,19.05,464187.0,16561322.0
2014-01-13,19.24,19.46,19.19,18.78,407651.0,14145215.0
2014-01-10,19.27,19.27,19.24,18.47,337351.0,11650438.0
2014-01-09,19.40,19.43,19.16,19.02,439750.0,15284929.0
2014-01-08,19.08,19.99,19.37,19.08,579060.0,20477606.0
2014-01-07,19.31,19.55,19.02,18.56,939375.0,32159918.0
2014-01-06,19.81,19.87,19.46,19.44,380554.0,13575964.0
2014-01-03,20.01,20.34,19.87,19.84,432805.0,15661645.0
2014-01-02,20.66,20.66,20.34,19.84,988412.0,36015968.0
2013-12-31,19.82,20.79,20.73,19.41,830409.0,30471932.0
2013-12-30,20.36,20.36,20.04,19.46,942846.0,33869412.0
2013-12-27,19.43,20.31,20.07,19.27,1879734.0,68185296.0
2013-12-26,18.57,19.61,19.20,18.55,764143.0,26312368.0
2013-12-25,17.95,19.55,19.00,17.95,1295921.0,45413984.0
2013-12-24,17.39,17.78,17.77,17.39,197917.0,6343424.0
2013-12-23,17.73,17.84,17.45,17.16,217404.0,6865606.0
2013-12-20,17.39,17.82,17.70,16.74,615434.0,19146430.0
2013-12-19,17.52,17.83,17.45,17.45,214643.0,6865605.0
2013-12-18,18.10,18.33,17.70,17.40,542779.0,17433150.0
2013-12-17,17.92,18.58,18.33,17.07,1766231.0,57695376.0
2013-12-16,17.84,18.40,18.33,17.51,608556.0,19931722.0
2013-12-13,17.37,17.89,17.84,17.32,440662.0,14178874.0
2013-12-12,16.93,17.66,17.55,16.93,324202.0,10221510.0
2013-12-11,16.89,16.97,16.91,16.69,245617.0,7510007.0
2013-12-10,17.07,17.34,16.95,16.79,508160.0,15753912.0
2013-12-09,16.75,17.29,16.95,16.75,274094.0,8478359.0
2013-12-06,17.06,17.12,16.89,16.74,153826.0,4719039.0
2013-12-05,17.89,17.89,17.06,17.02,374644.0,11813724.0
2013-12-04,17.13,17.96,17.85,17.12,650455.0,20865152.0
2013-12-03,17.07,17.37,17.34,16.80,216444.0,6729828.0
2013-12-02,17.35,17.73,16.96,16.79,615775.0,19365474.0
2013-11-29,17.50,18.00,17.91,17.34,594028.0,19236498.0
2013-11-28,17.07,17.54,17.42,17.07,377388.0,11926167.0
2013-11-27,16.84,17.06,17.01,16.74,248283.0,7638592.0
2013-11-26,16.89,16.96,16.84,16.69,265396.0,8112438.0
2013-11-25,16.79,17.17,16.79,16.74,238288.0,7339241.0
2013-11-22,16.78,16.98,16.89,16.78,168459.0,5161141.0
2013-11-21,16.79,16.89,16.88,16.58,122248.0,3715927.0
2013-11-20,17.05,17.11,16.90,16.61,403263.0,12298991.0
2013-11-19,16.96,17.30,17.05,16.79,198401.0,6138439.0
2013-11-18,16.85,17.18,17.05,16.82,377276.0,11636843.0
2013-11-15,16.62,17.29,16.87,16.62,744899.0,22993622.0
2013-11-14,16.23,16.83,16.70,16.23,401916.0,12124857.0
2013-11-13,16.29,16.47,16.05,16.05,151750.0,4508577.0
2013-11-12,16.24,16.46,16.31,16.19,132109.0,3912854.0
2013-11-11,15.59,16.52,16.35,15.43,422266.0,12297674.0
2013-11-08,15.52,15.64,15.53,15.24,386145.0,10825671.0
2013-11-07,15.75,15.91,15.63,15.42,462208.0,13143611.0
2013-11-06,15.75,15.91,15.83,15.55,638859.0,18207868.0
2013-11-05,15.53,15.92,15.74,15.39,334840.0,9542980.0
2013-11-04,16.04,16.04,15.53,15.42,1039054.0,29588916.0
2013-11-01,16.52,16.68,16.08,16.02,857706.0,25521640.0
2013-10-31,16.49,16.87,16.61,16.41,285973.0,8609829.0
2013-10-30,16.33,16.49,16.49,16.22,214169.0,6355665.0
2013-10-29,16.45,16.63,16.33,15.97,507017.0,14966751.0
2013-10-28,15.51,16.44,16.35,15.51,742383.0,21523868.0
2013-10-25,16.56,16.88,15.69,15.42,1196646.0,34478092.0
2013-10-24,16.49,16.68,16.51,16.29,201129.0,6042324.0
2013-10-23,17.25,17.28,16.52,15.87,1105348.0,33203356.0
2013-10-22,17.77,17.77,17.15,17.04,751016.0,23512500.0
2013-10-21,17.62,18.19,17.73,17.49,861943.0,27774472.0
2013-10-18,18.31,18.31,17.60,17.48,965228.0,30952842.0
2013-10-17,17.88,18.89,18.33,17.88,763003.0,25534402.0
2013-10-16,18.56,18.56,17.89,17.58,570329.0,18477990.0
2013-10-15,18.64,18.94,18.54,18.36,466779.0,15796215.0
2013-10-14,18.06,18.68,18.64,17.89,514553.0,17178624.0
2013-10-11,18.06,18.18,18.03,17.67,630357.0,20592966.0
2013-10-10,18.41,18.59,18.03,17.94,348866.0,11519346.0
2013-10-09,18.34,18.61,18.41,18.17,817147.0,27406270.0
2013-10-08,18.13,18.78,18.34,17.75,589571.0,19651978.0
2013-09-30,17.61,18.10,17.85,17.61,539741.0,17536890.0
2013-09-27,17.13,17.60,17.50,17.12,245898.0,7790818.0
2013-09-26,17.35,17.52,17.21,17.13,444475.0,13945337.0
2013-09-25,17.68,18.06,17.45,17.41,551811.0,17777492.0
2013-09-24,17.92,18.18,17.78,17.54,550277.0,17762978.0
2013-09-23,17.51,18.20,18.11,17.35,499946.0,16360471.0
2013-09-18,17.78,17.82,17.58,17.15,536222.0,16949784.0
2013-09-17,17.55,18.36,17.78,17.55,1351941.0,43874140.0
2013-09-16,17.44,17.78,17.53,17.41,638552.0,20434284.0
2013-09-13,17.07,17.48,17.43,16.88,398318.0,12480417.0
2013-09-12,17.80,17.94,17.18,17.08,967323.0,30484524.0
2013-09-11,17.73,17.98,17.73,17.27,562461.0,17926600.0
2013-09-10,17.91,18.12,17.80,17.07,1146742.0,36415188.0
2013-09-09,18.29,18.88,18.04,17.62,1002164.0,33069376.0
2013-09-06,18.39,18.71,18.42,18.05,1063485.0,35327540.0
2013-09-05,18.23,18.70,18.57,17.89,691146.0,23127714.0
2013-09-04,18.40,19.15,18.23,17.83,997899.0,33544716.0
2013-09-03,16.63,18.45,18.45,16.63,1294802.0,42287644.0
2013-09-02,16.41,17.19,16.77,16.41,1071484.0,32720380.0
2013-08-30,17.83,17.83,16.52,16.52,964892.0,29987418.0
2013-08-29,17.77,17.93,17.75,17.15,924595.0,29462566.0
2013-08-28,17.01,18.76,17.89,16.74,1808819.0,59003988.0
2013-08-27,16.38,17.11,17.07,16.23,1272420.0,38963164.0
2013-08-26,15.97,16.39,16.38,15.95,427913.0,12536564.0
2013-08-23,16.11,16.27,15.98,15.69,577714.0,16722455.0
2013-08-22,15.59,16.52,16.14,15.55,1109040.0,32507484.0
2013-08-21,15.50,15.63,15.54,15.42,218389.0,6159744.0
2013-08-20,15.31,15.75,15.55,15.25,856192.0,24179126.0
2013-08-19,14.74,15.30,15.28,14.65,619682.0,16956062.0
2013-08-16,15.17,15.49,14.73,14.70,647499.0,17748570.0
2013-08-15,15.59,15.80,15.24,15.19,557889.0,15670574.0
2013-08-14,15.79,16.02,15.66,15.64,426743.0,12239151.0
2013-08-13,15.38,16.16,15.91,15.31,683434.0,19610136.0
2013-08-12,15.51,15.74,15.42,15.06,828843.0,23110228.0
2013-08-09,15.86,15.98,15.46,15.20,639424.0,18068324.0
2013-08-08,15.70,16.18,15.83,15.55,623327.0,18034060.0
2013-08-07,15.97,16.06,15.85,15.41,1086810.0,31067798.0
2013-08-06,15.41,16.10,15.85,15.22,2169186.0,61698252.0
2013-08-05,15.09,15.56,15.33,14.93,822014.0,22707702.0
2013-08-02,14.98,15.53,15.09,14.88,1362931.0,37823676.0
2013-08-01,14.45,15.14,14.89,14.43,1364624.0,36906808.0
2013-07-31,14.38,14.77,14.21,14.17,680637.0,17825272.0
2013-07-30,14.41,14.84,14.33,13.65,1212095.0,31117780.0
2013-07-29,14.41,14.86,14.33,14.26,637090.0,16963030.0
2013-07-26,14.84,15.01,14.33,14.12,1109329.0,29234108.0
2013-07-25,15.55,15.62,14.84,14.70,636340.0,17582422.0
2013-07-24,14.92,15.66,15.66,14.86,1449271.0,40577328.0
2013-07-23,14.33,15.00,14.84,14.30,633929.0,17078818.0
2013-07-22,13.91,14.33,14.33,13.81,831369.0,21395918.0
2013-07-19,14.55,14.83,13.89,13.77,728470.0,18944268.0
2013-07-18,14.52,14.76,14.55,14.42,440554.0,11728879.0
2013-07-17,15.01,15.21,14.62,14.52,484559.0,13125002.0
2013-07-16,14.95,15.25,15.01,14.90,728198.0,20013560.0
2013-07-15,14.29,15.25,15.22,14.29,1275428.0,34815912.0
2013-07-12,13.85,14.35,14.26,13.85,1122173.0,28935966.0
2013-07-11,13.69,14.23,13.87,13.48,1378830.0,34790760.0
2013-07-10,13.61,13.84,13.72,13.28,714250.0,17574242.0
2013-07-09,13.48,13.63,13.57,13.40,419985.0,10384441.0
2013-07-08,13.77,13.95,13.48,13.31,509131.0,12639369.0
2013-07-05,14.58,14.64,14.15,14.15,517170.0,13538602.0
2013-07-04,14.62,14.72,14.63,14.29,288029.0,7653685.0
2013-07-03,14.38,14.69,14.60,14.23,370083.0,9757487.0
2013-07-02,13.69,14.50,14.50,13.63,746134.0,19413132.0
2013-07-01,13.40,13.83,13.81,13.15,486112.0,12004062.0
2013-06-28,13.91,14.28,13.40,13.14,863006.0,21373826.0
2013-06-27,14.78,15.20,14.18,14.17,603417.0,16166258.0
2013-06-26,14.23,15.08,14.85,13.87,927721.0,24579970.0
2013-06-25,13.83,14.39,14.23,13.36,1189605.0,30293232.0
2013-06-24,15.14,15.14,13.89,13.66,1053863.0,27645638.0
2013-06-21,14.22,15.18,15.18,13.69,778997.0,20748994.0
2013-06-20,14.64,14.93,14.51,14.43,668163.0,17807226.0
2013-06-19,14.29,14.78,14.70,14.18,623807.0,16604705.0
2013-06-18,14.26,14.49,14.47,13.96,477754.0,12401517.0
2013-06-17,14.18,14.45,14.29,14.11,670358.0,17449298.0
2013-06-14,13.35,14.11,14.10,13.35,717553.0,18163728.0
2013-06-13,13.40,13.46,13.33,12.93,383075.0,9255620.0
2013-06-07,13.91,14.20,13.52,13.37,935465.0,23337538.0
2013-06-06,14.23,14.26,13.92,13.91,222662.0,5729127.0
2013-06-05,13.91,14.46,14.32,13.91,792995.0,20707598.0
2013-06-04,14.34,14.35,13.95,13.83,958853.0,24520116.0
2013-06-03,14.61,14.81,14.36,14.15,940484.0,24934204.0
2013-05-31,14.26,14.78,14.57,13.92,924751.0,24167272.0
2013-05-30,13.58,14.58,14.20,13.55,1185807.0,30659632.0
2013-05-29,13.22,13.67,13.60,13.14,635163.0,15638318.0
2013-05-28,13.31,13.47,13.25,13.02,687336.0,16662349.0
2013-05-27,13.52,13.78,13.26,13.24,801012.0,19790184.0
2013-05-24,13.25,13.52,13.52,13.20,539527.0,13185155.0
2013-05-23,13.11,13.51,13.30,13.10,590522.0,14348546.0
2013-05-22,13.52,13.52,13.20,13.06,748267.0,18013920.0
2013-05-21,13.67,13.69,13.49,13.28,1032494.0,25356688.0
2013-05-20,13.47,13.66,13.65,13.14,945738.0,23086552.0
2013-05-17,13.48,13.66,13.42,13.31,665358.0,16402129.0
2013-05-16,13.47,13.63,13.47,13.29,1110173.0,27363314.0
2013-05-15,13.17,13.80,13.57,13.12,1196589.0,29580630.0
2013-05-14,13.24,13.30,13.24,12.89,1395564.0,33351176.0
2013-05-13,12.60,13.25,13.25,12.49,1666236.0,39455012.0
2013-05-10,12.55,12.78,12.63,12.45,1172461.0,27085620.0
2013-05-09,12.44,12.65,12.59,12.22,1601444.0,36216556.0
2013-05-08,11.98,12.53,12.44,11.98,1167972.0,26255506.0
2013-05-07,12.19,12.32,11.91,11.86,2011284.0,44116968.0
2013-05-06,12.12,12.53,12.28,12.12,1565718.0,35443524.0
2013-05-03,11.79,12.12,12.07,11.70,1053919.0,23094154.0
2013-05-02,11.37,11.77,11.71,11.37,1058195.0,22305580.0
2013-04-26,11.56,11.60,11.49,11.23,678877.0,14189321.0
2013-04-25,11.50,11.77,11.50,11.46,960164.0,20321520.0
2013-04-24,11.66,11.73,11.53,11.49,1568887.0,33217816.0
2013-04-23,12.16,12.16,11.65,11.65,971887.0,20989590.0
2013-04-22,11.78,12.26,12.16,11.78,1394387.0,30804618.0
2013-04-19,11.95,12.13,11.99,11.89,904709.0,19890812.0
2013-04-18,11.78,11.98,11.92,11.72,632283.0,13712254.0
2013-04-17,11.77,11.82,11.79,11.67,301631.0,6472565.0
2013-04-16,11.65,12.01,11.79,11.55,568848.0,12258955.0
2013-04-15,11.72,11.85,11.79,11.33,1013485.0,21429908.0
2013-04-12,11.50,12.02,11.78,11.49,1943853.0,41712512.0
2013-04-09,11.30,11.47,11.34,11.21,690557.0,14294366.0
2013-04-08,11.34,11.34,11.30,10.96,907162.0,18583928.0
2013-04-03,11.29,11.54,11.40,11.28,732301.0,15284301.0
2013-04-02,11.63,11.76,11.34,11.30,1126937.0,23598346.0
2013-04-01,11.54,11.84,11.67,11.41,856020.0,18168510.0
2013-03-29,11.93,11.94,11.56,11.47,1594826.0,33723320.0
2013-03-28,12.13,12.13,11.89,11.75,941148.0,20420088.0
2013-03-27,11.98,12.19,12.19,11.90,1110319.0,24440628.0
2013-03-26,11.82,12.02,11.98,11.70,1063424.0,23057914.0
2013-03-25,12.09,12.22,11.83,11.72,1896913.0,41530208.0
2013-03-22,12.32,12.32,12.05,11.94,1627314.0,35872044.0
2013-03-21,12.26,12.54,12.36,12.16,1558095.0,35126572.0
2013-03-20,11.64,12.41,12.33,11.64,1589595.0,34863688.0
2013-03-19,12.10,12.32,11.64,11.47,2490627.0,54241156.0
2013-03-18,12.44,12.62,12.48,12.23,1037792.0,23549992.0
2013-03-15,12.20,12.71,12.47,12.20,2417083.0,55107632.0
2013-03-14,11.81,12.27,12.16,11.72,1085985.0,23729540.0
2013-03-13,11.77,12.01,11.92,11.61,937322.0,20177562.0
2013-03-12,12.11,12.12,11.80,11.59,2033811.0,43890964.0
2013-03-11,12.26,12.53,12.02,11.85,1836622.0,40912380.0
2013-03-08,12.48,12.73,12.26,12.04,2674115.0,60792316.0
2013-03-07,11.53,12.62,12.54,11.50,4395731.0,97774224.0
2013-03-06,11.34,11.69,11.58,11.34,1301038.0,27418718.0
2013-03-05,11.10,11.40,11.36,11.04,1019843.0,20841124.0
2013-03-04,11.50,11.66,11.10,10.87,1866195.0,38648076.0
2013-03-01,11.32,11.69,11.50,11.32,1572107.0,33110866.0
2013-02-28,10.99,11.38,11.32,10.97,984199.0,20129900.0
2013-02-27,10.83,11.03,10.96,10.78,989386.0,19765880.0
2013-02-26,11.16,11.22,10.91,10.90,1109559.0,22404802.0
2013-02-25,10.97,11.22,11.17,10.96,836041.0,16936644.0
2013-02-22,11.33,11.42,11.00,10.89,1766742.0,35757864.0
2013-02-21,11.74,11.75,11.34,11.22,1193501.0,24950462.0
2013-02-20,11.46,11.81,11.80,11.43,990218.0,21071976.0
2013-02-19,11.73,11.73,11.47,11.44,974110.0,20566642.0
2013-02-18,11.50,11.79,11.70,11.41,1232712.0,26200438.0
2013-02-08,11.29,11.53,11.47,11.14,1186299.0,24550558.0
2013-02-07,11.23,11.28,11.28,11.01,883265.0,17997810.0
2013-02-06,11.08,11.43,11.27,10.98,1008527.0,20708372.0
2013-02-05,10.74,11.07,11.04,10.68,645659.0,12918212.0
2013-02-04,11.17,11.32,10.74,10.74,958678.0,19278712.0
2013-02-01,11.01,11.30,11.17,10.97,1706396.0,34843356.0
2013-01-31,10.83,11.06,10.94,10.51,1039503.0,20302246.0
2013-01-30,10.98,11.30,10.80,10.73,1484106.0,29738566.0
2013-01-29,10.94,11.05,10.95,10.87,758684.0,15185477.0
2013-01-28,10.73,10.95,10.94,10.62,1346792.0,26650422.0
2013-01-25,10.54,10.88,10.71,10.48,1405305.0,27452904.0
2013-01-24,11.23,11.44,10.51,10.40,1759385.0,34923800.0
2013-01-23,11.18,11.36,11.17,10.95,904033.0,18397000.0
2013-01-22,11.55,11.60,11.26,11.11,1385653.0,28750408.0
2013-01-21,11.44,11.66,11.57,11.22,1626448.0,33929808.0
2013-01-18,11.52,11.70,11.46,11.37,1415276.0,29767812.0
2013-01-17,11.37,11.64,11.48,11.23,1218632.0,25399520.0
2013-01-16,11.31,11.50,11.38,11.15,1308607.0,27025954.0
2013-01-15,11.30,11.77,11.45,11.23,1920253.0,40394012.0
2013-01-14,10.78,11.28,11.19,10.70,1227791.0,24869258.0
2013-01-11,10.96,11.10,10.82,10.80,1417969.0,28311266.0
2013-01-10,10.95,11.20,10.95,10.81,1260131.0,25260286.0
2013-01-09,11.14,11.43,10.94,10.84,1810098.0,36884564.0
2013-01-08,10.68,11.43,11.14,10.62,3064122.0,62326388.0
2013-01-07,10.46,10.68,10.68,10.42,1457283.0,28022844.0
2013-01-04,10.41,10.65,10.48,10.41,1482703.0,28422136.0
2012-12-31,10.52,10.76,10.38,10.30,1544274.0,29616010.0
2012-12-28,10.10,10.49,10.47,10.02,2271446.0,42579520.0
2012-12-27,10.69,10.88,10.13,10.08,2612409.0,49842148.0
2012-12-26,10.49,10.70,10.66,10.37,1821268.0,35084728.0
2012-12-25,10.34,10.70,10.51,10.24,2875598.0,54895244.0
2012-12-24,10.58,10.72,10.40,10.22,3458801.0,65548184.0
2012-12-21,10.56,10.65,10.57,10.32,1850618.0,35331860.0
2012-12-20,10.07,10.83,10.59,10.02,3401464.0,64783340.0
2012-12-19,10.31,10.56,10.37,10.19,1404353.0,26656464.0
2012-12-18,9.93,10.76,10.30,9.86,2316542.0,43768448.0
2012-12-17,10.01,10.06,9.96,9.76,1365185.0,24725416.0
2012-12-14,9.59,10.04,10.00,9.55,2557684.0,45908580.0
2012-12-13,9.48,9.83,9.57,9.44,1913048.0,33713264.0
2012-12-12,9.42,9.55,9.48,9.34,946705.0,16341379.0
2012-12-11,9.66,9.70,9.39,9.39,964303.0,16735244.0
2012-12-10,9.57,9.72,9.66,9.36,1756114.0,30781234.0
2012-12-07,9.33,9.61,9.51,9.24,1070224.0,18503460.0
2012-12-06,9.38,9.43,9.36,9.32,397001.0,6785248.0
2012-12-05,9.04,9.51,9.36,9.02,1210836.0,20612164.0
2012-12-04,8.85,9.13,9.09,8.82,454270.0,7442921.0
2012-12-03,8.88,8.99,8.92,8.85,537706.0,8770010.0
2012-11-30,8.95,9.08,8.93,8.81,384662.0,6269775.0
2012-11-29,8.95,9.11,9.01,8.91,406742.0,6693209.0
2012-11-28,8.94,8.98,8.96,8.76,604815.0,9817281.0
2012-11-27,9.49,9.49,9.09,9.01,1427231.0,23866468.0
2012-11-26,9.76,9.76,9.47,9.36,2185082.0,38153160.0
2012-11-23,9.34,9.96,9.78,9.32,2471473.0,43730936.0
2012-11-22,9.34,9.40,9.34,9.25,242412.0,4123425.0
2012-11-21,9.25,9.47,9.43,9.15,404303.0,6867480.0
2012-11-20,9.21,9.39,9.28,9.17,909762.0,15444347.0
2012-11-19,9.10,9.20,9.17,9.10,306199.0,5120367.0
2012-11-16,9.04,9.17,9.14,9.03,450951.0,7514219.0
2012-11-15,9.36,9.42,9.10,9.09,507363.0,8540501.0
2012-11-14,9.40,9.43,9.39,9.28,320327.0,5467431.0
2012-11-13,9.54,9.58,9.39,9.22,616308.0,10570123.0
2012-11-12,9.54,9.74,9.57,9.46,1370120.0,24078300.0
2012-11-09,9.28,9.68,9.57,9.28,1377839.0,23978278.0
2012-11-08,9.36,9.41,9.31,9.31,404976.0,6916141.0
2012-11-07,9.53,9.57,9.42,9.40,656158.0,11410705.0
2012-11-06,9.40,9.57,9.51,9.35,626740.0,10871353.0
2012-11-05,9.38,9.55,9.44,9.38,399168.0,6907243.0
2012-11-02,9.37,9.49,9.45,9.29,577504.0,9925345.0
2012-11-01,9.34,9.50,9.42,9.33,806349.0,13904063.0
2012-10-31,9.13,9.42,9.33,9.07,683344.0,11656644.0
2012-10-30,9.07,9.19,9.12,9.01,114053.0,1900494.0
2012-10-29,8.95,9.10,9.04,8.95,90717.0,1500103.0
2012-10-26,9.28,9.31,9.03,8.98,587806.0,9828707.0
2012-10-25,9.21,9.32,9.24,9.20,653632.0,11060978.0
2012-10-24,9.20,9.24,9.21,9.14,139454.0,2340362.0
2012-10-23,9.24,9.37,9.25,9.04,877184.0,14761611.0
2012-10-22,9.21,9.22,9.21,9.09,389992.0,6518067.0
2012-10-19,9.44,9.51,9.25,9.18,893725.0,15242788.0
2012-10-18,9.34,9.50,9.39,9.31,712926.0,12282645.0
2012-10-17,9.28,9.36,9.32,9.22,385477.0,6544490.0
2012-10-16,9.27,9.46,9.34,9.22,429502.0,7338297.0
2012-10-15,9.34,9.40,9.33,9.17,541842.0,9189734.0
2012-10-12,9.36,9.49,9.38,9.22,424287.0,7270932.0
2012-10-11,9.49,9.52,9.31,9.30,650766.0,11174082.0
2012-10-10,9.36,9.68,9.49,9.28,1201069.0,20869498.0
2012-10-09,9.06,9.39,9.38,9.01,1178186.0,19827716.0
2012-10-08,9.20,9.20,9.03,8.97,230237.0,3807386.0
2012-09-28,9.06,9.21,9.20,8.98,445159.0,7385250.0
2012-09-27,8.96,9.43,9.19,8.96,537910.0,9046035.0
2012-09-26,9.47,9.47,9.19,8.93,399161.0,6680758.0
2012-09-25,9.44,9.47,9.40,9.36,186459.0,3205705.0
2012-09-24,9.27,9.45,9.45,9.20,350573.0,5991782.0
2012-09-21,9.31,9.34,9.29,9.19,205900.0,3490556.0
2012-09-20,9.27,9.36,9.30,9.19,427828.0,7239550.0
2012-09-19,9.34,9.38,9.38,9.20,238122.0,4040260.0
2012-09-18,9.32,9.42,9.36,9.20,418257.0,7117452.0
2012-09-17,9.42,9.51,9.42,9.30,451831.0,7741637.0
2012-09-14,9.53,9.56,9.51,9.44,1132323.0,19627538.0
2012-09-13,9.66,9.66,9.49,9.36,1731987.0,30117690.0
2012-09-12,9.61,9.70,9.68,9.56,1110629.0,19506944.0
2012-09-11,9.64,9.88,9.65,9.47,1970755.0,34991464.0
2012-09-10,9.55,9.69,9.62,9.32,2552781.0,44588096.0
2012-09-07,9.09,9.74,9.32,9.02,2921500.0,49588564.0
2012-09-06,8.89,8.94,8.89,8.82,417674.0,6776518.0
2012-09-05,8.75,8.88,8.88,8.68,625562.0,10072867.0
2012-09-04,8.85,8.96,8.78,8.78,572616.0,9277951.0
2012-09-03,8.76,8.84,8.79,8.71,462945.0,7432709.0
2012-08-31,8.64,8.86,8.74,8.63,553701.0,8830219.0
2012-08-30,9.09,9.23,8.84,8.64,1954126.0,31831848.0
2012-08-29,8.60,8.79,8.73,8.49,358658.0,5689893.0
2012-08-28,8.64,8.80,8.65,8.50,328228.0,5180348.0
2012-08-27,8.79,8.90,8.74,8.71,231251.0,3719692.0
2012-08-24,8.92,8.97,8.85,8.85,241158.0,3918973.0
2012-08-23,8.92,9.01,8.92,8.83,341312.0,5552679.0
2012-08-22,9.01,9.05,8.93,8.92,387535.0,6370243.0
2012-08-21,8.92,9.01,9.01,8.91,415768.0,6816193.0
2012-08-20,8.90,8.96,8.91,8.76,210212.0,3404780.0
2012-08-17,8.80,8.91,8.90,8.80,118598.0,1917560.0
2012-08-16,8.81,8.90,8.87,8.81,171203.0,2772189.0
2012-08-15,8.99,8.99,8.86,8.76,345268.0,5574172.0
2012-08-14,8.92,9.02,8.99,8.85,361319.0,5894443.0
2012-08-13,9.05,9.08,8.86,8.85,585106.0,9557321.0
2012-08-10,9.20,9.21,9.08,9.01,920757.0,15270249.0
2012-08-09,9.05,9.21,9.21,8.93,1297898.0,21631084.0
2012-08-08,9.24,9.24,9.02,9.01,1090222.0,18105932.0
2012-08-07,9.32,9.32,9.18,9.12,1202531.0,20232304.0
2012-08-06,9.21,9.39,9.36,9.21,682300.0,11625095.0
2012-08-03,9.19,9.22,9.22,9.09,202350.0,3385879.0
2012-08-02,9.04,9.18,9.14,9.04,299457.0,4988951.0
2012-08-01,8.94,9.13,9.10,8.82,281267.0,4649143.0
2012-07-31,9.02,9.05,8.90,8.82,253212.0,4120273.0
2012-07-30,9.02,9.11,9.02,8.96,413748.0,6812670.0
2012-07-27,9.30,9.33,9.05,9.03,1082738.0,18013836.0
2012-07-26,9.46,9.55,9.30,9.25,1009964.0,17229152.0
2012-07-25,9.28,9.76,9.55,9.21,1547399.0,26978232.0
2012-07-24,9.31,9.52,9.33,9.19,1114627.0,19027378.0
2012-07-23,9.72,9.84,9.52,9.39,1708893.0,29881412.0
2012-07-20,9.41,9.54,9.31,9.27,534593.0,9230797.0
2012-07-19,9.40,9.63,9.47,9.40,582488.0,10124826.0
2012-07-18,9.20,9.44,9.43,9.20,401161.0,6835406.0
2012-07-17,9.07,9.29,9.28,8.99,434363.0,7221838.0
2012-07-16,9.36,9.42,8.99,8.99,345608.0,5768677.0
2012-07-13,9.33,9.40,9.32,9.19,760886.0,12943215.0
2012-07-12,9.08,9.31,9.19,9.01,843999.0,14042553.0
2012-07-11,9.17,9.30,9.03,9.02,423368.0,7054846.0
2012-07-10,9.34,9.46,9.15,9.14,695447.0,11722858.0
2012-07-09,9.63,9.70,9.44,9.39,1195724.0,20929526.0
2012-07-06,9.68,9.72,9.68,9.34,2791687.0,48680924.0
2012-07-05,9.53,9.82,9.69,9.46,2042373.0,35879296.0
2012-07-04,9.45,9.58,9.50,9.33,804902.0,14087998.0
2012-07-03,9.46,9.67,9.45,9.41,1302235.0,22882760.0
2012-07-02,9.33,9.60,9.58,9.14,872391.0,15066567.0
2012-06-29,9.32,9.35,9.27,9.13,602215.0,10236579.0
2012-06-28,9.51,9.53,9.33,9.32,794478.0,13757234.0
2012-06-27,9.40,9.74,9.50,9.40,1310762.0,23201130.0
2012-06-26,9.04,9.70,9.50,8.75,1752212.0,30275744.0
2012-06-25,9.18,9.46,9.13,9.11,1079518.0,18551562.0
2012-06-21,9.17,9.17,9.08,8.98,472892.0,7895266.0
2012-06-20,9.13,9.22,9.20,9.08,647432.0,10918192.0
2012-06-19,9.42,9.45,9.09,9.07,2681025.0,45462924.0
2012-06-18,9.22,9.83,9.50,9.22,2554010.0,45119140.0
2012-06-15,9.08,9.22,9.22,9.03,453740.0,7627792.0
2012-06-14,9.11,9.19,9.05,9.02,402735.0,6768532.0
2012-06-13,8.98,9.15,9.13,8.96,636585.0,10621378.0
2012-06-12,8.88,9.13,8.96,8.86,447233.0,7421103.0
2012-06-11,8.85,9.01,8.97,8.85,210962.0,3480382.0
2012-06-08,8.90,8.92,8.81,8.81,106821.0,1743918.0
2012-06-07,8.84,8.96,8.83,8.79,249952.0,4090058.0
2012-06-06,8.95,8.98,8.79,8.69,248760.0,4066107.0
2012-06-05,8.98,9.04,8.93,8.88,250903.0,4152016.0
2012-06-04,9.14,9.14,8.93,8.93,498385.0,8293442.0
2012-06-01,9.16,9.41,9.24,9.14,739590.0,12666536.0
2012-05-31,9.11,9.23,9.16,9.08,237630.0,4005927.0
2012-05-30,9.22,9.26,9.20,9.15,251122.0,4259395.0
2012-05-29,9.16,9.25,9.23,9.05,553657.0,9362044.0
2012-05-28,9.01,9.14,9.14,8.87,235885.0,3915774.0
2012-05-25,9.16,9.16,9.01,8.96,247160.0,4113969.0
2012-05-24,9.15,9.26,9.14,9.10,227200.0,3847118.0
2012-05-23,9.02,9.22,9.21,9.01,359611.0,6049431.0
2012-05-22,8.95,9.09,9.09,8.95,214676.0,3567793.0
2012-05-21,8.96,9.00,8.90,8.88,183759.0,3022062.0
2012-05-18,9.01,9.05,8.96,8.94,170991.0,2826464.0
2012-05-17,8.98,9.12,9.07,8.98,272841.0,4548572.0
2012-05-16,9.18,9.18,9.00,9.00,464945.0,7766760.0
2012-05-15,9.22,9.27,9.20,9.13,438292.0,7415124.0
2012-05-14,9.08,9.38,9.31,9.02,1522222.0,25962034.0
2012-05-11,9.12,9.17,8.98,8.98,582280.0,9752034.0
2012-05-10,9.05,9.15,9.09,9.01,209541.0,3503049.0
2012-05-09,9.22,9.22,9.07,9.00,241277.0,4031071.0
2012-05-08,9.29,9.35,9.23,9.12,372512.0,6339982.0
2012-05-07,9.20,9.37,9.33,9.01,842463.0,14267967.0
2012-05-04,9.16,9.23,9.21,9.09,215474.0,3643428.0
2012-05-03,9.13,9.19,9.17,9.02,200910.0,3386032.0
2012-05-02,8.98,9.31,9.12,8.98,343750.0,5789693.0
2012-04-27,8.96,9.03,8.97,8.87,210022.0,3458560.0
2012-04-26,9.14,9.14,8.98,8.96,208674.0,3467695.0
2012-04-25,8.86,9.15,9.13,8.77,479823.0,7927469.0
2012-04-24,8.94,8.97,8.86,8.69,649412.0,10512044.0
2012-04-23,9.09,9.19,8.98,8.85,750659.0,12502453.0
2012-04-20,9.03,9.11,9.09,8.96,381550.0,6357585.0
2012-04-19,9.01,9.13,9.03,8.96,483035.0,8065046.0
2012-04-18,8.84,9.02,9.01,8.74,315053.0,5177788.0
2012-04-17,8.94,9.00,8.84,8.74,261817.0,4284877.0
2012-04-16,8.85,9.01,8.98,8.85,424352.0,6981301.0
2012-04-13,8.89,8.97,8.90,8.85,449853.0,7393263.0
2012-04-12,8.77,8.96,8.90,8.70,550762.0,8995210.0
2012-04-11,8.64,8.82,8.72,8.59,385105.0,6168941.0
2012-04-10,8.53,8.68,8.66,8.44,374748.0,5895061.0
2012-04-09,8.72,8.73,8.53,8.52,383448.0,6111690.0
2012-04-06,8.79,8.79,8.74,8.72,593556.0,9570549.0
2012-04-05,8.67,8.81,8.78,8.46,806410.0,12931423.0
2012-03-30,8.62,8.69,8.67,8.47,410558.0,6520641.0
2012-03-29,8.47,8.66,8.62,8.33,657954.0,10320070.0
2012-03-28,8.86,8.96,8.56,8.42,503314.0,8002000.0
2012-03-27,9.06,9.11,8.98,8.98,218957.0,3645562.0
2012-03-26,9.04,9.11,9.01,8.96,207323.0,3446993.0
2012-03-23,9.17,9.21,9.11,8.88,557133.0,9305770.0
2012-03-22,9.27,9.34,9.24,9.17,498191.0,8499160.0
2012-03-21,9.32,9.38,9.22,9.13,435583.0,7405098.0
2012-03-20,9.45,9.63,9.25,9.22,543451.0,9427454.0
2012-03-19,9.37,9.60,9.56,9.33,762674.0,13317945.0
2012-03-16,9.30,9.40,9.36,9.26,595673.0,10246623.0
2012-03-15,9.47,9.50,9.28,9.08,973682.0,16565417.0
2012-03-14,9.85,9.87,9.48,9.11,1430406.0,25523424.0
2012-03-13,9.72,9.86,9.82,9.72,749734.0,13551625.0
2012-03-12,9.91,9.97,9.78,9.72,918628.0,16596787.0
2012-03-09,9.79,9.96,9.91,9.75,889683.0,16199616.0
2012-03-08,9.76,9.83,9.75,9.71,504528.0,9064223.0
2012-03-07,9.46,9.80,9.73,9.46,1043282.0,18626616.0
2012-03-06,9.58,9.68,9.56,9.51,849622.0,14978315.0
2012-03-05,9.72,9.82,9.62,9.60,684100.0,12260139.0
2012-03-02,9.61,9.80,9.72,9.57,1460900.0,26132832.0
2012-03-01,9.51,9.61,9.53,9.46,563835.0,9910418.0
2012-02-29,9.83,9.85,9.52,9.50,1738524.0,30691060.0
2012-02-28,9.76,10.06,9.84,9.72,2613678.0,47730288.0
2012-02-27,9.83,10.04,9.77,9.73,1992333.0,36098080.0
2012-02-24,9.59,9.76,9.73,9.54,1168240.0,20820728.0
2012-02-23,9.67,9.74,9.57,9.54,1148039.0,20362798.0
2012-02-22,9.56,9.71,9.67,9.47,1402242.0,24860970.0
2012-02-21,9.50,9.56,9.56,9.29,941956.0,16380466.0
2012-02-20,9.62,9.65,9.47,9.45,636681.0,11180501.0
2012-02-17,9.50,9.66,9.48,9.40,607032.0,10646665.0
2012-02-16,9.62,9.70,9.53,9.41,968422.0,16996618.0
2012-02-15,9.45,9.66,9.62,9.35,1254735.0,22066272.0
2012-02-14,10.15,10.19,9.56,9.34,2611660.0,46693800.0
2012-02-13,9.14,9.34,9.27,9.10,843798.0,14381638.0
2012-02-10,9.10,9.27,9.15,9.05,337522.0,5687910.0
2012-02-09,9.05,9.26,9.17,9.01,496211.0,8376983.0
2012-02-08,8.82,9.20,9.04,8.77,564873.0,9338993.0
2012-02-07,8.89,8.89,8.79,8.73,308590.0,4992639.0
2012-02-06,9.01,9.01,8.93,8.84,267037.0,4390951.0
2012-02-03,8.79,9.03,8.97,8.78,578896.0,9512374.0
2012-02-02,8.68,8.86,8.86,8.68,819726.0,13303625.0
2012-02-01,8.60,8.79,8.65,8.44,325219.0,5186011.0
2012-01-31,8.56,8.67,8.64,8.46,301968.0,4757678.0
2012-01-30,8.73,8.79,8.64,8.41,464496.0,7394180.0
2012-01-20,8.47,8.88,8.76,8.45,1137812.0,17945706.0
2012-01-19,8.39,8.60,8.45,8.31,561611.0,8702070.0
2012-01-18,8.89,8.90,8.46,8.44,525101.0,8394184.0
2012-01-17,8.76,8.95,8.89,8.34,1060203.0,17108388.0
2012-01-16,8.75,9.05,8.63,8.63,356036.0,5763537.0
2012-01-13,9.47,9.47,8.96,8.95,363805.0,6100095.0
2012-01-12,9.42,9.67,9.47,9.34,314861.0,5530580.0
2012-01-11,9.60,9.70,9.53,9.42,337521.0,5924844.0
2012-01-10,9.23,9.59,9.59,9.23,306424.0,5334563.0
2012-01-09,9.03,9.24,9.23,8.85,261453.0,4347349.0
2012-01-06,9.08,9.11,9.01,8.69,343834.0,5589801.0
2012-01-05,9.72,9.79,9.12,8.89,512994.0,8794952.0
2012-01-04,9.71,9.93,9.83,9.62,598322.0,10841774.0
2011-12-30,9.51,9.77,9.77,9.48,320494.0,5720587.0
2011-12-29,9.43,9.55,9.50,9.28,263115.0,4582046.0
2011-12-28,9.34,9.42,9.42,9.07,468028.0,8024529.0
2011-12-27,9.44,9.51,9.35,9.19,526319.0,9066698.0
2011-12-26,9.38,9.67,9.51,9.32,384407.0,6725411.0
2011-12-23,9.24,9.43,9.38,9.19,315309.0,5419954.0
2011-12-22,9.02,9.47,9.33,8.70,465943.0,7839918.0
2011-12-21,9.31,9.40,9.03,9.02,165891.0,2824239.0
2011-12-20,9.35,9.47,9.23,9.20,206437.0,3555548.0
2011-12-19,9.13,9.46,9.46,8.97,347962.0,5898303.0
2011-12-16,8.86,9.34,9.28,8.78,287544.0,4807879.0
2011-12-15,8.85,9.02,8.90,8.69,354641.0,5775932.0
2011-12-14,8.95,9.11,8.85,8.72,328390.0,5404181.0
2011-12-13,9.19,9.47,9.11,9.02,441686.0,7546142.0
2011-12-12,9.50,9.58,9.19,9.15,372533.0,6419895.0
2011-12-09,9.41,9.65,9.45,9.40,263717.0,4621391.0
2011-12-08,9.02,9.87,9.57,9.02,556981.0,9810614.0
2011-12-07,9.27,9.41,9.21,9.13,243805.0,4160231.0
2011-12-06,9.26,9.34,9.26,9.01,508596.0,8619415.0
2011-12-05,9.88,9.93,9.26,9.17,628150.0,11038604.0
2011-12-02,10.09,10.21,10.04,9.93,522781.0,9691419.0
2011-12-01,10.12,10.31,10.08,10.03,930749.0,17457980.0
2011-11-30,10.09,10.35,9.87,9.67,718988.0,13357674.0
2011-11-29,10.37,10.37,10.14,9.98,442477.0,8252059.0
2011-11-28,9.83,10.21,10.15,9.83,790092.0,14713030.0
2011-11-25,9.86,9.96,9.73,9.73,208883.0,3790930.0
2011-11-24,9.66,9.89,9.88,9.46,437503.0,7847907.0
2011-11-23,9.88,9.93,9.83,9.72,317931.0,5747277.0
2011-11-22,9.70,9.83,9.83,9.62,282607.0,5066741.0
2011-11-21,9.93,9.93,9.84,9.63,467291.0,8348753.0
2011-11-18,10.15,10.28,9.94,9.92,393200.0,7318256.0
2011-11-17,10.28,10.38,10.21,10.02,434878.0,8178731.0
2011-11-16,10.54,10.58,10.30,9.77,1203906.0,22777030.0
2011-11-15,10.50,10.58,10.54,10.43,794693.0,15403375.0
2011-11-14,10.47,10.61,10.54,10.42,1042514.0,20203076.0
2011-11-11,10.35,10.63,10.42,10.28,1251688.0,24251878.0
2011-11-10,10.23,10.52,10.35,10.15,1427185.0,27228888.0
2011-11-09,9.84,10.29,10.29,9.83,1316254.0,24345610.0
2011-11-08,10.31,10.31,9.84,9.72,731815.0,13562254.0
2011-11-07,10.27,10.42,10.31,10.12,676127.0,12847966.0
2011-11-04,9.91,10.35,10.33,9.83,1444890.0,26841616.0
2011-11-03,10.59,10.86,9.95,9.93,2531304.0,48439528.0
2011-11-02,9.56,9.93,9.92,9.51,935810.0,16806536.0
2011-11-01,9.50,9.79,9.74,9.50,992837.0,17646888.0
2011-10-31,9.53,9.65,9.59,9.42,614371.0,10781260.0
2011-10-28,9.47,9.54,9.51,9.35,846588.0,14745290.0
2011-10-27,9.32,9.60,9.42,9.32,1000063.0,17450838.0
2011-10-26,9.02,9.44,9.35,9.02,835315.0,14260073.0
2011-10-25,8.90,9.15,9.12,8.83,446124.0,7426879.0
2011-10-24,8.72,9.05,8.91,8.59,352430.0,5720957.0
2011-10-21,8.76,8.87,8.72,8.63,354833.0,5709901.0
2011-10-20,8.80,8.88,8.76,8.57,315442.0,5042099.0
2011-10-19,8.89,9.01,8.89,8.78,159600.0,2617778.0
2011-10-18,9.07,9.20,8.88,8.88,338000.0,5613728.0
2011-10-17,9.17,9.33,9.13,9.10,449300.0,7623440.0
2011-10-14,9.07,9.28,9.23,9.07,508890.0,8628797.0
2011-10-13,8.99,9.30,9.23,8.88,1207002.0,20410648.0
2011-10-12,8.60,8.92,8.87,8.56,509894.0,8266514.0
2011-10-11,8.81,9.03,8.60,8.56,333348.0,5361126.0
2011-10-10,8.69,8.89,8.66,8.64,155955.0,2499134.0
2011-09-30,8.96,9.10,8.75,8.55,400702.0,6466859.0
2011-09-29,9.20,9.23,8.96,8.88,346319.0,5785024.0
2011-09-28,9.38,9.51,9.24,9.21,234449.0,4035369.0
2011-09-27,9.30,9.41,9.37,9.30,165201.0,2852074.0
2011-09-26,9.28,9.43,9.30,9.27,181540.0,3128337.0
2011-09-23,9.26,9.47,9.40,9.26,449551.0,7777672.0
2011-09-22,9.60,9.71,9.39,9.39,405700.0,7146502.0
2011-09-21,9.30,9.75,9.74,9.30,502511.0,8922475.0
2011-09-20,9.39,9.53,9.42,9.26,368495.0,6365905.0
2011-09-19,9.59,9.65,9.47,9.45,425680.0,7480176.0
2011-09-16,9.63,9.68,9.54,9.47,276997.0,4872096.0
2011-09-15,9.62,9.71,9.55,9.54,294879.0,5226814.0
2011-09-14,9.40,9.72,9.61,9.40,558321.0,9808913.0
2011-09-13,9.30,9.61,9.40,9.05,544111.0,9473518.0
2011-09-08,9.59,9.72,9.45,9.45,384450.0,6799982.0
2011-09-07,9.42,9.66,9.61,9.42,506022.0,8888484.0
2011-09-06,9.39,9.52,9.34,9.26,648127.0,11188489.0
2011-09-05,9.72,9.77,9.49,9.49,649830.0,11482376.0
2011-09-02,10.09,10.17,9.87,9.77,666934.0,12113873.0
2011-09-01,10.06,10.16,10.10,9.96,659241.0,12223261.0
2011-08-31,10.18,10.29,10.06,9.88,849878.0,15750502.0
2011-08-30,10.63,10.63,10.21,10.04,1308339.0,25085378.0
2011-08-29,10.55,10.75,10.53,10.52,1511766.0,29542924.0
2011-08-26,10.50,10.63,10.54,10.45,1124533.0,21837394.0
2011-08-25,10.63,10.65,10.55,10.33,1667664.0,32314784.0
2011-08-24,10.53,10.79,10.56,10.49,1865779.0,36529844.0
2011-08-23,10.30,10.47,10.45,10.15,1313599.0,24926474.0
2011-08-22,10.34,10.57,10.30,10.23,1320855.0,25206796.0
2011-08-19,10.02,10.32,10.21,10.02,831268.0,15584263.0
2011-08-18,10.59,10.66,10.41,10.29,1245479.0,24028302.0
2011-08-17,10.79,11.43,10.63,10.59,2963321.0,59520980.0
2011-08-16,10.36,10.41,10.40,10.23,631931.0,12022587.0
2011-08-15,10.17,10.41,10.34,10.16,1036399.0,19627924.0
2011-08-12,10.11,10.34,10.15,10.11,780741.0,14708303.0
2011-08-11,9.61,10.09,10.02,9.61,774930.0,14143436.0
2011-08-10,9.98,10.21,9.85,9.82,719878.0,13316013.0
2011-08-09,9.79,9.96,9.80,9.38,865629.0,15437857.0
2011-08-08,10.53,10.53,9.92,9.60,1437543.0,26706054.0
2011-08-05,10.58,10.94,10.66,10.44,1150150.0,22804266.0
2011-08-04,11.01,11.16,11.05,10.82,1352286.0,27490102.0
2011-08-03,10.65,11.10,11.05,10.54,1736607.0,34912460.0
2011-08-02,10.50,10.85,10.84,10.40,1581295.0,31107224.0
2011-08-01,10.38,10.56,10.44,10.26,469564.0,9035041.0
2011-07-29,10.52,10.79,10.43,10.42,893334.0,17413868.0
2011-07-28,10.31,10.44,10.42,10.22,559979.0,10654713.0
2011-07-27,10.40,10.55,10.52,10.26,646398.0,12467607.0
2011-07-26,10.24,10.53,10.43,10.07,1151235.0,21871954.0
2011-07-25,10.98,10.98,10.24,10.17,1554309.0,30023306.0
2011-07-22,11.11,11.20,10.98,10.91,918257.0,18678760.0
2011-07-21,11.57,11.57,11.08,11.08,1702403.0,35420648.0
2011-07-20,11.08,11.58,11.51,11.08,3433525.0,72165904.0
2011-07-19,11.24,11.27,11.05,10.81,1683977.0,34197416.0
2011-07-18,11.35,11.51,11.33,11.13,2151333.0,44902052.0
2011-07-15,11.11,11.64,11.34,11.11,3725992.0,78546976.0
2011-07-14,10.91,11.39,11.16,10.84,2550092.0,52338624.0
2011-07-13,10.85,11.08,11.01,10.75,1503958.0,30262672.0
2011-07-12,10.69,11.42,10.91,10.47,2769526.0,56414948.0
2011-07-11,11.05,11.62,10.92,10.80,2319929.0,47394040.0
2011-07-08,10.83,10.86,10.68,10.51,1422890.0,27859704.0
2011-07-07,10.78,11.29,10.93,10.78,2426836.0,49422220.0
2011-07-06,10.77,10.90,10.84,10.66,1738155.0,34613560.0
2011-07-05,10.42,10.81,10.78,10.35,2225494.0,43569592.0
2011-07-04,10.10,10.49,10.32,10.04,1050091.0,19839442.0
2011-07-01,10.07,10.18,10.04,10.03,565913.0,10546278.0
2011-06-30,10.10,10.19,10.05,10.04,862276.0,16055017.0
2011-06-29,10.34,10.56,10.10,10.10,1228786.0,23411600.0
2011-06-28,10.15,10.63,10.41,10.03,1177440.0,22338456.0
2011-06-27,10.22,10.36,10.17,10.10,1267794.0,23869586.0
2011-06-24,9.73,10.25,10.12,9.73,1607048.0,29811126.0
2011-06-23,9.60,9.87,9.80,9.51,1011600.0,18067232.0
2011-06-22,9.77,10.04,9.76,9.72,2004251.0,36555692.0
2011-06-21,9.34,9.59,9.55,9.34,524152.0,9172672.0
2011-06-20,9.33,9.43,9.40,9.07,602904.0,10313437.0
2011-06-17,9.12,9.46,9.33,9.12,980314.0,16918318.0
2011-06-16,9.39,9.45,9.12,9.12,776196.0,13252630.0
2011-06-15,9.68,9.88,9.50,9.47,1000794.0,17839182.0
2011-06-14,9.50,9.88,9.77,9.40,1552522.0,27803698.0
2011-06-13,9.36,9.71,9.60,8.86,1197811.0,20669572.0
2011-06-10,9.34,9.53,9.40,9.29,986443.0,17102004.0
2011-06-09,9.55,9.61,9.40,9.34,1624936.0,28332496.0
2011-06-08,9.73,9.81,9.69,9.42,1897198.0,33605468.0
2011-06-07,10.40,10.40,9.87,9.69,2965813.0,53860864.0
2011-06-03,10.42,10.48,10.40,10.05,2377314.0,45068244.0
2011-06-02,10.69,10.75,10.48,10.23,3715683.0,71643120.0
2011-06-01,10.37,11.18,11.06,10.16,6638394.0,132917432.0
2011-05-31,10.37,10.57,10.40,10.02,5448659.0,103727536.0
2011-05-30,9.18,10.15,10.15,9.15,3571045.0,65943272.0
2011-05-27,9.87,9.88,9.23,8.84,1977646.0,33388350.0
2011-05-26,10.02,10.09,9.81,9.72,1221411.0,22370722.0
2011-05-25,10.37,10.37,10.04,9.93,1589813.0,29702916.0
2011-05-24,9.86,10.37,10.37,9.67,3424298.0,63719580.0
2011-05-23,9.52,10.23,9.98,9.45,3640685.0,67200128.0
2011-05-20,9.52,9.93,9.61,9.23,1125225.0,19897470.0
2011-05-19,9.50,9.55,9.50,9.42,367578.0,6418048.0
2011-05-18,9.67,9.93,9.49,9.41,1012716.0,17781032.0
2011-05-17,9.66,10.13,9.80,9.47,1712397.0,31250748.0
2011-05-16,9.66,9.73,9.54,9.53,362260.0,6432522.0
2011-05-13,9.88,9.88,9.70,9.66,289453.0,9431107.0
2011-05-12,10.05,10.05,9.84,9.84,342109.0,11336425.0
2011-05-11,10.01,10.12,10.10,10.01,140927.0,4735993.0
2011-05-10,10.13,10.18,10.10,10.05,315056.0,10598124.0
2011-05-09,10.01,10.08,10.08,9.99,384858.0,12861158.0
2011-05-06,9.89,9.98,9.97,9.84,320900.0,10602338.0
2011-05-05,9.92,10.07,9.93,9.75,291313.0,9587994.0
2011-05-04,10.01,10.01,9.81,9.81,251230.0,8267710.0
2011-05-03,10.04,10.15,10.02,9.96,371198.0,12383554.0
2011-04-28,10.25,10.34,10.01,9.95,280599.0,9473123.0
2011-04-27,10.34,10.48,10.25,10.12,246270.0,8493232.0
2011-04-26,10.67,10.75,10.35,10.27,385984.0,13464417.0
2011-04-25,10.75,10.80,10.73,10.64,232538.0,8311431.0
2011-04-22,10.81,10.84,10.80,10.76,166679.0,6003577.0
2011-04-21,10.86,10.87,10.80,10.49,232151.0,8355103.0
2011-04-20,10.76,10.93,10.88,10.71,487021.0,17641636.0
2011-04-19,10.65,10.69,10.59,10.52,248464.0,8783737.0
2011-04-18,10.61,10.69,10.64,10.55,237013.0,8391372.0
2011-04-15,10.60,10.70,10.61,10.55,141693.0,5011059.0
2011-04-14,10.76,10.76,10.69,10.67,211399.0,7550256.0
2011-04-13,10.66,10.78,10.76,10.65,250124.0,8958740.0
2011-04-12,10.68,10.71,10.66,10.61,229137.0,8147624.0
2011-04-11,11.04,11.06,10.68,10.67,693468.0,25095072.0
2011-04-08,10.98,11.08,11.06,10.98,493404.0,18168326.0
2011-04-07,11.10,11.10,11.09,10.95,394397.0,14551553.0
2011-04-06,11.06,11.21,11.10,11.00,204424.0,7558327.0
2011-04-01,11.00,11.08,11.08,10.94,200617.0,7373830.0
2011-03-31,11.03,11.39,11.00,10.95,753593.0,27919158.0
2011-03-30,11.22,11.35,10.94,10.89,903480.0,33428292.0
2011-03-29,11.31,11.54,11.35,11.09,1071014.0,40611576.0
2011-03-28,11.44,11.62,11.30,11.21,514255.0,19576980.0
2011-03-25,11.27,11.50,11.46,11.27,554188.0,21113332.0
2011-03-24,11.27,11.42,11.34,11.27,404271.0,15324108.0
2011-03-23,11.18,11.34,11.26,11.18,406081.0,15261688.0
2011-03-22,11.18,11.20,11.16,11.10,283110.0,10524964.0
2011-03-21,11.10,11.30,11.18,11.10,272128.0,10191150.0
2011-03-18,11.26,11.32,11.21,11.15,343772.0,12904316.0
2011-03-17,11.39,11.39,11.24,11.19,564385.0,21209806.0
2011-03-16,11.42,11.49,11.44,11.31,607413.0,23127040.0
2011-03-15,11.53,11.54,11.42,11.16,851573.0,32193068.0
2011-03-14,11.12,11.54,11.53,11.04,1455777.0,55271384.0
2011-03-11,11.06,11.17,11.09,10.98,794930.0,29413972.0
2011-03-10,11.09,11.21,11.10,11.05,652730.0,24231486.0
2011-03-09,11.19,11.33,11.09,11.04,667385.0,24826710.0
2011-03-08,11.09,11.32,11.18,11.03,561314.0,20960222.0
2011-03-07,10.94,11.08,11.06,10.94,375772.0,13799342.0
2011-03-04,10.88,11.00,10.96,10.87,229320.0,8375964.0
2011-03-03,11.13,11.13,10.90,10.88,568721.0,20945822.0
2011-03-02,10.97,11.16,11.13,10.94,751583.0,27791522.0
2011-03-01,11.08,11.12,11.01,10.95,573899.0,21128516.0
2011-02-28,10.73,11.04,10.91,10.73,575766.0,21021204.0
2011-02-25,10.79,10.81,10.76,10.55,307246.0,10983928.0
2011-02-24,10.76,10.86,10.73,10.70,438601.0,15781332.0
2011-02-23,10.49,10.90,10.82,10.49,415426.0,14925932.0
2011-02-22,11.12,11.21,10.74,10.74,727015.0,26523116.0
2011-02-21,11.09,11.29,11.21,11.06,639942.0,23789632.0
2011-02-18,11.38,11.38,11.15,11.15,731377.0,27399708.0
2011-02-17,11.12,11.83,11.47,11.00,1497004.0,57009952.0
2011-02-16,10.95,11.12,11.11,10.88,1055196.0,38648700.0
2011-02-15,11.23,11.24,11.01,11.00,661397.0,24473500.0
2011-02-14,11.13,11.35,11.22,11.03,784537.0,29224460.0
2011-02-11,11.03,11.16,11.12,11.03,641284.0,23757298.0
2011-02-10,11.03,11.13,11.12,10.87,785889.0,28922294.0
2011-02-09,10.79,11.10,11.00,10.73,1023813.0,37612584.0
2011-02-01,10.91,10.93,10.81,10.73,783964.0,28292600.0
2011-01-31,10.46,11.08,11.03,10.46,1446862.0,52484172.0
2011-01-28,10.18,10.52,10.41,10.14,643318.0,22235692.0
2011-01-27,10.04,10.22,10.17,9.93,320173.0,10806097.0
2011-01-26,9.93,10.25,10.09,9.93,394261.0,13292792.0
2011-01-25,10.18,10.18,9.96,9.74,656452.0,21690670.0
2011-01-24,10.49,10.49,10.18,10.18,558101.0,19202302.0
2011-01-21,10.48,10.62,10.47,10.27,949729.0,33152542.0
2011-01-19,10.70,10.88,10.84,10.69,325920.0,11746202.0
2011-01-18,10.73,10.94,10.76,10.64,397311.0,14279909.0
2011-01-17,11.02,11.18,10.76,10.76,540656.0,19643400.0
2011-01-14,11.15,11.21,11.01,10.93,672745.0,24828244.0
2011-01-13,11.31,11.33,11.18,11.18,444616.0,16654659.0
2011-01-12,11.30,11.39,11.35,11.14,480682.0,18084722.0
2011-01-11,11.66,11.66,11.28,11.24,834845.0,31550146.0
2011-01-10,11.70,11.98,11.69,11.63,1112494.0,43905844.0
2011-01-07,11.75,11.76,11.64,11.60,580159.0,22583626.0
2011-01-06,11.93,11.94,11.77,11.69,532414.0,20923012.0
2011-01-05,11.75,11.95,11.92,11.69,965800.0,38294048.0
2011-01-04,11.63,11.82,11.75,11.60,932478.0,36511592.0
