date,open,high,close,low,volume,amount
2015-11-27,19.06,19.33,17.46,17.46,15390577.0,281709792.0
2015-11-26,20.50,20.53,19.40,19.39,15379224.0,304788000.0
2015-11-25,19.51,20.50,20.43,19.20,21380200.0,423797312.0
2015-11-24,21.07,21.88,20.25,19.50,30049262.0,616528320.0
2015-11-23,20.65,20.65,20.65,20.65,2196457.0,45356836.0
2015-10-23,17.85,19.30,18.77,17.60,27287066.0,507994240.0
2015-10-22,16.60,17.80,17.58,16.44,19174816.0,329070592.0
2015-10-21,18.43,18.48,16.59,16.59,23185812.0,405246944.0
2015-10-20,17.95,19.10,18.43,17.95,19548532.0,364076576.0
2015-10-19,19.02,19.20,18.35,18.30,23756752.0,442965632.0
2015-10-16,18.03,19.30,19.29,17.45,35300944.0,642340480.0
2015-10-15,17.45,18.38,18.13,17.11,32088708.0,569216640.0
2015-10-14,16.70,18.50,17.98,16.26,30559758.0,525112960.0
2015-10-13,16.68,16.93,16.93,16.00,27822116.0,465314432.0
2015-10-12,15.39,15.39,15.39,15.39,2056853.0,31654968.0
2015-10-09,13.54,14.30,13.99,13.44,10392713.0,144947392.0
2015-10-08,13.15,13.66,13.43,13.08,8340964.0,111611296.0
2015-09-30,12.67,13.09,12.72,12.57,5615496.0,72054064.0
2015-09-29,12.56,12.95,12.56,12.42,5643587.0,71257200.0
2015-09-28,12.40,13.02,12.90,11.88,7560584.0,94595600.0
2015-09-25,13.15,13.20,12.28,12.00,8886090.0,111204600.0
2015-09-24,12.76,13.35,13.10,12.70,10358213.0,135351632.0
2015-09-23,12.56,13.40,12.86,12.40,12969770.0,168090448.0
2015-09-22,12.50,12.92,12.57,11.90,11367110.0,141791920.0
2015-09-21,11.09,12.31,12.19,11.02,10010995.0,119553448.0
2015-09-18,11.55,11.72,11.46,10.89,6081243.0,69184336.0
2015-09-17,11.51,12.30,11.20,11.20,10616850.0,124735584.0
2015-09-16,10.42,11.39,11.39,10.35,7657342.0,82781904.0
2015-09-15,11.00,11.39,10.35,10.35,7917567.0,84609232.0
2015-09-14,12.88,13.08,11.50,11.50,15736105.0,191373056.0
2015-09-11,12.18,13.20,12.78,12.18,12724514.0,161776080.0
2015-09-10,12.28,12.75,12.15,11.92,9295690.0,115219936.0
2015-09-09,11.98,13.15,12.69,11.90,17349522.0,217419552.0
2015-09-08,10.81,12.35,12.21,10.66,12626610.0,143989440.0
2015-09-07,13.26,13.97,11.69,11.68,21890386.0,273700096.0
2015-09-02,11.60,13.70,12.98,11.60,9756295.0,124726824.0
2015-09-01,14.21,14.21,12.81,12.81,8994561.0,121073336.0
2015-08-31,14.00,14.95,14.23,13.72,13079824.0,188132992.0
2015-08-28,13.16,14.31,14.15,13.16,11006978.0,150365392.0
2015-08-27,13.05,13.50,13.02,12.01,13600107.0,172697856.0
2015-08-26,14.23,14.75,12.76,12.76,12329298.0,167429296.0
2015-08-25,14.18,14.80,14.18,14.18,5370200.0,76344832.0
2015-08-24,15.76,16.76,15.76,15.76,5146334.0,81618320.0
2015-08-21,18.59,18.90,17.51,17.51,14991937.0,270050176.0
2015-08-20,20.71,21.33,19.46,19.46,19151338.0,390908672.0
2015-08-19,19.00,22.00,21.62,18.26,33388918.0,681613824.0
2015-08-18,20.42,20.42,20.23,19.45,17964600.0,364008576.0
2015-08-14,19.26,19.33,18.56,18.34,10773158.0,202891312.0
2015-08-13,18.50,19.29,19.02,18.11,15303992.0,288044992.0
2015-08-12,17.16,19.35,18.89,17.05,21547514.0,395889696.0
2015-08-11,17.89,18.19,17.59,17.50,13263104.0,235704288.0
2015-08-10,17.30,18.47,18.01,16.80,20572160.0,358507264.0
2015-08-07,15.62,16.86,16.86,15.62,20491140.0,338393568.0
2015-08-06,15.09,15.92,15.33,14.89,8026643.0,124685736.0
2015-08-05,15.99,16.49,15.80,15.54,15258185.0,245091040.0
2015-08-04,14.67,15.80,15.80,14.07,12710515.0,193115264.0
2015-08-03,15.66,15.85,14.36,14.36,12414225.0,182852912.0
2015-07-31,14.57,16.40,15.95,14.57,14542163.0,229274112.0
2015-07-30,15.70,16.63,15.21,15.10,16227808.0,261258592.0
2015-07-29,14.70,15.57,15.57,13.52,13585872.0,197796032.0
2015-07-28,14.13,16.15,14.15,13.98,14444714.0,210759936.0
2015-07-27,16.60,17.93,15.53,15.53,18000336.0,304151424.0
2015-07-24,17.50,18.50,17.26,16.81,23047890.0,403604640.0
2015-07-23,15.91,17.47,17.47,15.58,20940048.0,350863040.0
2015-07-22,15.55,16.06,15.88,15.01,13683996.0,214370944.0
2015-07-21,15.35,16.24,15.74,15.00,13842008.0,218889072.0
2015-07-20,15.73,16.90,15.83,15.20,18874226.0,302177792.0
2015-07-17,14.02,15.42,15.42,14.02,14330361.0,212770288.0
2015-07-16,13.00,14.33,14.02,11.95,19434416.0,258798768.0
2015-07-15,14.70,14.70,13.28,13.28,18093124.0,247486752.0
2015-07-14,14.75,14.76,14.76,14.10,19277388.0,283172928.0
2015-07-13,13.42,13.42,13.42,13.10,12140398.0,162485520.0
2015-07-10,12.00,12.20,12.20,11.41,9051971.0,109105664.0
2015-07-09,9.90,11.09,11.09,9.85,17075444.0,183994752.0
2015-07-08,10.08,10.59,10.08,10.08,28187492.0,285552864.0
2015-07-07,11.22,11.50,11.20,11.20,3006350.0,33720700.0
2015-07-06,14.78,15.00,12.44,12.44,13961450.0,188423392.0
2015-07-03,13.98,15.39,13.82,13.82,11837864.0,167136672.0
2015-07-02,17.00,17.00,15.35,15.35,11541953.0,179792352.0
2015-07-01,18.22,19.80,17.06,17.06,17178080.0,320590432.0
2015-06-30,17.62,20.20,18.95,17.62,18319008.0,344132128.0
2015-06-29,21.76,21.76,19.58,19.58,9273180.0,185188720.0
2015-06-26,21.76,22.50,21.76,21.76,16479977.0,360354112.0
2015-06-25,24.63,25.62,24.18,23.38,34060100.0,848934784.0
2015-06-24,22.80,23.49,23.29,22.20,15960368.0,367146720.0
2015-06-23,21.85,22.50,22.32,20.20,13848635.0,297747200.0
2015-06-19,21.21,23.33,21.32,20.80,18044766.0,405504288.0
2015-06-18,22.10,23.98,22.30,21.81,18075102.0,413203264.0
2015-06-17,21.42,22.38,22.29,20.38,14263506.0,306700704.0
2015-06-16,23.39,23.39,21.44,21.42,18370848.0,403705984.0
2015-06-15,25.00,25.24,23.80,23.68,17048120.0,414007520.0
2015-06-12,24.86,25.69,25.00,24.11,20834328.0,518316224.0
2015-06-11,25.30,25.65,24.96,24.47,21333354.0,532488128.0
2015-06-10,24.25,26.49,25.81,23.88,27379584.0,692182592.0
2015-06-09,23.80,25.02,24.40,23.50,19628996.0,475776800.0
2015-06-08,25.78,25.80,24.11,24.11,34540880.0,844996160.0
2015-06-05,27.68,28.59,26.79,26.00,31752502.0,865040000.0
2015-06-04,28.00,29.44,26.79,26.79,35337520.0,971694784.0
2015-06-03,32.67,33.29,29.77,28.34,15226337.0,1424560640.0
2015-06-02,27.43,30.46,30.46,27.40,7098028.0,616251456.0
2015-06-01,29.60,30.37,27.69,26.78,16632789.0,1397975808.0
2015-05-29,26.33,28.42,28.42,26.05,17664118.0,1481072512.0
2015-05-28,27.73,27.73,25.83,25.79,21172844.0,1740231936.0
2015-05-27,24.60,25.21,25.21,24.23,4754797.0,353952544.0
2015-05-26,22.92,22.92,22.92,21.94,6792314.0,466145536.0
2015-05-25,20.83,20.83,20.83,20.83,99200.0,6200000.0
2015-05-22,18.94,18.94,18.94,18.94,945543.0,53725752.0
2015-05-08,15.61,17.22,17.22,15.61,19760976.0,1002514240.0
2015-05-07,15.17,16.15,15.65,14.89,10205142.0,476645408.0
2015-05-06,15.17,16.61,15.54,14.83,14282383.0,677978560.0
2015-05-05,14.70,15.82,15.10,14.43,12763483.0,583326208.0
2015-05-04,14.33,14.93,14.80,13.95,7101560.0,310362208.0
2015-04-30,14.98,15.30,14.27,14.10,8036419.0,355525920.0
2015-04-29,14.50,15.00,14.70,14.33,8152861.0,359092320.0
2015-04-28,15.62,15.83,14.44,14.04,9907398.0,437403680.0
2015-04-27,16.42,16.78,15.37,15.33,12020822.0,576016512.0
2015-04-24,15.03,16.11,15.88,14.85,13507801.0,625197440.0
2015-04-23,15.39,16.63,15.47,15.26,16527072.0,785075584.0
2015-04-22,15.60,16.26,15.47,15.30,14114548.0,663233280.0
2015-04-21,14.20,16.25,15.72,14.20,16163672.0,741312512.0
2015-04-20,14.67,15.93,15.10,14.48,18161082.0,837348352.0
2015-04-17,14.30,15.77,14.48,14.24,19640220.0,892324288.0
2015-04-16,13.82,15.18,14.33,13.82,16731715.0,717692160.0
2015-04-15,15.36,15.36,15.36,14.84,27579858.0,1268012800.0
2015-04-14,13.96,13.96,13.96,13.96,1092324.0,45746528.0
2015-04-13,12.69,12.69,12.69,12.69,357400.0,13606218.0
2015-04-10,11.54,11.54,11.54,11.54,127835.0,4424370.0
2015-04-09,10.49,10.49,10.49,10.49,1172832.0,36897296.0
2015-04-08,10.00,10.32,9.53,9.33,6758504.0,198634928.0
2015-04-07,9.24,10.16,10.16,9.24,6555673.0,194259872.0
2015-04-03,9.34,9.43,9.24,9.22,3358684.0,93487656.0
2015-04-02,9.32,9.47,9.36,9.28,3396895.0,95491640.0
2015-04-01,9.27,9.60,9.28,9.20,3895630.0,109026376.0
2015-03-31,9.03,9.33,9.19,8.94,2349217.0,64578584.0
2015-03-30,9.27,9.31,9.03,8.81,3661861.0,98587792.0
2015-03-27,9.33,9.43,9.23,9.00,3428564.0,94485864.0
2015-03-26,10.17,10.17,9.40,9.19,4803969.0,138071184.0
2015-03-25,10.27,10.39,10.12,9.85,4643272.0,141053600.0
2015-03-24,9.67,10.50,10.40,9.54,6547817.0,197620896.0
2015-03-23,9.77,9.77,9.61,9.47,3519032.0,101050472.0
2015-03-20,9.60,9.87,9.60,9.50,3392918.0,98116872.0
2015-03-19,9.62,9.73,9.57,9.44,2625400.0,75659072.0
2015-03-18,9.45,9.87,9.49,9.44,3044597.0,87088456.0
2015-03-17,9.65,9.95,9.51,9.33,2226151.0,64457352.0
2015-03-16,9.29,9.69,9.60,9.23,2558618.0,72738840.0
2015-03-13,9.33,9.37,9.26,8.91,4103725.0,112362280.0
2015-03-12,9.20,10.07,9.52,8.67,6340978.0,184161632.0
2015-03-11,9.58,9.58,9.16,9.00,2197512.0,60752940.0
2015-03-10,9.75,9.75,9.54,9.46,2258467.0,64772460.0
2015-03-09,9.10,9.85,9.69,8.99,3636280.0,104576344.0
2015-03-06,9.40,9.53,9.17,8.81,4653931.0,125833472.0
2015-03-05,8.83,9.43,9.34,8.80,4692888.0,128582536.0
2015-03-04,8.38,8.87,8.80,8.38,2589661.0,67665768.0
2015-03-03,8.70,8.70,8.43,8.40,2238628.0,57687096.0
2015-03-02,8.24,8.99,8.70,8.20,4823984.0,125047368.0
2015-02-27,7.83,8.29,8.28,7.83,3147011.0,76719792.0
2015-02-26,7.92,7.99,7.81,7.53,1864052.0,43558736.0
2015-02-25,8.12,8.26,7.92,7.82,1808442.0,43494340.0
2015-02-17,8.33,8.33,8.19,8.02,2062246.0,50567644.0
2015-02-16,7.99,8.33,8.25,7.99,2889187.0,71312488.0
2015-02-13,7.73,7.99,7.99,7.66,4326853.0,102070768.0
2015-02-12,7.68,7.78,7.63,7.57,1988727.0,45632420.0
2015-02-11,7.73,7.83,7.70,7.54,2516181.0,58012372.0
2015-02-10,7.81,7.93,7.70,7.57,2411292.0,55488948.0
2015-02-09,8.20,8.21,7.81,7.78,3841707.0,91991184.0
2015-02-06,7.53,8.24,8.24,7.52,5450120.0,132286776.0
2015-02-05,7.68,7.74,7.49,7.42,1278848.0,29190796.0
2015-02-04,7.60,7.83,7.70,7.55,1337867.0,30770504.0
2015-02-03,7.48,7.76,7.63,7.48,1330863.0,30455376.0
2015-02-02,7.53,7.75,7.48,7.43,2408125.0,54767612.0
2015-01-30,7.93,7.97,7.76,7.53,1868554.0,43395884.0
2015-01-29,7.67,8.09,7.90,7.65,3223448.0,76423888.0
2015-01-28,7.63,7.95,7.78,7.52,3162704.0,73816728.0
2015-01-27,7.13,7.73,7.61,7.11,2876408.0,64029152.0
2015-01-26,7.08,7.33,7.17,7.00,1355497.0,29228666.0
2015-01-23,7.23,7.36,7.10,7.03,1242423.0,26660968.0
2015-01-22,7.09,7.40,7.31,7.02,2494754.0,53625740.0
2015-01-21,7.02,7.26,7.08,6.96,3054146.0,65041400.0
2015-01-20,6.64,6.99,6.97,6.57,1722011.0,35302044.0
2015-01-19,6.54,6.79,6.56,6.40,1487899.0,29575038.0
2015-01-16,6.44,6.66,6.61,6.44,1459907.0,28823780.0
2015-01-15,6.44,6.50,6.47,6.42,959105.0,18587760.0
2015-01-14,6.76,6.76,6.43,6.30,2142406.0,41584440.0
2015-01-13,6.56,6.78,6.77,6.50,950550.0,18984008.0
2015-01-12,6.73,6.80,6.56,6.45,1307386.0,26016798.0
2015-01-09,7.03,7.09,6.77,6.75,997333.0,20749488.0
2015-01-08,7.11,7.13,7.06,7.00,1289712.0,27266670.0
2015-01-07,7.23,7.26,7.02,6.92,1212610.0,25652090.0
2015-01-06,6.80,7.27,7.27,6.67,1512365.0,31855648.0
2015-01-05,7.10,7.11,6.81,6.68,1313103.0,26750178.0
2014-12-31,6.83,7.10,6.97,6.77,703695.0,14700643.0
2014-12-30,6.82,6.93,6.82,6.60,678187.0,13708846.0
2014-12-29,7.17,7.33,6.76,6.60,1375130.0,28863154.0
2014-12-26,7.03,7.33,7.27,6.95,1224744.0,26231962.0
2014-12-25,7.00,7.23,7.03,6.90,1261900.0,26780756.0
2014-12-24,6.67,6.92,6.91,6.67,998334.0,20378790.0
2014-12-23,6.89,7.00,6.63,6.60,1441800.0,29043834.0
2014-12-22,7.34,7.49,6.80,6.80,2789878.0,57659948.0
2014-12-19,7.58,7.80,7.55,7.41,2030798.0,46048396.0
2014-12-18,7.83,8.37,7.94,7.77,3130259.0,76602608.0
2014-12-17,7.63,7.96,7.88,7.43,2793969.0,64380660.0
2014-12-16,7.54,7.69,7.63,7.27,1456895.0,32881892.0
2014-12-15,7.31,7.62,7.54,7.31,1405893.0,31595986.0
2014-12-12,7.09,7.36,7.31,7.04,1483638.0,32036306.0
2014-12-11,6.93,7.22,7.08,6.87,2000517.0,42480364.0
2014-12-10,6.54,7.17,7.01,6.54,2474487.0,50899128.0
2014-12-09,7.40,7.52,6.69,6.69,3063571.0,64760944.0
2014-12-08,7.86,7.86,7.43,7.37,2390250.0,54272036.0
2014-12-05,8.29,8.29,7.86,7.67,2571642.0,61341256.0
2014-12-04,8.40,8.66,8.36,8.32,3984596.0,101427120.0
2014-12-03,8.72,8.78,8.43,8.03,3599322.0,90220120.0
2014-12-02,8.77,8.97,8.72,8.69,2988749.0,79111784.0
2014-12-01,9.33,9.33,8.88,8.67,5450829.0,145578112.0
2014-11-28,9.14,9.14,9.14,9.14,937712.0,25712064.0
2014-11-27,8.31,8.31,8.31,8.31,58841.0,1466906.0
2014-11-19,7.47,7.66,7.55,7.46,674568.0,15310041.0
2014-11-18,7.40,7.63,7.56,7.30,1299190.0,29224436.0
2014-11-17,7.03,7.49,7.42,7.00,1764555.0,38630168.0
2014-11-14,7.00,7.15,7.07,6.93,1575803.0,33378612.0
2014-11-13,7.36,7.36,7.02,6.96,2036974.0,43160516.0
2014-11-12,7.25,7.44,7.37,7.19,1295677.0,28333984.0
2014-11-11,8.01,8.26,7.29,7.24,5056658.0,113948672.0
2014-11-10,8.40,8.40,8.05,7.95,2387515.0,57635536.0
2014-11-07,8.59,8.76,8.40,8.23,2257696.0,58085216.0
2014-11-06,8.34,8.57,8.55,8.24,1853940.0,46561600.0
2014-11-05,8.28,8.40,8.30,8.20,1384380.0,34505744.0
2014-11-04,8.40,8.48,8.28,8.20,2572058.0,64123356.0
2014-11-03,7.87,8.41,8.39,7.83,4189180.0,102907480.0
2014-10-31,7.88,7.99,7.86,7.79,1025190.0,24138746.0
2014-10-30,7.93,8.05,7.93,7.83,1512967.0,36031700.0
2014-10-29,7.96,8.03,7.97,7.90,2255208.0,53899660.0
2014-10-28,7.63,8.03,7.97,7.55,3822233.0,90292464.0
2014-10-27,7.33,7.65,7.63,7.29,2059419.0,46526700.0
2014-10-24,7.28,7.43,7.32,7.20,1832601.0,40206792.0
2014-10-23,7.37,7.46,7.29,7.22,1478699.0,32520990.0
2014-10-22,7.60,7.70,7.47,7.43,1799600.0,40749772.0
2014-10-21,7.64,7.83,7.67,7.63,2374309.0,55009476.0
2014-10-20,7.54,7.71,7.68,7.43,2106945.0,48116664.0
2014-10-17,7.80,7.80,7.56,7.17,2895940.0,65448652.0
2014-10-16,7.85,7.90,7.80,7.74,2152014.0,50509152.0
2014-10-15,7.89,7.93,7.89,7.71,2048552.0,48296256.0
2014-10-14,7.97,8.08,7.86,7.79,2975104.0,70788968.0
2014-10-13,8.06,8.11,8.02,7.83,3388415.0,80561552.0
2014-10-10,8.17,8.19,8.07,8.01,2924842.0,71155984.0
2014-10-09,8.20,8.24,8.23,7.99,6103204.0,148652304.0
2014-10-08,8.67,8.67,8.20,8.10,8007913.0,198562624.0
2014-09-30,8.71,8.86,8.83,8.63,1880547.0,49428368.0
2014-09-29,8.93,9.00,8.73,8.67,1699946.0,44788140.0
2014-09-26,8.77,8.95,8.93,8.75,1678527.0,44597164.0
2014-09-25,9.09,9.18,8.89,8.69,4113995.0,109545072.0
2014-09-24,9.43,9.51,9.17,9.03,3385628.0,93282376.0
2014-09-23,9.56,9.64,9.58,9.00,3473299.0,97077024.0
2014-09-22,9.17,9.60,9.43,8.99,6169505.0,172539936.0
2014-09-19,8.20,8.89,8.89,8.14,2543295.0,67047312.0
2014-09-18,7.79,8.23,8.08,7.78,5560833.0,135231072.0
2014-09-17,7.72,7.82,7.77,7.53,2414497.0,55679588.0
2014-09-16,7.93,8.30,7.67,7.67,5098772.0,122278232.0
2014-09-15,8.06,8.06,7.89,7.86,2882151.0,68502360.0
2014-09-12,7.93,8.27,8.05,7.93,4182115.0,101664264.0
2014-09-11,7.97,8.21,8.03,7.80,6390723.0,153711280.0
2014-09-10,8.26,8.83,8.01,7.98,5817241.0,145604528.0
2014-09-09,8.04,8.40,8.39,7.83,5897459.0,144052528.0
2014-09-05,7.85,8.08,7.93,7.63,6540443.0,154730400.0
2014-09-04,7.67,8.10,7.90,7.53,7958405.0,187377872.0
2014-09-03,7.25,7.98,7.66,7.06,10604230.0,236236800.0
2014-09-02,7.27,7.45,7.28,7.15,5476658.0,120243592.0
2014-09-01,6.96,7.43,7.19,6.93,5845172.0,125908848.0
2014-08-29,7.05,7.13,6.94,6.77,7346771.0,153178304.0
2014-08-28,7.70,7.76,7.10,7.03,11902676.0,263902192.0
2014-08-27,7.43,7.82,7.68,7.39,15342245.0,349924096.0
2014-08-26,7.36,7.36,7.36,7.01,13253089.0,289466880.0
2014-08-25,6.69,6.69,6.69,6.69,147575.0,2960355.0
2014-08-22,6.08,6.08,6.08,6.08,112837.0,2058147.0
2014-08-21,5.53,5.53,5.53,5.53,105061.0,1741911.0
2014-08-20,5.02,5.02,5.02,5.02,163987.0,2471284.0
2014-08-19,4.57,4.57,4.57,4.57,95382.0,1306733.0
2014-05-30,4.21,4.23,4.15,4.10,1943087.0,24175912.0
2014-05-29,4.15,4.38,4.25,4.14,4505958.0,57984084.0
2014-05-28,4.16,4.21,4.20,4.08,2694388.0,33517482.0
2014-05-27,4.26,4.26,4.17,4.12,4198067.0,52416740.0
2014-05-26,3.90,4.26,4.26,3.87,7053298.0,88971888.0
2014-05-23,3.88,3.89,3.87,3.80,1017512.0,11725968.0
2014-05-22,3.86,3.91,3.88,3.82,927093.0,10756139.0
2014-05-21,3.78,3.86,3.86,3.70,726239.0,8261886.0
2014-05-20,3.86,3.96,3.78,3.73,785651.0,9082488.0
2014-05-19,3.86,3.90,3.83,3.79,998786.0,11559006.0
2014-05-16,3.70,3.87,3.86,3.64,1435365.0,16167790.0
2014-05-15,3.93,3.93,3.73,3.71,1356133.0,15475688.0
2014-05-14,3.99,4.00,3.96,3.84,1788284.0,20977360.0
2014-05-13,3.99,4.10,4.00,3.94,1932371.0,23366776.0
2014-05-12,4.00,4.03,4.00,3.93,1547206.0,18460228.0
2014-05-09,3.91,4.05,3.99,3.80,3020627.0,35730860.0
2014-05-08,3.74,4.02,3.96,3.68,2721042.0,31956958.0
2014-05-07,3.83,3.93,3.76,3.76,1270649.0,14648594.0
2014-05-06,3.83,3.91,3.84,3.80,1125335.0,12982895.0
2014-05-05,3.63,3.92,3.88,3.58,2205434.0,25151030.0
2014-04-30,3.45,3.70,3.63,3.45,1279260.0,13840269.0
2014-04-29,3.31,3.48,3.45,3.31,639705.0,6571854.0
2014-04-28,3.57,3.60,3.37,3.31,769256.0,7863352.0
2014-04-25,3.47,3.63,3.55,3.44,565994.0,6035938.0
2014-04-24,3.46,3.55,3.47,3.43,424115.0,4442588.0
2014-04-23,3.40,3.47,3.43,3.40,507278.0,5233301.0
2014-04-22,3.49,3.53,3.43,3.39,1023310.0,10594659.0
2014-04-21,3.69,3.69,3.54,3.54,924145.0,10010158.0
2014-04-18,3.63,3.70,3.70,3.61,1026811.0,11308361.0
2014-04-17,3.64,3.68,3.64,3.59,821749.0,8988528.0
2014-04-16,3.67,3.67,3.62,3.57,686419.0,7468330.0
2014-04-15,3.60,3.66,3.65,3.60,704012.0,7691328.0
2014-04-14,3.61,3.66,3.63,3.57,530496.0,5753016.0
2014-04-11,3.57,3.61,3.61,3.51,722516.0,7776350.0
2014-04-10,3.60,3.70,3.64,3.60,1618218.0,17723036.0
2014-04-09,3.46,3.69,3.60,3.43,1722994.0,18545406.0
2014-04-08,3.37,3.48,3.43,3.37,654446.0,6755394.0
2014-04-04,3.32,3.39,3.39,3.30,620399.0,6223393.0
2014-04-03,3.33,3.36,3.34,3.27,326603.0,3249279.0
2014-04-02,3.29,3.33,3.32,3.23,379408.0,3741296.0
2014-04-01,3.25,3.31,3.29,3.22,1006321.0,9858183.0
2014-03-31,3.47,3.50,3.28,3.17,1876051.0,18699716.0
2014-03-28,3.61,3.63,3.48,3.40,699894.0,7408466.0
2014-03-27,3.66,3.66,3.61,3.56,807475.0,8751441.0
2014-03-26,3.60,3.65,3.65,3.57,741504.0,8067704.0
2014-03-25,3.65,3.66,3.60,3.58,572214.0,6226944.0
2014-03-24,3.63,3.69,3.65,3.60,955846.0,10427864.0
2014-03-21,3.54,3.67,3.66,3.47,1128006.0,12131700.0
2014-03-20,3.55,3.63,3.61,3.51,1261452.0,13525860.0
2014-03-19,3.53,3.56,3.54,3.45,712410.0,7552456.0
2014-03-18,3.51,3.60,3.53,3.50,658596.0,7011800.0
2014-03-17,3.42,3.52,3.52,3.42,662788.0,6931432.0
2014-03-14,3.43,3.50,3.45,3.37,569922.0,5890128.0
2014-03-13,3.32,3.50,3.46,3.28,1208714.0,12346029.0
2014-03-12,3.24,3.30,3.28,3.22,776190.0,7596445.0
2014-03-11,3.31,3.31,3.27,3.22,653839.0,6378934.0
2014-03-10,3.44,3.44,3.25,3.24,1182425.0,11845605.0
2014-03-07,3.45,3.49,3.44,3.42,559108.0,5807051.0
2014-03-06,3.53,3.53,3.47,3.43,706590.0,7340194.0
2014-03-05,3.53,3.54,3.53,3.46,950113.0,9983321.0
2014-03-04,3.47,3.50,3.45,3.42,604980.0,6275188.0
2014-03-03,3.42,3.51,3.49,3.36,1107268.0,11515092.0
2014-02-28,3.37,3.44,3.44,3.33,702248.0,7141544.0
2014-02-27,3.47,3.52,3.39,3.37,1003840.0,10392108.0
2014-02-26,3.53,3.59,3.47,3.34,1546097.0,15932228.0
2014-02-25,3.82,3.94,3.53,3.48,2985007.0,33341398.0
2014-02-24,3.76,3.88,3.84,3.63,1882041.0,21292670.0
2014-02-21,3.82,3.82,3.78,3.70,3673601.0,41332724.0
2014-02-20,3.73,3.89,3.85,3.60,5526360.0,62967604.0
2014-02-19,3.65,3.77,3.73,3.62,3773224.0,42130780.0
2014-02-18,3.59,3.68,3.66,3.57,3106642.0,33758952.0
2014-02-17,3.55,3.62,3.62,3.50,3812791.0,40855092.0
2014-02-14,3.49,3.56,3.54,3.47,2085804.0,21942578.0
2014-02-13,3.67,3.69,3.49,3.43,2931034.0,31500548.0
2014-02-12,3.66,3.70,3.70,3.60,2086835.0,22864000.0
2014-02-11,3.58,3.67,3.66,3.51,2960950.0,31959762.0
2014-02-10,3.53,3.59,3.57,3.49,3008841.0,31953338.0
2014-02-07,3.40,3.53,3.51,3.36,1286986.0,13373441.0
2014-01-30,3.50,3.51,3.45,3.45,945847.0,9851644.0
2014-01-29,3.47,3.53,3.53,3.43,1931631.0,20160850.0
2014-01-28,3.47,3.51,3.47,3.37,2172524.0,22445652.0
2014-01-27,3.50,3.56,3.49,3.42,2790892.0,29306602.0
2014-01-24,3.75,3.75,3.58,3.45,6426044.0,68743232.0
2014-01-23,3.72,3.90,3.83,3.69,3551885.0,40536404.0
2014-01-22,3.72,3.76,3.75,3.62,2721184.0,30159212.0
2014-01-21,3.60,3.73,3.73,3.59,2972984.0,32787572.0
2014-01-20,3.70,3.80,3.61,3.55,3133428.0,34395880.0
2014-01-17,3.85,3.91,3.71,3.70,4182005.0,47755344.0
2014-01-16,3.90,3.98,3.87,3.68,7770540.0,89967096.0
2014-01-15,3.94,4.08,4.05,3.74,10721413.0,127574096.0
2014-01-14,3.39,3.71,3.71,3.38,2860732.0,31056360.0
2014-01-13,3.31,3.37,3.37,3.29,765279.0,7632326.0
2014-01-10,3.33,3.35,3.32,3.27,1005411.0,9966434.0
2014-01-09,3.46,3.46,3.34,3.30,1719498.0,17335164.0
2014-01-08,3.45,3.48,3.44,3.39,1569612.0,16213275.0
2014-01-07,3.32,3.45,3.44,3.28,1774288.0,18056304.0
2014-01-06,3.35,3.37,3.33,3.27,1380190.0,13708259.0
2014-01-03,3.33,3.39,3.33,3.30,1492713.0,14957687.0
2014-01-02,3.22,3.40,3.37,3.19,2340808.0,23308962.0
2013-12-31,3.27,3.29,3.23,3.18,1155662.0,11188503.0
2013-12-30,3.20,3.32,3.29,3.18,1907807.0,18668312.0
2013-12-27,3.05,3.21,3.19,3.05,1111863.0,10497116.0
2013-12-26,3.09,3.15,3.07,3.06,717871.0,6682186.0
2013-12-25,3.01,3.11,3.11,2.99,1007619.0,9266519.0
2013-12-24,2.98,3.02,3.00,2.96,611114.0,5479967.0
2013-12-23,3.06,3.06,2.97,2.95,501555.0,4480007.0
2013-12-20,3.13,3.13,3.06,3.02,449826.0,4128872.0
2013-12-19,3.09,3.10,3.09,3.04,581428.0,5357390.0
2013-12-18,3.11,3.11,3.09,3.04,729469.0,6719905.0
2013-12-17,3.16,3.16,3.10,3.07,677039.0,6299517.0
2013-12-16,3.22,3.22,3.16,3.10,901667.0,8547316.0
2013-12-13,3.18,3.25,3.23,3.14,1115886.0,10707247.0
2013-12-12,3.23,3.23,3.19,3.15,826013.0,7900204.0
2013-12-11,3.16,3.16,3.13,3.09,679840.0,6365744.0
2013-12-10,3.27,3.27,3.14,3.12,1074269.0,10270441.0
2013-12-09,3.07,3.23,3.23,3.05,1040341.0,9674500.0
2013-12-06,3.10,3.13,3.06,3.05,660811.0,6097016.0
2013-12-05,3.14,3.17,3.14,3.06,839480.0,7845479.0
2013-12-04,3.08,3.26,3.17,3.07,1376523.0,13151082.0
2013-12-03,2.96,3.10,3.09,2.96,1092737.0,9937681.0
2013-12-02,3.20,3.22,3.02,3.02,2730354.0,25467068.0
2013-11-29,3.10,3.33,3.30,3.10,3138493.0,30821696.0
2013-11-28,3.11,3.19,3.11,3.10,943019.0,8899543.0
2013-11-27,3.07,3.15,3.11,3.07,1097016.0,10281357.0
2013-11-26,3.02,3.11,3.10,2.99,1162023.0,10689290.0
2013-11-25,2.98,3.03,3.01,2.97,1059763.0,9543140.0
2013-11-22,2.94,2.99,2.98,2.94,603671.0,5375864.0
2013-11-21,2.99,3.01,2.95,2.93,834631.0,7399803.0
2013-11-20,3.01,3.03,3.00,2.98,961731.0,8663266.0
2013-11-19,2.98,3.02,2.99,2.95,906061.0,8107214.0
2013-11-18,2.92,3.03,2.99,2.90,1409637.0,12575427.0
2013-11-15,2.83,2.95,2.92,2.83,1217070.0,10632326.0
2013-11-14,2.72,2.85,2.84,2.72,1393027.0,11774377.0
2013-11-13,2.81,2.81,2.74,2.73,782921.0,6539594.0
2013-11-12,2.75,2.81,2.81,2.75,1090020.0,9081868.0
2013-11-11,2.71,2.76,2.74,2.68,756275.0,6158837.0
2013-11-08,2.73,2.77,2.71,2.70,554224.0,4537249.0
2013-11-07,2.76,2.78,2.74,2.74,949399.0,7850353.0
2013-11-06,2.80,2.85,2.76,2.75,1385792.0,11681419.0
2013-11-05,2.81,2.82,2.81,2.75,1750959.0,14609731.0
2013-11-04,2.79,2.84,2.81,2.77,688259.0,5826610.0
2013-11-01,2.80,2.84,2.80,2.73,1562353.0,13060192.0
2013-10-31,2.95,2.96,2.80,2.79,3206693.0,27427150.0
2013-10-30,3.12,3.12,3.00,2.92,5047269.0,45625648.0
2013-10-29,3.08,3.31,3.21,3.07,7566962.0,73038448.0
2013-10-28,2.96,3.01,3.01,2.93,969100.0,8654256.0
2013-10-25,2.98,3.00,2.96,2.90,1004446.0,8876041.0
2013-10-24,2.92,3.00,2.98,2.89,1014611.0,9002231.0
2013-10-23,2.98,2.99,2.96,2.88,1095084.0,9651718.0
2013-10-22,2.93,3.02,2.98,2.91,1712770.0,15252055.0
2013-10-21,2.80,2.95,2.92,2.80,1050754.0,9149092.0
2013-10-18,2.78,2.82,2.80,2.78,443233.0,3721430.0
2013-10-17,2.82,2.83,2.80,2.77,439266.0,3690595.0
2013-10-16,2.90,2.90,2.82,2.77,521096.0,4396271.0
2013-10-15,2.92,2.95,2.91,2.87,955755.0,8363738.0
2013-10-14,2.84,2.94,2.93,2.84,1273442.0,11107013.0
2013-10-11,2.81,2.86,2.84,2.80,652758.0,5542319.0
2013-10-10,2.83,2.83,2.80,2.80,689263.0,5819906.0
2013-10-09,2.78,2.82,2.82,2.78,612745.0,5173685.0
2013-10-08,2.74,2.79,2.79,2.74,547229.0,4542840.0
2013-09-30,2.74,2.76,2.76,2.73,412480.0,3397676.0
2013-09-27,2.74,2.75,2.74,2.71,305700.0,2510883.0
2013-09-26,2.77,2.77,2.73,2.73,408027.0,3363790.0
2013-09-25,2.81,2.81,2.77,2.76,679761.0,5671335.0
2013-09-24,2.80,2.82,2.80,2.78,667168.0,5606398.0
2013-09-23,2.77,2.81,2.81,2.77,933700.0,7803214.0
2013-09-18,2.76,2.79,2.77,2.76,588313.0,4886136.0
2013-09-17,2.81,2.83,2.77,2.75,499424.0,4189002.0
2013-09-16,2.79,2.85,2.80,2.79,698964.0,5914442.0
2013-09-13,2.77,2.80,2.80,2.75,908705.0,7572395.0
2013-09-12,2.73,2.78,2.76,2.73,559864.0,4634945.0
2013-09-11,2.74,2.78,2.73,2.72,690152.0,5683787.0
2013-09-10,2.74,2.80,2.77,2.72,967326.0,8046218.0
2013-09-09,2.72,2.76,2.74,2.70,887781.0,7248651.0
2013-09-06,2.74,2.75,2.72,2.70,1295253.0,10550043.0
2013-09-05,2.68,2.79,2.77,2.68,2064405.0,16910348.0
2013-08-09,2.86,2.86,2.75,2.73,1459701.0,12072542.0
2013-08-08,2.84,2.88,2.83,2.80,682063.0,5792048.0
2013-08-07,2.82,2.88,2.83,2.80,1048310.0,8908696.0
2013-08-06,2.87,2.93,2.84,2.83,1683096.0,14581753.0
2013-08-05,2.77,2.89,2.89,2.75,1946294.0,16568105.0
2013-08-02,2.71,2.86,2.77,2.68,3099179.0,25742642.0
2013-08-01,2.61,2.71,2.69,2.57,1658418.0,13239847.0
2013-07-31,2.52,2.65,2.59,2.52,1420697.0,11050214.0
2013-07-30,2.53,2.54,2.52,2.46,607381.0,4559341.0
2013-07-29,2.53,2.56,2.51,2.49,643310.0,4856630.0
2013-07-26,2.55,2.57,2.53,2.48,503854.0,3812521.0
2013-07-25,2.59,2.62,2.53,2.50,684386.0,5232839.0
2013-07-24,2.59,2.59,2.58,2.53,544232.0,4189066.0
2013-07-23,2.50,2.57,2.56,2.47,813168.0,6196779.0
2013-07-22,2.43,2.49,2.49,2.38,420685.0,3083595.0
2013-07-19,2.51,2.55,2.43,2.43,866638.0,6511718.0
2013-07-18,2.47,2.52,2.51,2.43,837021.0,6247207.0
2013-07-17,2.48,2.51,2.46,2.44,654802.0,4858616.0
2013-07-16,2.46,2.50,2.46,2.40,657241.0,4823186.0
2013-07-15,2.40,2.48,2.45,2.40,933233.0,6842974.0
2013-07-12,2.39,2.41,2.38,2.35,593188.0,4250262.0
2013-07-11,2.33,2.40,2.38,2.31,707365.0,5022348.0
2013-07-10,2.31,2.36,2.34,2.25,356088.0,2486722.0
2013-07-09,2.25,2.31,2.29,2.23,372845.0,2551134.0
2013-07-08,2.29,2.40,2.23,2.23,454765.0,3132072.0
2013-07-05,2.40,2.45,2.37,2.35,617022.0,4410628.0
2013-07-04,2.31,2.46,2.35,2.27,618547.0,4371191.0
2013-07-03,2.32,2.33,2.31,2.24,501915.0,3445025.0
2013-07-02,2.24,2.32,2.29,2.22,338581.0,2314941.0
2013-07-01,2.19,2.29,2.26,2.16,422165.0,2806855.0
2013-06-28,2.19,2.23,2.21,2.14,620030.0,4098315.0
2013-06-27,2.32,2.36,2.20,2.20,1415983.0,9591881.0
2013-06-26,2.24,2.31,2.31,2.22,574221.0,3912252.0
2013-06-25,2.26,2.40,2.27,2.17,473688.0,3187348.0
2013-06-24,2.43,2.43,2.29,2.27,383589.0,2721029.0
2013-06-21,2.42,2.48,2.44,2.42,263154.0,1924803.0
2013-06-20,2.51,2.56,2.50,2.47,260600.0,1976450.0
2013-06-19,2.55,2.58,2.56,2.52,260066.0,1980755.0
2013-06-18,2.54,2.59,2.57,2.53,251050.0,1920193.0
2013-06-17,2.58,2.60,2.55,2.53,303343.0,2360345.0
2013-06-14,2.49,2.52,2.52,2.48,305195.0,2324641.0
2013-06-13,2.56,2.56,2.47,2.45,406796.0,3054384.0
2013-06-07,2.58,2.63,2.55,2.54,774368.0,6092077.0
2013-06-06,2.58,2.58,2.56,2.53,479382.0,3731430.0
2013-06-05,2.58,2.60,2.58,2.57,237979.0,1870256.0
2013-06-04,2.67,2.67,2.58,2.57,562987.0,4464904.0
2013-06-03,2.69,2.70,2.67,2.64,520935.0,4234949.0
2013-05-31,2.71,2.72,2.70,2.69,769385.0,6336408.0
2013-05-30,2.68,2.72,2.71,2.67,554336.0,4535256.0
2013-05-29,2.67,2.70,2.69,2.66,502695.0,4098202.0
2013-05-28,2.72,2.73,2.67,2.65,668236.0,5443129.0
2013-05-27,2.72,2.75,2.72,2.70,762819.0,6308310.0
2013-05-24,2.69,2.72,2.72,2.66,958359.0,7829118.0
2013-05-23,2.67,2.71,2.67,2.64,676882.0,5507847.0
2013-05-22,2.72,2.72,2.66,2.65,776772.0,6324717.0
2013-05-21,2.76,2.76,2.72,2.70,998154.0,8253061.0
2013-05-20,2.65,2.72,2.71,2.65,684680.0,5609866.0
2013-05-17,2.67,2.68,2.67,2.64,421309.0,3411497.0
2013-05-16,2.71,2.71,2.66,2.64,945691.0,7694502.0
2013-05-15,2.66,2.83,2.72,2.65,1542808.0,12771826.0
2013-05-14,2.61,2.70,2.69,2.55,1033355.0,8261039.0
2013-05-13,2.58,2.68,2.67,2.56,886671.0,7061796.0
2013-05-10,2.57,2.61,2.60,2.54,541211.0,4246695.0
2013-05-09,2.58,2.58,2.57,2.50,437859.0,3395140.0
2013-05-08,2.56,2.58,2.58,2.53,520556.0,4048093.0
2013-05-07,2.53,2.56,2.55,2.52,421378.0,3248302.0
2013-05-06,2.49,2.53,2.53,2.49,349798.0,2670156.0
2013-05-03,2.47,2.53,2.49,2.45,322265.0,2433855.0
2013-05-02,2.44,2.46,2.45,2.43,201526.0,1495845.0
2013-04-26,2.50,2.51,2.45,2.43,384136.0,2877553.0
2013-04-25,2.56,2.56,2.47,2.47,446368.0,3397674.0
2013-04-24,2.49,2.51,2.50,2.45,276052.0,2085902.0
2013-04-23,2.49,2.50,2.46,2.45,494862.0,3709822.0
2013-04-22,2.44,2.53,2.51,2.42,448846.0,3359204.0
2013-04-19,2.42,2.48,2.47,2.42,387577.0,2894947.0
2013-04-18,2.41,2.44,2.43,2.40,131058.0,965499.0
2013-04-17,2.39,2.42,2.42,2.38,172029.0,1255247.0
2013-04-16,2.35,2.41,2.40,2.34,145925.0,1053847.0
2013-04-15,2.43,2.43,2.37,2.34,176243.0,1264454.0
2013-04-12,2.42,2.44,2.39,2.39,137806.0,1010642.0
2013-04-11,2.45,2.45,2.43,2.41,120500.0,888043.0
2013-04-10,2.44,2.45,2.42,2.41,171605.0,1265951.0
2013-04-09,2.41,2.46,2.44,2.41,157304.0,1167388.0
2013-04-08,2.39,2.41,2.41,2.35,162379.0,1183551.0
2013-04-03,2.51,2.51,2.44,2.41,642368.0,4764784.0
2013-04-02,2.59,2.61,2.51,2.51,425535.0,3288687.0
2013-04-01,2.55,2.59,2.59,2.55,187897.0,1473781.0
2013-03-29,2.58,2.58,2.56,2.54,177194.0,1375042.0
2013-03-28,2.61,2.61,2.55,2.54,631590.0,4901126.0
2013-03-27,2.61,2.66,2.62,2.60,301794.0,2410648.0
2013-03-26,2.66,2.66,2.61,2.61,466485.0,3725586.0
2013-03-25,2.65,2.69,2.68,2.64,580311.0,4701452.0
2013-03-22,2.67,2.68,2.65,2.64,545533.0,4398055.0
2013-03-21,2.62,2.68,2.67,2.62,607976.0,4912172.0
2013-03-20,2.54,2.63,2.63,2.54,621533.0,4930428.0
2013-03-19,2.58,2.58,2.56,2.51,801154.0,6203161.0
2013-03-18,2.68,2.68,2.58,2.58,784379.0,6265790.0
2013-03-15,2.67,2.71,2.68,2.64,601178.0,4894477.0
2013-03-14,2.68,2.70,2.69,2.68,594566.0,4853763.0
2013-03-13,2.72,2.73,2.68,2.65,949794.0,7715476.0
2013-03-12,2.82,2.86,2.72,2.70,1644058.0,13776552.0
2013-03-11,2.83,3.00,2.84,2.82,1909748.0,16620686.0
2013-03-08,2.99,3.18,2.87,2.87,4617781.0,41622584.0
2013-03-07,2.88,3.23,3.03,2.86,7260598.0,66067200.0
2013-03-06,2.70,2.96,2.96,2.69,4358869.0,37442952.0
2013-03-05,2.65,2.70,2.70,2.64,614205.0,4989718.0
2013-03-04,2.74,2.74,2.65,2.64,1153238.0,9444295.0
2013-03-01,2.72,2.77,2.76,2.71,1407137.0,11719245.0
2013-02-28,2.69,2.73,2.72,2.67,1254658.0,10353973.0
2013-02-27,2.74,2.74,2.70,2.63,1631856.0,13339051.0
2013-02-26,2.70,2.85,2.75,2.70,3505842.0,29614178.0
2013-02-25,2.63,2.69,2.69,2.63,694544.0,5646206.0
2013-02-22,2.66,2.69,2.66,2.66,361379.0,2936498.0
2013-02-21,2.69,2.70,2.67,2.65,726238.0,5902570.0
2013-02-20,2.68,2.71,2.69,2.63,987318.0,8040871.0
2013-02-19,2.71,2.73,2.67,2.66,870467.0,7098248.0
2013-02-18,2.70,2.71,2.70,2.68,707710.0,5806789.0
2013-02-08,2.69,2.70,2.70,2.68,834380.0,6832994.0
2013-02-07,2.70,2.71,2.67,2.66,1031879.0,8390735.0
2013-02-06,2.74,2.79,2.72,2.70,2015767.0,16708551.0
2013-02-05,2.73,2.83,2.76,2.72,2137382.0,17987332.0
2013-02-04,2.91,2.91,2.76,2.74,2796822.0,24008898.0
2013-02-01,2.74,2.82,2.79,2.67,2931556.0,24442144.0
2013-01-31,2.74,2.76,2.71,2.68,2218712.0,18390814.0
2013-01-30,2.67,2.75,2.70,2.57,2352815.0,19091364.0
2013-01-29,2.69,2.73,2.70,2.65,1763362.0,14433598.0
2013-01-28,2.66,2.70,2.69,2.63,1320677.0,10737851.0
2013-01-25,2.63,2.66,2.63,2.61,649297.0,5190596.0
2013-01-24,2.69,2.71,2.63,2.60,1696759.0,13698917.0
2013-01-23,2.70,2.71,2.69,2.65,1571937.0,12776133.0
2013-01-22,2.75,2.75,2.72,2.70,1897279.0,15701436.0
2013-01-21,2.80,2.85,2.76,2.72,3684774.0,30895540.0
2013-01-18,2.91,3.05,2.89,2.82,4229692.0,37247844.0
2013-01-17,2.77,3.12,3.02,2.72,7269885.0,64659324.0
2013-01-16,2.94,2.94,2.83,2.70,6348809.0,53892300.0
2013-01-15,2.51,2.75,2.75,2.49,3085442.0,25044666.0
2013-01-14,2.42,2.50,2.50,2.42,771288.0,5797382.0
2013-01-11,2.51,2.51,2.42,2.41,961646.0,7216638.0
2013-01-10,2.49,2.51,2.50,2.48,741678.0,5632251.0
2013-01-09,2.47,2.51,2.49,2.46,648305.0,4894699.0
2013-01-08,2.44,2.50,2.47,2.43,785272.0,5897559.0
2013-01-07,2.43,2.45,2.44,2.40,412020.0,3044804.0
2013-01-04,2.46,2.46,2.43,2.41,429430.0,3169077.0
2012-12-31,2.46,2.46,2.45,2.42,555967.0,4127400.0
2012-12-28,2.41,2.45,2.44,2.39,568081.0,4188443.0
2012-12-27,2.46,2.47,2.41,2.41,868400.0,6419661.0
2012-12-26,2.39,2.45,2.45,2.39,709792.0,5220214.0
2012-12-25,2.32,2.41,2.39,2.32,664686.0,4796749.0
2012-12-24,2.31,2.35,2.33,2.31,552927.0,3924850.0
2012-12-21,2.30,2.34,2.32,2.29,733975.0,5167724.0
2012-12-20,2.28,2.30,2.29,2.26,446994.0,3099239.0
2012-12-19,2.27,2.29,2.28,2.27,338940.0,2349012.0
2012-12-18,2.27,2.30,2.27,2.26,780492.0,5414765.0
2012-12-17,2.29,2.31,2.28,2.27,760016.0,5267398.0
2012-12-14,2.19,2.29,2.29,2.18,873011.0,6008759.0
2012-12-13,2.23,2.24,2.21,2.21,488862.0,3291834.0
2012-12-12,2.22,2.28,2.24,2.22,605282.0,4130163.0
2012-12-11,2.26,2.27,2.24,2.24,356089.0,2436100.0
2012-12-10,2.26,2.29,2.27,2.24,587674.0,4035097.0
2012-12-07,2.21,2.26,2.25,2.20,348550.0,2362345.0
2012-12-06,2.20,2.21,2.20,2.18,242924.0,1618658.0
2012-12-05,2.13,2.22,2.20,2.11,500037.0,3334616.0
2012-12-04,2.09,2.13,2.13,2.06,195377.0,1243950.0
2012-12-03,2.14,2.16,2.09,2.09,149549.0,967172.0
2012-11-30,2.12,2.17,2.16,2.08,198564.0,1292401.0
2012-11-29,2.19,2.19,2.13,2.13,292000.0,1918205.0
2012-11-28,2.19,2.19,2.17,2.15,155054.0,1022071.0
2012-11-27,2.31,2.31,2.19,2.16,756575.0,5110133.0
2012-11-26,2.36,2.36,2.31,2.31,222790.0,1578629.0
2012-11-23,2.35,2.37,2.36,2.34,264649.0,1891260.0
2012-11-22,2.35,2.38,2.35,2.24,374189.0,2651253.0
2012-11-21,2.32,2.35,2.35,2.28,268260.0,1895800.0
2012-11-20,2.32,2.34,2.31,2.31,215540.0,1521842.0
2012-11-19,2.35,2.35,2.32,2.12,226970.0,1590334.0
2012-11-16,2.43,2.43,2.35,2.33,327077.0,2337311.0
2012-11-15,2.44,2.46,2.41,2.41,238880.0,1766915.0
2012-11-14,2.42,2.45,2.45,2.40,184259.0,1360564.0
2012-11-13,2.42,2.46,2.42,2.41,456851.0,3390758.0
2012-11-12,2.40,2.44,2.43,2.40,148147.0,1089508.0
2012-11-09,2.40,2.43,2.41,2.39,101020.0,738619.0
2012-11-08,2.46,2.46,2.41,2.40,248820.0,1840424.0
2012-11-07,2.47,2.48,2.48,2.46,198771.0,1492848.0
2012-11-06,2.46,2.50,2.48,2.41,791087.0,5920195.0
2012-11-05,2.47,2.48,2.46,2.45,261002.0,1950084.0
2012-11-02,2.46,2.48,2.47,2.45,505189.0,3785811.0
2012-11-01,2.41,2.47,2.47,2.41,476592.0,3558819.0
2012-10-31,2.42,2.44,2.43,2.37,357072.0,2623530.0
2012-10-30,2.41,2.44,2.43,2.41,148290.0,1091223.0
2012-10-29,2.44,2.44,2.42,2.42,294900.0,2173342.0
2012-10-26,2.49,2.51,2.43,2.41,484556.0,3602932.0
2012-10-25,2.50,2.69,2.50,2.48,727225.0,5608065.0
2012-10-24,2.49,2.50,2.50,2.47,423599.0,3203602.0
2012-10-23,2.52,2.54,2.50,2.50,223600.0,1711814.0
2012-10-22,2.52,2.53,2.52,2.49,293113.0,2232094.0
2012-10-19,2.52,2.54,2.52,2.50,247483.0,1895096.0
2012-10-18,2.48,2.54,2.52,2.48,392285.0,2993795.0
2012-10-17,2.45,2.49,2.48,2.44,588208.0,4409211.0
2012-10-16,2.46,2.48,2.44,2.44,412102.0,3079663.0
2012-10-15,2.51,2.51,2.46,2.43,386390.0,2891977.0
2012-10-12,2.52,2.55,2.51,2.48,511726.0,3923728.0
2012-10-11,2.58,2.60,2.53,2.53,398939.0,3110016.0
2012-10-10,2.58,2.60,2.59,2.55,312178.0,2446444.0
2012-10-09,2.51,2.58,2.57,2.51,409652.0,3189072.0
2012-10-08,2.55,2.57,2.51,2.50,266130.0,2031645.0
2012-09-28,2.45,2.56,2.55,2.44,1032706.0,7885256.0
2012-09-27,2.43,2.48,2.45,2.42,347650.0,2592684.0
2012-09-26,2.47,2.48,2.41,2.41,257130.0,1921552.0
2012-09-25,2.50,2.52,2.48,2.48,138090.0,1046138.0
2012-09-24,2.50,2.52,2.51,2.47,321811.0,2443488.0
2012-09-21,2.52,2.55,2.50,2.50,301383.0,2311110.0
2012-09-20,2.61,2.62,2.52,2.51,469994.0,3648243.0
2012-09-19,2.60,2.65,2.63,2.60,185191.0,1477046.0
2012-09-18,2.63,2.64,2.61,2.59,322508.0,2567604.0
2012-09-17,2.71,2.71,2.62,2.61,562803.0,4539694.0
2012-09-14,2.70,2.75,2.72,2.67,593373.0,4888677.0
2012-09-13,2.73,2.74,2.68,2.67,448344.0,3692570.0
2012-09-12,2.74,2.74,2.73,2.70,479545.0,3970059.0
2012-09-11,2.75,2.75,2.72,2.71,597544.0,4952045.0
2012-09-10,2.76,2.79,2.75,2.73,723896.0,6078982.0
2012-09-07,2.70,2.78,2.76,2.70,1079819.0,9010468.0
2012-09-06,2.68,2.71,2.69,2.66,716852.0,5856863.0
2012-09-05,2.58,2.67,2.67,2.58,584933.0,4687074.0
2012-09-04,2.60,2.64,2.60,2.58,422400.0,3341021.0
2012-09-03,2.54,2.60,2.60,2.54,264507.0,2071788.0
2012-08-31,2.53,2.56,2.54,2.53,231596.0,1787199.0
2012-08-30,2.57,2.61,2.53,2.51,390976.0,3029900.0
2012-08-29,2.58,2.63,2.60,2.57,293487.0,2321563.0
2012-08-28,2.57,2.60,2.59,2.54,278131.0,2181557.0
2012-08-27,2.65,2.67,2.57,2.50,943630.0,7378425.0
2012-08-24,2.71,2.75,2.67,2.67,593567.0,4875847.0
2012-08-23,2.66,2.72,2.71,2.63,622720.0,5080670.0
2012-08-22,2.66,2.67,2.64,2.63,312158.0,2513429.0
2012-08-21,2.60,2.67,2.66,2.60,435181.0,3496432.0
2012-08-20,2.58,2.61,2.60,2.55,183671.0,1436963.0
2012-08-17,2.57,2.60,2.59,2.56,142416.0,1116731.0
2012-08-16,2.59,2.61,2.58,2.57,201363.0,1581647.0
2012-08-15,2.60,2.62,2.59,2.57,196660.0,1552425.0
2012-08-14,2.58,2.62,2.62,2.56,328851.0,2589229.0
2012-08-13,2.64,2.66,2.60,2.60,314992.0,2511724.0
2012-08-10,2.68,2.69,2.65,2.63,575341.0,4629512.0
2012-08-09,2.66,2.68,2.68,2.63,433398.0,3504700.0
2012-08-08,2.62,2.67,2.65,2.62,519961.0,4176046.0
2012-08-07,2.61,2.65,2.63,2.59,366216.0,2918332.0
2012-08-06,2.54,2.62,2.61,2.53,344985.0,2707714.0
2012-08-03,2.51,2.56,2.56,2.50,313455.0,2416799.0
2012-08-02,2.54,2.54,2.51,2.50,174476.0,1331645.0
2012-08-01,2.49,2.55,2.53,2.49,292211.0,2246141.0
2012-07-31,2.54,2.55,2.49,2.47,399135.0,3040940.0
2012-07-30,2.58,2.62,2.54,2.54,290449.0,2271678.0
2012-07-27,2.62,2.64,2.61,2.60,197865.0,1569448.0
2012-07-26,2.65,2.67,2.61,2.61,258815.0,2078416.0
2012-07-25,2.63,2.68,2.63,2.63,243800.0,1961479.0
2012-07-24,2.62,2.67,2.66,2.61,218525.0,1756739.0
2012-07-23,2.63,2.65,2.64,2.61,193435.0,1545656.0
2012-07-20,2.68,2.69,2.67,2.65,199206.0,1613706.0
2012-07-19,2.64,2.71,2.68,2.62,573450.0,4666987.0
2012-07-18,2.63,2.66,2.64,2.58,283509.0,2256228.0
2012-07-17,2.59,2.65,2.63,2.57,527399.0,4176194.0
2012-07-16,2.70,2.79,2.64,2.64,1179542.0,9762518.0
2012-07-13,2.75,2.75,2.69,2.69,450546.0,3708513.0
2012-07-12,2.72,2.76,2.75,2.68,670198.0,5567618.0
2012-07-11,2.69,2.71,2.70,2.67,277228.0,2265894.0
2012-07-10,2.69,2.74,2.69,2.68,738388.0,6057360.0
2012-07-09,2.80,2.82,2.73,2.72,539747.0,4552756.0
2012-07-06,2.80,2.84,2.84,2.74,533942.0,4524275.0
2012-07-05,2.88,2.90,2.79,2.77,625174.0,5346037.0
2012-07-04,2.94,2.94,2.90,2.89,643734.0,5690409.0
2012-07-03,2.93,3.01,2.92,2.89,1554017.0,13913716.0
2012-07-02,2.88,2.95,2.91,2.87,667953.0,5904738.0
2012-06-29,2.86,2.88,2.86,2.80,492524.0,4264996.0
2012-06-28,2.94,2.97,2.86,2.86,805111.0,7145787.0
2012-06-27,3.00,3.01,2.96,2.96,482900.0,4377313.0
2012-06-26,2.99,2.99,2.98,2.93,502318.0,4527531.0
2012-06-25,3.05,3.05,2.98,2.95,757750.0,6913963.0
2012-06-21,3.07,3.07,3.03,3.01,1046200.0,9624177.0
2012-06-20,3.02,3.07,3.07,3.01,1394686.0,12932781.0
2012-06-19,3.01,3.04,3.00,2.99,682193.0,6257329.0
2012-06-18,3.00,3.04,3.00,2.98,821670.0,7517652.0
2012-06-15,3.02,3.03,2.98,2.96,1065219.0,9672336.0
2012-06-14,3.05,3.07,3.01,3.01,868422.0,8039603.0
2012-06-13,3.02,3.06,3.06,3.02,1423491.0,13180658.0
2012-06-12,3.06,3.09,3.03,3.00,1737819.0,16058097.0
2012-06-11,3.08,3.16,3.08,3.04,2761306.0,25986088.0
2012-06-08,3.12,3.12,3.07,3.02,750629.0,6986840.0
2012-06-07,3.15,3.16,3.09,3.07,949324.0,8965521.0
2012-06-06,3.18,3.20,3.14,3.08,1182460.0,11252037.0
2012-06-05,3.21,3.23,3.18,3.14,1357945.0,13104247.0
2012-06-04,3.16,3.27,3.19,3.15,2384026.0,23249732.0
2012-06-01,3.17,3.24,3.22,3.14,1887705.0,18308260.0
2012-05-31,3.19,3.26,3.18,3.16,1578309.0,15343370.0
2012-05-30,3.15,3.38,3.22,3.12,4423858.0,43594616.0
2012-05-29,3.06,3.19,3.15,3.03,2670608.0,25305540.0
2012-05-28,3.01,3.09,3.07,2.95,1250088.0,15221816.0
2012-05-25,3.08,3.18,3.08,3.03,1805497.0,22441928.0
2012-05-24,3.04,3.11,3.08,3.01,770023.0,9466719.0
2012-05-23,3.07,3.09,3.06,3.02,304237.0,3735354.0
2012-05-22,3.07,3.10,3.06,3.05,371200.0,4573585.0
2012-05-21,3.05,3.09,3.04,3.03,291310.0,3576845.0
2012-05-18,3.11,3.11,3.06,3.06,427090.0,5287190.0
2012-05-17,3.10,3.15,3.13,3.06,1862410.0,23321612.0
2012-05-16,3.10,3.13,3.10,3.08,295200.0,3672041.0
2012-05-15,3.14,3.16,3.14,3.02,1549474.0,19295378.0
2012-05-14,3.15,3.24,3.14,3.09,2012626.0,25521714.0
2012-05-11,3.11,3.19,3.15,3.11,1821215.0,22966706.0
2012-05-10,3.03,3.20,3.16,3.03,2508330.0,31627520.0
2012-05-09,3.01,3.07,3.06,2.98,1480581.0,17994192.0
2012-05-08,3.04,3.05,3.03,3.00,440561.0,5350864.0
2012-05-07,3.00,3.05,3.04,3.00,467290.0,5671274.0
2012-05-04,3.05,3.07,3.05,2.99,602017.0,7332267.0
2012-05-03,2.99,3.04,3.03,2.97,555659.0,6712904.0
2012-05-02,2.95,3.04,3.01,2.95,1101633.0,13246534.0
2012-04-27,2.89,2.94,2.94,2.87,560987.0,6559438.0
2012-04-26,2.89,2.93,2.90,2.85,636614.0,7407630.0
2012-04-25,2.82,2.91,2.89,2.82,595668.0,6861542.0
2012-04-24,2.86,2.90,2.83,2.76,736740.0,8345068.0
2012-04-23,2.96,2.98,2.88,2.84,1425649.0,16674933.0
2012-04-20,2.95,3.01,2.97,2.93,1369436.0,16365722.0
2012-04-19,2.87,2.96,2.95,2.84,1374710.0,16041065.0
2012-04-18,2.83,2.88,2.87,2.81,857972.0,9806812.0
2012-04-17,2.82,2.84,2.80,2.79,604532.0,6804979.0
2012-04-16,2.87,2.87,2.82,2.82,691240.0,7870670.0
2012-04-13,2.86,2.89,2.88,2.83,604499.0,6933895.0
2012-04-12,2.79,2.87,2.87,2.79,509137.0,5785272.0
2012-04-11,2.75,2.81,2.80,2.74,338962.0,3789030.0
2012-04-10,2.76,2.79,2.78,2.70,329800.0,3637625.0
2012-04-09,2.77,2.80,2.76,2.74,246500.0,2746733.0
2012-04-06,2.76,2.79,2.77,2.75,388130.0,4316903.0
2012-04-05,2.72,2.79,2.78,2.71,558834.0,6169483.0
2012-03-30,2.79,2.80,2.71,2.69,663312.0,7305821.0
2012-03-29,2.82,2.87,2.78,2.77,348935.0,3934775.0
2012-03-28,2.96,2.96,2.83,2.82,614443.0,7050862.0
2012-03-27,2.95,2.98,2.95,2.94,340460.0,4039652.0
2012-03-26,2.94,2.99,2.95,2.92,409067.0,4856001.0
2012-03-23,2.98,2.99,2.93,2.91,434219.0,5143111.0
2012-03-22,3.01,3.03,3.00,2.96,338088.0,4055243.0
2012-03-21,3.01,3.02,3.00,2.94,643649.0,7696327.0
2012-03-20,3.10,3.10,2.99,2.99,505265.0,6154231.0
2012-03-19,3.06,3.12,3.11,3.05,439156.0,5446816.0
2012-03-16,3.04,3.08,3.08,3.00,564123.0,6877420.0
2012-03-15,3.01,3.05,3.00,2.94,649809.0,7838694.0
2012-03-14,3.21,3.23,3.01,2.99,886067.0,11136192.0
2012-03-13,3.15,3.19,3.19,3.13,633435.0,8050063.0
2012-03-12,3.16,3.19,3.16,3.12,578214.0,7345290.0
2012-03-09,3.07,3.17,3.16,3.07,1058362.0,13260041.0
2012-03-08,3.04,3.09,3.07,3.03,585293.0,7197426.0
2012-03-07,2.99,3.07,3.04,2.98,530446.0,6471215.0
2012-03-06,3.06,3.06,3.02,2.97,519275.0,6278793.0
2012-03-05,3.07,3.10,3.06,3.05,524301.0,6445454.0
2012-03-02,3.02,3.06,3.06,3.01,709544.0,8660719.0
2012-03-01,2.96,3.02,3.01,2.96,523577.0,6304150.0
2012-02-29,3.00,3.04,2.98,2.98,575701.0,6952657.0
2012-02-28,3.04,3.06,3.02,2.98,879029.0,10656194.0
2012-02-27,3.12,3.12,3.07,3.06,955067.0,11850188.0
2012-02-24,3.10,3.13,3.09,3.06,884744.0,10966644.0
2012-02-23,3.02,3.10,3.07,3.02,1319660.0,16198120.0
2012-02-22,2.94,3.03,3.03,2.93,749540.0,9030603.0
2012-02-21,2.92,2.96,2.95,2.88,464438.0,5444892.0
2012-02-20,2.93,2.97,2.92,2.92,512941.0,6049769.0
2012-02-17,2.93,2.95,2.90,2.88,498971.0,5833751.0
2012-02-16,2.95,2.97,2.93,2.90,699590.0,8255716.0
2012-02-15,2.93,2.95,2.95,2.89,629279.0,7404133.0
2012-02-14,2.90,2.92,2.90,2.87,363602.0,4226973.0
2012-02-13,2.85,2.94,2.90,2.82,1039906.0,12055726.0
2012-02-10,2.85,2.88,2.84,2.83,618095.0,7067517.0
2012-02-09,2.82,2.89,2.84,2.82,615768.0,7069783.0
2012-02-08,2.77,2.83,2.82,2.74,418818.0,4722533.0
2012-02-07,2.82,2.82,2.76,2.74,345446.0,3831554.0
2012-02-06,2.82,2.84,2.82,2.80,403145.0,4566160.0
2012-02-03,2.78,2.84,2.82,2.74,506819.0,5695553.0
2012-02-02,2.69,2.76,2.76,2.69,185009.0,2024966.0
2012-02-01,2.69,2.74,2.69,2.68,211287.0,2295472.0
2012-01-31,2.68,2.69,2.69,2.64,156989.0,1681475.0
2012-01-30,2.74,2.76,2.68,2.67,329208.0,3591258.0
2012-01-20,2.75,2.76,2.74,2.70,252071.0,2767578.0
2012-01-19,2.63,2.72,2.72,2.63,237931.0,2556854.0
2012-01-18,2.78,2.80,2.64,2.62,323440.0,3540032.0
2012-01-17,2.59,2.78,2.75,2.59,212442.0,2296443.0
2012-01-16,2.69,2.69,2.59,2.59,174093.0,1834414.0
2012-01-13,2.87,2.88,2.67,2.62,355592.0,3912381.0
2012-01-12,2.87,2.90,2.84,2.82,389401.0,4462261.0
2012-01-11,2.87,2.92,2.87,2.84,330280.0,3815036.0
2012-01-10,2.78,2.88,2.87,2.77,519801.0,5911030.0
2012-01-09,2.69,2.78,2.77,2.64,434553.0,4749300.0
2012-01-06,2.69,2.72,2.69,2.57,364220.0,3866993.0
2012-01-05,2.86,2.86,2.73,2.70,319327.0,3534619.0
2012-01-04,3.00,3.01,2.89,2.88,206233.0,2440771.0
2011-12-30,2.93,3.03,2.99,2.93,190078.0,2273128.0
2011-12-29,2.91,2.95,2.93,2.91,126650.0,1494112.0
2011-12-28,2.94,2.96,2.93,2.88,199698.0,2339988.0
2011-12-27,3.04,3.07,2.97,2.97,224699.0,2724735.0
2011-12-26,3.09,3.13,3.06,3.06,173800.0,2164659.0
2011-12-23,3.13,3.17,3.11,3.10,233646.0,2929971.0
2011-12-22,3.11,3.15,3.11,3.00,418285.0,5163746.0
2011-12-21,3.27,3.30,3.15,3.15,175100.0,2277331.0
2011-12-20,3.30,3.34,3.25,3.25,203148.0,2690170.0
2011-12-19,3.06,3.32,3.31,3.06,312457.0,4066498.0
2011-12-16,3.17,3.29,3.28,3.17,205839.0,2661080.0
2011-12-15,3.17,3.20,3.17,3.14,175636.0,2235068.0
2011-12-14,3.19,3.23,3.18,3.18,281881.0,3627353.0
2011-12-13,3.34,3.34,3.21,3.21,332492.0,4330117.0
2011-12-12,3.34,3.36,3.34,3.33,150912.0,2024446.0
2011-12-09,3.36,3.38,3.34,3.32,232272.0,3122362.0
2011-12-08,3.38,3.42,3.40,3.28,374186.0,5056342.0
2011-12-07,3.38,3.42,3.38,3.36,223815.0,3047033.0
2011-12-06,3.34,3.41,3.38,3.34,143780.0,1946164.0
2011-12-05,3.48,3.49,3.34,3.34,340317.0,4642441.0
2011-12-02,3.57,3.63,3.49,3.48,360727.0,5091801.0
2011-12-01,3.66,3.73,3.61,3.61,473950.0,6960430.0
2011-11-30,3.78,3.78,3.58,3.50,690757.0,10072292.0
2011-11-29,3.76,3.81,3.80,3.76,384176.0,5844845.0
2011-11-28,3.76,3.80,3.74,3.71,250144.0,3769095.0
2011-11-25,3.79,3.81,3.76,3.75,578800.0,8765943.0
2011-11-24,3.66,3.81,3.79,3.62,1192692.0,17918438.0
2011-11-23,3.70,3.71,3.67,3.66,420875.0,6223319.0
2011-11-22,3.64,3.69,3.66,3.62,417230.0,6125924.0
2011-11-21,3.60,3.69,3.68,3.60,529055.0,7744502.0
2011-11-18,3.76,3.76,3.64,3.63,1041922.0,15325380.0
2011-11-17,3.72,3.84,3.77,3.72,622475.0,9453207.0
2011-11-16,3.92,3.92,3.76,3.75,1029349.0,15836135.0
2011-11-15,3.89,3.94,3.94,3.82,1480575.0,23043452.0
2011-11-14,3.87,3.96,3.94,3.87,1476788.0,23235724.0
2011-11-11,3.87,3.93,3.87,3.85,1324514.0,20717830.0
2011-11-10,3.85,4.05,3.90,3.84,3038325.0,48019852.0
2011-11-09,3.87,3.94,3.93,3.79,2216903.0,34466248.0
2011-11-08,4.01,4.02,3.85,3.84,2999268.0,47135444.0
2011-11-07,3.78,4.17,4.09,3.74,6820427.0,110672176.0
2011-11-04,3.73,3.79,3.79,3.67,1533496.0,22964260.0
2011-11-03,3.77,3.86,3.70,3.69,1746600.0,26465474.0
2011-11-02,3.58,3.78,3.77,3.55,1451255.0,21542914.0
2011-11-01,3.62,3.68,3.66,3.59,742483.0,10844164.0
2011-10-31,3.63,3.71,3.69,3.62,781265.0,11503366.0
2011-10-28,3.56,3.68,3.67,3.56,1015676.0,14742091.0
2011-10-27,3.55,3.62,3.54,3.51,764403.0,10945944.0
2011-10-26,3.49,3.62,3.58,3.47,1098974.0,15648285.0
2011-10-25,3.46,3.55,3.54,3.41,963528.0,13537844.0
2011-10-24,3.32,3.46,3.46,3.24,708888.0,9561976.0
2011-10-21,3.38,3.39,3.33,3.32,221020.0,2964443.0
2011-10-20,3.39,3.40,3.34,3.30,455238.0,6131123.0
2011-10-19,3.37,3.45,3.41,3.37,464951.0,6369729.0
2011-10-18,3.46,3.47,3.36,3.36,431600.0,5921613.0
2011-10-17,3.43,3.49,3.48,3.41,246070.0,3402417.0
2011-10-14,3.44,3.44,3.43,3.39,315611.0,4323077.0
2011-10-13,3.33,3.50,3.44,3.33,538646.0,7408252.0
2011-10-12,3.19,3.35,3.35,3.19,488003.0,6487241.0
2011-10-11,3.29,3.31,3.25,3.22,171830.0,2259495.0
2011-10-10,3.24,3.24,3.23,3.19,98974.0,1278418.0
2011-09-30,3.23,3.29,3.24,3.20,244830.0,3173349.0
2011-09-29,3.31,3.32,3.23,3.21,522390.0,6865783.0
2011-09-28,3.43,3.43,3.35,3.34,211552.0,2880860.0
2011-09-27,3.39,3.41,3.41,3.35,178176.0,2421731.0
2011-09-26,3.41,3.44,3.36,3.36,347412.0,4726217.0
2011-09-23,3.39,3.44,3.44,3.34,470741.0,6371515.0
2011-09-22,3.49,3.53,3.44,3.44,461503.0,6447768.0
2011-09-21,3.44,3.54,3.53,3.41,438857.0,6147579.0
2011-09-20,3.38,3.44,3.42,3.37,485682.0,6630634.0
2011-09-19,3.49,3.50,3.39,3.39,288158.0,3950633.0
2011-09-16,3.52,3.57,3.50,3.50,423370.0,6009369.0
2011-09-15,3.50,3.57,3.50,3.48,481429.0,6827944.0
2011-09-14,3.48,3.51,3.51,3.43,336114.0,4689007.0
2011-09-13,3.54,3.54,3.46,3.44,404380.0,5623729.0
2011-09-09,3.62,3.65,3.57,3.54,391324.0,5640943.0
2011-09-08,3.70,3.74,3.62,3.62,395100.0,5840007.0
2011-09-07,3.59,3.70,3.70,3.59,490370.0,7199013.0
2011-09-06,3.63,3.66,3.58,3.56,672137.0,9741265.0
2011-09-05,3.70,3.70,3.62,3.62,470084.0,6887998.0
2011-09-02,3.77,3.77,3.74,3.69,542666.0,8116224.0
2011-09-01,3.82,3.88,3.74,3.73,1122490.0,17145622.0
2011-08-30,3.96,4.01,3.83,3.83,1009218.0,15861838.0
2011-08-29,3.98,4.03,3.97,3.92,1593367.0,25430072.0
2011-08-26,3.82,3.98,3.95,3.81,1665824.0,26066002.0
2011-08-25,3.80,3.82,3.82,3.74,1068441.0,16240273.0
2011-08-24,3.92,3.92,3.79,3.79,1810377.0,28073554.0
2011-08-23,3.75,3.85,3.85,3.71,1605519.0,24517556.0
2011-08-22,3.69,3.76,3.69,3.66,932988.0,13940133.0
2011-08-19,3.64,3.70,3.69,3.59,733314.0,10732115.0
2011-08-18,3.82,3.83,3.72,3.70,908662.0,13687739.0
2011-08-17,3.79,3.84,3.82,3.72,1245919.0,18958644.0
2011-08-16,3.85,3.88,3.79,3.78,1581899.0,24246198.0
2011-08-15,3.74,3.86,3.85,3.70,2320974.0,35495620.0
2011-08-12,3.64,3.94,3.74,3.61,3778217.0,57329060.0
2011-08-11,3.43,3.63,3.62,3.40,1574142.0,22466608.0
2011-08-10,3.46,3.59,3.51,3.42,1573161.0,22020434.0
2011-08-09,3.34,3.45,3.39,3.19,1173930.0,15736065.0
2011-08-08,3.61,3.67,3.49,3.42,1549787.0,21921194.0
2011-08-05,3.50,3.73,3.66,3.47,2070743.0,30194822.0
2011-08-04,3.71,3.75,3.63,3.63,1373723.0,20261236.0
2011-08-03,3.62,3.88,3.70,3.59,2845926.0,42708036.0
2011-08-02,3.57,3.73,3.69,3.48,2015526.0,28928054.0
2011-08-01,3.48,3.59,3.59,3.44,1182945.0,16785818.0
2011-07-29,3.64,3.69,3.51,3.49,1759374.0,25246584.0
2011-07-28,3.55,3.65,3.64,3.51,2308981.0,33266002.0
2011-07-27,3.31,3.58,3.58,3.30,2479984.0,34804088.0
2011-07-26,3.37,3.39,3.34,3.29,843217.0,11264121.0
2011-07-25,3.46,3.49,3.34,3.33,558515.0,7651960.0
2011-07-22,3.48,3.53,3.47,3.43,778972.0,10903562.0
2011-07-21,3.53,3.53,3.43,3.41,848635.0,11812924.0
2011-07-20,3.52,3.57,3.54,3.49,854947.0,12131913.0
2011-07-19,3.56,3.56,3.51,3.49,827841.0,11670965.0
2011-07-18,3.65,3.68,3.58,3.58,1220988.0,17769150.0
2011-07-15,3.55,3.64,3.63,3.55,1296744.0,18804294.0
2011-07-14,3.47,3.59,3.57,3.46,1141093.0,16065038.0
2011-07-13,3.39,3.50,3.49,3.39,734360.0,10178636.0
2011-07-12,3.48,3.50,3.42,3.38,898418.0,12334582.0
2011-07-11,3.45,3.53,3.50,3.43,566751.0,7898371.0
2011-07-08,3.46,3.51,3.45,3.38,897123.0,12412476.0
2011-07-07,3.41,3.51,3.46,3.41,1377414.0,19215700.0
2011-07-06,3.37,3.43,3.43,3.35,658231.0,8950171.0
2011-07-05,3.36,3.39,3.36,3.34,655955.0,8862802.0
2011-07-04,3.29,3.36,3.36,3.28,624009.0,8340402.0
2011-07-01,3.24,3.30,3.28,3.21,626522.0,8216716.0
2011-06-30,3.23,3.25,3.21,3.19,864008.0,11143844.0
2011-06-29,3.27,3.31,3.20,3.20,759910.0,9974849.0
2011-06-28,3.30,3.31,3.28,3.26,523702.0,6909016.0
2011-06-27,3.23,3.31,3.30,3.22,820947.0,10798664.0
2011-06-24,3.14,3.26,3.23,3.14,694400.0,8955926.0
2011-06-23,3.07,3.17,3.16,3.04,778152.0,9789598.0
2011-06-22,3.15,3.15,3.08,3.06,891526.0,11072094.0
2011-06-21,3.11,3.16,3.15,3.08,733800.0,9171343.0
2011-06-20,3.15,3.18,3.12,3.06,525529.0,6548605.0
2011-06-17,3.26,3.29,3.19,3.15,757375.0,9790711.0
2011-06-15,3.37,3.37,3.31,3.29,447718.0,5987591.0
2011-06-14,3.33,3.40,3.36,3.33,378637.0,5116828.0
2011-06-13,3.30,3.36,3.35,3.28,261180.0,3487855.0
2011-06-10,3.38,3.39,3.33,3.27,412076.0,5475986.0
2011-06-09,3.40,3.43,3.38,3.35,401716.0,5475598.0
2011-06-08,3.48,3.48,3.42,3.38,561383.0,7704134.0
2011-06-07,3.46,3.54,3.48,3.40,1285607.0,17853284.0
2011-06-03,3.37,3.45,3.42,3.36,814251.0,11142814.0
2011-06-02,3.35,3.39,3.39,3.29,778784.0,10471771.0
2011-06-01,3.33,3.41,3.40,3.31,1239421.0,16760394.0
2011-05-31,3.33,3.36,3.35,3.22,1253559.0,16491029.0
2011-05-30,3.29,3.36,3.30,3.24,1020996.0,13600934.0
2011-05-27,3.33,3.35,3.29,3.26,573300.0,7611680.0
2011-05-26,3.35,3.35,3.31,3.30,490548.0,6553101.0
2011-05-25,3.44,3.47,3.32,3.31,685703.0,9360350.0
2011-05-24,3.36,3.51,3.48,3.29,1604614.0,21914670.0
2011-05-23,3.55,3.55,3.36,3.34,728632.0,10062859.0
2011-05-20,3.60,3.62,3.55,3.55,484811.0,6955859.0
2011-05-19,3.66,3.68,3.62,3.60,445895.0,6523192.0
2011-05-18,3.62,3.72,3.66,3.61,488164.0,7145943.0
2011-05-17,3.64,3.67,3.63,3.58,574889.0,8381437.0
2011-05-16,3.66,3.67,3.64,3.58,701718.0,10241835.0
2011-05-13,3.62,3.66,3.66,3.59,863735.0,12596375.0
2011-05-12,3.81,3.81,3.66,3.65,600995.0,8995517.0
2011-05-11,3.81,3.82,3.79,3.78,513848.0,10286744.0
2011-05-10,3.81,3.81,3.80,3.77,373136.0,7461409.0
2011-05-09,3.82,3.83,3.81,3.78,453830.0,9108882.0
2011-05-06,3.81,3.83,3.78,3.78,372513.0,7471807.0
2011-05-05,3.77,3.84,3.84,3.75,624859.0,12516332.0
2011-05-04,3.92,3.92,3.77,3.76,745620.0,15014498.0
2011-05-03,3.94,3.98,3.93,3.91,631230.0,13058354.0
2011-04-29,3.96,3.96,3.94,3.88,309359.0,6403099.0
2011-04-27,4.12,4.17,4.06,4.05,301448.0,6528026.0
2011-04-26,4.17,4.23,4.07,4.04,283652.0,6159883.0
2011-04-25,4.36,4.38,4.21,4.20,385746.0,8681832.0
2011-04-22,4.38,4.38,4.38,4.33,232598.0,5342754.0
2011-04-21,4.38,4.39,4.36,4.35,213383.0,4917182.0
2011-04-20,4.37,4.39,4.38,4.32,317030.0,7283511.0
2011-04-19,4.42,4.42,4.38,4.31,510785.0,11720266.0
2011-04-18,4.53,4.53,4.51,4.33,1442613.0,33613192.0
2011-04-15,4.58,4.64,4.63,4.54,454792.0,10987053.0
2011-04-14,4.68,4.70,4.60,4.59,278548.0,6800029.0
2011-04-13,4.61,4.70,4.69,4.58,225417.0,5518355.0
2011-04-12,4.63,4.71,4.65,4.57,442680.0,10774693.0
2011-04-11,4.72,4.76,4.64,4.63,253280.0,6258693.0
2011-04-08,4.70,4.74,4.72,4.67,372539.0,9266778.0
2011-04-07,4.67,4.74,4.72,4.63,418336.0,10327445.0
2011-04-06,4.77,4.82,4.70,4.62,1166128.0,28937566.0
2011-04-01,4.68,4.78,4.76,4.62,458905.0,11392206.0
2011-03-31,4.71,4.78,4.69,4.69,669007.0,16683061.0
2011-03-30,4.83,4.83,4.71,4.71,592836.0,14913918.0
2011-03-29,4.93,4.93,4.86,4.73,1227927.0,31189006.0
2011-03-28,4.91,4.98,4.94,4.89,757486.0,19734186.0
2011-03-25,4.85,4.97,4.90,4.84,890695.0,23078942.0
2011-03-24,4.85,4.87,4.85,4.79,583823.0,14871548.0
2011-03-23,4.77,4.84,4.82,4.75,442356.0,11183432.0
2011-03-22,4.82,4.83,4.77,4.70,826487.0,20674666.0
2011-03-21,4.86,4.90,4.80,4.80,592028.0,15093969.0
2011-03-18,4.91,4.94,4.89,4.83,751068.0,19361658.0
2011-03-17,4.87,4.97,4.89,4.81,1109662.0,28618108.0
2011-03-16,4.80,4.90,4.89,4.79,757006.0,19320656.0
2011-03-15,4.91,4.92,4.82,4.73,959150.0,24339908.0
2011-03-14,4.82,4.95,4.93,4.80,1035870.0,26785812.0
2011-03-11,4.81,4.89,4.82,4.78,888396.0,22675986.0
2011-03-10,4.78,4.92,4.82,4.75,1456607.0,37291416.0
2011-03-09,4.79,4.82,4.78,4.71,764067.0,19195334.0
2011-03-08,4.72,4.78,4.77,4.69,719312.0,18003736.0
2011-03-07,4.70,4.74,4.72,4.68,772627.0,19217392.0
2011-03-04,4.60,4.70,4.68,4.59,743870.0,18152790.0
2011-03-03,4.67,4.70,4.60,4.59,799933.0,19591166.0
2011-03-02,4.67,4.71,4.67,4.61,692441.0,17014954.0
2011-03-01,4.77,4.79,4.71,4.66,1004514.0,25015516.0
2011-02-28,4.68,4.78,4.75,4.66,813854.0,20307216.0
2011-02-25,4.65,4.72,4.68,4.58,1036778.0,25485006.0
2011-02-24,4.62,4.74,4.67,4.62,1664495.0,41144452.0
2011-02-23,4.53,4.62,4.58,4.51,883297.0,21272634.0
2011-02-22,4.79,4.81,4.53,4.51,2414941.0,59001396.0
2011-02-21,4.77,4.82,4.81,4.72,1567292.0,39517104.0
2011-02-18,4.74,4.87,4.79,4.69,2390817.0,60051916.0
2011-02-17,4.74,4.80,4.73,4.67,2344743.0,58542264.0
2011-02-16,4.57,4.79,4.74,4.56,2935696.0,72664584.0
2011-02-15,4.64,4.66,4.59,4.58,2211376.0,53903288.0
2011-02-14,4.59,4.74,4.66,4.57,2853489.0,69817864.0
2011-02-11,4.58,4.65,4.60,4.49,3259769.0,78721576.0
2011-02-10,4.38,4.72,4.64,4.37,4857156.0,116481056.0
2011-02-09,4.40,4.48,4.37,4.36,3834104.0,89114480.0
2011-02-01,4.34,4.65,4.55,4.30,9207444.0,216960336.0
