date,open,high,close,low,volume,amount
2015-11-27,42.00,46.39,46.39,42.00,15254329.0,683700160.0
2015-11-26,41.80,43.96,42.17,41.08,13314724.0,566791872.0
2015-11-25,40.50,43.05,41.57,39.71,14136163.0,592112576.0
2015-11-24,39.50,41.68,40.69,38.90,10180847.0,410854624.0
2015-11-23,40.25,40.78,38.60,37.77,9665517.0,380202816.0
2015-11-20,39.60,43.00,41.45,39.60,12091973.0,500663264.0
2015-11-19,38.50,40.10,39.18,38.01,8606094.0,336736704.0
2015-11-18,39.70,41.00,38.00,37.00,11956835.0,465717792.0
2015-11-17,42.80,44.88,40.70,40.23,17252148.0,728936832.0
2015-11-16,40.79,44.60,42.99,39.32,13450641.0,566246784.0
2015-11-13,48.80,48.80,42.49,42.49,23537544.0,1057576704.0
2015-11-12,47.00,47.21,47.21,45.20,20604508.0,970970432.0
2015-11-11,38.60,42.92,42.92,38.60,8859032.0,365949728.0
2015-11-10,39.40,40.50,39.02,38.50,14263676.0,562448512.0
2015-11-09,38.40,41.20,40.00,37.15,17465408.0,690944768.0
2015-11-06,39.90,40.75,39.20,38.11,17916584.0,705222208.0
2015-11-05,38.20,42.57,40.01,38.20,24815992.0,992530240.0
2015-11-04,37.89,39.46,38.80,36.41,23007362.0,876964992.0
2015-11-03,38.50,41.50,36.90,35.64,31138674.0,1191527424.0
2015-11-02,39.60,39.60,39.60,39.60,1579300.0,62540280.0
2015-10-30,51.17,51.17,44.00,44.00,40777272.0,2011966208.0
2015-10-29,44.00,46.52,46.52,42.60,11805040.0,534056384.0
2015-10-28,41.80,45.85,42.29,39.58,28779316.0,1224023936.0
2015-10-27,39.90,43.77,41.73,39.90,23840464.0,992137344.0
2015-10-26,41.35,50.00,44.00,41.35,29745596.0,1349281792.0
2015-10-23,45.74,45.74,45.74,44.68,14615788.0,668062976.0
2015-10-22,39.92,41.58,41.58,39.39,18517334.0,757514112.0
2015-10-21,36.50,37.80,37.80,35.88,21473070.0,803937664.0
2015-10-20,33.01,34.36,34.36,31.00,22512680.0,734160640.0
2015-10-19,31.24,31.24,31.24,30.86,10553823.0,329648448.0
2015-10-16,28.40,28.40,28.40,28.40,192361.0,5463053.0
2015-10-15,25.82,25.82,25.82,25.82,994533.0,25678842.0
2015-10-14,23.47,23.47,23.47,23.47,840450.0,19725362.0
2015-10-13,21.34,21.34,21.34,21.34,3516611.0,75044480.0
2015-10-12,19.30,19.40,19.40,18.60,6405314.0,123486080.0
2015-10-09,17.64,17.64,17.64,17.64,6916220.0,122002120.0
2015-10-08,16.04,16.04,16.04,16.04,1021217.0,16380321.0
2015-09-30,14.58,14.58,14.58,14.58,165109.0,2407289.0
2015-07-08,13.24,13.98,13.25,13.24,22570900.0,301643328.0
2015-07-07,14.71,14.98,14.71,14.71,2164900.0,31854098.0
2015-07-06,19.00,19.80,16.34,16.34,8477540.0,152381984.0
2015-07-03,18.42,20.85,18.15,18.15,8139657.0,151764720.0
2015-07-02,21.58,22.59,20.17,20.17,6652677.0,138482784.0
2015-07-01,24.20,25.80,22.41,22.41,8624212.0,210545136.0
2015-06-30,23.00,25.47,24.90,21.89,8845473.0,208406176.0
2015-06-29,27.19,27.60,24.32,24.32,7107109.0,178815872.0
2015-06-26,28.90,28.90,27.02,27.02,5496061.0,151384192.0
2015-06-25,32.59,32.59,30.02,29.50,6341663.0,198459856.0
2015-06-24,32.54,32.79,32.72,31.39,7281465.0,234753040.0
2015-06-23,30.90,32.37,32.19,29.51,6114865.0,191029136.0
2015-06-19,32.94,33.19,30.99,30.57,6565945.0,209876288.0
2015-06-18,36.74,37.48,33.97,33.64,7408406.0,267373104.0
2015-06-17,35.07,36.72,36.72,33.57,7236039.0,257099760.0
2015-06-16,36.49,36.98,34.76,34.49,9457991.0,335246400.0
2015-06-15,39.78,41.48,37.63,37.51,10225968.0,401964832.0
2015-06-12,38.53,41.28,40.15,38.16,13496104.0,538863488.0
2015-06-11,36.49,39.61,37.79,35.99,12643995.0,480500736.0
2015-06-10,36.40,37.78,36.35,35.59,12197317.0,446279520.0
2015-06-09,33.19,37.28,36.98,33.19,15539882.0,553212544.0
2015-06-08,35.96,37.26,34.18,33.99,15856280.0,562162176.0
2015-06-05,32.49,35.19,35.19,31.89,12747351.0,428078048.0
2015-06-04,33.78,34.74,31.99,30.44,11274644.0,361565280.0
2015-06-03,33.80,35.03,33.82,32.53,9296411.0,314894432.0
2015-06-02,32.14,33.84,33.79,32.14,8362276.0,276297184.0
2015-06-01,31.48,32.48,32.28,31.00,7582360.0,242688432.0
2015-05-29,32.16,32.88,31.09,28.99,9336130.0,292484288.0
2015-05-28,35.03,36.58,32.16,32.16,12382725.0,424521888.0
2015-05-27,34.02,37.06,35.73,32.99,13704931.0,477266848.0
2015-05-26,32.61,34.64,33.91,32.49,11168279.0,375931200.0
2015-05-25,31.28,32.59,32.59,29.89,10129786.0,319385216.0
2015-05-22,32.62,32.98,31.83,31.39,8366251.0,267461392.0
2015-05-21,31.06,32.49,32.25,30.87,10007364.0,317111776.0
2015-05-20,31.49,33.26,31.35,31.19,11291578.0,363153024.0
2015-05-19,32.33,33.69,31.74,31.01,9393832.0,297983872.0
2015-05-18,31.29,32.99,32.39,30.87,12374168.0,398613952.0
2015-05-15,30.56,33.98,31.53,30.04,17130584.0,554252800.0
2015-05-14,31.14,32.98,31.13,30.19,20297418.0,638307776.0
2015-05-13,26.70,30.08,30.08,26.31,9314697.0,269034080.0
2015-05-12,27.48,27.79,27.34,26.44,12096334.0,327877248.0
2015-05-11,26.29,27.23,27.09,25.93,9125299.0,243279824.0
2015-05-08,24.99,25.94,25.93,24.66,7142312.0,180648416.0
2015-05-07,26.76,26.76,24.87,24.59,6923808.0,178627376.0
2015-05-06,27.23,28.68,26.94,26.84,12161501.0,340561824.0
2015-05-05,26.42,27.93,27.45,26.19,12490716.0,340088992.0
2015-05-04,25.91,26.83,26.68,24.83,8623091.0,226593520.0
2015-04-30,25.80,26.47,25.73,25.19,7512252.0,194833136.0
2015-04-29,25.03,26.09,25.60,25.03,7995778.0,204475664.0
2015-04-28,26.69,26.76,25.38,24.82,11414312.0,292767616.0
2015-04-27,28.29,28.92,27.05,26.87,18597228.0,520930560.0
2015-04-24,26.29,27.60,27.51,25.79,13727249.0,370916736.0
2015-04-23,25.94,26.98,26.29,25.55,11666124.0,307359520.0
2015-04-22,25.39,25.98,25.53,25.19,7161389.0,183986592.0
2015-04-21,23.99,25.48,25.39,23.73,6959991.0,173419216.0
2015-04-20,25.59,25.79,24.20,24.07,10421199.0,261112048.0
2015-04-17,26.44,27.69,26.11,25.54,14278562.0,378512480.0
2015-04-16,25.50,26.94,26.37,25.50,11613830.0,305161152.0
2015-04-15,25.83,26.96,25.26,25.24,11807990.0,308695072.0
2015-04-14,25.14,26.26,25.87,24.51,10420098.0,264961424.0
2015-04-13,24.69,26.09,25.28,24.49,9411692.0,238634400.0
2015-04-10,23.99,24.98,24.68,23.81,7845847.0,192690752.0
2015-04-09,24.74,24.75,24.20,23.30,8544988.0,205541056.0
2015-04-08,26.69,26.88,24.85,24.41,12549155.0,318671968.0
2015-04-07,25.81,26.69,26.49,25.80,11481780.0,302400928.0
2015-04-03,25.89,26.25,25.59,25.14,8376427.0,214981760.0
2015-04-02,25.99,26.49,25.62,25.09,10205794.0,263347936.0
2015-04-01,25.08,25.81,25.60,24.93,9796522.0,249656544.0
2015-03-31,25.09,25.79,25.08,24.52,12621569.0,318620224.0
2015-03-30,26.71,26.71,25.40,25.09,18084256.0,470543328.0
2015-03-27,26.39,28.04,27.24,25.74,27933288.0,754225344.0
2015-03-26,23.08,25.53,25.53,22.85,22901616.0,574872320.0
2015-03-25,23.07,23.67,23.21,22.54,8702049.0,201900560.0
2015-03-24,23.79,24.41,23.19,22.44,11846507.0,277667776.0
2015-03-23,22.59,23.85,23.63,22.55,12925961.0,299755104.0
2015-03-20,22.85,23.05,22.54,22.35,9807293.0,222179440.0
2015-03-19,22.49,22.92,22.80,22.09,10841034.0,243575888.0
2015-03-18,21.18,23.18,22.39,21.00,14855223.0,329481408.0
2015-03-17,20.99,21.39,21.16,20.87,7687649.0,162212352.0
2015-03-16,20.36,20.96,20.88,20.32,5713076.0,118735920.0
2015-03-13,19.89,20.62,20.46,19.89,5165812.0,105394960.0
2015-03-12,20.17,20.45,19.92,19.76,4542927.0,91018352.0
2015-03-11,20.56,20.62,20.18,19.94,3937936.0,79924120.0
2015-03-10,20.50,20.73,20.56,20.27,3811076.0,78198144.0
2015-03-09,19.99,20.39,20.27,19.84,3475261.0,69911280.0
2015-03-06,20.96,21.15,19.90,19.87,6288029.0,128566112.0
2015-03-05,21.72,21.86,20.95,20.85,4713643.0,99684832.0
2015-03-04,21.45,21.82,21.59,21.44,5428619.0,117237408.0
2015-03-03,22.16,22.17,21.35,21.35,7280877.0,158147920.0
2015-03-02,21.59,22.85,22.28,21.35,8188923.0,181091232.0
2015-02-27,21.18,21.88,21.66,20.92,3756852.0,80564656.0
2015-02-26,21.35,21.57,21.27,20.80,2307810.0,48914480.0
2015-02-25,21.49,21.63,21.19,21.19,2708006.0,58024904.0
2015-02-17,21.39,21.91,21.52,21.35,3686252.0,79655392.0
2015-02-16,21.70,22.01,21.56,21.49,6023689.0,130760336.0
2015-02-13,21.00,21.92,21.54,20.88,8195701.0,176714944.0
2015-02-12,20.40,21.09,21.07,20.12,4719456.0,96916376.0
2015-02-11,20.63,20.93,20.39,20.28,3289666.0,67398408.0
2015-02-10,19.89,20.37,20.35,19.35,3768859.0,74920000.0
2015-02-09,20.34,20.83,20.22,19.87,3584946.0,73173736.0
2015-02-06,20.01,20.67,20.16,19.77,4091921.0,82780040.0
2015-02-05,20.04,20.44,19.93,19.92,4500283.0,90899376.0
2015-02-04,20.91,21.36,20.30,20.19,8216972.0,171962704.0
2015-02-03,19.47,21.19,20.69,19.47,10897923.0,225228480.0
2015-02-02,19.14,19.62,19.26,19.13,2711197.0,52551004.0
2015-01-30,19.62,19.79,19.03,18.89,3531216.0,68056080.0
2015-01-29,19.88,20.17,19.63,19.59,3176338.0,63211972.0
2015-01-28,19.94,20.24,20.05,19.64,4814176.0,96262816.0
2015-01-27,20.10,20.15,19.95,19.49,4902447.0,97282248.0
2015-01-26,19.94,20.47,20.15,19.87,5547582.0,111647360.0
2015-01-23,20.96,21.32,20.30,20.17,10284355.0,212732848.0
2015-01-22,20.02,20.92,20.71,19.80,10881964.0,222594784.0
2015-01-21,19.92,20.51,20.02,19.53,9175640.0,182372000.0
2015-01-20,18.84,20.19,19.91,18.84,9799021.0,192186368.0
2015-01-19,18.58,19.89,18.99,18.10,10250582.0,196643904.0
2015-01-16,18.45,19.09,18.93,18.08,6277086.0,117639728.0
2015-01-15,18.51,19.17,18.52,18.39,6228097.0,116924472.0
2015-01-14,18.24,19.17,18.37,17.94,7222959.0,134449088.0
2015-01-13,17.99,18.44,18.06,17.67,4381730.0,79273256.0
2015-01-12,18.07,18.49,18.14,17.49,5775019.0,104310352.0
2015-01-09,18.64,19.02,18.14,18.14,12735410.0,236725776.0
2015-01-08,16.98,19.02,19.02,16.98,16121015.0,302248992.0
2015-01-07,16.99,17.49,17.29,16.80,3644407.0,62503704.0
2015-01-06,16.56,17.59,17.43,16.31,6040766.0,103777640.0
2015-01-05,16.46,17.31,16.92,15.80,5364569.0,89066040.0
2014-12-31,15.77,16.85,16.55,15.64,4304542.0,70578928.0
2014-12-30,16.79,16.85,15.79,15.39,5742463.0,92111120.0
2014-12-29,17.58,17.77,16.75,16.65,4003771.0,67976784.0
2014-12-26,17.88,18.04,17.59,17.51,2722791.0,48157760.0
2014-12-25,17.79,18.48,17.88,17.77,2694532.0,48602968.0
2014-12-24,17.14,18.27,17.88,17.14,3786937.0,67006344.0
2014-12-23,17.99,18.54,17.09,16.90,5259274.0,93167440.0
2014-12-22,20.20,20.45,18.22,18.22,6715526.0,127769880.0
2014-12-19,20.77,20.96,20.24,19.87,4973756.0,101302752.0
2014-12-18,20.89,21.23,21.19,20.19,6300024.0,131153128.0
2014-12-17,21.46,21.46,20.63,20.46,4626565.0,96284928.0
2014-12-16,21.58,21.84,21.46,21.29,2873619.0,61790248.0
2014-12-15,21.19,21.77,21.59,21.09,3100550.0,66818068.0
2014-12-12,21.09,21.79,21.46,20.91,3630482.0,77569168.0
2014-12-11,20.99,21.35,21.09,20.79,3367792.0,71097464.0
2014-12-10,20.79,21.35,21.21,20.39,3746908.0,78789536.0
2014-12-09,21.99,22.09,20.95,20.95,7120491.0,152082160.0
2014-12-08,23.08,23.27,22.33,22.20,5554030.0,125724224.0
2014-12-05,23.39,23.39,22.76,21.77,8012399.0,181805952.0
2014-12-04,22.09,24.08,23.60,22.08,9914714.0,230132736.0
2014-12-03,21.84,22.44,22.31,21.20,5422931.0,118515448.0
2014-12-02,21.64,21.94,21.70,21.63,2751460.0,59834960.0
2014-12-01,21.80,21.86,21.52,21.24,4220146.0,90428176.0
2014-11-28,22.89,22.89,22.14,21.75,5449499.0,120842752.0
2014-11-27,23.29,23.38,22.98,22.75,3956711.0,90960792.0
2014-11-26,22.99,23.58,23.29,22.99,3643108.0,85018080.0
2014-11-25,22.55,23.26,23.12,22.55,3547948.0,81701752.0
2014-11-24,22.79,22.88,22.69,22.23,3403796.0,76912880.0
2014-11-21,22.82,23.14,22.71,22.65,2928751.0,67103032.0
2014-11-20,22.59,23.18,22.79,22.55,3256412.0,74452448.0
2014-11-19,22.29,22.86,22.73,22.24,3329842.0,75079664.0
2014-11-18,22.12,22.44,22.38,22.12,2038646.0,45492144.0
2014-11-17,21.96,22.48,22.32,21.06,3392316.0,74905624.0
2014-11-14,21.89,22.49,22.06,21.69,2277285.0,50342956.0
2014-11-13,22.36,22.49,21.82,21.67,3816447.0,83664760.0
2014-11-12,22.17,22.59,22.49,21.87,3459240.0,77107808.0
2014-11-11,23.99,23.99,22.37,21.84,6690975.0,153020880.0
2014-11-10,23.77,24.19,24.04,23.77,2389242.0,57330344.0
2014-11-07,24.47,24.67,23.81,23.77,3288015.0,79591760.0
2014-11-06,24.38,24.94,24.54,24.31,3602375.0,88750184.0
2014-11-05,24.13,24.45,24.39,23.62,3491937.0,83930128.0
2014-11-04,24.78,24.79,24.19,24.11,2915911.0,71002824.0
2014-11-03,24.18,24.74,24.74,24.09,4102706.0,100577160.0
2014-10-31,24.07,24.28,24.09,23.78,3496146.0,84049928.0
2014-10-30,24.49,24.72,24.09,24.09,4311222.0,105127736.0
2014-10-29,24.46,24.78,24.61,24.25,3979412.0,97464408.0
2014-10-28,23.86,24.47,24.46,23.69,3214681.0,77926200.0
2014-10-27,24.16,24.16,23.66,23.20,3236380.0,76500352.0
2014-10-24,24.64,24.97,24.17,24.06,3075327.0,75357760.0
2014-10-23,24.38,25.19,24.65,24.04,3853780.0,94299616.0
2014-10-22,25.39,25.57,24.50,24.50,6865387.0,171432400.0
2014-10-21,26.64,26.87,25.69,25.69,6506783.0,170998960.0
2014-10-20,26.39,27.18,26.70,26.09,8775738.0,234202944.0
2014-10-17,25.55,26.77,26.50,25.40,9979395.0,261638880.0
2014-10-16,25.37,26.29,25.61,25.25,5675895.0,146994000.0
2014-10-15,25.61,25.79,25.54,25.22,4517966.0,115204104.0
2014-10-14,25.60,26.69,25.97,25.60,9175238.0,240660832.0
2014-10-13,25.46,25.89,25.22,24.99,5051168.0,127727968.0
2014-10-10,26.25,26.28,25.72,25.69,4697052.0,121882440.0
2014-10-09,26.25,26.53,26.36,25.82,6174828.0,161718896.0
2014-10-08,26.04,26.72,26.24,25.94,7120835.0,187503952.0
2014-09-30,26.71,26.95,26.04,25.82,7099032.0,185815408.0
2014-09-29,26.61,27.34,26.62,26.22,8752754.0,235003200.0
2014-09-26,26.00,26.82,26.44,25.58,8510625.0,225304928.0
2014-09-25,27.29,27.89,26.21,26.13,18654980.0,501602112.0
2014-09-24,24.29,26.79,26.79,24.13,11165995.0,292855072.0
2014-09-23,24.16,24.44,24.35,24.07,3792571.0,92068336.0
2014-09-22,24.06,24.58,24.14,23.67,5111858.0,123796104.0
2014-09-19,24.18,24.24,24.06,23.69,3755957.0,89911544.0
2014-09-18,23.94,24.57,24.25,23.94,4775451.0,115883648.0
2014-09-17,24.01,24.46,23.77,23.43,4680368.0,111517632.0
2014-09-16,25.29,25.84,23.97,23.70,8140240.0,202660576.0
2014-09-15,25.70,25.79,25.39,25.24,7247388.0,184492640.0
2014-09-12,25.60,26.62,25.65,25.20,14794448.0,383607264.0
2014-09-11,24.20,25.29,25.24,24.09,11711134.0,291757824.0
2014-09-10,24.58,24.58,24.31,23.93,4734930.0,114639960.0
2014-09-09,24.39,24.95,24.63,24.39,4189375.0,103352304.0
2014-09-05,24.80,25.01,24.52,24.35,5074680.0,124810576.0
2014-09-04,25.01,25.29,24.86,24.61,5206805.0,129344776.0
2014-09-03,24.99,25.58,25.11,24.61,8038526.0,201286368.0
2014-09-02,23.65,26.24,25.12,23.60,11641311.0,293122432.0
2014-09-01,23.19,23.87,23.85,23.01,7659178.0,179465568.0
2014-08-29,26.92,26.92,24.16,23.79,13263159.0,332549984.0
2014-08-28,23.69,24.77,24.77,23.49,4497572.0,110315672.0
2014-08-01,23.19,23.37,22.52,22.49,5035726.0,115637608.0
2014-07-31,23.80,23.81,23.45,23.20,5811233.0,136413552.0
2014-07-30,22.54,24.47,24.07,22.54,10344962.0,247068704.0
2014-07-29,21.72,22.76,22.49,21.72,5884993.0,131846328.0
2014-07-28,21.29,21.94,21.72,21.17,3469127.0,75032384.0
2014-07-25,20.59,21.49,21.29,20.59,2989724.0,63488136.0
2014-07-24,20.97,21.32,21.05,20.51,3702633.0,77640392.0
2014-07-23,22.17,22.19,21.19,20.88,5151103.0,110528640.0
2014-07-22,21.86,22.22,22.20,21.82,3769618.0,83321840.0
2014-07-21,23.29,23.43,21.88,21.79,6422788.0,142450928.0
2014-07-18,23.65,23.81,23.37,23.24,4307238.0,101216856.0
2014-07-17,23.21,23.99,23.96,23.21,4957623.0,117677904.0
2014-07-16,23.39,24.08,23.46,23.34,3518214.0,83334832.0
2014-07-15,23.87,23.96,23.48,23.34,4157367.0,98000424.0
2014-07-14,23.58,24.27,24.23,23.19,4624757.0,109971320.0
2014-07-11,23.44,23.79,23.69,23.29,3819365.0,89971576.0
2014-07-10,23.94,24.17,23.40,23.17,5942865.0,140141664.0
2014-07-09,25.54,25.57,24.04,23.92,7391051.0,183299136.0
2014-07-08,25.29,25.64,25.57,25.02,4667991.0,118498248.0
2014-07-07,25.78,25.78,25.13,24.92,5950770.0,150009808.0
2014-07-04,25.40,26.19,25.89,25.39,6588663.0,170490992.0
2014-07-03,25.41,25.99,25.44,25.35,5004616.0,128042568.0
2014-07-02,25.84,25.87,25.59,25.29,6545764.0,166986640.0
2014-07-01,25.95,26.86,26.01,25.62,7653006.0,201307280.0
2014-06-30,26.39,26.39,25.73,25.20,9054605.0,232854032.0
2014-06-27,26.67,27.85,26.46,26.41,11628731.0,314132832.0
2014-06-26,26.39,27.18,26.89,25.99,12696539.0,337715264.0
2014-06-25,24.94,27.19,26.77,24.94,16076709.0,422864864.0
2014-06-24,25.49,25.66,25.06,24.89,6740743.0,169919600.0
2014-06-23,25.34,26.18,25.61,24.99,8277253.0,211946560.0
2014-06-20,24.29,25.16,25.04,23.84,6976278.0,171325232.0
2014-06-19,25.08,25.49,24.21,23.74,8944868.0,220847264.0
2014-06-18,25.76,26.41,25.13,24.96,9430607.0,242936624.0
2014-06-17,26.62,26.85,25.66,25.66,13779664.0,360944928.0
2014-06-16,27.51,29.24,27.13,26.96,20501622.0,574771008.0
2014-06-13,26.91,27.91,26.71,26.45,17527988.0,473667520.0
2014-06-12,25.46,28.15,26.95,25.32,25760160.0,695022464.0
2014-06-11,25.75,26.14,25.70,25.27,12655355.0,325192768.0
2014-06-10,25.54,26.01,25.82,25.17,15557136.0,399280800.0
2014-06-09,25.86,26.46,25.27,24.97,18830820.0,483190304.0
2014-06-06,27.21,27.81,26.01,25.97,26871984.0,723174784.0
2014-06-05,26.81,28.81,28.81,25.57,26067004.0,705040576.0
2014-06-04,24.16,26.20,26.20,24.11,21718000.0,546272000.0
2014-06-03,21.43,23.81,23.81,21.42,16268254.0,374999104.0
2014-05-30,20.46,22.57,21.65,20.37,9881480.0,215933792.0
2014-05-29,20.99,21.42,20.52,20.52,5604513.0,117586720.0
2014-05-28,20.28,21.04,20.97,20.13,6012784.0,123998848.0
2014-05-27,20.63,20.78,20.17,20.14,4446030.0,90854496.0
2014-05-26,20.56,21.11,20.82,20.32,5298352.0,109899016.0
2014-05-23,20.27,20.57,20.53,19.93,4653582.0,93941312.0
2014-05-22,20.53,21.17,20.27,20.24,4223482.0,87665280.0
2014-05-21,20.15,20.59,20.52,19.85,3608017.0,73150040.0
2014-05-20,20.59,21.02,20.40,20.34,4804381.0,99597880.0
2014-05-19,20.61,20.84,20.39,20.27,4547684.0,93263512.0
2014-05-16,21.17,21.47,20.99,20.48,6119345.0,128357760.0
2014-05-15,20.43,21.83,21.45,20.18,11232969.0,239808000.0
2014-05-14,20.27,21.15,20.67,19.66,6684087.0,136947760.0
2014-05-13,20.29,21.83,20.46,20.25,13737398.0,289078112.0
2014-05-12,18.72,20.24,20.24,18.49,6346151.0,124282240.0
2014-05-09,18.44,18.85,18.40,18.29,2509882.0,46600644.0
2014-05-08,18.44,19.11,18.48,18.28,2589639.0,48585760.0
2014-05-07,19.47,19.47,18.45,18.32,3846277.0,72811424.0
2014-05-06,19.22,19.83,19.57,19.17,3325358.0,65135448.0
2014-05-05,19.05,19.36,19.32,18.97,2343970.0,45045264.0
2014-04-30,18.87,19.60,19.10,18.87,2127786.0,40925428.0
2014-04-29,18.64,19.05,18.93,18.57,2483199.0,46836464.0
2014-04-28,18.77,18.92,18.79,18.19,3748294.0,69616216.0
2014-04-25,20.27,20.45,19.17,19.17,3523770.0,70037408.0
2014-04-24,20.84,21.06,20.37,19.98,3334455.0,68408784.0
2014-04-23,20.86,21.15,21.07,20.56,2369862.0,49649356.0
2014-04-22,21.45,21.69,20.86,20.46,4110547.0,86559776.0
2014-04-21,22.16,22.46,21.70,21.65,4980683.0,109898464.0
2014-04-18,21.22,22.39,22.27,20.91,5374204.0,115700888.0
2014-04-17,21.46,21.70,21.29,21.27,3634745.0,78055544.0
2014-04-16,21.47,22.08,21.75,21.13,3727375.0,80861936.0
2014-04-15,21.96,23.46,21.76,21.45,6284154.0,142155840.0
2014-04-14,21.17,21.88,21.63,21.11,2144009.0,46343428.0
2014-04-11,21.55,21.74,21.40,21.27,2936373.0,63142512.0
2014-04-10,22.41,22.55,21.86,21.76,6642688.0,147160784.0
2014-04-09,21.01,23.03,22.75,20.92,8475133.0,188302384.0
2014-04-08,20.77,21.13,21.01,20.48,3222963.0,67355568.0
2014-04-04,21.12,21.33,21.10,20.69,3378738.0,70933712.0
2014-04-03,20.47,21.61,21.22,20.45,5252223.0,110670960.0
2014-04-02,20.38,20.70,20.58,19.83,3585380.0,72750776.0
2014-04-01,20.36,20.66,20.56,20.18,3157650.0,64652056.0
2014-03-31,20.78,20.97,20.19,20.07,4088677.0,83730456.0
2014-03-28,22.56,23.05,20.97,20.58,6986673.0,151266336.0
2014-03-27,23.92,23.92,22.86,22.86,3747799.0,87285184.0
2014-03-26,23.40,23.99,23.91,23.02,3641969.0,85647568.0
2014-03-25,23.25,24.16,23.44,23.19,4143186.0,98507968.0
2014-03-24,23.79,23.90,23.18,22.79,4232661.0,98751512.0
2014-03-21,23.03,24.01,23.96,22.34,4677689.0,108973280.0
2014-03-20,24.62,24.66,23.41,23.41,4919460.0,118600136.0
2014-03-19,24.55,24.66,24.66,23.97,4844287.0,118400608.0
2014-03-18,24.46,24.70,24.31,24.07,4839837.0,118011392.0
2014-03-17,23.39,24.76,24.46,23.39,5871477.0,143341968.0
2014-03-14,23.46,23.90,23.39,23.08,5181467.0,122079808.0
2014-03-13,23.69,24.15,24.05,23.29,5550368.0,132279808.0
2014-03-12,24.96,25.41,23.93,23.30,11285978.0,274224896.0
2014-03-11,27.46,28.14,25.55,25.17,12828293.0,336497312.0
2014-03-10,27.31,29.40,27.93,27.10,21407312.0,609325952.0
2014-03-07,25.51,27.46,27.46,25.31,21425204.0,578948032.0
2014-03-06,24.71,25.11,24.96,23.46,6029323.0,146092912.0
2014-03-05,25.26,25.26,24.66,24.46,4264821.0,105723432.0
2014-03-04,23.96,25.09,24.82,23.81,5679651.0,139816480.0
2014-03-03,23.48,24.82,24.34,23.46,4728941.0,114451520.0
2014-02-28,23.67,24.03,23.78,22.86,5697987.0,133762512.0
2014-02-27,24.87,25.66,24.06,24.00,5886545.0,147082048.0
2014-02-26,24.87,25.13,24.92,23.26,5686699.0,139446944.0
2014-02-25,27.14,27.34,25.19,24.46,9206026.0,241525792.0
2014-02-24,26.49,27.67,27.16,26.45,6176338.0,167944944.0
2014-02-21,27.95,27.95,26.97,25.96,9755435.0,263412752.0
2014-02-20,27.36,29.95,28.53,27.36,18399604.0,533320000.0
2014-02-19,26.57,27.83,27.25,26.29,10033499.0,273968960.0
2014-02-18,27.62,27.74,26.79,26.06,11683189.0,314213568.0
2014-02-17,27.66,28.14,27.83,27.01,6984926.0,192981680.0
2014-02-14,26.96,27.92,27.73,26.96,6249090.0,171795344.0
2014-02-13,29.76,30.38,27.54,27.42,12307939.0,355672896.0
2014-02-12,29.96,30.41,29.90,29.20,10315203.0,306557824.0
2014-02-11,28.48,30.45,30.25,28.20,15573939.0,461706144.0
2014-02-10,27.94,28.79,28.57,27.32,8279782.0,233542272.0
2014-02-07,27.76,28.12,27.97,26.62,6337323.0,173282416.0
2014-01-30,28.75,29.13,27.83,27.74,6381650.0,180545040.0
2014-01-29,29.25,29.83,28.90,28.23,8557912.0,246551696.0
2014-01-28,30.05,30.85,29.71,29.33,9734189.0,293332064.0
2014-01-27,28.64,30.06,29.58,28.25,10414434.0,306592768.0
2014-01-24,28.66,30.41,28.74,28.53,13906450.0,410662496.0
2014-01-23,27.12,30.11,29.06,26.96,14894528.0,432604096.0
2014-01-22,26.20,27.92,27.39,26.19,9675392.0,262099376.0
2014-01-21,26.04,26.96,26.44,25.46,6349920.0,167263200.0
2014-01-20,27.56,28.00,26.13,25.86,10406752.0,279989536.0
2014-01-17,27.92,29.13,28.19,27.67,14743465.0,419569440.0
2014-01-16,26.39,27.22,26.66,25.92,9147743.0,243414672.0
2014-01-15,26.60,26.85,26.29,25.84,7728908.0,203642704.0
2014-01-14,25.55,26.96,26.84,25.01,10637255.0,276853152.0
2014-01-13,26.86,27.26,25.54,24.77,11902260.0,308888896.0
2014-01-10,27.47,28.60,26.99,26.76,8539423.0,235234608.0
2014-01-09,28.54,29.55,28.04,27.95,12167611.0,349586720.0
2014-01-08,27.26,29.31,28.74,27.07,12946203.0,369296768.0
2014-01-07,27.06,27.44,27.21,26.42,8433132.0,227947552.0
2014-01-06,29.83,29.95,27.06,26.75,13860152.0,387888672.0
2014-01-03,29.07,29.90,29.67,29.04,9778623.0,289255808.0
2014-01-02,29.28,29.68,29.25,28.66,8420486.0,246037552.0
2013-12-31,28.58,30.12,29.42,28.43,10269285.0,302474560.0
2013-12-30,30.55,30.75,28.85,28.83,13730661.0,406684896.0
2013-12-27,30.03,31.73,30.45,29.80,14194273.0,434571872.0
2013-12-26,33.95,35.44,30.97,30.15,20786796.0,684837120.0
2013-12-25,32.36,34.09,33.35,32.03,12282400.0,408868096.0
2013-12-24,31.72,33.83,32.60,31.65,14417297.0,471586720.0
2013-12-23,30.35,32.93,32.13,29.47,16010518.0,507550368.0
2013-12-20,30.83,31.23,30.93,29.77,12125891.0,370914592.0
2013-12-19,32.30,33.63,30.50,30.11,19553410.0,618078848.0
2013-12-18,34.34,35.93,33.20,31.85,21337948.0,726552768.0
2013-12-17,31.75,35.89,34.23,31.10,23894280.0,805712320.0
2013-12-16,37.13,37.53,32.66,32.66,26579650.0,919103488.0
2013-12-13,33.20,36.28,36.28,32.95,25620534.0,892152064.0
2013-12-12,30.75,32.99,32.99,30.74,23106976.0,756476800.0
2013-12-11,29.12,30.74,29.99,28.81,14137148.0,425477792.0
2013-12-10,29.56,30.95,29.69,28.34,16919682.0,500608640.0
2013-12-09,27.97,30.25,29.85,27.63,21630892.0,633383744.0
2013-12-06,27.95,29.14,27.61,27.44,17835662.0,503195488.0
2013-12-05,29.85,31.45,28.29,28.15,22790752.0,672037760.0
2013-12-04,33.50,35.31,30.95,30.56,29345452.0,975566528.0
2013-12-03,29.06,33.95,33.95,27.79,31288112.0,964714176.0
2013-12-02,32.15,36.73,30.87,30.87,29482932.0,1006063936.0
2013-11-29,29.74,34.29,34.29,29.22,27216628.0,859135232.0
2013-11-28,34.16,34.73,31.18,31.18,18477696.0,598761088.0
2013-11-27,36.44,37.82,34.64,33.46,24876862.0,885281408.0
2013-11-26,32.45,35.49,35.49,32.43,17384838.0,606159808.0
2013-11-25,30.81,32.98,32.27,29.48,19117664.0,608457600.0
2013-11-22,27.36,29.98,29.98,26.57,15922545.0,454367520.0
2013-11-21,25.81,28.23,27.26,24.98,22130434.0,584951040.0
2013-11-20,23.94,25.83,25.83,23.71,25029204.0,619096896.0
2013-11-19,21.32,23.48,23.48,21.27,14755602.0,336177792.0
2013-11-18,20.35,22.09,21.35,20.35,13696746.0,291517824.0
2013-11-15,20.25,22.36,20.64,20.22,17962290.0,383529344.0
2013-11-14,19.50,20.37,20.33,19.17,10627685.0,209848592.0
2013-11-13,19.77,20.92,19.65,19.12,11806414.0,238326336.0
2013-11-12,20.27,20.68,20.19,19.64,9704898.0,196499664.0
2013-11-11,20.53,20.84,20.24,19.59,12434885.0,252243728.0
2013-11-08,22.77,23.46,21.12,21.02,19168622.0,419444512.0
2013-11-06,21.74,24.16,22.87,21.71,21040452.0,489600000.0
2013-11-05,20.77,23.08,21.96,20.17,24644616.0,537796928.0
2013-11-04,20.97,21.66,21.18,20.48,16738745.0,355453568.0
2013-11-01,21.52,21.88,20.87,20.40,20727054.0,438576096.0
2013-10-31,22.96,24.07,22.06,22.06,25522908.0,581724096.0
2013-10-30,23.97,25.23,24.52,23.27,26344788.0,637302912.0
2013-10-29,27.11,27.91,25.80,25.80,14072496.0,371877440.0
2013-10-28,28.66,31.53,28.66,28.66,17974688.0,529374400.0
2013-10-21,29.95,31.85,31.85,29.95,8987410.0,281305504.0
2013-10-18,26.62,28.95,28.95,25.64,15946155.0,444794912.0
2013-10-17,23.26,26.32,26.32,23.26,19036124.0,489725024.0
2013-10-16,22.26,24.85,23.92,21.07,18600920.0,426648224.0
2013-10-15,22.76,23.10,22.68,21.77,20764948.0,474008384.0
2013-10-14,18.97,21.01,21.01,18.82,6970890.0,141884912.0
2013-10-11,18.74,19.52,19.10,18.05,13415938.0,253169904.0
2013-10-10,20.26,20.26,18.80,17.75,21883970.0,418316640.0
2013-10-09,17.12,18.48,18.48,16.97,14085348.0,255621984.0
2013-10-08,15.85,16.80,16.80,14.98,21783876.0,346305728.0
2013-09-30,14.48,15.28,15.28,14.48,24748168.0,373430496.0
2013-09-27,15.77,15.77,13.89,13.86,36075680.0,547152256.0
2013-09-26,14.34,14.34,14.34,14.34,740905.0,10639396.0
2013-09-25,13.03,13.03,13.03,12.81,6434379.0,83925128.0
2013-09-24,11.28,11.84,11.84,11.22,10816651.0,126303240.0
2013-09-23,10.43,10.76,10.76,10.43,10143896.0,109119360.0
2013-09-18,9.78,9.96,9.78,9.44,18388160.0,178903568.0
2013-09-17,9.20,9.20,9.20,9.00,4237045.0,38886912.0
2013-09-06,8.20,8.41,8.36,8.16,3124778.0,25941620.0
2013-09-05,8.20,8.27,8.23,8.17,2201668.0,18118362.0
2013-09-04,8.32,8.32,8.21,8.19,2295687.0,18939270.0
2013-09-03,8.27,8.31,8.30,8.17,2383869.0,19733454.0
2013-09-02,8.14,8.33,8.24,8.00,3028354.0,24755908.0
2013-08-30,8.81,8.87,8.22,8.17,4185308.0,35821636.0
2013-08-29,9.06,9.11,8.85,8.82,3426275.0,30565902.0
2013-08-28,9.29,9.29,9.07,9.05,4502431.0,41201060.0
2013-08-27,9.01,9.34,9.32,8.86,6083644.0,55355112.0
2013-08-26,8.79,9.05,9.01,8.75,2997378.0,26763530.0
2013-08-23,9.04,9.07,8.73,8.62,3797587.0,33636396.0
2013-08-22,9.05,9.11,9.00,9.00,2784198.0,25202204.0
2013-08-21,8.88,9.04,9.02,8.84,2666400.0,24002164.0
2013-08-20,8.82,9.06,8.87,8.80,2738222.0,24488154.0
2013-08-19,8.57,8.91,8.88,8.51,2819366.0,24919098.0
2013-08-16,8.99,9.09,8.67,8.67,4852702.0,43281092.0
2013-08-15,9.18,9.25,9.07,9.06,2783047.0,25542346.0
2013-08-14,9.29,9.32,9.19,9.13,3445954.0,31822866.0
2013-08-13,9.22,9.41,9.32,9.19,3277050.0,30570872.0
2013-08-12,9.22,9.28,9.28,9.07,4655412.0,42844920.0
2013-08-09,9.63,9.66,9.17,9.00,7817544.0,72688112.0
2013-08-08,9.50,9.83,9.53,9.46,5582402.0,53788492.0
2013-08-07,10.08,10.43,9.61,9.61,11636292.0,115583544.0
2013-08-06,9.97,10.44,10.19,9.81,15052428.0,153273792.0
2013-08-05,9.69,10.14,10.08,9.38,12533593.0,122372464.0
2013-08-02,9.98,10.26,9.78,9.76,18026716.0,180609792.0
2013-08-01,9.66,10.14,10.02,9.66,20494076.0,203270384.0
2013-07-31,9.58,9.68,9.56,9.32,4808182.0,45537084.0
2013-07-30,9.49,9.70,9.58,8.90,4236531.0,39886068.0
2013-07-29,9.57,9.73,9.53,9.33,2641663.0,25177174.0
2013-07-26,9.36,9.72,9.62,9.25,4337318.0,41334968.0
2013-07-25,9.91,9.94,9.45,9.23,10298014.0,98330904.0
2013-07-24,10.13,10.23,9.95,9.87,6589384.0,66253624.0
2013-07-23,10.09,10.26,10.15,9.90,8276583.0,83566016.0
2013-07-22,9.99,10.14,10.14,9.79,9566884.0,95750232.0
2013-07-19,9.75,10.31,10.00,9.57,15740522.0,157101520.0
2013-07-18,9.36,9.91,9.75,9.33,10068441.0,97337128.0
2013-07-17,9.38,9.46,9.35,9.21,5765332.0,53912032.0
2013-07-16,9.18,9.40,9.39,9.12,6049623.0,56147992.0
2013-07-15,8.87,9.26,9.26,8.74,7362901.0,66970908.0
2013-07-12,8.77,9.13,8.87,8.72,6387062.0,57257504.0
2013-07-11,8.80,9.05,8.83,8.72,7555922.0,67490632.0
2013-07-10,8.53,8.85,8.82,8.39,5734154.0,49868924.0
2013-07-09,8.19,8.55,8.53,8.15,4698408.0,39734440.0
2013-07-08,8.34,8.36,8.28,7.95,3925993.0,32163312.0
2013-07-05,8.49,8.62,8.50,8.29,5035480.0,42659964.0
2013-07-04,8.79,8.94,8.58,8.55,5512389.0,48206688.0
2013-07-03,8.59,8.94,8.83,8.54,5842422.0,51233372.0
2013-07-02,8.34,8.98,8.89,8.20,9132369.0,79140296.0
2013-07-01,8.04,8.44,8.41,7.95,6324028.0,52508668.0
2013-06-28,7.59,8.34,8.11,7.41,7185008.0,58238176.0
2013-06-27,8.14,8.27,7.71,7.69,5690878.0,45577604.0
2013-06-26,7.64,8.19,8.16,7.53,6562904.0,51882128.0
2013-06-25,7.59,7.79,7.63,7.00,5079230.0,37950280.0
2013-06-24,8.29,8.38,7.61,7.60,4486595.0,35803460.0
2013-06-21,8.49,8.49,8.42,7.91,5201663.0,43068684.0
2013-06-20,8.79,9.45,8.79,8.74,5339179.0,48702860.0
2013-06-19,9.08,9.08,8.89,8.61,3306074.0,29251468.0
2013-06-18,9.44,9.44,9.08,8.96,2586665.0,47488692.0
2013-06-17,9.45,9.67,9.43,9.30,3216018.0,61269084.0
2013-06-14,9.00,9.50,9.39,8.96,3015863.0,56066576.0
2013-06-13,8.96,9.04,9.00,8.57,2349017.0,42040204.0
2013-06-07,9.36,9.38,9.08,8.92,2839848.0,52109016.0
2013-06-06,9.45,9.52,9.29,9.27,1551275.0,29255708.0
2013-06-05,9.39,9.58,9.57,9.30,1835845.0,34972068.0
2013-06-04,9.69,9.71,9.41,9.16,3199610.0,60661748.0
2013-06-03,10.29,10.30,9.72,9.68,4229083.0,84573664.0
2013-05-31,10.16,10.64,10.34,10.10,5072545.0,105592784.0
2013-05-30,10.18,10.41,10.14,9.98,3243338.0,66256716.0
2013-05-29,10.20,10.44,10.33,10.10,2014371.0,41641776.0
2013-05-28,10.60,10.60,10.25,10.05,3559539.0,73327240.0
2013-05-27,10.35,10.90,10.67,10.30,4142754.0,88057352.0
2013-05-24,9.84,10.48,10.46,9.84,4123610.0,84722584.0
2013-05-23,9.60,10.20,9.82,9.52,3561812.0,70888536.0
2013-05-22,10.10,10.12,9.63,9.52,3789823.0,74534928.0
2013-05-21,10.05,10.24,10.12,9.95,2801353.0,56935368.0
2013-05-20,9.30,10.19,10.03,9.27,4540961.0,89863368.0
2013-05-17,9.15,9.40,9.35,9.06,2627067.0,49026396.0
2013-05-16,9.39,9.67,9.24,9.20,3738183.0,70927576.0
2013-05-15,9.30,9.53,9.45,9.18,2389080.0,44879660.0
2013-05-14,9.68,9.68,9.29,9.19,3107243.0,58392760.0
2013-05-13,9.61,9.93,9.68,9.53,3205144.0,62449736.0
2013-05-10,9.61,9.94,9.52,9.38,3857477.0,74237776.0
2013-05-09,9.39,9.80,9.70,9.35,5877998.0,112886312.0
2013-05-08,8.90,9.56,9.56,8.81,6441254.0,121091128.0
2013-05-07,8.81,8.85,8.69,8.62,2463299.0,43141192.0
2013-05-06,8.56,8.89,8.76,8.56,3377771.0,59150208.0
2013-05-03,8.35,8.80,8.58,8.29,4136850.0,71348696.0
2013-05-02,8.10,8.33,8.30,8.10,1693776.0,28051998.0
2013-04-26,8.31,8.50,8.16,8.03,3531627.0,58401860.0
2013-04-25,8.46,8.63,8.27,8.21,4264588.0,72362848.0
2013-04-24,8.20,8.66,8.53,8.12,6335557.0,107121944.0
2013-04-23,8.10,8.26,8.22,8.03,5507426.0,90155112.0
2013-04-22,7.85,8.21,8.15,7.78,6137430.0,99054616.0
2013-04-19,7.72,7.72,7.72,7.52,3942556.0,60616144.0
2013-04-18,6.88,7.09,7.01,6.88,656880.0,9248656.0
2013-04-17,6.87,6.95,6.92,6.82,561229.0,7758301.0
2013-04-16,6.72,6.84,6.84,6.64,515716.0,6988743.0
2013-04-15,6.96,6.96,6.79,6.72,574002.0,7843813.0
2013-04-12,6.97,7.12,6.99,6.96,599233.0,8488247.0
2013-04-11,7.01,7.04,6.93,6.90,488103.0,6843381.0
2013-04-10,7.06,7.06,6.96,6.92,515292.0,7236452.0
2013-04-09,6.99,7.11,7.05,6.95,611115.0,8667241.0
2013-04-08,6.72,7.01,6.99,6.58,905849.0,12453377.0
2013-04-03,6.95,6.99,6.77,6.72,741601.0,10128504.0
2013-04-02,7.14,7.19,6.95,6.93,854299.0,12120397.0
2013-04-01,7.02,7.13,7.09,7.00,523544.0,7438591.0
2013-03-29,7.21,7.29,7.02,6.98,1165039.0,16673654.0
2013-03-28,7.69,7.69,7.22,7.19,1784680.0,26554974.0
2013-03-27,7.72,7.80,7.76,7.64,865153.0,13425420.0
2013-03-26,8.03,8.03,7.70,7.65,1357527.0,21175376.0
2013-03-25,8.05,8.12,8.01,7.99,1175760.0,18994130.0
2013-03-22,8.03,8.08,8.00,7.96,1321185.0,21294354.0
2013-03-21,7.96,8.12,8.09,7.86,2409234.0,38622252.0
2013-03-20,7.69,8.03,8.00,7.68,2117198.0,33597396.0
2013-03-19,7.64,7.84,7.71,7.57,1382284.0,21399878.0
2013-03-18,7.59,7.71,7.56,7.53,1066395.0,16300035.0
2013-03-15,7.66,7.76,7.60,7.49,1279159.0,19634708.0
2013-03-14,7.68,7.81,7.60,7.56,949833.0,14632224.0
2013-03-13,7.72,7.95,7.68,7.54,1469443.0,22953704.0
2013-03-12,8.06,8.09,7.76,7.48,2452181.0,38100404.0
2013-03-11,8.10,8.19,8.06,7.99,943097.0,15337301.0
2013-03-08,8.04,8.35,8.12,7.96,2264686.0,37254488.0
2013-03-07,8.17,8.41,8.04,7.93,2419669.0,39892400.0
2013-03-06,8.21,8.24,8.17,8.05,2262287.0,37041772.0
2013-03-05,8.05,8.20,8.18,7.94,2307076.0,37477616.0
2013-03-04,8.21,8.21,7.91,7.87,2835320.0,45797332.0
2013-03-01,8.09,8.44,8.31,8.04,6426556.0,106807152.0
2013-02-28,7.97,8.05,8.00,7.79,3410041.0,54465544.0
2013-02-27,7.63,7.87,7.87,7.63,2796323.0,43785604.0
2013-02-26,7.53,7.75,7.66,7.51,1985904.0,30593512.0
2013-02-25,7.58,7.66,7.59,7.50,757502.0,11552410.0
2013-02-22,7.47,7.71,7.53,7.47,1411256.0,21470880.0
2013-02-21,7.77,7.79,7.50,7.46,1620800.0,24857248.0
2013-02-20,7.76,7.86,7.84,7.67,1433799.0,22431486.0
2013-02-19,7.96,7.98,7.71,7.67,1774952.0,27821936.0
2013-02-18,7.94,8.02,7.96,7.83,2039824.0,32480414.0
2013-02-08,7.79,7.93,7.91,7.74,2042992.0,32213678.0
2013-02-07,7.63,7.88,7.80,7.63,2411921.0,37749196.0
2013-02-06,7.56,7.70,7.63,7.56,1240331.0,19014606.0
2013-02-05,7.45,7.58,7.54,7.42,956886.0,14457920.0
2013-02-04,7.71,7.71,7.48,7.47,1202700.0,18286480.0
2013-02-01,7.41,7.55,7.55,7.41,1230930.0,18536066.0
2013-01-31,7.64,7.67,7.44,7.43,1509719.0,22742204.0
2013-01-30,7.80,7.85,7.64,7.62,2125102.0,32858784.0
2013-01-29,7.66,7.83,7.74,7.60,2458686.0,38023860.0
2013-01-28,7.43,7.64,7.64,7.43,1746712.0,26573818.0
2013-01-25,7.46,7.66,7.46,7.44,1588947.0,24055690.0
2013-01-24,7.91,7.91,7.49,7.42,3600345.0,55612240.0
2013-01-23,7.80,7.95,7.91,7.58,3327961.0,52212448.0
2013-01-22,8.14,8.30,7.73,7.60,3974161.0,63615728.0
2013-01-21,8.34,8.34,8.10,7.99,2904472.0,47327624.0
2013-01-18,8.62,8.65,8.34,8.21,4651736.0,78350928.0
2013-01-17,8.94,8.94,8.68,8.46,8331090.0,147664384.0
2013-01-16,8.14,8.26,8.13,7.92,2683631.0,43566740.0
2013-01-15,7.81,8.41,8.25,7.71,5202076.0,84230296.0
2013-01-14,7.91,7.96,7.89,7.51,4233457.0,66229212.0
2013-01-11,8.18,8.18,7.51,7.40,3233526.0,50138000.0
2013-01-10,7.46,7.55,7.44,7.31,2189590.0,32625200.0
2013-01-09,7.48,7.66,7.40,7.21,3882917.0,58471904.0
2013-01-08,7.21,7.52,7.38,7.02,3356094.0,49039996.0
2013-01-07,6.92,7.18,7.17,6.86,2431634.0,34459768.0
2013-01-04,6.91,7.06,6.92,6.75,1776270.0,24659940.0
2012-12-31,6.90,6.90,6.80,6.72,1156113.0,15797138.0
2012-12-28,6.81,6.95,6.87,6.67,1969209.0,26924632.0
2012-12-27,7.05,7.20,6.81,6.81,4212460.0,59587960.0
2012-12-26,6.71,7.10,6.98,6.64,3065536.0,42522764.0
2012-12-25,6.59,6.80,6.71,6.50,2459218.0,32932798.0
2012-12-24,6.52,6.67,6.62,6.47,2111444.0,28043992.0
2012-12-21,6.47,6.64,6.52,6.43,2141976.0,28211222.0
2012-12-20,6.48,6.50,6.47,6.35,1984229.0,25660132.0
2012-12-19,6.18,6.70,6.56,6.15,3292470.0,43035948.0
2012-12-18,6.36,6.41,6.16,6.09,1509214.0,19043204.0
2012-12-17,6.29,6.40,6.36,6.16,1736337.0,21977984.0
2012-12-14,5.93,6.20,6.19,5.91,1447272.0,17732738.0
2012-12-13,6.07,6.13,5.93,5.92,625351.0,7590867.0
2012-12-12,6.17,6.21,6.12,6.03,662068.0,8127250.0
2012-12-11,6.18,6.25,6.18,6.11,1363008.0,16881082.0
2012-12-10,6.07,6.30,6.25,6.06,1498197.0,18696294.0
2012-12-07,6.07,6.13,6.13,5.98,817106.0,9978232.0
2012-12-06,6.07,6.16,5.95,5.92,947555.0,11470869.0
2012-12-05,5.80,6.11,6.07,5.77,976128.0,11764548.0
2012-12-04,5.76,5.87,5.83,5.52,621472.0,7113080.0
2012-12-03,5.82,5.89,5.70,5.65,516898.0,5984376.0
2012-11-30,5.80,5.92,5.87,5.78,324795.0,3823352.0
2012-11-29,6.02,6.10,5.81,5.79,710929.0,8449825.0
2012-11-28,6.12,6.13,6.04,5.95,564103.0,6853725.0
2012-11-27,6.49,6.54,6.22,6.22,892465.0,11313435.0
2012-11-26,6.79,6.82,6.54,6.54,576879.0,7684491.0
2012-11-23,6.79,6.88,6.79,6.76,608040.0,8317407.0
2012-11-22,6.82,6.87,6.77,6.71,924759.0,12604594.0
2012-11-21,6.62,7.00,6.95,6.61,1471405.0,20099390.0
2012-11-20,6.61,6.73,6.61,6.60,587188.0,7842631.0
2012-11-19,6.57,6.65,6.60,6.48,507681.0,6673486.0
2012-11-16,6.72,6.72,6.60,6.56,664273.0,8832358.0
2012-11-15,6.69,6.89,6.74,6.64,797000.0,10811554.0
2012-11-14,6.69,6.86,6.72,6.62,629479.0,8531371.0
2012-11-13,6.82,6.85,6.66,6.64,558222.0,7564821.0
2012-11-12,6.77,6.89,6.88,6.73,577763.0,7905679.0
2012-11-09,6.86,6.88,6.74,6.72,650417.0,8859991.0
2012-11-08,6.97,6.97,6.82,6.79,853822.0,11777362.0
2012-11-07,7.22,7.22,7.07,7.05,688948.0,9816647.0
2012-11-06,7.24,7.36,7.20,7.13,1064020.0,15461441.0
2012-11-05,7.35,7.35,7.11,7.02,1054950.0,15089931.0
2012-11-02,7.29,7.41,7.32,7.29,621276.0,9181874.0
2012-11-01,7.18,7.34,7.26,7.14,855673.0,12461584.0
2012-10-31,7.31,7.33,7.14,7.04,788336.0,11344531.0
2012-10-30,7.31,7.43,7.31,7.25,565888.0,8357043.0
2012-10-29,7.27,7.42,7.26,7.22,556251.0,8171766.0
2012-10-26,7.86,7.86,7.40,7.29,1401570.0,20993542.0
2012-10-25,7.89,8.04,7.79,7.76,746738.0,11834904.0
2012-10-24,8.00,8.06,7.82,7.75,1013772.0,16126205.0
2012-10-23,8.33,8.35,8.07,8.07,1496231.0,24634996.0
2012-10-22,8.05,8.44,8.34,7.92,2647618.0,44034528.0
2012-10-19,8.06,8.19,8.11,8.01,1177740.0,19137000.0
2012-10-18,7.96,8.12,8.06,7.89,1606240.0,26046920.0
2012-10-17,7.78,8.06,7.95,7.73,1177989.0,18769098.0
2012-10-16,7.67,7.85,7.76,7.67,488197.0,7639564.0
2012-10-15,7.80,7.94,7.71,7.58,740242.0,11513989.0
2012-10-12,7.78,7.90,7.81,7.63,785336.0,12254779.0
2012-10-11,8.08,8.20,7.78,7.71,1680949.0,26886008.0
2012-10-10,8.15,8.28,8.21,8.06,1499941.0,24620866.0
2012-10-09,7.95,8.28,8.20,7.89,1621206.0,26394382.0
2012-10-08,7.80,8.02,7.93,7.67,1011761.0,16068568.0
2012-09-28,7.69,7.84,7.81,7.67,882158.0,13767807.0
2012-09-27,7.63,7.89,7.71,7.63,1168049.0,18232312.0
2012-09-26,8.23,8.28,7.57,7.55,1527583.0,24141476.0
2012-09-25,8.04,8.43,8.30,8.04,1728417.0,28748760.0
2012-09-24,7.98,8.15,8.08,7.84,713233.0,11540426.0
2012-09-21,8.21,8.37,8.01,8.01,1118908.0,18401570.0
2012-09-20,8.65,8.69,8.25,8.24,1409880.0,23799396.0
2012-09-19,8.68,8.73,8.67,8.56,904811.0,15724877.0
2012-09-18,8.50,8.71,8.66,8.39,1053043.0,18195418.0
2012-09-17,8.92,9.13,8.57,8.53,1457023.0,25728372.0
2012-09-14,9.33,9.42,8.99,8.90,2452690.0,44907064.0
2012-09-13,9.35,9.79,9.27,9.27,3695338.0,71057608.0
2012-09-12,9.44,9.53,9.40,9.30,2339916.0,44286120.0
2012-09-11,9.58,9.73,9.28,9.19,4097610.0,77914256.0
2012-09-10,9.25,9.77,9.71,9.15,5654043.0,107698864.0
2012-09-07,9.14,9.45,9.27,9.00,3637389.0,67388384.0
2012-09-06,8.95,9.19,9.10,8.84,1902660.0,34426620.0
2012-09-05,8.86,9.08,8.81,8.74,1749533.0,31223804.0
2012-09-04,8.73,9.32,8.96,8.73,3794371.0,69529936.0
2012-09-03,8.36,8.99,8.83,8.21,2678143.0,46981688.0
2012-08-31,8.13,8.56,8.45,8.11,2518011.0,42344476.0
2012-08-30,8.98,9.20,8.17,8.17,4441849.0,75628048.0
2012-08-29,9.07,9.15,9.07,8.91,2155709.0,39243992.0
2012-08-28,9.29,9.55,9.09,8.81,3485535.0,63440208.0
2012-08-27,9.29,9.70,9.36,9.23,3136333.0,59877712.0
2012-08-24,9.40,9.72,9.40,9.28,3910141.0,74690488.0
2012-08-23,9.59,10.05,9.59,9.50,6831515.0,133728080.0
2012-08-22,9.27,9.90,9.68,9.20,7989743.0,155013184.0
2012-08-21,8.95,9.29,9.22,8.84,3290005.0,60074348.0
2012-08-20,8.71,9.02,8.94,8.46,2209034.0,39187620.0
2012-08-17,8.71,9.00,8.83,8.65,1700692.0,30243038.0
2012-08-16,9.04,9.08,8.80,8.78,2487171.0,44505772.0
2012-08-15,9.59,9.80,9.22,9.19,5460676.0,104181512.0
2012-08-14,8.86,9.69,9.59,8.63,7260051.0,135381280.0
2012-08-13,9.45,9.49,8.91,8.91,4103092.0,76239448.0
2012-08-10,9.51,9.73,9.50,9.38,4580319.0,88107472.0
2012-08-09,9.38,9.73,9.51,9.22,5909310.0,113518096.0
2012-08-08,9.11,9.42,9.24,9.02,3779782.0,69691240.0
2012-08-07,9.03,9.68,9.27,9.00,5076785.0,95268040.0
2012-08-06,8.71,9.13,9.08,8.69,3828973.0,68722712.0
2012-08-03,8.65,8.89,8.88,8.48,4264548.0,74418488.0
2012-08-02,8.48,8.78,8.75,8.37,3769083.0,65235436.0
2012-08-01,8.18,8.51,8.46,8.18,3483592.0,58778876.0
2012-07-31,8.40,8.50,8.15,8.06,3051536.0,50605020.0
2012-07-30,8.33,8.70,8.52,8.26,3047354.0,51735224.0
2012-07-27,8.66,8.75,8.29,8.28,3722443.0,63390772.0
2012-07-26,9.48,9.49,8.65,8.61,7301025.0,133265104.0
2012-07-25,9.70,9.84,9.54,9.45,5698233.0,109950472.0
2012-07-24,9.30,10.07,9.84,9.25,7031535.0,137853072.0
2012-07-23,9.40,9.70,9.39,9.15,6059983.0,114421008.0
2012-07-20,10.04,10.87,9.83,9.71,10024347.0,207006160.0
2012-07-19,9.55,10.13,9.96,9.47,8648425.0,171665120.0
2012-07-18,9.93,10.45,9.68,9.57,12437239.0,250061376.0
2012-07-17,9.23,10.00,9.77,8.61,13017686.0,240961856.0
2012-07-16,8.46,9.24,9.24,8.42,12334241.0,226628048.0
2012-07-13,8.26,8.70,8.40,8.16,6992708.0,119356312.0
2012-07-12,8.26,8.53,8.31,8.16,4112175.0,68930064.0
2012-07-11,8.24,8.38,8.30,8.00,3602951.0,59428756.0
2012-07-10,8.69,8.78,8.31,8.24,5542531.0,93754536.0
2012-07-09,8.62,8.86,8.65,8.57,4815085.0,84152488.0
2012-07-06,8.71,8.92,8.82,8.49,6017280.0,105353864.0
2012-07-05,8.71,8.84,8.70,8.61,6064462.0,106589856.0
2012-07-04,9.10,9.17,8.74,8.64,11053386.0,197148912.0
2012-07-03,8.90,9.64,9.29,8.90,14811734.0,281824576.0
2012-07-02,8.58,9.02,8.77,8.55,8963407.0,157948672.0
2012-06-29,8.36,9.02,8.75,8.26,11196270.0,193053424.0
2012-06-28,8.49,8.49,8.26,8.24,7948803.0,135152368.0
2012-06-27,7.36,7.72,7.72,7.21,1806737.0,27748674.0
2012-06-26,6.77,7.09,7.01,6.77,710549.0,10018368.0
2012-06-25,7.19,7.19,6.83,6.83,404407.0,5655042.0
2012-06-21,7.35,7.41,7.14,7.10,635120.0,9181101.0
2012-06-20,7.26,7.36,7.35,7.15,651833.0,9561753.0
2012-06-19,7.11,7.39,7.19,7.11,890214.0,12986239.0
2012-06-18,7.25,7.29,7.20,7.15,841994.0,12229699.0
2012-06-15,7.06,7.14,7.14,6.84,552097.0,7808435.0
2012-06-14,7.11,7.13,6.98,6.98,505180.0,7158210.0
2012-06-13,6.95,7.20,7.11,6.83,598760.0,8519658.0
2012-06-12,6.97,7.05,6.93,6.88,516510.0,7233152.0
2012-06-11,6.82,7.04,7.04,6.82,595447.0,8302917.0
2012-06-08,6.99,7.06,6.82,6.82,700475.0,9723165.0
2012-06-07,7.10,7.15,6.96,6.96,428687.0,6077593.0
2012-06-06,7.29,7.29,7.01,6.98,558093.0,7964629.0
2012-06-05,7.11,7.31,7.20,7.07,447143.0,6460005.0
2012-06-04,7.41,7.46,7.16,7.11,1042381.0,15266933.0
2012-06-01,7.75,7.95,7.64,7.63,1032399.0,16175874.0
2012-05-31,7.41,7.70,7.70,7.41,990484.0,15144494.0
2012-05-30,7.56,7.60,7.43,7.41,738987.0,11067277.0
2012-05-29,7.42,7.64,7.55,7.40,868954.0,13147161.0
2012-05-28,7.57,7.60,7.55,7.35,428427.0,13052112.0
2012-05-25,7.84,7.91,7.57,7.57,542719.0,17051280.0
2012-05-24,7.98,8.02,7.84,7.83,633289.0,20400962.0
2012-05-23,8.10,8.32,8.01,7.99,883011.0,29260502.0
2012-05-22,7.85,8.03,8.03,7.80,590776.0,19126516.0
2012-05-21,7.70,7.86,7.79,7.67,223972.0,7085784.0
2012-05-18,7.78,7.94,7.71,7.68,436954.0,13826437.0
2012-05-17,7.81,7.91,7.79,7.62,389729.0,12307658.0
2012-05-16,8.03,8.05,7.86,7.86,430840.0,14026793.0
2012-05-15,7.78,8.05,8.03,7.70,318652.0,10264236.0
2012-05-14,7.97,8.02,7.86,7.86,299659.0,9668766.0
2012-05-11,8.10,8.22,7.92,7.92,522760.0,17129122.0
2012-05-10,7.97,8.25,8.10,7.95,713169.0,23574684.0
2012-05-09,7.93,8.10,8.01,7.90,699659.0,22733192.0
2012-05-08,8.17,8.44,8.07,8.04,1217435.0,40707056.0
2012-05-07,7.82,8.32,8.17,7.71,1612825.0,52905804.0
2012-05-04,7.38,7.94,7.89,7.38,1564893.0,48658344.0
2012-05-03,7.29,7.55,7.49,7.25,1303515.0,39651136.0
2012-05-02,7.12,7.31,7.22,7.10,759032.0,22121840.0
2012-04-27,7.04,7.12,7.08,7.04,160992.0,4646572.0
2012-04-26,7.00,7.04,6.99,6.96,124595.0,3553266.0
2012-04-25,6.94,7.10,6.99,6.94,232323.0,6625872.0
2012-04-24,7.00,7.11,6.95,6.87,374571.0,10620406.0
2012-04-23,7.39,7.39,7.07,6.96,578267.0,16846682.0
2012-04-20,7.44,7.48,7.45,7.35,282976.0,8541367.0
2012-04-19,7.44,7.52,7.45,7.39,372903.0,11344060.0
2012-04-18,7.29,7.44,7.40,7.29,329004.0,9893287.0
2012-04-17,7.24,7.36,7.28,7.23,215625.0,6409895.0
2012-04-16,7.37,7.40,7.30,7.27,291079.0,8670299.0
2012-04-13,7.38,7.47,7.40,7.33,405310.0,12184342.0
2012-04-12,7.51,7.61,7.42,7.34,690749.0,21009090.0
2012-04-11,7.22,7.39,7.39,7.12,332374.0,9870052.0
2012-04-10,7.22,7.31,7.29,7.05,377185.0,11002531.0
2012-04-09,7.21,7.47,7.26,7.16,568948.0,16971268.0
2012-04-06,7.24,7.51,7.29,7.17,1206113.0,36101204.0
2012-04-05,6.58,6.97,6.93,6.58,315852.0,8830917.0
2012-03-30,6.59,6.71,6.65,6.51,269484.0,7256973.0
2012-03-29,6.59,6.67,6.53,6.46,269571.0,7238180.0
2012-03-28,6.97,6.97,6.59,6.58,452605.0,12370808.0
2012-03-27,7.11,7.15,6.96,6.96,234151.0,6750228.0
2012-03-26,7.12,7.18,7.04,6.97,277046.0,7948857.0
2012-03-23,7.34,7.34,7.17,7.10,485429.0,14286102.0
2012-03-22,7.13,7.46,7.41,7.10,579505.0,17385998.0
2012-03-21,7.32,7.37,7.23,7.07,634084.0,18643188.0
2012-03-20,7.48,7.58,7.31,7.28,923002.0,27987962.0
2012-03-19,7.44,7.56,7.49,7.32,1076202.0,32641608.0
2012-03-15,7.12,7.32,7.29,7.07,705310.0,20671704.0
2012-03-14,7.30,7.60,7.07,7.01,1395375.0,41985308.0
2012-03-13,7.13,7.30,7.29,7.12,402698.0,11823712.0
2012-03-12,7.12,7.19,7.16,7.12,304616.0,8885554.0
2012-03-09,6.95,7.17,7.17,6.95,549791.0,15868261.0
2012-03-08,6.96,7.03,6.95,6.95,288557.0,8219585.0
2012-03-07,6.90,6.99,6.93,6.80,331746.0,9335949.0
2012-03-06,6.97,7.02,6.93,6.83,460537.0,12943487.0
2012-03-05,7.03,7.14,7.03,6.99,531343.0,15299987.0
2012-03-02,7.01,7.11,7.08,6.95,512229.0,14717630.0
2012-03-01,6.89,6.98,6.96,6.85,306155.0,8643590.0
2012-02-29,7.02,7.10,6.89,6.88,486054.0,13783778.0
2012-02-28,7.19,7.22,7.12,6.98,719071.0,20762796.0
2012-02-27,7.19,7.41,7.26,7.19,722378.0,21591914.0
2012-02-24,7.03,7.18,7.16,6.99,476699.0,13815978.0
2012-02-23,6.97,7.08,7.03,6.91,595350.0,16982546.0
2012-02-22,6.73,6.97,6.97,6.73,632645.0,17694870.0
2012-02-21,6.70,6.75,6.73,6.58,457417.0,12425067.0
2012-02-20,6.63,6.71,6.67,6.57,378223.0,10227903.0
2012-02-17,6.62,6.75,6.56,6.56,195685.0,5274138.0
2012-02-16,6.56,6.64,6.62,6.48,325748.0,8693307.0
2012-02-15,6.44,6.57,6.56,6.44,222794.0,5909943.0
2012-02-14,6.51,6.55,6.49,6.45,350067.0,9265039.0
2012-02-13,6.19,6.51,6.50,6.19,464663.0,12167750.0
2012-02-10,6.24,6.38,6.33,6.24,238420.0,6150349.0
2012-02-09,6.31,6.39,6.30,6.29,425695.0,10980418.0
2012-02-08,6.12,6.30,6.30,6.11,527192.0,13410306.0
2012-02-07,6.19,6.20,6.08,6.04,392692.0,9777516.0
2012-02-06,6.17,6.32,6.26,6.17,373114.0,9492508.0
2012-02-03,6.12,6.23,6.22,6.09,436081.0,10958674.0
2012-02-02,6.05,6.13,6.12,6.01,213279.0,5279180.0
2012-02-01,6.00,6.16,6.05,6.00,299288.0,7414288.0
2012-01-31,6.06,6.11,6.03,5.97,258936.0,6344142.0
2012-01-30,6.01,6.19,6.06,5.91,547878.0,13560750.0
2012-01-20,5.90,6.01,5.94,5.87,261901.0,6339730.0
2012-01-19,5.68,5.93,5.89,5.68,347577.0,8281665.0
2012-01-18,5.88,5.96,5.75,5.66,396500.0,9458663.0
2012-01-17,5.45,5.93,5.87,5.45,424992.0,9969554.0
2012-01-16,5.67,5.82,5.45,5.44,311089.0,7138964.0
2012-01-13,6.10,6.17,5.83,5.79,230998.0,5601185.0
2012-01-12,6.17,6.28,6.13,6.13,353181.0,8906956.0
2012-01-11,6.20,6.33,6.25,6.18,502424.0,12771157.0
2012-01-10,6.11,6.30,6.26,6.02,403608.0,10221527.0
2012-01-09,5.87,6.09,6.07,5.79,242992.0,5915502.0
2012-01-06,5.82,5.89,5.85,5.67,196084.0,4605399.0
2012-01-05,5.97,5.97,5.89,5.76,280147.0,6680609.0
2012-01-04,6.17,6.33,6.00,6.00,449155.0,11325465.0
2011-12-30,5.90,6.22,6.16,5.90,397803.0,9918545.0
2011-12-28,6.13,6.13,5.97,5.84,511791.0,12356491.0
2011-12-27,6.60,6.61,6.14,6.14,410879.0,10569809.0
2011-12-26,6.63,6.73,6.63,6.60,131622.0,3573721.0
2011-12-23,6.63,6.87,6.68,6.63,354343.0,9715327.0
2011-12-22,6.93,6.93,6.75,6.63,180374.0,4971401.0
2011-12-21,7.20,7.20,6.97,6.93,178792.0,5140493.0
2011-12-20,7.15,7.24,7.07,7.07,177537.0,5184596.0
2011-12-19,7.06,7.17,7.14,6.92,218568.0,6249854.0
2011-12-16,6.92,7.12,7.12,6.90,168630.0,4814691.0
2011-12-15,6.92,7.05,6.90,6.89,232436.0,6586092.0
2011-12-14,7.07,7.08,6.97,6.91,216539.0,6165869.0
2011-12-13,7.21,7.26,7.07,6.94,337965.0,9680364.0
2011-12-12,7.36,7.46,7.25,7.12,276390.0,8251803.0
2011-12-09,7.39,7.46,7.35,7.27,235155.0,7033199.0
2011-12-08,7.40,7.50,7.45,7.24,278885.0,8408070.0
2011-12-07,7.37,7.46,7.41,7.30,236845.0,7120259.0
2011-12-06,7.22,7.36,7.29,7.22,249890.0,7430337.0
2011-12-05,7.51,7.51,7.28,7.26,321340.0,9620398.0
2011-12-02,7.61,7.73,7.51,7.46,323589.0,9964970.0
2011-12-01,7.86,7.86,7.66,7.66,774183.0,24525696.0
2011-11-30,8.13,8.14,7.58,7.51,581771.0,18362422.0
2011-11-29,8.24,8.32,8.13,8.01,578699.0,19133352.0
2011-11-28,8.22,8.28,8.22,8.13,246627.0,8244827.0
2011-11-25,8.31,8.38,8.22,8.16,339050.0,11438289.0
2011-11-24,8.22,8.44,8.35,8.10,658812.0,22134022.0
2011-11-23,8.36,8.44,8.33,8.26,589709.0,19989392.0
2011-11-22,8.22,8.38,8.34,8.19,401669.0,13579896.0
2011-11-21,8.43,8.51,8.31,8.10,815761.0,27576936.0
2011-11-18,8.41,8.69,8.51,8.35,1004811.0,34908084.0
2011-11-17,8.39,8.61,8.49,8.28,971239.0,33541866.0
2011-11-16,8.69,8.72,8.35,8.34,1181231.0,41035860.0
2011-11-15,8.52,8.79,8.72,8.45,1482680.0,52356136.0
2011-11-14,8.34,8.54,8.52,8.27,1240657.0,42721124.0
2011-11-11,8.27,8.42,8.22,8.17,608186.0,20535154.0
2011-11-10,8.22,8.47,8.25,8.12,1025019.0,34777784.0
2011-11-09,8.13,8.38,8.35,8.13,1048477.0,35399696.0
2011-11-08,8.33,8.42,8.10,8.08,786354.0,26329706.0
2011-11-07,8.49,8.52,8.23,8.22,1217409.0,41204056.0
2011-11-04,8.19,8.54,8.53,8.18,1557690.0,53245004.0
2011-11-03,8.13,8.34,8.14,8.10,1077406.0,36150036.0
2011-11-02,7.82,8.10,8.10,7.66,905042.0,29049134.0
2011-11-01,7.96,8.03,7.86,7.84,515954.0,16625234.0
2011-10-31,8.02,8.05,8.04,7.90,444134.0,14396927.0
2011-10-28,7.98,8.03,7.99,7.74,582407.0,18755372.0
2011-10-27,7.91,7.98,7.88,7.85,268900.0,8667535.0
2011-10-26,7.83,8.05,7.92,7.83,576621.0,18689540.0
2011-10-25,7.85,8.00,7.99,7.74,620478.0,19961200.0
2011-10-24,7.46,7.83,7.82,7.32,525149.0,16247136.0
2011-10-21,7.73,7.73,7.54,7.25,858192.0,26297356.0
2011-10-20,7.44,8.09,7.78,7.37,1401941.0,44996968.0
2011-10-19,7.47,7.47,7.36,7.31,96230.0,2889002.0
2011-10-18,7.57,7.66,7.37,7.37,150579.0,4604575.0
2011-10-17,7.61,7.72,7.66,7.58,196727.0,6125411.0
2011-10-14,7.66,7.68,7.64,7.56,165368.0,5131025.0
2011-10-13,7.57,7.73,7.68,7.50,315044.0,9823961.0
2011-10-12,7.20,7.55,7.55,7.20,318460.0,9650173.0
2011-10-11,7.48,7.49,7.28,7.27,182228.0,5500688.0
2011-10-10,7.32,7.40,7.32,7.27,70314.0,2097682.0
2011-09-30,7.34,7.39,7.31,7.26,81012.0,2409160.0
2011-09-29,7.41,7.48,7.31,7.27,211213.0,6330831.0
2011-09-28,7.60,7.68,7.49,7.47,109400.0,3373039.0
2011-09-27,7.61,7.67,7.59,7.51,82951.0,2559180.0
2011-09-26,7.56,7.67,7.54,7.51,103499.0,3192340.0
2011-09-23,7.61,7.68,7.64,7.50,122276.0,3773313.0
2011-09-22,7.83,7.86,7.70,7.67,223300.0,7067229.0
2011-09-21,7.64,7.86,7.83,7.56,262442.0,8301983.0
2011-09-20,7.43,7.65,7.62,7.37,210111.0,6470664.0
2011-09-19,7.70,7.70,7.43,7.43,148406.0,4523210.0
2011-09-16,7.79,7.79,7.67,7.67,134469.0,4227163.0
2011-09-15,7.71,7.78,7.71,7.67,125194.0,3946675.0
2011-09-14,7.78,7.78,7.71,7.55,139881.0,4349103.0
2011-09-13,7.60,7.66,7.54,7.49,152242.0,4682482.0
2011-09-09,7.73,7.83,7.67,7.66,201658.0,6348822.0
2011-09-08,7.88,7.91,7.67,7.67,239544.0,7628293.0
2011-09-07,7.81,7.87,7.86,7.73,227106.0,7227857.0
2011-09-06,7.67,7.81,7.72,7.66,194303.0,6116580.0
2011-09-05,7.88,7.88,7.75,7.72,264201.0,8373699.0
2011-09-02,8.08,8.11,7.96,7.93,244470.0,7973837.0
2011-09-01,8.18,8.20,8.08,8.07,268613.0,8887943.0
2011-08-31,8.37,8.39,8.09,8.05,652609.0,21716230.0
2011-08-30,8.67,8.75,8.33,8.33,650721.0,22708406.0
2011-08-29,8.67,8.71,8.66,8.56,726057.0,25567430.0
2011-08-26,8.59,8.72,8.72,8.40,952067.0,33223490.0
2011-08-25,8.77,8.84,8.66,8.52,804059.0,28351168.0
2011-08-24,8.77,8.89,8.74,8.70,903705.0,32361240.0
2011-08-23,8.28,8.70,8.69,8.27,857036.0,29815156.0
2011-08-22,8.13,8.39,8.30,8.06,364686.0,12283774.0
2011-08-19,8.21,8.21,8.10,8.02,423178.0,13954897.0
2011-08-18,8.51,8.54,8.28,8.25,281076.0,9612702.0
2011-08-17,8.41,8.55,8.46,8.40,315131.0,10881942.0
2011-08-16,8.58,8.59,8.47,8.42,386227.0,13396909.0
2011-08-15,8.39,8.56,8.56,8.35,499162.0,17245100.0
2011-08-12,8.35,8.54,8.38,8.31,653142.0,22376924.0
2011-08-11,7.96,8.32,8.31,7.86,609033.0,20250402.0
2011-08-10,8.11,8.34,8.13,8.11,523676.0,17547206.0
2011-08-09,7.97,8.14,8.02,7.75,548855.0,17862348.0
2011-08-08,8.25,8.37,8.14,7.88,813729.0,26907864.0
2011-08-05,8.57,8.70,8.50,8.35,731579.0,25601612.0
2011-08-04,9.08,9.16,8.88,8.86,561428.0,20481236.0
2011-08-03,8.84,9.18,9.12,8.78,658393.0,24265156.0
2011-08-02,8.98,9.08,8.99,8.73,636676.0,22984032.0
2011-08-01,9.02,9.24,9.07,8.97,607809.0,22606600.0
2011-07-29,9.26,9.32,8.97,8.96,886017.0,32854586.0
2011-07-28,9.31,9.47,9.27,9.15,1243147.0,47033092.0
2011-07-27,8.84,9.40,9.35,8.79,1623820.0,60900708.0
2011-07-26,8.84,8.93,8.87,8.68,822211.0,29435476.0
2011-07-25,8.64,9.21,8.83,8.60,1523060.0,55274888.0
2011-07-22,8.49,8.86,8.71,8.44,927159.0,32825154.0
2011-07-21,8.40,8.56,8.51,8.38,777019.0,26835830.0
2011-07-20,8.60,8.66,8.44,8.37,728862.0,25200146.0
2011-07-19,8.68,8.73,8.57,8.50,717295.0,25055204.0
2011-07-18,8.93,8.93,8.74,8.70,598576.0,21379438.0
2011-07-15,8.72,8.90,8.84,8.72,685173.0,24645896.0
2011-07-14,8.81,8.99,8.79,8.68,1144239.0,41107516.0
2011-07-12,8.54,8.62,8.44,8.41,553092.0,19166328.0
2011-07-11,8.47,8.66,8.64,8.40,609691.0,21179766.0
2011-07-08,8.47,8.57,8.47,8.39,568665.0,19593542.0
2011-07-07,8.35,8.72,8.49,8.27,1249663.0,43275888.0
2011-07-06,8.07,8.47,8.47,8.07,1432372.0,48373660.0
2011-07-05,7.95,8.08,7.98,7.87,419465.0,13654875.0
2011-07-04,7.85,7.96,7.95,7.84,659433.0,21217078.0
2011-07-01,7.66,7.90,7.84,7.65,450330.0,14326841.0
2011-06-30,7.61,7.76,7.70,7.59,294461.0,9234500.0
2011-06-29,7.64,7.81,7.61,7.59,508317.0,15946343.0
2011-06-28,7.70,7.76,7.71,7.57,541945.0,16890146.0
2011-06-27,7.57,7.77,7.66,7.49,851386.0,26584166.0
2011-06-24,7.31,7.58,7.56,7.24,954859.0,28965044.0
2011-06-23,7.04,7.33,7.26,7.04,824979.0,24330278.0
2011-06-22,7.40,7.40,7.05,7.05,916679.0,26833952.0
2011-06-21,7.42,7.44,7.39,7.29,403501.0,12075796.0
2011-06-20,7.61,7.68,7.37,7.32,324860.0,9878070.0
2011-06-17,7.74,7.90,7.66,7.65,230700.0,7277013.0
2011-06-16,8.01,8.05,7.85,7.84,281189.0,9075779.0
2011-06-15,8.07,8.10,7.99,7.98,226207.0,7404058.0
2011-06-14,8.09,8.20,8.10,8.05,245080.0,8072259.0
2011-06-13,8.04,8.18,8.16,7.98,365791.0,12069115.0
2011-06-10,7.83,8.07,8.06,7.83,445320.0,14421071.0
2011-06-09,7.93,7.96,7.83,7.81,277112.0,8924888.0
2011-06-08,7.87,7.90,7.90,7.75,222436.0,7100928.0
2011-06-07,7.85,7.95,7.86,7.85,243434.0,7826101.0
2011-06-03,7.68,7.93,7.85,7.68,328229.0,10480204.0
2011-06-02,7.83,7.83,7.68,7.61,345695.0,10827897.0
2011-05-31,7.77,7.89,7.87,7.66,368909.0,11693183.0
2011-05-30,7.93,7.95,7.83,7.63,584123.0,18600530.0
2011-05-27,7.81,8.10,8.10,7.75,216969.0,6961739.0
2011-05-26,7.92,8.06,7.86,7.76,177697.0,5696825.0
2011-05-25,8.15,8.22,7.96,7.96,178804.0,5886247.0
2011-05-24,7.95,8.26,8.23,7.95,307014.0,10169075.0
2011-05-23,8.40,8.41,8.00,7.98,421930.0,14008770.0
2011-05-20,8.65,8.69,8.47,8.40,255581.0,8860044.0
2011-05-19,8.61,8.72,8.69,8.57,212416.0,7490096.0
2011-05-18,8.58,8.63,8.59,8.51,155287.0,5421715.0
2011-05-17,8.68,8.68,8.58,8.47,347530.0,12147412.0
2011-05-16,8.67,8.73,8.65,8.59,207292.0,7329574.0
2011-05-13,8.72,8.78,8.68,8.59,395840.0,13927872.0
2011-05-12,8.92,8.98,8.72,8.72,269600.0,9717590.0
2011-05-11,8.91,8.96,8.95,8.85,222095.0,8055810.0
2011-05-10,8.85,8.93,8.89,8.80,175356.0,6335141.0
2011-05-09,8.97,8.98,8.84,8.79,328356.0,11905023.0
2011-05-06,8.77,8.98,8.94,8.72,329412.0,11881084.0
2011-05-05,8.76,8.88,8.84,8.69,315294.0,11318233.0
2011-05-04,9.04,9.04,8.76,8.75,538149.0,19497856.0
2011-05-03,9.04,9.08,9.06,8.89,346071.0,12657732.0
2011-04-29,8.94,9.06,9.03,8.91,255144.0,9363017.0
2011-04-28,9.20,9.32,8.94,8.94,416298.0,15460599.0
2011-04-27,9.30,9.30,9.18,9.08,336328.0,12593684.0
2011-04-26,9.55,9.58,9.27,9.13,737994.0,27930304.0
2011-04-25,9.87,10.00,9.54,9.54,771936.0,30818698.0
2011-04-22,9.96,10.12,9.94,9.87,795392.0,32309888.0
2011-04-21,9.94,10.26,9.89,9.83,660761.0,26906094.0
2011-04-20,9.73,9.99,9.99,9.69,748830.0,30114160.0
2011-04-19,9.70,9.78,9.75,9.63,469388.0,18559008.0
2011-04-18,9.67,9.75,9.71,9.59,436931.0,17244274.0
2011-04-15,9.62,9.66,9.65,9.53,457837.0,17897984.0
2011-04-14,9.78,9.80,9.66,9.61,509952.0,20064932.0
2011-04-13,9.59,9.87,9.78,9.58,810121.0,32194210.0
2011-04-12,9.58,9.65,9.59,9.56,842423.0,32893340.0
2011-04-11,9.96,10.01,9.67,9.67,969860.0,38828772.0
2011-04-08,9.91,10.02,9.98,9.89,655586.0,26628250.0
2011-04-07,9.86,10.02,9.94,9.83,666964.0,27019076.0
2011-04-06,9.95,9.96,9.83,9.79,705445.0,28333828.0
2011-04-01,10.00,10.13,10.03,9.79,884653.0,35831740.0
2011-03-31,10.21,10.35,9.97,9.97,1124032.0,46501520.0
2011-03-30,10.22,10.46,10.28,10.18,1100845.0,46261740.0
2011-03-29,10.56,10.60,10.23,10.19,1586601.0,66726960.0
2011-03-28,10.93,10.96,10.64,10.56,1640208.0,71621592.0
2011-03-25,11.23,11.27,10.96,10.95,1965934.0,88378192.0
2011-03-24,11.36,11.40,11.22,11.18,1452233.0,66545280.0
2011-03-23,11.31,11.51,11.36,11.17,2293576.0,105722808.0
2011-03-22,11.34,11.51,11.29,11.20,3204952.0,147606336.0
2011-03-21,11.00,11.44,11.38,10.93,4980376.0,227052224.0
2011-03-18,10.72,11.04,10.76,10.70,3949624.0,174759888.0
2011-03-17,10.50,10.64,10.45,10.30,4547101.0,193916720.0
2011-03-16,11.05,11.29,10.76,10.69,11696821.0,518641024.0
