date,amount,close,high,low,open,volume
2015-11-27,178136640.0,10.71,11.80,10.50,11.70,15757542.0
2015-11-26,190666352.0,11.65,12.06,11.61,12.00,16147793.0
2015-11-25,204261456.0,12.01,12.09,11.85,12.03,17074412.0
2015-11-24,180119312.0,11.91,11.97,11.60,11.76,15287688.0
2015-11-23,210523584.0,11.81,11.92,11.60,11.75,17881452.0
2015-11-20,166044944.0,11.70,11.87,11.52,11.64,14166630.0
2015-11-19,168940624.0,11.68,11.74,11.33,11.38,14600430.0
2015-11-18,135370400.0,11.34,11.62,11.11,11.35,11926846.0
2015-11-17,202127584.0,11.39,11.83,11.36,11.47,17430038.0
2015-11-16,158472832.0,11.44,11.44,11.06,11.20,14022901.0
2015-11-13,163877664.0,11.46,11.96,11.43,11.78,14051139.0
2015-11-12,236653120.0,11.90,12.00,11.55,11.70,20148628.0
2015-11-11,209866304.0,11.73,11.76,11.34,11.47,18165752.0
2015-11-10,181435488.0,11.44,11.54,11.23,11.33,15937187.0
2015-11-09,162078016.0,11.37,11.47,11.05,11.09,14340971.0
2015-11-06,156540064.0,11.23,11.30,11.01,11.01,13969272.0
2015-11-05,139419888.0,11.09,11.16,10.94,11.08,12625375.0
2015-11-04,121594264.0,11.04,11.07,10.65,10.65,11164299.0
2015-11-03,121940400.0,10.62,11.13,10.56,11.09,11271767.0
2015-11-02,129447224.0,11.04,11.42,11.00,11.20,11536307.0
2015-10-30,153266704.0,11.41,11.48,10.96,11.13,13597155.0
2015-10-29,113754048.0,11.13,11.33,11.08,11.21,10167351.0
2015-10-28,183264608.0,11.12,11.60,11.10,11.60,16107909.0
2015-10-27,238093936.0,11.67,11.77,11.15,11.31,20627058.0
2015-10-26,174938656.0,11.30,11.65,11.24,11.60,15274889.0
2015-10-23,209498656.0,11.45,11.59,11.14,11.35,18469524.0
2015-10-22,240171328.0,11.35,11.40,10.61,10.82,21787076.0
2015-10-21,413020512.0,10.88,12.28,10.83,11.90,35133176.0
2015-10-20,299718496.0,11.84,11.89,11.63,11.75,25457228.0
2015-10-19,487019616.0,11.90,11.97,11.45,11.89,41535628.0
2015-10-16,831439168.0,11.90,12.86,11.73,12.11,69315776.0
2015-10-15,14758750.0,12.50,12.50,12.50,12.50,1180700.0
2015-10-14,1515399.0,13.89,13.89,13.89,13.89,109100.0
2015-10-13,1658725.0,15.43,15.43,15.43,15.43,107500.0
2015-05-27,594151104.0,17.14,17.39,15.37,15.81,36095404.0
2015-05-26,370887296.0,15.81,15.93,15.19,15.37,23720890.0
2015-05-25,382133792.0,15.27,15.27,14.29,14.42,25563544.0
2015-05-22,357618176.0,14.69,15.39,14.38,15.05,24247126.0
2015-05-21,331190752.0,14.95,15.29,14.49,14.77,22228692.0
2015-05-20,364531264.0,14.79,14.99,14.28,14.28,24811864.0
2015-05-19,273542656.0,14.42,14.64,13.81,14.30,19171098.0
2015-05-18,375093408.0,14.41,14.56,13.62,13.88,26480584.0
2015-05-15,204203328.0,13.87,13.97,13.40,13.51,14912023.0
2015-05-14,241296352.0,13.71,13.86,13.12,13.49,17706584.0
2015-05-13,237885888.0,13.52,13.63,12.80,13.04,17817888.0
2015-05-12,197103088.0,13.22,13.58,13.09,13.12,14831956.0
2015-05-11,163362048.0,13.00,13.04,12.48,12.57,12767850.0
2015-05-08,152509648.0,12.48,12.57,12.06,12.29,12353099.0
2015-05-07,138658912.0,12.14,12.99,12.09,12.96,11173280.0
2015-05-06,146824224.0,12.84,13.43,12.79,13.28,11115940.0
2015-05-05,205797344.0,13.21,14.08,13.01,13.43,15150763.0
2015-05-04,176805392.0,13.68,13.86,13.29,13.68,12991060.0
2015-04-30,174438848.0,13.82,14.23,13.79,14.09,12461263.0
2015-04-29,176376000.0,13.96,14.21,13.65,13.81,12626341.0
2015-04-28,272824992.0,13.72,14.64,13.54,14.64,19391352.0
2015-04-27,441890080.0,14.84,15.49,14.24,14.48,29817544.0
2015-04-24,369494688.0,14.43,14.69,13.43,13.59,26161944.0
2015-04-23,287346144.0,13.83,14.23,13.39,13.58,20943958.0
2015-04-22,236069536.0,13.57,13.68,13.35,13.35,17439082.0
2015-04-21,233021792.0,13.35,13.46,12.87,12.89,17653312.0
2015-04-20,198085024.0,12.84,13.05,12.69,12.85,15382046.0
2015-04-17,241450608.0,13.04,13.33,12.84,12.95,18448224.0
2015-04-16,205149504.0,12.82,13.14,12.48,12.68,16011049.0
2015-04-15,260781664.0,12.70,13.57,12.68,13.09,19755310.0
2015-04-14,155458928.0,13.15,13.35,12.94,13.35,11793783.0
2015-04-13,203050416.0,13.38,13.73,13.12,13.20,15129047.0
2015-04-10,186969776.0,13.18,13.34,12.84,12.98,14262919.0
2015-04-09,259934928.0,13.12,13.64,12.39,13.54,19951136.0
2015-04-08,276397536.0,13.69,14.25,13.18,14.04,20173602.0
2015-04-07,385908160.0,14.03,14.40,13.15,13.15,27996380.0
2015-04-03,177380400.0,13.09,13.33,12.94,13.00,13529495.0
2015-04-02,224550896.0,13.16,13.32,12.75,12.95,17246202.0
2015-04-01,148904336.0,12.85,12.89,12.64,12.68,11637692.0
2015-03-31,169556928.0,12.76,13.01,12.49,12.73,13310967.0
2015-03-30,174052624.0,12.74,12.87,12.47,12.87,13761880.0
2015-03-27,303024672.0,12.88,13.24,12.61,12.61,23407378.0
2015-03-26,338707552.0,12.69,13.05,12.05,12.19,26732234.0
2015-03-25,206322592.0,12.33,12.43,11.89,12.08,16796898.0
2015-03-24,203799648.0,12.09,12.35,11.66,12.35,16906352.0
2015-03-23,230103680.0,12.36,12.47,12.05,12.14,18831132.0
2015-03-20,195280336.0,12.11,12.30,12.00,12.20,16079761.0
2015-03-19,235483376.0,12.36,12.49,11.86,12.03,19345336.0
2015-03-18,270604672.0,12.10,12.51,11.35,11.39,22686580.0
2015-03-17,192238160.0,11.47,11.54,11.15,11.45,16956116.0
2015-03-16,117958504.0,11.22,11.22,10.86,10.97,10615865.0
2015-03-13,59571884.0,10.96,10.97,10.75,10.87,5477740.0
2015-03-12,67138208.0,10.79,11.05,10.74,10.94,6165128.0
2015-03-11,77447176.0,10.92,11.25,10.85,11.19,7010843.0
2015-03-10,72625504.0,11.19,11.28,11.09,11.15,6469806.0
2015-03-09,49877004.0,11.10,11.18,10.80,11.09,4514317.0
2015-03-06,88109736.0,11.07,11.49,11.00,11.49,7849133.0
2015-03-05,141868848.0,11.39,11.47,11.05,11.15,12601854.0
2015-03-04,97450008.0,11.02,11.02,10.77,10.85,8941844.0
2015-03-03,82716864.0,10.85,11.08,10.84,11.00,7527103.0
2015-03-02,94759824.0,11.07,11.11,10.77,10.91,8621679.0
2015-02-27,72183056.0,10.94,11.03,10.75,10.89,6622687.0
2015-02-26,47182748.0,10.91,10.94,10.69,10.83,4366866.0
2015-02-25,60396540.0,10.81,11.09,10.79,10.99,5538722.0
2015-02-17,55047608.0,10.93,11.04,10.82,10.93,5038663.0
2015-02-16,78500528.0,10.92,11.08,10.62,10.70,7214924.0
2015-02-13,87442592.0,10.65,10.88,10.49,10.55,8205164.0
2015-02-12,72899424.0,10.53,10.54,10.22,10.45,7010820.0
2015-02-11,38221704.0,10.44,10.54,10.35,10.41,3656073.0
2015-02-10,27629410.0,10.42,10.44,10.22,10.38,2678147.0
2015-02-09,42205184.0,10.30,10.60,10.24,10.41,4044163.0
2015-02-06,47359980.0,10.37,10.61,10.33,10.46,4527895.0
2015-02-05,84496800.0,10.49,10.79,10.49,10.79,7974481.0
2015-02-04,156889264.0,10.81,11.55,10.79,11.10,14032673.0
2015-02-03,188615792.0,10.99,11.04,10.39,10.39,17440740.0
2015-02-02,75342368.0,10.38,10.74,10.20,10.33,7165565.0
2015-01-30,51291616.0,10.30,10.56,10.29,10.31,4908590.0
2015-01-29,44333792.0,10.43,10.51,10.29,10.39,4257198.0
2015-01-28,67939096.0,10.44,10.59,10.28,10.36,6490431.0
2015-01-27,110238520.0,10.33,10.60,10.25,10.59,10599691.0
2015-01-26,131186280.0,10.64,10.77,10.44,10.49,12379208.0
2015-01-23,306469504.0,10.84,10.99,10.34,10.79,28845678.0
2015-01-22,6346611.0,10.00,10.00,10.00,10.00,634027.0
2015-01-14,32036574.0,9.09,9.23,9.05,9.15,3497931.0
2015-01-13,37658600.0,9.15,9.22,8.92,8.98,4121187.0
2015-01-12,54902292.0,9.04,9.40,8.97,9.40,6022585.0
2015-01-09,56582312.0,9.42,9.81,9.42,9.53,5914118.0
2015-01-08,103266224.0,9.63,9.99,9.35,9.40,10600123.0
2015-01-07,45790216.0,9.44,9.56,9.30,9.38,4877390.0
2015-01-06,94622928.0,9.50,9.65,9.00,9.14,10083318.0
2015-01-05,101410872.0,9.33,9.47,8.59,8.98,11212350.0
2014-12-31,42155580.0,9.00,9.05,8.89,8.89,4678968.0
2014-12-30,64567628.0,8.93,9.41,8.90,9.41,7079756.0
2014-12-29,67328104.0,9.41,9.92,9.35,9.91,7077718.0
2014-12-26,36839392.0,9.84,9.93,9.82,9.90,3730952.0
2014-12-25,39567468.0,9.90,9.97,9.82,9.90,3998994.0
2014-12-24,53024848.0,9.94,9.99,9.72,9.83,5378087.0
2014-12-23,41993952.0,9.69,9.95,9.60,9.95,4298893.0
2014-12-22,70712736.0,9.92,10.61,9.90,10.32,6967480.0
2014-12-19,62875028.0,10.69,10.94,10.59,10.81,5842043.0
2014-12-18,91545648.0,10.92,10.92,10.57,10.69,8498536.0
2014-12-17,69098504.0,10.69,10.89,10.59,10.89,6420690.0
2014-12-16,90481088.0,10.89,10.95,10.72,10.75,8325789.0
2014-12-15,90936880.0,10.85,10.94,10.53,10.57,8442527.0
2014-12-12,92402776.0,10.57,10.65,10.43,10.56,8756136.0
2014-12-11,70697096.0,10.56,10.69,10.45,10.52,6694772.0
2014-12-10,132969656.0,10.74,10.79,10.04,10.04,12659553.0
2014-12-09,254842080.0,10.25,11.07,10.25,11.07,23844960.0
2014-12-08,266556928.0,11.25,11.87,11.17,11.68,23256552.0
2014-12-05,262233664.0,11.67,12.07,11.15,11.81,22393712.0
2014-12-04,265073024.0,11.77,11.93,11.24,11.25,22749112.0
2014-12-03,132116672.0,11.24,11.38,10.97,11.29,11826053.0
2014-12-02,96614504.0,11.29,11.37,11.26,11.31,8530546.0
2014-12-01,118553304.0,11.26,11.50,11.20,11.50,10500998.0
2014-11-28,245458544.0,11.50,11.67,11.22,11.28,21397322.0
2014-11-27,240058768.0,11.49,11.59,11.19,11.48,21125436.0
2014-11-26,235778880.0,11.41,11.44,10.94,11.08,21170832.0
2014-11-25,203873536.0,11.16,11.18,10.68,10.84,18739336.0
2014-11-24,168181024.0,10.86,11.19,10.79,11.14,15353032.0
2014-11-21,90984344.0,11.10,11.29,10.94,10.98,8201597.0
2014-11-20,58465916.0,10.98,11.10,10.93,10.99,5312639.0
2014-11-19,108926296.0,10.98,11.05,10.83,10.88,9954264.0
2014-11-18,81853288.0,10.88,11.13,10.81,11.07,7474189.0
2014-11-17,105316720.0,11.06,11.22,10.86,11.05,9520861.0
2014-11-14,123790704.0,11.19,11.30,10.72,11.14,11356453.0
2014-11-13,158128784.0,11.27,12.39,11.19,12.39,13737929.0
2014-11-12,67734240.0,12.38,12.54,12.34,12.49,5456614.0
2014-11-11,74013632.0,12.57,12.99,12.30,12.79,5824225.0
2014-11-10,42434392.0,12.79,12.82,12.72,12.74,3320893.0
2014-11-07,63401604.0,12.73,12.83,12.71,12.71,4969220.0
2014-11-06,36811852.0,12.71,12.79,12.64,12.78,2896601.0
2014-11-05,62968592.0,12.75,12.81,12.52,12.69,4956550.0
2014-11-04,82724008.0,12.70,12.84,12.54,12.84,6536682.0
2014-11-03,51313012.0,12.84,12.92,12.67,12.75,3998514.0
2014-10-31,74895232.0,12.80,12.98,12.70,12.97,5844836.0
2014-10-30,96109592.0,12.96,13.09,12.65,12.76,7447277.0
2014-10-29,145382096.0,12.76,13.04,12.67,12.99,11368691.0
2014-10-28,66717288.0,12.99,12.99,12.59,12.62,5193623.0
2014-10-27,139813792.0,12.72,13.78,12.49,13.78,10760686.0
2014-10-21,20935100.0,13.61,13.96,13.59,13.87,1519901.0
2014-10-20,34172560.0,13.90,13.91,13.71,13.83,2472144.0
2014-10-17,82891040.0,13.83,14.13,13.35,14.03,6008479.0
2014-10-16,86524704.0,14.10,14.34,13.81,14.25,6108766.0
2014-10-15,119476576.0,14.29,14.36,14.01,14.22,8401209.0
2014-10-14,123905424.0,14.24,14.39,13.90,13.90,8724519.0
2014-10-13,95319224.0,13.85,14.00,13.59,13.90,6914154.0
2014-10-10,119074168.0,13.99,14.45,13.96,14.22,8393152.0
2014-10-09,140852304.0,14.23,14.33,13.87,13.94,9975870.0
2014-10-08,128013400.0,13.92,14.02,13.57,13.59,9239619.0
2014-09-30,128201544.0,13.65,13.82,13.30,13.36,9496417.0
2014-09-29,223200128.0,13.66,13.76,12.69,13.08,16897250.0
2014-09-26,82687736.0,13.79,13.93,13.72,13.79,5967651.0
2014-09-25,122518488.0,13.83,13.95,13.54,13.61,8893664.0
2014-09-24,81165784.0,13.61,13.66,13.29,13.45,5985699.0
2014-09-23,59950280.0,13.44,13.53,13.27,13.31,4463480.0
2014-09-22,42787976.0,13.34,13.43,13.16,13.43,3222412.0
2014-09-19,45094220.0,13.43,13.59,13.30,13.57,3355776.0
2014-09-18,91218032.0,13.59,13.74,13.33,13.56,6733026.0
2014-09-17,58317588.0,13.53,13.58,12.83,13.09,4452111.0
2014-09-16,91166488.0,13.07,13.81,13.00,13.80,6777440.0
2014-09-15,146311344.0,13.76,14.09,13.64,13.69,10551719.0
2014-09-12,88601456.0,13.69,13.77,13.45,13.54,6482717.0
2014-09-11,79824032.0,13.59,13.66,13.34,13.62,5894213.0
2014-09-10,89633640.0,13.60,13.63,13.18,13.29,6682233.0
2014-09-09,45980140.0,13.33,13.40,13.19,13.40,3457098.0
2014-09-05,86803944.0,13.32,13.54,13.10,13.48,6534411.0
2014-09-04,81194976.0,13.40,13.54,13.28,13.38,6071297.0
2014-09-03,57464900.0,13.32,13.37,13.18,13.32,4325464.0
2014-09-02,42643220.0,13.31,13.33,13.17,13.19,3212888.0
2014-09-01,51701300.0,13.17,13.17,12.76,12.79,3988195.0
2014-08-29,53638152.0,12.79,13.11,12.58,13.03,4204930.0
2014-08-28,54153240.0,13.03,13.38,13.00,13.09,4114889.0
2014-08-27,80137248.0,13.09,13.61,13.04,13.60,6084102.0
2014-08-26,51922640.0,13.59,14.12,13.57,13.87,3733681.0
2014-08-25,51751016.0,13.87,14.21,13.74,13.97,3689510.0
2014-08-22,40305268.0,13.92,13.96,13.79,13.85,2899466.0
2014-08-21,37318176.0,13.86,13.95,13.69,13.92,2704929.0
2014-08-20,50434440.0,13.92,14.08,13.80,14.01,3613283.0
2014-08-19,65835236.0,13.99,14.15,13.74,13.87,4714565.0
2014-08-18,55703900.0,13.90,13.95,13.64,13.78,4032617.0
2014-08-15,40987404.0,13.75,13.81,13.50,13.50,2993964.0
2014-08-14,31443448.0,13.54,13.67,13.54,13.65,2309196.0
2014-08-13,42665948.0,13.67,13.75,13.55,13.73,3133214.0
2014-08-12,52026628.0,13.73,13.77,13.55,13.72,3812764.0
2014-08-11,78513912.0,13.72,14.03,13.57,14.03,5701184.0
2014-08-08,52372224.0,13.98,14.17,13.74,14.07,3773842.0
2014-08-07,63930348.0,14.07,14.61,13.89,13.93,4492981.0
2014-08-06,44812648.0,13.99,14.09,13.67,13.87,3225630.0
2014-08-05,50385724.0,13.92,14.09,13.67,13.89,3628243.0
2014-08-04,40214048.0,13.89,13.95,13.62,13.74,2903811.0
2014-08-01,61194148.0,13.67,13.99,13.54,13.75,4439358.0
2014-07-31,74281704.0,14.12,14.17,13.49,13.75,5416878.0
2014-07-30,178214192.0,14.20,14.75,13.90,13.90,12289818.0
2014-07-29,38932020.0,13.41,13.51,13.09,13.21,2916156.0
2014-07-28,48141596.0,13.27,13.41,12.94,13.09,3668659.0
2014-07-25,35943784.0,13.22,13.22,12.59,12.88,2772834.0
2014-07-24,22249728.0,12.87,13.00,12.55,13.00,1743020.0
2014-07-23,24750886.0,13.06,13.47,12.95,13.47,1869119.0
2014-07-22,37638916.0,13.47,13.74,13.13,13.28,2809210.0
2014-07-21,35996536.0,13.24,13.43,12.80,12.80,2747873.0
2014-07-18,36016608.0,12.94,12.97,12.65,12.86,2806507.0
2014-07-17,46988668.0,12.89,13.08,12.72,12.96,3631565.0
2014-07-16,84705352.0,13.08,13.21,12.55,13.21,6554578.0
2014-07-15,95637416.0,13.21,14.49,13.21,14.49,7066454.0
2014-07-14,53113456.0,14.68,15.18,14.50,15.09,3625966.0
2014-07-11,15938467.0,15.22,15.28,14.89,14.92,1056145.0
2014-07-10,13552414.0,15.12,15.18,14.85,15.14,899398.0
2014-07-09,33584780.0,15.12,15.29,14.99,14.99,2212805.0
2014-07-08,16805514.0,15.08,15.08,14.74,14.88,1124630.0
2014-07-07,46574848.0,14.88,15.31,14.69,15.31,3128008.0
2014-07-04,82364128.0,15.39,15.62,14.84,15.57,5440637.0
2014-07-03,37086488.0,15.49,15.93,15.49,15.93,2368417.0
2014-07-02,34133888.0,15.93,16.22,15.69,15.89,2138506.0
2014-07-01,37833100.0,15.89,16.19,15.79,16.16,2370901.0
2014-06-30,59501496.0,16.29,16.48,15.58,15.59,3723440.0
2014-06-27,27772136.0,15.59,15.61,15.08,15.12,1802565.0
2014-06-26,23939514.0,15.22,15.29,15.02,15.03,1577893.0
2014-06-25,11994988.0,15.02,15.12,14.75,14.82,802028.0
2014-06-24,24927114.0,14.99,15.18,14.72,14.90,1670330.0
2014-06-23,31854276.0,15.04,15.21,14.71,14.73,2122579.0
2014-06-20,27044392.0,14.70,14.98,14.30,14.68,1849445.0
2014-06-19,28398652.0,14.68,15.36,14.39,14.97,1915022.0
2014-06-18,50846532.0,14.99,15.47,14.79,15.44,3381021.0
2014-06-17,112199384.0,15.44,15.91,15.04,15.58,7263440.0
2014-06-16,157244960.0,15.91,15.92,14.77,14.77,9985298.0
2014-06-13,16374420.0,14.47,14.49,14.27,14.47,1134654.0
2014-06-12,23619118.0,14.39,14.61,14.09,14.11,1638013.0
2014-06-11,21391684.0,14.19,14.21,13.94,14.17,1512490.0
2014-06-10,59270136.0,14.12,14.57,13.85,14.19,4196250.0
2014-06-09,53621176.0,14.19,14.26,13.60,13.99,3803836.0
2014-06-06,43226296.0,13.99,14.19,13.32,13.59,3120950.0
2014-06-05,40997260.0,13.69,13.86,12.41,12.79,3067287.0
2014-06-04,19131154.0,12.80,12.93,12.35,12.86,1515694.0
2014-06-03,16465508.0,12.86,12.99,12.67,12.74,1278038.0
2014-05-30,9877034.0,12.64,12.89,12.62,12.79,776545.0
2014-05-29,18719212.0,12.75,13.02,12.64,12.70,1453562.0
2014-05-28,18622230.0,12.68,12.76,12.31,12.43,1479241.0
2014-05-27,15968762.0,12.44,12.70,12.37,12.54,1277024.0
2014-05-26,27552418.0,12.69,12.98,12.49,12.64,2175596.0
2014-05-23,13079288.0,12.67,12.67,12.29,12.45,1044947.0
2014-05-22,18539914.0,12.46,12.61,12.32,12.41,1484506.0
2014-05-21,17705870.0,12.41,12.74,12.41,12.53,1408979.0
2014-05-20,19069404.0,12.67,13.19,12.39,12.67,1498332.0
2014-05-19,24172648.0,12.52,12.63,11.91,12.22,1215987.0
2014-05-16,46302172.0,12.38,12.67,11.84,12.39,2345561.0
2014-05-15,18527848.0,12.44,13.05,12.34,12.67,906564.0
2014-05-14,17081574.0,12.77,13.05,12.54,12.89,830997.0
2014-05-13,39170704.0,12.93,13.67,12.83,12.87,1858585.0
2014-05-12,16453235.0,12.90,13.00,12.46,12.94,801591.0
2014-05-09,33702596.0,12.97,13.06,11.65,12.94,1687387.0
2014-05-08,16176699.0,12.94,12.94,12.46,12.70,792803.0
2014-05-07,15985567.0,12.70,12.98,12.60,12.95,776799.0
2014-05-06,24093656.0,12.95,13.14,12.80,12.86,1157005.0
2014-05-05,22271000.0,12.96,13.12,12.84,13.03,1071439.0
2014-04-30,22877602.0,13.03,13.27,12.77,12.89,1093453.0
2014-04-29,19340232.0,12.93,13.31,12.62,13.23,932016.0
2014-04-28,25363948.0,13.33,13.76,13.19,13.76,1184397.0
2014-04-25,33700704.0,13.76,13.88,13.46,13.55,1530655.0
2014-04-24,7761864.0,13.65,13.77,13.52,13.66,354602.0
2014-04-23,11169485.0,13.66,13.74,13.41,13.58,513443.0
2014-04-22,47013332.0,13.71,14.08,13.10,14.08,2177905.0
2014-04-21,38244468.0,14.19,14.64,14.08,14.55,1649925.0
2014-04-18,31444760.0,14.61,14.64,14.12,14.17,1353310.0
2014-04-17,19550582.0,14.28,14.57,14.07,14.07,847272.0
2014-04-16,16000576.0,14.04,14.17,13.78,13.99,712802.0
2014-04-15,42761784.0,13.99,14.44,13.83,14.44,1889688.0
2014-04-14,43207184.0,14.44,14.47,13.95,14.01,1888890.0
2014-04-11,27422588.0,13.99,14.02,13.70,13.83,1227112.0
2014-04-10,44605924.0,13.94,14.14,13.36,13.48,2008780.0
2014-04-09,27711392.0,13.52,13.63,13.09,13.13,1298043.0
2014-04-08,16480303.0,13.05,13.30,12.77,12.85,785003.0
2014-04-04,20501714.0,12.95,13.32,12.70,12.87,985255.0
2014-04-03,14003164.0,12.83,13.13,12.72,12.72,676098.0
2014-04-02,28371268.0,12.79,13.38,12.77,12.87,1362345.0
2014-04-01,24094878.0,12.80,13.25,12.54,12.75,1169642.0
2014-03-31,36995120.0,12.77,13.39,12.39,12.53,1792319.0
2014-03-28,54653216.0,12.96,13.47,12.22,13.47,2688609.0
2014-03-27,40239088.0,13.58,14.31,13.45,14.25,1817678.0
2014-03-26,19687902.0,14.32,14.35,14.04,14.19,860742.0
2014-03-25,55933900.0,14.19,14.67,14.14,14.19,2430331.0
2014-03-24,21024614.0,14.19,14.49,14.02,14.22,915328.0
2014-03-21,20705444.0,14.14,14.33,13.73,13.81,916831.0
2014-03-20,45779320.0,13.86,14.51,13.85,14.45,2029502.0
2014-03-19,68751288.0,14.54,15.25,13.71,15.14,2971596.0
2014-03-18,38272580.0,15.15,15.45,15.09,15.09,1558693.0
2014-03-17,53371240.0,15.36,15.73,15.03,15.31,2162315.0
2014-03-14,48584532.0,15.33,15.89,15.01,15.89,1970456.0
2014-03-13,133405672.0,15.98,15.99,14.27,14.62,5406556.0
2014-03-12,35732028.0,14.58,14.95,14.09,14.60,1527790.0
2014-03-11,36798480.0,14.67,14.79,13.87,14.38,1599577.0
2014-03-10,53855452.0,14.38,14.77,13.65,14.39,2355732.0
2014-03-07,66570528.0,14.64,14.88,14.16,14.34,2850331.0
2014-03-06,118676240.0,14.21,15.44,14.11,15.19,5075995.0
2014-03-05,141862816.0,15.50,15.68,14.36,14.64,5888963.0
2014-03-04,214933792.0,15.30,16.12,15.23,16.06,8557130.0
2014-02-25,240563312.0,14.66,15.50,13.90,14.11,10182798.0
2014-02-24,101170088.0,14.09,14.25,13.04,13.12,4591854.0
2014-02-21,84328888.0,13.48,13.81,13.12,13.40,3911459.0
2014-02-20,168008384.0,13.84,14.33,13.71,13.71,7455497.0
2014-02-19,36208024.0,13.03,13.37,12.77,12.82,1737265.0
2014-02-18,48071412.0,12.86,12.86,12.52,12.70,2356340.0
2014-02-17,67248824.0,12.72,12.93,12.36,12.72,3322549.0
2014-02-14,51660432.0,12.71,13.06,12.57,12.71,2526529.0
2014-02-13,68010040.0,12.90,13.20,12.66,12.90,3283917.0
2014-02-12,83045864.0,13.10,13.39,12.64,12.90,3981466.0
2014-02-11,81701208.0,13.01,13.09,12.22,12.35,3970909.0
2014-02-10,104835656.0,12.43,12.49,11.76,11.76,5332310.0
2014-02-07,31759438.0,11.75,11.99,11.61,11.99,1689188.0
2014-01-30,35980892.0,11.63,11.90,11.56,11.56,1907876.0
2014-01-29,50063140.0,11.63,11.96,11.51,11.53,2667768.0
2014-01-28,61419480.0,11.85,12.02,11.02,11.02,3320184.0
2014-01-27,45372848.0,11.02,11.51,10.97,11.39,2534573.0
2014-01-24,69348000.0,11.43,11.82,11.34,11.75,3753827.0
2014-01-23,29830758.0,11.74,11.77,11.50,11.59,1591493.0
2014-01-22,49361068.0,11.57,11.79,11.43,11.43,2652388.0
2014-01-21,18723486.0,11.48,11.71,11.28,11.28,1012560.0
2014-01-20,14864820.0,11.36,11.66,11.25,11.66,812569.0
2014-01-17,19498920.0,11.61,11.78,11.35,11.52,1049622.0
2014-01-16,38861556.0,11.53,11.84,11.35,11.46,2089782.0
2014-01-15,50181704.0,11.56,12.15,11.46,11.71,2654793.0
2014-01-14,54937016.0,11.59,11.62,10.69,10.69,3050376.0
2014-01-13,33000408.0,10.90,11.43,10.90,11.17,1847566.0
2014-01-10,55040100.0,11.17,11.32,10.98,11.22,3075440.0
2014-01-09,87634776.0,11.43,12.15,11.31,11.61,4626282.0
2014-01-08,96522296.0,11.64,11.65,11.18,11.22,5245921.0
2014-01-07,69684120.0,11.21,11.28,10.50,10.59,3926477.0
2014-01-06,114601280.0,10.81,11.21,10.47,10.49,6505104.0
2014-01-03,103194064.0,10.59,10.70,10.08,10.15,6131775.0
2014-01-02,69519168.0,10.10,10.47,9.97,10.19,4263358.0
2013-12-31,67182632.0,10.29,10.54,10.11,10.21,4038867.0
2013-12-30,64844308.0,10.30,10.32,9.91,9.96,3963156.0
2013-12-27,32718968.0,9.99,10.05,9.60,9.68,2065784.0
2013-12-26,38941308.0,9.75,10.12,9.75,10.07,2439283.0
2013-12-25,56705400.0,10.06,10.16,9.73,9.94,3514922.0
2013-12-24,57492980.0,9.94,10.11,9.76,9.77,3596147.0
2013-12-23,55279132.0,9.84,9.95,9.56,9.78,3530157.0
2013-12-20,23646494.0,9.78,9.89,9.60,9.64,1510647.0
2013-12-19,25569486.0,9.67,9.84,9.66,9.73,1639856.0
2013-12-18,73725192.0,9.80,10.07,9.47,9.48,4661600.0
2013-12-17,28180830.0,9.48,9.76,9.48,9.76,1825126.0
2013-12-16,35838036.0,9.76,9.83,9.63,9.83,2296718.0
2013-12-13,45115036.0,9.89,9.95,9.63,9.66,2863660.0
2013-12-12,84493752.0,9.83,10.11,9.60,9.69,5314460.0
2013-12-11,117538704.0,9.72,9.84,9.05,9.05,7669861.0
2013-12-10,30728164.0,9.04,9.26,9.00,9.25,2108765.0
2013-12-09,23853058.0,9.18,9.22,9.07,9.13,1622592.0
2013-12-06,35701736.0,9.15,9.18,8.96,9.07,2446483.0
2013-12-05,47663316.0,9.06,9.41,9.05,9.38,3228336.0
2013-12-04,44122676.0,9.36,9.53,9.25,9.33,2909501.0
2013-12-03,81456424.0,9.41,9.45,8.64,9.13,5625151.0
2013-12-02,112024560.0,9.23,9.78,9.21,9.78,7385208.0
2013-11-29,96992336.0,10.23,10.37,10.16,10.21,5895097.0
2013-11-28,95542768.0,10.25,10.37,10.02,10.27,5855029.0
2013-11-27,136463504.0,10.27,10.58,9.88,9.91,8309892.0
2013-11-26,56705520.0,9.93,9.96,9.72,9.75,3578798.0
2013-11-25,146095008.0,9.84,9.99,9.55,9.60,9310636.0
2013-11-22,142218784.0,9.95,10.21,9.95,9.98,8893118.0
2013-11-21,116859784.0,11.05,11.40,10.92,11.22,6542616.0
2013-11-20,56796304.0,11.43,11.68,11.28,11.53,3094682.0
2013-11-19,90083000.0,11.60,11.82,11.40,11.59,4842290.0
2013-11-18,170355664.0,11.71,11.93,11.15,11.71,9189654.0
2013-11-15,230861952.0,11.89,12.66,11.76,12.34,11981647.0
2013-11-14,70262176.0,12.62,12.77,12.15,12.15,3494769.0
2013-11-13,30350408.0,12.11,12.50,12.08,12.50,1546698.0
2013-11-12,75570896.0,12.71,12.90,12.39,12.87,3737453.0
2013-11-11,81679224.0,12.87,13.05,11.54,11.85,4088733.0
2013-11-08,50199040.0,12.18,12.60,11.84,12.52,2579201.0
2013-11-07,102244432.0,12.61,12.93,12.21,12.56,5063532.0
2013-11-06,137528224.0,12.82,13.40,12.24,12.34,6613744.0
2013-11-05,83131384.0,12.46,12.94,11.93,12.03,4139030.0
2013-11-04,89731448.0,12.20,12.59,11.53,11.67,4578545.0
2013-11-01,64269324.0,11.62,11.70,11.02,11.36,3549099.0
2013-10-31,53229624.0,11.58,12.42,11.46,12.42,2780646.0
2013-10-30,109433016.0,12.27,12.70,11.70,11.71,5541754.0
2013-10-29,76004984.0,11.71,11.84,10.90,11.23,4131637.0
2013-10-28,51512592.0,11.22,11.87,11.00,11.40,2843823.0
2013-10-25,37468152.0,11.55,11.95,11.44,11.62,2005770.0
2013-10-24,39299084.0,11.78,12.15,11.41,11.64,2073145.0
2013-10-23,105105960.0,11.78,12.40,11.40,12.31,5461394.0
2013-10-22,157088464.0,12.46,13.02,11.84,11.89,7813414.0
2013-10-21,92036536.0,12.05,12.37,11.27,11.40,4844662.0
2013-10-18,97220464.0,11.46,11.71,11.10,11.46,5330382.0
2013-10-17,128205968.0,11.51,12.27,11.50,12.07,6715731.0
2013-10-16,107139432.0,12.01,12.68,11.33,12.34,5557764.0
2013-10-15,135914016.0,12.59,13.21,12.27,12.95,6684497.0
2013-10-14,217093392.0,13.17,13.17,11.72,11.95,10500502.0
2013-10-11,124926776.0,11.98,12.40,11.22,11.36,6469065.0
2013-10-10,129183016.0,11.46,11.65,10.90,11.50,7098184.0
2013-10-09,155380288.0,11.58,11.99,10.66,10.77,8311226.0
2013-10-08,91652312.0,10.90,11.21,10.31,10.45,5315001.0
2013-09-30,85812464.0,10.47,10.81,10.22,10.37,5123832.0
2013-09-27,169498048.0,10.60,11.18,10.30,10.90,9936201.0
2013-09-26,208856144.0,10.85,10.85,9.72,9.84,12082576.0
2013-09-25,63243036.0,9.87,9.97,9.33,9.36,4096979.0
2013-09-24,19035240.0,9.39,9.50,9.30,9.36,1262152.0
2013-09-23,32941132.0,9.41,9.50,9.22,9.22,2188263.0
2013-09-18,9481626.0,9.15,9.15,9.03,9.03,648383.0
2013-09-17,8246965.0,9.07,9.25,8.97,9.22,565556.0
2013-09-16,16751462.0,9.11,9.25,9.07,9.17,1140457.0
2013-09-13,9997984.0,9.16,9.24,9.06,9.10,680164.0
2013-09-12,18598502.0,9.10,9.33,9.00,9.19,1265950.0
2013-09-11,22954458.0,9.20,9.53,9.08,9.40,1558473.0
2013-09-10,39801148.0,9.39,9.66,8.94,9.33,2669507.0
2013-09-09,32144308.0,9.30,9.36,9.15,9.29,2160561.0
2013-09-06,16341260.0,9.28,9.48,9.19,9.35,1097360.0
2013-09-05,18999086.0,9.43,9.44,9.17,9.22,1277482.0
2013-09-04,15131161.0,9.28,9.30,9.12,9.13,1025756.0
2013-09-03,27435974.0,9.22,9.22,9.00,9.08,1883044.0
2013-09-02,53972900.0,9.08,9.35,8.90,9.35,3718604.0
2013-08-30,20529722.0,9.41,9.75,9.27,9.66,1349185.0
2013-08-29,17500022.0,9.61,9.76,9.52,9.55,1136769.0
2013-08-28,30061062.0,9.66,9.78,9.44,9.64,1939222.0
2013-08-27,22296878.0,9.76,9.90,9.63,9.72,1426890.0
2013-08-26,36947732.0,9.83,9.94,9.61,9.74,2345262.0
2013-08-23,31268594.0,9.61,9.76,9.45,9.51,2022208.0
2013-08-22,11224908.0,9.53,9.76,9.45,9.53,733102.0
2013-08-21,19041724.0,9.64,9.68,9.39,9.43,1240750.0
2013-08-20,32882034.0,9.47,9.50,9.08,9.10,2186631.0
2013-08-19,28075628.0,9.17,9.28,8.69,9.02,1926500.0
2013-08-16,43611992.0,9.07,9.58,9.07,9.49,2951265.0
2013-08-15,25828716.0,9.49,9.64,9.41,9.41,1687520.0
2013-08-14,28681012.0,9.47,9.52,9.22,9.50,1908523.0
2013-08-13,17083860.0,9.47,9.62,9.41,9.62,1123970.0
2013-08-12,35352300.0,9.63,9.78,9.36,9.60,2321119.0
2013-08-09,26187692.0,9.63,9.81,9.41,9.66,1704674.0
2013-08-08,31035250.0,9.74,9.94,9.58,9.74,1985354.0
2013-08-07,44025560.0,9.74,9.83,9.43,9.83,2864199.0
2013-08-06,35867376.0,9.83,9.92,9.57,9.61,2295554.0
2013-08-05,38964596.0,9.78,9.88,9.41,9.72,2515960.0
2013-08-02,60916024.0,9.83,9.96,9.61,9.73,3878730.0
2013-08-01,114532800.0,9.99,10.30,9.60,9.77,7129749.0
2013-07-31,17438838.0,9.36,9.53,9.25,9.35,1153898.0
2013-07-30,29610184.0,9.33,9.67,8.87,9.67,1999554.0
2013-07-29,20723308.0,9.60,9.93,9.48,9.72,1338568.0
2013-07-26,30765152.0,9.77,9.94,9.40,9.71,1988470.0
2013-07-25,66450376.0,9.92,10.57,9.66,10.41,4111677.0
2013-07-24,56627636.0,10.49,10.69,10.34,10.47,3350710.0
2013-07-23,118702304.0,10.59,10.78,9.91,10.16,7032788.0
2013-07-22,72753928.0,10.16,10.21,9.60,9.84,4539785.0
2013-07-19,49445052.0,9.58,9.83,9.39,9.53,3219301.0
2013-07-18,27705844.0,9.60,9.69,9.36,9.69,1815672.0
2013-07-17,55603760.0,9.66,9.96,9.56,9.84,3571507.0
2013-07-16,51264680.0,10.00,10.27,9.66,9.78,3181012.0
2013-07-15,79909120.0,9.78,9.86,9.10,9.15,5155485.0
2013-07-12,38443304.0,9.17,9.35,8.97,9.05,2616540.0
2013-07-11,36070440.0,9.11,9.27,8.60,8.60,2480975.0
2013-07-10,31255186.0,8.69,8.85,8.28,8.37,2238654.0
2013-07-09,15878608.0,8.38,8.44,8.22,8.24,1189235.0
2013-07-08,32570810.0,8.26,8.60,8.01,8.54,2445048.0
2013-07-05,45832352.0,8.74,9.08,8.52,8.60,3249910.0
2013-07-04,55499132.0,8.66,8.84,8.41,8.76,4028045.0
2013-07-03,41178516.0,8.83,9.21,8.61,9.20,2904439.0
2013-07-02,35704532.0,9.22,9.40,9.16,9.29,2398962.0
2013-07-01,37817680.0,9.25,9.35,8.97,9.10,2566835.0
2013-06-28,39520176.0,9.24,9.58,8.65,9.33,2657080.0
2013-06-27,54087676.0,9.42,9.47,8.91,9.28,3636909.0
2013-06-26,86057120.0,9.35,9.53,8.47,8.57,5908156.0
2013-06-25,62844792.0,8.66,8.69,7.69,8.41,4708409.0
2013-06-24,73782352.0,8.54,9.03,8.17,9.03,5443639.0
2013-06-21,48664752.0,9.08,9.26,8.54,8.66,3389834.0
2013-06-20,59556412.0,8.91,9.09,8.57,8.79,4207277.0
2013-06-19,54647456.0,8.91,9.04,8.54,9.03,3892297.0
2013-06-18,83124080.0,9.04,9.63,8.90,9.51,5676928.0
2013-06-17,93086280.0,9.63,9.77,9.42,9.55,6063282.0
2013-06-14,125100760.0,9.66,9.81,9.12,9.20,8271250.0
2013-06-13,147299184.0,9.23,9.51,8.83,9.51,10026845.0
2013-06-07,264297472.0,9.81,10.27,9.71,9.93,16566423.0
2013-06-06,433831968.0,10.06,10.15,9.55,9.66,27615650.0
2013-06-05,67450216.0,9.38,9.38,9.38,9.38,4481742.0
2013-06-04,8575445.0,8.52,8.52,8.52,8.52,626860.0
2013-06-03,3498825.0,7.75,7.75,7.75,7.75,281256.0
2013-02-01,62772144.0,7.06,7.13,6.70,6.78,3699337.0
2013-01-31,17949920.0,6.76,6.80,6.60,6.78,1104577.0
2013-01-30,44054884.0,6.81,6.92,6.66,6.66,2661226.0
2013-01-29,36935232.0,6.62,6.76,6.46,6.50,2296642.0
2013-01-28,80409264.0,6.53,6.64,6.16,6.16,5095059.0
2013-01-25,12408190.0,6.69,6.75,6.52,6.56,765804.0
2013-01-24,26435922.0,6.54,6.86,6.53,6.77,1620973.0
2013-01-23,31561734.0,6.84,6.94,6.70,6.76,1906229.0
2013-01-22,59060628.0,6.75,7.17,6.72,6.89,3485845.0
2013-01-21,31021440.0,6.89,6.95,6.79,6.88,1855432.0
2013-01-18,45380628.0,6.91,6.96,6.72,6.96,2719127.0
2013-01-17,79226672.0,6.88,6.99,6.57,6.58,4788550.0
2013-01-16,32446500.0,6.54,6.70,6.48,6.66,2036785.0
2013-01-15,62069412.0,6.69,6.80,6.53,6.58,3841656.0
2013-01-14,84987928.0,6.60,6.64,6.20,6.27,5407610.0
2013-01-11,29950504.0,6.27,6.62,6.22,6.49,1921438.0
2013-01-10,19723238.0,6.42,6.58,6.37,6.54,1253960.0
2013-01-09,29429872.0,6.53,6.77,6.50,6.64,1818238.0
2013-01-08,16974674.0,6.64,6.66,6.45,6.49,1060113.0
2013-01-07,8527576.0,6.51,6.53,6.32,6.38,544960.0
2013-01-04,14420785.0,6.42,6.44,6.30,6.37,928725.0
2012-12-31,32275274.0,6.33,6.49,6.22,6.43,2108677.0
2012-12-28,19698634.0,6.43,6.53,6.29,6.49,1267485.0
2012-12-27,13184784.0,6.53,6.71,6.49,6.66,824479.0
2012-12-26,12468644.0,6.55,6.62,6.34,6.34,789068.0
2012-12-25,23753656.0,6.37,6.39,6.14,6.24,1550148.0
2012-12-24,9951190.0,6.23,6.39,6.21,6.29,649468.0
2012-12-21,14162919.0,6.32,6.37,6.17,6.23,926657.0
2012-12-20,11339025.0,6.23,6.31,6.01,6.12,753613.0
2012-12-19,15428559.0,6.17,6.35,6.04,6.06,1020748.0
2012-12-18,13857094.0,6.10,6.15,5.96,6.02,939467.0
2012-12-17,13794324.0,6.01,6.04,5.88,5.93,952125.0
2012-12-14,19349084.0,5.92,5.93,5.66,5.67,1362170.0
2012-12-13,13978334.0,5.68,5.87,5.65,5.84,1002186.0
2012-12-12,9847364.0,5.89,5.93,5.76,5.84,694744.0
2012-12-11,8842415.0,5.84,5.92,5.82,5.86,619227.0
2012-12-10,24906796.0,5.97,6.00,5.79,5.85,1742104.0
2012-12-07,12597459.0,5.80,5.84,5.70,5.79,897305.0
2012-12-06,5302128.0,5.74,5.87,5.70,5.77,378399.0
2012-12-05,9283876.0,5.84,5.92,5.59,5.66,656114.0
2012-12-04,5110768.0,5.66,5.67,5.49,5.59,378207.0
2012-12-03,2376501.0,5.56,5.75,5.55,5.75,172100.0
2012-11-30,6298299.0,5.72,5.75,5.57,5.57,453712.0
2012-11-29,3232230.0,5.54,5.81,5.51,5.69,235602.0
2012-11-28,4443475.0,5.71,5.87,5.55,5.69,318813.0
2012-11-27,8925410.0,5.76,6.00,5.75,6.00,628001.0
2012-11-26,5097322.0,6.05,6.37,6.05,6.24,339957.0
2012-11-23,4600851.0,6.35,6.61,6.33,6.41,294347.0
2012-11-22,3280804.0,6.41,6.51,6.33,6.47,209911.0
2012-11-21,5162451.0,6.42,6.53,6.35,6.53,330209.0
2012-11-20,4270676.0,6.51,6.55,6.46,6.53,269702.0
2012-11-19,3746261.0,6.49,6.60,6.43,6.54,236499.0
2012-11-16,4788549.0,6.52,6.68,6.38,6.57,300636.0
2012-11-15,6820453.0,6.49,6.62,6.31,6.37,430780.0
2012-11-14,7379943.0,6.45,6.49,6.28,6.28,476108.0
2012-11-13,3281288.0,6.49,6.73,6.44,6.73,205640.0
2012-11-12,4303458.0,6.70,6.71,6.51,6.51,266605.0
2012-11-09,2197245.0,6.58,6.67,6.53,6.57,136742.0
2012-11-08,9251396.0,6.60,6.81,6.49,6.74,573488.0
2012-11-07,9294388.0,6.82,6.84,6.70,6.83,563039.0
2012-11-06,34264664.0,6.82,6.94,6.72,6.76,2055852.0
2012-11-05,5841651.0,6.64,6.74,6.60,6.65,360168.0
2012-11-02,6008194.0,6.74,6.76,6.65,6.70,368636.0
2012-11-01,9080586.0,6.71,6.77,6.59,6.73,555722.0
2012-10-31,11806812.0,6.67,6.90,6.61,6.90,721860.0
2012-10-30,11646563.0,6.89,6.93,6.55,6.68,708547.0
2012-10-29,6411757.0,6.59,6.65,6.49,6.49,399304.0
2012-10-26,10998509.0,6.49,6.58,6.24,6.55,701620.0
2012-10-25,11194237.0,6.58,6.69,6.54,6.61,696875.0
2012-10-24,17993668.0,6.55,7.04,6.54,6.87,1098727.0
2012-10-23,11118293.0,7.01,7.18,6.99,7.15,646613.0
2012-10-22,23516424.0,7.11,7.23,6.91,6.99,1366600.0
2012-10-19,10050231.0,7.01,7.03,6.92,6.95,591284.0
2012-10-18,11136348.0,6.95,6.97,6.84,6.84,659859.0
2012-10-17,13444199.0,6.82,6.90,6.72,6.85,814697.0
2012-10-16,10727797.0,6.88,6.88,6.71,6.76,646588.0
2012-10-15,10393395.0,6.76,6.90,6.58,6.87,638003.0
2012-10-12,6822755.0,6.96,6.98,6.81,6.85,407194.0
2012-10-11,15133527.0,6.80,7.01,6.76,7.01,906390.0
2012-10-10,13935612.0,7.01,7.06,6.87,6.88,816771.0
2012-10-09,17206952.0,6.95,7.12,6.83,6.86,1013531.0
2012-10-08,22110438.0,6.87,6.90,6.50,6.55,1343889.0
2012-09-28,13416362.0,6.57,6.58,6.42,6.49,849291.0
2012-09-27,21989504.0,6.53,6.56,6.24,6.31,1400791.0
2012-09-26,22330580.0,6.34,6.65,6.20,6.65,1442999.0
2012-09-25,6842801.0,6.65,6.72,6.54,6.54,422622.0
2012-09-24,14759869.0,6.61,6.65,6.50,6.50,922425.0
2012-09-21,17922616.0,6.53,6.92,6.52,6.78,1088612.0
2012-09-20,13915094.0,6.80,7.11,6.74,7.11,830851.0
2012-09-19,12625141.0,7.10,7.23,7.02,7.15,728869.0
2012-09-18,9059799.0,7.03,7.10,6.96,6.99,530880.0
2012-09-17,16504999.0,7.03,7.26,7.00,7.25,960617.0
2012-09-14,33120136.0,7.22,7.66,7.07,7.59,1869930.0
2012-09-13,31439410.0,7.48,7.69,7.40,7.49,1705838.0
2012-09-12,26515478.0,7.49,7.56,7.40,7.46,1457345.0
2012-09-11,40125756.0,7.46,7.81,7.39,7.70,2174385.0
2012-09-10,49258852.0,7.68,7.74,7.27,7.32,2684248.0
2012-09-07,36748360.0,7.48,7.56,7.18,7.25,2038190.0
2012-09-06,11621765.0,7.16,7.35,7.07,7.22,666942.0
2012-09-05,9160307.0,7.15,7.32,7.05,7.07,524045.0
2012-09-04,12915943.0,7.13,7.43,7.13,7.22,731392.0
2012-09-03,17883778.0,7.22,7.23,6.82,6.87,1036619.0
2012-08-31,15848056.0,6.87,6.94,6.71,6.71,951826.0
2012-08-30,41875792.0,6.72,7.18,6.60,7.18,2504568.0
2012-08-29,9520131.0,7.18,7.44,7.15,7.27,537004.0
2012-08-28,17425874.0,7.29,7.35,7.05,7.05,1000624.0
2012-08-27,38214496.0,7.15,7.51,7.05,7.22,2155798.0
2012-08-24,29605976.0,7.21,7.49,7.21,7.49,1669174.0
2012-08-23,39090728.0,7.54,7.73,7.45,7.60,2125046.0
2012-08-22,57720984.0,7.73,7.83,7.40,7.43,3102621.0
2012-08-21,51726784.0,7.42,7.66,7.31,7.38,2819151.0
2012-08-20,23778132.0,7.39,7.43,7.05,7.11,1340768.0
2012-08-17,38333144.0,7.20,7.37,7.06,7.14,2173562.0
2012-08-16,17087076.0,7.20,7.34,7.19,7.27,969886.0
2012-08-15,45304256.0,7.37,7.75,7.35,7.59,2469287.0
2012-08-14,66490180.0,7.59,7.73,7.23,7.28,3660846.0
2012-08-13,37502704.0,7.28,7.64,7.28,7.64,2072419.0
2012-08-10,46164792.0,7.66,7.85,7.50,7.50,2457979.0
2012-08-09,53828060.0,7.55,7.68,7.17,7.18,2966114.0
2012-08-08,22624200.0,7.20,7.32,7.11,7.26,1294267.0
2012-08-07,68118488.0,7.32,7.45,7.07,7.13,3820472.0
2012-08-06,44978828.0,7.15,7.22,6.86,6.95,2617039.0
2012-08-03,66018180.0,6.99,7.13,6.64,6.65,3904716.0
2012-08-02,23414734.0,6.65,6.70,6.54,6.58,1451541.0
2012-08-01,26243242.0,6.69,6.69,6.24,6.25,1647134.0
2012-07-31,9908906.0,6.19,6.29,6.14,6.29,657533.0
2012-07-30,14546168.0,6.29,6.51,6.23,6.32,946173.0
2012-07-27,9311305.0,6.38,6.51,6.33,6.47,596444.0
2012-07-26,26114878.0,6.42,6.76,6.33,6.76,1644758.0
2012-07-25,30661906.0,6.66,6.77,6.39,6.46,1904984.0
2012-07-24,18659280.0,6.53,6.62,6.28,6.29,1178544.0
2012-07-23,14897028.0,6.34,6.50,6.23,6.29,961755.0
2012-07-20,31223300.0,6.42,6.66,6.29,6.38,1964490.0
2012-07-19,25534394.0,6.40,6.47,6.18,6.24,1653236.0
2012-07-18,32749582.0,6.25,6.37,5.88,5.98,2169480.0
2012-07-17,11422617.0,6.04,6.09,5.77,5.78,790079.0
2012-07-16,13920209.0,5.90,6.14,5.75,6.04,953924.0
2012-07-13,6072039.0,5.89,5.99,5.88,5.88,419281.0
2012-07-12,5265964.0,5.88,5.94,5.71,5.75,368619.0
2012-07-11,6563939.0,5.79,5.79,5.68,5.72,469873.0
2012-07-10,9746980.0,5.69,5.91,5.69,5.84,695493.0
2012-07-09,19323456.0,5.86,6.19,5.85,6.19,1323762.0
2012-07-06,18792228.0,6.23,6.35,5.93,6.35,1254597.0
2012-07-05,14180137.0,6.23,6.31,6.07,6.22,939160.0
2012-07-04,31863870.0,6.16,6.49,6.12,6.45,2086091.0
2012-07-03,50693536.0,6.37,6.37,6.01,6.05,3319666.0
2012-07-02,16256609.0,6.00,6.12,5.96,6.08,1105804.0
2012-06-29,22189378.0,6.00,6.12,5.84,6.12,1529521.0
2012-06-28,47309296.0,6.09,6.40,6.09,6.36,3105700.0
2012-06-27,97429040.0,6.47,6.65,6.06,6.06,6171389.0
2012-06-26,7928699.0,6.04,6.16,5.80,5.80,538954.0
2012-06-25,5286901.0,5.98,6.10,5.87,6.10,365027.0
2012-06-21,5927784.0,6.15,6.21,6.06,6.21,398399.0
2012-06-20,13850482.0,6.21,6.32,6.15,6.17,916022.0
2012-06-19,4514825.0,6.21,6.36,6.17,6.24,297327.0
2012-06-18,15488522.0,6.24,6.36,6.10,6.10,1017583.0
2012-06-15,2607090.0,6.10,6.17,6.00,6.03,176224.0
2012-06-14,7028722.0,6.07,6.23,5.96,6.14,470801.0
2012-06-13,6526518.0,6.14,6.15,5.83,5.89,445499.0
2012-06-12,9214776.0,5.92,5.93,5.65,5.82,649357.0
2012-06-11,3762133.0,5.86,5.95,5.75,5.75,262800.0
2012-06-08,4217201.0,5.77,5.79,5.67,5.67,301215.0
2012-06-07,2112863.0,5.70,5.78,5.68,5.75,152101.0
2012-06-06,3070405.0,5.72,5.92,5.67,5.87,220600.0
2012-06-05,3841663.0,5.76,5.91,5.73,5.84,272140.0
2012-06-04,3738827.0,5.86,5.94,5.80,5.94,261497.0
2012-06-01,4581483.0,6.08,6.37,5.97,6.02,307908.0
2012-05-31,7510727.0,6.01,6.04,5.89,5.92,518909.0
2012-05-30,2699124.0,5.97,6.03,5.95,6.01,185350.0
2012-05-29,8554092.0,6.02,6.04,5.92,5.94,589523.0
2012-05-28,6644853.0,5.96,6.00,5.68,5.79,470107.0
2012-05-25,9838415.0,5.87,6.16,5.87,6.16,676600.0
2012-05-24,6318833.0,6.16,6.23,6.13,6.17,421291.0
2012-05-23,5504803.0,6.22,6.31,6.14,6.26,361800.0
2012-05-22,5514518.0,6.25,6.32,6.21,6.21,362096.0
2012-05-21,8508135.0,6.25,6.30,6.12,6.13,562467.0
2012-05-18,13467900.0,6.16,6.42,6.04,6.39,897487.0
2012-05-17,14099949.0,6.42,6.49,6.31,6.31,899814.0
2012-05-16,14286478.0,6.40,6.43,6.30,6.43,453860.0
2012-05-15,11429904.0,6.39,6.40,6.28,6.29,364771.0
2012-05-14,10521562.0,6.40,6.45,6.27,6.35,336368.0
2012-05-11,8422932.0,6.31,6.40,6.28,6.37,270210.0
2012-05-10,10965161.0,6.40,6.47,6.35,6.47,348730.0
2012-05-09,13496197.0,6.35,6.45,6.27,6.44,432458.0
2012-05-08,33512962.0,6.44,6.64,6.28,6.37,1050896.0
2012-05-07,22219156.0,6.38,6.41,6.13,6.27,721502.0
2012-05-04,12910109.0,6.26,6.30,6.06,6.08,422158.0
2012-05-03,15357951.0,6.07,6.19,6.02,6.02,512918.0
2012-05-02,15787920.0,6.12,6.19,5.97,6.18,527625.0
2012-04-27,8154109.0,5.97,6.08,5.85,5.90,278224.0
2012-04-26,9461738.0,5.88,5.98,5.88,5.96,324169.0
2012-04-25,8484065.0,5.94,5.98,5.86,5.90,291708.0
2012-04-24,12534687.0,5.92,6.19,5.80,5.90,430983.0
2012-04-23,19390678.0,6.05,6.16,6.00,6.11,649455.0
2012-04-20,15070361.0,6.21,6.26,6.15,6.15,494088.0
2012-04-19,38176080.0,6.18,6.28,5.97,6.02,1262419.0
2012-04-18,8236072.0,6.02,6.03,5.89,5.89,280550.0
2012-04-17,11498197.0,5.86,6.02,5.84,5.92,396085.0
2012-04-16,7878839.0,5.93,6.00,5.91,6.00,269124.0
2012-04-13,18767420.0,6.00,6.00,5.85,5.86,640969.0
2012-04-12,16054124.0,5.88,5.90,5.75,5.75,559614.0
2012-04-11,6097626.0,5.72,5.78,5.57,5.73,217105.0
2012-04-10,9306468.0,5.77,5.78,5.55,5.70,335033.0
2012-04-09,14067856.0,5.76,5.93,5.60,5.77,493067.0
2012-04-06,12748499.0,5.79,5.84,5.74,5.81,448061.0
2012-04-05,18435964.0,5.78,5.78,5.55,5.57,658989.0
2012-03-30,31458950.0,5.56,5.80,5.40,5.70,1143998.0
2012-03-29,31654980.0,5.80,6.07,5.80,6.02,1091608.0
2012-03-27,15044321.0,6.44,6.57,6.41,6.54,472263.0
2012-03-26,15213717.0,6.49,6.55,6.41,6.49,477957.0
2012-03-23,35562400.0,6.55,6.78,6.47,6.78,1088533.0
2012-03-22,82836328.0,6.79,6.88,6.56,6.64,2489627.0
2012-03-21,54105892.0,6.64,6.65,6.37,6.44,1691523.0
2012-03-20,53727800.0,6.44,6.63,6.43,6.61,1678015.0
2012-03-19,84172328.0,6.58,6.72,6.35,6.61,2619740.0
2012-03-16,29295436.0,6.32,6.34,6.09,6.09,961432.0
2012-03-15,19438900.0,6.09,6.18,6.03,6.11,646395.0
2012-03-14,47541484.0,6.08,6.51,5.91,6.44,1527070.0
2012-03-13,22097440.0,6.41,6.42,6.34,6.39,704505.0
2012-03-12,29796538.0,6.39,6.39,6.29,6.36,955952.0
2012-03-09,21329064.0,6.35,6.35,6.26,6.35,687307.0
2012-03-08,19417386.0,6.29,6.31,6.21,6.21,629530.0
2012-03-07,25609148.0,6.21,6.34,6.21,6.22,828954.0
2012-03-06,29543696.0,6.30,6.36,6.26,6.27,951843.0
2012-03-05,51225172.0,6.30,6.41,6.26,6.33,1649975.0
2012-03-02,80171944.0,6.39,6.49,6.21,6.49,2585899.0
2012-03-01,30579354.0,6.43,6.49,6.25,6.33,977123.0
2012-02-29,31022974.0,6.31,6.55,6.29,6.52,993562.0
2012-02-28,33849376.0,6.52,6.61,6.43,6.51,1056945.0
2012-02-27,47852340.0,6.54,6.63,6.35,6.40,1499291.0
2012-02-24,25433092.0,6.35,6.43,6.23,6.23,814126.0
2012-02-23,30867718.0,6.26,6.37,6.22,6.24,999892.0
2012-02-22,31138122.0,6.21,6.28,6.11,6.11,1021693.0
2012-02-21,27920134.0,6.08,6.09,5.91,5.92,943745.0
2012-02-20,20147122.0,5.91,5.98,5.86,5.94,691653.0
2012-02-17,14554657.0,5.87,5.90,5.72,5.88,510038.0
2012-02-16,29523726.0,5.88,6.03,5.77,6.01,1019920.0
2012-02-15,13740024.0,5.99,6.04,5.95,5.95,466422.0
2012-02-14,11221986.0,5.98,6.04,5.92,6.00,382676.0
2012-02-13,24560334.0,6.00,6.10,5.70,5.72,834069.0
2012-02-10,14503686.0,5.79,5.80,5.64,5.66,513676.0
2012-02-09,25154490.0,5.70,5.82,5.50,5.72,896765.0
2012-02-08,12499965.0,5.74,5.76,5.60,5.60,445380.0
2012-02-07,11581375.0,5.59,5.69,5.54,5.69,421953.0
2012-02-06,20634956.0,5.70,5.78,5.54,5.54,736655.0
2012-02-03,15520163.0,5.58,5.61,5.35,5.39,573549.0
2012-02-02,8078059.0,5.39,5.39,5.25,5.25,308678.0
2012-02-01,9999402.0,5.29,5.42,5.23,5.28,381111.0
2012-01-31,6063276.0,5.28,5.32,5.19,5.27,235166.0
2012-01-30,23282816.0,5.32,5.39,5.16,5.20,895847.0
2012-01-20,20088902.0,5.20,5.22,5.03,5.21,799175.0
2012-01-19,22716210.0,5.21,5.47,5.09,5.37,883371.0
2012-01-18,20098874.0,5.49,5.90,5.19,5.51,752764.0
2012-01-17,17931828.0,5.43,5.45,4.81,5.19,700149.0
2012-01-16,10151328.0,5.27,5.55,5.27,5.31,385518.0
2012-01-13,20573846.0,5.55,5.86,5.52,5.62,738859.0
2012-01-12,12104497.0,5.55,5.70,5.54,5.65,440915.0
2012-01-11,16689874.0,5.69,5.78,5.49,5.49,607813.0
2012-01-10,13049601.0,5.57,5.58,5.36,5.36,482619.0
2012-01-09,9961236.0,5.43,5.46,5.15,5.31,376670.0
2012-01-06,2668450.0,5.26,5.29,5.13,5.20,104488.0
2012-01-05,7155291.0,5.27,5.45,5.05,5.32,279020.0
2012-01-04,5930342.0,5.34,5.65,5.34,5.45,218519.0
2011-12-30,4235914.0,5.36,5.42,5.31,5.31,161022.0
2011-12-29,3396479.0,5.31,5.37,5.27,5.27,130221.0
2011-12-28,3209072.0,5.22,5.38,5.12,5.18,125501.0
2011-12-27,2498363.0,5.29,5.47,5.28,5.28,94977.0
2011-12-26,4097195.0,5.46,5.55,5.39,5.40,152336.0
2011-12-23,3131461.0,5.48,5.53,5.36,5.36,116686.0
2011-12-22,8827943.0,5.40,5.59,5.21,5.55,336939.0
2011-12-21,5161382.0,5.55,5.81,5.55,5.74,184700.0
2011-12-20,3925076.0,5.70,5.76,5.62,5.63,140049.0
2011-12-19,6412519.0,5.68,5.71,5.53,5.69,233262.0
2011-12-16,6130605.0,5.71,5.71,5.50,5.53,222893.0
2011-12-15,6049106.0,5.52,5.59,5.44,5.50,224140.0
2011-12-14,13868066.0,5.56,5.84,5.53,5.84,497062.0
2011-12-13,9013127.0,5.80,6.09,5.80,6.01,311264.0
2011-12-12,3586405.0,6.13,6.37,6.13,6.37,117330.0
2011-12-09,4452700.0,6.34,6.46,6.22,6.46,142200.0
2011-12-08,3353201.0,6.46,6.51,6.32,6.32,106430.0
2011-12-07,2291367.0,6.39,6.45,6.31,6.43,73431.0
2011-12-06,3659109.0,6.41,6.46,6.12,6.30,117690.0
2011-12-05,4081718.0,6.37,6.67,6.31,6.53,129283.0
2011-12-02,5829126.0,6.54,6.59,6.41,6.53,182533.0
2011-12-01,9279691.0,6.54,6.72,6.53,6.63,284390.0
2011-11-30,11709666.0,6.50,6.78,6.36,6.70,362172.0
2011-11-29,6638704.0,6.74,6.74,6.62,6.71,201856.0
2011-11-28,4134923.0,6.68,6.71,6.58,6.65,126466.0
2011-11-25,5901682.0,6.65,6.71,6.59,6.65,180576.0
2011-11-24,7507325.0,6.65,6.69,6.41,6.49,232669.0
2011-11-23,9287072.0,6.66,6.70,6.61,6.67,284300.0
2011-11-22,15346816.0,6.64,6.75,6.55,6.71,470889.0
2011-11-21,6049026.0,6.73,6.82,6.61,6.80,184149.0
2011-11-18,10316978.0,6.81,7.03,6.63,7.03,308568.0
2011-11-17,11553453.0,7.03,7.11,6.86,6.88,336202.0
2011-11-16,13323849.0,6.93,7.11,6.82,7.10,390282.0
2011-11-15,17915668.0,7.11,7.16,6.92,7.00,515371.0
2011-11-14,14089591.0,6.98,6.99,6.82,6.90,413556.0
2011-11-11,11701981.0,6.83,6.91,6.75,6.91,348785.0
2011-11-10,16950388.0,6.85,6.96,6.80,6.88,501639.0
2011-11-09,22736624.0,6.96,6.97,6.70,6.70,673417.0
2011-11-08,14192328.0,6.70,6.80,6.62,6.67,429358.0
2011-11-07,13160573.0,6.66,6.81,6.41,6.70,398243.0
2011-11-04,9444137.0,6.65,6.70,6.56,6.61,290587.0
2011-11-03,29562154.0,6.60,6.81,6.39,6.41,911941.0
2011-11-02,16971146.0,6.41,6.41,6.11,6.19,551793.0
2011-11-01,5498760.0,6.25,6.31,6.14,6.19,179350.0
2011-10-31,6246150.0,6.28,6.29,6.21,6.28,203381.0
2011-10-28,7945066.0,6.20,6.26,6.13,6.23,260888.0
2011-10-27,6893179.0,6.15,6.25,6.11,6.18,227490.0
2011-10-26,15667776.0,6.25,6.31,6.08,6.31,515440.0
2011-10-25,6749944.0,6.22,6.27,6.02,6.07,222905.0
2011-10-24,5836566.0,6.02,6.04,5.86,5.96,199792.0
2011-10-21,4823873.0,5.90,6.07,5.84,6.04,165870.0
2011-10-20,6033241.0,6.06,6.11,5.98,6.01,202691.0
2011-10-19,2821343.0,6.07,6.18,6.00,6.18,94720.0
2011-10-18,3242297.0,6.12,6.23,6.07,6.23,107430.0
2011-10-17,1913258.0,6.24,6.35,6.15,6.35,62620.0
2011-10-14,3739227.0,6.21,6.31,6.11,6.27,123073.0
2011-10-13,9456066.0,6.26,6.36,6.09,6.10,307870.0
2011-10-12,7695198.0,6.05,6.14,5.79,5.79,259599.0
2011-10-11,2006118.0,5.90,6.10,5.84,6.10,68780.0
2011-10-10,2484280.0,5.90,6.08,5.90,6.08,84839.0
2011-09-30,4231349.0,6.09,6.10,5.90,6.00,143820.0
2011-09-29,9336224.0,6.16,6.16,5.80,6.11,319197.0
2011-09-28,3396463.0,6.17,6.38,6.14,6.33,110842.0
2011-09-27,7721954.0,6.27,6.40,6.23,6.37,249891.0
2011-09-26,12963048.0,6.37,6.49,6.23,6.35,415419.0
2011-09-23,11591849.0,6.46,6.56,6.31,6.56,367435.0
2011-09-22,6301735.0,6.64,6.90,6.56,6.90,191561.0
2011-09-21,11470462.0,6.88,6.93,6.67,6.67,342101.0
2011-09-20,4959282.0,6.75,6.81,6.57,6.61,150600.0
2011-09-19,2242391.0,6.57,6.68,6.57,6.68,69020.0
2011-09-16,1958919.0,6.69,6.76,6.67,6.74,59480.0
2011-09-15,3619676.0,6.67,6.81,6.67,6.72,109588.0
2011-09-14,4852739.0,6.72,6.79,6.55,6.72,148146.0
2011-09-13,4668203.0,6.69,6.87,6.56,6.80,141106.0
2011-09-09,6462853.0,6.89,7.09,6.82,6.95,190174.0
2011-09-08,3991676.0,7.04,7.19,6.93,7.12,115000.0
2011-09-07,4961650.0,7.12,7.12,6.92,6.96,143399.0
2011-09-06,3835328.0,6.91,6.96,6.86,6.91,113061.0
2011-09-05,8587516.0,6.90,7.02,6.82,6.86,253603.0
2011-09-02,3799667.0,6.93,6.94,6.84,6.93,112061.0
2011-09-01,6082972.0,6.98,7.12,6.92,7.12,177144.0
2011-08-31,12616950.0,7.00,7.20,6.94,7.12,366862.0
2011-08-30,11205752.0,7.18,7.43,7.08,7.42,314811.0
2011-08-29,18073418.0,7.36,7.42,7.16,7.16,502828.0
2011-08-26,7280187.0,7.25,7.26,7.08,7.16,205214.0
2011-08-25,16471237.0,7.16,7.30,7.08,7.26,467686.0
2011-08-24,30487938.0,7.27,7.34,7.06,7.06,857399.0
2011-08-23,6169096.0,6.99,7.03,6.84,6.92,180953.0
2011-08-22,13724858.0,6.89,7.04,6.80,6.80,403149.0
2011-08-19,17515438.0,6.80,6.88,6.57,6.63,526932.0
2011-08-18,9408537.0,6.90,7.03,6.86,7.03,276260.0
2011-08-17,13137834.0,6.99,7.03,6.93,7.03,384015.0
2011-08-16,8813920.0,6.98,7.09,6.95,7.08,255760.0
2011-08-15,26143974.0,7.04,7.14,6.94,7.00,758650.0
2011-08-12,17688126.0,7.02,7.18,7.01,7.16,509033.0
2011-08-11,22374744.0,7.13,7.16,6.74,6.81,651206.0
2011-08-10,21313938.0,6.83,6.92,6.60,6.60,636320.0
2011-08-09,9839324.0,6.60,6.71,6.23,6.53,305551.0
2011-08-08,19672516.0,6.74,6.86,6.42,6.72,598017.0
2011-08-05,16609815.0,6.89,6.92,6.53,6.64,500876.0
2011-08-04,9113655.0,6.80,6.83,6.72,6.83,273192.0
2011-08-03,6404095.0,6.80,6.83,6.66,6.70,192211.0
2011-08-02,8276903.0,6.74,6.75,6.52,6.74,254033.0
2011-08-01,8974241.0,6.71,6.77,6.56,6.56,272872.0
2011-07-29,6467263.0,6.69,6.79,6.64,6.78,196719.0
2011-07-28,9133784.0,6.77,6.80,6.61,6.62,276051.0
2011-07-27,9888309.0,6.73,6.78,6.48,6.56,301877.0
2011-07-26,11694239.0,6.57,6.72,6.46,6.71,363529.0
2011-07-25,28967556.0,6.71,6.94,6.70,6.89,869255.0
2011-07-22,24084688.0,6.90,7.00,6.81,6.90,713451.0
2011-07-21,35221052.0,7.00,7.02,6.56,6.61,1049632.0
2011-07-20,16189440.0,6.60,6.61,6.43,6.43,504827.0
2011-07-19,13521235.0,6.42,6.55,6.40,6.51,427063.0
2011-07-18,15839649.0,6.53,6.78,6.51,6.71,487734.0
2011-07-15,9045243.0,6.59,6.66,6.49,6.59,278838.0
2011-07-14,14235866.0,6.58,6.59,6.45,6.45,443403.0
2011-07-13,14294489.0,6.44,6.49,6.34,6.43,451728.0
2011-07-12,19902586.0,6.34,6.42,6.15,6.25,636027.0
2011-07-11,14409740.0,6.28,6.32,6.19,6.32,470542.0
2011-07-08,6849296.0,6.33,6.37,6.29,6.31,220660.0
2011-07-07,16566663.0,6.34,6.49,6.25,6.28,530876.0
2011-07-06,7066828.0,6.31,6.35,6.21,6.26,229260.0
2011-07-05,13305678.0,6.29,6.40,6.25,6.35,429611.0
2011-07-01,9267735.0,6.21,6.27,6.08,6.08,304845.0
2011-06-30,9027254.0,6.16,6.17,5.92,5.95,301003.0
2011-06-29,10500340.0,6.01,6.10,5.97,6.01,352884.0
2011-06-28,5042468.0,5.99,6.01,5.91,5.91,172497.0
2011-06-27,13074524.0,6.01,6.08,5.81,5.88,444088.0
2011-06-24,9554776.0,5.86,5.88,5.70,5.74,333929.0
2011-06-23,9442766.0,5.75,5.77,5.50,5.54,337421.0
2011-06-22,1985168.0,5.50,5.61,5.50,5.60,72831.0
2011-06-21,3651240.0,5.61,5.65,5.52,5.60,133459.0
2011-06-20,3014292.0,5.54,5.61,5.50,5.53,110820.0
2011-06-17,2023473.0,5.53,5.65,5.51,5.62,73749.0
2011-06-16,7374970.0,5.61,5.78,5.59,5.78,265671.0
2011-06-15,3980336.0,5.79,5.83,5.76,5.80,140029.0
2011-06-14,2678292.0,5.82,5.84,5.76,5.76,93810.0
2011-06-13,5520972.0,5.82,5.83,5.68,5.76,195215.0
2011-06-10,3254021.0,5.80,5.89,5.70,5.89,114038.0
2011-06-09,7906984.0,5.88,5.97,5.87,5.95,224055.0
2011-06-08,2316698.0,5.95,5.96,5.85,5.96,65660.0
2011-06-07,2322911.0,5.95,5.97,5.91,5.91,65349.0
2011-06-03,4469309.0,5.95,5.98,5.89,5.89,125666.0
2011-06-02,5232638.0,5.89,5.91,5.75,5.85,149929.0
2011-06-01,4902698.0,5.91,5.91,5.82,5.82,139439.0
2011-05-31,4376091.0,5.85,5.92,5.76,5.77,125859.0
2011-05-30,7808622.0,5.76,5.89,5.72,5.78,224900.0
2011-05-27,6408377.0,5.79,5.89,5.77,5.89,184378.0
2011-05-26,9524203.0,5.89,6.00,5.85,5.97,268958.0
2011-05-24,12911343.0,6.09,6.17,5.85,5.94,358966.0
2011-05-23,12474462.0,6.01,6.25,5.95,6.25,344763.0
2011-05-20,5894479.0,6.26,6.38,6.26,6.35,156683.0
2011-05-19,4394310.0,6.34,6.40,6.32,6.37,115565.0
2011-05-18,3577926.0,6.37,6.38,6.32,6.38,93900.0
2011-05-17,4510992.0,6.35,6.41,6.32,6.41,118570.0
2011-05-16,3655728.0,6.36,6.41,6.35,6.39,95899.0
2011-05-13,6881442.0,6.39,6.40,6.25,6.35,182051.0
2011-05-12,7789455.0,6.34,6.48,6.34,6.42,203348.0
2011-05-11,6636980.0,6.48,6.52,6.39,6.46,171986.0
2011-05-10,5385162.0,6.46,6.46,6.38,6.38,140309.0
2011-05-09,7077869.0,6.40,6.45,6.32,6.34,184678.0
2011-05-06,13521108.0,6.34,6.40,6.26,6.31,357242.0
2011-05-05,7663675.0,6.41,6.46,6.35,6.37,200005.0
2011-05-04,7275360.0,6.41,6.55,6.37,6.52,188249.0
2011-05-03,9681548.0,6.61,6.62,6.50,6.57,246661.0
2011-04-29,15732673.0,6.56,6.58,6.18,6.54,409101.0
2011-04-28,19150602.0,6.50,6.78,6.50,6.76,485550.0
2011-04-27,9829797.0,6.76,6.90,6.69,6.85,241323.0
2011-04-26,13472479.0,6.80,6.89,6.74,6.84,330449.0
2011-04-25,32291866.0,6.85,6.93,6.80,6.86,785276.0
2011-04-22,96800704.0,6.90,7.44,6.83,7.44,2296185.0
2011-04-21,29443822.0,7.57,7.74,7.52,7.72,647259.0
2011-04-20,17545862.0,7.72,7.77,7.60,7.77,383709.0
2011-04-19,19118200.0,7.74,7.91,7.67,7.88,412657.0
2011-04-18,8069918.0,7.94,7.97,7.81,7.82,170606.0
2011-04-15,7174654.0,7.86,7.88,7.80,7.84,152931.0
2011-04-14,7630233.0,7.84,8.00,7.84,8.00,161680.0
2011-04-13,8391173.0,7.97,7.99,7.86,7.89,176749.0
2011-04-12,8874549.0,7.86,8.02,7.86,7.94,188139.0
2011-04-11,10833123.0,8.02,8.12,8.01,8.07,224709.0
2011-04-08,7999657.0,8.06,8.08,8.00,8.03,166115.0
2011-04-07,9306062.0,8.03,8.10,7.94,7.95,193560.0
2011-04-06,8650488.0,7.94,8.00,7.86,7.97,182070.0
2011-04-01,6742074.0,7.99,7.99,7.88,7.94,141827.0
2011-03-31,14559137.0,7.93,7.97,7.78,7.79,307367.0
2011-03-30,10799059.0,7.83,7.92,7.76,7.86,230952.0
2011-03-29,34512044.0,7.87,8.19,7.84,8.19,723041.0
2011-03-28,35691292.0,8.19,8.55,8.17,8.54,714494.0
2011-03-25,15387633.0,8.54,8.60,8.44,8.48,301287.0
2011-03-24,20659026.0,8.52,8.59,8.45,8.48,404507.0
2011-03-23,10375944.0,8.48,8.50,8.38,8.46,205343.0
2011-03-22,17587026.0,8.42,8.57,8.40,8.57,348601.0
2011-03-21,16913716.0,8.57,8.64,8.44,8.47,329782.0
2011-03-18,10524712.0,8.47,8.56,8.46,8.53,207282.0
2011-03-17,20950126.0,8.47,8.64,8.44,8.49,409621.0
2011-03-16,14143961.0,8.57,8.59,8.48,8.49,276342.0
2011-03-15,35081732.0,8.54,8.73,8.44,8.73,684621.0
2011-03-14,19014484.0,8.70,8.72,8.56,8.58,367178.0
2011-03-11,23249384.0,8.61,8.73,8.56,8.63,450544.0
2011-03-10,29530052.0,8.63,8.83,8.63,8.70,565841.0
2011-03-09,32734292.0,8.74,8.85,8.69,8.81,625491.0
2011-03-08,106890248.0,8.86,9.03,8.76,8.76,2005820.0
2011-03-07,66644440.0,8.74,8.75,8.47,8.62,1298036.0
2011-03-04,35979440.0,8.55,8.61,8.43,8.53,706559.0
2011-03-03,64826212.0,8.51,8.61,8.34,8.41,1275054.0
2011-03-02,28319472.0,8.44,8.47,8.34,8.37,563397.0
2011-03-01,32779882.0,8.36,8.50,8.31,8.41,652782.0
2011-02-28,24617832.0,8.37,8.40,8.23,8.27,494280.0
2011-02-25,19443516.0,8.29,8.36,8.19,8.34,393738.0
2011-02-24,32262678.0,8.34,8.40,8.19,8.39,650255.0
2011-02-23,21695652.0,8.34,8.41,8.28,8.28,434711.0
2011-02-22,51110332.0,8.31,8.79,8.31,8.71,1002683.0
2011-02-21,43789204.0,8.59,8.63,8.51,8.51,854054.0
2011-02-18,53869688.0,8.50,8.74,8.46,8.74,1049700.0
2011-02-17,44112940.0,8.61,8.61,8.44,8.51,863373.0
2011-02-16,31246584.0,8.49,8.52,8.29,8.33,621280.0
2011-02-15,45530192.0,8.35,8.60,8.33,8.35,900866.0
2011-02-14,38559592.0,8.37,8.40,8.23,8.36,773193.0
2011-02-11,36546980.0,8.32,8.33,8.20,8.28,739327.0
2011-02-10,37982560.0,8.27,8.28,7.97,8.07,779164.0
2011-02-09,30854638.0,8.02,8.12,7.91,8.02,642516.0
2011-02-01,35862936.0,8.18,8.30,8.14,8.29,730422.0
2011-01-31,81724408.0,8.36,8.38,7.86,7.86,1664934.0
2011-01-28,28921070.0,7.91,8.00,7.83,7.95,611752.0
2011-01-27,27884666.0,7.97,8.08,7.81,7.84,586211.0
2011-01-26,38389780.0,7.82,7.99,7.69,7.69,816859.0
2011-01-25,29612270.0,7.69,7.75,7.58,7.66,645705.0
2011-01-24,50417020.0,7.66,8.12,7.66,7.99,1069737.0
2011-01-21,64308588.0,7.98,8.17,7.86,7.86,1345482.0
2011-01-20,66291132.0,8.02,8.32,7.99,8.32,1357977.0
2011-01-19,79809744.0,8.34,8.37,8.17,8.19,1615372.0
2011-01-18,112105360.0,8.19,8.36,8.03,8.36,2287376.0
2011-01-17,165847600.0,8.52,8.74,8.28,8.51,3279010.0
2011-01-14,337741856.0,8.81,9.39,8.81,9.36,6344591.0
2011-01-13,626364288.0,9.79,9.95,9.19,9.41,10825154.0
