date,open,high,close,low,volume,amount
2015-11-27,14.16,14.53,13.07,12.86,27523454.0,379440704.0
2015-11-26,14.85,14.93,14.28,14.25,27083682.0,392732160.0
2015-11-25,14.50,14.95,14.83,14.48,27374688.0,402912064.0
2015-11-24,14.65,14.80,14.65,14.01,26052880.0,378077184.0
2015-11-23,15.27,15.30,14.47,14.40,38989720.0,580755008.0
2015-11-20,14.81,15.40,15.27,14.50,48461312.0,722631104.0
2015-11-19,14.44,15.30,14.90,14.44,47195000.0,703788736.0
2015-11-18,14.45,14.79,14.32,14.03,32196126.0,463633952.0
2015-11-17,15.72,15.95,14.65,14.42,82241472.0,1251674368.0
2015-11-16,13.27,14.80,14.80,13.15,52310088.0,745536896.0
2015-11-13,13.06,14.08,13.45,13.00,49234952.0,664774912.0
2015-11-12,13.59,13.69,13.26,13.00,42550516.0,565214592.0
2015-11-11,13.23,13.97,13.67,13.18,41837128.0,567071744.0
2015-11-10,13.02,13.77,13.36,12.95,47801576.0,639094400.0
2015-11-09,13.80,14.23,13.36,13.01,80031632.0,1085935488.0
2015-11-06,11.85,12.94,12.94,11.85,22531576.0,284447648.0
2015-11-05,11.70,11.85,11.76,11.35,28305088.0,328725312.0
2015-11-04,10.96,11.64,11.64,10.96,21353824.0,242900816.0
2015-11-03,11.09,11.18,10.87,10.75,16263876.0,178307728.0
2015-11-02,11.10,11.58,11.00,10.90,18606852.0,208672656.0
2015-10-30,11.58,11.86,11.46,11.22,22992884.0,265058192.0
2015-10-29,12.08,12.16,11.67,11.50,26294244.0,309805536.0
2015-10-28,11.85,12.40,11.85,11.74,37483432.0,453086048.0
2015-10-27,12.06,12.15,11.97,11.18,34756684.0,408473280.0
2015-10-26,11.82,12.34,12.20,11.70,47639816.0,573109632.0
2015-10-23,11.10,11.90,11.61,11.00,40275596.0,458991808.0
2015-10-22,10.56,11.05,10.99,10.52,29351214.0,317520384.0
2015-10-21,11.70,11.87,10.60,10.60,42641560.0,478351296.0
2015-10-20,11.37,12.10,11.78,11.36,46988664.0,554910272.0
2015-10-19,11.50,11.51,11.37,11.08,32015156.0,361971616.0
2015-10-16,11.85,11.94,11.61,11.21,37764644.0,434758464.0
2015-10-15,11.01,11.71,11.71,11.01,34665032.0,398854144.0
2015-10-14,11.70,12.27,11.40,11.25,40425812.0,476633824.0
2015-10-13,11.50,11.85,11.70,11.30,35805908.0,417111616.0
2015-10-12,11.60,12.16,11.82,11.31,28265058.0,727773824.0
2015-10-09,10.51,11.55,11.45,10.50,22253160.0,541897536.0
2015-10-08,10.34,10.68,10.50,10.10,16049132.0,367822176.0
2015-09-30,10.21,10.40,9.86,9.77,13761118.0,303574208.0
2015-09-29,10.02,10.30,10.15,9.76,15272107.0,337585440.0
2015-09-28,9.64,10.39,10.27,9.57,15569677.0,342463584.0
2015-09-25,10.00,10.04,9.53,9.19,17189730.0,364734560.0
2015-09-24,10.25,10.43,10.08,9.93,16921490.0,378202528.0
2015-09-23,9.82,10.39,10.16,9.82,19527260.0,434075008.0
2015-09-22,9.83,10.26,10.10,9.47,22979406.0,500434304.0
2015-09-21,9.24,10.00,9.87,9.19,20041648.0,426198208.0
2015-09-18,9.04,9.53,9.40,8.68,20509776.0,412567520.0
2015-09-17,8.82,9.59,8.95,8.74,26417428.0,533561280.0
2015-09-16,8.43,8.94,8.94,8.23,14728200.0,277681632.0
2015-09-15,7.81,8.43,8.13,7.80,14115624.0,251241984.0
2015-09-14,9.18,9.25,8.19,8.19,13361019.0,252533536.0
2015-09-11,8.77,9.13,9.10,8.73,13415022.0,265511536.0
2015-09-10,8.94,9.08,8.85,8.80,14679809.0,288614208.0
2015-09-09,8.89,9.32,9.20,8.73,29718840.0,589971904.0
2015-09-08,8.32,9.22,8.96,8.23,16812854.0,317166912.0
2015-09-07,8.04,8.63,8.50,8.03,22522720.0,414416064.0
2015-09-02,7.00,8.12,7.84,6.83,25060356.0,432371936.0
2015-09-01,8.07,8.07,7.38,7.38,14050744.0,236080448.0
2015-08-31,8.86,8.86,8.20,8.19,12774349.0,240542288.0
2015-08-28,8.54,9.08,9.08,8.42,15319754.0,293043520.0
2015-08-27,7.90,8.33,8.33,7.73,16177275.0,285530912.0
2015-08-26,8.25,8.58,7.57,7.39,16853416.0,298217184.0
2015-08-25,8.20,8.36,8.20,8.20,10166974.0,183642192.0
2015-08-24,9.64,9.64,9.10,9.10,5382339.0,108728624.0
2015-08-21,10.71,10.88,10.12,10.09,9004112.0,207306384.0
2015-08-20,11.28,11.54,10.94,10.80,7822380.0,193042400.0
2015-08-19,10.73,11.64,11.49,10.30,12403991.0,297127072.0
2015-08-18,12.40,12.86,11.16,11.16,16803354.0,448599360.0
2015-08-17,12.41,12.59,12.40,12.03,9121827.0,246980832.0
2015-08-14,12.32,12.81,12.44,12.32,14243131.0,393015392.0
2015-08-13,11.76,12.27,12.27,11.67,10761944.0,284266944.0
2015-08-12,12.05,12.50,11.83,11.82,11772971.0,315492032.0
2015-08-11,12.18,12.50,12.22,12.02,13731823.0,369883840.0
2015-08-10,11.50,12.35,12.23,11.36,15219254.0,399005440.0
2015-08-07,10.65,11.34,11.23,10.65,12458919.0,303485504.0
2015-08-06,10.36,10.85,10.50,10.26,9434542.0,219309008.0
2015-08-05,11.30,11.52,10.85,10.76,13288935.0,326520160.0
2015-08-04,10.40,11.31,11.30,10.30,13975222.0,330841216.0
2015-08-03,11.31,11.31,10.30,10.30,12988790.0,301981568.0
2015-07-31,11.27,12.05,11.44,11.13,12484280.0,319107104.0
2015-07-30,12.18,12.67,11.61,11.50,13465364.0,363264160.0
2015-07-29,11.82,12.53,12.41,10.71,14875704.0,378069056.0
2015-07-28,11.55,12.61,11.39,11.38,18652500.0,480771328.0
2015-07-27,13.73,14.48,12.64,12.64,16821688.0,505785344.0
2015-07-24,14.32,14.95,14.05,13.91,17134760.0,548365760.0
2015-07-23,14.09,14.62,14.32,13.70,13755355.0,430751520.0
2015-07-22,13.79,14.45,14.18,13.35,21946000.0,670043584.0
2015-07-21,12.27,13.80,13.80,11.95,22298372.0,643539008.0
2015-07-20,12.14,12.92,12.55,11.94,17239016.0,471132288.0
2015-07-17,10.91,11.90,11.90,10.91,15870966.0,403227904.0
2015-07-16,10.15,11.63,10.82,10.15,22372960.0,528782848.0
2015-07-15,13.65,13.65,11.27,11.27,31061814.0,835640832.0
2015-07-02,13.64,13.82,12.52,12.52,17874832.0,499071488.0
2015-07-01,15.57,16.65,13.91,13.91,17293264.0,603417216.0
2015-06-30,14.11,16.19,15.46,14.11,18365652.0,605815488.0
2015-06-29,18.18,18.27,15.68,15.68,18324852.0,665635584.0
2015-06-26,18.18,20.68,17.42,17.42,30803536.0,1280949248.0
2015-06-25,20.09,21.35,19.36,19.14,18788544.0,844715456.0
2015-06-24,18.64,20.00,19.85,18.64,15749766.0,674125632.0
2015-06-23,16.95,18.80,18.64,15.54,16028976.0,620677952.0
2015-06-19,17.00,17.76,17.09,15.95,10235512.0,383071552.0
2015-06-18,18.29,19.04,17.59,17.23,10006339.0,403456032.0
2015-06-17,19.09,19.95,18.72,18.45,13123722.0,548678848.0
2015-06-16,18.19,20.17,19.30,17.75,15926141.0,671998720.0
2015-06-15,18.17,19.50,18.75,17.78,17332432.0,711877952.0
2015-06-12,16.74,18.29,17.73,16.36,12666604.0,489721888.0
2015-06-11,15.83,17.09,16.86,15.69,14291535.0,518672576.0
2015-06-10,15.00,16.18,16.02,14.68,12357285.0,426077344.0
2015-06-09,14.69,15.44,15.05,14.55,6750280.0,223873792.0
2015-06-08,15.91,15.91,14.95,14.55,11260621.0,373359104.0
2015-06-05,16.43,17.10,16.15,15.79,11440450.0,413838208.0
2015-06-04,16.70,16.70,16.26,15.09,13242231.0,465332000.0
2015-06-03,16.45,17.35,16.76,15.55,15264032.0,556266752.0
2015-06-02,14.77,16.10,16.10,14.49,14593813.0,493662816.0
2015-06-01,13.95,15.18,14.74,13.91,12573102.0,403797440.0
2015-05-29,13.79,14.42,14.00,13.00,13682346.0,414254656.0
2015-05-28,15.36,15.82,13.96,13.96,16982852.0,555237120.0
2015-05-27,15.85,15.88,15.51,15.04,12594054.0,425770400.0
2015-05-26,14.79,16.30,15.74,14.79,12677224.0,436585280.0
2015-05-25,13.91,15.05,14.84,13.73,13933600.0,445245664.0
2015-05-22,14.63,15.28,14.41,14.04,24688192.0,783989824.0
2015-05-21,15.82,16.31,14.83,14.55,25758700.0,869451712.0
2015-05-20,14.53,14.83,14.83,14.09,7989914.0,258627328.0
2015-05-19,12.30,13.48,13.48,12.11,11580812.0,328409760.0
2015-05-18,11.82,12.85,12.25,11.77,10233739.0,278550880.0
2015-05-15,11.59,12.11,11.87,11.36,8633840.0,222734640.0
2015-05-14,11.10,12.08,11.75,11.05,12253432.0,314343168.0
2015-05-13,11.09,11.49,11.16,10.98,9018517.0,222678464.0
2015-05-12,11.31,11.45,11.35,11.01,11386657.0,281156640.0
2015-05-11,10.82,11.47,11.27,10.74,14422577.0,354699648.0
2015-05-08,10.17,10.93,10.89,10.10,12077580.0,277442912.0
2015-05-07,10.33,10.44,10.00,9.93,10454950.0,231973696.0
2015-05-06,10.76,11.11,10.30,10.17,12997503.0,305137408.0
2015-05-05,10.93,11.44,10.71,10.55,13761829.0,332588192.0
2015-05-04,10.32,11.13,10.95,10.09,14656516.0,344104448.0
2015-04-30,10.78,10.85,10.39,10.37,17902300.0,414853568.0
2015-04-29,10.01,10.70,10.68,10.00,19979440.0,456201216.0
2015-04-28,9.70,10.45,10.22,9.61,19685434.0,434389728.0
2015-04-27,9.50,10.00,9.64,9.41,14448699.0,309250112.0
2015-04-24,9.20,9.59,9.57,9.07,11093008.0,228331504.0
2015-04-23,9.40,9.70,9.40,9.28,10391986.0,217174192.0
2015-04-22,9.23,9.45,9.29,9.22,7713389.0,157701408.0
2015-04-21,8.74,9.18,9.18,8.74,6274966.0,124483600.0
2015-04-20,9.12,9.28,8.75,8.69,9028925.0,179398880.0
2015-04-17,9.52,9.59,9.20,9.09,9409396.0,192794640.0
2015-04-16,8.82,9.45,9.45,8.78,10137328.0,205041440.0
2015-04-15,9.23,9.71,9.03,9.00,10216153.0,210790992.0
2015-04-14,9.45,9.60,9.32,9.25,8576825.0,177768064.0
2015-04-13,9.10,9.83,9.58,9.02,14180801.0,291542112.0
2015-04-10,8.73,9.18,9.02,8.65,7784064.0,153612096.0
2015-04-09,8.99,8.99,8.80,8.47,8416611.0,160710752.0
2015-04-08,9.35,9.35,8.99,8.64,9594317.0,190775408.0
2015-04-07,9.29,9.49,9.35,9.18,8890943.0,181744944.0
2015-04-03,8.95,9.34,9.29,8.93,9999345.0,201919600.0
2015-04-02,8.91,9.08,9.05,8.84,8349688.0,164882560.0
2015-04-01,8.60,8.93,8.89,8.50,9266968.0,178736144.0
2015-03-31,8.56,8.78,8.59,8.45,8797320.0,167185984.0
2015-03-30,8.59,8.68,8.55,8.38,7888071.0,147919472.0
2015-03-27,8.55,8.67,8.64,8.49,6613271.0,124796960.0
2015-03-26,8.99,9.15,8.58,8.52,13671546.0,265472432.0
2015-03-25,8.95,9.36,9.13,8.80,16106354.0,325025952.0
2015-03-24,8.57,9.10,8.94,8.18,17176554.0,326887296.0
2015-03-23,8.41,8.59,8.57,8.33,9959056.0,185340544.0
2015-03-20,8.52,8.66,8.43,8.31,9858233.0,183983408.0
2015-03-19,8.50,8.78,8.54,8.38,8890926.0,167543056.0
2015-03-18,8.21,8.80,8.64,8.21,11612260.0,218250016.0
2015-03-17,8.23,8.45,8.20,8.07,11867476.0,216730752.0
2015-03-16,7.85,8.31,8.23,7.80,11666929.0,207940656.0
2015-03-13,7.57,7.92,7.82,7.56,8398636.0,143937504.0
2015-03-12,7.45,7.71,7.55,7.43,7079211.0,118117984.0
2015-03-11,7.65,7.97,7.55,7.49,15663646.0,265742896.0
2015-03-06,7.60,7.63,7.34,7.28,6494216.0,106527784.0
2015-03-05,7.62,7.65,7.59,7.47,7439418.0,124245936.0
2015-03-04,7.36,7.79,7.69,7.35,10604939.0,177705312.0
2015-03-03,7.34,7.49,7.40,7.26,7994185.0,129946216.0
2015-03-02,7.25,7.42,7.40,7.19,8057095.0,130241320.0
2015-02-27,7.08,7.29,7.23,7.06,7956956.0,126558776.0
2015-02-26,7.04,7.08,7.08,7.00,3017048.0,46852400.0
2015-02-25,7.00,7.10,7.05,6.97,4093579.0,63543708.0
2015-02-17,7.03,7.04,6.98,6.95,2712287.0,41793592.0
2015-02-16,6.93,7.02,7.02,6.91,4423797.0,67989576.0
2015-02-13,6.85,6.96,6.93,6.80,4196054.0,64019460.0
2015-02-12,6.77,6.86,6.84,6.73,5552739.0,83298520.0
2015-02-11,6.99,7.05,6.94,6.92,2266205.0,34847748.0
2015-02-10,6.87,6.99,6.99,6.82,1842915.0,28015176.0
2015-02-09,6.85,6.90,6.87,6.81,1346949.0,20362228.0
2015-02-06,7.00,7.06,6.83,6.83,2983140.0,45494792.0
2015-02-05,6.95,7.12,7.02,6.91,4565575.0,70655744.0
2015-02-04,6.98,7.05,6.92,6.88,3605944.0,55363792.0
2015-02-03,6.90,7.00,6.98,6.90,2499031.0,38296684.0
2015-02-02,6.85,6.95,6.89,6.85,2071871.0,31542788.0
2015-01-30,7.12,7.16,6.92,6.88,6811631.0,104773640.0
2015-01-29,7.29,7.32,7.19,7.18,2338495.0,37345404.0
2015-01-28,7.34,7.39,7.34,7.28,2916302.0,47259320.0
2015-01-27,7.40,7.42,7.37,7.24,3282579.0,53096852.0
2015-01-26,7.27,7.39,7.39,7.27,2831493.0,45932384.0
2015-01-23,7.38,7.42,7.27,7.24,3492982.0,56398104.0
2015-01-22,7.32,7.39,7.39,7.26,3953336.0,63957640.0
2015-01-21,7.36,7.40,7.34,7.28,5582150.0,90289880.0
2015-01-20,7.03,7.30,7.30,7.03,5264351.0,83769272.0
2015-01-19,6.97,7.30,7.00,6.91,5013640.0,79041136.0
2015-01-16,7.02,7.12,7.10,7.01,2430834.0,37974048.0
2015-01-15,6.91,7.07,7.02,6.85,2344313.0,36246364.0
2015-01-14,6.91,6.96,6.90,6.88,1781688.0,27177960.0
2015-01-13,6.75,6.91,6.91,6.73,1689879.0,25533296.0
2015-01-12,6.84,6.87,6.75,6.72,1823822.0,27246266.0
2015-01-09,6.96,7.06,6.89,6.88,2089530.0,32180986.0
2015-01-08,7.03,7.09,7.00,6.97,2347051.0,36441060.0
2015-01-07,7.07,7.16,7.04,7.00,2342303.0,36467056.0
2015-01-06,6.88,7.09,7.09,6.87,4231003.0,65398772.0
2015-01-05,6.86,6.92,6.92,6.72,2623101.0,39577148.0
2014-12-31,6.75,6.89,6.86,6.75,2019491.0,30399930.0
2014-12-30,6.91,6.93,6.80,6.72,2858950.0,42845372.0
2014-12-29,7.00,7.05,6.93,6.85,3211110.0,48841132.0
2014-12-26,7.07,7.09,7.05,7.02,1749077.0,27186190.0
2014-12-25,7.03,7.12,7.07,7.00,2315328.0,36042140.0
2014-12-24,6.94,7.06,7.05,6.94,2248735.0,34788656.0
2014-12-23,6.85,7.06,6.90,6.83,2200029.0,33671360.0
2014-12-22,7.13,7.19,6.81,6.79,3559228.0,54445696.0
2014-12-19,7.28,7.30,7.09,7.01,3946132.0,62036796.0
2014-12-18,7.32,7.32,7.19,7.16,3808149.0,60682424.0
2014-12-17,7.41,7.41,7.34,7.23,3823011.0,61578980.0
2014-12-16,7.53,7.57,7.39,7.34,4546325.0,74453104.0
2014-12-15,7.37,7.56,7.52,7.34,3790747.0,62684252.0
2014-12-12,7.28,7.37,7.37,7.27,2514411.0,40571604.0
2014-12-11,7.14,7.31,7.27,7.10,3534196.0,56417624.0
2014-12-10,6.97,7.19,7.18,6.96,3114049.0,48852108.0
2014-12-09,7.26,7.32,6.97,6.96,6131874.0,96486344.0
2014-12-08,7.32,7.45,7.30,7.24,4984978.0,80792872.0
2014-12-05,7.66,7.67,7.34,7.16,7491844.0,122172312.0
2014-12-04,7.67,7.77,7.68,7.63,5443034.0,92444080.0
2014-12-03,7.71,7.71,7.67,7.48,7430382.0,124341416.0
2014-12-02,7.70,7.82,7.72,7.62,5151081.0,87960256.0
2014-12-01,7.89,7.93,7.70,7.62,4302318.0,73400096.0
2014-11-28,7.79,8.11,7.84,7.75,8890347.0,155118064.0
2014-11-27,7.64,7.79,7.79,7.58,6705959.0,113666464.0
2014-11-26,7.69,7.83,7.60,7.54,6869771.0,116396968.0
2014-11-25,7.42,7.68,7.63,7.38,4490646.0,74985168.0
2014-11-24,7.43,7.45,7.42,7.26,2856198.0,46481460.0
2014-11-21,7.23,7.42,7.36,7.23,3076651.0,49892744.0
2014-11-20,7.26,7.27,7.27,7.20,2099231.0,33488260.0
2014-11-19,7.24,7.37,7.30,7.24,2093177.0,33665508.0
2014-11-18,7.27,7.27,7.24,7.19,1781286.0,28412324.0
2014-11-17,7.12,7.32,7.24,7.12,2264111.0,36162208.0
2014-11-14,7.16,7.20,7.13,7.06,2419078.0,38054456.0
2014-11-13,7.57,7.57,7.20,7.20,5199342.0,83691056.0
2014-11-12,7.46,7.61,7.59,7.45,2707675.0,45039600.0
2014-11-11,7.91,7.93,7.50,7.39,5596356.0,94076704.0
2014-11-10,7.94,7.95,7.89,7.83,3295318.0,57316684.0
2014-11-07,8.05,8.11,7.91,7.84,7928385.0,140098768.0
2014-11-06,7.67,7.96,7.96,7.66,6015312.0,103580624.0
2014-11-05,7.77,7.82,7.67,7.66,3911888.0,66552752.0
2014-11-04,7.87,8.05,7.82,7.79,6596899.0,115339704.0
2014-11-03,7.57,7.84,7.84,7.57,5009485.0,85501848.0
2014-10-31,7.68,7.75,7.60,7.51,3607280.0,60384548.0
2014-10-30,7.77,7.86,7.68,7.66,3562287.0,60789020.0
2014-10-29,7.73,7.84,7.76,7.71,3959627.0,67732928.0
2014-10-28,7.61,7.75,7.74,7.56,3609265.0,61041896.0
2014-10-27,7.48,7.62,7.56,7.45,2709396.0,45091696.0
2014-10-24,7.39,7.59,7.51,7.39,3031308.0,50266160.0
2014-10-23,7.36,7.49,7.39,7.30,3349277.0,54659148.0
2014-10-22,7.43,7.58,7.39,7.38,3354558.0,55417464.0
2014-10-21,7.53,7.56,7.43,7.43,2937628.0,48542164.0
2014-10-20,7.43,7.55,7.53,7.41,3864610.0,63771700.0
2014-10-17,7.66,7.73,7.43,7.38,5991452.0,99519928.0
2014-10-16,7.79,7.91,7.71,7.71,4721104.0,81358208.0
2014-10-15,8.00,8.07,7.85,7.73,7127912.0,123037080.0
2014-10-14,8.19,8.33,8.03,7.97,6018970.0,108199552.0
2014-10-13,8.09,8.29,8.27,7.87,7651504.0,136653360.0
2014-10-10,7.93,8.22,8.16,7.85,6511715.0,115547888.0
2014-10-09,7.94,8.05,7.99,7.80,4424939.0,77472136.0
2014-10-08,8.02,8.02,7.97,7.77,6083239.0,105864696.0
2014-09-30,8.13,8.19,8.03,7.93,4810760.0,85301792.0
2014-09-29,8.13,8.21,8.16,8.04,3420898.0,61277288.0
2014-09-26,8.12,8.24,8.09,7.99,5477687.0,97883376.0
2014-09-25,7.89,8.41,8.15,7.87,8304741.0,149589584.0
2014-09-24,7.75,8.04,7.87,7.70,4564411.0,79742352.0
2014-09-23,7.51,7.76,7.74,7.47,4112183.0,69269464.0
2014-09-22,7.66,7.66,7.51,7.44,3106243.0,51708456.0
2014-09-19,7.64,7.73,7.67,7.53,3359834.0,56510196.0
2014-09-18,7.65,7.77,7.64,7.58,4260698.0,72148664.0
2014-09-17,7.39,7.68,7.65,7.29,6009480.0,99830776.0
2014-09-16,7.73,7.75,7.33,7.30,5757880.0,96224664.0
2014-09-15,7.39,7.82,7.73,7.37,7510051.0,126851232.0
2014-09-12,7.16,7.40,7.39,7.12,6351041.0,102060440.0
2014-09-11,7.31,7.40,7.15,7.13,6603843.0,105655248.0
2014-09-10,7.14,7.37,7.32,7.14,4919632.0,79011184.0
2014-09-09,7.11,7.42,7.23,7.11,6750623.0,108180040.0
2014-09-05,6.94,7.15,7.06,6.90,7672781.0,119413096.0
2014-09-04,6.90,6.97,6.93,6.89,3673320.0,56200684.0
2014-09-03,6.89,7.00,6.90,6.83,5262169.0,80287080.0
2014-09-02,6.82,6.93,6.88,6.79,4797854.0,72827512.0
2014-09-01,6.65,6.78,6.78,6.64,2897956.0,43071936.0
2014-08-29,6.51,6.66,6.66,6.49,1997675.0,28941334.0
2014-08-28,6.64,6.64,6.49,6.47,2632865.0,37981672.0
2014-08-27,6.57,6.67,6.62,6.56,2293133.0,33551994.0
2014-08-26,6.80,6.82,6.58,6.55,4814632.0,70830856.0
2014-08-25,7.00,7.03,6.84,6.81,5849627.0,89270160.0
2014-08-22,6.85,7.05,7.03,6.82,8291951.0,127144696.0
2014-08-21,6.75,6.86,6.85,6.65,5012553.0,74796208.0
2014-08-20,6.66,6.80,6.71,6.63,4619877.0,68537200.0
2014-08-19,6.67,6.73,6.67,6.60,4568283.0,67237208.0
2014-08-18,6.56,6.69,6.67,6.55,3937852.0,57561160.0
2014-08-15,6.48,6.61,6.56,6.45,3625327.0,52253912.0
2014-08-14,6.41,6.56,6.46,6.39,3402258.0,48572952.0
2014-08-13,6.49,6.51,6.44,6.35,2410023.0,34184316.0
2014-08-12,6.48,6.51,6.49,6.46,2066755.0,29564544.0
2014-08-11,6.38,6.48,6.47,6.38,2127842.0,30295444.0
2014-08-08,6.38,6.46,6.40,6.33,2395139.0,33810704.0
2014-08-07,6.47,6.48,6.32,6.32,3171360.0,44800440.0
2014-08-06,6.44,6.48,6.45,6.40,3082665.0,43832248.0
2014-08-05,6.28,6.47,6.44,6.27,3572114.0,50409972.0
2014-08-04,6.22,6.30,6.28,6.22,1423802.0,19685146.0
2014-08-01,6.34,6.34,6.22,6.21,2524550.0,34959300.0
2014-07-31,6.27,6.37,6.36,6.21,2391178.0,33197366.0
2014-07-30,6.30,6.31,6.28,6.22,2198024.0,30393854.0
2014-07-29,6.22,6.29,6.26,6.22,2471810.0,34167808.0
2014-07-28,6.11,6.26,6.23,6.11,1923826.0,26286390.0
2014-07-25,6.08,6.17,6.12,6.06,1314873.0,17729348.0
2014-07-24,6.06,6.13,6.09,5.96,1989683.0,26530328.0
2014-07-23,6.26,6.27,6.06,6.05,2526949.0,34219232.0
2014-07-22,6.21,6.27,6.27,6.16,1925719.0,26498860.0
2014-07-21,6.28,6.29,6.20,6.12,2321289.0,31665308.0
2014-07-18,6.33,6.38,6.28,6.27,1746107.0,24380282.0
2014-07-17,6.36,6.36,6.33,6.26,2022341.0,28149922.0
2014-07-16,6.49,6.54,6.35,6.32,3168044.0,44819936.0
2014-07-15,6.52,6.60,6.53,6.37,6552715.0,93565608.0
2014-07-14,6.46,6.56,6.56,6.42,2886264.0,41502324.0
2014-07-11,6.51,6.60,6.43,6.37,4798366.0,68820136.0
2014-07-10,6.48,6.69,6.54,6.46,3668354.0,53240944.0
2014-07-09,6.82,6.82,6.50,6.48,6273609.0,92352376.0
2014-07-08,6.86,6.93,6.85,6.65,6404202.0,95891744.0
2014-07-07,6.60,6.81,6.81,6.55,7195184.0,106070152.0
2014-07-04,6.41,6.72,6.57,6.41,6963889.0,101319232.0
2014-07-03,6.48,6.55,6.45,6.35,4733754.0,67269320.0
2014-07-02,6.42,6.57,6.45,6.40,3608077.0,51536816.0
2014-07-01,6.53,6.53,6.43,6.38,3503555.0,49752860.0
2014-06-30,6.42,6.55,6.51,6.40,4527100.0,64680640.0
2014-06-27,6.29,6.55,6.47,6.27,7896402.0,112379728.0
2014-06-26,6.17,6.39,6.33,6.17,7043931.0,97816448.0
2014-06-25,6.13,6.14,6.06,5.98,4347124.0,57888520.0
2014-06-24,6.00,6.19,6.15,6.00,5371937.0,72422352.0
2014-06-23,5.91,6.07,6.02,5.88,3097702.0,41046668.0
2014-06-20,5.83,5.92,5.91,5.78,1892600.0,24448250.0
2014-06-19,5.99,6.06,5.77,5.74,2724786.0,35514920.0
2014-06-18,6.07,6.13,5.96,5.93,2406482.0,32000804.0
2014-06-17,6.19,6.24,6.09,6.09,2398669.0,32615408.0
2014-06-16,6.18,6.32,6.22,6.17,3399309.0,46858468.0
2014-06-13,6.13,6.23,6.18,6.05,4632876.0,62873636.0
2014-06-12,6.32,6.32,6.12,6.11,5297128.0,72465224.0
2014-06-11,6.17,6.34,6.29,6.10,6298976.0,87927560.0
2014-06-10,5.95,6.20,6.19,5.90,4963329.0,67604560.0
2014-06-09,6.00,6.11,5.99,5.94,3449424.0,46431552.0
2014-06-06,5.88,6.16,6.02,5.84,7013149.0,94498936.0
2014-06-05,5.62,5.87,5.87,5.62,4538289.0,58850920.0
2014-06-04,5.67,5.68,5.65,5.56,2122798.0,26728550.0
2014-06-03,5.70,5.79,5.70,5.70,2474931.0,31864062.0
2014-05-30,5.81,5.81,5.69,5.62,5055319.0,64509928.0
2014-05-29,6.08,6.16,5.84,5.76,8883102.0,117681672.0
2014-05-28,5.63,5.72,5.68,5.57,4541067.0,57498200.0
2014-05-27,5.65,5.74,5.58,5.58,3190181.0,40389436.0
2014-05-26,5.56,5.74,5.67,5.56,3670500.0,46483984.0
2014-05-23,5.47,5.61,5.59,5.43,1769021.0,21806494.0
2014-05-22,5.49,5.57,5.46,5.41,2621053.0,32305052.0
2014-05-21,5.44,5.52,5.52,5.37,1340154.0,16379819.0
2014-05-20,5.38,5.51,5.46,5.16,2552824.0,30921212.0
2014-05-19,5.33,5.37,5.33,5.23,827558.0,9834747.0
2014-05-16,5.34,5.38,5.33,5.25,979611.0,11631176.0
2014-05-15,5.51,5.54,5.35,5.33,2022261.0,24527772.0
2014-05-14,5.49,5.59,5.51,5.49,781385.0,9692363.0
2014-05-13,5.52,5.61,5.49,5.45,1244011.0,15370997.0
2014-05-12,5.30,5.58,5.53,5.28,3089119.0,37863432.0
2014-05-09,5.37,5.40,5.28,5.25,968711.0,11494570.0
2014-05-08,5.33,5.49,5.36,5.28,1333403.0,16190771.0
2014-05-07,5.41,5.43,5.33,5.30,1061227.0,12771251.0
2014-05-06,5.37,5.51,5.43,5.33,1867886.0,22773828.0
2014-05-05,5.22,5.40,5.40,5.17,2203458.0,26106998.0
2014-04-30,5.16,5.27,5.22,5.16,2029012.0,23609406.0
2014-04-29,5.11,5.22,5.17,5.08,1932386.0,22294506.0
2014-04-28,5.36,5.36,5.13,5.12,1897249.0,22093732.0
2014-04-25,5.54,5.58,5.37,5.36,1327791.0,16273730.0
2014-04-24,5.56,5.59,5.52,5.51,976591.0,12123792.0
2014-04-23,5.55,5.58,5.56,5.50,1199989.0,14890495.0
2014-04-22,5.73,5.76,5.55,5.48,1965984.0,24686036.0
2014-04-21,5.83,5.88,5.74,5.71,1686654.0,21948240.0
2014-04-18,5.85,5.92,5.89,5.83,1632637.0,21446212.0
2014-04-17,5.81,5.87,5.83,5.79,1283314.0,16789474.0
2014-04-16,5.87,5.91,5.81,5.77,1468522.0,19202484.0
2014-04-15,5.78,5.85,5.81,5.75,2291953.0,29781878.0
2014-04-14,5.70,5.79,5.75,5.67,2102711.0,27013326.0
2014-04-11,5.75,5.75,5.70,5.62,2586043.0,32890846.0
2014-04-10,5.84,5.96,5.78,5.76,3620220.0,47494576.0
2014-04-09,5.86,5.97,5.82,5.80,3479899.0,45670564.0
2014-04-08,5.71,5.87,5.86,5.62,2995301.0,38521952.0
2014-04-04,5.74,5.79,5.79,5.68,1000337.0,12900377.0
2014-04-03,5.84,5.88,5.76,5.72,1606833.0,20865700.0
2014-04-02,5.88,5.89,5.82,5.70,1882184.0,24309184.0
2014-04-01,5.75,5.87,5.86,5.75,1756612.0,22904658.0
2014-03-31,5.90,5.90,5.77,5.68,3869269.0,49927600.0
2014-03-28,6.27,6.33,6.08,6.04,2076771.0,28503094.0
2014-03-27,6.74,6.74,6.25,6.25,4310543.0,62031440.0
2014-03-26,6.72,6.81,6.75,6.63,1963317.0,29567872.0
2014-03-25,6.55,6.90,6.72,6.54,4124914.0,62617356.0
2014-03-24,6.59,6.65,6.56,6.53,2038169.0,30024458.0
2014-03-21,6.29,6.62,6.59,6.27,2616278.0,37726400.0
2014-03-20,6.63,6.68,6.37,6.33,2143940.0,31323904.0
2014-03-19,6.49,6.67,6.66,6.41,4002556.0,59036764.0
2014-03-18,6.43,6.65,6.54,6.40,3506290.0,51309808.0
2014-03-17,6.20,6.45,6.43,6.17,2412528.0,34208920.0
2014-03-14,6.08,6.23,6.19,6.08,1322155.0,18242282.0
2014-03-13,6.01,6.18,6.15,6.00,1464284.0,20053446.0
2014-03-12,6.00,6.12,6.00,5.90,1720500.0,23184736.0
2014-03-11,6.19,6.26,6.03,5.81,2352674.0,31984772.0
2014-03-10,6.46,6.46,6.19,6.17,2688454.0,37862916.0
2014-03-07,6.61,6.71,6.52,6.51,3049823.0,45212040.0
2014-03-06,6.53,6.68,6.63,6.42,3483684.0,51163880.0
2014-03-05,6.47,6.59,6.57,6.38,3376559.0,49094060.0
2014-03-04,6.38,6.48,6.42,6.24,2818424.0,40104836.0
2014-03-03,6.29,6.46,6.46,6.26,2679386.0,38359888.0
2014-02-28,6.33,6.38,6.32,6.03,3936236.0,54761564.0
2014-02-27,6.60,6.78,6.33,6.25,5080075.0,74780360.0
2014-02-26,6.64,6.65,6.61,6.25,5112373.0,74449592.0
2014-02-25,7.09,7.50,6.75,6.64,12568874.0,202759840.0
2014-02-24,6.95,7.09,7.06,6.79,4254571.0,66136444.0
2014-02-21,6.88,7.05,6.93,6.85,4817466.0,75112520.0
2014-02-20,6.96,7.04,6.79,6.75,3631849.0,55889288.0
2014-02-19,7.05,7.12,6.96,6.88,4537063.0,71015584.0
2014-02-18,7.01,7.14,7.06,6.98,5494349.0,86915904.0
2014-02-17,6.85,7.05,7.03,6.84,5862351.0,91147256.0
2014-02-14,6.76,6.87,6.83,6.66,5651466.0,85917592.0
2014-02-13,7.25,7.25,6.72,6.71,9265139.0,144961904.0
2014-02-12,7.15,7.33,7.30,6.95,7548497.0,120559080.0
2014-02-11,7.33,7.54,7.18,7.09,8811949.0,144347616.0
2014-02-10,7.08,7.26,7.25,7.01,7534671.0,120619576.0
2014-02-07,6.78,7.08,7.05,6.71,4504928.0,70392376.0
2014-01-30,7.05,7.09,6.88,6.75,6217587.0,96436104.0
2014-01-29,7.19,7.21,7.04,7.01,6130495.0,96908040.0
2014-01-28,7.02,7.21,7.19,6.97,8117942.0,129264456.0
2014-01-27,7.14,7.21,7.06,6.97,7106338.0,113127960.0
2014-01-24,7.24,7.31,7.17,7.01,16094996.0,258181808.0
2014-01-23,7.51,7.58,7.48,7.35,9694768.0,162290032.0
2014-01-22,7.49,7.76,7.49,7.33,9547895.0,160894352.0
2014-01-21,7.09,7.57,7.53,7.09,9769825.0,160465888.0
2014-01-20,7.38,7.44,7.16,7.02,7446894.0,120098024.0
2014-01-17,7.28,7.60,7.42,7.23,8916489.0,148382992.0
2014-01-16,7.32,7.82,7.39,7.25,15455809.0,261188432.0
2014-01-15,7.37,7.57,7.36,7.26,17197580.0,284709888.0
2014-01-14,6.81,7.42,7.42,6.79,19292520.0,312071072.0
2014-01-13,6.66,6.84,6.74,6.61,6043321.0,90927648.0
2014-01-10,6.68,6.88,6.60,6.49,8792145.0,131675640.0
2014-01-09,7.10,7.22,6.70,6.67,11909143.0,185305200.0
2014-01-08,7.00,7.64,7.22,7.00,16520305.0,272608704.0
2014-01-07,6.77,6.96,6.95,6.65,8790049.0,134432512.0
2014-01-06,7.06,7.13,6.87,6.79,9361458.0,145396576.0
2014-01-03,7.19,7.39,7.08,7.05,15798992.0,255231200.0
2014-01-02,6.65,7.24,7.24,6.58,23049356.0,363096416.0
2013-12-31,6.95,6.99,6.58,6.50,16330932.0,246163296.0
2013-12-30,6.84,7.36,7.15,6.81,22620396.0,358765088.0
2013-12-27,6.70,7.09,6.94,6.48,26790300.0,407787040.0
2013-12-26,6.12,6.71,6.71,6.03,15947428.0,230424624.0
2013-12-25,5.71,6.20,6.10,5.70,10207093.0,137078368.0
2013-12-24,5.49,5.68,5.67,5.49,5112816.0,64095716.0
2013-12-23,5.66,5.69,5.49,5.37,4167007.0,51236736.0
2013-12-20,5.72,5.83,5.66,5.63,4025253.0,51631064.0
2013-12-19,5.91,5.93,5.71,5.70,5468458.0,71146168.0
2013-12-18,5.91,6.09,5.91,5.84,7912661.0,105663000.0
2013-12-17,6.08,6.43,5.95,5.93,12303422.0,168996704.0
2013-12-16,5.90,6.10,5.94,5.83,8779834.0,117133000.0
2013-12-13,5.61,6.11,5.96,5.55,12993289.0,171104112.0
2013-12-12,5.46,5.61,5.58,5.42,4563554.0,56691648.0
2013-12-11,5.40,5.60,5.47,5.38,4294359.0,52743012.0
2013-12-10,5.42,5.49,5.42,5.33,3284254.0,39770820.0
2013-12-09,5.29,5.44,5.43,5.29,3679201.0,44343644.0
2013-12-06,5.27,5.41,5.34,5.25,3278548.0,39219212.0
2013-12-05,5.26,5.35,5.27,5.20,4179802.0,49262112.0
2013-12-04,5.28,5.44,5.29,5.28,5600959.0,67117640.0
2013-12-03,5.10,5.39,5.34,5.06,6388138.0,74724968.0
2013-12-02,5.41,5.63,5.26,5.26,11258253.0,135294736.0
2013-11-29,5.73,5.98,5.84,5.70,10895932.0,142831104.0
2013-11-28,5.61,5.75,5.67,5.57,7630929.0,96484888.0
2013-11-27,5.56,5.71,5.60,5.51,6189736.0,77778400.0
2013-11-26,5.58,5.63,5.50,5.48,8594483.0,106544112.0
2013-11-25,5.46,5.79,5.62,5.41,8849657.0,110876504.0
2013-11-22,5.30,5.49,5.43,5.27,5175319.0,62458312.0
2013-11-21,5.38,5.39,5.29,5.25,4520980.0,53853940.0
2013-11-20,5.39,5.41,5.38,5.27,5742974.0,68681792.0
2013-11-19,5.34,5.56,5.37,5.34,7002508.0,85310504.0
2013-11-18,5.32,5.43,5.33,5.28,8897227.0,106528544.0
2013-11-15,5.16,5.54,5.41,5.08,13999606.0,165570272.0
2013-11-14,4.92,5.35,5.21,4.92,6961446.0,80736088.0
2013-11-13,5.00,5.05,4.90,4.88,3400737.0,37805416.0
2013-11-12,4.67,5.07,5.00,4.66,4828947.0,53175952.0
2013-11-11,4.57,4.67,4.67,4.50,937222.0,9663702.0
2013-11-08,4.65,4.67,4.57,4.56,795511.0,8184426.0
2013-11-07,4.72,4.77,4.68,4.68,921328.0,9737789.0
2013-11-06,4.71,4.80,4.73,4.70,1267997.0,13494036.0
2013-11-05,4.65,4.75,4.72,4.62,798394.0,8376353.0
2013-11-04,4.62,4.67,4.66,4.60,831900.0,8649631.0
2013-11-01,4.60,4.67,4.62,4.58,635904.0,6561100.0
2013-10-31,4.57,4.68,4.61,4.57,1059003.0,11009852.0
2013-10-30,4.57,4.62,4.61,4.53,891209.0,9140173.0
2013-10-29,4.78,4.81,4.56,4.46,2406265.0,24780774.0
2013-10-28,4.86,4.87,4.77,4.74,1081491.0,11559113.0
2013-10-25,4.85,4.94,4.82,4.79,1426790.0,15531842.0
2013-10-24,4.83,4.94,4.91,4.76,1725903.0,18788108.0
2013-10-23,5.01,5.06,4.85,4.85,3200387.0,35403816.0
2013-10-22,5.08,5.27,5.03,5.01,4699264.0,54096120.0
2013-10-21,4.91,5.08,5.06,4.89,4296845.0,48353420.0
2013-10-18,4.78,4.96,4.92,4.78,2959983.0,32379666.0
2013-10-17,4.79,4.84,4.78,4.74,1367107.0,14686393.0
2013-10-16,4.97,4.98,4.78,4.74,2647198.0,28501822.0
2013-10-15,5.04,5.04,4.96,4.91,2899867.0,32217590.0
2013-10-14,4.95,5.04,5.04,4.94,2928234.0,32763932.0
2013-10-11,4.88,4.95,4.94,4.86,2163162.0,23786922.0
2013-10-10,5.00,5.03,4.87,4.86,2574185.0,28475410.0
2013-10-09,5.00,5.06,5.01,4.97,2018062.0,22609412.0
2013-10-08,4.99,5.09,5.00,4.96,3170918.0,35599700.0
2013-09-30,4.88,4.98,4.97,4.82,2296384.0,25375260.0
2013-09-27,4.80,4.87,4.85,4.80,1159199.0,12539557.0
2013-09-26,4.84,4.90,4.82,4.80,1391239.0,15063793.0
2013-09-25,4.90,4.99,4.88,4.84,2419213.0,26638350.0
2013-09-24,4.89,4.93,4.91,4.85,2777793.0,30362090.0
2013-09-23,4.92,4.99,4.90,4.88,4307661.0,47453512.0
2013-09-18,4.79,4.90,4.89,4.77,3172765.0,34341800.0
2013-09-17,4.85,4.88,4.79,4.74,2092971.0,22456708.0
2013-09-16,4.72,4.85,4.84,4.71,3762450.0,40372164.0
2013-09-13,4.66,4.72,4.71,4.58,3047381.0,31841550.0
2013-09-12,4.65,4.71,4.66,4.65,1789724.0,18720870.0
2013-09-11,4.76,4.78,4.65,4.65,2748616.0,28863838.0
2013-09-10,4.77,4.78,4.77,4.69,2609944.0,27686054.0
2013-09-09,4.78,4.82,4.78,4.71,2078860.0,22132152.0
2013-09-06,4.70,4.82,4.79,4.70,2638960.0,28136938.0
2013-09-05,4.69,4.74,4.72,4.68,1696369.0,17907542.0
2013-09-04,4.72,4.72,4.69,4.65,1566037.0,16400850.0
2013-09-03,4.64,4.72,4.71,4.61,1771388.0,18590558.0
2013-09-02,4.58,4.66,4.65,4.55,1501924.0,15447594.0
2013-08-30,4.74,4.77,4.56,4.54,2983997.0,31033726.0
2013-08-29,4.77,4.80,4.71,4.66,2700719.0,28588542.0
2013-08-28,4.95,4.95,4.77,4.74,5570264.0,60253376.0
2013-08-27,4.87,4.96,4.95,4.86,3144705.0,34627760.0
2013-08-26,4.85,4.90,4.89,4.82,2738863.0,29751548.0
2013-08-23,4.94,4.97,4.85,4.78,3684958.0,40234360.0
2013-08-22,4.96,4.99,4.93,4.90,3271815.0,36253332.0
2013-08-21,4.85,4.99,4.94,4.85,2582830.0,28515976.0
2013-08-20,4.91,4.99,4.87,4.82,2465644.0,27167618.0
2013-08-19,4.78,4.94,4.93,4.69,3115235.0,33751716.0
2013-08-16,4.91,5.05,4.76,4.73,4959919.0,54605176.0
2013-08-15,5.01,5.03,4.95,4.87,2900387.0,32103200.0
2013-08-14,5.03,5.09,5.01,4.96,3133319.0,35226768.0
2013-08-13,4.96,5.07,5.03,4.93,2692439.0,30236058.0
2013-08-12,4.97,5.00,4.99,4.87,3938187.0,43476488.0
2013-08-09,5.04,5.05,4.91,4.82,5367267.0,59369708.0
2013-08-08,5.01,5.12,5.06,4.94,3140616.0,35444948.0
2013-08-07,5.30,5.33,5.03,4.77,4372494.0,49860412.0
2013-08-06,5.34,5.44,5.30,5.28,3637124.0,43550880.0
2013-08-05,5.32,5.42,5.35,5.16,6138168.0,72592496.0
2013-08-02,5.42,5.59,5.37,5.36,6134106.0,74984904.0
2013-08-01,5.10,5.54,5.50,5.07,6268113.0,75651448.0
2013-07-31,5.10,5.17,5.10,5.01,2995772.0,34227352.0
2013-07-30,5.09,5.30,5.16,4.91,8029136.0,91941680.0
2013-07-29,4.87,5.15,5.11,4.85,7602727.0,85932480.0
2013-07-26,4.74,4.98,4.93,4.72,4464935.0,48884636.0
2013-07-25,5.00,5.03,4.74,4.70,4397133.0,47829004.0
2013-07-24,4.96,5.12,5.03,4.87,6032817.0,67537704.0
2013-07-23,4.89,5.14,4.98,4.78,8711022.0,96887472.0
2013-07-22,4.62,4.95,4.91,4.57,6615689.0,71518456.0
2013-07-19,4.77,5.03,4.69,4.69,9649263.0,105297968.0
2013-07-18,4.67,4.82,4.74,4.56,6346776.0,67014772.0
2013-07-17,4.76,4.95,4.67,4.65,10395009.0,111479440.0
2013-07-16,4.23,4.67,4.67,4.22,10854434.0,111604168.0
2013-07-15,4.09,4.36,4.25,4.09,3829805.0,36490684.0
2013-07-12,4.12,4.18,4.07,4.07,1842200.0,17057708.0
2013-07-11,4.08,4.17,4.12,4.05,1924460.0,17702306.0
2013-07-10,4.03,4.07,4.06,3.99,1378336.0,12457817.0
2013-07-09,3.91,4.04,4.02,3.89,1221725.0,10877833.0
2013-07-08,3.94,4.03,3.91,3.90,1553746.0,13757447.0
2013-07-05,4.05,4.08,3.98,3.98,1505344.0,13618172.0
2013-07-04,4.00,4.09,4.04,3.98,2151865.0,19503918.0
2013-07-03,4.06,4.09,4.03,3.91,2893378.0,25837330.0
2013-07-02,4.06,4.11,4.08,4.01,2631268.0,23881174.0
2013-07-01,3.90,4.10,4.07,3.90,2735850.0,24782934.0
2013-06-28,4.22,4.22,3.96,3.87,5159475.0,46391552.0
2013-06-27,4.61,4.65,4.28,4.27,7529982.0,75787840.0
2013-06-26,4.49,4.73,4.67,4.42,10732664.0,109430552.0
2013-06-25,4.43,4.54,4.53,4.02,4907513.0,48625920.0
2013-06-24,4.41,4.52,4.47,4.23,3525200.0,35014316.0
2013-06-21,4.25,4.49,4.45,4.20,2432122.0,23798494.0
2013-06-20,4.39,4.48,4.35,4.33,1696109.0,16787940.0
2013-06-19,4.36,4.51,4.47,4.34,3084981.0,30699742.0
2013-06-18,4.46,4.74,4.46,4.46,6987928.0,71680504.0
2013-06-17,4.33,4.46,4.31,4.27,2028114.0,19921576.0
2013-06-14,4.22,4.32,4.31,4.22,904389.0,8672477.0
2013-06-13,4.31,4.31,4.20,4.16,1018526.0,9586582.0
2013-06-07,4.41,4.53,4.36,4.32,1234929.0,12216109.0
2013-06-06,4.46,4.49,4.40,4.37,1249434.0,12365673.0
2013-06-05,4.53,4.54,4.47,4.44,1496539.0,15008491.0
2013-06-04,4.59,4.68,4.49,4.49,2038089.0,20869356.0
2013-06-03,4.71,4.73,4.58,4.57,1783615.0,18562054.0
2013-05-31,4.67,4.74,4.70,4.63,2709105.0,28511360.0
2013-05-30,4.61,4.68,4.65,4.60,1722132.0,17917622.0
2013-05-29,4.57,4.65,4.63,4.55,2140163.0,22072836.0
2013-05-28,4.66,4.71,4.57,4.52,2490712.0,25511346.0
2013-05-27,4.63,4.74,4.67,4.62,2311433.0,24207900.0
2013-05-24,4.57,4.66,4.65,4.56,1598328.0,16472100.0
2013-05-23,4.60,4.67,4.56,4.55,2155342.0,22234906.0
2013-05-22,4.77,4.80,4.61,4.60,3705002.0,38786256.0
2013-05-21,4.74,4.82,4.80,4.74,3556197.0,37998308.0
2013-05-20,4.66,4.77,4.74,4.64,3835445.0,40471820.0
2013-05-17,4.65,4.71,4.66,4.61,3454174.0,35998460.0
2013-05-16,4.74,4.76,4.65,4.61,5422922.0,56936556.0
2013-05-15,4.49,4.74,4.74,4.44,6703507.0,69381792.0
2013-05-14,4.57,4.67,4.48,4.48,5926805.0,60444848.0
2013-05-13,4.41,4.46,4.45,4.38,1361140.0,13508798.0
2013-05-10,4.40,4.47,4.40,4.37,2088179.0,20667144.0
2013-05-09,4.42,4.45,4.40,4.33,2835006.0,27765118.0
2013-05-08,4.52,4.67,4.45,4.45,5570145.0,56548192.0
2013-05-07,4.43,4.46,4.46,4.36,1553974.0,15364489.0
2013-05-06,4.40,4.44,4.43,4.37,1075662.0,10629875.0
2013-05-03,4.28,4.40,4.37,4.24,1405740.0,13706735.0
2013-05-02,4.24,4.31,4.28,4.20,479103.0,4582100.0
2013-04-26,4.36,4.37,4.28,4.27,990922.0,9588872.0
2013-04-25,4.25,4.39,4.32,4.19,2073911.0,20047646.0
2013-04-24,4.15,4.23,4.23,4.12,659208.0,6256109.0
2013-04-23,4.22,4.23,4.15,4.12,747039.0,7065549.0
2013-04-22,4.16,4.21,4.21,4.16,507839.0,4819420.0
2013-04-19,4.14,4.22,4.18,4.13,926571.0,8791536.0
2013-04-18,4.01,4.13,4.11,4.01,362300.0,3361768.0
2013-04-17,4.06,4.10,4.09,4.02,349130.0,3208837.0
2013-04-16,3.94,4.07,4.07,3.92,429199.0,3898222.0
2013-04-15,4.07,4.09,3.96,3.94,471663.0,4242456.0
2013-04-12,4.13,4.15,4.07,4.05,305900.0,2852190.0
2013-04-11,4.11,4.16,4.13,4.11,332250.0,3106401.0
2013-04-10,4.09,4.13,4.10,4.08,277771.0,2577304.0
2013-04-09,4.11,4.15,4.12,4.10,602201.0,5613465.0
2013-04-08,4.02,4.10,4.09,3.93,824220.0,7459635.0
2013-04-03,4.11,4.11,4.05,4.03,689600.0,6344957.0
2013-04-02,4.16,4.18,4.10,4.09,1021906.0,9562394.0
2013-04-01,4.15,4.18,4.16,4.11,473151.0,4442246.0
2013-03-29,4.16,4.18,4.12,4.07,415263.0,3877983.0
2013-03-28,4.24,4.24,4.13,4.12,1086501.0,10253935.0
2013-03-27,4.28,4.32,4.27,4.24,1158548.0,11206672.0
2013-03-26,4.37,4.39,4.28,4.26,1216481.0,11816559.0
2013-03-25,4.42,4.42,4.37,4.35,885540.0,8760930.0
2013-03-22,4.44,4.45,4.41,4.35,1845747.0,18326304.0
2013-03-21,4.36,4.55,4.49,4.31,2704008.0,27239816.0
2013-03-20,4.24,4.40,4.34,4.24,1945483.0,19007670.0
2013-03-19,4.26,4.30,4.25,4.18,1205171.0,11555168.0
2013-03-18,4.36,4.36,4.26,4.25,2714175.0,26456414.0
2013-03-15,4.47,4.64,4.53,4.47,1930159.0,19952896.0
2013-03-14,4.52,4.53,4.46,4.42,1113620.0,11264580.0
2013-03-13,4.57,4.59,4.49,4.42,1890251.0,19132330.0
2013-03-12,4.78,4.85,4.57,4.56,2391926.0,25293178.0
2013-03-11,4.73,4.85,4.82,4.71,1482354.0,16119652.0
2013-03-08,4.77,4.82,4.75,4.75,1113061.0,12041222.0
2013-03-07,4.90,4.90,4.78,4.74,3747917.0,40617512.0
2013-03-06,4.93,5.08,4.92,4.89,3905678.0,43882560.0
2013-03-05,4.95,4.97,4.97,4.84,2804872.0,31250890.0
2013-03-04,4.87,5.00,4.95,4.74,5504384.0,60698940.0
2013-03-01,4.73,4.93,4.91,4.69,5194240.0,56496604.0
2013-02-28,4.71,4.78,4.76,4.64,4256209.0,45309428.0
2013-02-27,4.53,4.74,4.74,4.53,5600588.0,59023184.0
2013-02-26,4.44,4.67,4.55,4.43,4881178.0,50480624.0
2013-02-25,4.42,4.47,4.46,4.41,846504.0,8491371.0
2013-02-22,4.43,4.46,4.43,4.41,983583.0,9851679.0
2013-02-21,4.51,4.55,4.43,4.40,1681321.0,17029858.0
2013-02-20,4.40,4.52,4.52,4.40,1323751.0,13439283.0
2013-02-19,4.52,4.52,4.44,4.41,1070557.0,10755459.0
2013-02-18,4.51,4.53,4.51,4.47,907233.0,9238316.0
2013-02-08,4.45,4.51,4.50,4.42,1809767.0,18318784.0
2013-02-07,4.45,4.45,4.42,4.39,795358.0,7957853.0
2013-02-06,4.46,4.46,4.45,4.43,728220.0,7330015.0
2013-02-05,4.39,4.46,4.45,4.38,1076661.0,10794718.0
2013-02-04,4.43,4.47,4.43,4.38,1163665.0,11633801.0
2013-02-01,4.37,4.42,4.42,4.33,1048681.0,10425132.0
2013-01-31,4.36,4.41,4.37,4.32,949854.0,9337563.0
2013-01-30,4.39,4.41,4.39,4.35,924942.0,9149920.0
2013-01-29,4.33,4.41,4.38,4.33,1058997.0,10505203.0
2013-01-28,4.27,4.35,4.35,4.21,1036123.0,10070965.0
2013-01-25,4.20,4.29,4.21,4.17,829791.0,7927640.0
2013-01-24,4.34,4.40,4.20,4.17,2051878.0,19952258.0
2013-01-23,4.42,4.44,4.36,4.30,1873308.0,18448128.0
2013-01-22,4.56,4.63,4.42,4.38,3318517.0,33817468.0
2013-01-21,4.47,4.49,4.47,4.42,1439432.0,14484661.0
2013-01-18,4.42,4.46,4.45,4.40,2755169.0,27616582.0
2013-01-17,4.33,4.47,4.40,4.32,3438497.0,34230640.0
2013-01-16,4.39,4.39,4.32,4.26,2268856.0,22220540.0
2013-01-15,4.29,4.41,4.38,4.29,3257564.0,32191252.0
2013-01-14,4.13,4.30,4.28,4.13,1638739.0,15740911.0
2013-01-11,4.31,4.31,4.16,4.15,1715103.0,16483331.0
2013-01-10,4.23,4.31,4.31,4.23,1260345.0,12197962.0
2013-01-09,4.29,4.34,4.26,4.24,1522713.0,14783719.0
2013-01-08,4.26,4.35,4.31,4.22,1850759.0,17981044.0
2013-01-07,4.16,4.27,4.26,4.16,946031.0,9045941.0
2013-01-04,4.28,4.28,4.21,4.17,1160256.0,11074745.0
2012-12-31,4.19,4.29,4.23,4.17,886299.0,8451931.0
2012-12-28,4.12,4.24,4.20,4.12,1313949.0,12412012.0
2012-12-27,4.32,4.35,4.15,4.15,2529275.0,24272728.0
2012-12-26,4.13,4.29,4.27,4.10,2764878.0,26351446.0
2012-12-25,4.03,4.15,4.13,4.00,2077922.0,19282548.0
2012-12-24,3.97,4.04,4.03,3.96,1432663.0,12992768.0
2012-12-21,3.94,4.01,3.97,3.93,1543191.0,13837530.0
2012-12-20,3.92,3.95,3.93,3.89,858470.0,7612335.0
2012-12-19,3.90,3.94,3.92,3.90,507040.0,4493539.0
2012-12-18,3.92,3.97,3.90,3.88,1027342.0,9109457.0
2012-12-17,3.89,3.95,3.95,3.89,834123.0,7383707.0
2012-12-14,3.73,3.92,3.91,3.72,1552054.0,13546092.0
2012-12-13,3.77,3.83,3.74,3.73,531492.0,4533859.0
2012-12-12,3.81,3.82,3.79,3.75,420015.0,3587610.0
2012-12-11,3.86,3.86,3.80,3.80,588140.0,5086833.0
2012-12-10,3.78,3.88,3.86,3.78,933091.0,8090135.0
2012-12-07,3.71,3.82,3.80,3.70,774517.0,6616140.0
2012-12-06,3.72,3.76,3.73,3.71,629233.0,5310889.0
2012-12-05,3.59,3.76,3.72,3.57,1128753.0,9465066.0
2012-12-04,3.56,3.62,3.61,3.51,778638.0,6260437.0
2012-12-03,3.66,3.67,3.58,3.57,270400.0,2217209.0
2012-11-30,3.63,3.68,3.66,3.61,425245.0,3502777.0
2012-11-29,3.71,3.71,3.63,3.63,604239.0,5024761.0
2012-11-28,3.75,3.75,3.68,3.65,672990.0,5599272.0
2012-11-27,3.91,3.91,3.75,3.74,761150.0,6539907.0
2012-11-26,3.99,3.99,3.92,3.91,290200.0,2591428.0
2012-11-23,3.98,4.00,3.99,3.96,431646.0,3890734.0
2012-11-22,4.01,4.01,3.98,3.96,333569.0,3004465.0
2012-11-21,3.98,4.01,4.01,3.93,388321.0,3492139.0
2012-11-20,3.97,4.00,3.96,3.95,408234.0,3669183.0
2012-11-19,3.92,3.98,3.98,3.92,369040.0,3294635.0
2012-11-16,3.96,3.99,3.96,3.90,532675.0,4740945.0
2012-11-15,3.99,4.02,3.99,3.96,356419.0,3219494.0
2012-11-14,3.98,4.05,4.00,3.98,318257.0,2887476.0
2012-11-13,4.07,4.07,4.00,4.00,337514.0,3072395.0
2012-11-12,4.05,4.06,4.06,4.02,221400.0,2024678.0
2012-11-09,4.02,4.05,4.02,4.01,273530.0,2492398.0
2012-11-08,4.07,4.08,4.03,4.03,469900.0,4312301.0
2012-11-07,4.13,4.13,4.12,4.09,332500.0,3093153.0
2012-11-06,4.14,4.15,4.13,4.07,447558.0,4153051.0
2012-11-05,4.15,4.16,4.16,4.13,506075.0,4748113.0
2012-11-02,4.17,4.19,4.15,4.11,867964.0,8129860.0
2012-11-01,4.11,4.19,4.17,4.09,763670.0,7176416.0
2012-10-31,4.12,4.13,4.10,4.05,537550.0,4972283.0
2012-10-30,4.11,4.15,4.11,4.08,826826.0,7681423.0
2012-10-29,4.11,4.13,4.11,4.07,236290.0,2195769.0
2012-10-26,4.23,4.24,4.11,4.11,728178.0,6854421.0
2012-10-25,4.34,4.34,4.23,4.22,982709.0,9504594.0
2012-10-24,4.33,4.36,4.31,4.29,566384.0,5540637.0
2012-10-23,4.40,4.44,4.33,4.32,960021.0,9518471.0
2012-10-22,4.36,4.49,4.44,4.32,2087508.0,20849204.0
2012-10-19,4.34,4.37,4.37,4.31,1111950.0,10913517.0
2012-10-18,4.25,4.35,4.33,4.25,935577.0,9104759.0
2012-10-17,4.25,4.28,4.25,4.19,790786.0,7577536.0
2012-10-16,4.24,4.29,4.26,4.21,287689.0,2769611.0
2012-10-15,4.34,4.34,4.25,4.21,477300.0,4587511.0
2012-10-12,4.36,4.37,4.33,4.27,710429.0,6958617.0
2012-10-11,4.38,4.38,4.33,4.31,827280.0,8119566.0
2012-10-10,4.34,4.39,4.39,4.31,995493.0,9800262.0
2012-10-09,4.27,4.34,4.34,4.24,1759195.0,17128302.0
2012-10-08,4.29,4.29,4.24,4.21,437554.0,4186444.0
2012-09-28,4.20,4.28,4.27,4.17,620739.0,5938095.0
2012-09-27,4.16,4.25,4.21,4.13,687054.0,6523027.0
2012-09-26,4.28,4.34,4.12,4.11,1076997.0,10195528.0
2012-09-25,4.38,4.42,4.30,4.28,942020.0,9246345.0
2012-09-24,4.39,4.44,4.41,4.34,430399.0,4271335.0
2012-09-21,4.44,4.49,4.40,4.40,594113.0,5968133.0
2012-09-20,4.61,4.61,4.44,4.44,1441671.0,14662331.0
2012-09-19,4.59,4.64,4.62,4.58,455154.0,4749122.0
2012-09-18,4.66,4.66,4.59,4.55,759553.0,7922094.0
2012-09-17,4.90,4.90,4.67,4.67,1891099.0,20327770.0
2012-09-14,5.01,5.02,4.89,4.89,3408271.0,37961440.0
2012-09-13,5.04,5.05,4.98,4.98,1640700.0,18631792.0
2012-09-12,5.08,5.08,5.03,4.98,1934610.0,21950298.0
2012-09-11,5.03,5.11,5.03,4.98,3128755.0,35687720.0
2012-09-10,5.00,5.07,5.04,4.99,3049836.0,34667592.0
2012-09-07,5.04,5.12,5.07,4.93,3419426.0,38987880.0
2012-09-06,4.92,4.94,4.93,4.88,517827.0,5759455.0
2012-09-05,4.84,4.90,4.90,4.78,536843.0,5909695.0
2012-09-04,4.85,4.88,4.82,4.81,273814.0,2999276.0
2012-09-03,4.81,4.86,4.85,4.74,158025.0,1723798.0
2012-08-31,4.82,4.82,4.80,4.76,208571.0,2254631.0
2012-08-30,4.85,4.89,4.83,4.70,369372.0,4005410.0
2012-08-29,4.83,4.88,4.85,4.81,290623.0,3182612.0
2012-08-28,4.88,4.91,4.85,4.82,341880.0,3750425.0
2012-08-27,4.98,4.98,4.83,4.82,605025.0,6641362.0
2012-08-24,5.08,5.10,5.01,4.95,689123.0,7835433.0
2012-08-23,5.00,5.10,5.08,5.00,1002855.0,11500255.0
2012-08-22,5.01,5.05,5.03,5.00,278833.0,3171906.0
2012-08-21,5.01,5.08,5.05,4.93,599566.0,6828787.0
2012-08-20,4.97,4.98,4.98,4.89,190140.0,2121146.0
2012-08-17,4.97,4.97,4.97,4.92,126810.0,1415675.0
2012-08-16,4.99,4.99,4.96,4.92,149600.0,1674877.0
2012-08-15,4.93,4.97,4.97,4.93,105995.0,1188209.0
2012-08-14,4.93,4.98,4.97,4.90,200464.0,2240571.0
2012-08-13,5.01,5.05,4.96,4.96,201000.0,2271548.0
2012-08-10,5.07,5.08,5.03,5.01,291436.0,3321858.0
2012-08-09,5.05,5.08,5.05,5.02,457098.0,5221361.0
2012-08-08,5.08,5.08,5.05,5.03,209459.0,2391618.0
2012-08-07,5.04,5.08,5.08,5.01,269803.0,3084491.0
2012-08-06,4.96,5.06,5.03,4.92,259089.0,2929924.0
2012-08-03,4.92,4.97,4.96,4.87,211271.0,2355062.0
2012-08-02,4.94,4.94,4.91,4.87,138872.0,1539347.0
2012-08-01,4.94,4.94,4.94,4.85,166001.0,1837964.0
2012-07-31,4.96,4.97,4.87,4.87,121794.0,1346096.0
2012-07-30,4.96,5.01,4.97,4.91,149076.0,1666935.0
2012-07-27,5.01,5.01,4.96,4.94,110700.0,1242677.0
2012-07-26,4.97,5.01,4.96,4.94,172566.0,1941395.0
2012-07-25,4.93,4.98,4.96,4.92,134200.0,1506942.0
2012-07-24,4.91,4.98,4.93,4.89,140109.0,1560896.0
2012-07-23,4.97,4.97,4.89,4.88,154980.0,1726754.0
2012-07-20,5.00,5.08,4.98,4.97,197400.0,2234204.0
2012-07-19,5.02,5.07,5.02,4.94,203800.0,2311661.0
2012-07-18,4.92,5.00,5.00,4.92,127681.0,1432600.0
2012-07-17,4.90,4.98,4.93,4.90,124361.0,1386420.0
2012-07-16,5.16,5.16,4.91,4.91,418951.0,4756014.0
2012-07-13,5.21,5.21,5.16,5.14,210381.0,2462670.0
2012-07-12,5.13,5.20,5.19,5.11,341761.0,3992617.0
2012-07-11,5.13,5.18,5.16,5.11,232212.0,2709565.0
2012-07-10,5.14,5.21,5.16,5.14,157700.0,1838516.0
2012-07-09,5.27,5.34,5.16,5.16,410519.0,4855282.0
2012-07-06,5.24,5.34,5.34,5.16,362291.0,4300604.0
2012-07-05,5.35,5.36,5.24,5.23,332911.0,3979366.0
2012-07-04,5.34,5.39,5.35,5.34,327378.0,3971875.0
2012-07-03,5.31,5.40,5.34,5.31,353752.0,4286496.0
2012-07-02,5.31,5.39,5.36,5.26,380373.0,4585254.0
2012-06-29,5.17,5.25,5.25,5.13,178341.0,2095699.0
2012-06-28,5.21,5.24,5.19,5.18,178130.0,2098200.0
2012-06-27,5.20,5.29,5.20,5.20,306980.0,3640092.0
2012-06-26,5.22,5.25,5.22,5.14,150280.0,1765471.0
2012-06-25,5.34,5.39,5.22,5.21,305133.0,3647701.0
2012-06-21,5.44,5.44,5.29,5.28,363579.0,4396372.0
2012-06-20,5.29,5.38,5.35,5.29,277381.0,3342349.0
2012-06-19,5.35,5.35,5.30,5.28,178089.0,2136031.0
2012-06-18,5.30,5.39,5.35,5.28,368970.0,4459098.0
2012-06-15,5.30,5.31,5.31,5.22,300316.0,3577385.0
2012-06-14,5.29,5.30,5.25,5.25,334797.0,3995171.0
2012-06-13,5.21,5.29,5.28,5.19,312285.0,3713434.0
2012-06-12,5.24,5.24,5.21,5.16,219782.0,2588082.0
2012-06-11,5.13,5.26,5.24,5.13,266081.0,3139910.0
2012-06-08,5.20,5.21,5.13,5.11,186820.0,2175067.0
2012-06-07,5.20,5.22,5.10,5.08,321764.0,3756418.0
2012-06-06,5.24,5.24,5.16,5.16,186271.0,2186098.0
2012-06-05,5.22,5.24,5.19,5.19,238369.0,2807989.0
2012-06-04,5.32,5.32,5.21,5.21,364900.0,4337810.0
2012-06-01,5.36,5.41,5.37,5.35,318228.0,3872531.0
2012-05-31,5.33,5.40,5.37,5.32,395371.0,4796101.0
2012-05-30,5.33,5.39,5.36,5.32,392079.0,4751779.0
2012-05-29,5.28,5.38,5.35,5.26,456249.0,5502080.0
2012-05-28,5.26,5.29,5.29,5.16,502713.0,5955966.0
2012-05-25,5.35,5.39,5.27,5.26,520300.0,6257246.0
2012-05-24,5.38,5.41,5.37,5.36,273685.0,3333084.0
2012-05-23,5.42,5.43,5.38,5.36,404493.0,4925936.0
2012-05-22,5.44,5.47,5.43,5.37,850084.0,10402548.0
2012-05-21,5.44,5.48,5.41,5.35,439322.0,5372227.0
2012-05-18,5.66,5.66,5.47,5.46,991900.0,12425416.0
2012-05-17,5.65,5.67,5.67,5.51,1128755.0,14918834.0
2012-05-16,5.64,5.67,5.61,5.57,979310.0,12936399.0
2012-05-15,5.58,5.69,5.64,5.56,1674118.0,22229704.0
2012-05-14,5.59,5.69,5.59,5.53,965850.0,12742827.0
2012-05-11,5.55,5.60,5.55,5.54,433974.0,5682548.0
2012-05-10,5.54,5.63,5.57,5.52,516783.0,6784470.0
2012-05-09,5.61,5.61,5.54,5.52,595022.0,7771770.0
2012-05-08,5.60,5.66,5.64,5.58,1113950.0,14720122.0
2012-05-07,5.58,5.61,5.60,5.52,773453.0,10143810.0
2012-05-04,5.56,5.60,5.59,5.53,634293.0,8325205.0
2012-05-03,5.54,5.57,5.52,5.49,411515.0,5347246.0
2012-05-02,5.57,5.59,5.54,5.52,461693.0,6039692.0
2012-04-27,5.46,5.52,5.49,5.46,212761.0,2747631.0
2012-04-26,5.48,5.52,5.47,5.44,255231.0,3282546.0
2012-04-25,5.40,5.46,5.46,5.40,353317.0,4526577.0
2012-04-24,5.51,5.56,5.44,5.36,531277.0,6820484.0
2012-04-23,5.72,5.76,5.52,5.51,1252720.0,16522080.0
2012-04-20,5.78,5.83,5.78,5.68,1064486.0,14383306.0
2012-04-19,5.61,5.94,5.81,5.59,2308650.0,31195946.0
2012-04-17,5.55,5.61,5.54,5.54,278853.0,3649917.0
2012-04-16,5.57,5.63,5.57,5.55,339729.0,4461666.0
2012-04-13,5.61,5.69,5.64,5.60,437795.0,5808284.0
2012-04-12,5.53,5.61,5.60,5.53,388251.0,5098559.0
2012-04-11,5.45,5.55,5.50,5.45,126609.0,1639180.0
2012-04-10,5.48,5.51,5.50,5.41,208440.0,2676259.0
2012-04-09,5.55,5.55,5.51,5.51,255622.0,3323465.0
2012-04-06,5.53,5.58,5.55,5.51,244428.0,3192537.0
2012-04-05,5.52,5.56,5.56,5.46,504515.0,6543870.0
2012-03-30,5.58,5.58,5.46,5.43,304158.0,3931358.0
2012-03-29,5.53,5.66,5.51,5.48,478856.0,6268431.0
2012-03-28,6.03,6.05,5.76,5.74,529946.0,7283272.0
2012-03-27,5.97,6.08,6.06,5.97,494067.0,7017396.0
2012-03-26,5.97,6.01,5.96,5.91,263335.0,3683838.0
2012-03-23,5.95,6.08,6.01,5.92,361421.0,5105487.0
2012-03-22,5.92,6.02,6.00,5.92,337825.0,4752435.0
2012-03-21,6.03,6.08,5.97,5.89,449500.0,6325293.0
2012-03-20,6.12,6.14,5.99,5.99,447400.0,6373165.0
2012-03-19,6.05,6.17,6.17,6.01,591795.0,8483191.0
2012-03-16,6.02,6.05,6.04,5.92,469577.0,6634785.0
2012-03-15,6.06,6.11,5.95,5.91,815316.0,11497458.0
2012-03-14,6.36,6.37,6.06,6.00,1153830.0,17004750.0
2012-03-13,6.25,6.34,6.32,6.25,825272.0,12244353.0
2012-03-12,6.28,6.28,6.26,6.22,619624.0,9108054.0
2012-03-09,6.11,6.29,6.28,6.11,1245189.0,18264474.0
2012-03-08,6.04,6.14,6.12,6.04,469239.0,6735230.0
2012-03-07,5.96,6.07,6.05,5.95,460378.0,6534027.0
2012-03-06,6.16,6.16,6.04,5.99,372049.0,5291344.0
2012-03-05,6.13,6.19,6.16,6.12,667861.0,9677891.0
2012-03-02,6.07,6.14,6.13,6.03,539970.0,7749164.0
2012-03-01,5.98,6.05,6.01,5.96,374772.0,5304945.0
2012-02-29,6.07,6.08,5.98,5.96,593331.0,8405107.0
2012-02-28,6.19,6.19,6.08,6.01,895322.0,12803829.0
2012-02-24,6.17,6.23,6.21,6.12,920273.0,13393853.0
2012-02-23,6.20,6.23,6.17,6.12,1219533.0,17698824.0
2012-02-22,5.96,6.20,6.17,5.96,1437307.0,20683400.0
2012-02-21,5.93,6.01,6.01,5.83,838223.0,11684659.0
2012-02-20,5.94,5.97,5.88,5.87,541100.0,7535067.0
2012-02-17,5.89,5.97,5.86,5.80,500101.0,6898673.0
2012-02-16,5.92,5.98,5.88,5.86,676028.0,9432446.0
2012-02-15,5.90,5.97,5.94,5.83,628486.0,8751181.0
2012-02-14,5.92,5.95,5.87,5.83,382979.0,5288258.0
2012-02-13,5.82,5.94,5.91,5.73,743217.0,10259356.0
2012-02-10,5.74,6.06,5.83,5.74,773841.0,10668630.0
2012-02-09,5.77,5.83,5.76,5.71,715985.0,9732701.0
2012-02-08,5.55,5.72,5.72,5.53,546519.0,7289814.0
2012-02-07,5.66,5.69,5.58,5.56,297972.0,3932740.0
2012-02-06,5.65,5.73,5.69,5.64,389553.0,5210478.0
2012-02-03,5.55,5.67,5.65,5.55,410576.0,5430292.0
2012-02-02,5.55,5.56,5.55,5.47,181284.0,2359653.0
2012-02-01,5.47,5.58,5.47,5.45,195015.0,2536198.0
2012-01-31,5.58,5.58,5.48,5.44,226443.0,2921141.0
2012-01-30,5.61,5.61,5.55,5.52,267913.0,3506820.0
2012-01-20,5.52,5.58,5.55,5.47,280061.0,3652496.0
2012-01-19,5.40,5.52,5.50,5.36,250567.0,3223867.0
2012-01-18,5.63,5.63,5.39,5.34,358446.0,4602223.0
2012-01-17,5.33,5.61,5.55,5.24,392919.0,5024818.0
2012-01-16,5.40,5.44,5.24,5.23,221005.0,2767612.0
2012-01-13,5.72,5.78,5.44,5.40,354903.0,4620856.0
2012-01-12,5.68,5.77,5.72,5.66,317559.0,4264985.0
2012-01-11,5.73,5.81,5.74,5.69,389957.0,5272118.0
2012-01-10,5.58,5.78,5.77,5.57,482316.0,6489537.0
2012-01-09,5.39,5.60,5.59,5.35,320710.0,4157635.0
2012-01-06,5.32,5.41,5.39,5.26,153007.0,1917095.0
2012-01-05,5.55,5.56,5.38,5.35,259276.0,3316143.0
2012-01-04,5.74,5.81,5.55,5.54,239052.0,3208138.0
2011-12-30,5.69,5.72,5.72,5.63,241331.0,3229488.0
2011-12-29,5.61,5.69,5.63,5.61,172030.0,2290020.0
2011-12-28,5.75,5.75,5.65,5.53,283120.0,3743235.0
2011-12-27,5.92,5.95,5.74,5.69,289979.0,3972525.0
2011-12-26,5.90,5.99,5.92,5.90,129100.0,1809629.0
2011-12-23,5.95,6.03,5.94,5.82,279020.0,3914522.0
2011-12-22,5.99,6.20,5.91,5.82,540588.0,7545853.0
2011-12-21,6.26,6.33,6.09,6.09,328749.0,4815934.0
2011-12-20,6.31,6.37,6.25,6.21,448898.0,6660708.0
2011-12-19,6.37,6.37,6.31,6.12,595642.0,8745184.0
2011-12-16,6.30,6.42,6.37,6.25,1236401.0,18386972.0
2011-12-15,6.63,6.66,6.35,6.35,419069.0,6402424.0
2011-12-14,6.67,6.73,6.64,6.62,134300.0,2108637.0
2011-12-13,6.84,6.84,6.70,6.67,312377.0,4958417.0
2011-12-12,6.92,6.92,6.88,6.84,113051.0,1826628.0
2011-12-09,6.81,6.92,6.91,6.81,141422.0,2286676.0
2011-12-08,6.90,6.97,6.91,6.80,239268.0,3874172.0
2011-12-07,6.88,6.90,6.88,6.84,125202.0,2024778.0
2011-12-06,6.85,6.88,6.87,6.81,179205.0,2886452.0
2011-12-05,6.97,6.97,6.81,6.81,322801.0,5206097.0
2011-12-02,7.02,7.09,6.96,6.95,399707.0,6570357.0
2011-12-01,7.20,7.22,7.10,7.08,739600.0,12443737.0
2011-11-30,7.31,7.31,7.00,6.93,810778.0,13545054.0
2011-11-29,7.26,7.30,7.30,7.19,420804.0,7177608.0
2011-11-28,7.17,7.27,7.20,7.14,297548.0,5033706.0
2011-11-25,7.34,7.35,7.20,7.18,425495.0,7250051.0
2011-11-24,7.33,7.35,7.29,7.21,351319.0,6009003.0
2011-11-23,7.30,7.35,7.34,7.24,292250.0,5023369.0
2011-11-22,7.28,7.34,7.30,7.17,322397.0,5511799.0
2011-11-21,7.30,7.34,7.32,7.27,337571.0,5796937.0
2011-11-18,7.48,7.48,7.29,7.28,629515.0,10901786.0
2011-11-17,7.51,7.63,7.51,7.43,681390.0,12042313.0
2011-11-16,7.72,7.72,7.45,7.42,948605.0,16842270.0
2011-11-15,7.72,7.74,7.70,7.63,1086298.0,19630506.0
2011-11-14,7.64,7.75,7.71,7.61,2039646.0,36911980.0
2011-11-11,7.52,7.67,7.57,7.50,1580956.0,28284172.0
2011-11-10,7.44,7.63,7.53,7.39,1818532.0,32354164.0
2011-11-09,7.41,7.47,7.47,7.32,565657.0,9868516.0
2011-11-08,7.48,7.54,7.36,7.35,559022.0,9788414.0
2011-11-07,7.52,7.59,7.50,7.48,395501.0,7005093.0
2011-11-04,7.60,7.60,7.52,7.49,574102.0,10174888.0
2011-11-03,7.54,7.72,7.52,7.51,960246.0,17221720.0
2011-11-02,7.31,7.55,7.54,7.26,654130.0,11423158.0
2011-11-01,7.36,7.48,7.39,7.36,308780.0,5395804.0
2011-10-31,7.43,7.49,7.46,7.40,382742.0,6705888.0
2011-10-28,7.32,7.44,7.42,7.31,488428.0,8465096.0
2011-10-27,7.34,7.37,7.29,7.27,298253.0,5129996.0
2011-10-26,7.23,7.44,7.34,7.23,395813.0,6855388.0
2011-10-25,7.15,7.35,7.32,7.10,406908.0,6930339.0
2011-10-24,7.08,7.15,7.14,6.99,238073.0,3966127.0
2011-10-21,7.10,7.16,7.07,7.04,183139.0,3056622.0
2011-10-20,7.33,7.33,7.10,7.10,433400.0,7304133.0
2011-10-19,7.28,7.35,7.28,7.26,231926.0,3984556.0
2011-10-18,7.56,7.56,7.27,7.27,463389.0,8065303.0
2011-10-17,7.55,7.61,7.59,7.52,305082.0,5433493.0
2011-10-14,7.53,7.60,7.52,7.47,417146.0,7376436.0
2011-10-13,7.48,7.66,7.61,7.45,839653.0,14968294.0
2011-10-12,7.36,7.54,7.52,7.30,1190157.0,20829324.0
2011-10-11,7.48,7.56,7.36,7.30,161202.0,2812163.0
2011-10-10,7.48,7.50,7.36,7.35,138449.0,2412118.0
2011-09-30,7.44,7.51,7.43,7.36,191957.0,3349859.0
2011-09-29,7.39,7.56,7.48,7.34,467670.0,8234717.0
2011-09-28,7.62,7.67,7.41,7.39,226508.0,4007978.0
2011-09-27,7.69,7.70,7.58,7.53,197500.0,3529423.0
2011-09-26,7.67,7.71,7.58,7.56,263668.0,4735842.0
2011-09-23,7.64,7.74,7.69,7.59,283741.0,5114619.0
2011-09-22,7.85,7.89,7.73,7.73,214295.0,3929512.0
2011-09-21,7.68,7.91,7.87,7.68,340463.0,6281322.0
2011-09-20,7.62,7.71,7.68,7.60,217441.0,3917512.0
2011-09-19,7.78,7.85,7.66,7.66,231377.0,4199079.0
2011-09-16,7.93,7.95,7.85,7.82,267792.0,4956847.0
2011-09-15,7.87,7.97,7.89,7.87,271426.0,5058415.0
2011-09-14,7.81,7.86,7.86,7.74,253164.0,4645348.0
2011-09-13,7.79,7.79,7.75,7.70,224344.0,4084797.0
2011-09-09,7.84,7.97,7.81,7.78,252590.0,4666993.0
2011-09-08,8.03,8.12,7.85,7.85,384030.0,7198240.0
2011-09-07,7.87,8.02,8.01,7.87,507156.0,9487606.0
2011-09-06,7.82,7.90,7.80,7.76,386838.0,7120196.0
2011-09-05,8.04,8.07,7.87,7.85,631061.0,11778515.0
2011-09-02,8.17,8.26,8.09,7.99,697739.0,13298646.0
2011-09-01,8.30,8.41,8.22,8.17,549230.0,10724471.0
2011-08-31,8.38,8.45,8.29,8.21,659386.0,12896513.0
2011-08-30,8.61,8.69,8.38,8.37,1004376.0,20168336.0
2011-08-29,8.72,8.78,8.59,8.58,1127096.0,23055390.0
2011-08-26,8.51,8.78,8.72,8.51,1773981.0,36176488.0
2011-08-25,8.64,8.70,8.58,8.42,1604165.0,32173170.0
2011-08-24,8.74,8.79,8.65,8.59,1647399.0,33608668.0
2011-08-23,8.46,8.75,8.70,8.38,1879025.0,38029008.0
2011-08-22,8.32,8.56,8.42,8.32,900670.0,17884714.0
2011-08-19,8.20,8.44,8.39,8.07,1052595.0,20507334.0
2011-08-18,8.49,8.55,8.34,8.33,1232465.0,24465110.0
2011-08-17,8.59,8.68,8.50,8.39,1652865.0,33054272.0
2011-08-16,8.84,8.92,8.58,8.50,2381492.0,48734364.0
2011-08-15,8.83,8.88,8.83,8.75,2207406.0,45808304.0
2011-08-12,8.75,8.99,8.86,8.60,4718320.0,97879752.0
2011-08-11,8.18,8.65,8.65,8.09,3860993.0,77455264.0
2011-08-10,8.45,8.49,8.35,8.30,3479533.0,68865568.0
2011-08-09,7.85,8.24,8.23,7.71,2154514.0,40837008.0
2011-08-08,8.12,8.40,8.08,7.79,2466432.0,47181692.0
2011-08-05,8.02,8.41,8.22,7.65,1646900.0,31686388.0
2011-08-04,8.28,8.44,8.29,8.16,2202344.0,43040596.0
2011-08-03,8.12,8.39,8.27,8.10,3760757.0,73477896.0
2011-08-02,7.88,8.27,8.26,7.82,4584814.0,87852280.0
2011-08-01,7.71,7.94,7.86,7.65,892843.0,16441737.0
2011-07-29,7.86,7.88,7.72,7.68,834762.0,15289454.0
2011-07-28,7.77,7.92,7.86,7.66,1099172.0,20249334.0
2011-07-27,7.67,7.82,7.82,7.58,541776.0,9882805.0
2011-07-26,7.76,7.81,7.65,7.61,701786.0,12660190.0
2011-07-25,8.01,8.02,7.76,7.75,719440.0,13302401.0
2011-07-22,8.01,8.06,8.01,7.96,505564.0,9519371.0
2011-07-21,8.01,8.03,7.96,7.94,689642.0,12930194.0
2011-07-20,8.08,8.18,8.04,7.95,1084209.0,20495954.0
2011-07-19,8.27,8.27,8.07,8.00,1618879.0,30832506.0
2011-07-18,8.24,8.39,8.27,8.24,1390257.0,27136494.0
2011-07-15,8.17,8.36,8.23,8.14,2850990.0,55378896.0
2011-07-14,7.98,8.15,8.15,7.95,1537705.0,29124144.0
2011-07-13,7.80,7.99,7.96,7.79,1160126.0,21645912.0
2011-07-12,8.12,8.12,7.90,7.82,1503121.0,28006458.0
2011-07-11,8.07,8.18,8.15,8.03,411575.0,7846968.0
2011-07-08,8.20,8.23,8.13,8.10,369221.0,7069876.0
2011-07-07,8.16,8.31,8.20,8.08,1346136.0,25983406.0
2011-07-06,7.99,8.10,8.10,7.94,1046985.0,19815080.0
2011-07-05,7.99,8.03,7.98,7.88,497781.0,9325132.0
2011-07-04,7.90,7.97,7.96,7.85,658818.0,12301485.0
2011-07-01,7.68,8.01,7.85,7.68,1561922.0,28965512.0
2011-06-30,7.53,7.71,7.70,7.53,1813825.0,32619888.0
2011-06-29,7.68,7.70,7.52,7.52,715891.0,12841700.0
2011-06-28,7.75,7.81,7.70,7.67,526058.0,9536753.0
2011-06-27,7.77,7.86,7.77,7.74,537437.0,9859464.0
2011-06-24,7.52,7.76,7.71,7.52,641257.0,11547954.0
2011-06-23,7.43,7.59,7.56,7.26,598408.0,10525398.0
2011-06-22,7.48,7.54,7.39,7.38,278740.0,4870730.0
2011-06-21,7.42,7.51,7.48,7.40,196801.0,3453587.0
2011-06-20,7.53,7.64,7.42,7.42,243189.0,4261845.0
2011-06-17,7.70,7.71,7.62,7.59,218977.0,3925828.0
2011-06-16,7.79,7.83,7.70,7.70,178811.0,3263682.0
2011-06-15,7.90,7.93,7.84,7.84,140650.0,2608617.0
2011-06-14,7.87,7.94,7.90,7.82,252549.0,4684608.0
2011-06-13,7.89,7.89,7.85,7.77,129658.0,2387174.0
2011-06-10,8.13,8.13,7.96,7.88,364810.0,6851635.0
2011-06-09,8.21,8.22,8.15,8.13,141900.0,2729613.0
2011-06-08,8.17,8.22,8.21,8.13,101007.0,1941971.0
2011-06-07,8.19,8.25,8.24,8.16,120847.0,2340113.0
2011-06-03,8.10,8.26,8.16,8.10,174995.0,3377852.0
2011-06-02,8.18,8.20,8.10,8.07,214491.0,4093055.0
2011-06-01,8.16,8.26,8.24,8.16,160345.0,3106541.0
2011-05-31,8.10,8.23,8.21,8.10,176585.0,3393627.0
2011-05-30,8.12,8.26,8.13,8.12,236655.0,4559672.0
2011-05-27,8.23,8.49,8.23,8.23,265500.0,5170515.0
2011-05-26,8.52,8.65,8.41,8.40,229590.0,4584752.0
2011-05-25,8.70,8.80,8.49,8.48,335001.0,6751857.0
2011-05-24,8.73,8.86,8.78,8.52,343539.0,7022251.0
2011-05-23,9.01,9.01,8.73,8.72,367605.0,7690685.0
2011-05-20,9.18,9.18,9.03,9.03,145908.0,3110704.0
2011-05-19,9.23,9.23,9.14,9.14,181191.0,3916568.0
2011-05-18,9.20,9.23,9.19,9.15,142619.0,3082589.0
2011-05-17,9.19,9.26,9.22,9.13,283817.0,6163694.0
2011-05-16,8.99,9.24,9.18,8.99,513390.0,11106013.0
2011-05-12,9.04,9.08,9.03,9.03,229690.0,4892697.0
2011-05-11,9.08,9.14,9.08,9.08,321811.0,6895976.0
2011-05-10,9.07,9.11,9.08,9.03,213652.0,4552536.0
2011-05-09,9.03,9.19,9.07,9.03,344801.0,7383348.0
2011-05-06,9.04,9.09,9.04,8.98,286798.0,6097014.0
2011-05-05,9.17,9.17,9.09,8.93,541035.0,11504667.0
2011-05-04,9.23,9.23,9.17,9.16,338801.0,7320069.0
2011-05-03,9.15,9.23,9.22,9.15,447831.0,9673461.0
2011-04-29,9.18,9.22,9.15,9.13,479287.0,10328748.0
2011-04-28,9.37,9.37,9.14,9.14,596022.0,12888087.0
2011-04-27,9.54,9.60,9.27,9.22,762142.0,16888434.0
2011-04-26,9.72,9.72,9.54,9.54,794300.0,17929772.0
2011-04-25,9.93,9.93,9.75,9.73,780061.0,17940754.0
2011-04-22,10.07,10.11,9.93,9.91,870710.0,20468724.0
2011-04-21,10.11,10.11,10.07,10.05,455399.0,10802366.0
2011-04-20,10.07,10.11,10.10,10.05,337841.0,8016283.0
2011-04-19,10.05,10.12,10.07,10.05,524257.0,12434212.0
2011-04-18,10.10,10.18,10.09,10.06,748277.0,17770356.0
2011-04-15,10.36,10.37,10.16,10.11,1156688.0,27735406.0
2011-04-14,10.44,10.44,10.36,10.33,357870.0,8732816.0
2011-04-13,10.33,10.43,10.43,10.33,322272.0,7873653.0
2011-04-12,10.40,10.47,10.35,10.34,569774.0,13889329.0
2011-04-11,10.53,10.53,10.40,10.39,452841.0,11097306.0
2011-04-08,10.42,10.48,10.47,10.38,471071.0,11593294.0
2011-04-07,10.35,10.41,10.40,10.33,391100.0,9548678.0
2011-04-06,10.40,10.44,10.38,10.33,443221.0,10815968.0
2011-04-01,10.38,10.45,10.44,10.38,305599.0,7490902.0
2011-03-31,10.37,10.48,10.38,10.35,711785.0,17404324.0
2011-03-30,10.46,10.53,10.38,10.37,846206.0,20747556.0
2011-03-29,10.76,10.84,10.48,10.45,1825950.0,45428628.0
2011-03-28,10.86,10.86,10.84,10.76,1310270.0,33306940.0
2011-03-25,10.79,10.90,10.80,10.74,1931578.0,49063984.0
2011-03-24,10.92,11.01,10.84,10.84,2614537.0,66920604.0
2011-03-23,10.79,11.13,11.01,10.71,5118860.0,131779680.0
2011-03-22,10.76,11.02,10.84,10.65,9593147.0,243917712.0
