date,amount,close,high,low,open,volume
2015-11-27,301910272.0,20.34,22.68,20.34,22.40,14027853.0
2015-11-26,345916448.0,22.60,23.68,22.52,23.60,14989424.0
2015-11-25,318595424.0,23.38,23.65,22.98,23.10,13677722.0
2015-11-24,288757120.0,23.08,23.15,22.34,22.72,12705122.0
2015-11-23,517361120.0,23.00,24.18,22.70,23.30,22269404.0
2015-11-20,475462784.0,23.28,23.50,21.79,21.95,20965092.0
2015-11-19,221408624.0,21.90,22.09,21.09,21.49,10234250.0
2015-11-18,282360256.0,21.48,22.44,21.20,22.35,12883083.0
2015-11-17,501469664.0,22.40,22.77,21.47,21.80,22668516.0
2015-11-16,241837152.0,21.55,21.64,20.30,20.31,11426116.0
2015-11-13,327080448.0,20.98,21.80,20.80,21.80,15378649.0
2015-11-12,442734336.0,22.17,22.80,21.91,22.68,19898272.0
2015-11-11,449569120.0,22.84,22.85,21.22,21.50,20397992.0
2015-11-10,472726496.0,21.52,22.60,21.08,21.48,21634462.0
2015-11-09,531350880.0,21.75,22.31,20.22,20.60,25250870.0
2015-11-06,399448704.0,20.94,20.94,19.72,19.80,19574182.0
2015-11-05,460264512.0,20.06,21.00,19.91,20.99,22523340.0
2015-11-04,311436832.0,20.36,20.36,18.61,18.61,15944957.0
2015-11-03,255094960.0,18.51,19.49,18.18,19.32,13672850.0
2015-11-02,412734464.0,19.06,20.54,18.63,19.55,21074756.0
2015-10-30,571724992.0,20.59,21.39,20.01,21.00,27625006.0
2015-10-29,1023886144.0,21.64,21.64,20.11,20.80,48513548.0
2015-10-28,27123572.0,19.67,19.67,19.67,19.67,1378931.0
2015-10-27,21713526.0,17.88,17.88,17.88,17.88,1214403.0
2015-07-03,222423280.0,16.25,18.45,16.25,16.98,13372931.0
2015-07-02,170527440.0,18.06,20.49,18.06,19.20,9152328.0
2015-07-01,247426192.0,20.07,23.20,20.07,21.85,11291024.0
2015-06-30,230555136.0,22.30,23.20,20.16,20.16,10701409.0
2015-06-29,80067424.0,22.40,26.00,22.40,26.00,3473773.0
2015-06-26,108118512.0,24.89,26.62,24.89,26.62,4279276.0
2015-06-25,134366624.0,27.66,30.37,27.11,30.00,4656538.0
2015-06-24,148330752.0,30.00,30.20,28.65,30.10,5006522.0
2015-06-23,123987208.0,29.85,29.88,26.39,28.47,4357405.0
2015-06-19,146858192.0,28.50,30.00,27.80,28.54,5068861.0
2015-06-18,210474480.0,30.72,32.68,30.70,31.30,6608965.0
2015-06-17,197177328.0,31.70,32.25,29.31,31.30,6386695.0
2015-06-16,239791136.0,31.07,33.56,30.67,33.05,7473092.0
2015-06-15,240361504.0,33.93,36.97,33.92,36.80,6837149.0
2015-06-12,268554592.0,36.72,36.85,34.91,36.15,7444221.0
2015-06-11,228482000.0,35.55,35.80,34.95,35.63,6465790.0
2015-06-10,181306832.0,35.53,36.20,34.39,34.84,5097029.0
2015-06-09,266759312.0,35.34,36.10,34.01,36.00,7603054.0
2015-06-08,238231168.0,36.21,38.98,36.20,38.51,6404335.0
2015-06-05,355724576.0,39.40,40.65,38.00,38.80,9055193.0
2015-06-04,284928192.0,38.85,39.00,35.50,38.22,7653548.0
2015-06-03,225773808.0,38.22,39.97,37.00,39.89,5876378.0
2015-06-02,283073920.0,39.65,39.93,35.54,36.30,7632824.0
2015-06-01,292359392.0,36.30,36.50,34.60,34.90,8236951.0
2015-05-29,251005072.0,34.50,36.55,32.95,35.40,7145971.0
2015-05-28,306011424.0,34.81,38.50,33.84,38.29,8359818.0
2015-05-27,201872128.0,37.60,38.40,36.31,37.65,5399332.0
2015-05-26,224949984.0,37.65,38.80,35.59,35.65,6004379.0
2015-05-25,328236800.0,35.63,36.22,34.22,34.28,9351313.0
2015-05-22,305572640.0,35.04,35.96,34.21,35.95,8742268.0
2015-05-21,279450432.0,35.29,36.16,34.18,34.81,7881222.0
2015-05-20,324924352.0,34.76,36.26,33.24,33.47,9339907.0
2015-05-19,282335904.0,32.96,32.96,29.67,29.75,8941977.0
2015-05-18,205209216.0,29.97,31.18,29.67,30.22,6776331.0
2015-05-15,266878464.0,30.50,31.96,28.17,29.76,8892865.0
2015-05-14,124971808.0,29.87,30.60,29.58,30.02,4152701.0
2015-05-13,168330992.0,30.41,30.46,28.65,29.76,5666963.0
2015-05-12,203702560.0,30.15,30.53,28.47,29.15,6882698.0
2015-05-11,220980640.0,29.27,29.57,28.45,28.94,7627850.0
2015-05-08,147301936.0,29.15,29.15,26.87,27.05,5325682.0
2015-05-07,114147592.0,26.94,28.17,26.41,27.77,4233690.0
2015-05-06,91046360.0,27.70,29.75,27.57,29.34,3169101.0
2015-05-05,112756872.0,29.07,31.14,28.97,31.14,3798569.0
2015-05-04,111021504.0,31.46,31.81,30.47,31.40,3588563.0
2015-04-30,187189664.0,31.77,32.30,30.74,31.69,5929593.0
2015-04-29,196336832.0,31.67,31.96,30.10,30.20,6273372.0
2015-04-28,144330240.0,30.75,31.46,28.97,30.77,4787260.0
2015-04-27,197642352.0,30.91,31.61,29.16,29.28,6583690.0
2015-04-24,159243056.0,29.24,29.67,27.42,28.18,5517280.0
2015-04-23,142244592.0,28.56,29.85,28.32,29.36,4917841.0
2015-04-22,217838640.0,29.50,30.52,28.00,28.55,7470575.0
2015-04-21,171237552.0,28.65,28.86,26.47,26.67,6168537.0
2015-04-20,156173632.0,26.77,27.36,25.99,26.47,5817454.0
2015-04-17,197453632.0,26.86,27.75,25.69,26.47,7355827.0
2015-04-16,175387536.0,26.35,26.96,24.90,24.95,6688226.0
2015-04-15,124631560.0,24.87,27.16,24.86,26.49,4784053.0
2015-04-14,177523088.0,26.52,27.73,25.69,27.05,6624662.0
2015-04-13,206326192.0,26.98,27.75,25.12,25.42,7780399.0
2015-04-10,226840128.0,25.35,25.84,24.00,24.00,8934731.0
2015-04-09,226475840.0,24.67,25.12,22.53,24.95,9537250.0
2015-04-08,179970752.0,24.95,25.24,23.79,24.87,7269420.0
2015-04-07,247240384.0,25.07,25.31,24.25,24.67,10001146.0
2015-04-03,317463008.0,24.81,25.67,24.12,25.47,12852004.0
2015-04-02,251094976.0,25.16,25.16,22.97,22.97,10047941.0
2015-04-01,223734096.0,22.87,23.50,21.16,21.34,9890071.0
2015-03-31,176841376.0,21.37,21.58,20.38,20.51,8398784.0
2015-03-30,103917184.0,20.43,20.72,20.26,20.72,5088151.0
2015-03-27,83049728.0,20.73,20.89,20.22,20.35,4034320.0
2015-03-26,111559248.0,20.41,20.59,20.02,20.58,5485608.0
2015-03-25,167676096.0,20.78,21.28,20.49,21.11,8088704.0
2015-03-24,110844928.0,21.28,21.73,20.56,21.73,5217156.0
2015-03-23,105981816.0,21.75,22.08,21.38,21.65,4878799.0
2015-03-20,93440424.0,21.75,22.10,21.44,22.10,4304878.0
2015-03-19,113426816.0,22.37,22.47,21.49,22.36,5163702.0
2015-03-18,67875104.0,22.42,22.47,21.53,22.18,3051813.0
2015-03-17,103442176.0,22.16,22.17,21.22,21.58,4789391.0
2015-03-16,109468968.0,21.75,21.98,21.03,21.98,5057197.0
2015-03-13,143865296.0,21.55,21.71,20.51,20.51,6734021.0
2015-03-12,146015664.0,20.73,21.09,19.68,20.84,7104883.0
2015-03-11,139874048.0,20.68,20.81,19.61,19.98,6928304.0
2015-03-10,77825352.0,20.08,20.10,19.10,19.56,3948852.0
2015-03-09,70620464.0,19.48,19.48,18.68,18.97,3688789.0
2015-03-06,115603368.0,19.20,20.08,18.57,20.08,6020992.0
2015-03-05,112238248.0,20.18,20.97,19.53,20.08,5510631.0
2015-03-04,119921896.0,20.14,20.15,18.98,19.64,6151007.0
2015-03-03,125905216.0,19.63,20.31,19.38,20.04,6335905.0
2015-03-02,149737360.0,20.10,20.56,19.48,19.97,7417661.0
2015-02-27,102384760.0,19.36,19.55,18.78,19.46,5323247.0
2015-02-26,182598000.0,19.50,19.90,17.89,18.08,9497991.0
2015-02-25,114722304.0,18.13,18.13,17.39,17.68,6409608.0
2015-02-17,42754692.0,17.56,17.97,17.47,17.74,2422781.0
2015-02-16,66712476.0,17.83,17.97,17.40,17.78,3775909.0
2015-02-13,82506288.0,17.67,17.67,16.67,16.78,4787654.0
2015-02-12,23379168.0,16.67,16.68,16.40,16.67,1410053.0
2015-02-11,23212522.0,16.62,16.75,16.14,16.33,1397428.0
2015-02-10,16065758.0,16.33,16.43,15.87,15.99,988750.0
2015-02-09,35457520.0,16.15,16.67,16.14,16.67,2165665.0
2015-02-06,55019768.0,16.38,16.53,15.83,16.40,3385786.0
2015-02-05,74481712.0,16.39,16.78,16.29,16.59,4509933.0
2015-02-04,105006488.0,16.65,17.32,16.18,17.32,6253550.0
2015-02-03,27248250.0,17.32,17.36,17.01,17.08,1577293.0
2015-02-02,22970306.0,17.05,17.10,16.59,16.68,1356437.0
2015-01-30,26320010.0,16.90,17.47,16.89,17.30,1536978.0
2015-01-29,55560176.0,17.29,18.07,17.26,18.07,3183099.0
2015-01-28,49574376.0,17.95,18.36,17.78,18.17,2738810.0
2015-01-27,36185220.0,18.02,18.13,17.58,17.94,2016933.0
2015-01-26,30071264.0,17.96,18.03,17.58,17.78,1675896.0
2015-01-23,55034140.0,17.78,18.47,17.74,18.39,3068926.0
2015-01-22,57430340.0,18.39,18.48,18.00,18.23,3128808.0
2015-01-21,67858192.0,18.21,18.45,17.84,17.99,3738697.0
2015-01-20,107783176.0,18.17,18.48,17.34,17.46,6008744.0
2015-01-19,94187680.0,17.29,17.66,16.16,16.63,5553973.0
2015-01-16,74993032.0,16.84,17.01,16.55,17.00,4472422.0
2015-01-15,28075150.0,16.99,17.34,16.79,17.18,1637007.0
2015-01-14,48631356.0,17.19,17.38,16.50,17.08,2874033.0
2015-01-13,81888032.0,17.08,17.31,15.98,16.37,4878736.0
2015-01-12,62136700.0,16.21,17.20,15.98,17.18,3768377.0
2015-01-09,54261944.0,17.13,17.50,17.08,17.43,3129959.0
2015-01-08,37458160.0,17.32,17.46,17.19,17.35,2158147.0
2015-01-07,55936440.0,17.18,17.75,16.98,17.73,3221331.0
2015-01-06,78020144.0,17.61,17.78,16.96,17.78,4481888.0
2015-01-05,72989552.0,17.78,17.93,17.00,17.54,4150400.0
2014-12-31,89136064.0,17.81,17.81,16.58,16.61,5170337.0
2014-12-30,131253864.0,17.44,19.43,17.44,19.43,7367447.0
2014-12-29,224796672.0,19.38,20.28,19.02,20.28,11706396.0
2014-12-17,116975944.0,21.13,21.26,19.69,20.28,5661963.0
2014-12-16,47791072.0,20.32,20.88,20.13,20.68,2342803.0
2014-12-15,85434712.0,20.68,20.77,19.82,19.82,4201104.0
2014-12-12,48470256.0,19.76,20.13,19.21,19.86,2471631.0
2014-12-11,81059768.0,19.68,21.08,19.08,19.41,4051087.0
2014-12-10,141027312.0,19.35,19.69,17.99,18.28,7390590.0
2014-12-09,131910976.0,18.32,19.97,17.88,19.81,6943473.0
2014-12-08,106588464.0,19.78,20.58,18.98,19.98,5337187.0
2014-12-05,228228096.0,20.68,20.98,18.87,20.93,11409855.0
2014-12-04,210989696.0,20.97,21.96,20.40,20.58,9942718.0
2014-12-03,243749632.0,20.77,20.77,17.61,18.88,12639867.0
2014-12-02,122130584.0,18.88,19.08,18.25,18.64,6515148.0
2014-12-01,210450176.0,18.62,19.98,18.28,19.98,11138728.0
2014-11-28,191767760.0,19.04,19.04,17.14,17.18,10320444.0
2014-11-27,73590744.0,17.31,17.38,16.81,17.06,4307962.0
2014-11-26,85534304.0,17.06,17.48,16.99,17.15,4948068.0
2014-11-25,118465344.0,17.15,17.43,16.78,16.78,6839061.0
2014-11-24,163592160.0,16.91,17.22,16.29,16.29,9649121.0
2014-11-21,52253044.0,15.65,15.65,15.00,15.08,3379026.0
2014-11-20,40518116.0,15.09,15.31,15.03,15.03,2670127.0
2014-11-19,44706052.0,15.10,15.23,14.49,14.49,2973133.0
2014-11-18,15879009.0,14.48,14.83,14.46,14.70,1082600.0
2014-11-17,20397510.0,14.70,14.87,14.37,14.48,1383481.0
2014-11-14,25225754.0,14.50,14.50,14.03,14.24,1761940.0
2014-11-13,28597448.0,14.19,14.62,13.98,14.62,1998199.0
2014-11-12,25410886.0,14.54,14.68,14.25,14.25,1744001.0
2014-11-11,62310948.0,14.51,15.16,14.20,15.11,4277450.0
2014-11-10,34988500.0,15.06,15.33,14.86,15.23,2316707.0
2014-11-07,36883652.0,15.18,15.60,15.13,15.49,2383998.0
2014-11-06,34134276.0,15.49,15.50,14.98,15.04,2236339.0
2014-11-05,32522986.0,15.09,15.54,14.93,15.50,2139958.0
2014-11-04,33894708.0,15.38,15.60,15.33,15.33,2188790.0
2014-11-03,41312756.0,15.38,15.47,15.29,15.43,2681732.0
2014-10-31,57291208.0,15.36,16.01,15.26,15.99,3686844.0
2014-10-30,30437620.0,15.99,16.05,15.75,15.93,1908891.0
2014-10-29,55857316.0,15.92,16.27,15.90,16.23,3473118.0
2014-10-28,47866208.0,16.22,16.31,15.60,15.60,2980465.0
2014-10-27,22716522.0,15.60,15.68,15.11,15.13,1472844.0
2014-10-24,23851102.0,15.24,15.33,14.93,15.16,1573008.0
2014-10-23,31807212.0,15.08,15.50,15.00,15.18,2090499.0
2014-10-22,41771324.0,15.42,15.90,15.23,15.71,2691796.0
2014-10-21,41647708.0,15.81,16.38,15.80,16.26,2598056.0
2014-10-20,20645318.0,16.37,16.48,15.99,16.48,1262275.0
2014-10-17,50764000.0,16.18,16.28,15.88,16.15,3142941.0
2014-10-16,42631324.0,16.19,16.58,16.03,16.16,2592795.0
2014-10-15,49497856.0,16.25,16.48,15.96,16.44,3062117.0
2014-10-14,44826268.0,16.31,16.76,16.28,16.70,2725614.0
2014-10-13,50046684.0,16.58,16.66,16.05,16.52,3062964.0
2014-10-10,77897624.0,16.66,17.31,16.66,17.31,4607183.0
2014-10-09,53738400.0,17.34,17.64,17.02,17.50,3103386.0
2014-10-08,73065280.0,17.50,17.66,16.84,16.84,4217442.0
2014-09-30,45499872.0,16.83,17.21,16.78,17.00,2689985.0
2014-09-29,47765516.0,17.03,17.47,16.88,17.22,2791799.0
2014-09-26,87258400.0,17.21,17.27,16.43,16.56,5142903.0
2014-09-25,57149640.0,16.56,17.05,16.33,16.39,3415106.0
2014-09-24,59417152.0,16.45,16.57,16.05,16.05,3612627.0
2014-09-23,59186176.0,16.26,16.37,15.81,16.18,3673568.0
2014-09-22,67486944.0,16.13,16.78,16.06,16.63,4137361.0
2014-09-19,61362324.0,16.84,17.17,16.57,16.78,3618049.0
2014-09-18,80088752.0,16.65,16.90,15.91,16.01,4827209.0
2014-09-17,65803228.0,15.91,16.41,15.66,16.16,4133381.0
2014-09-16,92922624.0,16.16,17.22,16.10,17.19,5575333.0
2014-09-15,117745192.0,17.18,17.28,16.53,17.16,6969822.0
2014-09-12,134712080.0,17.03,17.58,16.73,16.93,7878552.0
2014-09-11,149571376.0,17.13,17.68,16.88,17.15,8662876.0
2014-09-10,234474000.0,17.20,17.62,15.78,16.02,13920117.0
2014-09-09,118068912.0,16.10,16.47,16.00,16.19,7277639.0
2014-09-05,214316416.0,16.41,16.78,15.55,15.76,13239052.0
2014-09-04,479939904.0,16.07,17.07,15.85,16.35,29451832.0
2014-09-03,25190826.0,15.86,15.86,15.86,15.86,1586324.0
2014-08-22,92067896.0,14.42,14.55,14.19,14.55,6406204.0
2014-08-21,96566688.0,14.54,14.56,14.14,14.48,6690263.0
2014-08-20,132684056.0,14.58,14.59,14.10,14.10,9252017.0
2014-08-19,84221248.0,14.09,14.27,13.95,14.19,5961053.0
2014-08-18,99698048.0,14.09,14.10,13.55,13.70,7151913.0
2014-08-15,51903284.0,13.57,13.66,13.33,13.42,3831535.0
2014-08-14,38103044.0,13.32,13.52,13.24,13.24,2843778.0
2014-08-13,39295252.0,13.28,13.42,13.07,13.38,2969431.0
2014-08-12,45698572.0,13.38,13.57,13.33,13.54,3398361.0
2014-08-11,58724012.0,13.58,13.64,13.17,13.17,4344636.0
2014-08-08,32551124.0,13.14,13.20,12.99,13.05,2479709.0
2014-08-07,26364340.0,13.06,13.32,13.02,13.21,1999330.0
2014-08-06,35012724.0,13.17,13.28,12.99,13.28,2664379.0
2014-08-05,57572384.0,13.31,13.35,12.89,12.94,4393043.0
2014-08-04,28319166.0,12.89,12.96,12.81,12.89,2196809.0
2014-08-01,29613414.0,12.93,13.24,12.92,13.09,2265769.0
2014-07-31,27885590.0,13.21,13.27,12.91,13.03,2125059.0
2014-07-30,40194456.0,13.05,13.17,12.74,12.82,3087183.0
2014-07-29,40335632.0,12.80,12.88,12.53,12.69,3156671.0
2014-07-28,53839676.0,12.69,12.71,12.28,12.44,4325256.0
2014-07-25,60616512.0,12.47,12.66,11.87,11.87,4890113.0
2014-07-24,84244128.0,11.87,12.38,11.79,12.30,7005918.0
2014-07-23,56603496.0,12.39,13.09,12.34,13.09,4490914.0
2014-07-22,32797990.0,13.05,13.22,12.62,12.78,2515911.0
2014-07-21,48427012.0,12.84,13.50,12.41,13.41,3781724.0
2014-07-18,40129644.0,13.38,13.86,13.37,13.86,2958004.0
2014-07-17,60597832.0,13.87,14.11,13.45,13.45,4369546.0
2014-07-16,22993630.0,13.36,13.53,13.29,13.48,1713766.0
2014-07-15,35717936.0,13.46,13.59,13.32,13.56,2656683.0
2014-07-14,37980144.0,13.58,13.58,13.22,13.33,2836002.0
2014-07-11,31443134.0,13.32,13.63,13.20,13.43,2350243.0
2014-07-10,43917180.0,13.42,13.86,13.38,13.80,3228103.0
2014-07-09,76457144.0,13.82,14.62,13.77,14.48,5408557.0
2014-07-08,35845808.0,14.57,14.60,14.26,14.43,2475264.0
2014-07-07,43949404.0,14.48,14.63,14.26,14.30,3040488.0
2014-07-04,51097588.0,14.29,14.65,14.25,14.65,3547327.0
2014-07-03,59153832.0,14.55,14.79,14.41,14.66,4047952.0
2014-07-02,49349640.0,14.68,14.88,14.54,14.72,3356814.0
2014-07-01,71823112.0,14.77,15.18,14.64,15.18,4841518.0
2014-06-30,30064162.0,15.23,15.36,15.02,15.26,1980971.0
2014-06-27,39212148.0,15.11,15.35,14.81,14.88,2586060.0
2014-06-26,58026224.0,14.97,15.40,14.61,14.68,3844127.0
2014-06-25,29671424.0,14.68,14.93,14.50,14.91,2019630.0
2014-06-24,24538452.0,14.90,15.06,14.50,14.75,1660861.0
2014-06-23,35374748.0,14.76,15.08,14.24,14.35,2389388.0
2014-06-20,30104958.0,14.26,14.28,13.79,14.13,2133142.0
2014-06-19,45565716.0,14.18,14.76,13.77,14.53,3179551.0
2014-06-18,42634492.0,14.59,15.04,14.45,15.04,2913364.0
2014-06-17,40178392.0,15.04,15.37,14.90,15.18,2654241.0
2014-06-16,55306512.0,15.20,15.20,14.81,15.00,3671234.0
2014-06-13,69264456.0,15.07,15.31,14.74,15.14,4612789.0
2014-06-12,125787568.0,15.14,15.35,14.16,14.33,8436830.0
2014-06-11,132076352.0,14.45,14.85,13.44,13.50,9152157.0
2014-06-10,34625492.0,13.50,13.67,13.11,13.67,2576412.0
2014-06-09,28713568.0,13.51,14.06,13.48,13.71,2087643.0
2014-06-06,22289810.0,13.69,13.80,13.53,13.78,1629191.0
2014-06-05,29470826.0,13.81,13.88,13.39,13.74,2157860.0
2014-06-04,31601200.0,13.68,13.92,12.56,13.90,2332784.0
2014-06-03,30800332.0,13.92,14.24,13.68,13.73,2194910.0
2014-05-30,40262424.0,13.67,13.90,13.36,13.81,2961645.0
2014-05-29,43631408.0,13.81,14.58,13.81,14.28,3096145.0
2014-05-28,27713984.0,14.47,14.60,14.21,14.21,1914124.0
2014-05-27,26637224.0,14.26,14.37,14.15,14.22,1865725.0
2014-05-26,38663392.0,14.32,14.34,13.88,13.88,2730705.0
2014-05-23,33141694.0,13.88,13.93,13.39,13.49,2409684.0
2014-05-22,64495688.0,13.63,14.14,13.13,13.18,4658457.0
2014-05-21,38113740.0,13.27,13.33,12.87,13.00,2923239.0
2014-05-20,70667080.0,13.23,13.37,12.54,12.54,5381990.0
2014-05-19,16012285.0,12.36,12.38,12.07,12.19,1305671.0
2014-05-16,16693987.0,12.19,12.40,11.99,12.26,1368872.0
2014-05-15,26174000.0,12.29,12.94,12.25,12.92,2081419.0
2014-05-14,23329654.0,12.90,13.34,12.88,13.27,1793865.0
2014-05-13,18629392.0,13.22,13.47,13.05,13.26,1404569.0
2014-05-12,21412398.0,13.26,13.32,12.89,12.97,1626464.0
2014-05-09,39165312.0,12.97,13.27,12.74,13.15,3022415.0
2014-05-08,17804582.0,13.13,13.36,13.02,13.02,1349599.0
2014-05-07,30744688.0,13.11,13.74,13.09,13.55,2296256.0
2014-05-06,40419908.0,13.78,14.06,13.60,13.68,2909995.0
2014-05-05,35171372.0,13.60,13.79,13.35,13.35,2586832.0
2014-04-30,38256360.0,13.35,13.67,12.86,12.87,2849678.0
2014-04-29,40198876.0,12.97,13.32,12.87,12.92,3062174.0
2014-04-28,75654432.0,13.35,13.41,12.12,12.74,5902574.0
2014-04-25,87247584.0,13.18,14.65,13.18,14.48,6432003.0
2014-04-24,31718402.0,14.63,14.80,14.28,14.57,2172239.0
2014-04-23,24324434.0,14.57,14.94,14.56,14.72,1649916.0
2014-04-22,55859640.0,14.74,15.22,14.53,15.08,3774247.0
2014-04-21,61176032.0,15.08,15.46,14.89,14.99,4007567.0
2014-04-18,45660688.0,15.18,15.18,14.78,14.88,3038061.0
2014-04-17,75149424.0,14.86,15.15,14.76,15.08,5034019.0
2014-04-16,127724112.0,15.14,15.73,14.86,15.73,8411741.0
2014-04-15,131139600.0,15.77,16.18,15.65,16.08,8242629.0
2014-04-14,206398176.0,16.03,16.03,14.48,14.48,13206486.0
2014-04-11,100859808.0,14.57,15.18,14.33,15.18,6900408.0
2014-04-10,53424220.0,15.32,15.54,15.18,15.23,3473124.0
2014-04-09,56527440.0,15.20,15.52,14.97,15.18,3705071.0
2014-04-08,46523948.0,15.27,15.33,14.56,14.86,3109890.0
2014-04-04,52850592.0,15.07,15.12,14.09,14.28,3569895.0
2014-04-03,60708588.0,14.48,15.37,14.43,14.71,4062811.0
2014-04-02,67974464.0,14.72,15.05,14.46,15.03,2286729.0
2014-04-01,63975404.0,14.97,14.98,14.40,14.51,2150812.0
2014-03-31,79129408.0,14.50,14.97,14.21,14.81,2702200.0
2014-03-28,76231112.0,14.73,15.49,14.71,15.16,2522679.0
2014-03-27,70759736.0,15.55,16.73,15.55,16.39,2200525.0
2014-03-26,75398384.0,16.08,16.17,15.78,15.85,2339750.0
2014-03-25,58498488.0,15.84,16.18,15.46,15.79,1837183.0
2014-03-24,56425328.0,15.79,16.38,15.78,16.29,1754450.0
2014-03-21,95747936.0,16.53,16.55,15.77,16.38,2955376.0
2014-03-20,81423192.0,16.66,17.96,16.39,17.52,2355252.0
2014-03-19,58576200.0,17.63,18.47,17.41,18.37,1628093.0
2014-03-18,68232800.0,18.38,18.87,18.21,18.44,1830054.0
2014-03-17,74077336.0,18.56,18.62,17.59,17.83,2020745.0
2014-03-14,66073708.0,17.83,17.97,17.09,17.28,1866835.0
2014-03-13,50176876.0,17.43,17.48,16.75,16.89,1444656.0
2014-03-12,92301520.0,17.06,17.58,16.32,17.38,2708252.0
2014-03-11,96281864.0,17.59,18.31,16.89,18.07,2722397.0
2014-03-10,82670096.0,18.13,18.93,17.88,18.93,2249728.0
2014-03-07,93326144.0,19.21,20.26,19.16,20.26,2356463.0
2014-03-06,111276664.0,20.17,20.24,19.48,19.68,2772866.0
2014-03-05,124925448.0,19.94,20.46,18.78,19.12,3165398.0
2014-03-04,76883312.0,18.97,19.12,18.41,19.10,2027572.0
2014-03-03,83049960.0,19.12,19.12,18.04,18.13,2211821.0
2014-02-28,74491736.0,18.21,18.39,17.63,17.68,2063970.0
2014-02-27,141422672.0,17.68,19.37,17.58,19.18,3819266.0
2014-02-26,141136896.0,19.32,19.52,18.13,18.36,3694447.0
2014-02-25,235707280.0,18.63,21.11,18.32,20.27,5954554.0
2014-02-24,113686760.0,20.21,20.66,19.38,19.87,2812885.0
2014-02-21,142796256.0,19.90,20.56,19.67,20.22,3526544.0
2014-02-20,184860576.0,20.14,20.50,19.26,20.11,4611220.0
2014-02-19,175996176.0,20.04,21.69,19.97,21.66,4252117.0
2014-02-18,154584160.0,21.30,21.56,21.02,21.36,3611240.0
2014-02-17,275604320.0,21.46,21.85,20.77,21.12,6444596.0
2014-02-14,203991104.0,20.49,20.49,18.55,18.77,5122795.0
2014-02-13,190558832.0,18.63,20.04,18.57,19.36,4886857.0
2014-02-12,217060528.0,18.96,19.99,17.78,18.38,5715809.0
2014-02-11,243885648.0,18.48,18.48,17.52,17.85,6729058.0
2014-02-10,82272192.0,16.80,17.03,15.97,16.17,2478444.0
2014-02-07,45700392.0,16.19,16.19,15.40,15.87,1434127.0
2014-01-30,41666136.0,16.10,16.45,14.68,16.39,1307812.0
2014-01-29,29345144.0,16.31,16.65,16.19,16.19,888139.0
2014-01-28,35716440.0,16.31,16.40,15.73,15.93,1103683.0
2014-01-27,40770728.0,15.94,16.53,15.65,16.04,1263176.0
2014-01-24,42409428.0,15.94,16.13,15.19,15.31,1333932.0
2014-01-23,40297348.0,15.40,15.74,15.16,15.16,1296395.0
2014-01-22,75994688.0,15.25,15.39,14.24,14.40,2555444.0
2014-01-21,36465672.0,14.66,14.83,14.03,14.53,1252674.0
2014-01-20,30112518.0,14.55,15.04,14.35,14.47,1016873.0
2014-01-17,21742612.0,14.58,14.85,14.50,14.61,735898.0
2014-01-16,34009816.0,14.70,15.10,14.54,15.04,1139412.0
2014-01-15,43763476.0,15.08,15.19,14.66,14.99,1462033.0
2014-01-14,34359596.0,15.00,15.05,14.26,14.26,1154780.0
2014-01-13,25246464.0,14.33,14.44,13.98,14.24,877989.0
2014-01-10,29059890.0,14.20,14.68,14.12,14.67,1003552.0
2014-01-09,40275756.0,14.68,15.05,14.48,15.05,1349286.0
2014-01-08,74148720.0,15.05,15.24,14.16,14.20,2486962.0
2014-01-07,25441106.0,14.05,14.13,13.81,14.00,903573.0
2014-01-06,45336164.0,13.91,14.65,13.52,14.65,1584295.0
2014-01-03,36298176.0,14.61,14.74,14.38,14.65,1237777.0
2014-01-02,64516100.0,14.60,14.89,14.15,14.35,2204644.0
2013-12-31,74878624.0,14.16,14.62,13.61,14.25,2649773.0
2013-12-30,40607792.0,14.34,14.66,14.11,14.30,1407340.0
2013-12-27,53526812.0,14.34,14.38,13.91,14.16,1877963.0
2013-12-26,81119672.0,14.16,14.79,14.06,14.41,2797319.0
2013-12-25,124946120.0,14.53,14.53,13.07,13.31,4366550.0
2013-12-24,36522320.0,13.21,13.37,12.49,12.68,1388681.0
2013-12-23,13939706.0,12.47,12.57,12.27,12.42,557439.0
2013-12-20,13697812.0,12.56,12.72,12.35,12.54,542500.0
2013-12-19,21298628.0,12.60,12.81,12.21,12.24,843780.0
2013-12-18,18396004.0,12.37,12.62,12.19,12.59,736221.0
2013-12-17,29527194.0,12.59,12.72,12.22,12.56,1176966.0
2013-12-16,25582038.0,12.46,12.64,12.33,12.33,1017733.0
2013-12-13,26626662.0,12.42,12.60,12.31,12.31,1059447.0
2013-12-12,35267040.0,12.37,12.53,12.06,12.06,1413728.0
2013-12-11,33313776.0,12.12,12.17,11.70,11.78,1373824.0
2013-12-10,28468620.0,11.80,12.04,11.61,11.96,1200158.0
2013-12-09,43945132.0,11.95,12.09,11.84,11.90,1825715.0
2013-12-06,32710854.0,11.86,11.93,11.62,11.62,1379296.0
2013-12-05,98473752.0,11.57,12.32,11.55,12.32,4127187.0
2013-12-04,52981964.0,12.42,13.00,12.42,12.59,2059350.0
2013-12-03,54170328.0,12.67,12.86,12.02,12.43,2166387.0
2013-12-02,115940440.0,12.71,13.23,12.45,13.21,4483334.0
2013-11-29,57039696.0,13.83,14.14,13.78,14.03,2037597.0
2013-11-28,49822384.0,14.03,14.15,13.73,13.93,1771162.0
2013-11-27,56837308.0,13.86,13.99,13.62,13.91,2046136.0
2013-11-26,56386356.0,13.82,13.84,13.26,13.30,2052969.0
2013-11-25,45913360.0,13.27,13.48,13.09,13.21,1713121.0
2013-11-22,57600856.0,13.20,13.61,13.20,13.49,2140283.0
2013-11-21,68215416.0,13.50,13.69,13.36,13.41,2500555.0
2013-11-20,99640904.0,13.51,14.00,13.35,14.00,3656537.0
2013-11-19,82103592.0,13.89,14.28,13.81,13.86,2916987.0
2013-11-18,131535616.0,13.98,14.01,13.69,13.91,4709536.0
2013-11-15,155902592.0,13.95,14.30,13.48,13.55,5612081.0
2013-11-14,81174816.0,13.55,13.71,13.21,13.36,2996185.0
2013-11-13,118714032.0,13.45,13.82,13.09,13.21,4393597.0
2013-11-12,87407552.0,13.31,13.41,12.94,13.33,3291622.0
2013-11-11,138172272.0,13.33,13.66,12.80,12.86,5162290.0
2013-11-08,78262464.0,12.86,13.16,12.53,12.67,3022926.0
2013-11-07,67819328.0,12.75,13.22,12.55,12.93,2613629.0
2013-11-06,96606544.0,13.03,13.51,12.93,13.01,3637664.0
2013-11-05,89939136.0,13.09,13.13,12.27,12.91,3506795.0
2013-11-04,106277024.0,12.82,13.30,12.60,12.60,4084624.0
2013-11-01,114265456.0,12.49,13.26,12.06,13.26,4501615.0
2013-10-31,157742832.0,13.39,14.05,13.00,13.24,5784973.0
2013-10-30,84251376.0,13.12,13.24,12.47,12.57,3253153.0
2013-10-29,124016032.0,12.66,13.44,11.95,12.69,4867479.0
2013-10-28,103791352.0,12.74,13.20,12.57,13.08,3991490.0
2013-10-25,138519488.0,13.29,13.49,12.17,12.29,5367361.0
2013-10-24,88901456.0,12.29,12.77,11.67,11.92,3615729.0
2013-10-23,50552588.0,11.61,12.50,11.53,12.37,2087224.0
2013-10-22,104311840.0,12.26,12.67,11.92,11.92,4196888.0
2013-10-21,52592788.0,11.97,12.10,11.42,11.61,2200532.0
2013-10-18,48754020.0,11.49,12.06,11.47,11.98,2082967.0
2013-10-17,73095224.0,12.02,12.32,11.67,11.77,3018612.0
2013-10-16,62170288.0,11.72,12.10,11.41,12.07,2658843.0
2013-10-15,77196040.0,12.07,12.58,11.68,12.58,3190433.0
2013-10-14,36636584.0,12.42,12.42,11.98,11.98,1498502.0
2013-10-11,53983668.0,12.17,12.41,11.92,12.41,2217997.0
2013-10-10,45683164.0,12.27,12.66,12.17,12.43,1832771.0
2013-10-09,56868668.0,12.43,12.65,12.08,12.08,2275416.0
2013-10-08,44224936.0,12.17,12.48,12.01,12.01,1803957.0
2013-09-30,39956412.0,12.09,12.30,11.86,12.16,1645961.0
2013-09-27,39200640.0,12.06,12.42,11.97,12.40,1598225.0
2013-09-26,39294152.0,12.32,12.54,12.22,12.42,1573680.0
2013-09-25,66462800.0,12.41,12.52,12.01,12.22,2696797.0
2013-09-24,91818584.0,12.48,12.66,12.22,12.34,3656236.0
2013-09-23,61019216.0,12.34,12.35,11.73,11.92,2515789.0
2013-09-18,37512480.0,11.62,11.62,11.20,11.22,1621125.0
2013-09-17,31029908.0,11.19,11.61,11.17,11.56,1362906.0
2013-09-16,41098048.0,11.43,11.62,11.23,11.25,1778961.0
2013-09-13,47634080.0,11.33,11.48,11.02,11.23,2095266.0
2013-09-12,96385040.0,11.42,11.80,10.92,11.60,4276838.0
2013-09-11,40086440.0,11.53,12.10,11.44,11.95,1710931.0
2013-09-10,33110722.0,11.86,12.34,11.67,11.67,1367551.0
2013-09-09,44189280.0,11.74,12.17,11.44,12.17,1867740.0
2013-09-06,39863728.0,12.10,12.36,11.77,11.99,1643108.0
2013-09-05,70425952.0,12.07,12.46,11.45,11.60,2893276.0
2013-09-04,43019252.0,11.62,12.00,11.35,11.35,1826573.0
2013-09-03,64977928.0,11.42,11.80,11.32,11.34,2789383.0
2013-09-02,63659208.0,11.46,11.46,10.59,10.68,2843635.0
2013-08-30,59776028.0,10.42,11.08,9.99,10.87,2789668.0
2013-08-21,63389124.0,10.71,10.87,9.95,10.08,3003875.0
2013-08-20,30821224.0,10.05,10.31,9.84,10.08,1516328.0
2013-08-19,29599440.0,10.19,10.37,9.72,9.91,1445584.0
2013-08-16,40164164.0,9.82,10.42,9.76,10.08,1964618.0
2013-08-15,60267528.0,10.12,10.63,10.08,10.12,2898278.0
2013-08-14,56822400.0,10.19,10.42,9.88,9.88,2781627.0
2013-08-13,41290032.0,9.93,10.04,9.44,9.68,2098790.0
2013-08-12,68534176.0,9.78,9.88,9.31,9.31,3539011.0
2013-08-09,38157824.0,9.10,9.49,9.04,9.37,2057650.0
2013-08-08,30470466.0,9.27,9.57,9.19,9.45,1611404.0
2013-08-07,53171924.0,9.45,10.06,9.39,10.06,2752055.0
2013-08-06,47740560.0,10.14,10.27,9.80,10.12,2369570.0
2013-08-05,31604534.0,10.21,10.38,10.09,10.28,1538294.0
2013-08-02,44300940.0,10.26,10.42,10.06,10.26,2149558.0
2013-08-01,72333904.0,10.23,10.27,9.69,9.99,3582640.0
2013-07-31,42612900.0,9.87,10.22,9.72,9.81,2114755.0
2013-07-30,35224208.0,9.73,9.87,9.34,9.72,1815832.0
2013-07-29,33145906.0,9.72,9.98,9.64,9.72,1676694.0
2013-07-26,53803756.0,9.89,10.11,9.39,9.83,2742612.0
2013-07-25,66042608.0,9.83,10.63,9.83,10.62,3231243.0
2013-07-24,90963144.0,10.58,10.77,10.19,10.30,4320818.0
2013-07-23,171401792.0,10.48,10.50,9.39,9.39,8442314.0
2013-07-22,79867456.0,9.55,9.58,8.80,8.80,4281387.0
2013-07-19,41720184.0,8.90,9.28,8.86,8.96,2289888.0
2013-07-18,42037088.0,9.01,9.03,8.56,8.64,2363060.0
2013-07-17,34565556.0,8.67,9.08,8.58,8.97,1945730.0
2013-07-16,48112080.0,9.01,9.19,8.84,9.19,2663584.0
2013-07-15,51586092.0,9.19,9.27,8.85,9.06,2826943.0
2013-07-12,60910136.0,8.94,9.19,8.43,8.44,3404303.0
2013-07-11,35886432.0,8.47,8.77,8.39,8.50,2082079.0
2013-07-10,32317622.0,8.58,8.74,8.30,8.47,1880217.0
2013-07-09,41107876.0,8.44,8.82,8.17,8.74,2427545.0
2013-07-08,41473280.0,8.74,8.97,8.46,8.65,2359011.0
2013-07-05,79304320.0,8.71,9.43,8.70,9.26,4302049.0
2013-07-04,57464888.0,9.05,9.33,8.99,9.24,3134210.0
2013-07-03,96909896.0,9.31,9.41,8.88,8.99,5249396.0
2013-07-02,118843312.0,9.03,9.58,8.73,8.73,6499694.0
2013-07-01,143370000.0,8.89,8.96,8.28,8.64,8224062.0
2013-06-28,7385203.0,8.16,8.16,8.16,8.16,449495.0
2013-04-26,63048324.0,7.43,7.94,7.32,7.48,4068546.0
2013-04-25,62195600.0,7.45,8.21,7.41,8.13,3895629.0
2013-04-24,57392460.0,8.04,8.09,7.58,7.61,3584935.0
2013-04-23,35140620.0,7.63,7.80,7.51,7.69,2272549.0
2013-04-22,46571336.0,7.74,7.78,7.26,7.26,3043525.0
2013-04-19,40200432.0,7.34,7.57,7.33,7.39,2666779.0
2013-04-18,46712832.0,7.40,7.45,7.11,7.15,3135262.0
2013-04-17,22296360.0,7.19,7.20,6.99,7.05,1546815.0
2013-04-16,12563015.0,7.05,7.07,6.82,7.05,889418.0
2013-04-15,29737348.0,7.06,7.15,6.86,6.97,2084146.0
2013-04-12,19734678.0,7.03,7.04,6.79,6.87,1401611.0
2013-04-11,11075877.0,6.86,6.92,6.73,6.84,799997.0
2013-04-10,21993368.0,6.84,6.98,6.69,6.98,1589737.0
2013-04-09,34079072.0,7.02,7.03,6.74,6.77,2426683.0
2013-04-08,12664223.0,6.77,6.83,6.45,6.62,938493.0
2013-04-03,9227755.0,6.68,6.78,6.48,6.63,686763.0
2013-04-02,20215490.0,6.75,7.00,6.66,6.66,1459121.0
2013-04-01,10524232.0,6.69,6.74,6.50,6.54,780157.0
2013-03-29,11728814.0,6.57,6.62,6.38,6.62,890268.0
2013-03-28,11194291.0,6.55,6.69,6.47,6.54,841505.0
2013-03-27,8757146.0,6.74,6.82,6.64,6.64,643147.0
2013-03-26,10182672.0,6.64,6.67,6.44,6.65,767356.0
2013-03-25,15224881.0,6.66,6.72,6.53,6.64,1134062.0
2013-03-22,20723182.0,6.63,6.71,6.54,6.71,1543791.0
2013-03-21,37779684.0,6.64,6.67,6.32,6.32,2847796.0
2013-03-20,11205887.0,6.30,6.34,6.02,6.07,889874.0
2013-03-19,13502579.0,6.15,6.17,5.88,6.17,1110627.0
2013-03-18,18226032.0,6.17,6.41,6.03,6.27,1458818.0
2013-03-15,18986750.0,6.27,6.41,6.14,6.22,1489356.0
2013-03-14,22733108.0,6.20,6.29,5.99,6.07,1821250.0
2013-03-13,18482834.0,6.07,6.24,5.92,6.13,1498221.0
2013-03-12,24840800.0,6.04,6.32,5.88,6.21,2024345.0
2013-03-11,8349605.0,6.17,6.34,6.12,6.22,662348.0
2013-03-08,20324904.0,6.22,6.62,6.21,6.31,1574441.0
2013-03-07,31895076.0,6.45,6.67,6.34,6.39,2409321.0
2013-03-06,30128232.0,6.45,6.54,6.27,6.30,2317262.0
2013-03-05,19755176.0,6.27,6.31,6.14,6.20,1570473.0
2013-03-04,21390814.0,6.14,6.33,6.09,6.31,1699426.0
2013-03-01,20282972.0,6.33,6.37,6.14,6.21,1606856.0
2013-02-28,25421624.0,6.19,6.31,6.01,6.02,2036104.0
2013-02-27,20818444.0,6.08,6.16,5.89,5.99,1707590.0
2013-02-26,46139428.0,5.99,6.35,5.98,6.34,3689715.0
2013-02-25,32943964.0,6.24,6.24,5.67,5.70,2681462.0
2013-02-22,8666654.0,5.67,5.78,5.64,5.64,749300.0
2013-02-21,14222913.0,5.69,5.94,5.63,5.94,1222186.0
2013-02-20,15689700.0,5.95,5.97,5.70,5.75,1314624.0
2013-02-19,13529764.0,5.73,5.94,5.66,5.91,1159238.0
2013-02-18,12286428.0,5.94,6.00,5.86,5.93,1023936.0
2013-02-08,20753228.0,5.93,6.06,5.88,5.88,1714694.0
2013-02-07,23843584.0,5.88,5.94,5.65,5.67,2013314.0
2013-02-06,7956252.0,5.65,5.73,5.63,5.73,693852.0
2013-02-05,12876505.0,5.73,5.75,5.51,5.53,1123664.0
2013-02-04,20957632.0,5.62,5.82,5.48,5.57,1825278.0
2013-02-01,8529084.0,5.57,5.65,5.54,5.54,753711.0
2013-01-31,9866407.0,5.62,5.64,5.53,5.60,869866.0
2013-01-30,31255412.0,5.61,5.69,5.44,5.52,2755530.0
2013-01-29,27471644.0,5.58,5.59,5.32,5.38,2488338.0
2013-01-28,15157520.0,5.38,5.39,5.20,5.24,1417210.0
2013-01-25,8380038.0,5.21,5.25,5.18,5.25,793625.0
2013-01-24,13028599.0,5.20,5.45,5.17,5.34,1209599.0
2013-01-23,14460277.0,5.37,5.49,5.26,5.45,1331664.0
2013-01-22,16137706.0,5.44,5.64,5.39,5.62,1449159.0
2013-01-21,12445389.0,5.63,5.70,5.58,5.68,1092818.0
2013-01-18,13996200.0,5.66,5.69,5.56,5.61,1228156.0
2013-01-17,21170586.0,5.57,5.72,5.53,5.63,1860133.0
2013-01-16,46429268.0,5.68,6.00,5.65,5.73,3964104.0
2013-01-15,39921844.0,5.76,5.87,5.57,5.60,3423603.0
2013-01-14,28955198.0,5.60,5.62,5.35,5.35,2582180.0
2013-01-11,29026430.0,5.40,5.58,5.35,5.41,2627304.0
2013-01-10,22592380.0,5.42,5.53,5.38,5.46,2044192.0
2013-01-09,34877268.0,5.47,5.73,5.45,5.46,3089072.0
2013-01-08,27372810.0,5.47,5.52,5.29,5.34,2491459.0
2013-01-07,23346664.0,5.40,5.43,5.10,5.17,2189105.0
2013-01-04,19960384.0,5.18,5.33,5.11,5.28,1903488.0
2012-12-31,13548584.0,5.26,5.35,5.21,5.35,1273090.0
2012-12-28,13779700.0,5.32,5.37,5.21,5.22,1282734.0
2012-12-27,25222168.0,5.26,5.61,5.24,5.50,2291766.0
2012-12-26,17525220.0,5.36,5.38,5.16,5.19,1644634.0
2012-12-25,15437611.0,5.19,5.26,5.06,5.11,1475292.0
2012-12-24,11001161.0,5.06,5.07,4.98,5.01,1078275.0
2012-12-21,15794935.0,5.00,5.04,4.87,4.91,1568257.0
2012-12-20,17133232.0,4.91,5.05,4.89,5.01,1713889.0
2012-12-19,11057034.0,5.01,5.03,4.95,5.01,1095789.0
2012-12-18,7080826.0,4.96,5.04,4.92,5.00,701547.0
2012-12-17,10123091.0,5.01,5.08,4.94,5.08,1000645.0
2012-12-14,11684790.0,5.06,5.08,4.84,4.91,1152670.0
2012-12-13,6613367.0,4.89,5.03,4.84,4.84,659572.0
2012-12-12,6712600.0,4.91,4.97,4.81,4.94,678720.0
2012-12-11,6829392.0,4.97,5.09,4.91,5.02,674456.0
2012-12-10,12220213.0,5.00,5.00,4.83,4.83,1218007.0
2012-12-07,7787463.0,4.86,4.87,4.70,4.77,798015.0
2012-12-06,5990305.0,4.75,4.80,4.70,4.77,622757.0
2012-12-05,15817610.0,4.80,4.86,4.55,4.67,1643374.0
2012-12-04,6385615.0,4.64,4.69,4.45,4.62,688197.0
2012-12-03,6568633.0,4.68,4.79,4.54,4.78,687602.0
2012-11-30,4104472.0,4.78,4.81,4.70,4.81,426815.0
2012-11-29,3393260.0,4.78,4.84,4.69,4.84,351784.0
2012-11-28,8779368.0,4.76,5.06,4.75,4.95,889851.0
2012-11-27,11942867.0,5.13,5.58,5.13,5.38,1108053.0
2012-11-26,2523290.0,5.27,5.30,5.21,5.25,236978.0
2012-11-23,2283950.0,5.25,5.31,5.23,5.31,214136.0
2012-11-22,3380191.0,5.24,5.35,5.21,5.32,317168.0
2012-11-21,4646571.0,5.35,5.38,5.14,5.37,434832.0
2012-11-20,8719440.0,5.36,5.51,5.33,5.45,794278.0
2012-11-19,9235818.0,5.45,5.45,5.18,5.37,852898.0
2012-11-16,8090072.0,5.39,5.46,5.23,5.28,748038.0
2012-11-15,6252525.0,5.25,5.40,5.21,5.33,581689.0
2012-11-14,8833837.0,5.34,5.39,5.16,5.18,823286.0
2012-11-13,7446812.0,5.18,5.26,5.09,5.19,707333.0
2012-11-12,4484533.0,5.17,5.26,5.11,5.11,426408.0
2012-11-09,3344375.0,5.10,5.16,5.05,5.16,323695.0
2012-11-08,8686341.0,5.13,5.22,5.04,5.13,830938.0
2012-11-07,5308478.0,5.14,5.21,5.08,5.18,509806.0
2012-11-06,11639951.0,5.17,5.41,5.10,5.40,1105504.0
2012-11-05,10518644.0,5.41,5.48,5.31,5.37,957876.0
2012-11-02,6615691.0,5.36,5.39,5.30,5.39,611146.0
2012-11-01,10707645.0,5.33,5.43,5.31,5.33,984887.0
2012-10-31,9390286.0,5.33,5.39,5.19,5.26,874521.0
2012-10-30,6097387.0,5.26,5.31,5.21,5.23,573443.0
2012-10-29,4776513.0,5.23,5.26,5.16,5.19,451625.0
2012-10-26,9978204.0,5.20,5.43,5.18,5.37,934910.0
2012-10-25,9446391.0,5.36,5.51,5.36,5.44,857967.0
2012-10-24,23366272.0,5.45,5.59,5.44,5.53,2098069.0
2012-10-23,33027888.0,5.68,5.89,5.64,5.68,2821561.0
2012-10-22,10808600.0,5.68,5.70,5.53,5.65,947871.0
2012-10-19,23749648.0,5.67,5.82,5.63,5.81,2059328.0
2012-10-18,45678448.0,5.81,5.97,5.55,5.59,3920630.0
2012-10-17,17615574.0,5.55,5.64,5.47,5.55,1564291.0
2012-10-16,19563206.0,5.55,5.68,5.51,5.57,1729581.0
2012-10-15,27416116.0,5.59,5.79,5.50,5.73,2409351.0
2012-10-12,50880560.0,5.76,5.86,5.61,5.73,4369545.0
2012-10-11,113944248.0,5.93,6.70,5.87,6.70,9054298.0
2012-10-10,60269776.0,6.36,6.36,6.12,6.21,4705156.0
2012-10-09,27446218.0,5.79,5.79,5.32,5.32,2351952.0
2012-10-08,1927229.0,5.26,5.33,5.24,5.31,180520.0
2012-09-28,9175927.0,5.31,5.36,5.09,5.15,863389.0
2012-09-27,4648811.0,5.12,5.15,4.95,4.99,450721.0
2012-09-26,4128931.0,4.99,5.11,4.89,5.11,409149.0
2012-09-25,3180725.0,5.03,5.16,5.03,5.12,308300.0
2012-09-24,3018909.0,5.08,5.15,4.97,5.08,293928.0
2012-09-21,6374821.0,5.07,5.36,5.06,5.31,605508.0
2012-09-20,16960462.0,5.30,5.69,5.18,5.69,1557713.0
2012-09-19,5702011.0,5.74,5.81,5.68,5.80,490221.0
2012-09-18,6294661.0,5.78,5.80,5.69,5.69,540867.0
2012-09-17,17777986.0,5.76,5.90,5.63,5.68,1522093.0
2012-09-14,32458478.0,5.78,6.07,5.73,5.94,2734129.0
2012-09-13,45532912.0,6.12,6.25,5.80,5.93,3691033.0
2012-09-12,28268124.0,5.93,6.27,5.68,5.77,2361674.0
2012-09-11,14790769.0,5.73,5.87,5.68,5.86,1271378.0
2012-09-10,18731494.0,5.86,5.87,5.62,5.66,1600249.0
2012-09-07,15098789.0,5.66,5.76,5.58,5.62,1313042.0
2012-09-06,5437159.0,5.55,5.55,5.45,5.51,486526.0
2012-09-05,10257690.0,5.48,5.60,5.46,5.60,916833.0
2012-09-04,8483906.0,5.54,5.74,5.53,5.72,742188.0
2012-09-03,8633411.0,5.72,5.77,5.57,5.66,747440.0
2012-08-31,12915858.0,5.66,5.72,5.53,5.55,1132053.0
2012-08-30,10172149.0,5.53,5.76,5.45,5.68,890286.0
2012-08-29,9034216.0,5.69,5.72,5.46,5.53,793111.0
2012-08-28,7027232.0,5.53,5.60,5.43,5.60,631020.0
2012-08-27,8907504.0,5.46,5.72,5.41,5.68,783736.0
2012-08-24,21775014.0,5.65,5.89,5.62,5.65,1860513.0
2012-08-23,26094000.0,5.72,5.90,5.44,5.54,2256891.0
2012-08-22,16985220.0,5.51,5.62,5.36,5.36,1519729.0
2012-08-21,10917492.0,5.38,5.55,5.34,5.37,993086.0
2012-08-20,4057303.0,5.35,5.43,5.31,5.34,372706.0
2012-08-17,3474090.0,5.42,5.43,5.32,5.32,318590.0
2012-08-16,7664673.0,5.38,5.48,5.27,5.39,707198.0
2012-08-15,8412427.0,5.42,5.52,5.38,5.46,763415.0
2012-08-14,16774064.0,5.50,5.51,5.26,5.32,1537972.0
2012-08-13,29592260.0,5.39,5.75,5.19,5.22,2619191.0
2012-08-10,5190684.0,5.22,5.32,5.19,5.26,488942.0
2012-08-09,9246743.0,5.28,5.28,5.09,5.13,878555.0
2012-08-08,5942331.0,5.12,5.23,5.09,5.23,570192.0
2012-08-07,10638700.0,5.23,5.26,5.06,5.06,1019252.0
2012-08-06,7928303.0,5.08,5.10,4.85,4.89,784495.0
2012-08-03,4371584.0,4.92,4.92,4.76,4.87,443696.0
2012-08-02,3634205.0,4.81,4.88,4.74,4.88,373071.0
2012-08-01,5337895.0,4.85,4.93,4.75,4.75,543555.0
2012-07-31,7112928.0,4.76,5.06,4.74,5.00,720149.0
2012-07-30,8177256.0,5.03,5.23,4.99,5.13,790006.0
2012-07-27,15819108.0,5.21,5.38,5.05,5.11,1492935.0
2012-07-26,8846161.0,5.09,5.22,5.06,5.08,848593.0
2012-07-25,9016633.0,5.08,5.13,4.94,5.05,879095.0
2012-07-24,4171041.0,5.02,5.10,4.88,4.88,410563.0
2012-07-23,3241851.0,5.03,5.06,4.94,5.00,319603.0
2012-07-20,10244356.0,5.03,5.17,4.99,4.99,994128.0
2012-07-19,7649730.0,5.05,5.10,4.97,4.98,747797.0
2012-07-18,6605348.0,4.98,4.99,4.82,4.99,663163.0
2012-07-17,5410974.0,4.99,5.01,4.89,4.93,539578.0
2012-07-16,14967339.0,4.93,5.14,4.93,5.14,1481789.0
2012-07-13,43432340.0,5.16,5.52,5.15,5.51,4057919.0
2012-07-12,21838616.0,5.70,5.78,5.48,5.78,1902966.0
2012-07-11,12286986.0,5.78,5.80,5.63,5.66,1057104.0
2012-07-10,11943830.0,5.66,5.91,5.58,5.82,1031702.0
2012-07-09,18247994.0,5.80,6.05,5.77,5.95,1521140.0
2012-07-06,27122312.0,6.04,6.08,5.68,5.93,2279937.0
2012-07-05,31900900.0,5.92,6.24,5.84,6.21,2629870.0
2012-07-04,41942832.0,6.21,6.53,6.15,6.42,3276774.0
2012-07-03,58611432.0,6.46,6.57,6.09,6.11,4520181.0
2012-07-02,53973972.0,6.24,6.46,6.18,6.43,4208060.0
2012-06-29,39702468.0,6.18,6.18,5.51,5.60,3225773.0
2012-06-28,5523506.0,5.61,5.78,5.58,5.70,479110.0
2012-06-27,8263238.0,5.64,5.81,5.58,5.75,714839.0
2012-06-26,13986165.0,5.70,5.91,5.53,5.81,1212405.0
2012-06-25,20028212.0,6.02,6.32,6.02,6.16,1592041.0
2012-06-21,17283554.0,6.18,6.18,5.94,6.07,1407016.0
2012-06-20,13293168.0,6.08,6.25,5.98,6.08,1072209.0
2012-06-19,12329032.0,6.10,6.15,5.98,6.15,1004113.0
2012-06-18,19064504.0,6.19,6.22,5.92,6.17,1533389.0
2012-06-15,17364792.0,6.12,6.25,5.95,6.10,1411829.0
2012-06-14,35179496.0,6.06,6.31,5.99,6.02,2815545.0
2012-06-13,33681352.0,6.07,6.25,5.73,5.76,2759037.0
2012-06-12,14084970.0,5.71,5.87,5.70,5.78,1205210.0
2012-06-11,28367102.0,5.92,6.02,5.43,5.47,2403892.0
2012-06-08,5720268.0,5.48,5.51,5.42,5.47,516778.0
2012-06-07,4152446.0,5.45,5.58,5.34,5.56,375479.0
2012-06-06,4029232.0,5.45,5.50,5.40,5.50,364666.0
2012-06-05,9676488.0,5.43,5.68,5.42,5.65,868588.0
2012-06-04,13417730.0,5.62,5.79,5.58,5.73,1161997.0
2012-06-01,30599604.0,5.90,6.20,5.65,5.65,2532865.0
2012-05-31,10179460.0,5.63,5.75,5.54,5.54,890203.0
2012-05-30,9650541.0,5.62,5.70,5.46,5.51,850884.0
2012-05-29,7185936.0,5.51,5.55,5.43,5.44,646743.0
2012-05-28,7830985.0,5.44,5.46,5.26,5.33,721435.0
2012-05-25,14733501.0,5.37,5.63,5.36,5.57,1333097.0
2012-05-24,13769489.0,5.56,5.70,5.53,5.59,1216433.0
2012-05-23,19513988.0,5.70,6.04,5.53,6.04,1678060.0
2012-05-22,8115270.0,6.01,6.05,5.97,6.05,666228.0
2012-05-21,4727635.0,5.97,5.99,5.88,5.94,393177.0
2012-05-18,7553750.0,5.94,6.08,5.92,5.98,621466.0
2012-05-17,6741924.0,6.06,6.08,5.97,6.06,550950.0
2012-05-16,4408929.0,5.99,6.09,5.95,6.03,361651.0
2012-05-15,7983709.0,6.06,6.16,5.98,6.14,650771.0
2012-05-14,12244930.0,6.12,6.31,6.07,6.31,983334.0
2012-05-11,11591093.0,6.25,6.51,6.23,6.42,901057.0
2012-05-10,10338287.0,6.43,6.49,6.32,6.41,797392.0
2012-05-09,14332930.0,6.36,6.54,6.27,6.39,1104186.0
2012-05-08,18420842.0,6.42,6.58,6.38,6.45,1401036.0
2012-05-07,13931478.0,6.44,6.46,6.23,6.30,1077858.0
2012-05-04,14091090.0,6.29,6.32,6.12,6.14,1111788.0
2012-05-03,11821881.0,6.14,6.25,5.99,6.25,958126.0
2012-05-02,13573274.0,6.19,6.36,6.17,6.17,1068764.0
2012-04-27,8133761.0,6.17,6.21,6.01,6.16,659203.0
2012-04-26,10744380.0,6.16,6.22,6.12,6.22,424987.0
2012-04-25,6097748.0,6.12,6.20,6.06,6.06,243016.0
2012-04-24,13673708.0,6.07,6.30,5.82,6.25,549362.0
2012-04-23,27189338.0,6.25,6.61,6.22,6.61,1046453.0
2012-04-20,15541619.0,6.66,6.79,6.51,6.56,571251.0
2012-04-19,15124972.0,6.57,6.57,6.47,6.56,564489.0
2012-04-18,10776094.0,6.54,6.55,6.39,6.39,405390.0
2012-04-17,14010337.0,6.39,6.56,6.38,6.56,529546.0
2012-04-16,14720869.0,6.52,6.61,6.46,6.57,548776.0
2012-04-13,18207220.0,6.58,6.58,6.39,6.40,684055.0
2012-04-12,15153090.0,6.39,6.39,6.17,6.21,585563.0
2012-04-11,8794513.0,6.21,6.22,6.10,6.11,348151.0
2012-04-10,14925427.0,6.22,6.33,6.02,6.27,593267.0
2012-04-09,8085608.0,6.27,6.41,6.22,6.41,312689.0
2012-04-06,10471096.0,6.43,6.50,6.37,6.50,396724.0
2012-04-05,10575175.0,6.46,6.46,6.24,6.31,403958.0
2012-03-30,16038810.0,6.30,6.50,6.10,6.43,621258.0
2012-03-29,12122022.0,6.42,6.58,6.39,6.43,458222.0
2012-03-28,28575952.0,6.62,7.09,6.53,7.09,1036288.0
2012-03-27,21057616.0,7.09,7.16,7.02,7.16,723555.0
2012-03-26,10858116.0,7.07,7.07,6.94,7.02,378222.0
2012-03-23,15165995.0,7.02,7.08,6.95,7.07,527046.0
2012-03-22,21617086.0,7.14,7.19,6.94,6.96,739953.0
2012-03-21,21983540.0,6.99,7.19,6.87,7.09,766916.0
2012-03-20,36204848.0,7.05,7.41,7.04,7.37,1227609.0
2012-03-16,32727532.0,7.27,7.27,7.03,7.03,1114291.0
2012-03-15,31313686.0,7.03,7.27,6.92,7.14,1081801.0
2012-03-14,75471608.0,7.10,7.76,7.05,7.62,2453073.0
2012-03-13,44964372.0,7.59,7.63,7.44,7.52,1454806.0
2012-03-12,59134072.0,7.54,7.63,7.46,7.47,1907863.0
2012-03-09,47905224.0,7.40,7.41,7.28,7.32,1591387.0
2012-03-08,32192148.0,7.27,7.34,7.21,7.22,1078253.0
2012-03-07,42771304.0,7.20,7.36,7.08,7.12,1438581.0
2012-03-06,43061040.0,7.17,7.39,7.13,7.39,1457852.0
2012-03-05,58308368.0,7.40,7.54,7.32,7.36,1915723.0
2012-03-02,44615108.0,7.32,7.37,7.24,7.24,1488829.0
2012-03-01,48814580.0,7.24,7.35,7.21,7.23,1632818.0
2012-02-29,91002552.0,7.22,7.48,7.21,7.41,3030233.0
2012-02-28,160287632.0,7.64,8.17,7.64,8.17,5051185.0
2012-02-27,99481720.0,8.49,8.52,7.96,8.01,2930173.0
2012-02-24,52783696.0,7.97,8.04,7.78,7.87,1629307.0
2012-02-23,53208860.0,7.90,7.95,7.56,7.67,1672961.0
2012-02-22,51663852.0,7.65,7.67,7.45,7.51,1667025.0
2012-02-21,57016640.0,7.54,7.55,7.22,7.32,1880261.0
2012-02-20,36768064.0,7.25,7.44,7.24,7.42,1222416.0
2012-02-17,50903152.0,7.29,7.42,6.93,7.05,1727842.0
2012-02-16,26054868.0,7.07,7.16,6.98,7.12,900179.0
2012-02-15,33133066.0,7.17,7.20,7.02,7.15,1137582.0
2012-02-14,30647278.0,7.16,7.16,6.97,7.10,1057528.0
2012-02-13,52395584.0,7.15,7.26,6.96,7.02,1795767.0
2012-02-10,49719752.0,7.05,7.05,6.74,6.78,1757447.0
2012-02-09,30488722.0,6.78,6.95,6.75,6.75,1086272.0
2012-02-08,27269562.0,6.79,6.80,6.59,6.60,990974.0
2012-02-07,28324456.0,6.61,6.73,6.55,6.73,1041491.0
2012-02-06,30493380.0,6.79,6.87,6.73,6.83,1095490.0
2012-02-03,32512210.0,6.80,6.87,6.66,6.73,1170874.0
2012-02-02,26724620.0,6.75,6.76,6.51,6.63,979498.0
2012-02-01,36578940.0,6.68,6.83,6.49,6.55,1326968.0
2012-01-31,28177628.0,6.54,6.69,6.38,6.59,1058717.0
2012-01-30,39976396.0,6.61,6.85,6.37,6.43,1467258.0
2012-01-20,23975290.0,6.41,6.42,6.26,6.29,918768.0
2012-01-19,41667008.0,6.34,6.42,5.76,5.86,1664010.0
2012-01-18,42646656.0,5.96,6.68,5.94,6.57,1642567.0
2012-01-17,44916792.0,6.60,6.65,5.90,6.09,1731137.0
2012-01-16,31208016.0,6.05,6.35,5.88,5.96,1237318.0
2012-01-13,46289400.0,6.05,6.46,5.95,6.42,1836307.0
2012-01-12,33774936.0,6.42,6.57,6.31,6.48,1278161.0
2012-01-11,39080644.0,6.54,6.64,6.44,6.47,1455579.0
2012-01-10,67990248.0,6.51,6.62,6.35,6.35,2548931.0
2012-01-09,60890144.0,6.41,6.50,6.11,6.15,2342655.0
2012-01-06,61284172.0,6.22,6.24,5.82,5.99,2486740.0
2012-01-05,80081576.0,6.09,6.29,5.74,5.77,3217921.0
2012-01-04,72300312.0,5.87,6.33,5.85,5.95,2905662.0
2011-12-30,31667198.0,5.84,5.89,5.69,5.73,1333061.0
2011-12-29,22733098.0,5.68,5.78,5.59,5.60,970873.0
2011-12-28,37012036.0,5.68,5.73,5.54,5.73,1611350.0
2011-12-27,38698884.0,5.78,6.18,5.76,6.12,1584953.0
2011-12-26,47774320.0,6.22,6.47,6.18,6.43,1829568.0
2011-12-23,19678434.0,6.17,6.32,6.05,6.15,774080.0
2011-12-22,38416888.0,6.17,6.32,5.99,6.29,1528227.0
2011-12-21,31245912.0,6.36,6.75,6.34,6.70,1159714.0
2011-12-20,37692508.0,6.63,7.06,6.63,6.92,1349957.0
2011-12-19,27235104.0,6.98,7.02,6.61,6.76,976122.0
2011-12-16,35000836.0,6.90,6.92,6.49,6.66,1274208.0
2011-12-15,13222370.0,6.66,6.87,6.62,6.64,478434.0
2011-12-14,10478883.0,6.72,6.93,6.68,6.79,376174.0
2011-12-13,17074002.0,6.79,7.05,6.73,7.05,609091.0
2011-12-12,13925578.0,7.06,7.23,7.06,7.22,475670.0
2011-12-09,15753355.0,7.23,7.28,7.08,7.12,534582.0
2011-12-08,28713554.0,7.23,7.43,6.98,7.12,969901.0
2011-12-07,17171390.0,7.14,7.21,7.05,7.14,586865.0
2011-12-06,20263740.0,7.15,7.22,6.93,6.97,696599.0
2011-12-05,16559313.0,6.93,7.21,6.92,7.14,571337.0
2011-12-02,24567788.0,7.22,7.38,7.08,7.27,831662.0
2011-12-01,45954744.0,7.38,7.72,7.34,7.62,1481186.0
2011-11-30,54671792.0,7.34,8.05,7.22,7.92,1750962.0
2011-11-29,50818392.0,7.95,8.13,7.74,8.07,1568087.0
2011-11-28,37043160.0,8.02,8.28,7.93,8.25,1116264.0
2011-11-25,61496516.0,8.23,8.49,8.14,8.39,1804565.0
2011-11-24,77496296.0,8.50,8.52,7.90,8.05,2301279.0
2011-11-23,53995448.0,8.16,8.35,7.98,8.02,1605414.0
2011-11-22,42909048.0,8.09,8.25,7.88,8.17,1296628.0
2011-11-21,46396252.0,8.25,8.26,7.97,8.17,1399417.0
2011-11-18,93783864.0,8.27,8.40,8.08,8.13,2771673.0
2011-11-17,128101696.0,8.23,8.48,7.73,7.76,3799926.0
2011-11-16,39749920.0,7.71,7.98,7.62,7.95,1241011.0
2011-11-15,38085760.0,7.91,7.91,7.68,7.78,1192470.0
2011-11-14,47948300.0,7.83,7.94,7.37,7.42,1516527.0
2011-11-11,38092016.0,7.32,7.56,7.28,7.52,1255510.0
2011-11-10,42322640.0,7.54,7.77,7.52,7.56,1347953.0
2011-11-09,38220004.0,7.70,7.72,7.44,7.51,1231621.0
2011-11-08,34244128.0,7.44,7.69,7.39,7.57,1109615.0
2011-11-07,36954556.0,7.58,7.70,7.49,7.63,1190701.0
2011-11-04,38093664.0,7.66,7.89,7.61,7.78,1201339.0
2011-11-03,66877960.0,7.74,8.09,7.71,8.00,2057935.0
2011-11-02,62633436.0,8.01,8.07,7.42,7.42,1972606.0
2011-11-01,56711304.0,7.56,7.87,7.52,7.72,1800681.0
2011-10-31,39410092.0,7.82,7.88,7.70,7.78,1235396.0
2011-10-28,75822920.0,7.88,7.92,7.39,7.62,2400631.0
2011-10-27,62963940.0,7.53,7.74,7.35,7.39,2036379.0
2011-10-26,80096064.0,7.41,7.75,7.32,7.32,2595176.0
2011-10-25,78037240.0,7.39,7.52,6.93,7.01,2624289.0
2011-10-24,31986290.0,6.95,7.00,6.44,6.65,1155868.0
2011-10-21,16358046.0,6.62,6.77,6.54,6.65,602091.0
2011-10-20,32506290.0,6.71,7.02,6.59,6.96,1179867.0
2011-10-19,26127654.0,7.01,7.10,6.87,6.94,910131.0
2011-10-18,46186492.0,6.92,7.31,6.88,7.22,1585296.0
2011-10-17,56286188.0,7.33,7.54,7.29,7.30,1853056.0
2011-10-14,50643780.0,7.33,7.39,7.14,7.21,1697729.0
2011-10-13,46685712.0,7.20,7.25,6.99,7.10,1590799.0
2011-10-12,62773504.0,7.20,7.23,6.60,6.63,2182262.0
2011-10-11,40262808.0,6.71,6.95,6.57,6.69,1453936.0
2011-10-10,27351454.0,6.52,6.64,6.40,6.45,1019133.0
2011-09-30,15726289.0,6.37,6.52,6.32,6.44,600636.0
2011-09-29,26526542.0,6.42,6.59,6.41,6.58,997814.0
2011-09-28,21889738.0,6.66,6.87,6.65,6.83,790564.0
2011-09-27,27982332.0,6.76,6.94,6.67,6.88,1007219.0
2011-09-26,33848476.0,6.83,7.04,6.81,6.83,1192112.0
2011-09-23,42327276.0,6.86,6.89,6.61,6.71,1525855.0
2011-09-22,89602640.0,6.83,7.30,6.82,7.27,3101848.0
2011-09-21,96836816.0,7.37,7.48,6.99,6.99,3238204.0
2011-09-20,71503696.0,7.03,7.20,6.96,7.08,2467468.0
2011-09-19,107307864.0,7.19,7.68,7.18,7.68,3564715.0
2011-09-16,294038688.0,7.94,8.09,7.60,7.87,9172730.0
