date,amount,close,high,low,open,volume
2015-11-27,136750720.0,17.78,19.73,17.62,19.39,7287259.0
2015-11-26,162436752.0,19.52,20.20,18.75,19.19,8372739.0
2015-11-25,131964720.0,19.11,19.27,18.20,18.27,6987209.0
2015-11-24,80203224.0,18.34,18.45,17.82,18.10,4411382.0
2015-11-23,121148136.0,18.06,19.16,17.61,19.16,6502586.0
2015-11-20,170296352.0,18.90,19.38,17.70,17.87,9288830.0
2015-11-19,99563840.0,17.85,18.05,17.00,17.59,5625170.0
2015-11-18,133941944.0,17.41,18.80,17.35,18.64,7516942.0
2015-11-17,215366320.0,18.63,20.15,18.40,19.80,11150774.0
2015-11-16,179200784.0,19.30,19.37,17.22,17.50,9653042.0
2015-11-13,123408688.0,17.94,19.11,17.55,18.90,6722042.0
2015-11-12,206504608.0,19.19,19.95,18.22,19.00,10863901.0
2015-11-11,193637216.0,18.92,18.92,17.10,17.12,10791210.0
2015-11-10,153523952.0,17.20,17.97,16.88,17.07,8795986.0
2015-11-09,182416464.0,17.21,17.46,16.31,16.73,10724977.0
2015-11-06,311752384.0,17.28,17.71,15.83,16.00,18159272.0
2015-11-05,231656048.0,16.10,16.16,14.91,15.03,15005159.0
2015-11-04,103572248.0,14.98,14.99,13.99,13.99,7092357.0
2015-11-03,56628040.0,13.97,14.15,13.81,14.03,4044900.0
2015-11-02,89633544.0,13.91,14.72,13.82,14.19,6305535.0
2015-10-30,98398048.0,14.70,15.30,14.68,15.20,6566624.0
2015-10-29,119512960.0,15.35,15.52,14.60,15.45,7944636.0
2015-10-28,139557840.0,15.21,16.20,15.16,15.59,8872821.0
2015-10-27,135820384.0,15.58,15.66,14.30,15.45,9014876.0
2015-10-26,164877888.0,15.46,15.98,15.20,15.40,10607623.0
2015-10-23,164709760.0,15.06,15.15,14.18,14.26,11240064.0
2015-10-22,95074192.0,14.12,14.29,13.38,13.50,6870939.0
2015-10-21,154403632.0,13.56,15.11,13.56,15.11,10824457.0
2015-10-20,181708240.0,15.07,15.20,14.30,14.45,12282514.0
2015-10-19,152739488.0,14.20,15.04,13.81,14.97,10624335.0
2015-10-16,114939128.0,14.92,14.94,14.26,14.66,7832966.0
2015-10-15,103335216.0,14.60,14.68,13.90,14.05,7145430.0
2015-10-14,86503696.0,14.30,14.87,14.25,14.78,5958840.0
2015-10-13,109308944.0,14.54,14.78,14.25,14.35,7523441.0
2015-10-12,175450256.0,14.78,15.08,14.05,14.18,11959612.0
2015-10-09,119025224.0,14.29,14.46,13.65,13.90,8441179.0
2015-10-08,169380336.0,14.06,14.21,13.31,13.85,12326502.0
2015-09-30,85443968.0,13.27,13.48,12.60,12.75,6543457.0
2015-09-29,55807608.0,12.81,13.25,12.65,12.90,4320304.0
2015-09-28,79923864.0,13.23,13.45,12.35,12.58,6174152.0
2015-09-25,108068328.0,12.60,13.07,12.30,12.95,8502067.0
2015-09-24,190189184.0,13.11,13.80,12.90,13.34,14413045.0
2015-09-23,138828784.0,13.40,13.60,12.03,12.29,10744643.0
2015-09-22,109235896.0,12.50,13.10,12.10,12.34,8674432.0
2015-09-21,97816896.0,12.37,12.55,11.20,11.31,8142513.0
2015-09-18,50156600.0,11.53,11.75,11.11,11.58,4397108.0
2015-09-17,87721288.0,11.69,12.50,11.38,11.86,7391727.0
2015-09-16,88279624.0,11.91,11.91,10.51,10.55,7944993.0
2015-09-15,58145404.0,10.83,11.28,10.83,10.98,5321257.0
2015-09-14,60571356.0,12.03,13.37,12.03,13.20,4808962.0
2015-09-11,124482776.0,13.37,13.65,12.94,13.42,9433045.0
2015-09-10,154997504.0,13.42,13.42,11.66,11.70,12025468.0
2015-09-09,101002312.0,12.20,12.25,11.41,11.46,8462655.0
2015-09-08,63355432.0,11.46,11.50,10.20,10.70,5844034.0
2015-09-07,61969628.0,10.90,11.29,10.26,10.26,5688580.0
2015-09-02,51478568.0,10.70,10.70,9.31,9.31,5181656.0
2015-09-01,46817676.0,10.32,11.55,10.32,11.50,4386892.0
2015-08-31,61757496.0,11.47,12.74,11.46,12.74,5112773.0
2015-08-28,92055264.0,12.73,12.80,11.45,11.85,7680072.0
2015-08-27,77728256.0,11.67,12.47,10.76,12.38,6743321.0
2015-08-26,160306464.0,11.95,13.80,11.95,11.95,13160367.0
2015-08-25,5578928.0,13.28,13.28,13.28,13.28,420100.0
2015-08-24,26244698.0,14.76,15.49,14.76,15.49,1774900.0
2015-08-21,57558756.0,16.40,17.09,15.39,16.48,3541278.0
2015-08-20,45349568.0,17.10,18.18,17.10,18.01,2563879.0
2015-08-19,87820560.0,18.50,18.50,16.27,17.10,5046906.0
2015-08-18,118964352.0,18.07,20.28,18.07,20.08,6209046.0
2015-08-17,121511792.0,20.08,20.29,18.61,18.84,6226704.0
2015-08-14,83578536.0,18.96,19.39,18.91,19.37,4355396.0
2015-08-13,88165440.0,19.18,19.49,18.30,18.60,4655854.0
2015-08-12,82539944.0,18.83,19.43,18.81,19.31,4321858.0
2015-08-11,140019952.0,19.46,20.28,19.16,19.34,7120283.0
2015-08-10,119100432.0,19.34,19.38,18.00,18.29,6370574.0
2015-08-07,91941936.0,18.11,18.49,17.48,17.55,5112733.0
2015-08-06,58281164.0,17.55,17.65,17.10,17.40,3357835.0
2015-08-05,99847120.0,17.90,18.99,17.64,18.21,5490528.0
2015-08-04,114730856.0,18.68,18.75,16.81,17.40,6453640.0
2015-08-03,83107664.0,17.60,19.00,17.32,17.41,4693270.0
2015-07-31,88227216.0,19.24,19.89,18.40,19.88,4524671.0
2015-07-30,87657992.0,18.98,20.17,18.62,18.92,4482588.0
2015-07-29,113091504.0,20.19,20.27,16.65,18.55,6297524.0
2015-07-28,121771752.0,18.44,20.99,18.44,18.51,6432976.0
2015-07-27,95970336.0,20.49,21.59,19.88,21.01,4636110.0
2015-07-24,127451064.0,22.09,22.40,21.00,22.15,5810048.0
2015-07-23,205281328.0,22.45,22.50,20.26,20.95,9559054.0
2015-07-22,106308664.0,21.00,22.07,20.44,21.31,5027497.0
2015-07-21,121931120.0,21.58,21.65,19.75,20.60,5797921.0
2015-07-20,99601880.0,20.83,21.15,19.58,19.70,4863383.0
2015-07-17,103003936.0,19.65,19.65,17.86,18.60,5424352.0
2015-07-16,161555296.0,17.86,20.36,17.45,19.25,8668207.0
2015-07-15,138210128.0,19.39,23.00,19.39,23.00,6596933.0
2015-07-14,8623453.0,21.54,21.54,21.54,21.54,400346.0
2015-07-06,128155760.0,19.58,21.54,17.62,21.54,6738766.0
2015-07-03,114145424.0,19.58,22.79,19.58,20.80,5664779.0
2015-07-02,121418880.0,21.75,24.55,21.72,22.56,5225889.0
2015-07-01,193866320.0,23.98,25.94,21.90,23.80,7893566.0
2015-06-30,167590208.0,23.58,23.96,19.60,19.60,7942577.0
2015-06-29,62089824.0,21.78,24.20,21.78,24.20,2812849.0
2015-06-26,86081872.0,24.20,25.68,24.20,25.49,3484025.0
2015-06-25,155125072.0,26.89,27.60,24.93,27.30,5896748.0
2015-06-24,178223872.0,27.70,28.88,26.80,28.33,6441111.0
2015-06-23,167582768.0,28.33,29.02,25.20,27.36,6143219.0
2015-06-19,202931664.0,28.00,31.58,27.90,29.34,6843590.0
2015-06-18,327596256.0,30.95,34.58,29.21,33.65,10302106.0
2015-06-17,279212128.0,32.45,32.45,29.00,29.70,8985894.0
2015-06-16,358943712.0,29.50,30.20,26.01,26.85,12477716.0
2015-06-15,338518304.0,28.00,29.75,25.76,25.76,12211111.0
2015-06-12,520332352.0,27.98,29.00,26.46,28.00,18517336.0
2015-06-11,138956656.0,26.36,26.36,23.90,24.36,5469683.0
2015-06-10,415724320.0,23.96,23.96,19.60,21.00,18477276.0
2015-06-09,5260567.0,21.78,21.78,21.78,21.78,241532.0
2015-05-11,259658224.0,19.80,19.80,18.32,18.32,13526833.0
2015-05-08,173797728.0,18.00,18.19,16.81,17.20,9831639.0
2015-05-07,197759088.0,17.30,18.48,17.02,18.10,11159360.0
2015-05-06,232845680.0,17.94,17.94,16.50,16.50,13231097.0
2015-05-05,139152816.0,16.31,17.18,15.60,15.77,8437921.0
2015-05-04,54162732.0,15.82,15.87,14.61,15.24,3486199.0
2015-04-30,34852920.0,15.29,15.48,15.00,15.39,2300216.0
2015-04-29,37479416.0,15.34,15.70,14.70,14.90,2437538.0
2015-04-28,71784480.0,14.98,16.26,14.87,16.23,2334786.0
2015-04-27,60774016.0,16.10,16.33,15.73,15.99,1894700.0
2015-04-24,54027540.0,15.95,16.34,15.63,16.18,1688107.0
2015-04-23,87488248.0,16.31,16.68,15.99,16.25,2689076.0
2015-04-22,71587208.0,16.32,16.39,15.75,15.91,2216296.0
2015-04-21,57783876.0,15.73,15.75,15.08,15.12,1856363.0
2015-04-20,102335360.0,15.08,17.15,14.77,15.79,3285416.0
2015-04-17,88132584.0,15.88,16.47,15.73,16.33,2747715.0
2015-04-16,91317960.0,16.32,17.01,15.79,16.17,2794643.0
2015-04-15,82138968.0,16.98,18.46,16.98,18.46,2379867.0
2015-04-14,146416192.0,18.86,19.08,17.63,19.08,3947842.0
2015-04-13,129612544.0,19.13,19.15,17.90,17.90,3499440.0
2015-04-10,100005120.0,17.93,18.37,16.88,16.94,2800987.0
2015-04-09,103631560.0,17.26,17.52,15.89,17.39,3077279.0
2015-04-08,105334528.0,17.39,17.40,16.13,17.22,3122250.0
2015-04-07,108144744.0,17.21,17.47,16.17,16.29,3179394.0
2015-04-03,89351888.0,16.23,16.62,15.53,15.91,2794410.0
2015-04-02,107510624.0,16.13,16.16,14.76,14.78,3453337.0
2015-04-01,93372512.0,14.86,15.28,13.84,13.90,3189966.0
2015-03-31,116096432.0,14.17,14.74,13.24,13.24,4259088.0
2015-03-30,51730904.0,13.40,13.58,13.17,13.48,1935499.0
2015-03-27,51646300.0,13.32,13.63,13.15,13.53,1932705.0
2015-03-26,95861624.0,13.48,13.90,13.05,13.27,3545414.0
2015-03-25,82595264.0,13.30,13.46,13.01,13.23,3103668.0
2015-03-24,68735056.0,13.24,13.47,12.64,13.42,2608455.0
2015-03-23,80507552.0,13.44,13.56,12.83,12.98,3057302.0
2015-03-20,59725636.0,12.93,13.16,12.77,12.99,2310664.0
2015-03-19,61685604.0,12.98,13.13,12.59,12.65,2387336.0
2015-03-18,64010464.0,12.66,12.68,12.45,12.59,2545389.0
2015-03-17,110108496.0,12.48,13.38,12.47,13.22,4299710.0
2015-03-16,43856216.0,12.69,12.92,12.38,12.38,1725207.0
2015-03-13,19890652.0,12.32,12.39,12.05,12.16,811608.0
2015-03-12,33271532.0,12.18,12.40,11.75,12.09,1375069.0
2015-03-11,37790400.0,12.19,12.31,11.68,11.76,1561414.0
2015-03-10,44560740.0,11.92,12.19,11.65,11.74,1868292.0
2015-03-09,63943600.0,11.83,11.97,10.75,10.89,2787009.0
2015-03-06,19235710.0,10.96,11.14,10.74,11.03,879970.0
2015-03-05,18507956.0,11.01,11.27,10.99,11.13,834701.0
2015-03-04,32090116.0,11.13,11.27,10.80,10.80,1442459.0
2015-03-03,40021752.0,10.90,11.22,10.87,11.04,1809883.0
2015-03-02,47909884.0,11.09,11.21,10.79,11.21,2183038.0
2015-02-27,16467770.0,11.14,11.44,11.04,11.44,735450.0
2015-02-26,29533216.0,11.16,11.60,11.08,11.24,1304627.0
2015-02-25,30927050.0,11.37,11.39,10.64,10.94,1414553.0
2015-02-17,25787850.0,10.94,11.44,10.84,11.27,1167486.0
2015-02-16,57692964.0,11.24,11.76,10.63,10.67,2584802.0
2015-02-13,60401840.0,10.69,10.87,9.87,9.87,2864115.0
2015-02-12,15491189.0,9.88,9.90,9.66,9.69,787190.0
2015-02-11,10571605.0,9.69,9.70,9.49,9.49,549990.0
2015-02-10,7739415.0,9.48,9.61,9.39,9.44,406840.0
2015-02-09,21482894.0,9.51,9.77,9.36,9.39,1115365.0
2015-02-06,17874484.0,9.37,9.70,9.30,9.61,943235.0
2015-02-05,21319000.0,9.71,9.97,9.69,9.87,1079807.0
2015-02-04,16043873.0,9.86,10.06,9.76,9.93,807790.0
2015-02-03,17355470.0,9.93,9.98,9.69,9.86,876083.0
2015-02-02,21156560.0,9.69,9.89,9.27,9.38,1088934.0
2015-01-30,9972426.0,9.49,9.75,9.49,9.71,516496.0
2015-01-29,25793352.0,9.62,9.95,9.62,9.86,1325779.0
2015-01-28,18074034.0,9.91,10.11,9.80,9.92,904507.0
2015-01-27,27270800.0,9.91,9.98,9.75,9.97,1378977.0
2015-01-26,25444358.0,9.93,9.97,9.37,9.44,1321255.0
2015-01-23,19669876.0,9.40,9.69,9.39,9.64,1033442.0
2015-01-22,20339490.0,9.64,9.79,9.49,9.58,1055765.0
2015-01-21,35225428.0,9.61,9.63,9.34,9.34,1845541.0
2015-01-20,25162378.0,9.36,9.38,8.84,8.86,1368590.0
2015-01-19,23809436.0,8.83,9.24,8.53,8.69,1329633.0
2015-01-16,22098418.0,8.79,8.89,8.68,8.69,1258964.0
2015-01-15,14968456.0,8.68,8.88,8.60,8.82,854598.0
2015-01-14,22156762.0,8.83,9.29,8.49,9.24,1227400.0
2015-01-13,18123910.0,9.16,9.26,9.00,9.10,989350.0
2015-01-12,16609353.0,9.10,9.20,8.94,8.99,913094.0
2015-01-09,29206518.0,9.12,9.44,8.98,9.14,1582618.0
2015-01-08,55011348.0,9.17,9.43,8.69,8.75,3028769.0
2015-01-07,30188204.0,8.69,8.76,8.55,8.74,1744503.0
2015-01-06,45883276.0,8.74,8.78,8.26,8.29,2685727.0
2015-01-05,41051684.0,8.34,8.54,8.04,8.54,2496181.0
2014-12-31,32908578.0,8.58,8.96,8.39,8.78,1918457.0
2014-12-30,21098484.0,8.71,9.13,8.40,9.09,1214349.0
2014-12-29,27514596.0,8.97,9.55,8.89,9.55,1500168.0
2014-12-26,17368370.0,9.58,9.82,9.51,9.82,901399.0
2014-12-25,12316330.0,9.82,9.90,9.76,9.83,626693.0
2014-12-24,13307208.0,9.84,10.03,9.64,9.76,677430.0
2014-12-23,10440148.0,9.72,10.17,9.68,9.94,525633.0
2014-12-22,16702194.0,9.99,10.80,9.89,10.64,825315.0
2014-12-19,25396620.0,10.82,11.39,10.68,11.38,1149119.0
2014-12-18,51570732.0,11.01,11.45,10.74,10.83,2309433.0
2014-12-17,36286008.0,10.83,11.11,10.50,10.95,1693378.0
2014-12-16,48037972.0,10.93,11.11,10.58,10.58,2198340.0
2014-12-15,34149140.0,10.58,10.63,10.04,10.16,1635378.0
2014-12-12,23291320.0,10.16,10.20,9.99,10.20,1152726.0
2014-12-11,24823986.0,10.14,10.39,10.06,10.39,1220720.0
2014-12-10,38164676.0,10.41,10.45,9.76,9.95,1875679.0
2014-12-09,42913672.0,9.94,10.41,9.94,10.35,2107337.0
2014-12-08,61472620.0,10.59,10.62,10.06,10.61,3000817.0
2014-12-05,37362916.0,10.70,11.46,10.70,11.41,1712988.0
2014-12-04,38999224.0,11.38,11.39,11.04,11.05,1734996.0
2014-12-03,32991178.0,11.13,11.16,10.68,11.06,1516361.0
2014-12-02,35777784.0,11.04,11.25,10.83,10.97,1613362.0
2014-12-01,82906072.0,11.08,11.96,10.80,11.96,3725551.0
2014-11-28,35053384.0,12.00,12.48,11.90,12.46,1451515.0
2014-11-27,24889300.0,12.49,12.59,12.09,12.54,1006191.0
2014-11-26,15747515.0,12.49,12.57,12.29,12.40,631035.0
2014-11-25,20308768.0,12.41,12.41,11.90,12.06,832403.0
2014-11-24,25231910.0,12.09,12.32,11.80,12.12,1046150.0
2014-11-21,41661244.0,12.06,12.48,11.91,12.09,1712753.0
2014-11-20,23766906.0,12.08,12.55,11.99,12.36,962600.0
2014-11-19,32720264.0,12.35,12.56,11.92,12.03,1321464.0
2014-11-18,22127956.0,11.99,12.09,11.51,11.76,932967.0
2014-11-17,14366621.0,11.79,11.84,11.30,11.60,616812.0
2014-11-14,14160607.0,11.59,11.59,11.14,11.30,623521.0
2014-11-13,31488712.0,11.30,11.59,11.09,11.38,1382908.0
2014-11-12,34050336.0,11.38,11.43,10.67,10.88,1550775.0
2014-11-11,53358988.0,10.88,11.98,10.88,11.98,2354275.0
2014-11-10,25988294.0,11.91,12.06,11.60,12.06,1102633.0
2014-11-07,44479640.0,12.08,12.74,12.03,12.73,1799024.0
2014-11-06,20909452.0,12.63,12.64,12.34,12.41,834237.0
2014-11-05,28881618.0,12.43,12.58,12.12,12.30,1160312.0
2014-11-04,21472810.0,12.24,12.55,12.07,12.42,875109.0
2014-11-03,32784678.0,12.44,12.68,12.24,12.35,1318047.0
2014-10-31,30110872.0,12.39,12.91,12.26,12.72,1209695.0
2014-10-30,21705302.0,12.82,13.08,12.74,12.86,841056.0
2014-10-29,37160992.0,12.97,13.10,12.69,13.07,1444531.0
2014-10-28,63209232.0,13.01,13.61,12.64,12.88,2418856.0
2014-10-27,40682440.0,12.69,12.89,11.50,11.90,1652537.0
2014-10-24,15821409.0,11.73,11.83,11.49,11.53,674895.0
2014-10-23,20100268.0,11.52,11.97,11.41,11.87,862645.0
2014-10-22,17599366.0,11.91,12.28,11.79,11.92,731892.0
2014-10-21,37855932.0,12.01,12.24,11.77,12.24,1580846.0
2014-10-20,32375344.0,12.24,12.53,11.89,12.28,1326146.0
2014-10-17,45083404.0,12.44,12.77,11.89,12.48,1838303.0
2014-10-16,22598234.0,12.60,13.11,12.38,12.39,881519.0
2014-10-15,23788492.0,13.03,13.13,12.76,12.89,917565.0
2014-10-14,65494904.0,13.13,13.32,12.20,12.49,2521258.0
2014-10-13,27565396.0,12.41,12.54,12.06,12.52,1122062.0
2014-10-10,49848448.0,12.58,12.80,12.04,12.59,1998512.0
2014-10-09,28684880.0,12.78,13.07,12.62,13.07,1119304.0
2014-10-08,51672784.0,13.01,13.04,12.33,12.53,2057485.0
2014-09-30,44237924.0,12.74,12.74,12.04,12.60,1784898.0
2014-09-29,60238892.0,12.61,12.73,11.84,11.84,2409006.0
2014-09-26,53683732.0,11.93,12.04,11.49,11.51,2278932.0
2014-09-25,98428168.0,11.51,11.84,11.26,11.59,4290961.0
2014-09-24,69660648.0,11.58,11.58,10.49,10.53,3068811.0
2014-09-23,17925432.0,10.53,10.58,9.99,10.27,864730.0
2014-09-22,16947076.0,10.07,10.44,10.02,10.44,829904.0
2014-09-19,15975500.0,10.46,10.57,10.36,10.44,761446.0
2014-09-18,28533622.0,10.44,10.63,10.24,10.24,1367640.0
2014-09-17,27542040.0,10.38,10.54,9.99,10.50,1338679.0
2014-09-16,31589666.0,10.48,11.01,10.39,10.75,1464539.0
2014-09-15,38999860.0,10.79,10.88,10.28,10.76,1844196.0
2014-09-12,32670588.0,10.78,11.00,10.40,10.88,1534123.0
2014-09-11,59023740.0,10.80,11.38,10.40,10.58,2708398.0
2014-09-10,34259544.0,10.47,10.65,9.92,10.12,1648750.0
2014-09-09,39484972.0,10.12,10.37,9.82,10.07,1949103.0
2014-09-05,57111348.0,9.99,10.22,9.42,9.48,2897075.0
2014-09-04,23358338.0,9.41,9.54,9.27,9.39,1237800.0
2014-09-03,20802166.0,9.39,9.61,9.20,9.61,1109081.0
2014-09-02,21504210.0,9.49,9.72,9.43,9.46,1125960.0
2014-09-01,10734728.0,9.43,9.54,9.24,9.27,569715.0
2014-08-29,14806000.0,9.24,9.33,8.89,8.99,802572.0
2014-08-28,8921528.0,8.99,9.13,8.94,9.13,492888.0
2014-08-27,12513374.0,9.12,9.20,8.79,9.07,694185.0
2014-08-26,8278940.0,9.07,9.33,9.07,9.23,450766.0
2014-08-25,13754291.0,9.19,9.42,9.14,9.42,743745.0
2014-08-22,23272716.0,9.42,9.64,9.39,9.50,1226096.0
2014-08-21,22935862.0,9.62,9.62,9.14,9.43,1229105.0
2014-08-20,26421612.0,9.44,9.80,9.42,9.63,1384856.0
2014-08-19,21671178.0,9.75,9.89,9.71,9.81,1108129.0
2014-08-18,37443148.0,9.89,9.89,9.46,9.75,1927742.0
2014-08-15,37960492.0,9.61,9.61,9.04,9.04,2010559.0
2014-08-14,22233014.0,9.16,9.37,9.16,9.33,1199143.0
2014-08-13,39520012.0,9.36,9.37,8.87,9.23,2164247.0
2014-08-12,27042288.0,9.16,9.28,9.08,9.14,1473810.0
2014-08-11,39985320.0,9.12,9.32,9.04,9.19,2186981.0
2014-08-08,21520686.0,9.26,9.37,9.05,9.25,1170908.0
2014-08-07,47230880.0,9.26,9.59,9.15,9.49,2519415.0
2014-08-06,69499792.0,9.63,10.08,9.06,9.24,3642270.0
2014-08-05,66212684.0,9.29,9.39,8.34,8.62,3707371.0
2014-08-04,23467524.0,8.54,8.59,8.38,8.49,1381854.0
2014-08-01,51769592.0,8.44,8.66,8.41,8.59,3023076.0
2014-07-31,86578032.0,8.49,8.93,8.08,8.08,5044981.0
2014-07-30,40781760.0,8.21,8.21,7.80,7.80,2534788.0
2014-07-29,66269972.0,7.89,8.07,7.68,7.69,4193045.0
2014-07-28,80821200.0,7.72,7.85,6.98,7.11,5481927.0
2014-07-25,44882372.0,7.13,7.14,6.98,7.07,3176299.0
2014-07-24,57275488.0,7.14,7.34,6.84,7.34,4044166.0
2014-07-23,39621104.0,7.34,7.76,7.21,7.67,2661292.0
2014-07-22,32894216.0,7.68,7.72,7.49,7.54,2162139.0
2014-07-21,17619300.0,7.52,7.66,7.38,7.39,1163071.0
2014-07-18,20723216.0,7.44,7.57,7.19,7.19,1386547.0
2014-07-17,29164656.0,7.45,7.64,7.39,7.49,1943291.0
2014-07-16,64535584.0,7.42,7.87,7.34,7.85,4264553.0
2014-07-15,49585884.0,7.88,8.27,7.67,8.27,3117089.0
2014-07-14,37366764.0,8.25,8.34,8.15,8.34,2272918.0
2014-07-11,42008888.0,8.38,8.38,8.09,8.35,2551220.0
2014-07-10,43514136.0,8.39,8.49,8.22,8.25,2598732.0
2014-07-09,55083220.0,8.39,8.70,8.24,8.66,3257079.0
2014-07-08,90247512.0,8.76,8.79,8.27,8.45,5311863.0
2014-07-07,71852648.0,8.45,8.48,7.79,7.79,4415577.0
2014-07-04,48980848.0,7.81,7.93,7.29,7.40,3205373.0
2014-07-03,26815108.0,7.41,7.43,7.17,7.23,1827103.0
2014-07-02,18380656.0,7.25,7.37,7.15,7.24,1268706.0
2014-07-01,34186204.0,7.29,7.31,7.00,7.03,2367041.0
2014-06-30,23014984.0,7.06,7.14,6.84,7.12,1633099.0
2014-06-27,23267444.0,6.85,6.92,6.74,6.88,1693391.0
2014-06-26,16089972.0,6.85,6.91,6.68,6.68,1178809.0
2014-06-25,14421901.0,6.73,6.88,6.64,6.76,1068673.0
2014-06-24,48411640.0,6.76,7.22,6.72,6.89,3506461.0
2014-06-23,35719904.0,6.97,7.06,6.57,6.60,2587034.0
2014-06-20,10427948.0,6.69,6.71,6.58,6.67,783518.0
2014-06-19,19429010.0,6.72,6.84,6.55,6.79,1453592.0
2014-06-18,31237220.0,6.79,6.97,6.68,6.75,2287427.0
2014-06-17,18474078.0,6.78,6.83,6.62,6.71,1378301.0
2014-06-16,31097030.0,6.71,6.74,6.55,6.65,2335113.0
2014-06-13,12620965.0,6.60,6.70,6.54,6.57,948468.0
2014-06-12,14428928.0,6.58,6.69,6.53,6.67,1091044.0
2014-06-11,22600684.0,6.67,6.72,6.50,6.51,1707975.0
2014-06-10,10419514.0,6.51,6.57,6.44,6.48,799924.0
2014-06-09,12788332.0,6.47,6.61,6.42,6.42,976142.0
2014-06-06,9315689.0,6.46,6.53,6.41,6.44,720385.0
2014-06-05,22269668.0,6.49,6.53,6.23,6.29,1723872.0
2014-06-04,12379933.0,6.29,6.42,6.21,6.41,980865.0
2014-06-03,11779534.0,6.29,6.32,6.23,6.23,936271.0
2014-05-30,7588746.0,6.24,6.27,6.12,6.20,611808.0
2014-05-29,7970505.0,6.19,6.36,6.18,6.32,634367.0
2014-05-28,10452894.0,6.32,6.36,6.22,6.29,827014.0
2014-05-27,9425751.0,6.29,6.37,6.22,6.37,750107.0
2014-05-26,20296194.0,6.32,6.39,6.06,6.06,1623206.0
2014-05-23,5620424.0,6.02,6.03,5.91,5.93,470037.0
2014-05-22,8553544.0,5.98,6.08,5.93,5.94,708403.0
2014-05-21,6894389.0,5.93,5.94,5.82,5.93,586695.0
2014-05-20,3802973.0,5.88,5.98,5.87,5.91,318644.0
2014-05-19,2796497.0,5.86,5.89,5.78,5.82,238641.0
2014-05-16,3622813.0,5.82,5.87,5.72,5.86,311157.0
2014-05-15,4726416.0,5.87,6.02,5.87,5.99,396061.0
2014-05-14,5629631.0,6.00,6.06,5.92,6.01,467790.0
2014-05-13,5517613.0,6.03,6.07,5.96,5.96,455233.0
2014-05-12,5493419.0,5.98,6.03,5.89,5.89,456963.0
2014-05-09,5557638.0,5.89,5.94,5.75,5.78,471976.0
2014-05-08,7541086.0,5.85,5.92,5.73,5.74,641013.0
2014-05-07,7497608.0,5.75,5.95,5.65,5.91,635019.0
2014-05-06,7056516.0,5.88,6.07,5.87,5.90,585250.0
2014-05-05,7077174.0,5.96,5.99,5.80,5.80,595457.0
2014-04-30,10464059.0,5.83,5.86,5.53,5.58,897642.0
2014-04-29,6031256.0,5.56,5.61,5.50,5.50,539344.0
2014-04-28,10468833.0,5.50,5.66,5.47,5.60,934017.0
2014-04-25,15286776.0,5.56,5.93,5.54,5.82,1315655.0
2014-04-24,8354500.0,5.93,6.12,5.93,6.07,687432.0
2014-04-23,4816736.0,6.06,6.07,5.99,6.01,396756.0
2014-04-22,11901054.0,5.99,6.15,5.93,6.14,979049.0
2014-04-21,13226463.0,6.07,6.36,6.07,6.34,1057033.0
2014-04-18,10475304.0,6.37,6.44,6.34,6.38,816997.0
2014-04-17,14089663.0,6.38,6.49,6.37,6.38,1090332.0
2014-04-16,11236868.0,6.38,6.47,6.32,6.38,877944.0
2014-04-15,13839689.0,6.43,6.53,6.38,6.52,1069133.0
2014-04-14,19135878.0,6.52,6.54,6.22,6.22,1474757.0
2014-04-11,6933690.0,6.30,6.32,6.15,6.19,551221.0
2014-04-10,12279385.0,6.26,6.39,6.25,6.32,964038.0
2014-04-09,9563982.0,6.29,6.32,6.22,6.25,757492.0
2014-04-08,11045240.0,6.22,6.26,6.16,6.17,884457.0
2014-04-04,12323202.0,6.21,6.26,6.13,6.15,989451.0
2014-04-03,10215395.0,6.15,6.20,6.08,6.08,826167.0
2014-04-02,10087202.0,6.06,6.14,6.04,6.04,824915.0
2014-04-01,15923487.0,6.10,6.13,5.87,5.91,1306679.0
2014-03-31,33519410.0,5.94,6.11,5.82,6.02,2787096.0
2014-03-28,26388450.0,6.05,6.45,6.04,6.35,2106257.0
2014-03-27,28823166.0,6.37,6.80,6.37,6.80,2177715.0
2014-03-26,21781446.0,6.81,6.86,6.70,6.77,1600079.0
2014-03-25,41904848.0,6.80,6.80,6.47,6.55,3115101.0
2014-03-24,18539440.0,6.57,6.64,6.48,6.59,1404455.0
2014-03-21,25587138.0,6.59,6.60,6.23,6.37,1969572.0
2014-03-20,22819090.0,6.37,6.54,6.32,6.52,1761590.0
2014-03-19,29188460.0,6.54,6.56,6.29,6.33,2248504.0
2014-03-18,13317740.0,6.35,6.40,6.29,6.38,1041741.0
2014-03-17,17322368.0,6.35,6.39,6.07,6.10,1372005.0
2014-03-14,8245840.0,6.09,6.22,6.09,6.19,666584.0
2014-03-13,9692142.0,6.13,6.25,6.11,6.11,778880.0
2014-03-12,15027077.0,6.15,6.16,5.98,6.05,1224984.0
2014-03-11,11790254.0,6.08,6.09,5.92,6.01,974715.0
2014-03-10,15646349.0,6.03,6.34,6.01,6.34,1264748.0
2014-03-07,20237066.0,6.39,6.43,6.27,6.38,1579504.0
2014-03-06,13791366.0,6.36,6.40,6.17,6.35,1087175.0
2014-03-05,12513254.0,6.31,6.41,6.27,6.32,980309.0
2014-03-04,17739398.0,6.32,6.39,6.22,6.35,1397992.0
2014-03-03,21007488.0,6.42,6.43,6.25,6.25,1646713.0
2014-02-28,17249320.0,6.30,6.33,6.08,6.12,1382601.0
2014-02-27,26483860.0,6.12,6.50,6.11,6.33,2093180.0
2014-02-26,24195832.0,6.34,6.35,6.01,6.26,1944226.0
2014-02-25,60118704.0,6.30,7.07,6.29,6.99,4470331.0
2014-02-24,42364140.0,6.99,7.02,6.73,6.74,3050384.0
2014-02-21,28671780.0,6.73,6.90,6.55,6.69,2124120.0
2014-02-20,45848032.0,6.71,7.07,6.70,7.01,3335159.0
2014-02-19,56433768.0,7.01,7.21,6.89,7.13,3983418.0
2014-02-18,91912200.0,7.21,7.43,6.77,6.83,6482906.0
2014-02-17,71605640.0,6.81,6.95,6.75,6.77,5215284.0
2014-02-14,39390080.0,6.68,6.70,6.37,6.42,2983020.0
2014-02-13,46877724.0,6.44,6.73,6.37,6.68,3530844.0
2014-02-12,57824412.0,6.73,6.79,6.27,6.39,4402946.0
2014-02-11,39825748.0,6.37,6.56,6.30,6.54,3083228.0
2014-02-10,44292668.0,6.52,6.56,6.31,6.31,3421471.0
2014-02-07,23822788.0,6.30,6.31,6.09,6.16,1895192.0
2014-01-30,21431714.0,6.18,6.43,6.17,6.41,1698513.0
2014-01-29,30242472.0,6.41,6.45,6.21,6.30,2370769.0
2014-01-28,34898548.0,6.31,6.41,6.15,6.38,2766086.0
2014-01-27,49235380.0,6.38,6.59,6.37,6.52,3780025.0
2014-01-24,70823544.0,6.61,6.74,6.32,6.36,5419676.0
2014-01-23,72976304.0,6.45,6.54,6.17,6.29,5662568.0
2014-01-22,57520248.0,6.31,6.36,6.18,6.30,4563556.0
2014-01-21,64936240.0,6.31,6.41,6.11,6.15,5142157.0
2014-01-20,36109404.0,6.14,6.36,5.97,6.21,2903973.0
2014-01-17,39112376.0,6.21,6.30,6.12,6.18,3129592.0
2014-01-16,49972272.0,6.27,6.31,6.03,6.18,4050817.0
2014-01-15,90657096.0,6.18,6.41,5.80,5.86,7271496.0
2014-01-14,19202428.0,5.82,5.84,5.56,5.57,1665816.0
2014-01-13,14517175.0,5.57,5.59,5.47,5.49,1304615.0
2014-01-10,16326924.0,5.53,5.80,5.43,5.72,1441934.0
2014-01-09,25869968.0,5.76,5.99,5.72,5.97,2189643.0
2014-01-08,38882812.0,5.98,6.01,5.78,5.78,3260552.0
2014-01-07,19096046.0,5.78,5.80,5.57,5.58,1663464.0
2014-01-06,25688396.0,5.65,5.91,5.61,5.91,2229190.0
2014-01-03,29775508.0,5.91,5.95,5.77,5.90,2516241.0
2014-01-02,24466634.0,5.95,6.01,5.71,5.72,2062878.0
2013-12-31,19704044.0,5.75,5.88,5.69,5.83,1697764.0
2013-12-30,31963154.0,5.85,6.00,5.72,5.74,2702160.0
2013-12-27,25210486.0,5.73,5.75,5.47,5.49,2211080.0
2013-12-26,17859038.0,5.50,5.58,5.45,5.56,1612966.0
2013-12-25,19103084.0,5.55,5.57,5.29,5.29,1730553.0
2013-12-24,11399467.0,5.32,5.36,5.21,5.21,1072137.0
2013-12-23,15378928.0,5.20,5.40,5.17,5.38,1459088.0
2013-12-20,12216372.0,5.38,5.54,5.35,5.47,1116133.0
2013-12-19,11089869.0,5.51,5.61,5.47,5.50,994453.0
2013-12-18,14571109.0,5.50,5.62,5.46,5.61,1312074.0
2013-12-17,19487714.0,5.61,5.72,5.51,5.68,1736110.0
2013-12-16,35892032.0,5.73,6.05,5.71,5.71,3059440.0
2013-12-13,22946086.0,5.65,5.72,5.48,5.55,2016500.0
2013-12-12,15578308.0,5.57,5.60,5.41,5.47,1398309.0
2013-12-11,12136544.0,5.47,5.53,5.41,5.49,1102139.0
2013-12-10,11618570.0,5.46,5.55,5.43,5.53,1054411.0
2013-12-09,16723973.0,5.54,5.57,5.43,5.47,1509971.0
2013-12-06,14284107.0,5.43,5.49,5.34,5.40,1308951.0
2013-12-05,31054756.0,5.42,5.60,5.30,5.55,2853062.0
2013-12-04,33998740.0,5.56,5.74,5.48,5.48,3001397.0
2013-12-03,40096100.0,5.56,5.66,5.26,5.53,3633263.0
2013-12-02,63711064.0,5.83,6.13,5.83,6.07,5361553.0
2013-11-29,89247008.0,6.48,6.49,5.84,5.87,7141606.0
2013-11-28,37974300.0,5.89,5.95,5.72,5.95,3230235.0
2013-11-27,52940020.0,5.81,6.02,5.73,5.84,4503890.0
2013-11-26,35994660.0,5.84,5.84,5.51,5.59,3127065.0
2013-11-25,21122180.0,5.61,5.65,5.37,5.42,1892061.0
2013-11-22,10997090.0,5.45,5.51,5.41,5.43,1003413.0
2013-11-21,13657069.0,5.44,5.51,5.37,5.51,1250245.0
2013-11-20,15334331.0,5.57,5.66,5.46,5.59,1376371.0
2013-11-19,21482056.0,5.61,5.65,5.52,5.57,1914288.0
2013-11-18,30615856.0,5.59,5.69,5.33,5.33,2741581.0
2013-11-15,35177536.0,5.42,5.64,5.41,5.46,3165411.0
2013-11-14,26439480.0,5.44,5.45,5.00,5.14,2468363.0
2013-11-13,9679730.0,5.08,5.32,5.08,5.22,932683.0
2013-11-12,11868095.0,5.26,5.29,5.01,5.01,1140657.0
2013-11-11,4857088.0,5.01,5.04,4.81,4.86,488868.0
2013-11-08,9890747.0,4.95,5.05,4.75,5.05,1011213.0
2013-11-07,8221436.0,4.99,5.22,4.98,5.20,804374.0
2013-11-06,9423084.0,5.22,5.37,5.20,5.27,885500.0
2013-11-05,10108561.0,5.30,5.30,5.06,5.09,965010.0
2013-11-04,7301455.0,5.14,5.14,4.96,4.96,717771.0
2013-11-01,5177568.0,5.03,5.03,4.90,5.00,518788.0
2013-10-31,4074614.0,5.04,5.04,4.92,5.04,406175.0
2013-10-30,8622744.0,5.04,5.10,4.85,4.95,857869.0
2013-10-29,14462476.0,4.96,5.40,4.85,5.36,1410201.0
2013-10-28,19058518.0,5.36,5.36,5.15,5.18,1796837.0
2013-10-25,8912749.0,5.22,5.25,5.07,5.18,859949.0
2013-10-24,7548056.0,5.21,5.25,5.10,5.17,722568.0
2013-10-23,28357048.0,5.27,5.42,5.09,5.30,2705097.0
2013-10-22,46794396.0,5.43,5.92,5.28,5.55,4157963.0
2013-10-21,34478068.0,5.55,5.65,5.33,5.46,3126679.0
2013-10-18,67716280.0,5.52,5.77,5.35,5.35,6034308.0
2013-10-17,27454892.0,5.35,5.40,5.13,5.13,2572749.0
2013-10-16,16650027.0,5.16,5.18,5.04,5.12,1620085.0
2013-10-15,21192136.0,5.19,5.22,5.05,5.18,2053585.0
2013-10-14,20813512.0,5.16,5.21,5.04,5.20,2023857.0
2013-10-11,21164038.0,5.14,5.16,4.91,4.92,2085028.0
2013-10-10,10026848.0,4.92,4.95,4.85,4.90,1016945.0
2013-10-09,10808203.0,4.90,4.93,4.72,4.77,1101900.0
2013-10-08,6621625.0,4.80,4.83,4.61,4.70,697286.0
2013-09-30,3720076.0,4.70,4.75,4.65,4.70,394296.0
2013-09-27,2855797.0,4.70,4.72,4.63,4.63,302494.0
2013-09-26,5935165.0,4.67,4.81,4.67,4.75,623910.0
2013-09-25,7650423.0,4.78,4.83,4.73,4.80,793563.0
2013-09-24,6785639.0,4.80,4.88,4.79,4.82,698944.0
2013-09-23,5925087.0,4.86,4.88,4.70,4.70,611160.0
2013-09-18,5518771.0,4.70,4.72,4.63,4.63,588033.0
2013-09-17,9250937.0,4.68,4.91,4.67,4.91,963669.0
2013-09-16,6007497.0,4.93,4.94,4.83,4.85,611890.0
2013-09-13,6630558.0,4.85,4.90,4.79,4.79,679643.0
2013-09-12,8213466.0,4.82,4.89,4.77,4.84,844924.0
2013-09-11,19448196.0,4.84,5.11,4.83,5.08,1965107.0
2013-09-10,23085762.0,5.12,5.26,5.03,5.26,2250514.0
2013-09-09,40290344.0,5.25,5.37,5.01,5.10,3840741.0
2013-09-06,13493653.0,4.99,4.99,4.83,4.86,1364310.0
2013-09-05,12650828.0,4.89,4.91,4.80,4.80,1299218.0
2013-09-04,8175865.0,4.80,4.85,4.74,4.80,847320.0
2013-09-03,8621081.0,4.80,4.84,4.73,4.78,894775.0
2013-09-02,8205255.0,4.77,4.79,4.63,4.65,862163.0
2013-08-30,23858432.0,4.70,5.07,4.67,5.02,2474174.0
2013-08-29,14654827.0,5.01,5.09,4.95,4.98,1451402.0
2013-08-28,24196180.0,4.93,5.11,4.93,5.11,2394025.0
2013-08-27,19908322.0,5.17,5.26,5.08,5.26,1923244.0
2013-08-26,23255100.0,5.22,5.24,5.10,5.15,2235383.0
2013-08-23,28216466.0,5.12,5.24,5.02,5.18,2738895.0
2013-08-22,31115654.0,5.16,5.35,5.14,5.30,2974654.0
2013-08-21,39526488.0,5.36,5.44,5.17,5.33,3731967.0
2013-08-20,67444512.0,5.38,5.63,5.29,5.50,6166090.0
2013-08-19,76330216.0,5.49,5.49,4.83,4.87,7192546.0
2013-08-16,61300396.0,4.99,5.17,4.72,4.75,6142903.0
2013-08-15,24972526.0,4.70,4.75,4.53,4.53,2671589.0
2013-08-14,24833276.0,4.57,4.70,4.46,4.48,2700109.0
2013-08-13,12415099.0,4.49,4.50,4.38,4.41,1389965.0
2013-08-12,13589208.0,4.41,4.45,4.33,4.42,1538883.0
2013-08-09,16785504.0,4.43,4.52,4.35,4.40,1888391.0
2013-08-08,12581798.0,4.43,4.45,4.22,4.22,1438045.0
2013-08-07,9003732.0,4.25,4.37,4.24,4.37,1041200.0
2013-08-06,14249206.0,4.38,4.41,4.32,4.40,1624949.0
2013-08-05,11661498.0,4.38,4.40,4.28,4.31,1333260.0
2013-08-02,15831120.0,4.31,4.40,4.20,4.20,1825871.0
2013-08-01,10457395.0,4.20,4.20,4.03,4.05,1252396.0
2013-07-31,5785912.0,4.02,4.07,4.00,4.07,712234.0
2013-07-30,7481501.0,4.04,4.13,3.88,4.10,929491.0
2013-07-29,7233874.0,4.13,4.25,4.09,4.13,865255.0
2013-07-26,9372905.0,4.12,4.24,4.03,4.20,1128660.0
2013-07-25,10792995.0,4.19,4.41,4.19,4.36,1250244.0
2013-07-24,14799027.0,4.38,4.40,4.23,4.37,1706328.0
2013-07-23,17968392.0,4.38,4.45,4.11,4.14,2090837.0
2013-07-22,7966739.0,4.11,4.11,4.00,4.01,977446.0
2013-07-19,8477717.0,4.01,4.19,4.01,4.15,1026097.0
2013-07-18,8657465.0,4.13,4.18,4.02,4.08,1047206.0
2013-07-17,10011872.0,4.11,4.19,4.08,4.15,1204259.0
2013-07-16,8897132.0,4.14,4.15,4.06,4.08,1077174.0
2013-07-15,14519701.0,4.10,4.10,3.88,3.97,1797523.0
2013-07-12,9890200.0,3.97,4.05,3.93,4.01,1229958.0
2013-07-11,11276502.0,4.01,4.01,3.78,3.78,1434890.0
2013-07-10,6514826.0,3.82,3.82,3.68,3.69,861985.0
2013-07-09,6541558.0,3.71,3.76,3.64,3.71,882833.0
2013-07-08,11338240.0,3.71,3.97,3.70,3.97,1481761.0
2013-07-05,7370882.0,4.03,4.15,4.03,4.15,896660.0
2013-07-04,6235259.0,4.15,4.19,4.08,4.15,750467.0
2013-07-03,12609601.0,4.18,4.21,3.95,4.08,1539249.0
2013-07-02,7967640.0,4.08,4.13,4.01,4.03,974337.0
2013-07-01,7022893.0,4.03,4.03,3.83,3.87,880264.0
2013-06-28,9852947.0,3.87,4.00,3.79,3.90,1262890.0
2013-06-27,9942541.0,3.94,4.20,3.91,4.19,1217085.0
2013-06-26,9926096.0,4.15,4.19,3.98,4.07,1213040.0
2013-06-25,8654179.0,4.05,4.11,3.75,4.01,1091259.0
2013-06-24,9341531.0,4.00,4.47,3.97,4.42,1112291.0
2013-06-21,9861318.0,4.42,4.48,4.33,4.40,1114529.0
2013-06-20,7103709.0,4.53,4.79,4.52,4.77,760612.0
2013-06-19,6010658.0,4.80,4.81,4.64,4.76,634672.0
2013-06-18,8622605.0,4.74,4.89,4.69,4.85,899241.0
2013-06-17,12013627.0,4.85,5.04,4.83,5.00,1214759.0
2013-06-14,15268144.0,4.97,5.03,4.68,4.70,1543322.0
2013-06-13,7572778.0,4.68,4.88,4.57,4.88,808939.0
2013-06-07,8595000.0,4.88,5.10,4.87,5.06,862391.0
2013-06-06,5814521.0,5.06,5.14,5.05,5.12,567746.0
2013-06-05,11177301.0,5.10,5.20,5.07,5.16,1087648.0
2013-06-04,13374238.0,5.17,5.46,5.15,5.44,1259409.0
2013-06-03,11928264.0,5.46,5.51,5.37,5.49,1096276.0
2013-05-31,8882699.0,5.47,5.52,5.43,5.45,806048.0
2013-05-30,12135434.0,5.45,5.52,5.45,5.52,1103292.0
2013-05-29,13317847.0,5.53,5.58,5.43,5.50,1204738.0
2013-05-28,21689140.0,5.49,5.72,5.48,5.72,1949655.0
2013-05-27,17275244.0,5.69,5.79,5.62,5.65,1503827.0
2013-05-24,15645230.0,5.64,5.66,5.54,5.56,1391164.0
2013-05-23,18803824.0,5.55,5.69,5.51,5.57,1675693.0
2013-05-22,39866040.0,5.56,6.00,5.51,5.80,3453622.0
2013-05-21,31475910.0,5.82,5.84,5.65,5.82,2719764.0
2013-05-20,33459808.0,5.83,5.85,5.52,5.68,2934121.0
2013-05-17,30118774.0,5.69,5.75,5.55,5.64,1310997.0
2013-05-16,34904208.0,5.63,5.88,5.55,5.78,1497652.0
2013-05-15,42357044.0,5.78,5.86,5.74,5.78,1802139.0
2013-05-14,25232606.0,5.79,6.04,5.71,5.93,1065525.0
2013-05-13,46784492.0,6.05,6.17,5.79,6.07,1918633.0
2013-05-10,32136874.0,5.95,5.98,5.58,5.65,1370726.0
2013-05-09,15229158.0,5.65,5.76,5.58,5.72,664874.0
2013-05-08,12288639.0,5.69,5.71,5.58,5.64,535653.0
2013-05-07,14661970.0,5.62,5.74,5.57,5.57,640094.0
2013-05-06,10492126.0,5.61,5.66,5.52,5.56,460503.0
2013-05-03,8049380.0,5.49,5.59,5.38,5.38,359635.0
2013-05-02,9661592.0,5.42,5.45,5.21,5.26,442807.0
2013-04-26,11949947.0,5.30,5.48,5.25,5.35,548691.0
2013-04-25,20659014.0,5.37,5.64,5.34,5.62,924878.0
2013-04-24,29640914.0,5.64,5.69,5.49,5.54,1304738.0
2013-04-23,30653310.0,5.48,5.82,5.42,5.80,1359369.0
2013-04-22,21834740.0,5.82,5.90,5.68,5.77,927730.0
2013-04-19,25417024.0,5.75,5.83,5.64,5.65,1094695.0
2013-04-18,38552392.0,5.66,5.66,5.30,5.30,1706869.0
2013-04-17,7214516.0,5.37,5.40,5.28,5.32,333292.0
2013-04-16,4224293.0,5.33,5.33,5.21,5.24,197179.0
2013-04-15,4155762.0,5.25,5.31,5.22,5.25,195051.0
2013-04-12,3984252.0,5.31,5.40,5.30,5.33,183410.0
2013-04-11,4672793.0,5.36,5.42,5.34,5.36,214740.0
2013-04-10,7994149.0,5.36,5.47,5.33,5.47,366382.0
2013-04-09,15286741.0,5.47,5.51,5.33,5.40,696429.0
2013-04-08,15960515.0,5.40,5.42,4.93,4.93,746456.0
2013-04-03,9221630.0,5.20,5.35,5.14,5.29,435710.0
2013-04-02,28884118.0,5.29,5.66,5.26,5.43,1294703.0
2013-04-01,18433740.0,5.46,5.47,5.31,5.31,840669.0
2013-03-29,20780564.0,5.33,5.45,5.12,5.14,963376.0
2013-03-28,15280554.0,5.14,5.30,5.13,5.28,728287.0
2013-03-27,11639653.0,5.34,5.41,5.27,5.30,536274.0
2013-03-26,11573910.0,5.28,5.33,5.20,5.29,543215.0
2013-03-25,10593806.0,5.34,5.40,5.27,5.36,490571.0
2013-03-22,21168148.0,5.36,5.42,5.25,5.29,975561.0
2013-03-21,27839006.0,5.29,5.33,5.10,5.19,1301293.0
2013-03-20,34952812.0,5.25,5.30,5.01,5.01,1660229.0
2013-03-19,8033600.0,4.88,4.97,4.80,4.92,406473.0
2013-03-18,3872980.0,4.93,5.01,4.93,4.95,192700.0
2013-03-15,9299499.0,4.97,5.08,4.88,5.02,459096.0
2013-03-14,4526190.0,5.01,5.12,5.01,5.06,220971.0
2013-03-13,5365421.0,5.05,5.11,5.01,5.08,262283.0
2013-03-12,16344561.0,5.11,5.36,4.97,5.22,775105.0
2013-03-11,11549542.0,5.27,5.28,5.15,5.18,544172.0
2013-03-08,7529805.0,5.18,5.24,5.13,5.18,357630.0
2013-03-07,14195670.0,5.18,5.34,5.17,5.33,668068.0
2013-03-06,20398374.0,5.32,5.34,5.23,5.24,951005.0
2013-03-05,14655501.0,5.24,5.26,5.07,5.08,694753.0
2013-03-04,13279763.0,5.09,5.25,5.06,5.23,635909.0
2013-03-01,15160162.0,5.26,5.30,5.16,5.18,712331.0
2013-02-28,12112985.0,5.16,5.17,5.06,5.07,582268.0
2013-02-27,19694054.0,5.07,5.27,5.03,5.25,947814.0
2013-02-26,14983458.0,5.25,5.30,5.23,5.24,702613.0
2013-02-25,12804814.0,5.25,5.31,5.21,5.25,600537.0
2013-02-22,14391342.0,5.26,5.39,5.23,5.31,664993.0
2013-02-21,24258982.0,5.30,5.40,5.27,5.40,1122837.0
2013-02-20,20373808.0,5.41,5.45,5.30,5.35,933975.0
2013-02-19,20172080.0,5.36,5.49,5.34,5.45,924349.0
2013-02-18,28837834.0,5.49,5.54,5.38,5.44,1303803.0
2013-02-08,35432284.0,5.42,5.54,5.22,5.23,1620927.0
2013-02-07,16606743.0,5.23,5.30,5.15,5.22,783689.0
2013-02-06,35897484.0,5.22,5.35,5.21,5.33,1682012.0
2013-02-05,37786380.0,5.38,5.38,5.08,5.12,1797538.0
2013-02-04,61870904.0,5.29,5.54,5.18,5.24,2875957.0
2013-02-01,17284186.0,5.15,5.18,4.94,4.96,836007.0
2013-01-31,7169850.0,4.99,5.01,4.91,5.00,356529.0
2013-01-30,12554992.0,5.00,5.14,4.95,5.09,618485.0
2013-01-29,10488470.0,5.12,5.15,5.02,5.05,506320.0
2013-01-28,6692225.0,5.04,5.05,4.91,4.98,330241.0
2013-01-25,6981090.0,4.93,4.95,4.85,4.91,351225.0
2013-01-24,16916036.0,4.86,5.10,4.83,5.04,841999.0
2013-01-23,17883282.0,5.02,5.06,4.91,5.04,883913.0
2013-01-22,27051094.0,5.09,5.36,5.07,5.24,1280674.0
2013-01-21,12597954.0,5.24,5.27,5.14,5.27,598097.0
2013-01-18,20228098.0,5.21,5.24,5.05,5.21,968503.0
2013-01-17,37549500.0,5.24,5.47,5.10,5.17,1745748.0
2013-01-16,25293126.0,5.15,5.21,5.06,5.21,1212411.0
2013-01-15,22907282.0,5.24,5.30,5.15,5.27,1086035.0
2013-01-14,29663156.0,5.22,5.23,4.98,4.98,1425036.0
2013-01-11,43965644.0,4.95,5.10,4.88,4.88,2172582.0
2013-01-10,20362118.0,4.83,4.95,4.78,4.86,1034339.0
2013-01-09,21603764.0,4.88,4.98,4.83,4.98,1086666.0
2013-01-08,17004444.0,4.97,5.15,4.92,5.01,832298.0
2013-01-07,16195065.0,5.00,5.03,4.89,5.00,804986.0
2013-01-04,34333572.0,5.01,5.10,4.69,4.73,1721752.0
2012-12-31,11270646.0,4.68,4.79,4.65,4.67,591585.0
2012-12-28,21156108.0,4.67,4.77,4.51,4.51,1113782.0
2012-12-27,37060000.0,4.56,4.86,4.52,4.77,1941442.0
2012-12-26,32416654.0,4.81,4.86,4.64,4.66,1683031.0
2012-12-25,19440122.0,4.68,4.72,4.58,4.61,1030316.0
2012-12-24,19585340.0,4.62,4.66,4.49,4.54,1052632.0
2012-12-21,26488108.0,4.57,4.61,4.32,4.39,1460029.0
2012-12-20,18078026.0,4.32,4.52,4.24,4.27,1019041.0
2012-12-19,5231940.0,4.27,4.32,4.27,4.32,300326.0
2012-12-18,10894905.0,4.29,4.36,4.18,4.20,624688.0
2012-12-17,8169539.0,4.21,4.24,4.15,4.22,478541.0
2012-12-14,12218036.0,4.22,4.26,4.05,4.07,720027.0
2012-12-13,9895193.0,4.06,4.22,4.06,4.11,588566.0
2012-12-12,12740938.0,4.14,4.16,3.95,4.00,772009.0
2012-12-11,6168100.0,4.01,4.03,3.93,4.01,381664.0
2012-12-10,13641982.0,4.02,4.09,3.99,4.03,835940.0
2012-12-07,6036843.0,4.02,4.07,3.91,3.92,370824.0
2012-12-06,1843465.0,3.93,3.97,3.93,3.97,115305.0
2012-12-05,6563741.0,3.95,4.02,3.79,3.79,408710.0
2012-12-04,3029264.0,3.82,3.82,3.67,3.71,199542.0
2012-12-03,4391501.0,3.70,3.90,3.65,3.85,281600.0
2012-11-30,5084546.0,3.85,3.91,3.77,3.80,325454.0
2012-11-29,5797037.0,3.80,4.02,3.77,4.00,367775.0
2012-11-28,4243297.0,3.99,4.07,3.94,3.94,263119.0
2012-11-27,6241727.0,4.02,4.15,4.01,4.09,377694.0
2012-11-26,6338265.0,4.11,4.23,4.11,4.19,374882.0
2012-11-23,6349406.0,4.20,4.24,4.17,4.17,372566.0
2012-11-22,13106913.0,4.22,4.28,4.12,4.17,767417.0
2012-11-21,11692466.0,4.18,4.19,4.03,4.06,698868.0
2012-11-20,15452268.0,4.09,4.17,3.99,3.99,934702.0
2012-11-19,3703498.0,3.98,3.98,3.87,3.92,232972.0
2012-11-16,4733196.0,3.90,4.02,3.90,3.98,296800.0
2012-11-15,11205388.0,4.02,4.14,3.97,4.01,678674.0
2012-11-14,7286197.0,4.03,4.03,3.88,3.93,450981.0
2012-11-13,3474921.0,3.90,3.95,3.88,3.95,219466.0
2012-11-12,4569693.0,3.95,3.97,3.89,3.89,286159.0
2012-11-09,3293942.0,3.88,3.92,3.85,3.88,208640.0
2012-11-08,4754271.0,3.90,3.99,3.90,3.96,297742.0
2012-11-07,7509409.0,3.99,4.05,3.92,3.92,462633.0
2012-11-06,3570253.0,3.93,3.96,3.91,3.95,224060.0
2012-11-05,3248614.0,3.97,4.02,3.95,3.98,201709.0
2012-11-02,3656650.0,4.01,4.04,3.97,4.02,225461.0
2012-11-01,3840657.0,4.02,4.03,3.90,3.90,237498.0
2012-10-31,2007060.0,3.94,3.97,3.88,3.95,125859.0
2012-10-30,3465059.0,3.93,3.93,3.88,3.89,218515.0
2012-10-29,2442228.0,3.90,3.90,3.81,3.81,155262.0
2012-10-26,5955456.0,3.85,3.99,3.80,3.96,379548.0
2012-10-25,6155289.0,3.96,4.07,3.93,4.07,382053.0
2012-10-24,6001090.0,4.04,4.06,3.96,3.97,367346.0
2012-10-23,5993574.0,4.02,4.06,4.00,4.02,366615.0
2012-10-22,6660833.0,4.04,4.06,3.95,3.95,408022.0
2012-10-19,5488823.0,3.99,4.01,3.96,3.96,340251.0
2012-10-18,8872722.0,3.99,4.00,3.90,3.95,551808.0
2012-10-17,15795673.0,3.97,4.05,3.84,3.84,983676.0
2012-10-16,4145558.0,3.81,3.87,3.78,3.78,267380.0
2012-10-15,11022575.0,3.84,3.94,3.79,3.79,701127.0
2012-10-12,3156429.0,3.72,3.82,3.67,3.81,208987.0
2012-10-11,2223311.0,3.77,3.86,3.77,3.85,144080.0
2012-10-10,2941481.0,3.86,3.88,3.84,3.87,188152.0
2012-10-09,5273206.0,3.87,3.88,3.77,3.79,339012.0
2012-10-08,3567291.0,3.79,3.84,3.75,3.82,231633.0
2012-09-28,6090777.0,3.83,3.84,3.64,3.65,401248.0
2012-09-27,3091218.0,3.68,3.69,3.55,3.57,210625.0
2012-09-26,2062481.0,3.55,3.68,3.55,3.62,141540.0
2012-09-25,2337685.0,3.67,3.74,3.66,3.73,155899.0
2012-09-24,1140269.0,3.74,3.76,3.65,3.69,75670.0
2012-09-21,2890297.0,3.72,3.77,3.71,3.76,190382.0
2012-09-20,4404598.0,3.76,3.87,3.75,3.87,286211.0
2012-09-19,2330349.0,3.88,3.88,3.84,3.84,148614.0
2012-09-18,2846154.0,3.88,3.89,3.82,3.87,181980.0
2012-09-17,5274860.0,3.86,4.07,3.85,4.07,331550.0
2012-09-14,4439990.0,4.06,4.09,4.03,4.04,270533.0
2012-09-13,3411519.0,4.03,4.11,4.03,4.08,206568.0
2012-09-12,4007337.0,4.08,4.11,4.05,4.08,242187.0
2012-09-11,3994877.0,4.08,4.13,4.05,4.13,241549.0
2012-09-10,4313681.0,4.13,4.16,4.08,4.12,258428.0
2012-09-07,6550022.0,4.12,4.17,4.04,4.04,392389.0
2012-09-06,2692224.0,4.01,4.02,3.97,3.99,166150.0
2012-09-05,4363506.0,3.98,3.99,3.90,3.94,271493.0
2012-09-04,5387720.0,3.92,3.99,3.85,3.87,337903.0
2012-09-03,2071307.0,3.91,3.92,3.82,3.84,131264.0
2012-08-31,1123252.0,3.85,3.87,3.81,3.81,71841.0
2012-08-30,4901159.0,3.82,3.93,3.78,3.89,313547.0
2012-08-29,3898453.0,3.89,3.94,3.85,3.88,246401.0
2012-08-28,5465433.0,3.89,3.92,3.82,3.84,350269.0
2012-08-27,9397973.0,3.84,4.07,3.83,4.07,594833.0
2012-08-24,4449226.0,4.14,4.33,4.13,4.24,259100.0
2012-08-23,2576238.0,4.27,4.28,4.21,4.26,149680.0
2012-08-22,3008231.0,4.22,4.29,4.18,4.19,174666.0
2012-08-21,3402634.0,4.23,4.26,4.15,4.15,198978.0
2012-08-20,1876408.0,4.19,4.19,4.07,4.14,111529.0
2012-08-17,1797656.0,4.14,4.18,4.09,4.14,107133.0
2012-08-16,5247118.0,4.17,4.18,4.02,4.02,312725.0
2012-08-15,2181983.0,4.09,4.13,4.05,4.09,132042.0
2012-08-14,2546363.0,4.13,4.13,4.00,4.07,154582.0
2012-08-13,4742431.0,4.06,4.18,4.05,4.15,285041.0
2012-08-10,5675962.0,4.17,4.19,4.07,4.07,337307.0
2012-08-09,4584949.0,4.10,4.11,3.99,3.99,277324.0
2012-08-08,4088103.0,4.01,4.06,3.97,4.04,252057.0
2012-08-07,1869411.0,4.06,4.07,4.02,4.04,113911.0
2012-08-06,3769519.0,4.04,4.06,3.92,3.95,231962.0
2012-08-03,3392067.0,3.97,3.97,3.82,3.87,214497.0
2012-08-02,1499882.0,3.87,3.94,3.85,3.88,95426.0
2012-08-01,1147775.0,3.91,3.95,3.83,3.90,72599.0
2012-07-31,1606770.0,3.86,3.89,3.80,3.89,103198.0
2012-07-30,1939162.0,3.89,4.01,3.85,3.99,122814.0
2012-07-27,2057301.0,3.94,3.99,3.90,3.98,128715.0
2012-07-26,3674173.0,3.99,4.04,3.96,4.04,226495.0
2012-07-25,4159934.0,4.01,4.06,3.90,3.90,255992.0
2012-07-24,1865750.0,3.93,3.95,3.87,3.87,117451.0
2012-07-23,2347413.0,3.90,3.92,3.86,3.86,148988.0
2012-07-20,1577744.0,3.94,4.01,3.93,3.96,98182.0
2012-07-19,3478443.0,3.96,4.03,3.86,3.86,215892.0
2012-07-18,3219042.0,3.89,3.90,3.79,3.90,206133.0
2012-07-17,3939125.0,3.89,3.94,3.84,3.86,250020.0
2012-07-16,9475839.0,3.86,4.24,3.86,4.24,577058.0
2012-07-13,2786678.0,4.27,4.33,4.25,4.29,160092.0
2012-07-12,4256894.0,4.32,4.34,4.22,4.27,245355.0
2012-07-11,12317387.0,4.28,4.54,4.24,4.54,706815.0
2012-07-10,4442959.0,4.57,4.61,4.47,4.49,241136.0
2012-07-09,6525637.0,4.55,4.66,4.51,4.64,350402.0
2012-07-06,8310820.0,4.70,4.70,4.53,4.66,443370.0
2012-07-05,9709135.0,4.64,4.68,4.60,4.68,516178.0
2012-07-04,9836049.0,4.68,4.72,4.63,4.63,517962.0
2012-07-03,18560728.0,4.67,4.76,4.52,4.52,979606.0
2012-07-02,10479445.0,4.55,4.61,4.49,4.49,567821.0
2012-06-29,6579512.0,4.47,4.51,4.36,4.37,366630.0
2012-06-28,5570977.0,4.46,4.53,4.45,4.51,305726.0
2012-06-27,6241107.0,4.46,4.50,4.38,4.40,344224.0
2012-06-26,3642023.0,4.42,4.44,4.32,4.36,204486.0
2012-06-25,3859655.0,4.36,4.49,4.34,4.46,214906.0
2012-06-21,8666493.0,4.48,4.58,4.44,4.58,476077.0
2012-06-20,5979664.0,4.56,4.61,4.55,4.55,322709.0
2012-06-19,8827218.0,4.55,4.65,4.54,4.62,474562.0
2012-06-18,12494925.0,4.62,4.68,4.55,4.55,663984.0
2012-06-15,8399807.0,4.54,4.58,4.52,4.54,456260.0
2012-06-14,7012448.0,4.54,4.60,4.50,4.57,379996.0
2012-06-13,8298180.0,4.57,4.57,4.49,4.54,450904.0
2012-06-12,17710914.0,4.52,4.60,4.39,4.40,965037.0
2012-06-11,6301752.0,4.43,4.44,4.32,4.34,353727.0
2012-06-08,10414938.0,4.34,4.40,4.28,4.34,587532.0
2012-06-07,6202514.0,4.28,4.34,4.27,4.32,354463.0
2012-06-06,4001800.0,4.25,4.31,4.24,4.27,230550.0
2012-06-05,4062763.0,4.24,4.28,4.22,4.24,234402.0
2012-06-04,6799029.0,4.24,4.34,4.23,4.32,389173.0
2012-06-01,4643954.0,4.41,4.46,4.40,4.45,257397.0
2012-05-31,7055191.0,4.45,4.46,4.34,4.37,393249.0
2012-05-30,4612685.0,4.40,4.41,4.34,4.37,258673.0
2012-05-29,5474766.0,4.37,4.41,4.32,4.32,307809.0
2012-05-28,5231434.0,4.31,4.33,4.21,4.31,302058.0
2012-05-25,9955589.0,4.32,4.44,4.27,4.44,560978.0
2012-05-24,7266634.0,4.44,4.48,4.39,4.44,401846.0
2012-05-23,8094270.0,4.46,4.53,4.44,4.51,443734.0
2012-05-22,9202083.0,4.52,4.53,4.47,4.47,501951.0
2012-05-21,5701987.0,4.46,4.61,4.44,4.61,311295.0
2012-05-18,12151119.0,4.56,4.63,4.51,4.53,652202.0
2012-05-17,16135388.0,4.58,4.62,4.41,4.44,875334.0
2012-05-16,5406372.0,4.42,4.49,4.41,4.45,298720.0
2012-05-15,4770480.0,4.48,4.48,4.36,4.41,263831.0
2012-05-14,4185190.0,4.43,4.47,4.41,4.46,231165.0
2012-05-11,4791512.0,4.43,4.53,4.42,4.48,262968.0
2012-05-10,4742106.0,4.49,4.51,4.44,4.44,259535.0
2012-05-09,7771529.0,4.47,4.56,4.45,4.56,424318.0
2012-05-08,8524416.0,4.58,4.61,4.55,4.61,456648.0
2012-05-07,6906744.0,4.59,4.61,4.51,4.56,372188.0
2012-05-04,8523638.0,4.58,4.58,4.48,4.49,462242.0
2012-05-03,5236804.0,4.49,4.51,4.46,4.46,286687.0
2012-05-02,8964078.0,4.46,4.51,4.42,4.47,492338.0
2012-04-27,5920206.0,4.40,4.47,4.36,4.36,329799.0
2012-04-26,5902003.0,4.36,4.43,4.35,4.38,330396.0
2012-04-25,6911095.0,4.39,4.41,4.34,4.37,387626.0
2012-04-24,18213326.0,4.40,4.51,4.26,4.48,1015748.0
2012-04-23,39807160.0,4.47,4.90,4.47,4.90,2110383.0
2012-04-20,16719440.0,4.96,4.98,4.91,4.95,828829.0
2012-04-19,18765324.0,4.94,4.99,4.86,4.91,933739.0
2012-04-18,14972894.0,4.88,4.90,4.77,4.77,758412.0
2012-04-17,11608132.0,4.76,4.86,4.75,4.84,594797.0
2012-04-16,16122168.0,4.84,4.95,4.83,4.89,810867.0
2012-04-13,25028012.0,4.94,4.94,4.85,4.87,1251757.0
2012-04-12,23839852.0,4.85,4.86,4.74,4.80,1215048.0
2012-04-11,26840744.0,4.79,4.83,4.69,4.77,1389625.0
2012-04-10,44979388.0,4.78,4.82,4.61,4.73,2346145.0
2012-04-09,23703362.0,5.04,5.34,5.01,5.13,1113718.0
2012-04-06,15872894.0,5.19,5.21,5.11,5.15,754309.0
2012-04-05,22413548.0,5.18,5.18,4.91,4.94,1086819.0
2012-03-30,15320421.0,4.93,5.04,4.86,4.86,757660.0
2012-03-29,8895732.0,4.90,5.09,4.90,4.99,436992.0
2012-03-28,10283565.0,5.03,5.34,5.02,5.33,487300.0
2012-03-27,5859518.0,5.35,5.44,5.31,5.36,267659.0
2012-03-26,7193865.0,5.34,5.41,5.29,5.41,330926.0
2012-03-23,9930229.0,5.38,5.49,5.35,5.41,450047.0
2012-03-22,6675572.0,5.44,5.50,5.36,5.40,301366.0
2012-03-21,17740472.0,5.40,5.61,5.30,5.53,800018.0
2012-03-20,17941490.0,5.55,5.81,5.55,5.81,777754.0
2012-03-19,16760216.0,5.79,5.82,5.66,5.72,715781.0
2012-03-16,17404402.0,5.72,5.78,5.58,5.71,749785.0
2012-03-15,20409334.0,5.65,5.71,5.53,5.66,890657.0
2012-03-14,31695776.0,5.64,6.10,5.53,6.06,1326352.0
2012-03-13,18179566.0,6.02,6.03,5.92,5.95,747452.0
2012-03-12,31837356.0,5.95,6.10,5.84,5.84,1304320.0
2012-03-09,22144848.0,5.83,5.83,5.63,5.69,948947.0
2012-03-08,12119505.0,5.65,5.66,5.57,5.61,528859.0
2012-03-07,15992340.0,5.55,5.66,5.49,5.51,701904.0
2012-03-06,18222648.0,5.59,5.76,5.54,5.76,796213.0
2012-03-05,27886152.0,5.75,5.85,5.60,5.66,1197443.0
2012-03-02,22979172.0,5.64,5.64,5.52,5.53,1007776.0
2012-03-01,22357626.0,5.53,5.62,5.45,5.52,992484.0
2012-02-29,26530054.0,5.54,5.75,5.54,5.74,1153126.0
2012-02-28,51879428.0,5.80,5.85,5.58,5.59,2233391.0
2012-02-27,62431044.0,5.71,5.79,5.34,5.37,2734129.0
2012-02-24,17580340.0,5.26,5.27,5.19,5.24,825283.0
2012-02-23,28418094.0,5.24,5.25,5.08,5.11,1344245.0
2012-02-22,22022692.0,5.11,5.16,5.00,5.05,1059443.0
2012-02-21,17641598.0,5.02,5.02,4.88,4.93,870176.0
2012-02-20,14806431.0,4.91,4.97,4.87,4.95,738029.0
2012-02-17,9140678.0,4.86,4.93,4.84,4.89,459978.0
2012-02-16,17219772.0,4.88,5.00,4.83,4.91,858149.0
2012-02-15,14921141.0,4.94,4.97,4.88,4.88,742156.0
2012-02-14,15546397.0,4.89,4.93,4.85,4.88,780605.0
2012-02-13,25046692.0,4.92,4.98,4.76,4.77,1251608.0
2012-02-10,11382928.0,4.80,4.83,4.72,4.72,581911.0
2012-02-09,15458142.0,4.76,4.82,4.67,4.71,794900.0
2012-02-08,9261671.0,4.71,4.73,4.56,4.56,488114.0
2012-02-07,8957140.0,4.59,4.72,4.58,4.72,476106.0
2012-02-06,11222125.0,4.72,4.75,4.67,4.69,584564.0
2012-02-03,12292878.0,4.72,4.73,4.62,4.66,643331.0
2012-02-02,9881691.0,4.66,4.68,4.58,4.58,523375.0
2012-02-01,10665716.0,4.60,4.71,4.57,4.61,563635.0
2012-01-31,9713063.0,4.62,4.62,4.53,4.55,519936.0
2012-01-30,11751698.0,4.58,4.68,4.45,4.51,629113.0
2012-01-20,9193654.0,4.50,4.58,4.44,4.45,498564.0
2012-01-19,8742505.0,4.42,4.49,4.30,4.35,487109.0
2012-01-18,18744310.0,4.37,4.75,4.35,4.73,995206.0
2012-01-17,21052358.0,4.69,4.74,4.44,4.51,1116816.0
2012-01-16,10567769.0,4.52,4.73,4.47,4.58,565565.0
2012-01-13,18615648.0,4.58,4.76,4.49,4.70,991381.0
2012-01-12,27385778.0,4.74,4.94,4.74,4.83,1386335.0
2012-01-11,25356214.0,4.86,4.95,4.80,4.84,1276796.0
2012-01-10,37078024.0,4.83,4.88,4.66,4.67,1898849.0
2012-01-09,31954598.0,4.72,4.73,4.43,4.52,1695870.0
2012-01-06,24852884.0,4.55,4.62,4.39,4.49,1360476.0
2012-01-05,49972288.0,4.63,4.96,4.63,4.96,2617585.0
2012-01-04,60683336.0,5.14,5.42,5.12,5.18,2816725.0
2011-12-30,71788936.0,5.21,5.42,4.96,5.03,3388689.0
2011-12-29,119600832.0,5.17,5.59,5.08,5.40,5560097.0
