date,amount,close,high,low,open,volume
2015-11-27,165629312.0,27.12,28.48,26.51,26.91,5983244.0
2015-11-26,48659532.0,26.80,27.49,26.62,27.42,1811589.0
2015-11-25,82568168.0,27.41,27.61,26.41,26.90,3059473.0
2015-11-24,59895056.0,26.90,27.60,26.20,27.30,2230590.0
2015-11-23,80721880.0,27.30,28.60,27.30,27.88,2929513.0
2015-11-20,69888736.0,28.09,28.30,27.39,27.75,2505851.0
2015-11-19,89922656.0,27.88,28.30,26.50,26.50,3252318.0
2015-11-18,78729072.0,27.00,28.00,26.60,27.65,2882108.0
2015-11-17,115512696.0,27.87,28.81,27.71,28.10,4101885.0
2015-11-16,92449168.0,27.80,27.99,24.80,25.00,3448174.0
2015-11-13,112988832.0,26.72,28.00,25.60,27.56,4199601.0
2015-11-12,191147456.0,27.85,28.50,25.81,25.81,6991578.0
2015-11-11,191862944.0,26.20,26.25,23.70,23.80,7565584.0
2015-11-10,216059456.0,23.88,24.58,23.68,24.58,8980043.0
2015-11-09,338419488.0,24.87,26.08,24.01,25.20,13523254.0
2015-11-06,254493504.0,26.02,26.51,23.75,23.81,10045780.0
2015-11-05,265109328.0,24.10,24.60,22.40,22.98,11188221.0
2015-11-04,208481488.0,23.30,23.60,21.11,21.11,9243849.0
2015-11-03,265981376.0,21.45,22.76,20.90,21.62,12123455.0
2015-11-02,339686400.0,21.60,21.64,18.80,19.00,16031765.0
2015-10-30,163967280.0,19.67,20.08,18.58,18.70,8468895.0
2015-10-29,104389320.0,18.75,19.12,18.30,19.00,5588766.0
2015-10-28,223274064.0,18.73,19.70,18.70,19.04,11695606.0
2015-10-27,368412288.0,19.93,20.03,17.60,17.92,19129144.0
2015-10-26,144844688.0,18.21,18.25,17.58,18.05,8073634.0
2015-10-23,112994432.0,17.75,17.90,16.93,16.93,6474393.0
2015-10-22,88574504.0,16.82,16.90,16.18,16.19,5355481.0
2015-10-21,147422464.0,16.20,17.95,16.02,17.70,8564027.0
2015-10-20,100541456.0,17.73,18.00,17.11,17.28,5705037.0
2015-10-19,122435872.0,17.44,18.20,17.20,18.08,6880187.0
2015-10-16,134268272.0,17.99,18.30,17.40,17.77,7530686.0
2015-10-15,159066576.0,17.85,18.50,16.67,16.74,9028256.0
2015-10-14,115790072.0,16.88,17.25,16.65,16.90,6845732.0
2015-10-13,152025248.0,17.15,17.18,16.28,16.55,9138163.0
2015-10-12,192152320.0,16.85,17.19,15.72,15.80,11560371.0
2015-10-09,89489072.0,15.63,15.79,15.34,15.55,5748769.0
2015-10-08,98379840.0,15.62,15.68,14.95,15.30,6395197.0
2015-09-30,64113120.0,14.77,15.18,14.02,14.80,4335426.0
2015-09-29,76360544.0,14.84,15.25,14.82,15.10,5101753.0
2015-09-28,91482008.0,15.67,15.89,14.32,14.96,6051303.0
2015-09-25,181985216.0,15.30,16.92,14.85,16.20,11371732.0
2015-09-24,197507264.0,16.27,16.27,13.70,14.85,12528605.0
2015-09-23,74747024.0,14.79,15.20,14.70,15.20,5007853.0
2015-09-22,88729552.0,15.48,16.09,15.40,15.80,5654520.0
2015-09-21,96905856.0,15.70,15.76,14.81,14.90,6308438.0
2015-09-18,88602232.0,15.36,15.77,15.07,15.50,5742744.0
2015-09-17,190950592.0,15.70,17.30,14.62,15.80,12050374.0
2015-09-16,158381024.0,16.05,16.06,14.32,14.49,10396956.0
2015-09-15,135127008.0,14.60,15.50,14.45,15.10,9137428.0
2015-09-14,257441168.0,16.05,16.05,13.85,14.62,17273414.0
2015-09-11,85078240.0,14.59,14.60,13.80,13.80,5912797.0
2015-09-10,109886840.0,14.21,14.65,13.88,14.02,7674821.0
2015-09-09,120369072.0,14.46,14.49,13.76,13.91,8487644.0
2015-09-08,118703496.0,13.85,14.00,12.30,12.87,9080201.0
2015-09-07,85811040.0,12.89,13.28,12.29,12.56,6664059.0
2015-09-02,92422960.0,12.29,13.94,12.29,12.55,7296238.0
2015-09-01,117806760.0,13.65,14.99,13.65,14.76,8371319.0
2015-08-31,148308048.0,15.17,16.69,15.03,16.38,9390123.0
2015-08-28,159480720.0,16.40,16.40,14.92,15.20,10176927.0
2015-08-27,151958944.0,14.91,15.90,13.60,15.22,10328416.0
2015-08-26,160709664.0,15.07,16.98,15.07,15.50,10366151.0
2015-08-25,86828528.0,16.74,17.00,16.74,16.74,5184195.0
2015-08-24,53272052.0,18.60,20.00,18.60,19.02,2844601.0
2015-08-21,216204160.0,20.67,21.66,20.67,21.19,10356307.0
2015-08-20,467900320.0,22.97,24.92,22.97,22.97,20139050.0
2015-08-19,6895504.0,25.52,25.52,25.52,25.52,270200.0
2015-08-18,1479870.0,28.35,28.35,28.35,28.35,52200.0
2015-08-17,406350.0,31.50,31.50,31.50,31.50,12900.0
2015-05-28,96451328.0,35.00,40.25,34.20,37.97,2592547.0
2015-05-27,86879424.0,38.00,38.50,35.10,35.73,2355155.0
2015-05-26,75328360.0,35.73,36.00,33.14,33.14,2140745.0
2015-05-25,77722320.0,33.33,34.02,31.51,32.38,2390652.0
2015-05-22,101476272.0,32.40,36.00,32.12,33.99,2987217.0
2015-05-21,65338428.0,33.83,33.97,31.23,31.30,1980753.0
2015-05-20,57479992.0,31.56,31.97,30.48,31.23,1828105.0
2015-05-19,69783688.0,31.23,31.53,29.58,29.97,2269451.0
2015-05-18,50305280.0,29.44,30.22,27.48,28.01,1706274.0
2015-05-15,76619352.0,28.09,28.76,26.54,28.26,2771656.0
2015-05-14,75907328.0,28.25,29.17,27.28,27.89,2650690.0
2015-05-13,79143208.0,27.89,28.48,26.66,27.28,2835366.0
2015-05-12,96510552.0,27.98,28.86,25.78,26.37,3528786.0
2015-05-11,129653872.0,26.66,26.78,23.99,23.99,5031691.0
2015-05-08,142066240.0,24.47,24.78,23.29,23.49,5902999.0
2015-05-07,123395384.0,22.98,22.98,20.54,20.97,5476541.0
2015-05-06,98766376.0,20.89,21.59,19.89,19.89,4721754.0
2015-05-05,42141776.0,19.98,20.79,19.82,20.79,2093319.0
2015-05-04,26675448.0,20.79,21.24,20.09,20.50,1287241.0
2015-04-30,38548152.0,20.59,21.09,20.39,20.94,1871396.0
2015-04-29,26789460.0,20.61,21.25,20.09,20.09,1275950.0
2015-04-28,56031448.0,20.56,22.15,19.99,21.78,2690027.0
2015-04-27,66058856.0,22.00,22.89,21.66,21.68,2954123.0
2015-04-24,33521170.0,21.67,22.49,21.24,21.82,1536907.0
2015-04-23,46643816.0,22.17,22.65,21.75,22.13,2106470.0
2015-04-22,49189744.0,22.18,22.27,21.41,21.67,2236148.0
2015-04-21,42416996.0,21.68,21.79,20.51,20.52,1995727.0
2015-04-20,60498584.0,20.19,21.58,20.10,21.52,2883575.0
2015-04-17,57862316.0,22.02,23.09,22.02,22.67,2564238.0
2015-04-16,54925636.0,22.65,23.13,20.84,21.28,2468301.0
2015-04-15,77694600.0,21.39,23.09,21.07,22.55,3547597.0
2015-04-14,101667648.0,23.05,24.78,22.29,22.93,4336963.0
2015-04-13,123238512.0,22.75,22.75,20.40,20.76,5663388.0
2015-04-10,80551776.0,20.68,20.79,19.49,19.75,3941863.0
2015-04-09,68267448.0,19.95,20.35,18.75,20.12,3504381.0
2015-04-08,74000968.0,20.21,20.73,19.52,20.73,3665436.0
2015-04-07,102991672.0,20.79,20.98,20.29,20.64,4993811.0
2015-04-03,116642872.0,20.61,21.38,20.39,20.62,5632016.0
2015-04-02,165843520.0,20.98,22.32,20.40,21.31,7865215.0
2015-04-01,196597808.0,21.20,21.20,18.87,19.29,9578552.0
2015-03-31,174867984.0,19.27,19.35,17.62,18.23,9548633.0
2015-03-30,189018160.0,18.24,18.24,16.55,16.57,10866055.0
2015-03-27,109913504.0,16.58,16.67,16.09,16.09,6711105.0
2015-03-26,93675768.0,16.14,16.97,16.14,16.58,5675505.0
2015-03-25,56801588.0,16.56,16.67,16.24,16.43,3457401.0
2015-03-24,122797824.0,16.59,17.26,16.09,17.09,7375920.0
2015-03-23,87876176.0,16.99,17.18,16.64,16.85,5183074.0
2015-03-20,59251932.0,16.96,17.28,16.59,16.59,3486079.0
2015-03-19,58194596.0,16.59,16.74,16.32,16.51,3510248.0
2015-03-18,44049896.0,16.48,16.55,16.25,16.27,2685013.0
2015-03-17,53340216.0,16.24,16.56,16.14,16.37,3270139.0
2015-03-16,38478272.0,16.45,16.57,16.01,16.09,2361666.0
2015-03-13,24572914.0,15.98,16.29,15.85,16.13,1537462.0
2015-03-12,31849608.0,16.12,16.18,15.55,16.01,1988294.0
2015-03-11,41851800.0,15.99,16.56,15.90,15.90,2574230.0
2015-03-10,23838220.0,15.94,16.05,15.59,15.69,1504682.0
2015-03-09,38637368.0,15.67,15.85,15.11,15.18,2472882.0
2015-03-06,66828780.0,15.33,16.79,15.30,16.79,4215783.0
2015-03-05,24141078.0,16.75,16.98,16.49,16.73,1444340.0
2015-03-04,33898552.0,16.75,16.89,16.29,16.29,2049357.0
2015-03-03,58508016.0,16.54,16.99,16.11,16.43,3499936.0
2015-03-02,54451292.0,16.49,16.74,15.50,15.66,3379333.0
2015-02-27,25417722.0,15.40,15.47,15.11,15.11,1655481.0
2015-02-26,27488482.0,15.16,15.59,15.00,15.51,1808401.0
2015-02-25,35567572.0,15.49,15.53,14.79,15.28,2323813.0
2015-02-17,39798728.0,15.28,15.67,14.89,14.89,2593298.0
2015-02-16,43695064.0,14.89,14.98,14.65,14.75,2940044.0
2015-02-13,61704288.0,14.73,15.13,14.54,14.99,4178797.0
2015-02-12,84664280.0,14.74,14.98,14.02,14.09,5775473.0
2015-02-11,61654836.0,14.11,14.36,13.45,13.54,4397523.0
2015-02-10,57693956.0,13.67,13.69,13.03,13.49,4312340.0
2015-02-09,91906288.0,13.42,13.89,13.18,13.44,6768240.0
2015-02-06,124868160.0,13.29,13.47,12.57,12.75,9578655.0
2015-02-05,90166712.0,12.94,12.98,11.90,11.90,7156311.0
2015-02-04,64331700.0,12.26,12.52,12.23,12.39,5206084.0
2015-02-03,54708860.0,12.42,12.62,12.31,12.51,4386651.0
2015-02-02,46675364.0,12.38,12.63,12.29,12.29,3748990.0
2015-01-30,68946552.0,12.55,13.42,12.55,13.27,5365841.0
2015-01-29,100372760.0,13.32,13.58,12.74,12.89,7600403.0
2015-01-28,118546992.0,13.07,13.41,11.99,12.18,9274355.0
2015-01-27,57973104.0,12.49,12.71,12.21,12.71,4651660.0
2015-01-26,48030156.0,12.71,12.71,12.39,12.55,3831758.0
2015-01-23,35278788.0,12.63,12.95,12.63,12.92,2763071.0
2015-01-22,45394952.0,13.01,13.04,12.61,12.69,3536218.0
2015-01-21,66337064.0,12.77,12.84,12.39,12.39,5253784.0
2015-01-20,28414440.0,12.41,12.46,11.73,12.03,2309762.0
2015-01-19,30360126.0,12.03,12.63,11.79,12.12,2478831.0
2015-01-16,23513530.0,12.30,12.49,11.99,12.20,1910097.0
2015-01-15,30074268.0,12.20,12.78,12.19,12.57,2421253.0
2015-01-14,51837668.0,12.61,12.82,12.19,12.40,4126219.0
2015-01-13,55586032.0,12.50,12.58,11.89,11.97,4492487.0
2015-01-12,42430924.0,11.99,12.22,11.38,11.50,3570946.0
2015-01-09,34508192.0,11.70,12.19,11.67,11.77,2891641.0
2015-01-08,36048240.0,11.78,11.97,11.69,11.75,3051384.0
2015-01-07,30266348.0,11.79,11.88,11.52,11.76,2587554.0
2015-01-06,41470332.0,11.79,11.82,11.29,11.37,3570813.0
2015-01-05,25756376.0,11.34,11.39,10.79,11.18,2312904.0
2014-12-31,44792660.0,11.19,11.35,10.69,10.82,4059390.0
2014-12-30,29765348.0,10.69,11.30,10.57,11.17,2745197.0
2014-12-29,27392812.0,11.20,11.67,11.13,11.67,2432078.0
2014-12-26,19889158.0,11.67,11.84,11.53,11.65,1707128.0
2014-12-25,22338274.0,11.77,12.09,11.60,11.99,1891306.0
2014-12-24,29455552.0,11.97,12.00,11.50,11.63,2509825.0
2014-12-23,23754182.0,11.48,11.69,11.24,11.30,2066129.0
2014-12-22,37818544.0,11.24,12.17,11.11,12.15,3309715.0
2014-12-19,49187384.0,12.32,13.42,12.04,13.29,3901006.0
2014-12-18,31275912.0,13.28,14.07,13.20,13.73,2289797.0
2014-12-17,28750100.0,13.73,14.27,13.67,13.89,2074073.0
2014-12-16,35744016.0,13.96,14.51,13.87,14.43,2539827.0
2014-12-15,40655364.0,14.38,14.57,14.18,14.29,2824030.0
2014-12-12,32629318.0,14.38,14.38,13.63,13.94,2336181.0
2014-12-11,42652844.0,13.89,14.44,13.64,13.79,3050341.0
2014-12-10,40728268.0,13.89,13.97,13.07,13.37,2970486.0
2014-12-09,58892048.0,13.49,15.03,13.45,14.99,4210585.0
2014-12-08,46508208.0,14.95,15.89,14.81,15.89,3055124.0
2014-12-05,43643880.0,16.04,16.69,15.43,16.61,2740814.0
2014-12-04,50497332.0,16.76,16.99,16.35,16.98,3048684.0
2014-12-03,44336020.0,16.89,17.49,16.49,17.49,2643728.0
2014-12-02,61680088.0,17.21,17.34,16.33,16.33,3622175.0
2014-12-01,49142432.0,16.31,16.94,16.19,16.94,2990089.0
2014-11-28,90507104.0,16.94,17.39,16.62,16.78,5323460.0
2014-11-27,111884232.0,16.77,16.77,15.19,15.25,6905815.0
2014-11-26,29611642.0,15.24,15.33,14.89,15.19,1950274.0
2014-11-25,37645516.0,15.16,15.26,14.89,15.15,2494659.0
2014-11-24,51966216.0,15.15,15.97,14.99,15.97,3410203.0
2014-11-21,30153724.0,15.64,15.66,15.29,15.44,1944583.0
2014-11-20,19568892.0,15.41,15.61,15.18,15.23,1273177.0
2014-11-19,34515568.0,15.39,15.79,15.20,15.62,2230183.0
2014-11-18,37543724.0,15.64,15.73,15.11,15.41,2440948.0
2014-11-17,35837948.0,15.41,15.79,15.10,15.59,2319530.0
2014-11-14,53173696.0,15.46,16.05,14.81,16.05,3467203.0
2014-11-13,127796320.0,15.97,16.58,15.39,15.63,7974147.0
2014-11-12,161061600.0,15.63,15.63,13.97,14.00,10599697.0
2014-11-11,72941896.0,14.21,14.99,13.99,14.08,5071698.0
2014-11-10,56915340.0,13.99,14.05,13.40,13.43,4098796.0
2014-11-07,20238694.0,13.48,13.82,13.39,13.74,1478375.0
2014-11-06,13322303.0,13.74,13.78,13.50,13.76,977177.0
2014-11-05,17114826.0,13.69,13.83,13.55,13.83,1250002.0
2014-11-04,27269190.0,13.83,13.98,13.70,13.87,1967657.0
2014-11-03,38642264.0,13.91,13.95,13.51,13.69,2797271.0
2014-10-31,35904104.0,13.35,13.89,13.26,13.74,2654148.0
2014-10-30,31629230.0,13.75,14.05,13.75,13.81,2271991.0
2014-10-29,36135920.0,13.89,13.95,13.69,13.90,2610741.0
2014-10-28,41798016.0,13.90,13.95,13.69,13.76,3027480.0
2014-10-27,50080836.0,13.72,13.94,13.27,13.48,3660429.0
2014-10-24,47282900.0,13.45,13.46,12.94,13.19,3581412.0
2014-10-23,25388708.0,13.24,13.66,13.09,13.66,1905951.0
2014-10-22,30560808.0,13.67,14.07,13.24,13.87,2229239.0
2014-10-21,46609592.0,13.87,14.76,13.69,14.64,3270171.0
2014-10-20,45055604.0,14.60,14.85,14.47,14.58,3080899.0
2014-10-17,61883536.0,14.49,15.20,14.21,14.64,4219269.0
2014-10-16,48068016.0,14.67,14.98,14.20,14.98,3275007.0
2014-10-15,79453416.0,15.08,15.46,14.55,15.04,5293268.0
2014-10-14,77102200.0,15.14,15.31,14.82,14.82,5092687.0
2014-10-13,69465064.0,14.99,15.25,14.40,14.67,4681037.0
2014-10-10,58601764.0,14.76,14.97,14.39,14.61,3976129.0
2014-10-09,67771936.0,14.68,14.69,14.13,14.36,4687263.0
2014-10-08,31983812.0,14.36,14.59,14.15,14.15,2219285.0
2014-09-30,19845132.0,14.15,14.23,14.07,14.07,1401601.0
2014-09-29,37053772.0,14.07,14.29,14.05,14.14,2622320.0
2014-09-26,39063060.0,14.14,14.38,14.04,14.38,2750491.0
2014-09-25,165338960.0,14.43,15.16,14.00,14.39,11361820.0
2014-09-17,51653924.0,13.78,13.87,13.30,13.59,3789596.0
2014-09-16,53943504.0,13.64,13.92,13.19,13.91,3974711.0
2014-09-15,32077314.0,13.90,14.03,13.59,13.89,2312454.0
2014-09-12,41140976.0,13.88,14.07,13.69,13.83,2956215.0
2014-09-11,69709840.0,13.90,14.19,13.54,14.15,5019960.0
2014-09-10,104078168.0,14.16,14.37,13.11,13.29,7501726.0
2014-09-09,62895224.0,13.14,13.56,12.89,12.89,4748808.0
2014-09-05,73080416.0,12.97,13.10,12.41,12.48,5679311.0
2014-09-04,29068160.0,12.46,12.56,12.32,12.40,2340046.0
2014-09-03,50992012.0,12.46,12.79,12.11,12.19,4100863.0
2014-09-02,28886386.0,12.17,12.17,12.02,12.10,2383283.0
2014-09-01,23305810.0,12.10,12.18,11.76,11.87,1934104.0
2014-08-29,13432567.0,11.87,11.87,11.70,11.73,1138453.0
2014-08-28,17357688.0,11.75,11.90,11.62,11.90,1479489.0
2014-08-27,33151604.0,11.88,11.95,11.38,11.44,2834933.0
2014-08-26,34405332.0,11.44,11.86,11.40,11.86,2966750.0
2014-08-25,27378038.0,11.87,12.17,11.86,12.15,2282139.0
2014-08-22,46366872.0,12.12,12.18,11.84,12.02,3850037.0
2014-08-21,37376256.0,12.00,12.07,11.79,12.01,3129047.0
2014-08-20,105395504.0,12.12,12.14,11.78,11.94,8809555.0
2014-08-19,218415584.0,12.29,12.92,12.13,12.13,17088274.0
2014-08-18,53164740.0,11.74,12.49,11.65,11.77,4419017.0
2014-08-15,20274372.0,11.72,11.77,11.47,11.50,1735978.0
2014-08-14,30020102.0,11.57,11.74,11.32,11.49,2593788.0
2014-08-13,21012492.0,11.45,11.64,11.27,11.49,1843130.0
2014-08-12,28803074.0,11.49,11.58,11.14,11.24,2531817.0
2014-08-11,26172102.0,11.29,11.34,11.05,11.16,2331624.0
2014-08-08,18814948.0,11.13,11.14,10.85,10.94,1702362.0
2014-08-07,16881134.0,10.92,11.28,10.87,11.04,1528691.0
2014-08-06,15158799.0,11.07,11.17,11.02,11.11,1365920.0
2014-08-05,23307378.0,11.19,11.22,10.91,11.09,2108133.0
2014-08-04,52812100.0,11.11,11.38,10.62,10.64,4774097.0
2014-08-01,21506232.0,10.69,10.96,10.69,10.88,1982638.0
2014-07-31,39228056.0,10.88,11.17,10.82,10.97,3569936.0
2014-07-30,23929990.0,10.94,10.97,10.67,10.78,2209435.0
2014-07-29,21895266.0,10.84,10.87,10.44,10.52,2048295.0
2014-07-28,12573957.0,10.50,10.53,10.36,10.44,1200401.0
2014-07-25,14639551.0,10.44,10.52,10.15,10.15,1411578.0
2014-07-24,10768782.0,10.21,10.38,10.19,10.28,1050603.0
2014-07-23,15291746.0,10.28,10.59,10.26,10.51,1467247.0
2014-07-22,17445174.0,10.56,10.63,10.30,10.35,1659481.0
2014-07-21,14580489.0,10.41,10.49,10.19,10.41,1413711.0
2014-07-18,15765769.0,10.41,10.63,10.30,10.41,1505830.0
2014-07-17,41027020.0,10.51,10.69,10.05,10.49,3936570.0
2014-07-16,83436824.0,10.85,11.84,10.78,11.40,7380182.0
2014-07-15,99435392.0,11.40,11.94,11.14,11.39,8658433.0
2014-07-14,51377400.0,11.52,11.68,11.00,11.14,4527774.0
2014-07-11,32190496.0,11.08,11.27,10.71,10.74,2895955.0
2014-07-10,18657508.0,10.78,10.92,10.57,10.83,1732804.0
2014-07-09,38386684.0,10.83,11.15,10.79,10.80,3499576.0
2014-07-08,17995378.0,10.87,10.89,10.70,10.78,1663835.0
2014-07-07,22789648.0,10.92,11.02,10.72,10.95,2100705.0
2014-07-04,29148000.0,10.99,11.04,10.77,10.93,2663559.0
2014-07-03,38885740.0,10.91,11.16,10.79,10.89,3546087.0
2014-07-02,29768792.0,10.89,10.93,10.61,10.75,2754827.0
2014-07-01,33233942.0,10.74,10.97,10.66,10.89,3071899.0
2014-06-30,24186198.0,10.82,10.84,10.54,10.64,2259734.0
2014-06-27,30465650.0,10.67,10.78,10.46,10.47,2855375.0
2014-06-26,28984364.0,10.50,10.66,10.29,10.36,2746219.0
2014-06-25,21091046.0,10.32,10.34,9.97,10.18,2068887.0
2014-06-24,22917938.0,10.15,10.32,10.14,10.28,2243856.0
2014-06-23,14007534.0,10.23,10.30,10.01,10.07,1371011.0
2014-06-20,13873335.0,10.06,10.17,9.87,10.01,1381559.0
2014-06-19,24568124.0,10.00,10.49,9.84,10.38,2398158.0
2014-06-18,26005932.0,10.37,10.81,10.32,10.74,2480404.0
2014-06-17,25226730.0,10.73,11.07,10.73,11.05,2328974.0
2014-06-16,30482938.0,11.01,11.14,10.87,11.01,2762755.0
2014-06-13,47876116.0,11.05,11.17,10.73,10.84,4334137.0
2014-06-12,52904452.0,10.82,10.97,10.58,10.84,4912366.0
2014-06-11,108216528.0,10.89,11.35,10.29,10.32,9755480.0
2014-06-10,18053538.0,10.32,10.38,10.07,10.15,1761523.0
2014-06-09,16163774.0,10.19,10.31,10.12,10.15,1579940.0
2014-06-06,17930206.0,10.15,10.34,10.09,10.34,1756740.0
2014-06-05,22402486.0,10.28,10.34,10.05,10.07,2190846.0
2014-06-04,20917532.0,10.15,10.35,10.05,10.26,2059150.0
2014-06-03,16710214.0,10.26,10.46,10.24,10.37,1613418.0
2014-05-30,15923084.0,10.30,10.41,10.16,10.26,1543237.0
2014-05-29,24855372.0,10.18,10.57,10.14,10.49,2399701.0
2014-05-28,24486526.0,10.45,10.53,10.30,10.30,2347338.0
2014-05-27,22759590.0,10.25,10.63,10.25,10.56,2180725.0
2014-05-26,30612904.0,10.52,10.57,10.13,10.29,2951250.0
2014-05-23,18746824.0,10.29,10.35,10.07,10.09,1828581.0
2014-05-22,28696394.0,10.17,10.68,10.13,10.46,2760334.0
2014-05-21,19217842.0,10.49,10.61,10.34,10.52,1830177.0
2014-05-20,35573856.0,10.63,10.71,10.24,10.39,3388653.0
2014-05-19,21313402.0,10.28,10.49,10.02,10.30,2075990.0
2014-05-16,54850440.0,10.30,10.70,9.99,10.60,5278490.0
2014-05-15,73311520.0,10.86,11.72,10.80,11.59,6521966.0
2014-05-14,89699712.0,11.77,11.95,11.02,11.20,7684800.0
2014-05-13,49881696.0,11.27,11.84,11.16,11.54,4354237.0
2014-05-12,63863844.0,11.64,11.76,11.00,11.59,5599349.0
2014-05-09,84505504.0,11.49,11.96,11.25,11.58,7281413.0
2014-05-08,117484720.0,11.80,11.99,10.31,10.64,10334318.0
2014-05-07,86198672.0,10.94,11.97,10.89,11.18,7540166.0
2014-05-06,80014352.0,11.41,11.57,10.60,10.82,7217368.0
2014-05-05,56745248.0,10.92,11.10,10.49,10.50,5246277.0
2014-04-30,56068128.0,10.47,10.87,10.23,10.44,5339037.0
2014-04-29,83399016.0,10.60,11.01,9.77,9.79,8028106.0
2014-04-28,91706496.0,10.06,10.67,10.06,10.29,8906922.0
2014-04-25,149106416.0,11.18,12.80,10.93,12.11,12613006.0
2014-04-24,151264864.0,11.92,12.24,11.71,12.11,12609443.0
2014-04-23,228682704.0,12.41,12.41,11.59,11.74,19117536.0
2014-04-22,70534480.0,11.28,11.28,10.27,10.39,6402555.0
2014-04-21,85485424.0,10.25,11.08,10.21,10.99,8054892.0
2014-04-18,91250104.0,10.79,10.79,9.79,9.84,8797688.0
2014-04-17,45121456.0,9.81,10.14,9.80,10.01,4520313.0
2014-04-16,69982456.0,10.00,10.40,9.94,10.29,6890692.0
2014-04-15,127571392.0,10.60,11.19,10.47,10.99,11817508.0
2014-04-14,6932704.0,10.77,10.77,10.77,10.77,643108.0
2014-04-11,2891872.0,9.79,9.79,9.79,9.79,295089.0
2014-01-10,18812924.0,8.90,9.16,8.88,9.16,2092062.0
2014-01-09,37045980.0,9.18,9.67,9.11,9.29,3939752.0
2014-01-08,29270696.0,9.31,9.40,8.96,8.98,3159893.0
2014-01-07,11611432.0,8.99,9.03,8.85,8.85,1297018.0
2014-01-06,19286588.0,8.90,9.38,8.87,9.27,2141186.0
2014-01-03,32331862.0,9.26,9.48,9.06,9.09,3480230.0
2014-01-02,27566914.0,9.13,9.23,8.81,8.84,3027177.0
2013-12-31,19805180.0,8.81,9.15,8.69,9.15,2229892.0
2013-12-30,25335758.0,9.11,9.13,8.92,8.94,2803506.0
2013-12-27,27312572.0,8.93,9.15,8.54,8.59,3069311.0
2013-12-26,16534621.0,8.60,8.96,8.60,8.79,1889438.0
2013-12-25,20087636.0,8.84,8.89,8.51,8.59,2298405.0
2013-12-24,16476937.0,8.53,8.67,8.39,8.42,1925328.0
2013-12-23,8162621.0,8.41,8.55,8.27,8.55,969789.0
2013-12-20,10218048.0,8.49,8.71,8.39,8.54,1190472.0
2013-12-19,12751924.0,8.55,8.77,8.45,8.45,1486048.0
2013-12-18,13033092.0,8.52,8.58,8.31,8.39,1533012.0
2013-12-17,17503620.0,8.42,8.67,8.29,8.63,2072347.0
2013-12-16,30523480.0,8.63,9.17,8.41,9.03,3469305.0
2013-12-13,22206146.0,9.11,9.21,8.87,8.95,2440073.0
2013-12-12,16456031.0,8.97,9.05,8.87,8.88,1827412.0
2013-12-11,14174253.0,8.92,9.12,8.85,8.91,1576400.0
2013-12-10,20587344.0,9.02,9.19,8.91,9.02,2277307.0
2013-12-09,23188974.0,9.01,9.03,8.79,8.82,2597956.0
2013-12-06,17171320.0,8.71,8.85,8.61,8.77,1968167.0
2013-12-05,29412744.0,8.77,9.24,8.65,8.93,3303878.0
2013-12-04,32058816.0,8.95,9.28,8.94,8.99,3509464.0
2013-12-03,45458896.0,9.06,9.22,8.70,8.72,5100821.0
2013-12-02,33792600.0,9.67,10.21,9.67,10.21,3456201.0
2013-11-29,40812404.0,10.74,10.91,10.57,10.64,3802927.0
2013-11-28,42787072.0,10.64,10.87,10.54,10.76,3997603.0
2013-11-27,58414296.0,10.81,10.96,10.31,10.44,5475833.0
2013-11-26,31622384.0,10.36,10.58,10.23,10.32,3039366.0
2013-11-25,36221528.0,10.38,10.61,10.13,10.22,3482911.0
2013-11-22,49410932.0,10.33,10.84,10.10,10.49,4713942.0
2013-11-21,68072688.0,10.52,11.04,10.51,11.04,6362375.0
2013-11-20,104569584.0,11.05,11.08,10.62,10.99,9620479.0
2013-11-19,185261792.0,11.30,11.42,10.34,10.44,16550951.0
2013-11-18,56572772.0,10.38,10.38,9.99,10.05,5538274.0
2013-11-15,76718440.0,10.13,10.55,10.07,10.29,7432589.0
2013-11-14,69014832.0,10.35,10.44,9.50,10.06,6928946.0
2013-11-13,84766456.0,10.24,10.58,9.78,9.81,8238392.0
2013-11-12,84296696.0,10.07,10.51,9.99,10.44,8244073.0
2013-11-11,101739880.0,10.72,10.73,9.96,10.09,9858610.0
2013-11-08,140535824.0,10.19,10.54,9.89,9.99,13772216.0
2013-11-07,60932020.0,9.74,9.74,8.80,8.89,6370707.0
2013-11-06,48738516.0,8.85,9.40,8.84,9.16,5308184.0
2013-11-05,52665568.0,9.30,9.30,8.54,8.74,5869362.0
2013-11-04,33345176.0,8.74,8.88,8.43,8.43,3819998.0
2013-11-01,52682432.0,8.50,8.86,8.39,8.73,6115892.0
2013-10-31,81445112.0,9.01,10.01,9.01,9.93,8568760.0
2013-10-30,87867368.0,10.01,10.57,9.75,10.11,8748791.0
2013-10-29,133883576.0,10.40,11.17,9.94,10.39,12730581.0
2013-10-28,132514448.0,10.59,10.70,9.22,9.59,12995461.0
2013-10-25,94890296.0,9.73,9.93,8.79,9.09,10046217.0
2013-10-24,62341940.0,9.06,9.49,8.89,9.07,6798926.0
2013-10-23,99292384.0,9.44,9.44,8.59,9.12,11074495.0
2013-10-22,145353344.0,9.20,9.20,8.64,8.68,15935735.0
2013-10-21,33515074.0,8.36,8.36,7.60,7.62,4050558.0
2013-10-18,6805462.0,7.61,7.70,7.55,7.61,892985.0
2013-10-17,13579197.0,7.61,7.86,7.46,7.47,1767192.0
2013-10-16,10476601.0,7.48,7.78,7.48,7.78,1382305.0
2013-10-15,19412556.0,7.82,7.98,7.71,7.98,2484296.0
2013-10-14,20740600.0,8.04,8.19,8.00,8.04,2569834.0
2013-10-11,27182282.0,8.11,8.38,8.03,8.12,3321323.0
2013-10-10,28185830.0,8.14,8.15,7.84,7.90,3523804.0
2013-10-09,15066180.0,7.92,7.98,7.85,7.94,1906095.0
2013-10-08,22087206.0,7.94,8.04,7.76,7.80,2781310.0
2013-09-30,11623205.0,7.82,7.82,7.50,7.51,1504345.0
2013-09-27,6092555.0,7.50,7.62,7.48,7.49,807360.0
2013-09-26,7363981.0,7.53,7.79,7.52,7.79,962612.0
2013-09-25,11058536.0,7.75,7.87,7.73,7.81,1416878.0
2013-09-24,10759387.0,7.81,7.87,7.66,7.82,1381293.0
2013-09-23,25941672.0,7.82,7.86,7.50,7.55,3358048.0
2013-09-18,8864374.0,7.55,7.56,7.30,7.33,1193077.0
2013-09-17,11456757.0,7.34,7.60,7.26,7.60,1544605.0
2013-09-16,7851796.0,7.57,7.62,7.48,7.53,1038104.0
2013-09-13,9418560.0,7.53,7.58,7.45,7.58,1255459.0
2013-09-12,8169196.0,7.52,7.70,7.42,7.49,1076342.0
2013-09-11,13428616.0,7.41,7.67,7.40,7.67,1795726.0
2013-09-10,10335642.0,7.62,7.70,7.55,7.62,1357460.0
2013-09-09,10165921.0,7.60,7.64,7.47,7.59,1347077.0
2013-09-06,8039151.0,7.54,7.58,7.47,7.50,1067188.0
2013-09-05,7700593.0,7.52,7.58,7.38,7.48,1025368.0
2013-09-04,8353913.0,7.44,7.67,7.40,7.67,1116700.0
2013-09-03,11788105.0,7.55,7.60,7.30,7.30,1571648.0
2013-09-02,11539640.0,7.36,7.39,7.12,7.12,1579280.0
2013-08-30,15365584.0,7.14,7.54,7.11,7.48,2094611.0
2013-08-29,12073132.0,7.49,7.67,7.41,7.60,1604773.0
2013-08-28,19059960.0,7.59,7.91,7.56,7.82,2451426.0
2013-08-27,21545158.0,7.92,8.05,7.77,8.04,2730868.0
2013-08-26,28060554.0,8.04,8.11,7.78,7.84,3528162.0
2013-08-23,31591432.0,7.87,7.94,7.59,7.66,4047233.0
2013-08-22,15578647.0,7.63,7.69,7.55,7.61,2046076.0
2013-08-21,13848854.0,7.68,7.72,7.48,7.55,1814373.0
2013-08-20,15703938.0,7.52,7.65,7.49,7.65,2071687.0
2013-08-19,14812848.0,7.60,7.61,7.33,7.42,1977811.0
2013-08-16,19542694.0,7.36,7.84,7.36,7.63,2559894.0
2013-08-15,13863296.0,7.77,7.98,7.75,7.84,1764426.0
2013-08-14,23147674.0,7.86,8.08,7.84,8.05,2922102.0
2013-08-13,29778564.0,8.03,8.07,7.76,7.76,3763845.0
2013-08-12,42054168.0,7.84,8.16,7.65,8.03,5332974.0
2013-08-09,49278012.0,8.01,8.75,7.98,8.68,6015611.0
2013-08-08,54562032.0,8.35,8.39,7.90,8.07,6666831.0
2013-08-07,64629880.0,8.15,8.38,8.10,8.35,7857467.0
2013-08-06,129880816.0,8.54,8.97,8.28,8.67,15198957.0
2013-08-05,97995736.0,8.32,8.32,7.51,7.56,11952425.0
2013-08-02,31278364.0,7.57,7.96,7.52,7.70,4042341.0
2013-08-01,34644376.0,7.67,7.73,7.23,7.23,4586607.0
2013-07-31,17742702.0,7.37,7.64,7.18,7.38,2388822.0
2013-07-30,16910562.0,7.30,7.52,7.17,7.48,2310378.0
2013-07-29,28067702.0,7.48,7.77,7.41,7.68,3704135.0
2013-07-26,38307116.0,7.72,7.72,7.00,7.09,5198596.0
2013-07-25,42177204.0,7.09,7.70,7.09,7.51,5704089.0
2013-07-24,37877332.0,7.47,7.47,7.04,7.09,5208535.0
2013-07-23,32082200.0,7.18,7.40,6.79,6.89,4540622.0
2013-07-22,17153938.0,6.90,6.95,6.49,6.50,2535951.0
2013-07-19,26363716.0,6.67,7.18,6.61,7.03,3769198.0
2013-07-18,29148012.0,7.10,7.20,6.54,6.61,4231202.0
2013-07-17,24684194.0,6.72,6.82,6.40,6.45,3699673.0
2013-07-16,11681871.0,6.47,6.50,6.25,6.30,1832853.0
2013-07-15,9460611.0,6.37,6.40,6.16,6.20,1499781.0
2013-07-12,10533774.0,6.27,6.42,6.20,6.22,1669374.0
2013-07-11,8338324.0,6.26,6.32,6.07,6.16,1337159.0
2013-07-10,5704464.0,6.16,6.17,6.00,6.06,936873.0
2013-07-09,5608243.0,6.06,6.08,5.72,5.87,943048.0
2013-07-08,5752671.0,5.87,6.12,5.83,6.05,963950.0
2013-07-05,6909790.0,6.21,6.38,6.16,6.21,1105848.0
2013-07-04,4583082.0,6.23,6.32,6.13,6.21,734427.0
2013-07-03,5228192.0,6.26,6.30,6.09,6.30,845346.0
2013-07-02,6289584.0,6.34,6.39,6.20,6.24,996480.0
2013-07-01,3279836.0,6.25,6.26,5.90,6.02,534348.0
2013-06-28,4132994.0,6.02,6.25,5.83,6.07,679025.0
2013-06-27,6800167.0,6.13,6.39,6.11,6.20,1087431.0
2013-06-26,8661831.0,6.25,6.37,5.88,5.89,1412155.0
2013-06-25,7527765.0,5.95,6.02,5.40,5.83,1302343.0
2013-06-24,4839013.0,5.92,6.38,5.91,6.34,788324.0
2013-06-21,4288086.0,6.34,6.38,6.12,6.35,685925.0
2013-06-20,6251026.0,6.36,6.72,6.34,6.67,953728.0
2013-06-19,4781671.0,6.73,6.80,6.51,6.76,714790.0
2013-06-18,9643381.0,6.83,6.91,6.59,6.59,1428967.0
2013-06-17,9077603.0,6.59,6.82,6.51,6.57,1356921.0
2013-06-14,4570025.0,6.55,6.58,6.36,6.39,704153.0
2013-06-13,5840843.0,6.36,6.64,6.14,6.61,917350.0
2013-06-07,5558166.0,6.73,6.93,6.57,6.86,818943.0
2013-06-06,5760221.0,6.82,6.99,6.81,6.93,833831.0
2013-06-05,7095766.0,7.00,7.07,6.94,6.99,1013928.0
2013-06-04,16040008.0,6.99,7.34,6.91,7.30,2254017.0
2013-06-03,16755062.0,7.35,7.63,7.31,7.55,2243675.0
2013-05-31,24837674.0,7.49,7.65,7.37,7.45,3305250.0
2013-05-30,13910164.0,7.45,7.45,7.33,7.37,1884267.0
2013-05-29,12379520.0,7.37,7.41,7.29,7.35,1684020.0
2013-05-28,19278916.0,7.36,7.62,7.32,7.55,2601192.0
2013-05-27,20704672.0,7.55,7.68,7.43,7.48,2743604.0
2013-05-24,15971071.0,7.49,7.52,7.33,7.33,2147277.0
2013-05-23,18226800.0,7.33,7.55,7.28,7.38,2462004.0
2013-05-22,27598738.0,7.44,7.72,7.36,7.71,3683078.0
2013-05-21,32137012.0,7.75,7.85,7.42,7.50,4207571.0
2013-05-20,26349304.0,7.53,7.54,7.22,7.32,3546848.0
2013-05-17,31058604.0,7.33,7.44,7.10,7.35,4276470.0
2013-05-16,39641932.0,7.34,7.68,7.25,7.49,2635234.0
2013-05-15,40977156.0,7.64,7.68,7.20,7.29,2737507.0
2013-05-14,60591588.0,7.49,8.09,7.43,8.09,3889194.0
2013-05-13,34349176.0,7.88,7.88,7.44,7.51,2186252.0
2013-05-10,16689091.0,7.16,7.28,7.09,7.19,1157096.0
2013-05-09,25147958.0,7.20,7.21,6.97,7.01,1761058.0
2013-05-08,11542746.0,7.01,7.01,6.88,6.90,825421.0
2013-05-07,11878664.0,6.90,7.00,6.87,6.93,851456.0
2013-05-06,10391271.0,6.92,6.96,6.76,6.88,746467.0
2013-05-03,8245178.0,6.84,6.86,6.73,6.73,600125.0
2013-05-02,4269909.0,6.72,6.73,6.46,6.58,318876.0
2013-04-26,8236630.0,6.65,6.76,6.57,6.64,616186.0
2013-04-25,15883927.0,6.67,6.88,6.64,6.74,1161530.0
2013-04-24,10652906.0,6.71,6.71,6.48,6.55,796506.0
2013-04-23,9949884.0,6.45,6.70,6.41,6.70,754542.0
2013-04-22,10481561.0,6.72,6.75,6.54,6.55,786273.0
2013-04-19,9784232.0,6.57,6.60,6.39,6.41,743388.0
2013-04-18,5371929.0,6.41,6.43,6.26,6.26,416740.0
2013-04-17,3795684.0,6.35,6.37,6.26,6.26,298441.0
2013-04-16,2836884.0,6.27,6.28,6.12,6.19,226352.0
2013-04-15,3353437.0,6.21,6.26,6.17,6.26,267917.0
2013-04-12,2965865.0,6.24,6.39,6.24,6.37,232597.0
2013-04-11,5664502.0,6.37,6.43,6.36,6.38,439766.0
2013-04-10,3780666.0,6.38,6.40,6.33,6.35,294392.0
2013-04-09,6159460.0,6.37,6.43,6.29,6.30,479481.0
2013-04-08,6756239.0,6.33,6.37,6.12,6.22,537790.0
2013-04-03,6642250.0,6.27,6.38,6.24,6.38,523681.0
2013-04-02,8586311.0,6.37,6.53,6.36,6.50,662981.0
2013-04-01,9301571.0,6.48,6.54,6.40,6.45,713802.0
2013-03-29,7916570.0,6.46,6.60,6.42,6.50,605470.0
2013-03-28,14678794.0,6.50,6.75,6.50,6.75,1106916.0
2013-03-27,30771364.0,6.81,6.99,6.71,6.89,2227471.0
2013-03-26,60600516.0,7.00,7.29,6.99,7.16,4214856.0
2013-03-25,26942388.0,7.05,7.16,6.95,7.03,1895024.0
2013-03-22,27996864.0,7.03,7.15,6.66,6.70,2006022.0
2013-03-21,11018717.0,6.68,6.74,6.54,6.55,820471.0
2013-03-20,8724819.0,6.58,6.59,6.38,6.38,664598.0
2013-03-19,4566005.0,6.43,6.46,6.28,6.38,354119.0
2013-03-18,5102721.0,6.32,6.46,6.32,6.36,395945.0
2013-03-15,5052545.0,6.37,6.48,6.11,6.35,392874.0
2013-03-14,5999928.0,6.37,6.43,6.34,6.43,466100.0
2013-03-13,6396292.0,6.40,6.55,6.35,6.48,494290.0
2013-03-12,16051461.0,6.51,6.96,6.43,6.94,1199415.0
2013-03-11,7413965.0,6.92,7.01,6.81,6.85,530836.0
2013-03-08,6810217.0,6.90,6.97,6.80,6.94,491467.0
2013-03-07,16791478.0,6.90,7.16,6.86,7.16,1189246.0
2013-03-06,21824700.0,7.17,7.19,6.87,6.98,1525394.0
2013-03-05,16913832.0,6.95,7.01,6.66,6.89,1228942.0
2013-03-04,28650534.0,6.86,7.19,6.83,6.98,2028954.0
2013-03-01,19112704.0,6.99,6.99,6.76,6.79,1371017.0
2013-02-28,11978740.0,6.80,6.81,6.57,6.70,886712.0
2013-02-27,13909982.0,6.73,6.99,6.68,6.90,1015872.0
2013-02-26,22546432.0,6.87,7.12,6.84,7.12,1600679.0
2013-02-25,27959090.0,7.15,7.22,6.97,6.97,1953438.0
2013-02-22,25838342.0,6.99,7.05,6.80,6.90,1846559.0
2013-02-21,42153000.0,7.02,7.03,6.66,6.66,3048931.0
2013-02-20,12064780.0,6.71,6.74,6.51,6.62,897982.0
2013-02-19,15137231.0,6.55,6.80,6.53,6.80,1127752.0
2013-02-18,18270646.0,6.81,6.84,6.68,6.75,1341248.0
2013-02-08,12813775.0,6.69,6.74,6.65,6.65,949468.0
2013-02-07,6369546.0,6.65,6.65,6.54,6.59,478686.0
2013-02-06,12607455.0,6.59,6.84,6.56,6.56,940225.0
2013-02-05,8999863.0,6.54,6.55,6.40,6.49,687809.0
2013-02-04,10587790.0,6.49,6.69,6.43,6.64,805802.0
2013-02-01,15357691.0,6.60,6.61,6.49,6.49,1160699.0
2013-01-31,15373763.0,6.49,6.65,6.45,6.63,1171172.0
2013-01-30,16993312.0,6.60,6.68,6.55,6.68,1278719.0
2013-01-29,35409944.0,6.71,6.74,6.52,6.74,2661846.0
2013-01-28,13932274.0,6.81,6.82,6.65,6.65,1020062.0
2013-01-25,10812543.0,6.72,6.81,6.68,6.73,795278.0
2013-01-24,27451744.0,6.72,7.14,6.53,7.10,1993709.0
2013-01-23,16204259.0,7.12,7.25,6.99,7.14,1134274.0
2013-01-22,30283664.0,7.19,7.49,7.13,7.48,2065663.0
2013-01-21,47009708.0,7.62,7.74,6.95,7.05,3149543.0
2013-01-18,21897736.0,7.05,7.20,6.91,7.14,1548184.0
2013-01-17,25582232.0,7.14,7.37,7.05,7.05,1767124.0
2013-01-16,27019862.0,7.11,7.37,6.99,7.35,1876664.0
2013-01-15,42259208.0,7.33,7.43,7.00,7.05,2897699.0
2013-01-14,49025996.0,7.14,7.37,6.77,6.82,3422221.0
2013-01-11,35510788.0,6.70,6.81,6.46,6.50,2642346.0
2013-01-10,19394028.0,6.50,6.63,6.43,6.55,1479627.0
2013-01-09,33912108.0,6.53,6.71,6.39,6.48,2564631.0
2013-01-08,41764732.0,6.48,6.69,6.13,6.19,3203747.0
2013-01-07,18084014.0,6.21,6.23,5.91,5.96,1472202.0
2013-01-04,10682587.0,5.97,6.04,5.89,5.93,890752.0
2012-12-31,13010611.0,5.93,6.05,5.86,6.00,1090455.0
2012-12-28,13811441.0,6.01,6.07,5.87,5.93,1145411.0
2012-12-27,20947428.0,5.96,6.34,5.96,6.25,1701385.0
2012-12-26,26240848.0,6.23,6.34,5.87,5.96,2120813.0
2012-12-25,25282412.0,5.97,6.06,5.73,5.91,2111104.0
2012-12-24,21788130.0,5.93,6.01,5.73,5.78,1834239.0
2012-12-21,24427928.0,5.78,5.87,5.57,5.72,2106603.0
2012-12-20,10037686.0,5.69,5.70,5.57,5.57,882915.0
2012-12-19,9982335.0,5.62,5.68,5.56,5.64,880696.0
2012-12-18,13940095.0,5.65,5.78,5.63,5.70,1212154.0
2012-12-17,21711440.0,5.74,5.76,5.61,5.69,1896227.0
2012-12-14,40863728.0,5.80,5.85,5.50,5.57,3572544.0
2012-12-13,19550652.0,5.68,5.68,5.19,5.23,1733517.0
2012-12-12,4530574.0,5.16,5.18,5.07,5.12,437902.0
2012-12-11,4789720.0,5.16,5.26,5.13,5.22,457728.0
2012-12-10,6930485.0,5.27,5.29,4.97,5.19,658063.0
2012-12-07,5932482.0,5.16,5.19,5.01,5.01,576002.0
2012-12-06,2956672.0,5.06,5.18,5.02,5.18,289890.0
2012-12-05,5399977.0,5.08,5.16,4.87,4.87,527918.0
2012-12-04,2636787.0,4.95,4.95,4.70,4.77,273990.0
2012-12-03,1849212.0,4.84,5.05,4.82,5.00,185500.0
2012-11-30,1481594.0,5.06,5.09,4.96,5.02,146147.0
2012-11-29,2892234.0,5.02,5.22,5.01,5.22,281089.0
2012-11-28,2522351.0,5.16,5.22,5.12,5.16,242949.0
2012-11-27,5399316.0,5.18,5.53,5.17,5.50,506006.0
2012-11-26,4165115.0,5.52,5.66,5.50,5.64,369808.0
2012-11-23,8235729.0,5.67,5.77,5.63,5.71,720380.0
2012-11-22,11717686.0,5.72,5.85,5.54,5.58,1014960.0
2012-11-21,6854826.0,5.63,5.64,5.51,5.60,610725.0
2012-11-20,10336095.0,5.63,5.68,5.46,5.52,918768.0
2012-11-19,6031536.0,5.46,5.54,5.41,5.52,548215.0
2012-11-16,3718297.0,5.51,5.53,5.36,5.36,336844.0
2012-11-15,3284191.0,5.41,5.56,5.41,5.55,297142.0
2012-11-14,2266388.0,5.55,5.56,5.38,5.38,205297.0
2012-11-13,4858761.0,5.47,5.61,5.46,5.61,437590.0
2012-11-12,7851056.0,5.61,5.64,5.49,5.55,695377.0
2012-11-09,3624451.0,5.49,5.58,5.47,5.48,325863.0
2012-11-08,5312655.0,5.53,5.71,5.53,5.62,467802.0
2012-11-07,2871676.0,5.76,5.83,5.71,5.77,247138.0
2012-11-06,7898122.0,5.75,5.91,5.75,5.91,678803.0
2012-11-05,1998075.0,5.93,5.97,5.91,5.91,167190.0
2012-11-02,2799453.0,5.95,5.99,5.92,5.99,233603.0
2012-11-01,4997626.0,5.95,5.99,5.82,5.88,418089.0
2012-10-31,2109315.0,5.83,5.85,5.78,5.79,179891.0
2012-10-30,2603853.0,5.80,5.87,5.77,5.81,222012.0
2012-10-29,1314108.0,5.79,5.81,5.75,5.81,112810.0
2012-10-26,5359761.0,5.78,5.90,5.74,5.84,458011.0
2012-10-25,3415035.0,5.88,5.94,5.86,5.87,287272.0
2012-10-24,7622575.0,5.89,6.00,5.88,5.91,639061.0
2012-10-23,7392415.0,5.95,6.12,5.93,6.12,610231.0
2012-10-22,2727891.0,6.07,6.07,5.92,6.05,224930.0
2012-10-19,4615454.0,6.05,6.13,6.04,6.09,377117.0
2012-10-18,5804880.0,6.12,6.17,5.95,6.09,471817.0
2012-10-17,3746214.0,5.99,6.02,5.89,5.90,312285.0
2012-10-16,4075407.0,5.91,5.96,5.81,5.94,342418.0
2012-10-15,10482666.0,5.90,6.20,5.83,6.18,880355.0
2012-10-12,4874383.0,6.21,6.33,6.13,6.25,389997.0
2012-10-11,8154646.0,6.24,6.48,6.24,6.41,638900.0
2012-10-10,11964259.0,6.50,6.52,6.37,6.43,922552.0
2012-10-09,21524680.0,6.50,6.67,6.06,6.10,1646885.0
2012-10-08,2847487.0,6.06,6.10,6.02,6.04,233524.0
2012-09-28,7600747.0,6.06,6.06,5.82,5.92,627867.0
2012-09-27,3841540.0,5.92,5.95,5.71,5.71,324639.0
2012-09-26,3352066.0,5.77,5.96,5.75,5.96,286500.0
2012-09-25,3844104.0,5.93,6.15,5.88,5.93,320147.0
2012-09-24,3735448.0,5.92,5.96,5.78,5.84,313891.0
2012-09-21,3585365.0,5.91,6.04,5.88,5.98,298100.0
2012-09-20,8830707.0,5.97,6.30,5.96,6.30,721995.0
2012-09-19,4807007.0,6.34,6.37,6.25,6.25,377378.0
2012-09-18,3385842.0,6.25,6.30,6.15,6.23,268933.0
2012-09-17,5695723.0,6.21,6.50,6.21,6.50,446430.0
2012-09-14,8624074.0,6.46,6.58,6.34,6.56,661229.0
2012-09-13,9303532.0,6.48,6.65,6.47,6.58,704300.0
2012-09-12,9310151.0,6.63,6.70,6.50,6.64,702190.0
2012-09-11,8631150.0,6.64,6.71,6.59,6.70,646505.0
2012-09-10,16759715.0,6.70,6.82,6.61,6.68,1243901.0
2012-09-07,19859738.0,6.68,6.74,6.50,6.54,1488526.0
2012-09-06,15471865.0,6.48,6.54,6.34,6.43,1191646.0
2012-09-05,16763583.0,6.43,6.50,6.21,6.33,1302802.0
2012-09-04,14175200.0,6.31,6.43,6.18,6.18,1116414.0
2012-09-03,6826927.0,6.21,6.21,6.00,6.01,549669.0
2012-08-31,4681547.0,6.06,6.10,5.92,5.93,387016.0
2012-08-30,10931842.0,6.00,6.25,5.76,6.25,904714.0
2012-08-29,9552223.0,6.20,6.25,6.06,6.09,766718.0
2012-08-28,5873064.0,6.10,6.20,5.94,5.98,479953.0
2012-08-27,6159882.0,6.01,6.13,5.92,6.00,508907.0
2012-08-24,11459783.0,6.09,6.40,6.08,6.39,912389.0
2012-08-23,11460786.0,6.38,6.39,6.15,6.15,902092.0
2012-08-22,11438995.0,6.22,6.54,6.16,6.27,898667.0
2012-08-21,8465267.0,6.20,6.28,5.99,6.05,678849.0
2012-08-20,2960062.0,6.05,6.06,5.81,5.91,245901.0
2012-08-17,3296463.0,6.00,6.03,5.90,5.98,273769.0
2012-08-16,3174493.0,5.97,6.03,5.94,5.96,263097.0
2012-08-15,4526746.0,6.01,6.13,5.96,6.09,372660.0
2012-08-14,5184936.0,6.13,6.13,5.92,6.10,425378.0
2012-08-13,5480768.0,6.09,6.23,6.07,6.23,442499.0
2012-08-10,8668151.0,6.21,6.39,6.19,6.39,688861.0
2012-08-09,9308159.0,6.35,6.38,6.15,6.15,735968.0
2012-08-08,5391084.0,6.15,6.23,6.09,6.15,434938.0
2012-08-07,7174757.0,6.19,6.26,6.11,6.20,574901.0
2012-08-06,9790884.0,6.21,6.26,5.84,5.92,799845.0
2012-08-03,4573692.0,5.91,5.92,5.71,5.71,388536.0
2012-08-02,3435508.0,5.74,5.82,5.68,5.69,296368.0
2012-08-01,4249871.0,5.77,5.87,5.67,5.67,364063.0
2012-07-31,8796492.0,5.69,6.08,5.67,5.97,758587.0
2012-07-30,4519058.0,6.02,6.34,5.97,6.21,366909.0
2012-07-27,7234405.0,6.28,6.45,6.23,6.37,570759.0
2012-07-26,6542032.0,6.36,6.58,6.36,6.43,503151.0
2012-07-25,7786562.0,6.46,6.62,6.39,6.46,591672.0
2012-07-24,4525622.0,6.50,6.54,6.35,6.36,347518.0
2012-07-23,4704797.0,6.40,6.47,6.26,6.36,364843.0
2012-07-20,5632727.0,6.38,6.55,6.32,6.48,432617.0
2012-07-19,9536565.0,6.48,6.55,6.24,6.26,734477.0
2012-07-18,9673566.0,6.34,6.34,6.01,6.33,775435.0
2012-07-17,6407787.0,6.33,6.34,6.08,6.10,509335.0
2012-07-16,14356203.0,6.19,6.68,6.17,6.55,1117776.0
2012-07-13,25148446.0,6.58,7.10,6.58,7.05,1850632.0
2012-07-12,9752666.0,7.06,7.12,6.90,7.05,687791.0
2012-07-11,11039759.0,6.96,7.04,6.85,6.86,788999.0
2012-07-10,34852956.0,7.10,7.79,7.10,7.79,2393471.0
2012-07-09,34182972.0,7.89,8.38,7.84,8.07,2069710.0
2012-07-06,26817644.0,8.11,8.19,7.80,8.02,1657511.0
2012-07-05,21977716.0,7.99,8.09,7.74,7.94,1376677.0
2012-07-04,31675464.0,7.94,8.31,7.93,8.29,1938680.0
2012-07-03,47045340.0,8.29,8.29,7.87,8.02,2869095.0
2012-07-02,41211300.0,8.03,8.42,7.91,7.95,2518758.0
2012-06-29,24683870.0,7.94,8.04,7.64,7.84,1565990.0
2012-06-28,34799344.0,7.84,8.10,7.75,8.09,2183373.0
2012-06-27,57649564.0,8.11,8.26,7.91,7.99,3535790.0
2012-06-26,45981900.0,8.08,8.08,7.24,7.24,2874323.0
2012-06-25,10108624.0,7.35,7.57,7.31,7.57,676250.0
2012-06-21,18016512.0,7.59,7.94,7.54,7.70,1169233.0
2012-06-20,27303262.0,7.84,7.99,7.70,7.83,1722480.0
2012-06-19,44729876.0,7.84,8.04,7.50,7.58,2824864.0
2012-06-18,31393086.0,7.64,7.78,7.50,7.55,2040740.0
2012-06-15,25202770.0,7.52,7.64,7.40,7.64,1660233.0
2012-06-14,52053796.0,7.65,7.78,7.47,7.78,3394647.0
2012-06-13,35998484.0,7.65,7.65,6.97,7.00,2417696.0
2012-06-12,10901891.0,6.96,7.14,6.91,7.08,774599.0
2012-06-11,20000086.0,7.11,7.17,6.61,6.74,1418197.0
2012-06-08,6226012.0,6.72,6.82,6.66,6.75,458353.0
2012-06-07,5073441.0,6.72,6.85,6.66,6.78,372230.0
2012-06-06,5319183.0,6.70,6.80,6.65,6.68,392670.0
2012-06-05,5504157.0,6.64,6.74,6.63,6.64,408708.0
2012-06-04,13106538.0,6.70,7.01,6.70,6.92,951944.0
2012-06-01,9760420.0,7.13,7.28,7.07,7.14,674520.0
2012-05-31,14263574.0,7.17,7.26,6.96,7.02,990299.0
2012-05-30,11635129.0,7.04,7.24,6.90,6.96,813450.0
2012-05-29,10607005.0,6.96,7.02,6.79,6.84,759542.0
2012-05-28,5933051.0,6.79,6.80,6.56,6.65,439520.0
2012-05-25,11990125.0,6.75,7.05,6.68,7.03,872701.0
2012-05-24,7827956.0,7.00,7.09,6.99,7.01,548905.0
2012-05-23,12980388.0,7.07,7.27,7.00,7.27,899118.0
2012-05-22,12594594.0,7.29,7.29,7.09,7.23,860909.0
2012-05-21,14737676.0,7.18,7.29,7.05,7.07,1008943.0
2012-05-18,9941144.0,7.06,7.21,7.01,7.04,688942.0
2012-05-17,11995421.0,7.17,7.23,6.99,7.06,830479.0
2012-05-16,14046952.0,7.10,7.39,7.05,7.39,959040.0
2012-05-15,29501582.0,7.34,7.49,6.90,7.11,1994275.0
2012-05-14,25366804.0,7.18,7.32,7.03,7.21,1742377.0
2012-05-11,45439676.0,7.35,7.81,7.34,7.75,2956398.0
2012-05-10,11858564.0,7.49,7.49,7.00,7.00,786414.0
2012-05-09,12773513.0,6.81,6.99,6.81,6.99,916283.0
2012-05-08,15979575.0,7.03,7.13,6.95,7.11,1116526.0
2012-05-07,14093159.0,7.09,7.13,6.80,6.90,990574.0
2012-05-04,15600249.0,6.96,7.02,6.72,6.77,1109854.0
2012-05-03,13381790.0,6.77,6.77,6.60,6.70,985960.0
2012-05-02,9152060.0,6.75,6.87,6.67,6.81,666534.0
2012-04-27,16427695.0,6.73,6.85,6.51,6.54,1207131.0
2012-04-26,14353877.0,6.52,6.79,6.45,6.70,1077625.0
2012-04-24,20329118.0,6.71,6.78,6.39,6.68,1517547.0
2012-04-23,25133696.0,6.82,7.57,6.82,7.49,1770438.0
2012-04-20,11605874.0,7.58,7.61,7.43,7.47,759809.0
2012-04-19,10313034.0,7.48,7.52,7.40,7.43,680937.0
2012-04-18,12791249.0,7.47,7.48,7.20,7.22,854372.0
2012-04-17,9620933.0,7.20,7.38,7.19,7.33,652568.0
2012-04-16,13225646.0,7.33,7.51,7.29,7.45,883562.0
2012-04-13,20395206.0,7.51,7.61,7.41,7.55,1339030.0
2012-04-12,23991452.0,7.48,7.52,7.07,7.07,1618670.0
2012-04-11,11415821.0,7.11,7.14,6.90,6.98,798410.0
2012-04-10,13713738.0,7.06,7.08,6.68,6.98,985974.0
2012-04-09,9519030.0,7.00,7.18,7.00,7.09,661837.0
2012-04-06,13055828.0,7.22,7.22,7.03,7.08,900928.0
2012-04-05,16222709.0,7.09,7.14,6.80,6.91,1142932.0
2012-03-30,26516678.0,6.91,7.19,6.80,7.14,1882983.0
2012-03-29,16304379.0,7.43,7.64,7.33,7.39,1073901.0
2012-03-28,28087274.0,7.49,8.36,7.49,8.36,1786080.0
2012-03-27,10875419.0,8.32,8.50,8.30,8.39,637646.0
2012-03-26,9727703.0,8.36,8.57,8.25,8.57,573700.0
2012-03-23,16710608.0,8.50,8.67,8.25,8.38,975196.0
2012-03-22,11577441.0,8.47,8.63,8.43,8.52,669140.0
2012-03-21,18986102.0,8.49,8.65,8.23,8.60,1109243.0
2012-03-20,18748814.0,8.58,8.96,8.50,8.96,1063988.0
2012-03-19,19506866.0,8.95,9.00,8.71,8.81,1084496.0
2012-03-16,25284060.0,8.76,8.81,8.57,8.57,1429223.0
2012-03-15,32270444.0,8.52,8.94,8.47,8.83,1839359.0
2012-03-14,64265688.0,8.82,9.69,8.61,9.41,3417020.0
2012-03-13,35533476.0,9.41,9.46,9.19,9.29,1872268.0
2012-03-12,34373988.0,9.28,9.46,9.11,9.27,1834842.0
2012-03-09,42775528.0,9.24,9.31,8.95,9.01,2296969.0
2012-03-08,29319252.0,8.95,9.11,8.88,8.95,1607183.0
2012-03-07,38960064.0,8.95,9.19,8.77,8.92,2141161.0
2012-03-06,66283672.0,9.05,9.35,8.57,8.61,3640139.0
2012-03-05,24819958.0,8.63,8.86,8.61,8.83,1406265.0
2012-03-02,23186030.0,8.78,8.79,8.57,8.57,1313658.0
2012-03-01,18613736.0,8.55,8.67,8.39,8.39,1070737.0
2012-02-29,18167712.0,8.47,8.61,8.38,8.52,1053416.0
2012-02-28,31588820.0,8.58,8.81,8.33,8.76,1815026.0
2012-02-27,38568996.0,8.80,9.05,8.76,8.87,2138550.0
2012-02-24,38408552.0,8.87,8.89,8.67,8.87,2152926.0
2012-02-23,65333308.0,8.90,9.16,8.82,8.87,3595188.0
2012-02-22,46459832.0,8.94,9.01,8.73,8.82,2580508.0
2012-02-21,66823304.0,8.88,9.06,8.30,8.36,3767436.0
2012-02-20,39826604.0,8.41,8.61,8.25,8.39,2333189.0
2012-02-17,25662470.0,8.25,8.44,8.10,8.32,1525803.0
2012-02-16,35092476.0,8.37,8.67,8.33,8.41,2038192.0
2012-02-15,29491594.0,8.43,8.45,8.13,8.28,1743968.0
2012-02-14,23275116.0,8.28,8.44,8.23,8.38,1381142.0
2012-02-13,34672444.0,8.41,8.42,8.11,8.18,2060115.0
2012-02-10,65127252.0,8.28,8.45,8.02,8.18,3932553.0
2012-02-09,38960844.0,8.17,8.17,7.33,7.39,2428750.0
2012-02-08,16435951.0,7.43,7.45,7.14,7.14,1107680.0
2012-02-07,17367306.0,7.19,7.41,7.12,7.41,1180180.0
2012-02-06,19904644.0,7.45,7.47,7.31,7.43,1326515.0
2012-02-03,21625946.0,7.40,7.46,7.20,7.25,1451554.0
2012-02-02,11447581.0,7.24,7.26,7.07,7.23,784938.0
2012-02-01,15640373.0,7.14,7.39,7.03,7.08,1066651.0
2012-01-30,12177398.0,7.08,7.30,6.96,7.08,838413.0
2012-01-20,12624371.0,7.02,7.18,6.85,6.85,879550.0
2012-01-19,11821839.0,6.84,6.94,6.56,6.56,853991.0
2012-01-18,15193302.0,6.59,7.16,6.52,7.01,1088732.0
2012-01-17,12807194.0,7.07,7.13,6.67,6.70,910963.0
2012-01-16,10844120.0,6.66,7.12,6.63,7.12,779214.0
2012-01-13,20821012.0,7.14,7.82,7.10,7.82,1395636.0
2012-01-12,18134732.0,7.84,8.02,7.76,7.83,1135885.0
2012-01-11,22808172.0,7.93,8.23,7.79,7.88,1407403.0
2012-01-10,25974460.0,7.94,8.03,7.68,7.68,1623888.0
2012-01-09,16419565.0,7.71,7.72,7.27,7.44,1065626.0
2012-01-06,11693888.0,7.39,7.45,7.05,7.19,793750.0
2012-01-05,28757930.0,7.23,7.91,7.22,7.91,1899390.0
2012-01-04,26139096.0,8.02,8.87,8.02,8.67,1523531.0
2011-12-30,27340194.0,8.66,8.79,8.50,8.58,1551469.0
2011-12-29,21816394.0,8.52,8.66,8.43,8.48,1259008.0
2011-12-28,32589776.0,8.66,8.73,8.04,8.18,1908346.0
2011-12-27,26607230.0,8.30,8.87,8.20,8.87,1537038.0
2011-12-26,26951840.0,8.94,9.38,8.94,9.25,1450121.0
2011-12-23,55791020.0,9.38,9.53,8.96,9.07,2970166.0
2011-12-22,55462032.0,9.22,9.36,8.19,8.92,3104763.0
2011-12-21,49332328.0,9.00,9.57,8.98,9.24,2614064.0
2011-12-20,83046664.0,9.26,9.75,9.20,9.64,4309702.0
2011-12-19,37826924.0,9.24,9.24,8.18,8.36,2125571.0
2011-12-16,19255044.0,8.40,8.44,8.00,8.20,1146012.0
2011-12-15,13765281.0,8.12,8.44,8.11,8.35,822362.0
2011-12-14,12855439.0,8.37,8.61,8.21,8.26,749134.0
2011-12-13,13293584.0,8.30,8.75,8.18,8.71,782458.0
2011-12-12,12861278.0,8.66,9.04,8.62,8.91,718378.0
2011-12-09,20311098.0,8.94,9.22,8.89,9.02,1105878.0
2011-12-08,39362428.0,9.19,9.56,8.72,8.85,2112918.0
2011-12-07,18358876.0,8.78,8.97,8.63,8.67,1027403.0
2011-12-06,20623398.0,8.76,8.85,8.17,8.18,1186835.0
2011-12-05,13730522.0,8.30,8.79,8.30,8.79,791805.0
2011-12-02,13858032.0,8.86,9.19,8.82,9.15,763861.0
2011-12-01,29300234.0,9.15,9.30,9.03,9.19,1571464.0
2011-11-30,34608532.0,8.90,9.78,8.80,9.78,1857797.0
2011-11-29,26600862.0,9.78,9.78,9.39,9.74,1364899.0
2011-11-28,15887506.0,9.59,9.95,9.47,9.83,807306.0
2011-11-25,17262812.0,9.78,9.99,9.71,9.86,862661.0
2011-11-24,21222214.0,9.86,10.05,9.62,9.89,1066470.0
2011-11-23,21806092.0,10.05,10.15,9.94,10.07,1065728.0
2011-11-22,17533096.0,10.06,10.07,9.80,9.92,866835.0
2011-11-21,35730932.0,10.02,10.59,9.76,10.59,1766922.0
2011-11-18,38863224.0,10.46,10.99,10.39,10.89,1781655.0
2011-11-17,47739644.0,11.06,11.37,10.86,10.88,2121631.0
2011-11-16,54904916.0,10.88,11.56,10.84,11.49,2410351.0
2011-11-15,49086768.0,11.59,11.76,11.43,11.49,2093759.0
2011-11-14,87837192.0,11.68,11.95,11.14,11.40,3738423.0
2011-11-11,45896128.0,11.11,11.28,10.87,11.02,2036489.0
2011-11-10,71141320.0,11.03,11.43,10.69,10.90,3147427.0
2011-11-09,46469268.0,11.08,11.12,10.48,10.76,2116161.0
2011-11-08,50294056.0,10.84,11.31,10.83,10.93,2227914.0
2011-11-07,31782280.0,10.92,11.03,10.62,10.89,1433812.0
2011-11-04,49589736.0,10.83,11.21,10.72,11.06,2238258.0
2011-11-03,69126048.0,11.04,11.45,11.03,11.36,3031680.0
2011-11-02,74282624.0,11.32,11.33,10.45,10.52,3335216.0
2011-11-01,67390544.0,10.80,11.11,10.14,10.22,3171976.0
2011-10-31,38011752.0,10.37,10.43,10.05,10.19,1819682.0
2011-10-28,45411288.0,10.17,10.20,9.78,10.03,2233066.0
2011-10-27,28197190.0,10.00,10.27,9.96,10.00,1376818.0
2011-10-26,41673888.0,10.08,10.32,9.85,9.85,2041426.0
2011-10-25,37591564.0,9.99,10.06,9.47,9.47,1888267.0
2011-10-24,25744828.0,9.61,9.61,8.95,9.41,1357092.0
2011-10-21,18747562.0,9.31,9.80,9.31,9.80,972056.0
2011-10-20,29335476.0,9.76,10.44,9.51,10.44,1476184.0
2011-10-19,24372548.0,10.44,10.63,10.15,10.57,1146495.0
2011-10-18,43804152.0,10.46,11.37,10.39,11.34,1972321.0
2011-10-17,44608432.0,11.45,11.65,11.11,11.18,1925646.0
2011-10-14,35303396.0,11.17,11.36,11.04,11.31,1561246.0
2011-10-13,50546332.0,11.41,11.47,11.00,11.13,2204395.0
2011-10-12,39508300.0,11.11,11.17,10.35,10.66,1781435.0
2011-10-11,29645710.0,10.69,11.07,10.44,10.95,1348007.0
2011-10-10,23931488.0,10.65,10.87,10.50,10.64,1098625.0
2011-09-30,20830712.0,10.54,10.68,10.26,10.58,976983.0
2011-09-29,33205858.0,10.50,11.18,10.43,11.18,1516524.0
2011-09-28,35866352.0,11.18,12.03,11.00,11.92,1514929.0
2011-09-27,26746430.0,11.78,12.15,11.33,12.04,1111758.0
2011-09-26,27252958.0,11.93,12.26,11.78,11.78,1117616.0
2011-09-23,35145076.0,11.90,12.06,11.63,11.71,1459049.0
2011-09-22,63497892.0,12.12,13.36,12.12,13.19,2446070.0
2011-09-21,75616368.0,13.37,13.44,12.61,12.98,2847014.0
2011-09-20,45008380.0,12.94,13.15,12.72,12.91,1712810.0
2011-09-19,41028728.0,12.88,13.33,12.86,13.21,1541069.0
2011-09-16,96476280.0,13.21,14.21,12.99,14.04,3524053.0
2011-09-15,84036872.0,13.94,14.44,13.94,14.29,2913193.0
2011-09-14,97899080.0,14.47,14.48,13.47,13.95,3448377.0
2011-09-13,113106080.0,14.09,15.31,14.09,15.31,3877316.0
2011-09-09,118208728.0,15.66,16.08,15.22,15.62,3715685.0
2011-09-08,229973040.0,15.77,17.69,15.67,16.85,6746372.0
2011-09-07,192198112.0,16.82,17.13,15.78,16.02,5723852.0
2011-09-06,216490880.0,16.34,16.75,14.44,15.61,6737136.0
2011-09-05,177831776.0,15.90,16.50,15.08,15.13,5551301.0
2011-09-02,171562848.0,15.43,16.15,14.45,14.45,5472118.0
2011-09-01,113949240.0,14.77,15.35,14.29,15.13,3758786.0
2011-08-31,139139952.0,15.38,15.57,14.18,14.58,4610820.0
2011-08-30,107767928.0,14.68,15.47,14.51,15.08,3554319.0
2011-08-29,103300488.0,15.22,15.72,15.12,15.27,3312196.0
2011-08-26,194723040.0,15.57,16.35,14.98,15.15,6157491.0
2011-08-25,156950480.0,15.36,15.40,14.44,14.68,5209316.0
2011-08-24,241340528.0,14.92,15.36,14.36,14.57,8027204.0
2011-08-23,165272608.0,14.17,14.17,12.88,13.01,5892744.0
2011-08-22,70727920.0,12.88,13.25,12.62,12.64,2698619.0
2011-08-19,93343888.0,12.75,13.30,12.47,13.06,3601086.0
2011-08-18,128827696.0,13.70,14.88,13.68,14.35,4432877.0
2011-08-17,155251584.0,14.54,14.68,13.85,14.07,5322753.0
2011-08-16,151166128.0,14.09,14.46,13.82,14.34,5268362.0
2011-08-15,212190944.0,14.31,14.31,12.96,12.96,7487873.0
2011-08-12,86690024.0,13.01,13.37,12.86,13.00,3260992.0
2011-08-11,82704304.0,12.89,12.99,11.89,11.90,3247657.0
2011-08-10,114133472.0,12.64,13.28,12.64,12.95,4325508.0
2011-08-09,123217408.0,12.93,13.45,11.60,12.08,4829998.0
2011-08-08,149286640.0,12.71,13.64,12.66,13.43,5693291.0
2011-08-05,181618704.0,14.07,14.71,13.80,13.80,6309599.0
2011-08-04,367201536.0,15.10,17.18,14.90,15.73,11381622.0
2011-08-03,435482368.0,16.55,16.55,13.60,13.80,14658545.0
