date,amount,close,high,low,open,volume
2015-11-02,41106300.0,18.67,18.88,17.66,17.99,2246246.0
2015-10-30,109394976.0,18.43,19.18,18.15,18.70,5849540.0
2015-10-29,106999456.0,18.75,18.94,18.03,18.94,5762324.0
2015-10-28,173197280.0,18.48,19.05,17.96,18.20,9312676.0
2015-10-27,120488568.0,18.36,18.49,17.25,17.99,6719634.0
2015-10-26,205883568.0,18.37,18.99,17.30,18.00,11420078.0
2015-10-23,204462864.0,17.95,18.40,16.99,17.10,11413504.0
2015-10-22,149449904.0,16.84,17.00,15.56,15.88,9181927.0
2015-10-21,275084384.0,15.84,17.48,15.84,17.48,16271066.0
2015-10-20,249548176.0,17.60,17.60,16.46,16.46,14373679.0
2015-10-19,130423200.0,16.00,16.73,15.60,16.40,8078564.0
2015-10-16,113951336.0,16.65,16.98,16.06,16.88,6892633.0
2015-10-15,127716480.0,16.88,17.20,15.47,15.86,7855652.0
2015-10-14,98205592.0,16.03,16.59,15.93,16.01,6043299.0
2015-10-13,77243496.0,16.16,16.20,15.70,16.00,4840137.0
2015-10-12,110878096.0,16.10,16.30,15.30,15.30,6988151.0
2015-10-09,109786816.0,15.30,15.38,14.76,14.99,7282905.0
2015-10-08,96793848.0,15.01,15.20,14.00,14.76,6502979.0
2015-09-30,103136336.0,14.30,14.85,13.84,13.95,7128793.0
2015-09-29,52725732.0,13.76,14.24,13.50,13.80,3803268.0
2015-09-28,55818724.0,14.16,14.18,13.15,13.41,4059879.0
2015-09-25,66429252.0,13.27,14.60,13.15,14.16,4839051.0
2015-09-24,62844456.0,14.41,14.62,14.01,14.48,4362825.0
2015-09-23,86373896.0,14.29,14.52,13.70,13.85,6089739.0
2015-09-22,141850624.0,14.28,14.90,13.95,14.60,9819734.0
2015-09-21,78424152.0,14.06,14.06,12.36,12.61,5797619.0
2015-09-18,44432420.0,12.78,12.88,12.39,12.46,3519148.0
2015-09-17,72488912.0,12.41,13.20,12.35,12.55,5653849.0
2015-09-16,54556688.0,12.34,12.34,11.30,11.30,4609262.0
2015-09-15,50197300.0,11.22,12.20,11.22,11.65,4345050.0
2015-09-14,61175028.0,12.47,14.09,12.47,14.01,4650098.0
2015-09-11,57418432.0,13.85,14.06,13.38,13.38,4168426.0
2015-09-10,73360136.0,13.58,14.18,13.50,13.50,5294577.0
2015-09-09,127098816.0,13.98,13.98,13.02,13.05,9289048.0
2015-09-08,66149864.0,12.71,12.71,11.36,11.56,5465243.0
2015-09-07,44681960.0,11.55,12.18,11.40,11.40,3805112.0
2015-09-02,65846440.0,11.12,12.50,10.78,11.33,5792335.0
2015-09-01,51441912.0,11.93,13.40,11.93,12.70,4186736.0
2015-08-31,60816660.0,13.26,14.56,13.26,14.51,4376472.0
2015-08-28,95405416.0,14.73,14.96,13.53,13.88,6764655.0
2015-08-27,86972224.0,13.81,14.14,12.45,13.80,6516090.0
2015-08-26,113691816.0,13.42,15.13,13.42,13.80,8143560.0
2015-08-25,23957388.0,14.91,14.91,14.91,14.91,1606800.0
2015-08-24,34916368.0,16.57,17.31,16.57,16.80,2098000.0
2015-08-21,182284144.0,18.41,19.60,18.41,19.60,9726928.0
2015-08-20,255083728.0,20.46,20.46,19.44,19.80,12566913.0
2015-08-19,94261280.0,18.60,19.29,16.83,17.50,5255707.0
2015-08-18,128712512.0,18.67,21.48,18.67,20.79,6294549.0
2015-08-17,102034024.0,20.74,20.98,19.82,19.90,5005725.0
2015-08-14,136640656.0,20.32,20.94,20.30,20.50,6639036.0
2015-08-13,116064832.0,20.37,20.37,19.15,19.85,5880612.0
2015-08-12,97375072.0,19.85,21.00,19.80,20.40,4770477.0
2015-08-11,188470464.0,20.94,21.69,20.86,21.69,8901340.0
2015-08-10,212981888.0,21.71,22.77,20.01,20.60,10055037.0
2015-08-07,214761984.0,20.93,21.13,19.61,19.70,10534406.0
2015-08-06,170426288.0,20.99,20.99,18.02,19.80,8866865.0
2015-08-05,69745488.0,19.36,19.36,18.01,18.30,3683827.0
2015-08-04,93500432.0,17.60,17.60,16.27,16.40,5500676.0
2015-08-03,90580464.0,16.00,17.61,15.98,17.09,5519967.0
2015-07-31,105206440.0,17.75,19.23,17.54,18.35,5728320.0
2015-07-30,124598456.0,19.49,21.40,19.49,20.82,6017109.0
2015-07-29,180130880.0,21.65,22.22,19.43,21.29,8910446.0
2015-07-28,142320368.0,21.59,23.88,21.59,21.60,6525698.0
2015-07-27,145515360.0,23.99,27.01,23.99,26.00,5729195.0
2015-07-24,213333952.0,26.65,27.22,25.63,26.10,8040202.0
2015-07-23,150909280.0,25.98,26.50,24.58,25.30,5886732.0
2015-07-22,181442464.0,25.50,26.50,24.19,26.02,7095718.0
2015-07-21,215510912.0,26.62,26.92,24.00,26.00,8459324.0
2015-07-14,226788656.0,25.66,27.59,25.03,26.00,8556076.0
2015-07-13,142106688.0,25.08,25.08,24.00,25.08,5692475.0
2015-07-02,78193360.0,22.80,24.68,22.80,24.08,3382648.0
2015-07-01,113570224.0,25.33,29.00,25.33,27.98,4183950.0
2015-06-30,118241992.0,28.14,29.44,24.43,25.80,4546822.0
2015-06-29,121780456.0,27.14,31.50,27.14,31.50,4392934.0
2015-06-26,96178424.0,30.15,31.75,30.15,31.75,3143700.0
2015-06-25,123742672.0,33.50,36.20,33.43,35.37,3510618.0
2015-06-24,149355632.0,35.28,36.32,33.97,34.18,4238543.0
2015-06-23,170405280.0,34.25,34.25,30.20,32.80,5258671.0
2015-06-19,124594888.0,31.30,34.00,30.29,33.00,3906733.0
2015-06-18,119230776.0,33.46,36.90,33.20,35.02,3340007.0
2015-06-17,104122152.0,35.38,35.79,32.80,35.16,3015334.0
2015-06-16,136978800.0,35.10,38.18,34.00,38.00,3812542.0
2015-06-15,236898624.0,37.69,38.54,35.12,36.65,6331482.0
2015-06-12,183168784.0,36.61,37.06,34.45,34.87,5104512.0
2015-06-11,90291368.0,34.67,35.26,34.15,34.91,2597880.0
2015-06-10,132499096.0,34.67,35.17,32.90,33.19,3883130.0
2015-06-09,109134856.0,33.50,34.96,32.50,33.00,3250451.0
2015-06-08,185634256.0,33.61,36.50,33.08,36.50,5444933.0
2015-06-05,231502640.0,36.70,39.39,36.60,37.90,6121708.0
2015-06-04,229928592.0,37.59,37.66,33.82,37.10,6473557.0
2015-06-03,254057168.0,37.58,38.06,36.00,37.58,6821833.0
2015-06-02,202327008.0,36.07,36.62,34.61,34.81,5644168.0
2015-06-01,181672688.0,34.25,34.90,30.90,31.74,5383144.0
2015-05-29,282515008.0,31.93,32.95,27.41,29.86,9070175.0
2015-05-28,320059008.0,30.41,36.36,30.41,36.17,9458839.0
2015-05-27,118509664.0,33.79,33.84,32.04,33.30,3599504.0
2015-05-26,350444992.0,33.98,34.84,32.90,32.91,10392229.0
2015-05-25,331880224.0,32.43,32.43,27.00,28.50,11180869.0
2015-05-22,245267424.0,29.48,32.50,28.90,30.98,8202986.0
2015-05-21,218325968.0,30.99,31.19,28.88,29.80,7267771.0
2015-05-20,189509552.0,30.10,31.08,28.31,28.69,6210919.0
2015-05-19,210790592.0,28.25,28.30,26.20,26.82,7646209.0
2015-05-18,177652544.0,26.82,27.15,24.85,24.85,6814009.0
2015-05-15,131305336.0,25.10,25.95,24.60,24.61,5207148.0
2015-05-14,223795056.0,25.81,27.15,25.36,26.68,8593017.0
2015-05-13,331839296.0,26.92,26.99,23.55,23.98,13010164.0
2015-05-12,254421216.0,24.71,25.39,23.49,24.44,10394936.0
2015-05-11,264445488.0,24.26,25.30,23.70,24.20,10903628.0
2015-05-08,124505112.0,23.08,23.08,21.00,21.03,5518367.0
2015-05-07,85195784.0,20.98,21.44,20.02,20.70,4064991.0
2015-05-06,93972944.0,20.76,21.88,20.48,20.75,4432519.0
2015-05-05,95740504.0,20.77,21.99,20.25,21.40,4569154.0
2015-05-04,68785288.0,21.23,22.00,21.10,21.65,3217116.0
2015-04-30,114497896.0,22.02,23.28,21.79,23.01,5143118.0
2015-04-29,83830200.0,22.95,23.35,22.40,22.88,1814737.0
2015-04-28,128504128.0,22.99,23.90,21.89,23.85,2827200.0
2015-04-27,140116384.0,24.02,26.26,23.76,26.13,2833315.0
2015-04-24,176702960.0,25.01,25.01,22.37,22.87,3756773.0
2015-04-23,111009728.0,22.73,23.63,22.65,23.63,2401193.0
2015-04-22,146068304.0,23.40,23.43,22.10,22.15,3156976.0
2015-04-21,101656784.0,21.65,21.73,20.13,20.13,2418494.0
2015-04-20,109823496.0,20.21,21.70,20.09,21.39,2627015.0
2015-04-17,86546264.0,21.13,21.89,21.06,21.30,2014576.0
2015-04-16,140620320.0,21.05,23.15,20.66,21.40,3161221.0
2015-04-15,150991744.0,22.24,24.69,22.24,24.28,3268592.0
2015-04-14,178707248.0,24.71,25.71,23.91,24.64,3593114.0
2015-04-13,198331008.0,24.58,25.33,23.06,23.84,4104670.0
2015-04-10,206105520.0,23.98,25.13,22.65,23.29,4280298.0
2015-04-09,203293056.0,23.17,24.04,21.82,24.04,4412125.0
2015-04-08,243535440.0,24.24,25.63,22.40,24.59,5039483.0
2015-04-07,280134688.0,24.78,25.16,24.14,24.66,5693223.0
2015-04-03,327242016.0,25.24,25.77,23.74,24.39,6577051.0
2015-04-02,217754128.0,24.30,24.30,23.23,23.23,4477481.0
2015-04-01,263300896.0,22.09,22.09,20.91,21.15,6051795.0
2015-03-31,278699200.0,20.08,20.08,17.82,18.15,7142209.0
2015-03-30,157690912.0,18.26,18.94,18.06,18.06,4253166.0
2015-03-27,111575880.0,17.97,18.50,17.87,18.17,3040522.0
2015-03-26,168494112.0,18.35,18.91,17.92,18.74,4549142.0
2015-03-25,262026704.0,18.96,19.27,17.67,17.67,6980387.0
2015-03-24,128347624.0,17.52,17.75,16.53,17.62,3704508.0
2015-03-23,109908392.0,17.63,17.66,16.82,16.83,3150208.0
2015-03-20,90090136.0,16.83,17.02,16.67,16.88,2658265.0
2015-03-19,78181752.0,16.88,16.94,16.54,16.94,2325873.0
2015-03-18,87282656.0,16.88,16.91,16.27,16.43,2611390.0
2015-03-17,75411000.0,16.39,16.66,16.17,16.33,2286979.0
2015-03-16,69535624.0,16.35,16.47,15.97,15.97,2119377.0
2015-03-13,55462464.0,15.97,16.09,15.49,15.73,1744443.0
2015-03-12,67280584.0,15.63,16.21,15.36,15.81,2118209.0
2015-03-11,57856836.0,15.59,15.78,15.28,15.50,1849999.0
2015-03-10,70748128.0,15.57,15.69,15.13,15.13,2261521.0
2015-03-09,52367456.0,15.21,15.26,14.59,14.73,1733391.0
2015-03-06,57221852.0,14.73,15.37,14.62,15.36,1907618.0
2015-03-05,60604828.0,15.31,15.65,15.18,15.46,1966890.0
2015-03-04,61661920.0,15.45,15.55,15.02,15.06,1996138.0
2015-03-03,115548280.0,15.08,15.57,14.84,14.93,3784197.0
2015-03-02,78114072.0,14.92,15.13,14.68,14.77,2603782.0
2015-02-27,50107376.0,14.64,14.73,14.28,14.37,1716514.0
2015-02-26,24639246.0,14.26,14.32,14.11,14.13,863199.0
2015-02-25,33843584.0,14.13,14.56,14.07,14.56,1178361.0
2015-02-17,23769224.0,14.37,14.47,14.26,14.47,824089.0
2015-02-16,30738654.0,14.47,14.47,14.25,14.35,1063628.0
2015-02-13,44810180.0,14.20,14.28,14.10,14.13,1574500.0
2015-02-12,55100828.0,14.12,14.35,13.64,13.83,1940579.0
2015-02-11,24657724.0,13.58,13.88,13.39,13.42,896861.0
2015-02-10,15333620.0,13.53,13.58,13.24,13.30,567063.0
2015-02-09,30534722.0,13.37,13.91,13.26,13.91,1122612.0
2015-02-06,38410396.0,13.82,14.56,13.79,14.44,1356820.0
2015-02-05,43039584.0,14.53,14.67,14.27,14.45,1478045.0
2015-02-04,37013600.0,14.40,14.70,14.37,14.56,1266815.0
2015-02-03,53678188.0,14.56,14.73,14.29,14.40,1835678.0
2015-02-02,57819940.0,14.44,15.33,13.96,13.96,1953044.0
2015-01-30,32581278.0,14.11,14.25,13.94,14.11,1149035.0
2015-01-29,25754948.0,14.11,14.33,14.04,14.14,907180.0
2015-01-28,35609024.0,14.28,14.52,14.13,14.34,1232536.0
2015-01-27,67108264.0,14.34,14.75,14.07,14.75,2327811.0
2015-01-26,42753896.0,14.67,14.77,14.45,14.63,1458988.0
2015-01-23,82258256.0,14.63,15.13,14.49,14.69,2757232.0
2015-01-22,50453308.0,14.58,14.63,14.42,14.43,1727253.0
2015-01-21,76446144.0,14.50,14.71,14.35,14.68,2622123.0
2015-01-20,92855400.0,14.63,14.63,13.79,13.89,3234182.0
2015-01-19,76858368.0,13.75,14.39,13.54,13.84,2724332.0
2015-01-16,58494824.0,14.01,14.14,13.82,14.03,2082316.0
2015-01-15,73259776.0,13.97,14.46,13.94,14.22,2574819.0
2015-01-14,85276192.0,14.19,14.24,13.69,14.02,3043148.0
2015-01-13,100255440.0,13.98,14.33,13.79,13.99,3566282.0
2015-01-12,141771488.0,14.09,14.09,13.34,13.44,5113260.0
2015-01-09,27206864.0,12.81,13.14,12.79,12.89,1045130.0
2015-01-08,31654806.0,12.89,13.14,12.71,12.94,1220670.0
2015-01-07,22474826.0,12.95,13.18,12.71,12.97,866436.0
2015-01-06,39357748.0,13.08,13.11,12.39,12.50,1521818.0
2015-01-05,21796140.0,12.55,12.64,12.00,12.59,877455.0
2014-12-31,21905260.0,12.56,12.69,12.35,12.35,871841.0
2014-12-30,18705564.0,12.35,12.59,12.21,12.59,755555.0
2014-12-29,33394836.0,12.46,13.14,12.40,13.14,1317954.0
2014-12-26,23828864.0,13.20,13.39,13.13,13.31,896516.0
2014-12-25,27495152.0,13.31,13.38,13.09,13.31,1034110.0
2014-12-24,36006292.0,13.26,13.38,12.86,12.86,1357440.0
2014-12-23,35974016.0,12.84,13.14,12.54,12.71,1392958.0
2014-12-22,61506552.0,12.71,13.70,12.43,13.69,2372874.0
2014-12-19,57696764.0,13.69,14.58,13.68,14.48,2059188.0
2014-12-18,50367952.0,14.47,14.91,14.37,14.88,1711780.0
2014-12-17,45031548.0,14.86,15.11,14.73,15.11,1507088.0
2014-12-16,57445288.0,15.15,15.70,14.93,15.68,1882913.0
2014-12-15,39153416.0,15.66,15.76,15.36,15.36,1248516.0
2014-12-12,29387566.0,15.48,15.55,15.18,15.43,952869.0
2014-12-11,45471696.0,15.36,15.40,14.81,15.03,1495458.0
2014-12-10,40422492.0,15.08,15.38,14.73,14.78,1336979.0
2014-12-09,99205048.0,14.70,16.37,14.70,16.18,3210185.0
2014-12-08,66999964.0,16.33,16.86,16.22,16.86,2021345.0
2014-12-05,85041736.0,17.01,18.01,16.92,18.01,2441596.0
2014-12-04,85686744.0,18.00,18.50,17.84,17.96,2362467.0
2014-12-03,96418792.0,17.94,18.18,16.15,16.61,2799672.0
2014-12-02,44026100.0,16.63,16.65,15.93,16.10,1332639.0
2014-12-01,40272860.0,16.09,16.28,15.55,16.04,1253265.0
2014-11-28,33148070.0,16.03,16.25,15.93,16.09,1026994.0
2014-11-27,32959490.0,15.93,16.18,15.69,15.92,1030191.0
2014-11-26,29592444.0,15.88,16.32,15.80,15.80,916373.0
2014-11-25,29755850.0,15.80,15.86,15.33,15.36,942521.0
2014-11-24,34107780.0,15.47,15.53,15.22,15.41,1104169.0
2014-11-21,20031316.0,15.22,15.32,14.93,14.95,656308.0
2014-11-20,19772230.0,15.10,15.28,14.94,15.26,651012.0
2014-11-19,25406292.0,15.28,15.49,14.94,14.94,826811.0
2014-11-18,22786832.0,14.98,15.06,14.71,14.71,761950.0
2014-11-17,41915528.0,14.85,15.08,14.70,14.93,1399675.0
2014-11-14,23298872.0,14.79,15.07,14.63,15.01,781766.0
2014-11-13,24985768.0,15.01,15.54,14.89,15.51,823544.0
2014-11-12,19996922.0,15.59,15.63,15.22,15.28,643585.0
2014-11-11,21423952.0,15.25,15.82,15.20,15.78,691382.0
2014-11-10,19593474.0,15.78,15.78,15.44,15.73,626123.0
2014-11-07,39773764.0,15.63,16.18,15.63,16.18,1248365.0
2014-11-06,25304376.0,16.03,16.13,15.46,15.75,797507.0
2014-11-05,20947324.0,15.57,15.65,15.36,15.46,671234.0
2014-11-04,35602924.0,15.55,16.24,15.53,16.09,1118552.0
2014-11-03,30813524.0,16.09,16.27,15.93,15.99,957715.0
2014-10-31,28919900.0,16.11,16.75,15.93,16.48,887826.0
2014-10-30,24563318.0,16.48,16.90,16.48,16.66,731506.0
2014-10-29,23805210.0,16.66,16.85,16.55,16.62,710637.0
2014-10-28,27920434.0,16.61,16.91,16.18,16.18,836095.0
2014-10-27,20840992.0,16.15,16.26,15.70,15.80,645873.0
2014-10-24,16955486.0,15.83,15.88,15.73,15.75,533048.0
2014-10-23,32752472.0,15.83,15.93,15.68,15.68,1031236.0
2014-10-22,25169808.0,15.68,16.33,15.63,16.10,783230.0
2014-10-21,24081752.0,16.06,16.17,15.85,15.95,746784.0
2014-10-20,28660704.0,15.92,16.26,15.74,16.26,897580.0
2014-10-17,31187538.0,15.91,16.47,15.68,16.42,969354.0
2014-10-16,24187056.0,16.36,16.80,16.36,16.62,727625.0
2014-10-15,21735702.0,16.79,16.81,16.34,16.59,651002.0
2014-10-14,36690924.0,16.52,16.86,16.33,16.67,1100055.0
2014-10-13,32490182.0,16.93,17.06,16.48,16.90,969964.0
2014-10-10,40587544.0,17.02,17.45,16.78,17.42,1181005.0
2014-10-09,54858536.0,17.46,17.51,16.60,16.85,1599683.0
2014-10-08,54920448.0,16.85,17.11,15.65,15.66,1646095.0
2014-09-30,35166476.0,15.65,15.68,15.32,15.43,1128203.0
2014-09-29,36986252.0,15.48,15.48,14.91,14.98,1211276.0
2014-09-26,25857600.0,14.96,15.18,14.68,15.01,863012.0
2014-09-25,20868824.0,15.07,15.23,14.94,15.06,689650.0
2014-09-24,29969114.0,15.06,15.22,14.89,14.99,989670.0
2014-09-23,20855028.0,14.91,15.06,14.53,14.64,701365.0
2014-09-22,21776328.0,14.61,14.97,14.53,14.93,739094.0
2014-09-19,24969150.0,14.93,15.13,14.78,14.89,832595.0
2014-09-18,36657532.0,14.84,14.87,14.24,14.48,1248473.0
2014-09-17,32516850.0,14.51,14.57,14.24,14.50,1125667.0
2014-09-16,44941180.0,14.46,15.28,14.42,15.28,1513599.0
2014-09-15,43926540.0,15.20,15.23,14.83,14.88,1450911.0
2014-09-12,27078978.0,14.83,14.86,14.34,14.38,923337.0
2014-09-11,36282644.0,14.42,15.01,14.37,14.68,1228524.0
2014-09-10,42987568.0,14.60,14.67,14.29,14.48,1476017.0
2014-09-09,24409854.0,14.49,14.56,14.28,14.43,842879.0
2014-09-05,26296016.0,14.44,14.53,14.30,14.37,909384.0
2014-09-04,27619060.0,14.35,14.41,14.26,14.26,960242.0
2014-09-03,39331028.0,14.29,14.44,14.14,14.44,1372742.0
2014-09-02,68066256.0,14.34,14.48,13.89,13.94,2378532.0
2014-09-01,30781424.0,13.89,13.91,13.63,13.64,1112451.0
2014-08-29,16754317.0,13.68,13.70,13.46,13.54,613257.0
2014-08-28,18674754.0,13.54,13.66,13.39,13.57,687318.0
2014-08-27,16619705.0,13.57,13.75,13.49,13.64,607185.0
2014-08-26,36252896.0,13.57,14.13,13.49,14.13,1315801.0
2014-08-25,15188191.0,14.08,14.26,14.00,14.25,535812.0
2014-08-22,40167040.0,14.25,14.37,14.07,14.29,1409222.0
2014-08-21,48174324.0,14.27,14.28,13.80,13.93,1704986.0
2014-08-20,30831002.0,13.85,14.08,13.78,13.92,1100824.0
2014-08-19,41592980.0,13.90,14.11,13.70,13.76,1484179.0
2014-08-18,29046590.0,13.74,13.74,13.51,13.54,1058837.0
2014-08-15,26848764.0,13.51,13.58,13.34,13.55,994089.0
2014-08-14,27431002.0,13.55,13.77,13.54,13.59,1001377.0
2014-08-13,23126652.0,13.61,13.78,13.45,13.69,847828.0
2014-08-12,21347148.0,13.71,13.83,13.61,13.71,776900.0
2014-08-11,39821116.0,13.74,13.85,13.38,13.49,1448665.0
2014-08-08,28610344.0,13.41,13.41,13.13,13.17,1072695.0
2014-08-07,32558128.0,13.17,13.49,13.14,13.38,1218127.0
2014-08-06,56395256.0,13.44,13.50,13.06,13.08,2114941.0
2014-08-05,46858356.0,13.08,13.23,12.95,13.06,1785595.0
2014-08-04,47095764.0,13.06,13.23,12.87,13.13,1810803.0
2014-08-01,23596860.0,13.13,13.48,13.09,13.48,887592.0
2014-07-31,15294589.0,13.44,13.57,13.30,13.57,568732.0
2014-07-30,22255182.0,13.53,13.59,13.29,13.59,825822.0
2014-07-29,20252392.0,13.51,13.67,13.36,13.37,743477.0
2014-07-28,23998944.0,13.37,13.41,13.03,13.26,902120.0
2014-07-25,10980315.0,13.25,13.32,13.05,13.19,413939.0
2014-07-24,36698084.0,13.19,13.78,13.00,13.63,1376919.0
2014-07-23,24639408.0,13.64,13.92,13.59,13.74,892723.0
2014-07-22,22369714.0,13.64,13.76,13.33,13.46,819335.0
2014-07-21,14631257.0,13.41,13.48,13.23,13.31,544570.0
2014-07-18,9770709.0,13.23,13.42,13.15,13.15,366278.0
2014-07-17,24250160.0,13.26,13.39,13.04,13.39,916685.0
2014-07-16,24871310.0,13.39,13.75,13.21,13.74,920004.0
2014-07-15,39823668.0,13.79,14.18,13.38,13.96,1442043.0
2014-07-14,28849442.0,14.07,14.07,13.45,13.92,1047431.0
2014-07-11,26058686.0,13.77,14.00,13.67,13.76,936351.0
2014-07-10,34831028.0,13.73,14.09,13.62,13.78,1254867.0
2014-07-09,50266096.0,13.82,14.66,13.82,14.34,1754507.0
2014-07-08,23647766.0,14.23,14.23,13.70,13.85,840097.0
2014-07-07,18939526.0,13.81,13.84,13.45,13.78,689961.0
2014-07-04,24455348.0,13.62,13.97,13.53,13.78,889488.0
2014-07-03,19505570.0,13.82,14.01,13.70,13.97,701412.0
2014-07-02,43549456.0,13.97,14.21,13.59,14.09,1565865.0
2014-07-01,30572800.0,14.16,14.42,13.94,14.09,1075484.0
2014-06-30,31864294.0,14.14,14.18,13.88,13.94,1129299.0
2014-06-27,33737108.0,13.94,14.14,13.82,13.98,1203282.0
2014-06-26,48423012.0,14.07,14.12,13.38,13.51,1741685.0
2014-06-25,48283612.0,13.51,13.98,13.47,13.51,1753647.0
2014-06-24,27566932.0,13.50,13.67,13.29,13.44,1017595.0
2014-06-23,58762632.0,13.44,13.88,13.41,13.53,2148526.0
2014-06-20,74858944.0,13.53,13.58,12.32,12.53,2826231.0
2014-06-19,51551716.0,12.53,13.29,12.10,13.29,2029472.0
2014-06-18,64923540.0,13.20,13.40,12.91,13.04,2447264.0
2014-06-17,31018002.0,12.96,13.21,12.82,13.05,1189799.0
2014-06-16,46876000.0,13.04,13.08,12.37,12.49,1826707.0
2014-06-13,33280704.0,12.50,12.63,12.35,12.38,1327149.0
2014-06-12,47637080.0,12.40,12.80,12.37,12.80,1896308.0
2014-06-11,62017928.0,12.83,13.03,12.65,12.70,2400248.0
2014-06-10,83313280.0,12.70,13.03,12.35,12.35,3251902.0
2014-06-09,19756796.0,12.32,12.46,12.19,12.44,798271.0
2014-06-06,20637360.0,12.44,12.64,12.25,12.53,827612.0
2014-06-05,52904088.0,12.50,12.71,12.13,12.24,2082473.0
2014-06-04,21458202.0,12.23,12.26,11.78,11.96,881835.0
2014-06-03,9637659.0,11.96,12.19,11.85,12.04,396365.0
2014-05-30,8735255.0,11.97,12.05,11.77,12.04,362022.0
2014-05-29,16388442.0,11.95,12.21,11.93,12.09,669600.0
2014-05-28,26091070.0,12.06,12.17,11.76,11.92,1070925.0
2014-05-27,25913344.0,11.92,12.16,11.76,11.76,1066275.0
2014-05-26,13853431.0,11.79,11.86,11.60,11.79,580914.0
2014-05-23,14381999.0,11.55,11.59,11.20,11.26,617504.0
2014-05-22,19770056.0,11.36,11.58,11.23,11.34,851485.0
2014-05-21,13648673.0,11.25,11.35,10.85,11.20,599891.0
2014-05-20,12468261.0,11.16,11.45,11.11,11.26,545479.0
2014-05-19,10106297.0,11.15,11.32,11.02,11.29,447840.0
2014-05-16,11734136.0,11.32,11.36,11.05,11.25,516437.0
2014-05-15,11013155.0,11.27,11.65,11.25,11.61,477522.0
2014-05-14,6762575.0,11.54,11.61,11.40,11.46,290135.0
2014-05-13,19950800.0,11.47,11.95,11.41,11.92,848742.0
2014-05-12,11174651.0,11.87,11.89,11.55,11.62,469170.0
2014-05-09,10596350.0,11.52,11.74,11.42,11.68,453098.0
2014-05-08,11084395.0,11.61,11.79,11.40,11.40,470336.0
2014-05-07,9571776.0,11.40,11.77,11.40,11.75,407562.0
2014-05-06,13733743.0,11.83,11.97,11.55,11.64,573550.0
2014-05-05,7986156.0,11.68,11.68,11.50,11.57,340319.0
2014-04-30,14168645.0,11.58,11.64,11.35,11.38,606063.0
2014-04-29,10622374.0,11.35,11.40,11.19,11.20,463174.0
2014-04-28,14076807.0,11.10,11.49,11.05,11.15,618334.0
2014-04-25,28287978.0,11.55,12.23,11.51,12.14,1177954.0
2014-04-24,21985868.0,12.25,12.34,12.00,12.34,891301.0
2014-04-23,21451820.0,12.34,12.37,12.14,12.14,863636.0
2014-04-22,36248796.0,12.34,12.57,12.01,12.38,1463121.0
2014-04-21,54846204.0,12.48,12.71,12.09,12.15,2164602.0
2014-04-18,48256900.0,12.22,12.27,11.69,11.80,1965523.0
2014-04-17,13951261.0,11.80,11.88,11.59,11.59,584336.0
2014-04-16,10111684.0,11.58,11.63,11.35,11.60,433481.0
2014-04-15,13632070.0,11.61,11.85,11.59,11.85,575043.0
2014-04-14,13714837.0,11.82,11.95,11.65,11.71,572513.0
2014-04-11,17718784.0,11.62,11.80,11.50,11.64,752907.0
2014-04-10,44288992.0,11.80,12.15,11.50,11.50,1832571.0
2014-04-09,11917614.0,11.50,11.66,11.35,11.35,509522.0
2014-04-08,11499974.0,11.41,11.54,11.25,11.31,498906.0
2014-04-04,13052390.0,11.35,11.42,11.20,11.31,568096.0
2014-04-03,15485716.0,11.25,11.37,11.07,11.21,679170.0
2014-04-02,21068276.0,11.20,11.33,10.98,11.21,936976.0
2014-04-01,17558192.0,11.20,11.27,10.61,10.81,780374.0
2014-03-31,15392246.0,10.81,11.02,10.66,10.82,699192.0
2014-03-28,29430300.0,10.76,11.41,10.60,11.25,1327491.0
2014-03-27,37513236.0,11.30,11.91,11.25,11.87,1603352.0
2014-03-26,40727988.0,11.98,12.16,11.53,11.77,1697216.0
2014-03-25,28506848.0,11.96,12.33,11.75,12.11,1166655.0
2014-03-24,22674484.0,12.22,12.42,12.12,12.42,911453.0
2014-03-21,31061502.0,12.38,12.43,11.60,11.67,1267833.0
2014-03-20,28775694.0,11.79,12.43,11.60,12.43,1168437.0
2014-03-19,30775578.0,12.43,12.46,12.19,12.44,1230773.0
2014-03-18,48887300.0,12.45,12.68,12.28,12.28,1928004.0
2014-03-17,41198976.0,12.34,12.46,11.82,11.84,1657936.0
2014-03-14,24530558.0,11.84,11.86,11.63,11.78,1029275.0
2014-03-13,28388740.0,11.84,11.88,11.19,11.19,1200294.0
2014-03-12,22607136.0,11.44,11.51,11.05,11.15,987015.0
2014-03-11,19031550.0,11.15,11.43,11.03,11.37,836043.0
2014-03-10,23097520.0,11.37,11.76,11.11,11.73,999335.0
2014-03-07,21214110.0,11.76,11.97,11.61,11.67,887341.0
2014-03-06,28492306.0,12.01,12.14,11.10,12.14,1190490.0
2014-03-05,26907814.0,12.16,12.52,12.09,12.26,1079094.0
2014-03-04,28584176.0,12.26,12.30,11.90,12.12,1160462.0
2014-03-03,38411768.0,12.11,12.13,11.57,11.69,1590959.0
2014-02-28,42103288.0,11.74,11.76,11.11,11.21,1811953.0
2014-02-27,43932316.0,11.18,12.00,10.98,11.83,1870494.0
2014-02-26,46405412.0,11.74,11.82,11.18,11.50,1984481.0
2014-02-25,97582712.0,11.69,12.93,11.29,12.51,3903431.0
2014-02-24,53676092.0,12.48,12.54,12.00,12.09,2154478.0
2014-02-21,26397220.0,12.09,12.18,11.84,11.84,1081377.0
2014-02-20,42015352.0,11.90,12.33,11.88,12.25,1719845.0
2014-02-19,51933392.0,12.35,12.68,12.21,12.53,2070218.0
2014-02-18,63787452.0,12.65,12.92,12.38,12.83,2485059.0
2014-02-17,62638668.0,12.83,13.00,12.51,12.61,2417669.0
2014-02-14,58455440.0,12.62,12.80,12.24,12.34,2301519.0
2014-02-13,96742856.0,12.34,12.92,12.29,12.83,3775754.0
2014-02-12,127607024.0,13.01,13.25,11.94,12.13,4978776.0
2014-02-11,87561408.0,12.05,12.43,11.70,12.07,3573748.0
2014-02-10,98269392.0,12.13,12.33,11.50,11.66,4051164.0
2014-02-07,45732880.0,11.64,11.64,10.90,11.02,1969201.0
2014-01-30,32620194.0,11.10,11.55,11.09,11.45,1430239.0
2014-01-29,49590720.0,11.50,11.57,11.10,11.10,2157487.0
2014-01-28,46466852.0,11.09,11.45,10.94,11.45,2054573.0
2014-01-27,72667648.0,11.36,11.95,11.33,11.84,3083030.0
2014-01-24,78666496.0,11.79,11.93,11.41,11.50,3314056.0
2014-01-23,75193064.0,11.56,11.78,11.50,11.55,3186109.0
2014-01-22,101239312.0,11.63,11.74,11.18,11.27,4336324.0
2014-01-21,64520652.0,11.27,11.27,10.68,10.68,2873293.0
2014-01-20,40464324.0,10.76,11.15,10.67,10.95,1836757.0
2014-01-17,71778408.0,10.96,11.20,10.80,11.03,3215245.0
2014-01-16,114763032.0,11.25,11.90,11.23,11.36,4910206.0
2014-01-15,138204544.0,11.46,11.95,11.29,11.41,5883286.0
2014-01-14,116844832.0,11.41,11.78,11.15,11.67,5079614.0
2014-01-13,122477416.0,11.50,11.81,10.90,11.03,5337841.0
2014-01-10,171957616.0,11.57,11.87,11.30,11.74,7338854.0
2014-01-09,185053216.0,12.32,12.34,12.09,12.34,7403678.0
2014-01-02,81428488.0,11.22,11.33,10.62,10.83,3632715.0
2013-12-31,64134120.0,10.85,11.23,10.71,10.81,2893643.0
2013-12-30,70084032.0,10.71,10.98,10.61,10.93,3197897.0
2013-12-27,91971184.0,10.88,10.99,10.41,10.41,4205529.0
2013-12-26,143784240.0,10.51,10.97,10.41,10.41,6642947.0
2013-12-25,121261280.0,10.47,10.47,9.61,9.61,5822872.0
2013-12-24,24889478.0,9.52,9.64,9.28,9.30,1290688.0
2013-12-23,27965528.0,9.29,9.55,9.13,9.44,1483963.0
2013-12-20,36021872.0,9.42,9.95,9.37,9.72,1842974.0
2013-12-19,27325154.0,9.76,9.94,9.63,9.67,1376170.0
2013-12-18,49438472.0,9.74,10.11,9.52,9.65,2471786.0
2013-12-17,22115060.0,9.56,9.75,9.38,9.72,1144533.0
2013-12-16,40240320.0,9.70,10.09,9.56,10.07,2032235.0
2013-12-13,48752820.0,9.95,10.10,9.65,9.73,2420071.0
2013-12-12,33397738.0,9.73,9.85,9.60,9.65,1690505.0
2013-12-11,32450214.0,9.65,9.73,9.40,9.45,1668939.0
2013-12-10,56510272.0,9.46,9.90,9.41,9.81,2922174.0
2013-12-09,46050180.0,9.81,9.94,9.52,9.54,2321686.0
2013-12-06,38980240.0,9.52,9.60,9.32,9.32,2022706.0
2013-12-05,62778680.0,9.45,9.61,9.12,9.41,3293178.0
2013-12-04,92761496.0,9.44,10.20,9.28,9.95,4639191.0
2013-12-03,100750872.0,9.94,10.19,9.55,9.86,5087795.0
2013-12-02,77924248.0,10.61,10.89,10.61,10.72,3595660.0
2013-11-29,161440160.0,11.79,12.43,11.45,11.55,6627441.0
2013-11-28,112852608.0,11.56,11.73,11.01,11.07,4884144.0
2013-11-27,93673936.0,11.08,11.17,10.85,11.11,4205250.0
2013-11-26,145320400.0,11.24,11.53,10.59,10.59,6476735.0
2013-11-25,85150320.0,10.59,10.75,10.14,10.21,4017166.0
2013-11-22,68323384.0,10.14,10.48,10.14,10.36,3278104.0
2013-11-21,78461456.0,10.41,10.71,10.21,10.48,3705526.0
2013-11-20,97202520.0,10.51,10.83,10.27,10.66,4594449.0
2013-11-19,121168496.0,10.73,11.22,10.37,10.48,5532867.0
2013-11-18,119431392.0,10.54,10.76,10.18,10.39,5632066.0
2013-11-15,154491328.0,10.33,10.66,10.22,10.25,7286122.0
2013-11-14,129762400.0,10.36,10.46,9.92,10.23,6277994.0
2013-11-13,154752928.0,10.41,10.79,10.16,10.34,7286495.0
2013-11-12,235055184.0,10.44,11.38,10.44,11.34,10759608.0
2013-11-11,157232272.0,10.98,10.98,9.87,9.98,7256467.0
2013-11-08,84443112.0,9.98,10.11,9.66,9.87,4214881.0
2013-11-07,109022816.0,9.92,10.30,9.74,10.13,5402725.0
2013-11-06,161513264.0,10.06,10.06,9.11,9.11,8167864.0
2013-11-05,98417328.0,9.15,9.32,8.46,8.61,5369788.0
2013-11-04,51372448.0,8.63,8.80,8.44,8.48,2929243.0
2013-11-01,60027280.0,8.52,8.63,8.23,8.56,3506189.0
2013-10-31,105524008.0,8.79,8.93,8.08,8.08,5964203.0
2013-10-30,10634296.0,8.12,8.13,7.87,7.97,652593.0
2013-10-29,24265510.0,7.97,8.41,7.65,8.31,1499322.0
2013-10-28,22340468.0,8.38,8.44,8.13,8.21,1325429.0
2013-10-25,16255532.0,8.15,8.30,8.03,8.25,987149.0
2013-10-24,9101311.0,8.21,8.29,8.13,8.15,545594.0
2013-10-23,22158176.0,8.24,8.47,8.04,8.43,1330765.0
2013-10-22,30982796.0,8.41,8.71,8.30,8.54,1796712.0
2013-10-21,26103562.0,8.52,8.54,8.16,8.16,1538960.0
2013-10-18,18923740.0,8.20,8.23,8.05,8.15,1146200.0
2013-10-17,24631484.0,8.14,8.31,8.09,8.26,1482840.0
2013-10-16,42862864.0,8.23,8.78,7.98,8.69,2545982.0
2013-10-15,29968946.0,8.78,8.93,8.66,8.93,1687318.0
2013-10-14,41240848.0,8.91,8.94,8.65,8.81,2305871.0
2013-10-11,31661406.0,8.74,8.76,8.46,8.59,1809712.0
2013-10-10,35933072.0,8.56,8.88,8.49,8.78,2035793.0
2013-10-09,38735820.0,8.82,8.93,8.70,8.83,2169953.0
2013-10-08,61821788.0,8.87,8.87,8.44,8.44,3516838.0
2013-09-30,22638870.0,8.43,8.59,8.39,8.44,1321985.0
2013-09-27,29518400.0,8.39,8.73,8.39,8.63,1700102.0
2013-09-26,24933690.0,8.63,8.77,8.59,8.72,1419929.0
2013-09-25,43274076.0,8.74,8.87,8.52,8.64,2449833.0
2013-09-24,70141744.0,8.68,9.03,8.64,8.64,3936064.0
2013-09-18,40882080.0,8.51,8.53,8.20,8.20,2399284.0
2013-09-17,21281922.0,8.24,8.51,8.19,8.41,1257094.0
2013-09-16,25696034.0,8.32,8.43,8.17,8.22,1521253.0
2013-09-13,24667480.0,8.25,8.32,7.93,8.04,1484596.0
2013-09-12,9745016.0,8.02,8.08,7.91,8.00,601662.0
2013-09-11,21769248.0,7.97,8.24,7.89,8.14,1340254.0
2013-09-10,17139428.0,8.19,8.25,8.10,8.25,1038583.0
2013-09-09,24252912.0,8.25,8.44,8.10,8.36,1456737.0
2013-09-06,17149020.0,8.36,8.49,8.26,8.41,1013670.0
2013-09-05,35105340.0,8.45,8.53,8.15,8.22,2063468.0
2013-09-04,16657112.0,8.22,8.30,8.18,8.24,997936.0
2013-09-03,16059536.0,8.24,8.28,8.07,8.09,969158.0
2013-09-02,13112170.0,8.09,8.15,7.90,7.91,803607.0
2013-08-30,27944376.0,7.99,8.33,7.80,8.24,1712518.0
2013-08-29,23014744.0,8.19,8.44,8.13,8.29,1372930.0
2013-08-28,33424244.0,8.27,8.45,8.21,8.39,1978304.0
2013-08-27,24762266.0,8.57,8.62,8.38,8.59,1437268.0
2013-08-26,31117586.0,8.61,8.61,8.27,8.34,1820187.0
2013-08-23,61408364.0,8.33,8.70,8.08,8.65,3614362.0
2013-08-22,36436132.0,8.63,8.86,8.62,8.86,2062984.0
2013-08-21,33817540.0,8.76,8.81,8.51,8.63,1920875.0
2013-08-20,34082252.0,8.55,8.73,8.39,8.50,1958327.0
2013-08-19,28828540.0,8.45,8.51,8.15,8.19,1701545.0
2013-08-16,68093776.0,8.16,8.96,8.10,8.88,3930313.0
2013-08-15,68567000.0,8.95,9.04,8.55,8.72,3818868.0
2013-08-14,35162440.0,8.71,8.85,8.49,8.71,1999724.0
2013-08-13,34676268.0,8.66,8.87,8.56,8.73,1967831.0
2013-08-12,45804100.0,8.73,8.88,8.39,8.76,2620284.0
2013-08-09,64290608.0,8.71,9.11,8.55,9.11,3607556.0
2013-08-08,73257712.0,8.97,9.00,8.34,8.39,4123825.0
2013-08-07,46685464.0,8.39,8.78,8.37,8.64,2705395.0
2013-08-06,61118340.0,8.73,8.85,8.62,8.74,3450744.0
2013-08-05,86494344.0,8.87,9.02,8.63,8.64,4825515.0
2013-08-02,106015000.0,8.59,8.97,8.35,8.46,5988405.0
2013-08-01,49959696.0,8.44,8.52,7.93,7.94,2964484.0
2013-07-31,29259932.0,8.08,8.25,7.82,7.94,1789271.0
2013-07-30,41107652.0,7.90,8.28,7.65,8.22,2563300.0
2013-07-29,50700252.0,8.21,8.53,7.99,8.14,3016372.0
2013-07-26,46643888.0,8.19,8.32,7.86,8.05,2844033.0
2013-07-25,86122656.0,8.10,8.76,8.07,8.68,5103007.0
2013-07-24,121523576.0,8.76,8.85,8.40,8.75,6967405.0
2013-07-23,108658688.0,8.77,8.77,7.97,7.99,6338456.0
2013-07-22,34673580.0,7.97,7.99,7.55,7.60,2173554.0
2013-07-19,52214728.0,7.64,8.23,7.58,8.17,3241323.0
2013-07-18,55274732.0,8.13,8.40,7.82,7.87,3375682.0
2013-07-17,43286772.0,7.83,8.09,7.75,8.07,2707914.0
2013-07-16,51180364.0,8.08,8.14,7.76,7.89,3175108.0
2013-07-15,53684096.0,7.89,7.98,7.34,7.43,3423894.0
2013-07-12,28914220.0,7.38,7.61,7.38,7.42,1903226.0
2013-07-11,32470812.0,7.42,7.45,7.21,7.30,2174597.0
2013-07-10,26275998.0,7.29,7.46,7.15,7.15,1772715.0
2013-07-09,12069558.0,6.96,7.05,6.81,6.88,856723.0
2013-07-08,18687218.0,6.93,7.06,6.64,7.06,1346123.0
2013-07-05,22906352.0,7.09,7.48,7.01,7.28,1553248.0
2013-07-04,43988764.0,7.32,7.47,7.23,7.35,2936427.0
2013-07-03,39953576.0,7.39,7.45,7.02,7.13,2682822.0
2013-07-02,30129330.0,7.25,7.40,6.99,6.99,2065295.0
2013-07-01,14084155.0,7.02,7.02,6.62,6.63,1011919.0
2013-06-28,25764388.0,6.83,7.15,6.74,6.94,1836927.0
2013-06-27,38360280.0,7.07,7.38,6.89,7.10,2650782.0
2013-06-26,33907060.0,7.01,7.03,6.60,6.71,2428052.0
2013-06-25,39404580.0,6.72,6.89,6.20,6.71,2970308.0
2013-06-24,31189742.0,6.89,7.40,6.53,7.25,2219535.0
2013-06-21,24104608.0,7.25,7.50,7.02,7.14,1637531.0
2013-06-20,37925532.0,7.43,8.02,7.38,7.97,2446510.0
2013-06-19,27201632.0,8.00,8.19,7.92,8.19,1671269.0
2013-06-18,70293624.0,8.24,8.32,7.58,8.19,4362450.0
2013-06-17,53509332.0,8.14,8.34,8.04,8.34,3225398.0
2013-06-14,83769136.0,8.35,8.44,7.96,8.06,5011110.0
2013-06-13,68414376.0,8.04,8.23,7.28,7.81,4265835.0
2013-06-07,49339252.0,7.84,7.93,7.44,7.44,3123998.0
2013-06-06,28587784.0,7.53,7.82,7.51,7.74,1849321.0
2013-06-05,40615160.0,7.84,7.98,7.54,7.54,2561073.0
2013-06-04,25384790.0,7.59,7.72,7.39,7.60,1655968.0
2013-06-03,25173602.0,7.62,7.81,7.50,7.69,1613280.0
2013-05-31,39164956.0,7.65,8.01,7.65,7.94,2478853.0
2013-05-30,57161200.0,7.94,8.19,7.81,8.09,3540548.0
2013-05-29,54528244.0,8.21,8.47,8.02,8.10,3265249.0
2013-05-28,78925784.0,8.10,8.59,8.07,8.59,4723193.0
2013-05-27,135935744.0,8.68,8.72,8.04,8.25,7901558.0
2013-05-24,98820864.0,8.18,8.33,7.56,7.56,6080695.0
2013-05-23,49512524.0,7.58,7.79,7.36,7.51,3219067.0
2013-05-22,76299864.0,7.51,8.10,7.50,8.10,4856197.0
2013-05-21,74135976.0,8.12,8.12,7.84,8.10,4574327.0
2013-05-20,137627648.0,8.06,8.29,7.85,8.29,8431607.0
2013-05-17,112914904.0,7.97,7.97,7.10,7.16,7216039.0
2013-05-16,92315016.0,7.25,7.69,7.04,7.15,6143564.0
2013-05-15,47309928.0,7.13,7.15,6.55,6.55,3355308.0
2013-05-14,38542244.0,6.68,7.14,6.65,7.14,2770534.0
2013-05-09,44582288.0,6.91,6.91,6.52,6.67,3274158.0
2013-05-08,26897878.0,6.66,6.71,6.47,6.47,2008058.0
2013-05-07,17662146.0,6.52,6.60,6.43,6.58,1343104.0
2013-05-06,34599340.0,6.61,6.63,6.31,6.33,2616350.0
2013-05-03,9315477.0,6.31,6.31,6.12,6.17,733727.0
2013-05-02,7151327.0,6.11,6.20,6.02,6.14,579391.0
2013-04-26,21302192.0,6.14,6.45,5.97,6.44,1701061.0
2013-04-25,24174168.0,6.44,6.64,6.24,6.26,1835127.0
2013-04-24,10917205.0,6.36,6.39,6.15,6.15,854895.0
2013-04-23,16510428.0,6.15,6.60,6.12,6.60,1279815.0
2013-04-22,19471896.0,6.58,6.67,6.47,6.47,1458077.0
2013-04-19,21775666.0,6.59,6.69,6.46,6.49,1630006.0
2013-04-18,22445388.0,6.52,6.63,6.24,6.24,1693517.0
2013-04-17,7999097.0,6.36,6.39,6.26,6.31,624415.0
2013-04-16,6188193.0,6.33,6.34,6.04,6.08,489486.0
2013-04-15,7944901.0,6.16,6.29,6.13,6.27,632178.0
2013-04-12,6328317.0,6.21,6.36,6.21,6.35,496577.0
2013-04-11,10006609.0,6.29,6.43,6.28,6.40,776376.0
2013-04-10,10575097.0,6.36,6.49,6.30,6.47,817419.0
2013-04-09,12463707.0,6.47,6.58,6.45,6.50,944583.0
2013-04-08,18760752.0,6.54,6.55,6.07,6.28,1468862.0
2013-04-03,17959448.0,6.42,6.54,6.33,6.46,1379862.0
2013-04-02,33002410.0,6.49,6.77,6.41,6.77,2478357.0
2013-04-01,45939624.0,6.75,7.25,6.71,7.25,3279707.0
2013-03-29,42060212.0,7.25,7.39,7.10,7.17,2866133.0
2013-03-28,115462768.0,7.45,7.88,7.15,7.40,7555150.0
2013-03-27,27998144.0,7.43,7.43,6.71,6.92,1905328.0
2013-03-26,25598570.0,6.75,6.75,6.22,6.50,1938017.0
2013-03-25,9133937.0,6.50,6.66,6.49,6.51,689145.0
2013-03-22,11770248.0,6.54,6.62,6.50,6.51,885816.0
2013-03-21,14060410.0,6.50,6.54,6.36,6.36,1070238.0
2013-03-20,11819207.0,6.40,6.40,6.17,6.20,924131.0
2013-03-19,14732255.0,6.21,6.45,6.05,6.41,1165468.0
2013-03-18,11543964.0,6.44,6.53,6.44,6.45,879850.0
2013-03-15,20547790.0,6.45,6.56,6.35,6.43,1570773.0
2013-03-14,39059744.0,6.54,6.86,6.33,6.86,2949713.0
2013-03-13,15051831.0,6.98,7.22,6.91,7.15,1060671.0
2013-03-12,23605314.0,7.17,7.53,7.03,7.40,1603507.0
2013-03-11,10478128.0,7.40,7.44,7.20,7.35,705179.0
2013-03-08,16702321.0,7.39,7.57,7.35,7.42,1104301.0
2013-03-07,32797554.0,7.42,7.71,7.36,7.71,2149006.0
2013-03-06,42005196.0,7.71,7.72,7.39,7.42,2721250.0
2013-03-05,17011958.0,7.42,7.45,7.11,7.15,1146630.0
2013-03-04,23002566.0,7.15,7.60,7.06,7.55,1545552.0
2013-03-01,35038120.0,7.59,7.63,7.28,7.28,2297927.0
2013-02-28,15018595.0,7.32,7.34,7.10,7.17,1021389.0
2013-02-27,11976272.0,7.21,7.24,7.08,7.13,825020.0
2013-02-26,20515612.0,7.13,7.44,7.13,7.38,1389059.0
2013-02-25,14456832.0,7.38,7.45,7.25,7.25,967183.0
2013-02-22,23711732.0,7.32,7.54,7.30,7.46,1570138.0
2013-02-21,34533796.0,7.50,7.79,7.47,7.79,2234445.0
2013-02-20,31884696.0,7.60,7.65,7.39,7.55,2093372.0
2013-02-19,35994192.0,7.55,7.87,7.52,7.83,2327009.0
2013-02-18,58976860.0,7.80,7.84,7.32,7.39,3808148.0
2013-02-08,18620256.0,7.31,7.33,7.13,7.19,1265268.0
2013-02-07,13437046.0,7.26,7.47,7.19,7.39,906746.0
2013-02-06,19604810.0,7.35,7.39,7.10,7.10,1325284.0
2013-02-05,9909621.0,7.09,7.15,6.90,6.91,693191.0
2013-02-04,14005424.0,6.99,7.21,6.97,7.15,979920.0
2013-02-01,11422651.0,7.15,7.22,7.03,7.10,788271.0
2013-01-31,23001040.0,7.14,7.48,7.10,7.43,1574264.0
2013-01-30,29586874.0,7.45,7.75,7.41,7.72,1944260.0
2013-01-29,36441440.0,7.70,7.77,7.43,7.43,2351232.0
2013-01-28,21425088.0,7.43,7.45,7.24,7.26,1432081.0
2013-01-25,13902521.0,7.20,7.33,7.15,7.15,946982.0
2013-01-24,35205004.0,7.25,7.44,7.05,7.13,2388135.0
2013-01-23,28905122.0,7.13,7.24,6.92,7.10,2016009.0
2013-01-22,33908792.0,7.25,7.75,7.25,7.67,2237281.0
2013-01-21,22700898.0,7.67,7.81,7.63,7.81,1452151.0
2013-01-18,26733798.0,7.71,7.74,7.55,7.55,1719460.0
2013-01-17,42780292.0,7.55,7.87,7.55,7.55,2752051.0
2013-01-16,63211032.0,7.87,8.14,7.81,8.10,3930776.0
2013-01-15,120870136.0,8.17,8.87,8.02,8.33,7109237.0
2013-01-14,113045112.0,8.30,8.38,7.60,7.62,6863070.0
2013-01-11,106487880.0,7.65,7.89,7.30,7.37,6924289.0
2013-01-10,35582320.0,7.31,7.43,7.19,7.20,2398882.0
2013-01-09,53180808.0,7.26,7.53,7.15,7.40,3564317.0
2013-01-08,69397488.0,7.45,7.57,7.31,7.31,4595319.0
2013-01-07,49039952.0,7.38,7.42,7.20,7.42,3319765.0
2013-01-04,68800480.0,7.42,7.50,7.25,7.29,4602583.0
2012-12-31,73832584.0,7.30,7.48,7.14,7.45,5008323.0
2012-12-28,96634104.0,7.44,7.72,7.31,7.52,6372485.0
2012-12-27,145990432.0,7.61,8.41,7.52,8.26,9174075.0
2012-12-26,144791104.0,8.13,8.13,7.40,7.40,9060171.0
2012-12-25,82474440.0,7.39,7.39,6.77,6.82,5734363.0
2012-12-24,58044500.0,6.87,6.94,6.27,6.27,4341760.0
2012-12-21,37441916.0,6.33,6.41,6.02,6.10,2956507.0
2012-12-20,22035190.0,6.11,6.21,5.96,5.97,1781504.0
2012-12-19,18773108.0,6.00,6.17,5.97,6.03,1528957.0
2012-12-18,18852942.0,6.02,6.11,5.85,5.87,1560080.0
2012-12-17,14913532.0,5.92,5.96,5.77,5.85,1257105.0
2012-12-14,17759902.0,5.85,6.03,5.57,5.57,1508394.0
2012-12-13,9065382.0,5.60,5.71,5.56,5.59,792840.0
2012-12-12,9136747.0,5.63,5.69,5.56,5.66,801141.0
2012-12-11,10467148.0,5.66,5.78,5.66,5.77,905091.0
2012-12-10,15409897.0,5.79,5.87,5.60,5.62,1321614.0
2012-12-07,9494414.0,5.61,5.70,5.46,5.51,837970.0
2012-12-06,6797617.0,5.51,5.60,5.46,5.52,608250.0
2012-12-05,12941138.0,5.53,5.60,5.33,5.36,1155857.0
2012-12-04,7826604.0,5.36,5.38,5.10,5.26,734959.0
2012-12-03,6329623.0,5.24,5.65,5.24,5.60,572070.0
2012-11-30,4695542.0,5.58,5.60,5.50,5.50,416455.0
2012-11-29,7685012.0,5.51,5.74,5.47,5.66,674523.0
2012-11-28,8668689.0,5.70,5.92,5.63,5.83,751857.0
2012-11-27,10355887.0,5.92,6.36,5.88,6.30,840412.0
2012-11-26,3975563.0,6.33,6.41,6.32,6.32,308058.0
2012-11-23,4172609.0,6.36,6.46,6.35,6.35,322207.0
2012-11-22,5181553.0,6.39,6.48,6.35,6.48,400080.0
2012-11-21,9392694.0,6.51,6.52,6.32,6.49,722411.0
2012-11-20,14119578.0,6.50,6.64,6.32,6.46,1068162.0
2012-11-19,10674992.0,6.36,6.44,6.18,6.44,838189.0
2012-11-16,6224183.0,6.45,6.55,6.28,6.37,477890.0
2012-11-15,11242404.0,6.40,6.67,6.39,6.64,846932.0
2012-11-14,16603979.0,6.73,6.82,6.51,6.60,1226246.0
2012-11-13,33491354.0,6.68,6.99,6.34,6.41,2453161.0
2012-11-12,6413858.0,6.39,6.48,6.34,6.34,496395.0
2012-11-09,7557657.0,6.34,6.38,6.32,6.36,588030.0
2012-11-08,10595325.0,6.36,6.59,6.32,6.58,803916.0
2012-11-07,7029918.0,6.65,6.74,6.59,6.60,519400.0
2012-11-06,10046624.0,6.61,6.81,6.50,6.81,750377.0
2012-11-05,6519398.0,6.81,6.84,6.70,6.84,475020.0
2012-11-02,9673556.0,6.85,6.87,6.74,6.74,702064.0
2012-11-01,10821104.0,6.74,6.80,6.60,6.60,794666.0
2012-10-31,10099249.0,6.60,6.71,6.55,6.71,756281.0
2012-10-30,6791566.0,6.72,6.81,6.72,6.74,495453.0
2012-10-29,7647050.0,6.74,6.83,6.69,6.75,559102.0
2012-10-26,24284456.0,6.75,7.24,6.65,7.16,1743045.0
2012-10-25,17049962.0,7.26,7.43,7.11,7.43,1164695.0
2012-10-24,10611883.0,7.27,7.37,7.16,7.16,720670.0
2012-10-23,17022244.0,7.30,7.51,7.26,7.49,1136827.0
2012-10-22,16794466.0,7.46,7.53,7.35,7.49,1113568.0
2012-10-19,28020394.0,7.55,7.69,7.48,7.50,1820096.0
2012-10-18,22115046.0,7.48,7.58,7.38,7.40,1462241.0
2012-10-17,16549539.0,7.40,7.45,7.27,7.40,1110465.0
2012-10-16,13601233.0,7.33,7.44,7.22,7.31,914978.0
2012-10-15,26984684.0,7.34,7.59,7.20,7.40,1806366.0
2012-10-12,41996964.0,7.44,7.50,7.21,7.23,2824043.0
2012-10-11,70597496.0,7.26,7.92,7.25,7.92,4639224.0
2012-10-10,27645456.0,7.96,8.00,7.82,7.96,1726991.0
2012-10-09,27653106.0,7.98,7.99,7.74,7.80,1731185.0
2012-10-08,16101128.0,7.78,7.86,7.69,7.75,1023456.0
2012-09-28,22234432.0,7.76,7.77,7.62,7.75,1424956.0
2012-09-27,31314898.0,7.80,7.94,7.59,7.59,1988819.0
2012-09-26,27923340.0,7.66,7.73,7.51,7.52,1806671.0
2012-09-25,16780810.0,7.58,7.64,7.44,7.44,1093425.0
2012-09-24,20305104.0,7.52,7.59,7.30,7.40,1346258.0
2012-09-21,39523308.0,7.48,7.97,7.41,7.90,2538841.0
2012-09-20,42032608.0,7.94,8.82,7.91,8.81,2497539.0
2012-09-19,18316942.0,8.79,8.91,8.74,8.83,1027007.0
2012-09-18,19426622.0,8.84,8.97,8.71,8.71,1079431.0
2012-09-17,30576534.0,8.92,9.51,8.91,9.41,1641700.0
2012-09-14,32233440.0,9.41,9.66,9.37,9.58,1674315.0
2012-09-13,30564618.0,9.47,9.96,9.47,9.82,1541812.0
2012-09-12,38274952.0,9.82,10.02,9.72,10.01,1920859.0
2012-09-11,52890608.0,9.95,10.20,9.82,9.86,2603946.0
2012-09-10,55381432.0,9.99,10.01,9.59,9.81,2800235.0
2012-09-07,65465928.0,9.87,10.05,9.47,9.69,3299477.0
2012-09-06,41497836.0,9.65,9.97,9.46,9.87,2132947.0
2012-09-05,58665664.0,9.84,10.11,9.77,10.04,1450023.0
2012-09-04,37832744.0,10.16,10.28,10.11,10.19,907308.0
2012-09-03,29759980.0,10.19,10.21,10.04,10.13,717005.0
2012-08-31,19066264.0,10.03,10.03,9.68,9.68,472018.0
2012-08-30,52114660.0,9.80,10.26,9.57,10.17,1275858.0
2012-08-29,28202196.0,9.92,10.16,9.70,9.77,691141.0
2012-08-28,14286693.0,9.77,9.90,9.67,9.68,358422.0
2012-08-27,24163042.0,9.67,9.94,9.67,9.94,606824.0
2012-08-24,32976182.0,9.96,10.33,9.96,10.28,800332.0
2012-08-23,30145446.0,10.38,10.38,10.21,10.28,715229.0
2012-08-22,29641308.0,10.29,10.35,10.20,10.28,707024.0
2012-08-21,30894450.0,10.28,10.31,10.04,10.13,739781.0
2012-08-20,23147932.0,10.11,10.16,9.94,9.95,564562.0
2012-08-17,32656118.0,10.09,10.24,9.99,10.24,793733.0
2012-08-16,24818702.0,10.13,10.36,10.09,10.24,594624.0
2012-08-15,37449428.0,10.24,10.44,10.19,10.20,886608.0
2012-08-14,43600716.0,10.24,10.35,9.99,10.20,1051270.0
2012-08-13,48492460.0,10.28,10.62,10.28,10.53,1140324.0
2012-08-10,51683648.0,10.69,10.95,10.65,10.77,1174704.0
2012-08-09,100104648.0,10.80,10.87,10.62,10.73,2281559.0
2012-08-08,106813056.0,10.89,11.06,10.48,10.53,2416479.0
2012-08-07,83311032.0,10.56,10.88,10.52,10.88,1911619.0
2012-08-06,55573076.0,10.81,10.83,10.43,10.48,1273835.0
2012-08-03,49776956.0,10.62,10.64,10.28,10.50,1154844.0
2012-08-02,47277748.0,10.40,10.55,10.18,10.53,1118812.0
2012-08-01,51970764.0,10.59,10.77,10.33,10.40,1203121.0
2012-07-31,69036336.0,10.46,10.67,9.69,10.44,1666305.0
2012-07-30,48275576.0,10.31,10.81,10.18,10.74,1123938.0
2012-07-27,58593032.0,10.69,10.72,10.29,10.31,1359392.0
2012-07-26,32867688.0,10.28,10.48,10.24,10.43,777989.0
2012-07-25,48826964.0,10.38,10.60,10.23,10.28,1144513.0
2012-07-24,46830396.0,10.38,10.43,10.25,10.34,1108509.0
2012-07-23,81180008.0,10.21,10.83,10.19,10.82,1920599.0
2012-07-20,115135808.0,10.98,11.51,10.98,11.01,2520367.0
2012-07-19,116309720.0,10.93,11.19,10.80,10.88,2585499.0
2012-07-18,90624880.0,10.92,10.97,10.50,10.65,2061001.0
2012-07-17,104965816.0,10.73,10.82,10.43,10.43,2410361.0
2012-07-16,80458344.0,10.50,10.76,10.44,10.59,1861457.0
2012-07-13,131718864.0,10.58,11.14,10.53,11.08,3002177.0
2012-07-12,116023424.0,11.25,11.26,10.72,11.05,2582177.0
2012-07-11,165469856.0,11.08,12.12,10.97,11.51,3545314.0
2012-07-10,108252256.0,11.51,11.68,11.22,11.55,2319429.0
2012-07-09,149181392.0,11.69,12.35,11.69,11.75,3041682.0
2012-07-06,171221632.0,11.84,12.00,11.49,11.95,3568942.0
2012-07-05,358638688.0,12.05,12.26,11.32,11.51,7406911.0
2012-07-04,44604920.0,11.15,11.15,11.15,11.15,979682.0
2012-07-03,73783064.0,10.13,10.23,10.01,10.21,1794046.0
2012-07-02,44665344.0,10.24,10.50,10.09,10.09,1058284.0
2012-06-29,17498824.0,10.04,10.10,9.75,9.77,429315.0
2012-06-28,10507968.0,9.84,9.93,9.74,9.88,261291.0
2012-06-27,17998320.0,9.84,9.94,9.59,9.68,449401.0
2012-06-26,5570445.0,9.62,9.72,9.55,9.55,141977.0
2012-06-25,11772484.0,9.58,9.80,9.57,9.75,296750.0
2012-06-21,9589569.0,9.88,9.96,9.77,9.91,238734.0
2012-06-20,8147325.0,9.95,10.03,9.92,10.03,199950.0
2012-06-19,14966770.0,9.95,10.11,9.92,10.11,366783.0
2012-06-18,26079930.0,10.09,10.20,9.79,9.80,633636.0
2012-06-15,7644587.0,9.78,9.90,9.69,9.76,191817.0
2012-06-14,17592206.0,9.80,9.99,9.70,9.74,437195.0
2012-06-13,11441111.0,9.77,9.79,9.62,9.63,288315.0
2012-06-12,7237386.0,9.62,9.67,9.57,9.58,184213.0
2012-06-11,9891601.0,9.64,9.66,9.39,9.47,253245.0
2012-06-08,5568465.0,9.46,9.61,9.43,9.55,143582.0
2012-06-07,6349045.0,9.49,9.62,9.48,9.62,163021.0
2012-06-06,6447783.0,9.52,9.62,9.50,9.50,165588.0
2012-06-05,7674579.0,9.50,9.59,9.45,9.45,197177.0
2012-06-04,17859986.0,9.49,9.64,9.49,9.64,458134.0
2012-06-01,8331000.0,9.82,9.91,9.74,9.88,207751.0
2012-05-31,13520272.0,9.83,9.92,9.65,9.69,336443.0
2012-05-30,16904992.0,9.79,9.91,9.66,9.69,422547.0
2012-05-29,21465364.0,9.75,10.01,9.55,9.60,539853.0
2012-05-28,20583824.0,9.61,9.66,9.37,9.57,531562.0
2012-05-25,21220794.0,9.72,10.03,9.69,10.01,527011.0
2012-05-24,9533310.0,10.01,10.22,9.93,10.04,230922.0
2012-05-23,12332359.0,10.10,10.28,10.03,10.28,297938.0
2012-05-22,15596667.0,10.24,10.33,10.18,10.26,372197.0
2012-05-21,29966248.0,10.23,10.34,10.03,10.26,720997.0
2012-05-18,15626507.0,10.77,10.77,9.94,10.03,377896.0
2012-05-17,20003892.0,10.12,10.19,10.01,10.04,483445.0
2012-05-16,7726961.0,9.96,10.04,9.93,9.96,189491.0
2012-05-15,11275644.0,10.04,10.04,9.82,9.88,276715.0
2012-05-14,16898022.0,9.93,10.16,9.90,10.05,412630.0
2012-05-11,23678862.0,9.96,10.19,9.96,10.12,578204.0
2012-05-10,12723950.0,10.19,10.26,10.05,10.12,306660.0
2012-05-09,23770124.0,10.11,10.23,10.08,10.16,573030.0
2012-05-08,22680848.0,10.33,10.57,10.31,10.50,532198.0
2012-05-07,23810458.0,10.42,10.46,10.10,10.17,567150.0
2012-05-04,27507618.0,10.27,10.33,10.02,10.04,658826.0
2012-05-03,23210086.0,10.10,10.12,9.89,10.01,567126.0
2012-05-02,23880786.0,10.04,10.11,9.93,10.09,582860.0
2012-04-27,20315784.0,9.93,10.03,9.77,9.82,501184.0
2012-04-26,18918578.0,9.84,10.08,9.84,9.93,466049.0
2012-04-25,18887540.0,9.97,10.02,9.80,9.89,466301.0
2012-04-24,40064164.0,10.01,10.16,9.69,10.02,989614.0
2012-04-23,62054656.0,10.07,10.91,9.97,10.74,1459079.0
2012-04-20,51538188.0,10.89,11.06,10.78,10.78,1157894.0
2012-04-19,78384792.0,10.86,10.94,10.42,10.47,1778784.0
2012-04-18,43378132.0,10.51,10.55,10.26,10.49,1017085.0
2012-04-17,46515152.0,10.49,10.59,10.24,10.46,1095003.0
2012-04-16,33304664.0,10.50,10.72,10.40,10.45,771717.0
2012-04-13,48154728.0,10.59,10.80,10.45,10.59,1110773.0
2012-04-12,58346280.0,10.67,10.84,10.46,10.78,1344620.0
2012-04-11,68151080.0,10.78,11.17,10.67,10.78,1527513.0
2012-04-10,73759248.0,11.02,11.06,10.43,10.53,1672066.0
2012-04-09,74668440.0,10.69,10.91,10.53,10.77,1697691.0
2012-04-06,145702928.0,11.02,11.14,10.77,10.95,3253407.0
2012-04-05,124006560.0,10.77,10.85,9.79,10.23,2895593.0
2012-03-30,179627968.0,10.56,10.69,10.17,10.17,4203282.0
2012-03-29,213603232.0,9.94,10.23,9.67,10.09,5220663.0
