date,amount,close,high,low,open,volume
2015-11-27,159707376.0,37.50,41.00,35.58,39.59,4088176.0
2015-11-26,85994184.0,39.16,40.20,38.05,39.00,2198200.0
2015-11-25,93897784.0,38.80,39.26,37.80,38.14,2425556.0
2015-11-24,68655640.0,38.40,38.75,37.00,38.49,1826218.0
2015-11-23,98055888.0,38.78,40.70,38.20,40.00,2496983.0
2015-11-20,104766912.0,39.74,40.20,38.16,40.00,2672479.0
2015-11-19,127053056.0,39.75,40.00,37.85,39.03,3248488.0
2015-11-18,135511840.0,38.88,40.95,37.00,40.95,3488297.0
2015-11-17,232277696.0,38.98,41.10,38.00,38.98,5890970.0
2015-11-16,111070184.0,38.82,38.82,34.21,35.78,3040905.0
2015-11-13,89808904.0,35.29,35.80,33.20,35.40,2582424.0
2015-11-12,111444232.0,35.96,36.80,34.93,36.54,3134284.0
2015-11-11,121048312.0,36.54,36.99,34.80,35.33,3398235.0
2015-11-10,158195888.0,35.57,37.78,34.00,34.50,4384183.0
2015-11-09,125739416.0,34.65,34.65,30.51,30.90,3802555.0
2015-11-06,104209480.0,31.50,32.40,30.06,30.30,3310169.0
2015-11-05,118536560.0,30.48,31.30,28.30,29.26,3994518.0
2015-11-04,88675832.0,29.21,29.32,27.01,27.30,3125237.0
2015-11-03,67752840.0,26.87,27.13,25.69,26.97,2553174.0
2015-11-02,113080480.0,26.80,28.88,26.02,27.00,4152864.0
2015-10-30,65357812.0,28.91,30.16,28.90,29.53,2219599.0
2015-10-29,55958900.0,30.16,32.08,29.68,32.08,1849970.0
2015-10-28,75943080.0,29.88,31.59,29.55,30.50,2503053.0
2015-10-27,83795408.0,30.69,30.84,28.66,30.00,2813898.0
2015-10-26,97142968.0,30.69,32.33,28.40,31.69,3166025.0
2015-10-23,151092672.0,31.55,32.50,29.57,31.06,4875039.0
2015-10-22,90386936.0,30.90,31.65,29.00,29.47,2954379.0
2015-10-21,89631528.0,30.34,33.97,30.34,32.10,2822465.0
2015-10-20,131292760.0,33.71,34.88,32.00,32.50,3929672.0
2015-10-19,138554112.0,32.89,32.89,29.70,29.70,4472588.0
2015-10-16,84879480.0,29.90,31.13,29.00,30.50,2837720.0
2015-10-15,71849096.0,30.71,30.94,28.90,28.90,2411674.0
2015-10-14,82548456.0,29.70,31.40,29.41,31.38,2734277.0
2015-10-13,111867536.0,31.75,32.60,29.00,29.69,3652433.0
2015-10-12,92582272.0,29.73,29.73,27.03,27.03,3215860.0
2015-10-09,57379668.0,27.03,27.15,24.40,24.71,2180248.0
2015-10-08,34558184.0,24.78,25.10,23.72,24.99,1397140.0
2015-09-30,15563876.0,23.72,24.50,23.00,23.80,656720.0
2015-09-29,17404628.0,23.53,24.23,23.00,23.00,737217.0
2015-09-28,20909804.0,23.82,24.70,22.70,22.88,888819.0
2015-09-25,30488070.0,22.65,24.69,21.90,23.88,1316919.0
2015-09-24,32799452.0,24.30,24.40,23.29,23.38,1378583.0
2015-09-23,36552160.0,23.27,24.75,22.80,23.51,1533329.0
2015-09-22,54740156.0,24.28,25.26,23.70,25.26,2232755.0
2015-09-21,47644228.0,25.00,25.15,22.20,22.20,2015135.0
2015-09-18,41931172.0,23.00,23.02,21.07,21.10,1913123.0
2015-09-17,39994672.0,21.07,22.41,20.20,20.64,1851821.0
2015-09-16,29034200.0,20.57,20.57,17.77,18.00,1463237.0
2015-09-15,22306644.0,18.70,19.90,17.51,18.02,1189506.0
2015-09-14,23579052.0,19.35,21.57,19.35,21.50,1171333.0
2015-09-11,31715952.0,21.50,21.74,20.07,20.84,1490950.0
2015-09-10,24856610.0,20.58,21.66,20.07,20.76,1189198.0
2015-09-09,50484672.0,21.00,21.45,19.89,19.89,2411719.0
2015-09-08,27234482.0,19.50,19.50,17.73,18.24,1453314.0
2015-09-07,22067824.0,17.73,18.50,17.21,17.60,1237026.0
2015-09-02,22800234.0,17.06,19.59,17.04,17.77,1253064.0
2015-09-01,21027132.0,18.75,20.83,18.75,20.83,1087897.0
2015-08-31,42975292.0,20.83,23.39,20.79,23.39,1932263.0
2015-08-28,37654108.0,22.12,22.12,20.24,20.55,1760164.0
2015-08-27,47793248.0,20.11,20.46,18.80,19.20,2430601.0
2015-08-26,58068780.0,18.80,21.68,18.74,20.30,2868310.0
2015-08-25,59768276.0,20.82,22.99,20.82,20.82,2800232.0
2015-08-24,13487712.0,23.13,24.26,23.13,24.25,579300.0
2015-08-21,47625680.0,25.70,27.57,24.57,27.57,1854968.0
2015-08-20,64323440.0,27.30,27.90,25.50,26.20,2369192.0
2015-08-19,46046448.0,26.70,27.89,24.24,25.31,1787144.0
2015-08-18,62811612.0,26.70,29.68,26.70,29.68,2217061.0
2015-08-17,60526564.0,29.67,29.87,28.20,28.58,2079175.0
2015-08-14,63515084.0,29.10,30.00,28.40,29.00,2161210.0
2015-08-13,84331176.0,29.20,29.63,26.90,29.19,2989669.0
2015-08-12,57429036.0,29.21,31.25,29.09,30.00,1910615.0
2015-08-11,72919568.0,30.39,31.25,29.85,30.40,2382000.0
2015-08-10,74717392.0,30.52,30.98,27.95,28.06,2550758.0
2015-08-07,104912600.0,28.23,28.49,25.89,26.77,3853189.0
2015-08-06,55731160.0,26.77,27.70,25.00,25.76,2076537.0
2015-08-05,62404512.0,26.79,27.50,25.31,26.90,2355231.0
2015-08-04,51177112.0,27.22,27.77,24.62,25.55,1968248.0
2015-08-03,23641520.0,25.25,27.97,25.25,27.90,905977.0
2015-07-31,23592430.0,28.06,29.59,27.90,28.49,828395.0
2015-07-30,37505944.0,29.60,31.99,29.00,30.75,1207425.0
2015-07-29,42819460.0,30.76,30.87,26.80,28.52,1489742.0
2015-07-28,51488548.0,28.52,31.39,28.52,28.53,1783163.0
2015-07-27,50599680.0,31.69,35.15,31.69,35.15,1510111.0
2015-07-24,72993472.0,35.21,37.20,35.15,36.00,1997234.0
2015-07-23,74041848.0,36.03,36.99,34.01,34.39,2072993.0
2015-07-22,56139988.0,34.30,34.92,33.05,34.04,1639121.0
2015-07-21,70813616.0,34.85,35.90,33.00,34.54,2033910.0
2015-07-20,92627112.0,35.37,37.47,34.18,35.17,2579133.0
2015-07-17,94146704.0,35.18,35.35,31.98,32.00,2763968.0
2015-07-16,69696336.0,32.51,33.20,27.18,27.98,2274458.0
2015-07-15,126190192.0,30.20,34.80,29.66,34.00,3857807.0
2015-07-14,135840464.0,32.76,32.76,28.00,32.50,4211527.0
2015-07-13,121737984.0,29.78,29.78,28.50,29.78,4100501.0
2015-07-10,20366484.0,27.07,27.07,25.90,25.90,759025.0
2015-07-09,46201080.0,24.61,24.61,20.20,20.40,2003739.0
2015-07-08,176511312.0,22.37,23.86,20.49,20.49,8440355.0
2015-07-07,42316788.0,22.77,25.30,22.77,22.99,1826041.0
2015-07-06,41009528.0,25.30,30.92,25.30,30.92,1489164.0
2015-07-03,74538976.0,28.11,32.60,26.68,29.40,2606265.0
2015-07-02,45290104.0,29.64,33.53,29.64,33.00,1459622.0
2015-07-01,89644232.0,32.93,38.20,32.07,35.50,2434419.0
2015-06-30,87206072.0,35.54,36.16,30.74,30.74,2640052.0
2015-06-29,90736584.0,34.16,38.72,34.16,37.88,2604401.0
2015-06-26,46224412.0,37.95,41.00,37.95,41.00,1188369.0
2015-06-25,74256664.0,42.17,47.79,42.17,47.30,1660612.0
2015-06-24,71377992.0,46.85,47.60,45.50,45.84,1528261.0
2015-06-23,71004784.0,45.84,46.97,43.50,45.00,1563648.0
2015-06-19,63754028.0,46.44,48.00,45.31,48.00,1376674.0
2015-06-18,114781872.0,48.99,53.00,46.35,51.50,2245156.0
2015-06-17,146828976.0,51.50,51.59,46.06,48.00,2943755.0
2015-06-16,97807648.0,48.00,48.86,45.52,48.86,2066550.0
2015-06-15,96621024.0,49.02,51.79,47.67,51.00,1950160.0
2015-06-12,127773624.0,51.52,53.10,49.74,50.03,2460116.0
2015-06-11,88005656.0,49.73,49.90,48.67,49.90,1781933.0
2015-06-10,110772328.0,49.45,50.10,46.50,48.29,2260006.0
2015-06-09,125668792.0,48.78,49.50,44.55,46.52,2627827.0
2015-06-08,153811824.0,46.70,51.34,46.60,51.31,3204410.0
2015-06-05,235986128.0,51.30,55.05,48.80,54.00,4542167.0
2015-06-04,291875680.0,53.75,57.44,53.34,57.44,5331516.0
2015-06-03,496984800.0,59.27,59.27,52.55,53.88,8823482.0
2015-06-02,246136032.0,53.88,54.88,52.30,54.85,4561803.0
2015-06-01,89180272.0,53.10,53.10,49.58,50.50,1723628.0
2015-05-29,95946344.0,49.70,52.50,45.67,50.30,1926815.0
2015-05-28,108941824.0,50.00,55.55,48.81,53.70,2031643.0
2015-05-27,115640648.0,54.23,57.50,53.92,57.00,2112693.0
2015-05-26,104720408.0,56.38,56.68,54.38,54.66,1876536.0
2015-05-25,90626120.0,54.69,54.98,51.70,52.80,1699666.0
2015-05-22,102837576.0,54.40,57.50,53.40,56.00,1864590.0
2015-05-21,157915184.0,55.88,58.11,55.00,57.68,2817470.0
2015-05-20,134492592.0,58.56,61.29,56.88,58.71,2302518.0
2015-05-19,100599752.0,58.71,61.00,54.10,55.95,1763933.0
2015-05-18,131975096.0,55.80,56.00,50.18,50.47,2451574.0
2015-05-15,63590252.0,51.28,52.00,46.00,48.01,1293299.0
2015-05-14,89510296.0,49.73,49.73,44.99,46.99,1193559.0
2015-05-13,86051336.0,47.41,48.12,45.61,47.31,1140045.0
2015-05-12,113941352.0,48.79,48.79,42.72,44.36,1567535.0
2015-05-11,122668440.0,44.36,45.10,41.14,41.14,1769400.0
2015-05-08,62260456.0,41.17,41.54,39.12,39.37,959147.0
2015-05-07,40929140.0,39.59,39.61,37.80,39.13,656889.0
2015-05-06,67387008.0,39.13,39.99,38.11,38.24,1074446.0
2015-05-05,69569800.0,38.24,40.60,38.11,39.93,1112394.0
2015-05-04,102818048.0,39.93,40.64,39.23,39.36,1599623.0
2015-04-30,84148408.0,39.49,43.11,39.06,41.61,1299979.0
2015-04-29,19228998.0,41.61,41.86,39.38,39.99,289471.0
2015-04-28,50286708.0,41.36,43.71,41.27,43.08,748197.0
2015-04-27,58997512.0,42.21,44.04,41.99,41.99,860861.0
2015-04-24,25577280.0,41.42,42.92,40.67,42.92,384384.0
2015-04-23,40849820.0,43.11,45.42,42.42,45.35,586596.0
2015-04-22,64676220.0,43.72,44.05,41.23,41.61,940745.0
2015-04-21,36614400.0,40.86,40.92,39.28,39.28,564697.0
2015-04-20,27224360.0,39.54,40.28,38.15,39.43,435110.0
2015-04-17,53153736.0,39.50,41.80,39.43,41.80,825795.0
2015-04-16,53755820.0,41.61,42.49,39.37,40.43,815962.0
2015-04-15,38835136.0,41.24,44.04,41.24,43.73,572103.0
2015-04-14,69269536.0,43.74,45.61,40.61,43.24,1006037.0
2015-04-13,57852604.0,43.24,45.30,42.52,43.74,831451.0
2015-04-10,62788440.0,43.74,46.45,42.03,42.03,881544.0
2015-04-09,91716664.0,44.47,45.92,38.74,41.78,1344499.0
2015-04-08,113170888.0,42.36,42.50,39.43,39.43,1725940.0
2015-04-07,118173728.0,39.31,39.84,38.71,39.36,1879090.0
2015-04-03,63068044.0,39.37,40.09,38.74,40.01,1001952.0
2015-04-02,83481992.0,40.01,41.55,39.24,40.74,1306363.0
2015-04-01,97490640.0,40.80,41.86,38.04,38.62,1521696.0
2015-03-31,79609472.0,38.88,40.21,37.20,39.24,1283152.0
2015-03-30,119688464.0,39.92,42.11,38.36,41.94,1880319.0
2015-03-27,143009440.0,42.62,43.02,37.81,39.02,2164876.0
2015-03-26,188050880.0,39.11,41.24,36.86,37.64,2965847.0
2015-03-25,158897184.0,38.80,41.55,37.68,38.67,2489893.0
2015-03-24,161740128.0,38.94,38.94,35.43,36.74,2682788.0
2015-03-23,101178600.0,35.40,36.14,34.32,36.14,1779929.0
2015-03-20,160966032.0,34.98,34.98,31.30,31.30,3070463.0
2015-03-19,94365808.0,31.80,32.80,30.40,31.18,1860483.0
2015-03-18,71819320.0,31.65,32.02,30.35,31.17,1441338.0
2015-03-17,192158144.0,31.24,33.86,29.37,32.80,3726647.0
2015-03-16,145129824.0,31.72,31.72,28.50,29.13,2974170.0
2015-03-13,45255128.0,28.83,29.36,28.11,28.55,973634.0
2015-03-12,52281132.0,28.62,29.24,27.65,28.74,1154458.0
2015-03-11,37088556.0,29.35,29.46,28.10,28.74,798557.0
2015-03-10,62161232.0,28.61,29.68,27.50,28.74,1357020.0
2015-03-09,84989472.0,29.05,29.12,26.59,26.92,1880645.0
2015-03-06,49197772.0,26.49,27.90,25.94,26.87,1150727.0
2015-03-05,102083736.0,27.50,28.71,26.65,26.67,2285376.0
2015-03-04,68715400.0,26.94,27.37,25.65,26.51,1616020.0
2015-03-03,97618576.0,27.37,28.43,25.80,25.94,2263181.0
2015-03-02,93863512.0,25.93,26.53,25.62,26.19,2254567.0
2015-02-27,92183832.0,26.42,26.42,25.00,25.94,2237339.0
2015-02-26,186164048.0,26.47,27.14,24.94,25.62,4434337.0
2015-02-25,37747264.0,24.67,24.67,23.74,23.74,967601.0
2015-02-17,54484364.0,22.42,23.68,21.27,21.75,1521117.0
2015-02-16,66522160.0,21.84,21.84,19.79,19.81,1958635.0
2015-02-13,42639864.0,19.85,19.95,19.18,19.36,1351015.0
2015-02-12,28275912.0,19.18,19.18,18.41,18.41,937304.0
2015-02-11,22654108.0,18.61,18.76,18.14,18.29,763985.0
2015-02-10,30121734.0,18.23,19.31,18.17,18.74,1021798.0
2015-02-09,35821696.0,18.76,19.68,18.43,19.24,1194386.0
2015-02-06,46048428.0,19.23,20.04,18.54,18.54,1514823.0
2015-02-05,33843308.0,18.68,18.93,18.13,18.49,1128265.0
2015-02-04,20951870.0,18.49,18.71,18.28,18.37,710905.0
2015-02-03,69502128.0,18.52,18.93,18.12,18.34,2357131.0
2015-02-02,29223070.0,18.34,18.67,17.99,18.43,994757.0
2015-01-30,41532056.0,18.74,18.93,18.38,18.66,1387523.0
2015-01-29,50116472.0,18.75,18.99,18.33,18.86,1674845.0
2015-01-28,68040952.0,19.02,19.03,17.51,17.81,2280036.0
2015-01-27,91610984.0,17.88,18.36,16.99,17.48,3227261.0
2015-01-26,38127596.0,17.71,18.12,17.31,17.31,1342597.0
2015-01-23,53422696.0,17.48,18.11,16.99,17.15,1911186.0
2015-01-22,34242104.0,17.11,17.21,16.82,16.82,1254669.0
2015-01-21,44695300.0,16.82,17.17,16.37,16.71,1664057.0
2015-01-20,49521188.0,16.55,16.62,15.62,15.84,1908709.0
2015-01-19,55688856.0,15.62,16.37,15.12,15.43,2184996.0
2015-01-16,40711732.0,15.75,15.84,15.06,15.43,1634376.0
2015-01-15,42649556.0,15.48,16.37,15.31,16.24,1696020.0
2015-01-14,43482976.0,16.15,16.24,15.17,15.36,1706500.0
2015-01-13,27990034.0,15.45,15.58,15.25,15.38,1132196.0
2015-01-12,46011696.0,15.23,15.43,14.25,14.51,1900244.0
2015-01-09,25631132.0,14.56,14.91,14.21,14.50,1093531.0
2015-01-08,28990218.0,14.53,14.70,14.16,14.23,1254192.0
2015-01-07,15990796.0,14.23,14.46,14.07,14.46,703957.0
2015-01-06,23134666.0,14.43,14.48,13.68,13.73,1023335.0
2015-01-05,18503626.0,13.71,14.30,13.51,14.30,842092.0
2014-12-31,13212411.0,14.37,14.48,13.90,14.00,579246.0
2014-12-30,18917882.0,14.21,14.58,13.95,14.06,834126.0
2014-12-29,28128364.0,14.06,15.68,14.06,15.68,1210745.0
2014-12-26,15529897.0,15.48,15.73,15.25,15.62,626226.0
2014-12-25,9115845.0,15.45,15.50,15.23,15.42,370630.0
2014-12-24,16465884.0,15.28,15.40,14.84,14.99,674555.0
2014-12-23,14116983.0,14.79,15.22,14.40,14.40,592512.0
2014-12-22,31334330.0,14.62,15.31,14.46,15.31,1321600.0
2014-12-19,23892120.0,15.81,16.61,15.68,16.58,921735.0
2014-12-18,24062368.0,16.72,16.99,16.24,16.39,895262.0
2014-12-17,24455188.0,16.39,16.93,16.24,16.73,921362.0
2014-12-16,28818912.0,16.71,17.41,16.68,17.21,1066692.0
2014-12-15,42083644.0,17.23,17.23,16.28,16.49,1560865.0
2014-12-12,36242552.0,16.52,16.71,16.11,16.14,1380109.0
2014-12-11,32601692.0,16.11,16.65,15.63,15.63,1258709.0
2014-12-10,30652884.0,16.16,16.36,15.67,15.67,1193233.0
2014-12-09,58523308.0,15.62,17.01,15.40,16.81,2274233.0
2014-12-08,37039012.0,16.81,17.24,16.42,16.98,1374034.0
2014-12-05,75305256.0,17.36,18.14,16.81,18.14,2710440.0
2014-12-04,36553680.0,18.17,18.62,17.99,18.23,1246107.0
2014-12-03,45537608.0,18.24,18.73,17.70,18.54,1585672.0
2014-12-02,36345088.0,18.53,18.78,18.18,18.43,1223550.0
2014-12-01,72716968.0,18.68,19.81,17.74,19.81,2462510.0
2014-11-28,53887780.0,19.72,19.99,18.96,19.29,1716399.0
2014-11-27,43884560.0,19.28,19.58,18.74,19.40,1424332.0
2014-11-26,82397696.0,19.32,19.99,18.37,18.37,2650517.0
2014-11-25,52259172.0,18.34,18.34,17.31,17.47,1816816.0
2014-11-24,64710448.0,17.49,18.24,17.46,18.13,2288795.0
2014-11-21,17097336.0,18.23,18.47,17.96,18.07,586628.0
2014-11-20,23917216.0,18.07,18.46,17.93,18.28,824816.0
2014-11-19,46660472.0,18.54,18.69,17.36,17.59,1602649.0
2014-11-18,29189140.0,17.71,18.49,17.71,17.93,1007918.0
2014-11-17,47511012.0,17.93,18.06,17.34,17.36,1669336.0
2014-11-14,52132668.0,17.25,18.10,17.06,17.93,1858217.0
2014-11-13,86131096.0,18.71,20.68,18.71,20.68,2803726.0
2014-11-12,54413896.0,20.79,20.87,19.99,20.12,1657187.0
2014-11-11,76993208.0,20.04,20.91,19.73,19.74,2374383.0
2014-11-10,67208832.0,19.93,20.48,19.49,20.48,2121950.0
2014-11-07,62103552.0,20.38,21.76,20.01,21.20,1863857.0
2014-11-06,76266816.0,21.15,21.18,19.89,20.12,2337372.0
2014-11-05,41079904.0,20.10,20.93,19.99,20.93,1266909.0
2014-11-04,71872936.0,20.96,22.12,20.38,22.02,2131092.0
2014-11-03,58382064.0,22.37,22.92,21.46,21.98,1647290.0
2014-10-31,109425160.0,22.12,23.49,21.06,22.48,3046144.0
2014-10-30,91922992.0,22.12,22.43,20.13,20.34,2691620.0
2014-10-29,74114776.0,20.43,21.24,19.76,20.49,2268870.0
2014-10-28,78263576.0,20.43,21.06,19.65,20.17,2400052.0
2014-10-27,70043888.0,19.88,20.54,18.59,18.95,2212460.0
2014-10-24,72085144.0,18.93,19.34,17.81,18.12,2398424.0
2014-10-23,76013992.0,18.27,18.74,17.81,18.70,2619621.0
2014-10-22,128989968.0,18.56,19.29,17.76,17.76,4360045.0
2014-10-21,101755360.0,17.64,18.14,16.44,16.62,3635647.0
2014-10-20,50218700.0,16.62,16.74,16.31,16.74,1893675.0
2014-10-17,59686452.0,16.49,17.39,16.18,17.19,2243237.0
2014-10-16,55131464.0,17.12,18.22,17.06,17.62,1951915.0
2014-10-15,86982936.0,17.99,18.40,16.94,17.84,3084044.0
2014-10-14,116732504.0,17.84,18.59,17.43,18.59,4099191.0
2014-10-13,99804264.0,18.41,19.47,18.09,18.68,3337514.0
2014-10-10,102380112.0,19.09,19.49,18.19,18.52,3365001.0
2014-10-09,118957352.0,18.62,18.81,17.22,17.51,4122744.0
2014-10-08,63835528.0,17.68,17.77,16.19,16.28,2330972.0
2014-09-30,32741958.0,16.39,16.39,16.01,16.24,1266026.0
2014-09-29,63848604.0,16.29,17.03,15.87,16.43,2438814.0
2014-09-26,61352764.0,16.33,16.61,15.00,15.25,2387008.0
2014-09-25,51391324.0,15.13,15.59,15.01,15.01,2101478.0
2014-09-24,45547068.0,14.93,15.00,14.30,14.55,1936574.0
2014-09-23,34939512.0,14.63,14.68,14.30,14.39,1499951.0
2014-09-22,36058440.0,14.38,14.63,14.06,14.63,1573622.0
2014-09-19,44253036.0,14.73,14.92,14.18,14.28,1890160.0
2014-09-18,29124152.0,14.30,14.30,13.81,13.93,1285922.0
2014-09-17,45938240.0,14.00,14.35,13.59,13.87,2053679.0
2014-09-16,62017808.0,13.86,14.81,13.63,14.62,2711436.0
2014-09-15,61964376.0,14.58,14.90,14.05,14.25,2669528.0
2014-09-12,50326644.0,14.10,14.30,13.62,13.73,2236960.0
2014-09-11,57860744.0,13.75,13.91,13.30,13.30,2650412.0
2014-09-10,29777540.0,13.30,13.42,12.93,13.10,1402802.0
2014-09-09,28322778.0,13.13,13.26,12.96,13.26,1350755.0
2014-09-05,24537878.0,13.23,13.25,13.03,13.12,1167804.0
2014-09-04,32111272.0,13.10,13.21,12.87,13.09,1535529.0
2014-09-03,46817256.0,13.06,13.42,12.86,12.86,2227690.0
2014-09-02,42272792.0,12.81,12.87,12.69,12.69,2065053.0
2014-09-01,33290936.0,12.69,12.78,12.45,12.45,1645251.0
2014-08-29,21978392.0,12.45,12.46,12.18,12.21,1112478.0
2014-08-28,19802922.0,12.18,12.31,12.03,12.08,1017913.0
2014-08-27,20349128.0,12.14,12.25,12.05,12.05,1046189.0
2014-08-26,29140712.0,12.05,12.48,11.98,12.37,1494995.0
2014-08-25,35897704.0,12.38,12.59,12.34,12.55,1802780.0
2014-08-22,50703784.0,12.55,12.67,12.26,12.30,2547482.0
2014-08-21,36325064.0,12.30,12.40,12.13,12.35,1852301.0
2014-08-20,36202756.0,12.19,12.29,12.11,12.22,1856301.0
2014-08-19,47219468.0,12.20,12.23,12.06,12.21,2425359.0
2014-08-18,37822772.0,12.17,12.26,11.97,11.98,1948970.0
2014-08-15,26368724.0,11.96,11.98,11.78,11.85,1381963.0
2014-08-14,26226202.0,11.85,11.98,11.75,11.90,1381561.0
2014-08-13,33992008.0,11.86,12.04,11.78,11.90,1788802.0
2014-08-12,35333416.0,12.02,12.16,11.94,12.00,1833807.0
2014-08-11,31513252.0,11.91,12.00,11.85,11.93,1650851.0
2014-08-08,47229636.0,11.88,12.00,11.78,11.81,2479780.0
2014-08-07,90124384.0,11.89,11.93,11.65,11.78,4784215.0
2014-08-06,150189040.0,12.09,13.55,12.00,12.36,7558832.0
2014-08-05,98554576.0,12.40,12.40,11.62,11.62,4999678.0
2014-08-04,20073276.0,11.27,11.62,11.27,11.43,1094667.0
2014-08-01,14665285.0,11.46,11.72,11.45,11.60,792051.0
2014-07-31,12229276.0,11.60,11.67,11.50,11.52,659995.0
2014-07-30,23081498.0,11.48,11.75,11.43,11.52,1244397.0
2014-07-29,16575904.0,11.59,11.64,11.38,11.43,896214.0
2014-07-28,13633895.0,11.42,11.55,11.15,11.32,749937.0
2014-07-25,10933706.0,11.30,11.32,11.06,11.23,608257.0
2014-07-24,19473446.0,11.17,11.43,11.03,11.32,1087080.0
2014-07-23,25071146.0,11.43,11.92,10.93,11.90,1363407.0
2014-07-22,16160454.0,11.87,11.91,11.70,11.87,853946.0
2014-07-21,16475031.0,11.87,11.91,11.50,11.66,877521.0
2014-07-18,13626387.0,11.57,11.80,11.53,11.74,728207.0
2014-07-17,26303276.0,11.73,11.80,11.38,11.44,1407639.0
2014-07-16,18818392.0,11.44,11.72,11.32,11.60,1021124.0
2014-07-15,39889348.0,11.60,11.98,11.47,11.98,2138333.0
2014-07-14,37563496.0,12.05,12.15,11.68,11.84,1976556.0
2014-07-11,61115672.0,11.93,12.80,11.88,12.61,3093119.0
2014-07-10,39245360.0,12.12,12.12,11.57,11.62,2065486.0
2014-07-09,47708524.0,11.67,12.28,11.63,12.00,2492964.0
2014-07-08,59661320.0,12.06,12.28,11.48,11.68,3131149.0
2014-07-07,42986540.0,11.68,11.81,11.48,11.81,2304993.0
2014-07-04,64026404.0,11.80,11.87,11.28,11.34,3433510.0
2014-07-03,52150352.0,11.45,11.60,11.26,11.48,2851629.0
2014-07-02,55973340.0,11.52,11.80,11.25,11.36,3030539.0
2014-07-01,51331888.0,11.36,11.55,11.23,11.37,2816812.0
2014-06-30,53654180.0,11.25,11.46,10.93,10.93,2969194.0
2014-06-27,28517902.0,10.94,11.02,10.83,10.93,1630979.0
2014-06-26,33559472.0,10.90,11.03,10.63,10.63,1923295.0
2014-06-25,18767510.0,10.68,10.72,10.47,10.50,1108972.0
2014-06-24,20119610.0,10.53,10.65,10.50,10.52,1192035.0
2014-06-23,24237354.0,10.53,10.62,10.40,10.43,1437495.0
2014-06-20,20766992.0,10.39,10.42,10.15,10.17,1261826.0
2014-06-19,46567540.0,10.15,10.84,10.12,10.73,2772439.0
2014-06-18,64111536.0,10.73,11.59,10.73,11.45,3587013.0
2014-06-17,75940832.0,11.51,11.55,11.06,11.16,4190338.0
2014-06-16,42432084.0,11.16,11.37,11.03,11.11,2366829.0
2014-06-13,51606100.0,11.09,11.49,11.08,11.27,2871183.0
2014-06-12,33808408.0,11.25,11.47,11.20,11.34,1868050.0
2014-06-11,40997800.0,11.32,11.52,11.26,11.37,2254420.0
2014-06-10,69667432.0,11.33,11.81,10.62,10.83,3871312.0
2014-06-09,16009997.0,10.82,10.93,10.73,10.93,924673.0
2014-06-06,42257776.0,10.85,11.13,10.44,10.52,2439733.0
2014-06-05,16420894.0,10.51,10.58,10.25,10.32,980382.0
2014-06-04,27484722.0,10.34,10.67,10.23,10.67,1659610.0
2014-06-03,32939046.0,10.62,10.82,10.62,10.69,1920771.0
2014-05-30,63305484.0,10.95,11.63,10.67,10.75,3586883.0
2014-05-29,36268352.0,10.58,11.00,10.58,10.84,2118883.0
2014-05-28,32665248.0,10.91,11.12,10.73,10.94,1870224.0
2014-05-27,39457724.0,10.97,11.00,10.49,10.76,1747567.0
2014-05-26,46189580.0,10.77,11.09,10.57,10.68,2036899.0
2014-05-23,19516288.0,10.72,10.80,10.59,10.67,875117.0
2014-05-22,30484916.0,10.65,10.74,10.49,10.60,1372348.0
2014-05-21,31783406.0,10.63,10.76,10.05,10.05,1452337.0
2014-05-20,17843870.0,10.17,10.48,10.11,10.31,830289.0
2014-05-19,19385246.0,10.21,10.22,9.82,9.95,924050.0
2014-05-16,22853766.0,9.99,10.00,9.53,9.87,1115443.0
2014-05-15,30314678.0,9.87,10.35,9.83,10.21,1443314.0
2014-05-14,29230492.0,10.22,10.69,10.20,10.48,1339738.0
2014-05-13,33358110.0,10.49,10.91,10.43,10.91,1505469.0
2014-05-12,45777732.0,10.91,10.96,10.53,10.72,2038886.0
2014-05-09,60498820.0,10.66,10.91,10.11,10.25,2721030.0
2014-05-08,30627532.0,10.25,10.51,9.95,10.03,1421203.0
2014-05-07,30836374.0,10.14,10.60,10.08,10.57,1416971.0
2014-05-06,49743824.0,10.68,10.91,10.26,10.36,2238121.0
2014-05-05,29393234.0,10.24,10.24,9.88,10.22,1396833.0
2014-04-30,39546296.0,10.24,10.48,10.14,10.28,1835609.0
2014-04-29,46257136.0,10.30,10.30,9.83,9.95,2194024.0
2014-04-28,41951384.0,9.99,10.19,9.57,9.61,2031205.0
2014-04-25,26464006.0,9.64,9.93,9.63,9.93,1291599.0
2014-04-24,57950300.0,9.99,10.28,9.38,9.44,2787421.0
2014-04-23,10318696.0,9.42,9.47,9.19,9.20,527534.0
2014-04-22,9628421.0,9.18,9.43,9.05,9.29,500499.0
2014-04-21,9656648.0,9.39,9.51,9.29,9.38,492441.0
2014-04-18,7592830.0,9.46,9.50,9.35,9.35,384958.0
2014-04-17,7315654.0,9.41,9.47,9.24,9.33,371709.0
2014-04-16,12588444.0,9.33,9.50,9.28,9.47,641622.0
2014-04-15,11171692.0,9.57,9.73,9.51,9.70,556860.0
2014-04-14,10522949.0,9.70,9.70,9.50,9.50,523867.0
2014-04-11,15285207.0,9.48,9.64,9.41,9.63,768312.0
2014-04-10,21466216.0,9.67,9.81,9.60,9.70,1057750.0
2014-04-09,19986536.0,9.69,9.71,9.47,9.47,997250.0
2014-04-08,12389262.0,9.47,9.51,9.29,9.38,629111.0
2014-04-04,18147580.0,9.46,9.50,9.20,9.26,921002.0
2014-04-03,16644744.0,9.26,9.49,9.09,9.21,854172.0
2014-04-02,13342719.0,9.20,9.22,9.04,9.09,699885.0
2014-04-01,10775905.0,9.23,9.25,9.12,9.17,561150.0
2014-03-31,13249023.0,9.10,9.18,8.95,8.95,699448.0
2014-03-28,25782300.0,8.93,9.49,8.91,9.42,1349877.0
2014-03-27,33365524.0,9.42,10.05,9.38,10.05,1652290.0
2014-03-26,32735656.0,10.05,10.10,9.75,9.75,1575612.0
2014-03-25,38434228.0,9.74,10.14,9.64,9.71,1864854.0
2014-03-24,51325816.0,10.02,10.32,9.96,10.19,2427010.0
2014-03-21,65196908.0,10.43,10.64,10.00,10.36,3026845.0
2014-03-20,117189728.0,10.69,11.95,10.62,11.48,4983903.0
2014-03-19,37802412.0,11.05,11.05,10.10,10.14,1675323.0
2014-03-18,39060516.0,10.05,10.33,9.67,9.75,1863837.0
2014-03-17,26026720.0,9.75,9.90,9.21,9.21,1300891.0
2014-03-14,9436834.0,9.22,9.30,9.05,9.12,491612.0
2014-03-13,9009958.0,9.20,9.20,9.01,9.09,471947.0
2014-03-12,7895716.0,9.09,9.17,8.89,9.01,418008.0
2014-03-11,8843617.0,9.02,9.21,8.89,9.00,468304.0
2014-03-10,14781508.0,9.09,9.59,9.09,9.59,762003.0
2014-03-07,23651732.0,9.63,9.84,9.46,9.52,1171864.0
2014-03-06,13945029.0,9.49,9.52,9.21,9.43,709724.0
2014-03-05,17538206.0,9.46,9.68,9.34,9.41,881670.0
2014-03-04,16317197.0,9.40,9.49,9.24,9.43,833857.0
2014-03-03,16911022.0,9.47,9.48,9.10,9.22,866856.0
2014-02-28,15329835.0,9.26,9.38,8.95,9.29,796318.0
2014-02-27,19792940.0,9.47,9.69,8.88,9.43,1010057.0
2014-02-26,20328392.0,9.47,9.55,9.10,9.27,1039962.0
2014-02-25,43770576.0,9.42,10.47,9.34,10.12,2093055.0
2014-02-24,31873898.0,10.20,10.28,9.82,10.10,1521112.0
2014-02-21,51556276.0,10.20,10.66,10.04,10.23,2393073.0
2014-02-20,38759000.0,9.97,10.24,9.82,10.21,1852501.0
2014-02-19,56146616.0,10.24,10.43,9.91,10.10,2635728.0
2014-02-18,37229864.0,10.02,10.17,9.82,10.13,1779302.0
2014-02-17,50973884.0,10.14,10.49,9.82,9.82,2397712.0
2014-02-14,54830924.0,9.81,9.81,9.35,9.45,2729816.0
2014-02-13,49330800.0,9.53,9.80,9.47,9.67,2452640.0
2014-02-12,50407060.0,9.69,9.76,9.39,9.39,2501742.0
2014-02-11,57499236.0,9.38,9.67,9.22,9.43,2921602.0
2014-02-10,53641908.0,9.44,9.57,9.33,9.43,2711698.0
2014-02-07,41848236.0,9.31,9.31,8.72,8.85,2184105.0
2014-01-30,24613980.0,8.91,9.19,8.88,9.19,1308143.0
2014-01-29,34321764.0,9.19,9.24,8.87,8.87,1806740.0
2014-01-28,40756140.0,8.86,9.02,8.72,9.02,2200931.0
2014-01-27,48836884.0,9.10,9.33,9.03,9.33,2542715.0
2014-01-24,89446744.0,9.40,9.56,8.88,8.93,4647280.0
2014-01-23,47385908.0,8.99,9.04,8.73,8.73,2543745.0
2014-01-22,31654264.0,8.78,8.79,8.48,8.56,1740358.0
2014-01-21,23672974.0,8.56,8.57,8.35,8.37,1335175.0
2014-01-20,17101790.0,8.39,8.55,8.35,8.45,967795.0
2014-01-17,20131606.0,8.44,8.57,8.41,8.41,1135393.0
2014-01-16,25682164.0,8.41,8.58,8.38,8.46,1450968.0
2014-01-15,26619474.0,8.46,8.50,8.29,8.35,1515460.0
2014-01-14,27008854.0,8.30,8.32,7.90,8.01,1585307.0
2014-01-13,22670612.0,7.96,8.05,7.86,7.90,1362844.0
2014-01-10,37581256.0,7.90,8.42,7.82,8.33,2208537.0
2014-01-09,42085348.0,8.37,9.01,8.37,9.00,2308580.0
2014-01-08,40444864.0,9.01,9.09,8.83,8.83,2147328.0
2014-01-07,17574504.0,8.83,8.88,8.62,8.76,958833.0
2014-01-06,35889440.0,8.77,9.29,8.65,9.24,1918895.0
2014-01-03,50463504.0,9.28,9.32,9.01,9.08,2626995.0
2014-01-02,28187314.0,9.09,9.12,8.88,8.94,1494866.0
2013-12-31,40542112.0,8.89,9.20,8.88,9.18,2157020.0
2013-12-30,56464972.0,9.27,9.31,8.90,9.01,2957370.0
2013-12-27,41034744.0,8.98,9.07,8.71,8.76,2194598.0
2013-12-26,42234668.0,8.77,9.09,8.76,9.04,2276193.0
2013-12-25,61107480.0,9.02,9.03,8.56,8.56,3278825.0
2013-12-24,26479244.0,8.57,8.70,8.31,8.39,1479854.0
2013-12-23,24178500.0,8.30,8.61,8.18,8.59,1390933.0
2013-12-20,18645120.0,8.57,8.70,8.53,8.63,1035176.0
2013-12-19,24471532.0,8.63,8.77,8.53,8.57,1350829.0
2013-12-18,25171856.0,8.53,8.79,8.52,8.75,1396927.0
2013-12-17,29371432.0,8.76,8.80,8.53,8.65,1622828.0
2013-12-16,51945740.0,8.69,9.08,8.63,8.95,2807656.0
2013-12-13,68324592.0,9.00,9.27,8.88,8.94,3602381.0
2013-12-12,81982104.0,8.97,9.18,8.85,8.95,4339133.0
2013-12-11,87982392.0,9.06,9.78,8.90,9.44,4513104.0
2013-12-10,92202040.0,9.55,9.90,9.18,9.67,4611877.0
2013-12-09,149757888.0,9.94,10.52,9.85,10.03,7073213.0
2013-12-06,112917176.0,9.80,9.80,9.04,9.09,5612366.0
2013-12-05,52942132.0,8.91,9.12,8.73,9.12,2846108.0
2013-12-04,85051696.0,9.13,9.66,9.13,9.18,4334741.0
2013-12-03,115012864.0,9.33,9.66,8.81,9.10,6050192.0
2013-12-02,61053960.0,9.79,10.03,9.79,9.81,2975412.0
2013-11-29,170470912.0,10.87,11.18,10.53,10.75,7521673.0
2013-11-28,179844384.0,10.91,10.95,9.83,9.88,8286004.0
2013-11-27,161796416.0,9.95,10.52,9.58,9.67,7723411.0
2013-11-26,176023520.0,9.58,9.78,8.73,8.89,8885487.0
2013-11-25,93315688.0,8.89,9.12,8.32,8.45,5058581.0
2013-11-22,27415072.0,8.29,8.40,8.23,8.32,1579628.0
2013-11-21,57960104.0,8.40,8.78,8.21,8.28,3258114.0
2013-11-20,57845956.0,8.38,8.45,8.27,8.42,3315241.0
2013-11-19,70749144.0,8.54,8.56,8.21,8.37,4060122.0
2013-11-18,55298068.0,8.47,8.60,8.13,8.17,3131863.0
2013-11-15,33722196.0,8.18,8.36,8.13,8.13,1957602.0
2013-11-14,35387112.0,8.16,8.19,7.68,7.84,2105645.0
2013-11-13,13578892.0,7.83,7.91,7.68,7.68,833165.0
2013-11-12,26566066.0,7.84,8.03,7.47,7.55,1620771.0
2013-11-11,7602011.0,7.55,7.61,7.19,7.25,490729.0
2013-11-08,5049372.0,7.23,7.38,7.19,7.32,332537.0
2013-11-07,4564529.0,7.36,7.56,7.35,7.50,293485.0
2013-11-06,6123857.0,7.58,7.68,7.56,7.68,384507.0
2013-11-05,5484867.0,7.63,7.73,7.50,7.52,344831.0
2013-11-04,6923922.0,7.60,7.68,7.34,7.40,438327.0
2013-11-01,5533074.0,7.40,7.56,7.35,7.51,357005.0
2013-10-31,9522572.0,7.51,7.65,7.25,7.44,610482.0
2013-10-30,9135816.0,7.46,7.46,7.14,7.22,597472.0
2013-10-29,6080266.0,7.19,7.67,6.99,7.63,399619.0
2013-10-28,4227056.0,7.63,7.65,7.47,7.48,268040.0
2013-10-25,7718583.0,7.47,7.75,7.46,7.73,489234.0
2013-10-24,6813461.0,7.69,7.77,7.66,7.66,423080.0
2013-10-23,9998430.0,7.68,8.05,7.66,7.96,612430.0
2013-10-22,14141385.0,7.99,8.16,7.95,8.10,841817.0
2013-10-21,9037291.0,8.16,8.20,7.93,7.96,536101.0
2013-10-18,5867587.0,7.95,8.01,7.87,7.94,353660.0
2013-10-17,8873564.0,7.87,8.00,7.81,7.85,537448.0
2013-10-16,14246565.0,7.87,8.24,7.82,8.18,849913.0
2013-10-15,16198462.0,8.23,8.49,8.19,8.39,937564.0
2013-10-14,18725878.0,8.40,8.80,8.27,8.32,1068954.0
2013-10-11,14571047.0,8.42,8.43,8.25,8.33,837085.0
2013-10-10,15140789.0,8.25,8.52,8.22,8.45,865892.0
2013-10-09,13682730.0,8.46,8.55,8.43,8.43,772656.0
2013-10-08,17309336.0,8.54,8.58,8.35,8.43,978940.0
2013-09-30,22454036.0,8.46,8.56,8.08,8.13,1275058.0
2013-09-27,14124696.0,8.13,8.33,8.01,8.13,824172.0
2013-09-26,16934190.0,8.13,8.33,8.04,8.06,985846.0
2013-09-25,11234061.0,8.06,8.21,7.98,8.03,663344.0
2013-09-24,7721328.0,8.06,8.12,7.97,8.00,459688.0
2013-09-23,11606194.0,8.05,8.19,7.80,7.86,688651.0
2013-09-18,4203029.0,7.87,7.90,7.70,7.75,256716.0
2013-09-17,6874775.0,7.74,7.95,7.74,7.95,419619.0
2013-09-16,6674355.0,7.95,8.02,7.86,7.94,402349.0
2013-09-13,7210082.0,7.92,7.93,7.76,7.90,438882.0
2013-09-12,7869299.0,7.90,7.97,7.80,7.87,477510.0
2013-09-11,12981876.0,7.88,8.05,7.80,8.03,789672.0
2013-09-10,12667285.0,8.08,8.23,7.96,8.14,747436.0
2013-09-09,13272585.0,8.19,8.30,8.11,8.13,775532.0
2013-09-06,12069426.0,8.13,8.15,8.00,8.06,714019.0
2013-09-05,12701760.0,8.06,8.10,7.85,7.90,756385.0
2013-09-04,9302353.0,7.90,8.05,7.81,8.04,562065.0
2013-09-03,7805607.0,8.02,8.06,7.90,8.01,466487.0
2013-09-02,8247503.0,7.98,8.00,7.75,7.85,499543.0
2013-08-30,27907060.0,7.93,8.27,7.66,8.17,1692173.0
2013-08-29,20656012.0,8.21,8.38,8.12,8.38,1199825.0
2013-08-28,30486406.0,8.38,8.70,8.29,8.37,1716961.0
2013-08-27,21437548.0,8.45,8.48,8.23,8.45,1227389.0
2013-08-26,28495240.0,8.45,8.47,8.13,8.23,1639920.0
2013-08-23,30607300.0,8.23,8.42,8.04,8.29,1776713.0
2013-08-22,25201194.0,8.33,8.47,8.22,8.23,1442380.0
2013-08-21,26176328.0,8.22,8.40,8.04,8.13,1516795.0
2013-08-20,24817660.0,8.19,8.28,8.05,8.05,1453521.0
2013-08-19,33804500.0,8.11,8.20,7.82,7.85,2011223.0
2013-08-16,43806044.0,7.90,8.61,7.90,8.47,2513720.0
2013-08-15,83112576.0,8.64,8.71,8.50,8.61,4615842.0
2013-08-14,145713376.0,8.91,8.91,8.07,8.10,7897687.0
2013-08-13,15074959.0,8.10,8.15,7.97,8.01,894081.0
2013-08-12,19474466.0,8.01,8.13,7.75,8.04,1169236.0
2013-08-09,28352402.0,8.02,8.37,7.89,8.32,1676247.0
2013-08-08,22470038.0,8.19,8.34,8.04,8.04,1309653.0
2013-08-07,27819392.0,8.13,8.40,8.00,8.33,1638337.0
2013-08-06,35794664.0,8.37,8.37,8.15,8.16,2065823.0
2013-08-05,36035880.0,8.24,8.28,8.09,8.19,2106584.0
2013-08-02,78102016.0,8.19,8.56,8.15,8.37,4467348.0
2013-08-01,61071116.0,8.28,8.28,7.46,7.48,3612061.0
2013-07-31,9398202.0,7.53,7.71,7.46,7.62,592307.0
2013-07-30,14870658.0,7.61,7.85,7.36,7.80,934580.0
2013-07-29,26103992.0,7.90,8.13,7.60,7.66,1576813.0
2013-07-26,12716686.0,7.72,7.73,7.33,7.54,807736.0
2013-07-25,24142938.0,7.54,8.00,7.53,7.94,1496643.0
2013-07-24,43904624.0,7.99,8.11,7.60,7.63,2651973.0
2013-07-23,22522690.0,7.68,7.69,7.52,7.52,1413164.0
2013-07-22,17719386.0,7.60,7.60,7.03,7.14,1158475.0
2013-07-19,18636338.0,7.27,7.73,7.27,7.57,1181182.0
2013-07-18,19322880.0,7.59,7.65,7.23,7.34,1237953.0
2013-07-17,18062680.0,7.36,7.63,7.35,7.52,1154304.0
2013-07-16,18090302.0,7.52,7.53,7.29,7.42,1166523.0
2013-07-15,18060938.0,7.40,7.40,7.03,7.09,1193479.0
2013-07-12,18413584.0,7.13,7.41,7.13,7.22,1208925.0
2013-07-11,23887090.0,7.30,7.37,6.86,7.03,1615654.0
2013-07-10,11092482.0,7.15,7.16,6.95,7.01,754695.0
2013-07-09,10658827.0,7.06,7.06,6.74,6.93,736705.0
2013-07-08,16268693.0,6.93,7.36,6.84,7.36,1093304.0
2013-07-05,22282142.0,7.47,7.90,7.47,7.73,1384452.0
2013-07-04,34587580.0,7.80,8.16,7.58,7.77,2091856.0
2013-07-03,37985728.0,7.86,8.04,7.66,7.71,2311815.0
2013-07-02,31108732.0,7.66,7.66,6.99,7.18,1976976.0
2013-07-01,2961487.0,6.96,7.01,6.79,6.86,205812.0
2013-06-28,5544814.0,6.82,6.98,6.70,6.91,388428.0
2013-06-27,8348504.0,6.93,7.16,6.84,7.04,569058.0
2013-06-26,8093085.0,7.08,7.15,6.87,6.90,553318.0
2013-06-25,6517590.0,6.94,6.94,6.41,6.84,469404.0
2013-06-24,8174890.0,6.74,7.06,6.64,7.02,571344.0
2013-06-21,9229501.0,7.05,7.17,6.70,7.17,634015.0
2013-06-20,14114052.0,7.30,7.66,7.19,7.34,901001.0
2013-06-19,8394161.0,7.42,7.43,7.23,7.36,548138.0
2013-06-18,6621974.0,7.33,7.39,7.13,7.20,435584.0
2013-06-17,9112281.0,7.29,7.41,7.15,7.23,597198.0
2013-06-14,7714917.0,7.23,7.23,7.00,7.02,518378.0
2013-06-13,4984432.0,6.98,7.08,6.70,7.08,345237.0
2013-06-07,8442845.0,7.21,7.24,7.04,7.05,564271.0
2013-06-06,5455718.0,7.06,7.21,7.03,7.17,368128.0
2013-06-05,6234821.0,7.24,7.32,7.06,7.29,413718.0
2013-06-04,12816018.0,7.37,7.42,7.00,7.41,853011.0
2013-06-03,9785093.0,7.40,7.59,7.37,7.55,625892.0
2013-05-31,12955920.0,7.55,7.73,7.54,7.66,812886.0
2013-05-30,14340517.0,7.68,7.73,7.47,7.48,900788.0
2013-05-29,9488423.0,7.54,7.56,7.40,7.46,605611.0
2013-05-28,17568990.0,7.54,7.71,7.27,7.66,1134728.0
2013-05-27,16374215.0,7.66,7.81,7.47,7.65,1020874.0
2013-05-24,14049129.0,7.66,7.69,7.40,7.47,888128.0
2013-05-23,16778030.0,7.56,7.65,7.35,7.39,1070472.0
2013-05-22,22246258.0,7.51,7.93,7.50,7.84,908619.0
2013-05-21,13146610.0,7.80,7.81,7.59,7.69,536120.0
2013-05-20,13686917.0,7.64,7.67,7.40,7.47,565916.0
2013-05-17,13556442.0,7.40,7.43,7.23,7.30,578199.0
2013-05-16,15638044.0,7.24,7.42,7.21,7.34,670553.0
2013-05-15,14524960.0,7.33,7.36,7.02,7.02,632679.0
2013-05-14,10715082.0,7.02,7.24,6.99,7.24,475135.0
2013-05-13,6815899.0,7.22,7.27,7.14,7.19,296952.0
2013-05-10,10982568.0,7.22,7.37,7.19,7.31,476218.0
2013-05-09,11198745.0,7.30,7.34,7.09,7.20,486142.0
2013-05-08,7733765.0,7.17,7.17,7.04,7.12,340935.0
2013-05-07,13238697.0,7.11,7.24,6.94,6.97,585330.0
2013-05-06,14392521.0,7.08,7.11,6.80,6.85,643118.0
2013-05-03,9121805.0,6.84,6.85,6.55,6.58,423199.0
2013-05-02,4716325.0,6.58,6.58,6.43,6.54,227128.0
2013-04-26,11469760.0,6.48,6.76,6.43,6.62,541714.0
2013-04-25,13466039.0,6.66,6.81,6.63,6.63,630039.0
2013-04-24,10362875.0,6.69,6.74,6.53,6.56,489368.0
2013-04-23,11006370.0,6.56,6.80,6.51,6.80,522594.0
2013-04-22,9078792.0,6.81,6.86,6.65,6.65,420603.0
2013-04-19,12886859.0,6.69,6.76,6.51,6.56,609173.0
2013-04-18,7693192.0,6.54,6.58,6.46,6.49,370378.0
2013-04-17,14459252.0,6.50,6.53,6.36,6.36,703418.0
2013-04-16,10398562.0,6.37,6.39,6.31,6.31,514100.0
2013-04-15,10698720.0,6.31,6.71,6.31,6.71,523520.0
2013-04-12,2469536.0,6.72,6.84,6.70,6.82,114500.0
2013-04-11,3592314.0,6.82,6.89,6.77,6.89,165375.0
2013-04-10,2661490.0,6.82,6.97,6.76,6.83,122051.0
2013-04-09,5512700.0,6.91,6.94,6.74,6.75,252119.0
2013-04-08,5136502.0,6.81,6.86,6.60,6.73,240538.0
2013-04-03,19102766.0,6.85,7.32,6.82,7.25,860799.0
2013-04-02,8346871.0,7.58,7.72,7.44,7.68,345706.0
2013-04-01,5391041.0,7.64,7.71,7.53,7.61,221483.0
2013-03-29,6353420.0,7.66,7.75,7.64,7.73,259570.0
2013-03-28,13412967.0,7.75,7.81,7.60,7.81,547613.0
2013-03-27,14911768.0,7.89,8.00,7.82,7.98,592878.0
2013-03-26,15621264.0,7.99,8.12,7.81,8.12,618439.0
2013-03-25,11843264.0,8.11,8.15,8.00,8.09,459601.0
2013-03-22,11438920.0,8.11,8.15,8.00,8.05,443771.0
2013-03-21,20103368.0,8.11,8.15,7.94,8.00,782249.0
2013-03-20,18764324.0,8.03,8.06,7.75,7.77,744183.0
2013-03-19,9417774.0,7.85,7.89,7.68,7.78,379040.0
2013-03-18,8893974.0,7.86,8.02,7.75,8.02,355405.0
2013-03-15,12913307.0,7.92,8.06,7.75,7.85,512298.0
2013-03-14,9330154.0,7.89,7.93,7.78,7.84,373001.0
2013-03-13,8522028.0,7.89,7.92,7.70,7.84,343241.0
2013-03-12,22305452.0,7.95,8.22,7.62,8.22,893606.0
2013-03-11,12387161.0,8.13,8.18,8.08,8.17,478019.0
2013-03-08,16762053.0,8.13,8.44,8.13,8.31,639406.0
2013-03-07,19787110.0,8.32,8.56,8.16,8.44,743313.0
2013-03-06,29911654.0,8.52,8.55,8.25,8.25,1117770.0
2013-03-05,18579344.0,8.30,8.34,8.06,8.16,708997.0
2013-03-04,32144274.0,8.11,8.61,8.06,8.61,1209194.0
2013-03-01,34741384.0,8.42,8.42,8.09,8.14,1318902.0
2013-02-28,19047046.0,8.19,8.19,7.86,7.94,745734.0
2013-02-27,10519329.0,7.90,8.11,7.87,7.94,412814.0
2013-02-26,13745932.0,8.02,8.13,7.91,8.00,536798.0
2013-02-25,15327127.0,8.05,8.09,7.80,7.84,606472.0
2013-02-22,7874697.0,7.84,7.96,7.81,7.96,313317.0
2013-02-21,14834339.0,7.84,8.09,7.84,8.02,587434.0
2013-02-20,14107780.0,8.12,8.13,7.91,8.09,550210.0
2013-02-19,15876988.0,7.96,8.23,7.84,8.23,624121.0
2013-02-18,15689054.0,8.22,8.30,8.09,8.28,601372.0
2013-02-08,30781690.0,8.22,8.33,7.88,7.90,1185250.0
2013-02-07,24136642.0,7.89,7.96,7.66,7.69,965256.0
2013-02-06,10723514.0,7.72,7.75,7.62,7.71,437687.0
2013-02-05,15025800.0,7.67,7.75,7.40,7.43,614605.0
2013-02-04,11244735.0,7.49,7.72,7.45,7.64,467776.0
2013-02-01,14343523.0,7.63,7.65,7.44,7.49,592715.0
2013-01-31,12961555.0,7.50,7.53,7.37,7.52,546772.0
2013-01-30,15210364.0,7.53,7.75,7.47,7.75,632102.0
2013-01-29,18846992.0,7.72,7.84,7.66,7.66,761903.0
2013-01-28,16771315.0,7.69,7.70,7.52,7.52,689565.0
2013-01-25,11479051.0,7.52,7.67,7.43,7.57,475898.0
2013-01-24,25225326.0,7.50,7.91,7.38,7.84,1037053.0
2013-01-23,22630220.0,7.85,7.85,7.54,7.69,925331.0
2013-01-22,36964200.0,7.74,8.34,7.72,8.30,1459178.0
2013-01-21,20920688.0,8.30,8.30,8.19,8.24,795756.0
2013-01-18,24174556.0,8.24,8.31,8.10,8.31,925693.0
2013-01-17,29875534.0,8.27,8.47,8.16,8.25,1127327.0
2013-01-16,52380200.0,8.22,8.62,8.18,8.56,1967005.0
2013-01-15,68786120.0,8.66,8.78,8.57,8.78,2489506.0
2013-01-14,118516944.0,8.81,9.10,8.47,8.69,4221822.0
2013-01-11,95250096.0,8.71,8.71,8.16,8.16,3485942.0
2013-01-10,19267880.0,7.92,7.99,7.83,7.84,764461.0
2013-01-09,37969136.0,7.83,8.02,7.75,7.92,1513419.0
2013-01-08,60790868.0,8.16,8.53,8.10,8.16,2300988.0
2013-01-07,35783276.0,8.25,8.27,7.93,8.15,1380229.0
2013-01-04,55548680.0,8.19,8.27,7.77,7.86,2165425.0
2012-12-31,52563480.0,7.91,8.10,7.59,8.02,2124318.0
2012-12-28,52315724.0,8.06,8.31,7.90,7.97,2021017.0
2012-12-27,75302744.0,8.02,8.56,7.94,8.49,2894695.0
2012-12-26,83816728.0,8.52,8.77,8.16,8.16,3098975.0
2012-12-25,70842200.0,8.34,8.56,7.81,7.97,2731454.0
2012-12-24,59052500.0,8.03,8.18,7.70,7.74,2338543.0
2012-12-21,76904136.0,7.72,8.09,7.37,7.37,3132229.0
2012-12-20,65377456.0,7.49,7.49,6.75,6.75,2785818.0
2012-12-19,10512038.0,6.81,6.87,6.65,6.69,486247.0
2012-12-18,12120404.0,6.69,6.90,6.62,6.74,559693.0
2012-12-17,13050882.0,6.75,6.92,6.70,6.74,601920.0
2012-12-14,25986010.0,6.80,6.90,6.49,6.49,1203065.0
2012-12-13,12835770.0,6.49,6.65,6.49,6.64,613994.0
2012-12-12,24382810.0,6.69,6.81,6.25,6.27,1164434.0
2012-12-11,10410846.0,6.31,6.37,6.23,6.37,516957.0
2012-12-10,13797623.0,6.35,6.41,6.22,6.26,685575.0
2012-12-07,13028820.0,6.23,6.34,6.06,6.21,658842.0
2012-12-06,9737764.0,6.09,6.14,6.02,6.05,501810.0
2012-12-05,25268962.0,6.10,6.22,5.70,5.74,1319213.0
2012-12-04,14060136.0,5.79,5.83,5.58,5.75,776078.0
2012-12-03,10670246.0,5.74,6.01,5.74,5.91,572090.0
2012-11-30,11659585.0,5.96,6.06,5.86,5.96,615644.0
2012-11-29,17913164.0,5.96,6.34,5.90,6.27,919500.0
2012-11-28,18195138.0,6.29,6.48,6.22,6.38,902201.0
2012-11-27,26105114.0,6.51,6.98,6.45,6.98,1239075.0
2012-11-26,14710963.0,7.04,7.10,6.98,7.01,656437.0
2012-11-23,22916672.0,7.04,7.24,7.03,7.18,1011084.0
2012-11-22,29590082.0,7.17,7.29,7.07,7.18,1295936.0
2012-11-21,38263248.0,7.23,7.23,6.87,6.90,1691214.0
2012-11-20,29167028.0,6.95,7.12,6.93,6.98,1302845.0
2012-11-19,26053420.0,6.98,6.99,6.78,6.81,1185314.0
2012-11-16,40746156.0,6.90,7.03,6.49,6.49,1861772.0
2012-11-15,17654608.0,6.53,6.72,6.49,6.69,840678.0
2012-11-14,23004440.0,6.74,6.86,6.64,6.68,1067168.0
2012-11-13,20286456.0,6.73,6.76,6.46,6.58,960044.0
2012-11-12,8202202.0,6.59,6.66,6.53,6.54,390499.0
2012-11-09,14806956.0,6.56,6.73,6.44,6.49,705874.0
2012-11-08,17892886.0,6.47,6.68,6.45,6.68,850904.0
2012-11-07,11853606.0,6.80,6.93,6.79,6.89,541508.0
2012-11-06,15637657.0,6.89,7.02,6.81,6.97,711873.0
2012-11-05,13042121.0,7.02,7.09,6.94,7.01,584474.0
2012-11-02,20764682.0,7.05,7.11,6.92,6.97,928154.0
2012-11-01,17957644.0,6.95,6.98,6.87,6.87,811868.0
2012-10-31,12652501.0,6.87,6.94,6.79,6.84,578064.0
2012-10-30,15663266.0,6.86,6.94,6.78,6.90,716111.0
2012-10-29,18836610.0,6.90,6.96,6.71,6.78,861307.0
2012-10-26,21514092.0,6.79,6.93,6.73,6.92,992134.0
2012-10-25,17225726.0,6.90,7.03,6.89,6.92,777372.0
2012-10-24,28954594.0,6.95,7.12,6.89,7.05,1296033.0
2012-10-23,32121984.0,7.15,7.53,7.12,7.36,1367127.0
2012-10-22,24098844.0,7.29,7.40,7.26,7.33,1031972.0
2012-10-19,26574796.0,7.39,7.42,7.25,7.29,1134553.0
2012-10-18,25348546.0,7.29,7.35,7.20,7.23,1093098.0
2012-10-17,23596772.0,7.25,7.33,7.13,7.20,1023690.0
2012-10-16,29849072.0,7.22,7.32,7.17,7.21,1292531.0
2012-10-15,53116832.0,7.12,7.59,7.03,7.58,2297615.0
2012-10-12,55868840.0,7.63,7.67,7.41,7.53,2318912.0
2012-10-11,71328336.0,7.49,7.77,7.40,7.69,2969115.0
2012-10-10,69149536.0,7.74,7.78,7.60,7.66,2822684.0
2012-10-09,81605976.0,7.77,7.83,7.49,7.50,3350991.0
2012-10-08,60957632.0,7.38,7.70,7.34,7.52,2541343.0
2012-09-28,74303440.0,7.57,7.76,7.37,7.43,3073604.0
2012-09-27,86911536.0,7.43,7.63,7.31,7.54,3635918.0
2012-09-26,97300024.0,7.48,8.09,7.48,8.09,4014643.0
2012-09-25,97763968.0,8.31,8.40,8.07,8.21,3723619.0
2012-09-24,102213448.0,8.14,8.53,7.99,8.28,3911279.0
2012-09-21,205323104.0,8.29,9.05,8.13,8.34,7549464.0
2012-09-20,282325408.0,8.79,9.28,8.47,8.47,10118349.0
