date,amount,close,high,low,open,volume
2015-11-27,238377760.0,27.79,30.31,27.79,30.00,8255985.0
2015-11-26,361542624.0,30.88,31.60,28.70,28.78,11938565.0
2015-11-25,227250128.0,28.76,30.13,27.90,27.90,7806621.0
2015-11-24,167472384.0,28.49,28.80,26.50,26.52,6028120.0
2015-11-23,136480672.0,26.78,27.89,26.50,27.12,5023801.0
2015-11-20,198700976.0,27.97,29.28,27.00,27.53,6998170.0
2015-11-19,116946128.0,27.50,27.61,26.28,26.60,4327745.0
2015-11-18,151623968.0,26.20,28.30,26.02,27.80,5582335.0
2015-11-17,240009344.0,28.20,29.75,28.00,29.50,8323551.0
2015-11-16,239584608.0,29.05,29.50,26.82,26.88,8369190.0
2015-11-13,274015808.0,27.48,29.86,27.46,29.44,9667951.0
2015-11-12,390310912.0,30.51,30.79,28.60,30.10,13057804.0
2015-11-11,368679808.0,30.18,30.99,29.02,29.53,12346261.0
2015-11-10,574982784.0,30.20,32.30,29.13,30.60,18864352.0
2015-11-09,313717024.0,29.43,29.43,27.28,27.65,10985201.0
2015-11-06,347418240.0,26.75,26.75,23.23,24.00,13473622.0
2015-11-05,358858400.0,24.32,24.32,23.40,23.80,14797448.0
2015-11-04,64038616.0,22.11,22.11,20.10,20.50,2948646.0
2015-11-03,59617964.0,20.10,20.43,19.21,19.30,3000734.0
2015-11-02,60158980.0,19.58,20.66,19.20,19.46,3007326.0
2015-10-30,40568200.0,19.93,20.53,19.83,20.05,2009109.0
2015-10-29,40577008.0,20.19,20.59,19.79,20.29,2011369.0
2015-10-28,64864764.0,19.90,21.00,19.86,20.50,3151481.0
2015-10-27,71149976.0,20.49,20.80,18.71,20.21,3585699.0
2015-10-26,96152160.0,20.12,21.18,19.77,20.08,4710444.0
2015-10-23,68612808.0,19.65,19.80,18.89,18.90,3528489.0
2015-10-22,71492952.0,18.97,19.18,17.80,17.80,3844562.0
2015-10-21,101339536.0,18.32,20.35,18.32,20.17,5218955.0
2015-10-20,100900336.0,20.36,20.36,18.40,18.60,5238275.0
2015-10-19,55474560.0,18.51,18.86,18.10,18.51,2993204.0
2015-10-16,55502904.0,18.50,18.76,17.84,18.33,3018679.0
2015-10-15,51319456.0,18.33,18.33,17.38,17.62,2855933.0
2015-10-14,51058224.0,17.64,18.59,17.60,17.85,2830324.0
2015-10-13,47173092.0,17.98,17.98,17.10,17.28,2681950.0
2015-10-12,47623220.0,17.48,17.79,16.63,16.63,2745011.0
2015-10-09,37824420.0,16.58,16.85,16.06,16.36,2277762.0
2015-10-08,37271624.0,16.49,16.59,16.05,16.05,2276703.0
2015-09-30,23184968.0,15.56,15.77,15.10,15.29,1503141.0
2015-09-29,19445782.0,15.29,15.57,15.10,15.55,1266204.0
2015-09-28,21577180.0,15.80,15.80,14.90,15.11,1400725.0
2015-09-25,47883872.0,15.10,16.64,14.82,16.46,3031243.0
2015-09-24,46912324.0,16.46,16.74,16.01,16.10,2862403.0
2015-09-23,46859144.0,16.10,16.29,15.44,15.70,2946237.0
2015-09-22,45986308.0,15.94,16.41,15.71,16.15,2862938.0
2015-09-21,39127008.0,15.85,15.85,14.30,14.60,2542870.0
2015-09-18,28386102.0,14.90,15.00,14.36,14.47,1939155.0
2015-09-17,49742052.0,14.48,15.08,14.01,14.51,3398984.0
2015-09-16,30101612.0,14.17,14.17,12.90,12.90,2196334.0
2015-09-15,27114364.0,12.88,14.00,12.80,13.65,2033119.0
2015-09-14,30028126.0,14.22,16.00,14.22,15.85,2014388.0
2015-09-11,24966306.0,15.80,15.98,15.48,15.49,1585569.0
2015-09-10,38091112.0,15.48,16.18,15.44,15.60,2412881.0
2015-09-09,61911452.0,16.25,16.38,15.60,15.72,3855039.0
2015-09-08,40157692.0,15.40,15.40,13.80,14.00,2744120.0
2015-09-07,32405174.0,14.00,14.49,13.71,13.80,2293334.0
2015-09-02,29890742.0,13.33,14.80,13.00,13.30,2178900.0
2015-09-01,33509458.0,14.00,15.52,14.00,15.52,2326501.0
2015-08-31,46230724.0,15.55,16.70,15.00,16.70,2910821.0
2015-08-28,43018576.0,16.60,16.60,15.35,15.63,2717618.0
2015-08-27,30289094.0,15.28,15.57,14.35,15.11,2004991.0
2015-08-26,45677700.0,14.59,16.32,14.50,15.60,2966955.0
2015-08-25,36764584.0,15.23,16.08,15.23,15.37,2382104.0
2015-08-24,29361920.0,16.92,18.14,16.92,18.01,1706800.0
2015-08-21,47463644.0,18.80,20.40,18.60,19.52,2426000.0
2015-08-20,49758552.0,20.40,21.49,20.40,20.85,2381064.0
2015-08-19,74157272.0,21.40,21.52,19.08,19.81,3640641.0
2015-08-18,82711608.0,20.58,23.45,20.58,22.85,3755469.0
2015-08-17,71195136.0,22.87,23.49,22.22,23.20,3126771.0
2015-08-14,78437896.0,23.22,23.95,22.85,23.59,3334300.0
2015-08-13,67710272.0,23.39,23.40,21.80,22.18,2981872.0
2015-08-12,99355216.0,22.30,23.71,22.22,23.65,4334700.0
2015-08-11,109173408.0,23.70,24.53,23.50,23.88,4539894.0
2015-08-10,142494688.0,24.22,24.56,22.81,23.15,6002336.0
2015-08-07,113962592.0,23.15,23.39,22.33,22.66,4956495.0
2015-08-06,117688368.0,22.67,23.38,21.16,21.55,5197447.0
2015-08-05,114695960.0,22.21,23.00,20.67,21.00,5276933.0
2015-08-04,60469260.0,21.00,21.02,19.33,19.49,2985972.0
2015-08-03,62883364.0,19.35,20.95,18.80,20.40,3171776.0
2015-07-31,70002584.0,20.63,21.88,19.63,19.63,3417777.0
2015-07-30,94204776.0,20.68,22.37,20.17,21.30,4346807.0
2015-07-29,75007056.0,21.27,21.27,18.86,20.40,3735147.0
2015-07-28,87387736.0,19.34,21.40,19.26,21.40,4380692.0
2015-07-27,114747328.0,21.40,23.99,21.40,22.81,5065369.0
2015-07-24,194895488.0,23.78,25.96,23.60,25.40,7770320.0
2015-07-23,171222128.0,24.94,25.03,22.68,22.90,7079636.0
2015-07-22,117579648.0,23.16,24.11,22.56,23.55,5018096.0
2015-07-21,111019488.0,23.11,23.29,21.65,22.62,4908573.0
2015-07-20,101857104.0,22.68,23.49,22.12,22.19,4473749.0
2015-07-17,90064720.0,22.20,22.88,20.71,20.72,4119034.0
2015-07-16,101644176.0,20.83,22.78,19.65,19.71,4839219.0
2015-07-15,89575184.0,21.83,23.55,21.83,23.22,4007413.0
2015-07-14,229748400.0,24.25,26.18,22.90,24.00,9274960.0
2015-07-13,172003952.0,24.15,24.15,22.00,23.11,7314209.0
2015-07-10,76156200.0,21.95,21.95,20.50,21.00,3511529.0
2015-07-09,97734792.0,19.95,19.95,16.34,16.34,5129126.0
2015-07-08,151333856.0,18.14,19.26,18.14,18.14,8280760.0
2015-07-07,48952992.0,20.16,21.98,20.16,20.81,2350001.0
2015-07-06,212943104.0,22.40,24.35,20.05,24.35,9386571.0
2015-07-03,195296112.0,22.14,23.20,19.20,20.18,9065452.0
2015-07-02,165158528.0,21.25,22.00,19.02,20.00,7896473.0
2015-07-01,214575872.0,20.62,22.18,19.15,19.20,10068073.0
2015-06-30,121977984.0,20.16,20.79,17.33,18.35,6461682.0
2015-06-29,92239128.0,19.26,21.54,19.26,21.52,4687619.0
2015-06-26,75126704.0,21.40,23.18,21.40,22.62,3432705.0
2015-06-25,118200848.0,23.78,26.10,23.55,26.00,4776529.0
2015-06-24,109665480.0,26.00,26.58,25.00,26.16,4226502.0
2015-06-23,122529240.0,25.79,26.40,23.80,25.12,4824782.0
2015-06-19,115330584.0,26.09,28.01,26.09,28.00,4345588.0
2015-06-18,147787984.0,28.99,32.50,28.96,32.18,4867133.0
2015-06-17,148926608.0,32.18,32.51,30.20,31.58,4695767.0
2015-06-16,191480448.0,32.20,32.25,28.80,30.19,6206529.0
2015-06-15,205805488.0,31.25,33.90,31.17,33.50,6380832.0
2015-06-12,302734944.0,34.63,36.80,34.37,36.80,8604586.0
2015-06-11,433098272.0,36.91,37.75,34.32,35.00,11840502.0
2015-06-10,204562112.0,34.32,34.32,30.13,30.98,6177498.0
2015-06-09,229919040.0,31.20,33.46,30.58,32.32,7245614.0
2015-06-08,248940944.0,33.58,36.48,33.58,36.45,3650871.0
2015-06-05,457195840.0,37.31,42.98,37.29,42.47,5859055.0
2015-06-04,602218944.0,41.43,43.98,37.48,41.28,7271059.0
2015-06-03,427775840.0,40.35,40.35,35.53,36.61,5556104.0
2015-06-02,379005568.0,36.68,38.97,36.48,37.48,5074063.0
2015-06-01,584085568.0,39.11,40.98,35.42,38.05,7686459.0
2015-05-29,661449600.0,37.38,37.38,31.10,31.65,9379392.0
2015-05-28,288828544.0,33.98,41.04,33.81,41.04,3645218.0
2015-05-27,193758560.0,37.31,37.31,35.48,36.88,2611535.0
2015-05-26,220861632.0,33.91,33.91,30.88,30.93,3339036.0
2015-05-25,361199200.0,30.83,30.83,26.93,27.49,6107270.0
2015-05-22,302753216.0,28.03,28.03,25.65,26.12,5551971.0
2015-05-21,217286880.0,25.48,25.73,24.06,24.52,4348206.0
2015-05-20,235660048.0,24.45,26.49,24.04,24.19,4659945.0
2015-05-19,323095968.0,24.64,26.86,23.99,25.09,6454316.0
2015-05-18,306282464.0,25.18,25.18,23.09,23.99,6215723.0
2015-05-15,310055456.0,22.89,23.98,20.98,22.58,6904010.0
2015-05-14,249238352.0,22.39,22.39,20.07,20.07,5646068.0
2015-05-13,173989808.0,20.36,21.16,19.44,19.59,4322670.0
2015-05-12,181423808.0,20.02,20.33,19.20,19.69,4584234.0
2015-05-11,126042280.0,19.80,19.88,18.75,19.12,3237709.0
2015-05-08,100023528.0,18.72,18.74,17.76,17.76,2722666.0
2015-05-07,70131112.0,17.47,18.35,17.39,18.19,1974752.0
2015-05-06,87411720.0,18.15,18.87,17.99,18.17,2367540.0
2015-05-05,86375672.0,18.07,18.88,17.98,18.51,2339339.0
2015-05-04,82112800.0,18.68,19.32,18.40,18.82,2190432.0
2015-04-30,145174480.0,18.72,20.45,18.69,19.46,3699422.0
2015-04-29,110195480.0,19.46,19.47,18.69,18.69,2870679.0
2015-04-28,179760816.0,18.89,20.10,18.49,20.00,4656787.0
2015-04-27,328689696.0,20.46,21.09,18.89,19.75,8270987.0
2015-04-24,284211904.0,19.18,19.18,16.93,17.09,7729051.0
2015-04-23,162586992.0,17.43,17.78,16.74,17.02,4721747.0
2015-04-22,134597984.0,16.91,17.34,16.66,17.09,3973132.0
2015-04-21,137204480.0,16.92,16.92,16.02,16.02,4126932.0
2015-04-20,98501560.0,15.98,16.49,15.85,15.89,3040370.0
2015-04-17,98206208.0,16.19,16.78,16.09,16.48,2991535.0
2015-04-16,75899760.0,16.02,16.37,15.68,15.88,2363494.0
2015-04-15,135853040.0,15.88,16.95,15.88,16.89,4161335.0
2015-04-14,233692960.0,17.24,18.12,16.95,17.44,6620229.0
2015-04-13,206147472.0,17.24,17.24,16.10,16.19,6171655.0
2015-04-10,102334976.0,16.13,16.23,15.74,15.79,3183445.0
2015-04-09,113640880.0,15.95,16.13,15.32,16.00,3608875.0
2015-04-08,152545472.0,16.17,16.77,15.78,16.55,4708160.0
2015-04-07,185235104.0,16.55,16.59,16.07,16.09,5651335.0
2015-04-03,151321696.0,16.10,16.14,15.70,15.79,4743756.0
2015-04-02,207028448.0,16.16,16.64,15.56,15.57,6443110.0
2015-04-01,116291464.0,15.60,15.78,15.38,15.43,3733960.0
2015-03-31,127948680.0,15.42,15.72,15.33,15.55,4127185.0
2015-03-30,238434928.0,15.46,15.97,15.24,15.69,7682340.0
2015-03-27,427421600.0,16.34,16.79,15.30,16.00,13275742.0
2015-03-26,3026787.0,15.30,15.30,15.30,15.30,98850.0
2015-03-25,796976.0,13.91,13.91,13.91,13.91,28627.0
2015-03-24,528979.0,12.65,12.65,12.65,12.65,20900.0
2015-03-23,172575.0,11.50,11.50,11.50,11.50,7500.0
2015-03-20,94140.0,10.45,10.45,10.45,10.45,4500.0
2015-03-19,534306.0,9.51,9.51,7.92,7.92,28300.0
