date,amount,close,high,low,open,volume
2015-11-27,1119882240.0,55.46,55.46,46.73,48.00,21467756.0
2015-11-26,1141998976.0,50.42,50.42,48.13,50.42,23005612.0
2015-11-25,272901696.0,45.84,45.84,44.05,44.80,6043707.0
2015-11-24,372845984.0,41.67,41.67,41.67,41.67,8947588.0
2015-11-23,20513800.0,37.88,37.88,37.88,37.88,541547.0
2015-11-20,12879802.0,34.44,34.44,34.44,34.44,373978.0
2015-11-19,2990731.0,31.31,31.31,31.31,31.31,95520.0
2015-11-18,11485033.0,28.46,28.46,28.46,28.46,403550.0
2015-11-17,13717619.0,25.87,25.87,25.87,25.87,530252.0
2015-08-04,151588560.0,23.52,23.65,21.29,21.83,3371096.0
2015-08-03,129706400.0,21.50,23.96,21.01,23.02,2887595.0
2015-07-31,162016032.0,23.22,24.45,21.76,22.36,3500206.0
2015-07-30,232909984.0,23.05,25.40,22.85,23.96,4782623.0
2015-07-29,173019216.0,23.83,23.83,20.00,22.24,3914521.0
2015-07-28,151729600.0,21.66,23.89,21.66,22.00,3411108.0
2015-07-27,177845552.0,24.07,27.42,24.07,25.18,3466214.0
2015-07-24,374535488.0,26.74,29.18,26.15,27.44,6678647.0
2015-07-23,365013888.0,27.79,27.79,23.75,24.51,7022619.0
2015-07-22,374775840.0,25.26,25.75,23.54,25.49,7479801.0
2015-07-21,130643920.0,23.41,23.41,20.50,20.50,2949548.0
2015-07-20,129799696.0,21.29,22.30,20.75,21.55,3022763.0
2015-07-17,115759912.0,21.55,21.91,20.05,20.44,2755194.0
2015-07-16,156161424.0,20.18,21.83,18.71,18.71,3882864.0
2015-07-15,132802120.0,20.79,22.71,20.79,22.14,3132224.0
2015-07-14,272285312.0,23.10,23.10,21.46,22.30,5972205.0
2015-07-13,109434808.0,21.00,21.00,20.40,21.00,2607392.0
2015-07-10,38947960.0,19.09,19.09,18.50,18.90,1030342.0
2015-07-09,78108928.0,17.36,17.36,15.11,15.11,2302724.0
2015-07-08,77395720.0,15.78,16.10,15.78,15.78,2447123.0
2015-07-07,39552528.0,17.52,18.66,17.52,18.50,1105700.0
2015-07-06,136700992.0,19.46,21.20,17.35,21.20,3427042.0
2015-07-03,89361136.0,19.27,21.33,18.69,19.54,2245078.0
2015-07-02,92353296.0,20.61,23.14,20.61,21.99,2118422.0
2015-07-01,131736496.0,22.91,26.00,22.90,24.42,2644032.0
2015-06-30,128389856.0,25.04,25.46,21.37,23.58,2736001.0
2015-06-29,125007880.0,23.74,27.35,23.74,27.35,2462793.0
2015-06-26,151615152.0,26.38,29.91,26.38,27.91,2695794.0
2015-06-25,153141584.0,29.31,30.89,28.91,30.15,2538967.0
2015-06-24,177755184.0,30.28,31.59,29.60,30.67,2910777.0
2015-06-23,164453088.0,30.54,30.65,27.92,28.51,2786217.0
2015-06-19,157586368.0,28.46,31.14,28.24,29.91,2642996.0
2015-06-18,203694576.0,30.75,33.74,30.75,33.74,3163432.0
2015-06-17,187424144.0,34.17,34.33,32.82,33.30,2768309.0
2015-06-16,200040304.0,33.31,34.63,31.70,32.70,3013414.0
2015-06-15,291647904.0,33.94,36.53,33.94,36.49,4171315.0
2015-06-12,396119264.0,37.71,41.36,37.45,40.19,5068518.0
2015-06-11,440237184.0,40.47,41.04,38.28,38.46,5499408.0
2015-06-10,417353184.0,39.03,40.27,36.41,37.38,5325837.0
2015-06-09,258114592.0,37.41,38.04,36.43,36.61,3453681.0
2015-06-08,342305632.0,36.58,39.62,36.22,39.62,4551536.0
2015-06-05,423815328.0,40.18,41.62,38.44,40.52,5246942.0
2015-06-04,425598848.0,39.86,43.51,39.86,43.31,5194175.0
2015-06-03,539241664.0,44.29,45.68,42.37,43.51,6125862.0
2015-06-02,623551936.0,43.60,46.35,43.60,44.11,7054208.0
2015-06-01,447290176.0,48.44,51.82,48.44,50.84,4547094.0
2015-05-29,1176019328.0,53.82,62.29,51.06,51.06,10870357.0
2015-05-28,179308592.0,56.73,69.34,56.73,69.34,1465100.0
2015-05-27,6416962.0,63.04,63.04,63.04,63.04,50739.0
2015-05-26,2817225.0,57.30,57.30,57.30,57.30,24504.0
2015-05-25,122074688.0,52.09,52.09,51.71,52.09,1168160.0
2015-05-22,122460736.0,47.36,47.36,45.92,47.36,1292021.0
2015-05-21,43570020.0,43.05,43.05,42.37,43.05,504503.0
2015-05-20,142959328.0,39.14,39.14,35.49,38.28,1858401.0
2015-05-19,456919232.0,35.58,35.58,32.40,35.58,6564793.0
2015-05-18,40498472.0,32.35,32.35,31.90,32.35,624274.0
2015-05-15,205989488.0,29.41,29.41,27.91,29.26,3529025.0
2015-05-14,272040096.0,26.74,26.74,24.92,24.92,5124943.0
2015-05-13,425341280.0,24.30,24.30,20.47,21.42,9195604.0
2015-05-12,419826400.0,22.10,22.10,19.60,22.09,9693575.0
2015-05-11,84382112.0,20.09,20.09,18.84,19.44,2143672.0
2015-05-08,327957824.0,18.26,18.26,16.76,16.79,9280418.0
2015-05-07,289818624.0,16.60,16.60,15.84,16.60,8774441.0
2015-05-06,5635108.0,15.09,15.09,15.09,15.09,186100.0
2015-05-05,1507268.0,13.72,13.72,13.72,13.72,54750.0
2015-05-04,314127.0,12.48,12.48,12.48,12.48,12550.0
2015-04-30,382200.0,11.34,11.34,11.34,11.34,16800.0
2015-04-29,117876.0,10.31,10.31,10.31,10.31,5700.0
2015-04-28,139120.0,9.37,9.37,9.37,9.37,7400.0
2015-04-27,83741.0,8.52,8.52,8.52,8.52,4900.0
2015-04-24,74592.0,7.75,7.75,7.75,7.75,4800.0
2015-04-23,157666.0,7.04,7.04,6.45,6.45,11200.0
