date,amount,close,high,low,open,volume
2015-11-27,24889550.0,24.50,24.50,24.50,24.50,1015900.0
2015-11-26,18512322.0,27.22,27.22,27.22,27.22,680100.0
2015-06-04,383900160.0,30.22,30.22,26.76,26.94,13070649.0
2015-06-03,220267520.0,27.48,28.28,26.54,27.99,8009892.0
2015-06-02,322649344.0,27.93,28.33,26.36,26.54,11581989.0
2015-06-01,143666800.0,25.76,25.76,23.66,23.66,5719186.0
2015-05-29,255523200.0,23.41,23.96,20.88,22.17,11067441.0
2015-05-28,298571680.0,22.38,24.62,21.92,23.96,12618042.0
2015-05-27,254146848.0,23.61,24.26,22.37,22.47,10832518.0
2015-05-26,270190144.0,22.44,23.27,22.06,22.57,11864402.0
2015-05-25,279131296.0,22.15,22.15,19.94,20.53,13011227.0
2015-05-22,177215360.0,20.13,20.13,18.46,18.46,9124532.0
2015-05-21,127658512.0,18.30,18.60,18.00,18.00,6928752.0
2015-05-20,111251496.0,18.08,18.48,17.99,18.34,6046367.0
2015-05-19,117772608.0,18.25,18.33,17.65,17.69,6461820.0
2015-05-18,93828832.0,17.72,18.00,17.04,17.10,5266976.0
2015-05-15,56249432.0,17.10,17.53,16.92,17.49,3258243.0
2015-05-14,84113104.0,17.49,17.58,17.10,17.13,4819239.0
2015-05-13,84467584.0,17.14,17.47,16.79,17.18,4907545.0
2015-05-12,95108600.0,17.27,17.50,16.92,17.07,5508712.0
2015-05-11,96682320.0,17.08,17.14,16.51,16.54,5702981.0
2015-05-08,84459264.0,16.64,16.68,16.09,16.30,5153938.0
2015-05-07,52617964.0,16.19,16.84,15.91,16.70,3224356.0
2015-05-06,61515520.0,16.75,17.43,16.52,17.25,3587282.0
2015-05-05,51467884.0,17.25,18.03,17.19,17.99,2904013.0
2015-05-04,62411316.0,18.05,18.07,17.30,17.90,3522059.0
2015-04-30,98613280.0,17.88,18.39,17.80,18.19,5395122.0
2015-04-29,142664944.0,18.74,18.79,17.07,17.10,7868494.0
2015-04-28,93205408.0,17.30,18.25,16.90,18.19,5277477.0
2015-04-27,96863024.0,18.15,18.64,17.81,18.19,5291014.0
2015-04-24,83529504.0,18.12,18.36,17.70,17.85,4617368.0
2015-04-23,93014736.0,18.22,18.54,18.00,18.28,5060065.0
2015-04-22,95520264.0,18.25,18.34,17.80,17.85,5220509.0
2015-04-21,93073152.0,17.83,17.89,17.16,17.20,5251500.0
2015-04-20,161566560.0,17.49,18.07,17.31,17.65,9088774.0
2015-04-17,76171328.0,17.37,17.41,17.04,17.08,4409701.0
2015-04-16,77563576.0,16.99,17.58,16.77,17.10,4518979.0
2015-04-15,83742976.0,17.35,18.19,17.25,18.11,4736122.0
2015-04-14,87626240.0,18.28,18.87,17.72,17.85,4733646.0
2015-04-13,76559968.0,17.86,17.98,17.48,17.85,4289786.0
2015-04-10,52239576.0,17.71,17.89,17.16,17.26,2952660.0
2015-04-09,77868384.0,17.37,17.85,17.02,17.72,4455146.0
2015-04-08,62013136.0,17.81,18.13,17.40,18.11,3466989.0
2015-04-07,66390544.0,18.12,18.17,17.71,17.99,3684047.0
2015-04-03,93408096.0,17.89,18.04,17.16,17.23,5218113.0
2015-04-02,48540864.0,17.33,17.40,17.10,17.40,2800122.0
2015-04-01,57580524.0,17.24,17.27,16.91,16.91,3348731.0
2015-03-31,76166288.0,16.96,17.63,16.92,17.46,4388749.0
2015-03-30,102723032.0,17.07,17.40,16.84,17.00,5995388.0
2015-03-27,53161768.0,17.08,17.25,16.70,17.05,3106418.0
2015-03-26,50717336.0,17.05,17.06,16.58,16.70,2990950.0
2015-03-25,60123948.0,16.94,17.19,16.64,17.19,3544338.0
2015-03-24,116667296.0,17.13,17.66,16.40,16.62,6835030.0
2015-03-23,64544108.0,16.66,16.71,16.28,16.28,3869325.0
2015-03-20,62110184.0,16.28,16.68,16.10,16.23,3780634.0
2015-03-19,54134520.0,16.23,16.50,16.11,16.31,3305813.0
2015-03-18,81977248.0,16.32,16.34,15.89,16.09,5039520.0
2015-03-17,70703584.0,16.16,16.65,16.09,16.59,4304987.0
2015-03-16,64091492.0,16.45,16.47,15.96,15.96,3900622.0
2015-03-13,60473372.0,15.95,16.07,15.48,15.57,3806077.0
2015-03-12,69266008.0,15.61,16.06,15.16,15.16,4384841.0
2015-03-11,41408572.0,15.11,15.61,15.04,15.61,2694348.0
2015-03-10,46061760.0,15.43,15.78,15.41,15.50,2939531.0
2015-03-09,69660304.0,15.60,15.70,14.88,14.96,4493830.0
2015-03-06,38912744.0,14.98,15.12,14.75,15.06,2593845.0
2015-03-05,48803024.0,15.08,15.50,15.00,15.20,3206326.0
2015-03-04,48998664.0,15.25,15.31,14.86,14.94,3206462.0
2015-03-03,50015508.0,14.95,15.21,14.74,14.91,3329851.0
2015-03-02,48552200.0,14.92,15.05,14.72,15.05,3240594.0
2015-02-27,44971548.0,14.86,14.90,14.59,14.66,3029613.0
2015-02-26,34091184.0,14.70,14.78,14.20,14.22,2344224.0
2015-02-25,27558908.0,14.27,14.52,14.16,14.52,1917131.0
2015-02-17,29526420.0,14.52,14.61,14.40,14.59,2022663.0
2015-02-16,29062388.0,14.59,14.64,14.26,14.33,1992952.0
2015-02-13,41267704.0,14.33,14.54,14.07,14.10,2870689.0
2015-02-12,20401760.0,14.04,14.12,13.84,13.98,1450701.0
2015-02-11,21042352.0,13.96,14.06,13.72,13.81,1506026.0
2015-02-10,29200444.0,13.80,13.85,13.52,13.62,2123228.0
2015-02-09,32004220.0,13.55,13.90,13.53,13.79,2332550.0
2015-02-06,45720984.0,13.86,14.55,13.72,14.46,3213088.0
2015-02-05,50964632.0,14.55,14.76,14.23,14.76,3498873.0
2015-02-04,40463856.0,14.54,15.08,14.49,14.83,2713252.0
2015-02-03,43605156.0,14.82,14.97,14.61,14.81,2929284.0
2015-02-02,51807036.0,14.76,14.79,14.18,14.33,3526025.0
2015-01-30,75839840.0,14.51,15.22,14.49,15.15,5097335.0
2015-01-29,63211868.0,15.07,15.21,14.91,15.00,4171218.0
2015-01-28,107348672.0,15.23,15.57,15.10,15.30,6993906.0
2015-01-27,288377440.0,15.60,16.16,15.35,15.89,18188280.0
2015-01-26,180321280.0,15.42,15.42,13.97,14.01,11786036.0
2015-01-23,31540968.0,14.02,14.34,13.95,14.23,2224625.0
2015-01-22,38917748.0,14.27,14.29,13.89,13.89,2745974.0
2015-01-21,38415580.0,13.97,14.14,13.57,13.63,2742594.0
2015-01-20,19089784.0,13.62,13.65,13.27,13.27,1405321.0
2015-01-19,38546784.0,13.24,13.75,13.04,13.58,2840564.0
2015-01-16,29120922.0,13.75,13.80,13.32,13.42,2136733.0
2015-01-15,14563808.0,13.39,13.52,13.19,13.32,1084443.0
2015-01-14,14499558.0,13.32,13.59,13.21,13.43,1078093.0
2015-01-13,18251224.0,13.43,13.68,13.22,13.22,1346633.0
2015-01-12,28818936.0,13.28,13.69,13.20,13.69,2147077.0
2015-01-09,43322284.0,13.73,14.37,13.69,14.31,3062254.0
2015-01-08,64765840.0,14.32,14.54,13.71,13.73,4532661.0
2015-01-07,37533104.0,13.89,14.19,13.75,14.09,2670200.0
2015-01-06,53641380.0,14.16,14.42,13.98,14.11,3749907.0
2015-01-05,35361632.0,14.16,14.35,13.93,14.04,2485184.0
2014-12-31,67090528.0,14.17,14.34,13.44,13.70,4723120.0
2014-12-30,33881472.0,13.73,13.85,13.02,13.44,2502024.0
2014-12-29,24650114.0,13.51,13.86,13.22,13.85,1809493.0
2014-12-26,18672246.0,13.93,13.98,13.57,13.72,1353335.0
2014-12-25,17265384.0,13.72,13.85,13.49,13.66,1253596.0
2014-12-24,26508836.0,13.66,13.72,13.03,13.03,1954049.0
2014-12-23,16710126.0,13.12,13.34,13.07,13.25,1255902.0
2014-12-22,35687736.0,13.20,13.81,12.89,13.80,2684279.0
2014-12-19,40594256.0,13.74,14.24,13.55,13.99,2916292.0
2014-12-18,22852816.0,13.98,14.27,13.92,14.12,1614071.0
2014-12-17,40326848.0,14.12,14.45,13.95,14.43,2825851.0
2014-12-16,50919948.0,14.56,14.69,14.35,14.65,3485983.0
2014-12-15,86986816.0,14.67,14.89,13.77,13.91,5989488.0
2014-12-12,32008148.0,14.01,14.26,13.67,14.02,2283458.0
2014-12-11,61868920.0,14.07,14.12,13.14,13.31,4468316.0
2014-12-10,24497624.0,13.31,13.34,12.92,13.06,1851256.0
2014-12-09,41944940.0,13.10,13.65,13.07,13.43,3110081.0
2014-12-08,30112500.0,13.50,13.58,13.35,13.50,2222676.0
2014-12-05,45379736.0,13.47,14.12,13.32,14.03,3316308.0
2014-12-04,42276584.0,14.06,14.17,13.75,13.96,2996115.0
2014-12-03,42624200.0,13.94,14.18,13.78,14.17,3041522.0
2014-12-02,39726104.0,14.22,14.47,13.86,13.97,2783294.0
2014-12-01,46751916.0,14.05,14.77,14.01,14.55,3258749.0
2014-11-28,59623532.0,14.34,14.49,13.92,14.14,4168905.0
2014-11-27,53109584.0,14.13,14.32,13.83,13.83,3738897.0
2014-11-26,37135960.0,13.76,13.98,13.64,13.98,2676899.0
2014-11-25,41136312.0,13.95,14.02,13.76,13.82,2936289.0
2014-11-24,37874856.0,13.83,14.03,13.77,13.99,2713916.0
2014-11-21,42225352.0,13.92,14.02,13.57,13.70,3033355.0
2014-11-20,20189260.0,13.70,13.72,13.42,13.60,1477070.0
2014-11-19,28740892.0,13.66,13.78,13.44,13.52,2091165.0
2014-11-18,15309497.0,13.55,13.65,13.37,13.45,1125746.0
2014-11-17,21907708.0,13.45,13.68,13.04,13.17,1625068.0
2014-11-14,12255874.0,13.13,13.18,12.97,13.09,931458.0
2014-11-13,21738650.0,13.09,13.43,13.09,13.26,1632821.0
2014-11-12,18868292.0,13.27,13.31,12.94,12.97,1423205.0
2014-11-11,41123452.0,12.91,13.82,12.89,13.74,3081657.0
2014-11-10,21502014.0,13.74,13.91,13.49,13.55,1561474.0
2014-11-07,37878576.0,13.58,14.12,13.52,13.97,2718653.0
2014-11-06,39510880.0,13.91,13.92,13.57,13.60,2849613.0
2014-11-05,31848464.0,13.60,13.67,13.20,13.38,2350009.0
2014-11-04,31702128.0,13.40,13.77,13.33,13.57,2329042.0
2014-11-03,41404524.0,13.69,13.90,13.57,13.75,3000380.0
2014-10-31,24302072.0,13.72,13.82,13.58,13.69,1767102.0
2014-10-30,39912520.0,13.69,13.94,13.64,13.94,2875057.0
2014-10-29,43633568.0,13.93,14.15,13.69,13.87,3115160.0
2014-10-28,33387592.0,13.83,14.00,13.68,13.68,2398242.0
2014-10-27,27938164.0,13.97,14.09,13.49,13.71,2047907.0
2014-10-24,22369390.0,13.80,13.90,13.31,13.34,1676798.0
2014-10-23,32124976.0,13.34,13.89,13.30,13.56,2407819.0
2014-10-22,30712284.0,13.63,14.27,13.57,14.07,2232265.0
2014-10-21,38065212.0,14.16,14.27,13.92,14.27,2749490.0
2014-10-20,54655892.0,14.26,14.54,13.77,13.87,3906381.0
2014-10-17,75117376.0,13.75,14.27,13.59,14.27,5492998.0
2014-10-16,126321720.0,14.33,14.73,13.19,13.22,9035669.0
2014-10-15,34896220.0,13.39,13.41,12.95,13.13,2680620.0
2014-10-14,22349178.0,13.19,13.20,12.94,13.06,1734528.0
2014-10-13,27422376.0,13.14,13.15,12.80,13.15,2146451.0
2014-10-10,26514944.0,13.13,13.36,13.11,13.26,2037444.0
2014-10-09,42306172.0,13.38,13.61,13.17,13.43,3208397.0
2014-10-08,42952008.0,13.38,13.43,13.03,13.12,3279179.0
2014-09-30,41954480.0,13.12,13.29,13.00,13.11,3240429.0
2014-09-29,43717312.0,13.16,13.25,13.00,13.08,3388858.0
2014-09-26,43104360.0,13.14,13.25,12.76,12.92,3341839.0
2014-09-25,27236648.0,12.89,13.19,12.86,13.06,2126125.0
2014-09-24,33422376.0,13.07,13.14,12.82,12.82,2611621.0
2014-09-23,20677488.0,12.83,12.90,12.63,12.75,1642251.0
2014-09-22,43533572.0,12.69,13.14,12.59,13.05,3450342.0
2014-09-19,44657720.0,13.20,13.27,12.80,12.96,3459682.0
2014-09-18,40543056.0,12.96,13.14,12.74,12.74,3175330.0
2014-09-17,73830112.0,12.90,12.94,12.49,12.80,5869752.0
2014-09-16,190995648.0,13.13,13.87,13.02,13.87,14519911.0
2014-08-27,77516120.0,12.63,13.08,11.78,11.78,6264051.0
2014-08-26,29670598.0,11.93,12.03,11.56,11.93,2558548.0
2014-08-25,16453445.0,11.93,12.12,11.85,12.05,1397187.0
2014-08-22,16674712.0,12.05,12.06,11.89,11.97,1409521.0
2014-08-21,21904960.0,11.96,12.10,11.83,11.95,1866309.0
2014-08-20,26027276.0,11.97,12.17,11.78,11.84,2209781.0
2014-08-19,15785088.0,11.84,11.88,11.72,11.85,1359827.0
2014-08-18,25113510.0,11.82,11.93,11.65,11.67,2159450.0
2014-08-15,30312512.0,11.69,11.80,11.50,11.53,2633536.0
2014-08-14,12828859.0,11.46,11.52,11.39,11.48,1137843.0
2014-08-13,13311353.0,11.46,11.56,11.32,11.47,1180335.0
2014-08-12,13910622.0,11.47,11.55,11.38,11.47,1234062.0
2014-08-11,14082090.0,11.47,11.51,11.29,11.29,1252250.0
2014-08-08,11981420.0,11.32,11.35,11.17,11.23,1080998.0
2014-08-07,12883455.0,11.23,11.53,11.19,11.38,1149407.0
2014-08-06,11268231.0,11.43,11.44,11.28,11.44,1005092.0
2014-08-05,15069292.0,11.42,11.43,11.27,11.42,1347362.0
2014-08-04,19897100.0,11.37,11.39,11.18,11.25,1791141.0
2014-08-01,36689720.0,11.23,11.46,11.13,11.18,3295693.0
2014-07-31,18493276.0,11.18,11.22,11.03,11.12,1686361.0
2014-07-30,16050143.0,11.13,11.19,11.02,11.06,1467808.0
2014-07-29,14466726.0,11.11,11.14,11.02,11.02,1324460.0
2014-07-28,14151255.0,11.05,11.10,10.88,10.91,1307493.0
2014-07-25,10671684.0,10.86,10.90,10.73,10.76,1003283.0
2014-07-24,11912824.0,10.80,10.94,10.73,10.82,1120912.0
2014-07-23,10616739.0,10.86,11.07,10.83,11.07,988005.0
2014-07-22,14524346.0,11.00,11.03,10.85,10.90,1323123.0
2014-07-21,9845856.0,10.86,10.97,10.82,10.88,902649.0
2014-07-18,14557631.0,10.88,10.90,10.78,10.87,1338653.0
2014-07-17,31198128.0,10.88,11.03,10.69,10.74,2854095.0
2014-07-16,22645552.0,10.73,10.77,10.56,10.60,2114051.0
2014-07-15,10163054.0,10.58,10.67,10.54,10.66,957110.0
2014-07-14,12623529.0,10.66,10.67,10.51,10.60,1185315.0
2014-07-11,8742170.0,10.55,10.57,10.35,10.39,830409.0
2014-07-10,8898653.0,10.39,10.47,10.35,10.47,851307.0
2014-07-09,13530175.0,10.40,10.62,10.38,10.59,1284022.0
2014-07-08,10747493.0,10.56,10.67,10.48,10.67,1015784.0
2014-07-07,8594813.0,10.59,10.61,10.45,10.51,814534.0
2014-07-04,10431159.0,10.55,10.67,10.50,10.67,986559.0
2014-07-03,16163128.0,10.57,10.61,10.38,10.44,1535071.0
2014-07-02,15570177.0,10.44,10.48,10.34,10.48,1490344.0
2014-07-01,30006652.0,10.48,10.78,10.27,10.34,2844904.0
2014-06-30,15466476.0,10.35,10.41,10.29,10.35,1489379.0
2014-06-27,25332472.0,10.36,10.40,10.14,10.17,2458306.0
2014-06-26,10860117.0,10.17,10.18,9.93,9.96,1073856.0
2014-06-25,10492023.0,9.96,10.08,9.93,10.08,1048987.0
2014-06-24,5521113.0,10.07,10.10,10.02,10.06,547101.0
2014-06-23,8302099.0,10.02,10.15,9.97,10.06,824673.0
2014-06-20,6645449.0,10.06,10.11,9.92,9.94,661992.0
2014-06-19,11150549.0,9.98,10.40,9.90,10.31,1095886.0
2014-06-18,10956060.0,10.32,10.59,10.26,10.53,1047780.0
2014-06-17,7447914.0,10.54,10.65,10.50,10.63,703916.0
2014-06-16,9283718.0,10.64,10.68,10.52,10.67,871254.0
2014-06-13,9384611.0,10.67,10.71,10.58,10.64,878419.0
2014-06-12,22743460.0,10.68,10.71,10.27,10.46,2153545.0
2014-06-11,21473620.0,10.44,10.65,10.37,10.59,2043803.0
2014-06-10,21768238.0,10.62,10.75,10.61,10.74,2037466.0
2014-06-09,5752458.0,10.72,10.77,10.61,10.74,536596.0
2014-06-06,6815553.0,10.77,10.79,10.56,10.72,636993.0
2014-06-05,5343979.0,10.70,10.72,10.60,10.66,499126.0
2014-06-04,10765061.0,10.66,10.90,10.56,10.90,1007124.0
2014-06-03,9734882.0,10.88,10.98,10.87,10.90,888363.0
2014-05-30,5081954.0,10.86,10.90,10.76,10.90,467946.0
2014-05-29,10405152.0,10.83,10.93,10.81,10.82,953534.0
2014-05-28,9370512.0,10.85,10.90,10.76,10.77,862733.0
2014-05-27,7015207.0,10.83,10.97,10.77,10.95,645447.0
2014-05-26,9275470.0,10.87,10.91,10.79,10.83,852853.0
2014-05-23,6006163.0,10.80,10.83,10.70,10.70,556154.0
2014-05-22,9051075.0,10.75,10.87,10.69,10.75,836465.0
2014-05-21,6899981.0,10.75,10.82,10.60,10.70,641882.0
2014-05-20,12050625.0,10.69,10.82,10.56,10.81,1125217.0
2014-05-19,5753017.0,10.69,10.87,10.63,10.87,535100.0
2014-05-16,9837186.0,10.87,11.01,10.70,11.01,908253.0
2014-05-15,12563336.0,10.95,11.12,10.88,11.07,1143654.0
2014-05-14,10804752.0,11.08,11.13,11.03,11.07,972043.0
2014-05-13,19436856.0,11.09,11.12,10.97,10.98,1757176.0
2014-05-12,52074608.0,11.17,11.32,10.87,11.31,4693567.0
2014-05-09,10665829.0,11.23,11.31,11.05,11.23,952688.0
2014-05-08,7301815.0,11.23,11.42,11.10,11.17,645282.0
2014-05-07,13428054.0,11.23,11.32,11.12,11.27,1192858.0
2014-05-06,20771302.0,11.34,11.36,11.05,11.05,1839900.0
2014-05-05,25311342.0,11.10,11.15,10.84,11.09,2301648.0
2014-04-30,57109852.0,11.11,11.51,10.84,11.19,5114188.0
2014-04-29,8405232.0,12.04,12.05,11.84,11.91,700754.0
2014-04-28,11067046.0,11.89,12.01,11.76,11.92,929053.0
2014-04-25,32697308.0,12.07,12.62,11.91,12.54,2665610.0
2014-04-24,13865395.0,12.58,12.68,12.44,12.61,1098889.0
2014-04-23,16133949.0,12.56,12.74,12.47,12.64,1275830.0
2014-04-22,29402406.0,12.68,12.71,12.29,12.56,2349547.0
2014-04-21,39538528.0,12.65,13.25,12.47,12.97,3051781.0
2014-04-18,39350236.0,13.15,13.19,12.78,12.96,3009956.0
2014-04-17,38623528.0,12.93,13.09,12.66,12.66,2985990.0
2014-04-16,20251664.0,12.68,12.83,12.57,12.65,1588408.0
2014-04-15,30656968.0,12.67,12.76,12.52,12.75,2415665.0
2014-04-14,26065532.0,12.81,12.93,12.64,12.86,2034934.0
2014-04-11,58179652.0,12.87,13.09,12.63,12.71,4491955.0
2014-04-10,61952556.0,12.78,12.90,12.38,12.38,4857822.0
2014-04-09,23387380.0,12.46,12.47,12.24,12.34,1882366.0
2014-04-08,17716188.0,12.34,12.34,12.09,12.12,1446864.0
2014-04-04,16449188.0,12.12,12.13,11.87,11.89,1362447.0
2014-04-03,15952249.0,11.87,12.06,11.80,11.96,1338477.0
2014-04-02,15566358.0,11.99,12.10,11.91,11.95,1293435.0
2014-04-01,16345692.0,11.99,12.00,11.86,11.86,1364765.0
2014-03-31,38612248.0,11.91,12.66,11.85,12.51,3174922.0
2014-03-28,73777040.0,12.47,12.97,12.42,12.43,5782755.0
2014-03-27,30145388.0,12.44,12.58,12.36,12.39,2407124.0
2014-03-26,26039686.0,12.39,12.56,12.26,12.51,2100405.0
2014-03-25,52206612.0,12.50,12.73,12.24,12.31,4158755.0
2014-03-24,28806356.0,12.27,12.35,12.12,12.18,2347522.0
2014-03-21,25542312.0,12.14,12.16,11.62,11.67,2134285.0
2014-03-20,28737292.0,11.79,12.31,11.76,12.14,2366283.0
2014-03-19,17477728.0,12.14,12.15,11.78,11.96,1455355.0
2014-03-18,21624896.0,11.92,12.15,11.85,11.85,1792385.0
2014-03-17,11737170.0,11.88,11.92,11.70,11.71,989180.0
2014-03-14,17090612.0,11.72,11.88,11.57,11.66,1450628.0
2014-03-13,10784793.0,11.68,11.80,11.66,11.70,917155.0
2014-03-12,12422393.0,11.75,11.78,11.49,11.51,1065356.0
2014-03-11,21465966.0,11.60,11.84,11.42,11.66,1838682.0
2014-03-10,20785462.0,11.70,12.12,11.66,12.12,1750137.0
2014-03-07,24843212.0,12.15,12.35,12.09,12.22,2026832.0
2014-03-06,27478568.0,12.25,12.31,11.88,12.20,2254977.0
2014-03-05,27063980.0,12.21,12.24,12.05,12.11,2222651.0
2014-03-04,39914756.0,12.11,12.31,11.94,12.17,3292030.0
2014-03-03,50081912.0,12.33,12.60,11.64,11.72,4090612.0
2014-02-28,15095499.0,11.70,11.80,11.38,11.51,1297614.0
2014-02-27,20580368.0,11.51,11.91,11.48,11.74,1753430.0
2014-02-26,32820132.0,11.79,11.80,11.36,11.68,2826034.0
2014-02-25,50346792.0,11.80,12.67,11.74,12.61,4086689.0
2014-02-24,56635108.0,12.61,12.74,12.36,12.74,4495544.0
2014-02-21,87956168.0,12.85,12.87,12.23,12.35,6999301.0
2014-02-20,38238364.0,12.21,12.46,12.09,12.35,3101376.0
2014-02-19,40925000.0,12.36,12.40,12.06,12.12,3324908.0
2014-02-18,39537524.0,12.14,12.32,11.96,12.31,3252517.0
2014-02-17,38514048.0,12.35,12.44,12.14,12.36,3128211.0
2014-02-14,30528352.0,12.27,12.36,12.02,12.07,2490195.0
2014-02-13,47351704.0,12.12,12.40,11.96,12.05,3875389.0
2014-02-12,31954568.0,12.09,12.12,11.87,11.95,2660229.0
2014-02-11,30177388.0,11.95,12.00,11.70,11.76,2526194.0
2014-02-10,30173730.0,11.80,11.81,11.37,11.37,2587481.0
2014-02-07,21096832.0,11.39,11.42,11.28,11.42,1852867.0
2014-01-30,29638136.0,11.42,11.95,11.42,11.95,2550654.0
2014-01-29,16353464.0,11.96,12.02,11.84,12.00,1366612.0
2014-01-28,14829635.0,11.98,12.13,11.92,12.02,1231843.0
2014-01-27,18508292.0,11.97,12.19,11.91,12.19,1537847.0
2014-01-24,19328152.0,12.20,12.32,12.04,12.16,1579723.0
2014-01-23,21102150.0,12.21,12.33,12.05,12.06,1721738.0
2014-01-22,23944024.0,12.12,12.29,11.78,11.78,1980441.0
2014-01-21,8335090.0,11.84,11.93,11.51,11.60,704491.0
2014-01-20,5358974.0,11.60,11.75,11.46,11.60,459968.0
2014-01-17,8402245.0,11.60,11.91,11.56,11.86,711870.0
2014-01-16,10318510.0,11.91,12.03,11.86,11.88,862104.0
2014-01-15,23361000.0,11.96,11.99,11.57,11.64,1962516.0
2014-01-14,10818529.0,11.68,11.71,11.39,11.39,933827.0
2014-01-13,8939104.0,11.46,11.83,11.42,11.59,768057.0
2014-01-10,10850674.0,11.57,12.07,11.55,11.56,919435.0
2014-01-09,12767950.0,11.56,12.05,11.56,11.69,1075824.0
2014-01-08,12389101.0,11.77,12.08,11.68,11.86,1042939.0
2014-01-07,15345312.0,11.93,11.96,11.53,11.64,1300136.0
2014-01-06,18067408.0,11.68,12.09,11.64,12.09,1527723.0
2014-01-03,19515878.0,12.17,12.60,12.13,12.50,1585694.0
2014-01-02,15600921.0,12.48,12.62,12.46,12.60,1241799.0
2013-12-31,18310094.0,12.65,12.72,12.44,12.56,1450182.0
2013-12-30,28185228.0,12.67,12.70,12.16,12.27,2265528.0
2013-12-27,16318777.0,12.23,12.36,12.08,12.14,1332599.0
2013-12-26,22886784.0,12.14,12.61,11.96,12.61,1857707.0
2013-12-25,18790576.0,12.58,12.64,12.42,12.59,1496144.0
2013-12-24,24082816.0,12.59,12.63,12.37,12.42,1918849.0
2013-12-23,18795888.0,12.41,12.64,12.17,12.47,1510985.0
2013-12-20,16000309.0,12.55,12.76,12.43,12.56,1269584.0
2013-12-19,17146648.0,12.56,12.80,12.42,12.56,1356378.0
2013-12-18,20062842.0,12.58,12.78,12.51,12.71,1582219.0
2013-12-17,31372764.0,12.61,13.06,12.54,12.94,2448874.0
2013-12-16,50166880.0,12.95,13.64,12.87,13.53,3791337.0
2013-12-13,44678992.0,13.53,13.90,13.38,13.76,3259710.0
2013-12-12,67409672.0,13.75,14.22,13.51,13.75,4852102.0
2013-12-11,91243680.0,13.93,14.06,13.07,13.56,6725076.0
2013-12-10,103450752.0,13.58,14.32,13.28,13.44,7461179.0
2013-12-09,70448584.0,13.47,13.56,13.18,13.32,5238004.0
2013-12-06,34584752.0,13.07,13.20,12.87,13.01,2647766.0
2013-12-05,54534172.0,13.15,13.23,12.72,12.86,4182677.0
2013-12-04,108776312.0,12.95,13.56,12.74,12.74,8229310.0
2013-12-03,49173160.0,12.58,12.68,12.10,12.23,3936556.0
2013-12-02,81023592.0,12.24,12.91,11.96,12.67,6489170.0
2013-11-29,173771328.0,13.16,13.57,12.36,12.40,13195452.0
2013-11-28,56405392.0,12.33,12.62,12.29,12.36,4536372.0
2013-11-27,56197424.0,12.26,12.46,12.19,12.24,4546409.0
2013-11-26,113652912.0,12.28,13.06,12.16,12.47,9117680.0
2013-11-25,65951092.0,12.15,12.36,11.76,11.79,5401706.0
2013-11-22,44454616.0,11.94,12.17,11.78,11.84,3697379.0
2013-11-21,33011252.0,11.79,11.88,11.60,11.62,2799507.0
2013-11-20,33527092.0,11.77,11.94,11.51,11.75,2865932.0
2013-11-19,41333012.0,11.74,11.96,11.54,11.61,3500689.0
2013-11-18,48960584.0,11.73,12.00,11.28,11.55,4189620.0
2013-11-15,33970676.0,11.38,11.46,10.98,11.06,2992330.0
2013-11-14,15339163.0,11.00,11.07,10.85,11.03,1394584.0
2013-11-13,16121430.0,11.09,11.17,10.93,11.15,1458049.0
2013-11-12,20887178.0,11.23,11.25,11.03,11.03,1865660.0
2013-11-11,14395637.0,11.03,11.16,10.87,11.01,1302805.0
2013-11-08,33401274.0,11.16,11.25,10.83,11.14,3036888.0
2013-11-07,28808488.0,11.27,11.46,11.13,11.46,2541092.0
2013-11-06,62507728.0,11.65,11.74,10.91,10.94,5448662.0
2013-11-05,19433116.0,10.94,11.06,10.78,10.97,1770700.0
2013-11-04,13772300.0,10.97,11.03,10.93,10.98,1249775.0
2013-11-01,15082483.0,10.96,11.04,10.81,10.81,1375951.0
2013-10-31,14486065.0,10.82,10.91,10.73,10.91,1334109.0
2013-10-30,28936756.0,10.96,10.99,10.67,10.97,2667716.0
2013-10-29,30531972.0,10.99,11.51,10.63,11.45,2775921.0
2013-10-28,12226878.0,11.45,11.52,11.34,11.34,1064341.0
2013-10-25,21592912.0,11.36,11.67,11.25,11.60,1889037.0
2013-10-24,22337804.0,11.61,11.76,11.43,11.66,1924821.0
2013-10-23,41428228.0,11.67,12.17,11.56,12.12,3492895.0
2013-10-22,45118032.0,12.19,12.60,11.99,12.30,3661843.0
2013-10-21,35046852.0,12.30,12.39,12.02,12.21,2853544.0
2013-10-18,30838544.0,12.16,12.23,11.89,12.06,2539014.0
2013-10-17,70304296.0,12.03,12.81,11.96,12.45,5679095.0
2013-10-16,133944424.0,12.55,13.06,12.36,12.44,10477488.0
2013-10-15,113674864.0,12.65,13.29,12.04,12.05,8969963.0
2013-10-14,105569192.0,12.13,12.53,11.99,12.16,8577261.0
2013-10-11,128693960.0,12.17,12.34,11.49,11.53,10697503.0
2013-10-10,52397708.0,11.53,11.55,10.92,11.02,4655797.0
2013-10-09,15603669.0,11.09,11.12,10.97,11.09,1410283.0
2013-10-08,12580703.0,11.10,11.12,10.82,10.93,1141187.0
2013-09-30,13435434.0,10.92,11.04,10.86,10.95,1223722.0
2013-09-27,22761950.0,10.92,11.24,10.77,11.24,2060012.0
2013-09-26,21878248.0,11.14,11.44,11.13,11.42,1939831.0
2013-09-25,30314662.0,11.44,11.61,11.33,11.42,2632156.0
2013-09-24,21127596.0,11.42,11.44,11.17,11.39,1858436.0
2013-09-23,21039252.0,11.47,11.47,11.26,11.37,1847985.0
2013-09-18,11967051.0,11.33,11.34,11.18,11.21,1056850.0
2013-09-17,32503204.0,11.26,11.74,10.99,11.74,2852128.0
2013-09-16,19666712.0,11.69,11.79,11.60,11.66,1678369.0
2013-09-13,22841596.0,11.66,11.82,11.56,11.64,1948916.0
2013-09-12,27301018.0,11.72,11.89,11.71,11.89,2309731.0
2013-09-11,49844776.0,11.87,12.21,11.79,12.15,4165192.0
2013-09-10,83243808.0,12.09,12.12,11.66,11.69,6932112.0
2013-09-09,49109320.0,11.66,11.86,11.57,11.66,4178864.0
2013-09-06,66077160.0,11.75,11.94,11.28,11.37,5662793.0
2013-09-05,34774548.0,11.37,11.63,11.33,11.58,3035448.0
2013-09-04,30923326.0,11.64,11.78,11.58,11.70,2636383.0
2013-09-03,44960640.0,11.70,11.85,11.53,11.66,3829928.0
2013-09-02,49963396.0,11.77,12.09,11.38,12.02,4277613.0
2013-08-30,77928544.0,11.86,12.01,11.51,11.56,6567589.0
2013-08-29,73837760.0,11.66,12.03,11.61,11.88,6250557.0
2013-08-28,122890008.0,12.17,12.49,11.91,12.09,10060441.0
2013-08-27,174085952.0,12.43,12.50,11.87,12.14,14196061.0
2013-08-26,60602628.0,11.37,11.40,10.82,10.83,5414090.0
2013-08-23,31994642.0,10.85,11.03,10.60,10.97,2940836.0
2013-08-22,21874148.0,11.08,11.14,10.92,10.97,1977471.0
2013-08-21,16267522.0,11.02,11.03,10.69,10.83,1490852.0
2013-08-20,11092940.0,10.84,10.86,10.67,10.67,1024809.0
2013-08-19,14032042.0,10.74,10.80,10.47,10.47,1314156.0
2013-08-16,19955636.0,10.61,11.11,10.59,10.87,1827002.0
2013-08-15,7658573.0,10.87,10.96,10.75,10.85,700171.0
2013-08-14,14584093.0,10.91,11.08,10.81,11.01,1326150.0
2013-08-13,16061369.0,11.03,11.11,10.96,11.01,1453403.0
2013-08-12,21119852.0,11.02,11.03,10.76,10.76,1931838.0
2013-08-09,14194801.0,10.85,10.96,10.68,10.86,1310407.0
2013-08-08,12664674.0,10.86,10.93,10.68,10.77,1168687.0
2013-08-07,21330212.0,10.81,11.12,10.77,11.11,1946471.0
2013-08-06,21556918.0,11.14,11.27,11.08,11.10,1928109.0
2013-08-05,27997018.0,11.14,11.20,10.87,10.94,2526344.0
2013-08-02,54366808.0,11.09,11.42,10.78,10.80,4844439.0
2013-08-01,64489856.0,11.02,11.28,10.80,11.28,5813457.0
2013-07-31,7403606.0,10.25,10.26,10.13,10.19,724119.0
2013-07-30,6526124.0,10.12,10.21,10.00,10.14,643374.0
2013-07-29,8686976.0,10.16,10.21,10.05,10.21,856557.0
2013-07-26,12317626.0,10.25,10.60,10.17,10.60,1188395.0
2013-07-25,10942339.0,10.54,10.80,10.51,10.78,1028041.0
2013-07-24,12954284.0,10.77,10.90,10.61,10.82,1201462.0
2013-07-23,19001372.0,10.90,11.17,10.67,10.79,1742014.0
2013-07-22,22282498.0,10.79,11.37,10.30,10.37,2042672.0
2013-07-19,10992601.0,10.44,10.78,10.40,10.72,1034785.0
2013-07-18,18126000.0,10.70,10.73,10.36,10.40,1703255.0
2013-07-17,13154242.0,10.40,10.70,10.37,10.63,1239300.0
2013-07-16,8881317.0,10.62,10.65,10.44,10.59,839716.0
2013-07-15,10240994.0,10.55,10.61,10.38,10.45,973259.0
2013-07-12,9599239.0,10.43,10.65,10.43,10.65,909110.0
2013-07-11,12766433.0,10.55,10.62,10.24,10.28,1212693.0
2013-07-10,7556085.0,10.28,10.33,10.02,10.06,736332.0
2013-07-09,5991739.0,10.07,10.12,9.93,10.06,596040.0
2013-07-08,11563034.0,10.06,10.53,10.02,10.47,1129670.0
2013-07-05,9390407.0,10.68,10.89,10.67,10.85,867652.0
2013-07-04,10272596.0,10.85,10.95,10.62,10.72,945551.0
2013-07-03,7882729.0,10.72,10.84,10.52,10.83,736201.0
2013-07-02,8843753.0,10.84,10.87,10.59,10.59,818727.0
2013-07-01,3699265.0,10.65,10.66,10.45,10.57,348993.0
2013-06-28,8072493.0,10.57,10.63,10.30,10.48,753440.0
2013-06-27,8893114.0,10.48,10.85,10.47,10.68,813230.0
2013-06-26,11570914.0,10.67,10.77,10.44,10.66,1066434.0
2013-06-25,23719644.0,10.66,10.78,9.61,10.28,2242726.0
2013-06-24,10107054.0,10.31,11.09,10.20,10.93,933413.0
2013-06-21,7304025.0,11.01,11.18,10.58,10.86,655665.0
2013-06-20,11844805.0,10.96,11.45,10.92,11.45,1037019.0
2013-06-19,13668973.0,11.41,11.65,11.30,11.44,1170951.0
2013-06-18,25764044.0,11.48,11.52,10.89,10.99,2238507.0
2013-06-17,11060569.0,10.96,11.06,10.87,11.01,986637.0
2013-06-14,10724730.0,11.07,11.12,10.81,10.82,956003.0
2013-06-13,16061099.0,10.80,11.06,10.76,11.04,1451129.0
2013-06-07,26811330.0,11.23,11.85,11.21,11.81,2282157.0
2013-06-06,11516199.0,11.77,11.99,11.76,11.94,948291.0
2013-06-05,12734000.0,11.99,12.13,11.86,11.87,1042996.0
2013-06-04,27241108.0,11.94,12.34,11.89,12.34,2208892.0
2013-06-03,19667298.0,12.37,12.46,12.32,12.36,1552959.0
2013-05-31,24670478.0,12.37,12.59,12.33,12.47,1942673.0
2013-05-30,29900704.0,12.49,12.68,12.42,12.62,2336189.0
2013-05-29,25914764.0,12.63,12.75,12.53,12.59,2007634.0
2013-05-28,21681556.0,12.58,12.65,12.41,12.58,1692394.0
2013-05-27,25723968.0,12.63,12.65,12.39,12.39,2010401.0
2013-05-24,15903991.0,12.43,12.54,12.39,12.48,1249936.0
2013-05-23,30693868.0,12.40,12.65,12.35,12.60,2406759.0
2013-05-22,51387108.0,12.72,12.88,12.47,12.47,3949878.0
2013-05-21,29513768.0,12.54,12.57,12.37,12.54,2320820.0
2013-05-20,32976524.0,12.54,12.55,12.26,12.31,2593605.0
2013-05-17,26155564.0,12.33,12.35,12.11,12.23,2090790.0
2013-05-16,17775120.0,12.17,12.23,11.93,11.99,1434321.0
2013-05-15,15888208.0,12.04,12.15,11.90,12.12,1293530.0
2013-05-14,21378980.0,12.15,12.35,12.00,12.35,1720861.0
2013-05-13,25448900.0,12.34,12.49,12.10,12.13,2029440.0
2013-05-10,13866888.0,12.13,12.15,11.84,11.89,1126827.0
2013-05-09,19107018.0,12.00,12.23,11.92,12.20,1550193.0
2013-05-08,15348473.0,12.18,12.25,12.07,12.16,1235059.0
2013-05-07,9186367.0,12.18,12.25,12.10,12.18,739412.0
2013-05-06,20162510.0,12.26,12.30,11.98,12.02,1627608.0
2013-05-03,23460628.0,11.99,12.11,11.92,11.97,1909261.0
2013-05-02,19599460.0,11.97,12.37,11.91,12.37,1591021.0
2013-04-26,17772168.0,12.39,12.59,12.18,12.58,1410556.0
2013-04-25,17366604.0,12.48,12.77,12.41,12.77,1345988.0
2013-04-24,20197268.0,12.77,12.82,12.56,12.64,1556414.0
2013-04-23,42222416.0,12.64,12.96,12.57,12.81,3229546.0
2013-04-22,19377456.0,12.81,12.82,12.48,12.56,1495733.0
2013-04-19,23588396.0,12.66,12.80,12.44,12.44,1825998.0
2013-04-18,28102136.0,12.57,12.64,12.11,12.11,2226661.0
2013-04-17,10906069.0,12.56,12.58,12.40,12.43,854293.0
2013-04-16,16112862.0,12.49,12.52,12.10,12.29,1281949.0
2013-04-15,16910520.0,12.63,13.05,12.57,12.58,1291188.0
2013-04-12,26842644.0,12.61,12.95,12.55,12.93,2074917.0
2013-04-11,27531020.0,12.99,13.30,12.96,13.14,2051083.0
2013-04-10,30172988.0,13.05,13.25,12.90,13.23,2260243.0
2013-04-09,45950688.0,13.25,13.43,13.09,13.21,3401483.0
2013-04-08,74711328.0,13.43,13.46,12.48,12.48,5589797.0
2013-04-03,10513074.0,12.40,12.63,12.35,12.61,825699.0
2013-04-02,18540436.0,12.56,12.82,12.46,12.65,1435783.0
2013-04-01,12245672.0,12.64,12.78,12.49,12.62,947221.0
2013-03-29,18325482.0,12.61,12.74,12.33,12.43,1425012.0
2013-03-28,26056552.0,12.37,12.85,12.34,12.85,2030604.0
2013-03-27,19724336.0,13.01,13.02,12.82,12.89,1494385.0
2013-03-26,16972064.0,12.88,12.98,12.74,12.98,1294094.0
2013-03-25,18276864.0,13.02,13.26,12.95,13.15,1371446.0
2013-03-22,24883440.0,13.22,13.46,13.10,13.29,1840676.0
2013-03-21,29977536.0,13.29,13.36,13.14,13.29,2211904.0
2013-03-20,37005784.0,13.29,13.30,12.95,12.98,2756717.0
2013-03-19,16386312.0,12.94,12.97,12.66,12.70,1252511.0
2013-03-18,16778328.0,12.70,12.95,12.66,12.85,1283756.0
2013-03-15,31544436.0,12.96,13.08,12.54,12.73,2390342.0
2013-03-14,17906532.0,12.73,12.76,12.56,12.56,1381798.0
2013-03-13,24769512.0,12.60,12.86,12.51,12.74,1918761.0
2013-03-12,53525288.0,12.74,13.58,12.60,13.42,4032158.0
2013-03-11,30910132.0,13.37,13.54,13.21,13.50,2265917.0
2013-03-08,36622620.0,13.61,14.04,13.55,13.56,2596461.0
2013-03-07,40840012.0,13.57,13.88,13.45,13.82,2933860.0
2013-03-06,67798632.0,13.86,14.14,13.72,14.02,4787304.0
2013-03-05,69931968.0,14.08,14.23,13.75,13.75,4861850.0
2013-03-04,70060928.0,13.73,13.96,13.48,13.71,4997284.0
2013-03-01,78866336.0,13.81,13.98,13.43,13.59,5641493.0
2013-02-28,98217416.0,13.70,13.90,13.42,13.55,7033884.0
2013-02-27,40885960.0,13.18,13.45,12.69,12.69,3060988.0
2013-02-26,40083860.0,12.69,13.17,12.65,12.87,3018922.0
2013-02-25,44093768.0,12.98,13.00,12.55,12.57,3383311.0
2013-02-22,42479608.0,12.55,12.95,12.53,12.87,3265535.0
2013-02-21,29096790.0,12.88,13.14,12.80,13.13,2201325.0
2013-02-20,41859032.0,13.22,13.23,12.74,12.85,3144663.0
2013-02-19,47153688.0,12.90,13.22,12.68,13.22,3588522.0
2013-02-18,50856008.0,13.19,13.62,13.12,13.50,3731384.0
2013-02-08,44423580.0,13.41,13.50,13.22,13.35,3250461.0
2013-02-07,79364600.0,13.32,13.50,13.02,13.31,5856919.0
2013-02-06,111762008.0,13.76,13.82,13.23,13.27,8091021.0
2013-02-05,113352632.0,13.27,13.58,12.49,12.50,8477066.0
2013-02-04,32709076.0,12.41,12.51,12.21,12.34,2594392.0
2013-02-01,30674708.0,12.36,12.45,12.22,12.24,2434892.0
2013-01-31,21220916.0,12.20,12.37,12.08,12.34,1705890.0
2013-01-30,25416656.0,12.31,12.50,12.22,12.50,2018380.0
2013-01-29,31195180.0,12.48,12.57,12.29,12.36,2452624.0
2013-01-28,28209432.0,12.34,12.36,12.03,12.04,2263423.0
2013-01-25,16666981.0,11.98,12.07,11.91,11.99,1361056.0
2013-01-24,37565808.0,11.97,12.45,11.92,12.24,3017022.0
2013-01-23,38089608.0,12.26,12.33,12.02,12.33,3061946.0
2013-01-22,44746588.0,12.41,12.59,12.22,12.59,3527136.0
2013-01-21,48488872.0,12.69,12.80,12.55,12.59,3757272.0
2013-01-18,78943888.0,12.68,13.16,12.47,12.92,6068494.0
2013-01-17,45631092.0,12.40,12.77,12.33,12.56,3567754.0
2013-01-16,83209152.0,12.72,12.73,12.20,12.36,6556337.0
2013-01-15,81092456.0,12.36,12.48,12.00,12.11,6462930.0
2013-01-14,43628212.0,12.05,12.06,11.61,11.61,3582269.0
2013-01-11,35721736.0,11.74,12.12,11.73,12.05,2942688.0
2013-01-10,41566384.0,12.05,12.21,11.92,12.06,3370657.0
2013-01-09,60660688.0,12.13,12.32,11.96,12.11,4883328.0
2013-01-08,66810832.0,12.12,12.32,11.97,12.06,5385328.0
2013-01-07,42232104.0,12.07,12.08,11.66,11.87,3490697.0
2013-01-04,33873908.0,11.84,12.12,11.79,12.09,2784873.0
2012-12-31,36398796.0,12.04,12.09,11.86,12.02,2972305.0
2012-12-28,35209072.0,12.00,12.03,11.78,11.78,2886177.0
2012-12-27,46979408.0,11.76,12.13,11.76,12.09,3859012.0
2012-12-26,59149096.0,12.08,12.15,11.87,11.97,4819515.0
2012-12-25,117828504.0,12.03,12.52,12.02,12.17,9430650.0
2012-12-24,72614856.0,12.04,12.19,11.52,11.55,5944119.0
2012-12-21,41319424.0,11.59,11.81,11.52,11.70,3475073.0
2012-12-20,39389640.0,11.68,11.74,11.47,11.56,3317477.0
2012-12-19,49862980.0,11.64,12.03,11.45,11.53,4139322.0
2012-12-18,59377600.0,11.55,11.80,11.36,11.47,5009844.0
2012-12-17,52212048.0,11.47,11.60,11.27,11.55,4469276.0
2012-12-14,85209272.0,11.58,11.82,10.69,10.69,7350215.0
2012-12-13,19841610.0,10.76,10.99,10.62,10.75,1795074.0
2012-12-12,26324376.0,10.79,10.88,10.58,10.77,2398233.0
2012-12-11,26477828.0,10.83,11.05,10.83,11.05,2371227.0
2012-12-10,38499516.0,11.09,11.13,10.69,10.75,3464883.0
2012-12-07,35035268.0,10.77,10.81,10.40,10.43,3200384.0
2012-12-06,16837348.0,10.42,10.57,10.31,10.45,1581680.0
2012-12-05,27337844.0,10.49,10.60,10.06,10.18,2566484.0
2012-12-04,17029780.0,10.18,10.20,9.60,9.96,1686014.0
2012-12-03,14295185.0,9.99,10.24,9.97,10.15,1387977.0
2012-11-30,17394860.0,10.21,10.26,10.00,10.10,1679133.0
2012-11-29,22114680.0,10.08,10.63,9.98,10.62,2096671.0
2012-11-28,20359760.0,10.57,10.64,10.29,10.34,1895452.0
2012-11-27,33191616.0,10.49,11.21,10.44,11.03,3023736.0
2012-11-26,35043020.0,11.11,11.30,10.95,11.06,3068329.0
2012-11-23,60251092.0,11.14,11.40,11.04,11.05,5259076.0
2012-11-22,39897752.0,10.88,11.06,10.51,10.63,3600117.0
2012-11-21,18990152.0,10.72,10.73,10.43,10.55,1752538.0
2012-11-20,20800846.0,10.65,10.69,10.38,10.57,1926807.0
2012-11-19,29700892.0,10.48,10.70,10.26,10.70,2793461.0
2012-11-16,38084088.0,10.70,11.22,10.67,11.16,3409493.0
2012-11-15,27965672.0,11.26,11.52,11.23,11.37,2409424.0
2012-11-14,39379728.0,11.52,11.71,11.26,11.42,3353606.0
2012-11-13,44137008.0,11.51,11.74,11.45,11.69,3739937.0
2012-11-12,95473504.0,11.72,12.00,11.35,11.40,7979478.0
2012-11-09,57254940.0,11.40,11.59,10.87,10.87,4935097.0
2012-11-08,36815452.0,11.01,11.41,11.00,11.17,3226609.0
2012-11-07,59888672.0,11.37,11.71,11.12,11.14,5113239.0
2012-11-06,28856156.0,11.13,11.25,10.89,11.18,2560782.0
2012-11-05,19027972.0,11.24,11.35,11.16,11.24,1658543.0
2012-11-02,33764352.0,11.31,11.34,11.13,11.26,2941956.0
2012-11-01,50117364.0,11.30,11.40,11.13,11.20,4348080.0
2012-10-31,34550480.0,11.19,11.24,10.96,11.11,3040145.0
2012-10-30,31549684.0,11.19,11.21,10.73,10.76,2797537.0
2012-10-29,13899049.0,10.76,10.86,10.62,10.86,1267471.0
2012-10-26,32585108.0,10.87,11.04,10.65,10.69,2938451.0
2012-10-25,21756876.0,10.75,10.92,10.72,10.79,1970331.0
2012-10-24,29852258.0,10.80,11.09,10.78,10.96,2677911.0
2012-10-23,30953858.0,11.05,11.31,11.02,11.04,2713140.0
2012-10-22,22161200.0,11.12,11.14,10.86,10.87,1960508.0
2012-10-19,54633128.0,11.05,11.39,11.02,11.18,4772162.0
2012-10-18,91796432.0,11.23,11.38,10.81,10.94,8105167.0
2012-10-17,145786304.0,11.36,11.68,10.98,10.99,12393690.0
2012-10-16,28381710.0,10.62,10.71,10.21,10.22,2640114.0
2012-10-15,17272740.0,10.23,10.56,10.11,10.56,1644819.0
2012-10-12,11407180.0,10.47,10.63,10.33,10.47,1067436.0
2012-10-11,13070687.0,10.51,10.76,10.50,10.76,1206350.0
2012-10-10,19594534.0,10.73,10.78,10.61,10.64,1792980.0
2012-10-09,19015412.0,10.69,10.69,10.48,10.49,1752037.0
2012-10-08,12710831.0,10.45,10.58,10.31,10.31,1187534.0
2012-09-28,13871598.0,10.40,10.44,10.14,10.24,1314180.0
2012-09-27,15955773.0,10.24,10.37,9.93,9.98,1536835.0
2012-09-26,15750562.0,9.98,10.46,9.93,10.34,1515559.0
2012-09-25,10384114.0,10.43,10.58,10.37,10.37,971146.0
2012-09-24,13733685.0,10.53,10.59,10.29,10.41,1282280.0
2012-09-21,24879160.0,10.59,10.73,10.23,10.23,2319826.0
2012-09-20,16993008.0,10.37,10.70,10.30,10.65,1587751.0
2012-09-19,17462410.0,10.74,10.77,10.49,10.65,1602186.0
2012-09-18,28219982.0,10.57,10.91,10.47,10.69,2587553.0
2012-09-17,21686528.0,10.75,11.00,10.75,10.91,1958429.0
2012-09-14,44275792.0,10.95,11.26,10.84,11.20,3953908.0
2012-09-13,39620048.0,11.09,11.68,11.04,11.68,3410282.0
2012-09-12,29257156.0,11.60,11.61,11.35,11.35,2486949.0
2012-09-11,26077048.0,11.35,11.51,11.27,11.46,2240832.0
2012-09-10,33024656.0,11.55,11.59,11.39,11.52,2812207.0
2012-09-07,53866988.0,11.53,11.71,11.21,11.38,4585528.0
2012-09-06,34080152.0,11.26,11.45,11.00,11.00,2962730.0
2012-09-05,13998281.0,11.08,11.17,10.91,11.06,1238837.0
2012-09-04,34197424.0,11.03,11.36,11.00,11.03,2997922.0
2012-09-03,27205760.0,11.04,11.11,10.65,10.66,2428228.0
2012-08-31,12426423.0,10.74,10.82,10.57,10.58,1132592.0
2012-08-30,21014220.0,10.72,11.16,10.52,11.16,1899923.0
2012-08-29,24244784.0,11.10,11.20,10.92,11.01,2133810.0
2012-08-28,15785174.0,10.99,11.11,10.78,10.79,1407181.0
2012-08-27,26753582.0,10.91,11.24,10.91,11.21,2375167.0
2012-08-24,28732724.0,11.34,11.46,11.21,11.46,2486269.0
2012-08-23,42314668.0,11.49,11.54,11.21,11.37,3649184.0
2012-08-22,60698740.0,11.46,12.08,11.38,11.93,5068066.0
2012-08-21,71527936.0,11.95,12.12,11.85,11.95,5844011.0
2012-08-20,69452512.0,12.01,12.10,11.66,11.79,5689023.0
2012-08-17,61970416.0,11.91,11.93,11.32,11.33,5209343.0
2012-08-16,25882576.0,11.30,11.47,11.23,11.30,2231970.0
2012-08-15,28800060.0,11.40,11.67,11.38,11.47,2439906.0
2012-08-14,64965492.0,11.58,11.95,11.18,11.79,5526525.0
2012-08-13,96222752.0,11.90,12.28,11.85,11.96,7790068.0
2012-08-10,132148256.0,12.03,12.27,11.48,11.53,10752855.0
2012-08-09,68608768.0,11.64,11.67,11.26,11.65,5837722.0
2012-08-08,76973104.0,11.71,12.08,11.67,11.70,6343688.0
2012-08-07,77633424.0,11.80,11.94,11.61,11.79,6453366.0
2012-08-06,89984168.0,11.89,11.99,11.59,11.66,7480490.0
2012-08-03,96117568.0,11.74,11.86,11.40,11.53,8094758.0
2012-08-02,65386864.0,11.58,11.62,11.21,11.27,5593311.0
2012-08-01,69747832.0,11.43,11.60,11.17,11.26,5988588.0
2012-07-31,80920776.0,11.35,11.65,10.92,11.14,7010769.0
2012-07-30,67208456.0,11.19,11.69,11.06,11.62,5813558.0
2012-07-27,87286096.0,11.59,12.04,11.48,12.00,7295021.0
2012-07-26,97097712.0,11.93,12.40,11.83,12.28,7804746.0
2012-07-25,124508240.0,12.49,12.60,12.05,12.49,9934720.0
2012-07-24,147263456.0,12.50,12.60,12.18,12.37,11658194.0
2012-07-23,224463424.0,12.47,12.76,12.18,12.74,17571636.0
2012-07-20,428458688.0,13.16,13.16,12.58,12.72,32285456.0
2012-07-19,191473552.0,11.97,11.97,11.47,11.52,15699904.0
2012-07-18,34827080.0,10.88,10.91,10.37,10.67,3184791.0
2012-07-17,88396528.0,10.84,10.88,9.75,10.75,8123044.0
2012-07-16,29996564.0,10.70,10.93,10.58,10.69,2719818.0
2012-07-13,11355248.0,10.68,10.74,10.52,10.70,1045468.0
2012-07-12,27052812.0,10.74,10.84,10.39,10.55,2477860.0
2012-07-11,28312832.0,10.51,10.62,10.20,10.62,2654750.0
2012-07-10,35585500.0,10.57,11.03,10.50,10.75,3201611.0
2012-07-09,15398006.0,10.75,10.82,10.60,10.76,1394107.0
2012-07-06,22053160.0,10.78,10.86,10.49,10.75,1996726.0
2012-07-05,42787680.0,10.73,10.87,10.53,10.87,3881288.0
2012-07-04,57696808.0,10.81,11.00,10.69,10.80,5165862.0
2012-07-03,55621380.0,10.80,10.83,10.44,10.44,5056348.0
2012-07-02,19130688.0,10.48,10.65,10.45,10.64,1763790.0
2012-06-29,20887884.0,10.57,10.68,10.07,10.19,1928209.0
2012-06-28,27897582.0,10.38,10.54,10.25,10.30,2594781.0
2012-06-27,34717568.0,10.39,10.55,10.15,10.19,3239401.0
2012-06-26,29402832.0,10.23,10.31,9.81,9.89,2826152.0
2012-06-25,8381393.0,9.91,10.09,9.83,9.88,819441.0
2012-06-21,16030792.0,9.92,10.21,9.90,10.21,1558705.0
2012-06-20,15990266.0,10.22,10.60,10.19,10.60,1508811.0
2012-06-19,12643273.0,10.48,10.64,10.48,10.64,1164811.0
2012-06-18,16487083.0,10.63,10.64,10.44,10.56,1517993.0
2012-06-15,15932263.0,10.50,10.56,10.35,10.56,1484372.0
2012-06-14,20697540.0,10.45,10.65,10.45,10.55,1907588.0
2012-06-13,31210918.0,10.62,10.67,10.23,10.28,2888588.0
2012-06-12,15204974.0,10.23,10.37,10.15,10.37,1440750.0
2012-06-11,25743444.0,10.39,10.43,10.11,10.11,2419910.0
2012-06-08,26789822.0,10.12,10.53,10.08,10.46,2534654.0
2012-06-07,29639040.0,10.39,10.88,10.38,10.82,2702504.0
2012-06-06,39528956.0,10.71,10.94,10.64,10.86,3569614.0
2012-06-05,63467692.0,10.88,11.37,10.86,11.35,5579896.0
2012-06-04,91556216.0,11.34,11.56,11.16,11.35,7798359.0
2012-06-01,92497920.0,11.45,11.56,11.25,11.34,7858513.0
2012-05-31,105278264.0,11.31,11.43,11.25,11.37,9027450.0
2012-05-30,133878328.0,11.38,11.46,11.09,11.21,11489138.0
2012-05-29,139051888.0,11.21,11.38,11.03,11.12,12067273.0
2012-05-28,142202432.0,11.20,11.39,10.81,10.88,12394920.0
2012-05-25,28184200.0,10.87,11.06,10.80,11.03,2515870.0
2012-05-24,58087476.0,10.93,11.22,10.78,10.91,5139923.0
2012-05-23,64452588.0,10.91,11.02,10.51,10.52,5830344.0
2012-05-22,56936280.0,10.61,10.72,10.11,10.19,5312888.0
2012-05-21,28118052.0,10.18,10.20,9.76,9.94,2723736.0
2012-05-17,22753172.0,10.05,10.09,9.81,9.99,2207149.0
2012-05-16,19228176.0,9.95,9.97,9.79,9.80,1889182.0
2012-05-15,9346290.0,9.79,9.90,9.63,9.90,931798.0
2012-05-14,9899311.0,9.90,10.02,9.88,9.93,968353.0
2012-05-11,10621739.0,9.88,10.01,9.86,10.01,1040049.0
2012-05-10,12844168.0,9.96,10.15,9.93,10.05,1246837.0
2012-05-09,14818263.0,10.08,10.27,10.07,10.23,1422191.0
2012-05-08,26783036.0,10.28,10.37,10.05,10.15,2553487.0
2012-05-07,18801434.0,10.09,10.13,10.01,10.07,1817048.0
2012-05-04,21459384.0,10.11,10.13,9.95,10.05,2080459.0
2012-05-03,23006696.0,10.07,10.08,9.90,9.96,2236682.0
2012-05-02,56452856.0,10.07,10.99,9.79,10.91,5442379.0
2012-04-27,20905096.0,10.79,11.31,10.78,11.30,1842450.0
2012-04-26,25982904.0,11.20,11.40,11.07,11.33,2248318.0
2012-04-25,52389576.0,11.32,11.45,10.67,10.83,4534129.0
2012-04-24,17121744.0,10.75,10.97,10.42,10.74,1554018.0
2012-04-23,19639490.0,10.85,11.13,10.79,11.05,1740656.0
2012-04-20,22130982.0,11.14,11.23,10.99,11.04,1933276.0
2012-04-19,19322852.0,11.13,11.17,10.99,11.07,1692629.0
2012-04-18,20845960.0,11.07,11.07,10.69,10.86,1852102.0
2012-04-17,17197704.0,10.79,11.17,10.78,11.17,1521648.0
2012-04-16,26628462.0,11.14,11.16,10.86,10.90,2347108.0
2012-04-13,44157048.0,11.09,11.37,10.65,10.66,3857181.0
2012-04-12,22361730.0,10.56,10.59,10.30,10.32,2075641.0
2012-04-11,8639840.0,10.41,10.43,10.13,10.28,812122.0
2012-04-10,14798724.0,10.44,10.55,10.00,10.49,1407336.0
2012-04-09,20676376.0,10.45,10.89,10.45,10.59,1885104.0
2012-04-06,24182032.0,10.63,10.88,10.04,10.13,2245985.0
2012-04-05,11426329.0,10.04,10.08,9.73,9.81,1110603.0
2012-03-30,7224150.0,9.78,10.05,9.68,9.99,715355.0
2012-03-29,8757196.0,9.99,10.30,9.86,10.30,848107.0
2012-03-28,12844265.0,10.25,10.69,10.17,10.69,1201565.0
2012-03-27,6955683.0,10.64,10.83,10.62,10.76,630047.0
2012-03-26,7115212.0,10.66,10.79,10.57,10.57,649206.0
2012-03-23,13513680.0,10.72,11.07,10.69,11.04,1212920.0
2012-03-22,10543377.0,11.05,11.14,10.92,11.01,929150.0
2012-03-21,12963103.0,11.08,11.20,10.88,11.04,1140683.0
2012-03-20,17955556.0,11.01,11.36,10.98,11.36,1563468.0
2012-03-19,26829784.0,11.43,11.52,11.30,11.39,2287326.0
2012-03-16,27415296.0,11.29,11.32,10.87,10.93,2392705.0
2012-03-15,24840416.0,10.87,11.15,10.77,10.98,2207931.0
2012-03-14,44299288.0,11.00,11.80,10.87,11.75,3752288.0
2012-03-13,22273090.0,11.73,11.83,11.61,11.83,1849220.0
2012-03-12,29876290.0,11.73,11.83,11.60,11.65,2481088.0
2012-03-09,26725684.0,11.67,11.71,11.47,11.53,2238247.0
2012-03-08,28601880.0,11.57,11.66,11.35,11.60,2411480.0
2012-03-07,49691920.0,11.53,12.02,11.43,11.46,4110491.0
2012-03-06,65873132.0,11.73,11.74,11.07,11.38,5608691.0
2012-03-05,54984644.0,11.48,11.76,11.43,11.71,4632407.0
2012-03-02,51939916.0,11.70,11.79,11.47,11.61,4327255.0
2012-03-01,89135728.0,11.63,11.83,11.22,11.26,7440876.0
2012-02-29,57485472.0,11.21,11.25,10.69,10.91,5058980.0
2012-02-28,35046912.0,10.87,10.92,10.54,10.73,3180058.0
2012-02-27,39427432.0,10.73,11.00,10.71,10.94,3522609.0
2012-02-24,41524268.0,10.86,10.86,10.65,10.71,3744759.0
2012-02-23,40522940.0,10.71,10.78,10.42,10.52,3702602.0
2012-02-22,25911792.0,10.49,10.49,10.25,10.32,2415224.0
2012-02-21,23901012.0,10.30,10.31,10.07,10.30,2283480.0
2012-02-20,25852676.0,10.26,10.51,10.23,10.47,2419732.0
2012-02-17,13748851.0,10.37,10.46,10.29,10.45,1287408.0
2012-02-16,27159648.0,10.43,10.48,10.24,10.30,2540666.0
2012-02-15,21411284.0,10.27,10.33,10.07,10.11,2031697.0
2012-02-14,15937108.0,10.18,10.23,10.07,10.12,1527947.0
2012-02-13,23241256.0,10.25,10.39,10.07,10.10,2199756.0
2012-02-10,19694034.0,10.09,10.22,9.98,10.02,1894858.0
2012-02-09,23722604.0,10.03,10.25,10.00,10.14,2276849.0
2012-02-08,14981551.0,10.09,10.12,9.81,9.81,1450430.0
2012-02-07,14586066.0,9.90,10.17,9.78,10.05,1429714.0
2012-02-06,19312220.0,10.18,10.20,9.91,10.03,1859872.0
2012-02-03,18409150.0,10.03,10.08,9.89,10.08,1791309.0
2012-02-02,30043988.0,10.05,10.18,9.62,9.62,2926959.0
2012-02-01,10860127.0,9.57,9.76,9.51,9.60,1098680.0
2012-01-31,8582630.0,9.59,9.73,9.51,9.73,870883.0
2012-01-30,10124803.0,9.74,9.87,9.67,9.82,1007586.0
2012-01-20,12253001.0,9.73,9.84,9.53,9.55,1224591.0
2012-01-19,8128042.0,9.55,9.65,9.34,9.50,832478.0
2012-01-18,7497739.0,9.29,9.70,9.26,9.52,765083.0
2012-01-17,12103259.0,9.58,9.64,8.92,9.00,1257467.0
2012-01-16,5270923.0,8.98,9.37,8.94,9.23,556597.0
2012-01-13,10031160.0,9.42,9.84,9.34,9.82,1024947.0
2012-01-12,8429298.0,9.73,9.87,9.64,9.67,840175.0
2012-01-11,13544723.0,9.77,9.87,9.62,9.82,1353085.0
2012-01-10,16720789.0,9.82,9.87,9.36,9.37,1669781.0
2012-01-09,8728884.0,9.36,9.39,8.95,8.99,921859.0
2012-01-06,7290079.0,9.03,9.03,8.74,8.89,797668.0
2012-01-05,9702387.0,8.85,9.41,8.84,9.28,1042882.0
2012-01-04,9049711.0,9.33,9.96,9.30,9.85,904744.0
2011-12-30,6855241.0,9.82,9.87,9.71,9.76,679596.0
2011-12-29,7065234.0,9.70,9.85,9.65,9.71,705092.0
2011-12-28,12916156.0,9.80,10.05,9.42,9.92,1295516.0
2011-12-27,10967785.0,9.92,10.47,9.89,10.47,1043319.0
2011-12-26,13620323.0,10.47,10.53,10.22,10.33,1269999.0
2011-12-23,11403056.0,10.32,10.44,10.14,10.14,1069680.0
2011-12-22,12009316.0,10.33,10.41,9.87,10.17,1143957.0
2011-12-21,10409336.0,10.17,10.43,10.03,10.31,985371.0
2011-12-20,9748553.0,10.18,10.47,10.15,10.15,915596.0
2011-12-19,11887992.0,10.29,10.38,9.99,10.38,1132042.0
2011-12-16,16777252.0,10.44,10.45,9.87,10.28,1610370.0
2011-12-15,20653420.0,10.27,10.99,10.20,10.99,1895401.0
2011-12-14,25813632.0,11.03,11.11,10.75,10.87,2280596.0
2011-12-13,19173492.0,10.94,10.95,10.41,10.59,1740641.0
2011-12-12,8697568.0,10.69,10.85,10.49,10.49,789599.0
2011-12-09,5502520.0,10.58,10.71,10.50,10.50,504047.0
2011-12-08,9311493.0,10.68,10.76,10.41,10.59,852587.0
2011-12-07,9433507.0,10.63,10.75,10.55,10.69,860951.0
2011-12-06,9516729.0,10.69,10.77,10.55,10.63,864438.0
2011-12-05,8914910.0,10.63,11.06,10.62,10.89,804290.0
2011-12-02,10703454.0,11.01,11.27,10.93,11.27,942518.0
2011-12-01,18764724.0,11.27,11.53,11.23,11.44,1602369.0
2011-11-30,20756532.0,11.09,11.79,11.01,11.79,1784930.0
2011-11-29,19368716.0,11.75,11.77,11.58,11.60,1611313.0
2011-11-28,12669434.0,11.49,11.53,11.27,11.37,1076187.0
2011-11-25,21654962.0,11.32,11.70,11.23,11.56,1842425.0
2011-11-24,13153158.0,11.64,11.79,11.48,11.57,1098479.0
2011-11-23,14158559.0,11.74,11.96,11.70,11.84,1165494.0
2011-11-22,16594324.0,11.90,11.93,11.55,11.64,1368966.0
2011-11-21,12450656.0,11.77,11.81,11.54,11.67,1037224.0
2011-11-18,24602450.0,11.72,12.11,11.65,12.08,2017262.0
2011-11-17,18310304.0,12.22,12.40,12.15,12.27,1449955.0
2011-11-16,32115416.0,12.21,12.79,12.19,12.76,2508326.0
2011-11-15,31779258.0,12.72,12.75,12.45,12.67,2451429.0
2011-11-14,47271808.0,12.70,12.78,12.44,12.63,3646286.0
2011-11-11,82151488.0,12.56,12.86,11.99,11.99,6395948.0
2011-11-10,22662030.0,11.93,12.05,11.71,11.82,1856418.0
2011-11-09,20440548.0,11.92,11.97,11.67,11.81,1680489.0
2011-11-08,26812624.0,11.81,12.21,11.77,12.04,2170008.0
2011-11-07,18656978.0,12.05,12.36,12.03,12.22,1492553.0
2011-11-04,28886348.0,12.23,12.35,11.97,12.11,2310222.0
2011-11-03,43680088.0,12.08,12.45,11.96,12.10,3455791.0
2011-11-02,26781676.0,11.99,12.01,11.56,11.70,2206634.0
2011-11-01,19530632.0,11.86,11.94,11.70,11.85,1606569.0
2011-10-31,35629444.0,11.85,12.09,11.74,11.79,2904979.0
2011-10-28,27060728.0,11.65,11.71,11.40,11.45,2278404.0
2011-10-27,23852500.0,11.34,11.52,11.19,11.32,2041049.0
2011-10-26,27640246.0,11.24,11.46,11.08,11.16,2377839.0
2011-10-25,29036004.0,11.29,11.39,10.88,11.06,2517602.0
2011-10-24,23037108.0,11.09,11.15,10.39,11.07,2069092.0
2011-10-21,18863092.0,10.87,11.17,10.80,11.10,1673362.0
2011-10-20,30606544.0,11.22,11.62,10.99,11.62,2639545.0
2011-10-19,58356328.0,11.88,12.50,11.83,12.32,4643982.0
2011-10-18,46086884.0,12.01,12.24,11.83,11.93,3720575.0
2011-10-17,27541698.0,11.91,11.95,11.73,11.86,2258380.0
2011-10-14,37670456.0,11.85,12.12,11.66,12.12,3082404.0
2011-10-13,70704792.0,12.19,12.29,11.75,11.87,5724697.0
2011-10-12,69620528.0,11.87,11.94,11.03,11.11,5776924.0
2011-10-11,11441098.0,11.07,11.32,11.00,11.32,998618.0
2011-10-10,8520042.0,11.06,11.26,10.99,11.26,745970.0
2011-09-30,9126336.0,10.99,11.65,10.93,11.65,796835.0
2011-09-29,16310924.0,11.42,12.00,11.38,11.60,1351807.0
2011-09-28,16146330.0,11.59,11.80,11.56,11.67,1342759.0
2011-09-27,14403118.0,11.69,11.77,11.56,11.69,1201022.0
2011-09-26,11578169.0,11.65,11.87,11.57,11.80,964317.0
2011-09-23,10242189.0,11.78,11.89,11.49,11.60,851936.0
2011-09-22,11487752.0,11.80,12.24,11.77,12.24,930098.0
2011-09-21,17045320.0,12.28,12.31,11.79,11.79,1359405.0
2011-09-20,11729012.0,11.92,12.11,11.69,11.90,951007.0
2011-09-19,8219839.0,11.69,12.11,11.66,11.90,669317.0
2011-09-16,11367680.0,12.03,12.24,12.01,12.24,912035.0
2011-09-15,10069550.0,12.21,12.43,12.21,12.34,796461.0
2011-09-14,13784527.0,12.34,12.36,12.11,12.26,1093128.0
2011-09-13,18468120.0,12.34,12.39,11.89,11.95,1473946.0
2011-09-09,16444350.0,12.08,12.11,11.77,11.79,1334456.0
2011-09-08,8069640.0,11.79,11.93,11.76,11.92,662500.0
2011-09-07,10171444.0,11.80,11.83,11.59,11.65,843049.0
2011-09-06,9987765.0,11.52,11.71,11.40,11.46,841230.0
2011-09-05,12966910.0,11.56,11.92,11.44,11.92,1086548.0
2011-09-02,11311694.0,11.97,12.37,11.93,12.34,911324.0
2011-09-01,9272780.0,12.33,12.65,12.24,12.58,722200.0
2011-08-31,10546089.0,12.49,12.58,12.37,12.52,819939.0
2011-08-30,20398186.0,12.44,12.86,12.40,12.73,1559720.0
2011-08-29,10963741.0,12.64,12.82,12.51,12.71,840545.0
2011-08-26,19334700.0,12.68,12.82,12.58,12.69,1480491.0
2011-08-25,34984712.0,12.81,12.95,12.11,12.21,2683539.0
2011-08-24,10043371.0,12.10,12.35,12.05,12.30,799848.0
2011-08-23,8481328.0,12.18,12.19,11.90,11.90,682646.0
2011-08-22,7264403.0,11.86,12.16,11.80,12.00,590425.0
2011-08-19,15711037.0,12.02,12.05,11.83,11.95,1279725.0
2011-08-18,10275817.0,12.23,12.71,12.21,12.68,802688.0
2011-08-17,10383664.0,12.58,12.73,12.44,12.45,798413.0
2011-08-16,13944095.0,12.56,12.97,12.49,12.97,1071303.0
2011-08-15,18356900.0,12.78,12.90,12.53,12.53,1399462.0
2011-08-12,20186504.0,12.51,12.61,12.43,12.44,1567577.0
2011-08-11,20047660.0,12.36,12.39,11.79,11.79,1605048.0
2011-08-10,26890596.0,12.24,12.68,12.19,12.19,2109118.0
2011-08-09,23310674.0,12.02,12.08,11.29,11.68,1927475.0
2011-08-08,34078580.0,12.20,13.17,12.05,13.11,2636320.0
2011-08-05,31679590.0,13.35,13.90,13.29,13.78,2255735.0
2011-08-04,18828916.0,14.19,14.26,14.05,14.12,1290947.0
2011-08-03,23047812.0,14.11,14.22,13.63,13.72,1594258.0
2011-08-02,23043604.0,13.91,14.14,13.71,14.14,1614034.0
2011-08-01,36967140.0,14.18,14.35,13.89,13.97,2533244.0
2011-07-29,21562652.0,13.80,14.07,13.61,13.85,1516570.0
2011-07-28,16500991.0,13.85,14.03,13.75,13.87,1156917.0
2011-07-27,16669012.0,14.00,14.03,13.65,13.83,1167962.0
2011-07-26,13818160.0,13.83,13.88,13.70,13.84,973888.0
2011-07-25,24086868.0,13.75,14.56,13.62,14.30,1661806.0
2011-07-22,21634364.0,14.38,14.52,14.25,14.46,1461300.0
2011-07-21,36503848.0,14.45,14.96,14.39,14.96,2435613.0
2011-07-20,61149768.0,14.92,15.21,14.57,14.57,3975464.0
2011-07-19,25739824.0,14.47,14.74,14.40,14.74,1724230.0
2011-07-18,71883824.0,14.71,14.97,14.40,14.61,4750162.0
2011-07-15,35138796.0,14.20,14.31,14.06,14.16,2398930.0
2011-07-14,63067028.0,14.27,14.38,13.48,13.48,4347846.0
2011-07-13,18062788.0,13.46,13.53,13.31,13.32,1301364.0
2011-07-12,23839452.0,13.30,13.70,13.20,13.70,1718110.0
2011-07-11,17242494.0,13.77,13.80,13.63,13.65,1216989.0
2011-07-08,23500984.0,13.77,13.99,13.69,13.95,1653369.0
2011-07-07,30018012.0,13.99,14.26,13.85,13.94,2071588.0
2011-07-06,27769654.0,14.01,14.16,13.92,14.10,1919403.0
2011-07-05,44368864.0,14.16,14.21,13.66,13.70,3085481.0
2011-07-04,29400392.0,13.66,13.70,13.46,13.46,2090538.0
2011-07-01,18490312.0,13.46,13.59,13.28,13.34,1331609.0
2011-06-30,19188144.0,13.34,13.45,13.19,13.22,1394328.0
2011-06-29,21536768.0,13.22,13.67,13.19,13.67,1552221.0
2011-06-28,16983912.0,13.57,13.74,13.48,13.64,1210050.0
2011-06-27,32333576.0,13.72,13.75,13.39,13.65,2300511.0
2011-06-24,27680420.0,13.49,13.57,13.10,13.25,1992552.0
2011-06-23,19380742.0,13.25,13.36,12.97,13.21,1421537.0
2011-06-22,22499868.0,13.20,13.42,13.03,13.41,1648520.0
2011-06-21,17726652.0,13.31,13.32,13.02,13.17,1300050.0
2011-06-20,16685340.0,13.16,13.19,12.83,13.00,1248272.0
2011-06-17,26763060.0,12.97,13.46,12.84,13.35,1978827.0
2011-06-16,39842424.0,13.25,14.34,13.20,14.34,2796203.0
2011-06-15,35079492.0,14.34,14.81,14.23,14.53,2336185.0
2011-06-14,54060260.0,14.53,14.72,14.18,14.22,3611327.0
2011-06-13,30754668.0,14.30,14.51,14.03,14.14,2078838.0
2011-06-10,45830348.0,14.38,14.62,13.98,14.62,3113783.0
2011-06-09,73806040.0,14.63,15.49,14.62,15.49,4764728.0
2011-06-08,100692736.0,15.64,15.75,15.32,15.69,6281843.0
2011-06-07,105621896.0,15.63,15.78,15.30,15.42,6547501.0
2011-06-02,124770784.0,15.31,15.82,15.04,15.82,7890415.0
2011-06-01,150448080.0,16.16,16.61,16.01,16.61,8962301.0
2011-05-31,220351328.0,16.64,16.68,15.69,16.08,13051673.0
2011-05-30,192676272.0,15.97,16.83,15.36,16.12,11444507.0
2011-05-27,195833024.0,16.21,17.04,16.00,16.22,11432962.0
2011-05-26,202936304.0,16.42,17.12,15.69,16.97,11914915.0
2011-05-25,254383440.0,16.87,17.23,16.30,16.56,14638571.0
2011-05-24,251874832.0,16.76,16.94,15.31,16.00,15010925.0
2011-05-23,154690944.0,15.93,16.65,15.69,16.17,9268682.0
2011-05-20,189112992.0,16.25,16.42,15.20,15.49,11434434.0
2011-05-19,175711952.0,15.62,16.27,15.10,15.15,10891230.0
2011-05-18,117772096.0,15.25,15.28,14.49,14.51,7613917.0
2011-05-17,36615948.0,14.50,14.52,14.04,14.49,2472768.0
2011-05-16,14083532.0,14.47,14.67,14.41,14.48,939739.0
2011-05-13,42841860.0,14.54,15.02,14.44,14.84,2812920.0
2011-05-12,44740496.0,14.94,15.27,14.80,14.87,2869698.0
2011-05-11,44009492.0,15.09,15.23,14.84,15.06,2822753.0
2011-05-10,34014332.0,15.02,15.20,14.82,15.09,2192872.0
2011-05-09,52064984.0,14.95,15.39,14.73,14.87,3338657.0
2011-05-06,59134876.0,14.87,15.05,14.41,14.80,3840524.0
2011-05-05,26668584.0,14.78,14.98,14.57,14.69,1740683.0
2011-05-04,28821504.0,14.71,14.87,14.29,14.29,1905834.0
2011-05-03,28037754.0,14.58,14.67,14.08,14.40,1869095.0
2011-04-29,30706656.0,14.23,14.52,14.14,14.23,2076181.0
2011-04-28,50045212.0,14.32,14.72,13.07,13.83,3426840.0
2011-04-27,21930246.0,13.84,14.52,13.77,14.33,1502431.0
2011-04-26,20058320.0,14.39,14.85,13.57,14.58,1326843.0
2011-04-25,53845736.0,14.81,15.03,14.59,15.03,3517604.0
2011-04-22,25917692.0,15.05,15.12,14.72,15.02,1683338.0
2011-04-21,54794304.0,15.14,15.20,14.82,14.96,3532328.0
2011-04-20,85850760.0,14.99,15.25,14.46,14.48,5543476.0
2011-04-19,27972318.0,14.46,14.68,14.26,14.67,1880164.0
2011-04-18,35157232.0,14.77,14.90,14.53,14.88,2318893.0
2011-04-15,107471000.0,14.88,15.20,14.21,14.43,7029928.0
2011-04-14,40975308.0,14.43,14.64,14.33,14.38,2740471.0
2011-04-13,81058304.0,14.44,14.77,13.67,13.81,5486386.0
2011-04-12,19111204.0,13.77,13.85,13.57,13.64,1350514.0
2011-04-11,18404920.0,13.65,13.67,13.27,13.38,1323317.0
2011-04-08,8721960.0,13.37,13.41,13.14,13.31,634483.0
2011-04-07,6150590.0,13.30,13.32,13.00,13.16,451713.0
2011-04-06,11530427.0,13.08,13.36,12.96,13.26,852329.0
2011-04-01,4499351.0,13.26,13.28,13.04,13.12,330141.0
2011-03-31,6435474.0,13.05,13.13,13.01,13.03,476830.0
2011-03-30,12995277.0,13.14,13.48,12.97,13.36,957667.0
2011-03-29,13936284.0,13.41,13.66,13.23,13.66,1009635.0
2011-03-28,14821516.0,13.67,13.95,13.65,13.94,1044661.0
2011-03-25,14202657.0,13.93,14.12,13.89,14.12,984687.0
2011-03-24,26427108.0,14.02,14.14,13.57,13.60,1837436.0
2011-03-23,7916109.0,13.58,13.58,13.37,13.37,567172.0
2011-03-22,5962774.0,13.44,13.52,13.28,13.44,430990.0
2011-03-21,8776856.0,13.44,13.60,13.23,13.54,632253.0
2011-03-18,13024909.0,13.54,13.62,13.36,13.42,935459.0
2011-03-17,22117224.0,13.42,13.87,12.56,13.73,1583719.0
2011-03-16,19463088.0,13.83,13.90,13.63,13.72,1364852.0
2011-03-15,24370800.0,13.74,14.06,13.32,13.94,1726140.0
2011-03-14,23119772.0,14.00,14.28,13.81,14.15,1601928.0
2011-03-11,28760508.0,14.28,14.59,14.19,14.52,1944397.0
2011-03-10,49646196.0,14.54,14.81,14.12,14.28,3309687.0
2011-03-09,19197324.0,14.27,14.31,14.04,14.27,1312495.0
2011-03-08,17420212.0,14.18,14.23,14.00,14.00,1194942.0
2011-03-07,23593120.0,14.04,14.16,13.81,14.02,1633351.0
2011-03-04,15077676.0,14.00,14.12,13.68,13.79,1046597.0
2011-03-03,26459590.0,13.86,14.31,13.79,14.23,1827064.0
2011-03-02,48191748.0,14.25,14.38,13.86,14.03,3286716.0
2011-03-01,28501464.0,13.93,14.14,13.79,13.90,1975775.0
2011-02-28,37054328.0,13.90,13.96,13.54,13.57,2600637.0
2011-02-25,80780680.0,13.91,14.37,13.51,13.51,5586731.0
2011-02-24,8409246.0,13.06,13.12,12.91,13.09,623666.0
2011-02-23,10740636.0,13.06,13.15,12.97,12.98,797081.0
2011-02-22,18163200.0,12.96,13.49,12.91,13.42,1342828.0
2011-02-21,18728692.0,13.42,13.45,13.24,13.36,1361491.0
2011-02-18,21183558.0,13.41,13.81,13.25,13.41,1514512.0
2011-02-17,16651768.0,13.48,13.51,13.19,13.45,1207378.0
2011-02-16,12165234.0,13.41,13.42,13.18,13.24,883836.0
2011-02-15,17469080.0,13.25,13.39,13.17,13.35,1275612.0
2011-02-14,15479284.0,13.31,13.35,13.02,13.07,1132976.0
2011-02-11,9600329.0,13.06,13.17,12.89,13.10,712760.0
2011-02-10,14587117.0,13.10,13.23,12.78,12.87,1080920.0
2011-02-09,11004716.0,12.86,12.96,12.54,12.54,830211.0
2011-02-01,6721197.0,12.57,12.66,12.48,12.59,518236.0
2011-01-31,11847752.0,12.56,12.73,12.35,12.73,919713.0
2011-01-28,14063257.0,12.77,12.81,12.41,12.44,1079901.0
2011-01-27,13598765.0,12.41,12.56,12.08,12.15,1070184.0
2011-01-26,5703932.0,12.17,12.26,11.91,11.91,454770.0
2011-01-25,4575095.0,11.88,12.20,11.86,12.11,370799.0
2011-01-24,4160968.0,12.14,12.29,12.07,12.26,331023.0
2011-01-21,4708203.0,12.18,12.26,12.01,12.11,375988.0
2011-01-20,5274860.0,12.05,12.50,12.03,12.45,417395.0
2011-01-19,9960959.0,12.43,12.60,12.38,12.39,772250.0
2011-01-18,2899356.0,12.38,12.41,12.12,12.12,227714.0
2011-01-17,7806544.0,12.25,12.70,12.25,12.70,606268.0
2011-01-14,5996644.0,12.70,12.93,12.64,12.93,455590.0
2011-01-13,5262916.0,12.93,13.02,12.85,12.99,394449.0
2011-01-12,5857625.0,12.96,13.00,12.76,12.76,439543.0
2011-01-11,9273548.0,12.78,13.02,12.63,12.87,698985.0
2011-01-10,10705909.0,12.87,13.20,12.78,13.11,795667.0
2011-01-07,17903152.0,13.03,13.47,13.02,13.47,1315728.0
2011-01-06,17802768.0,13.37,13.51,13.22,13.31,1285524.0
2011-01-05,18880588.0,13.33,13.42,12.96,13.08,1384508.0
2011-01-04,15844222.0,13.09,13.13,12.87,12.88,1183776.0
