date,open,high,close,low,volume,amount
2015-11-27,6.92,6.93,6.42,6.33,117189520.0,784675520.0
2015-11-26,6.98,7.02,6.93,6.92,69972432.0,487660608.0
2015-11-25,6.95,7.02,6.98,6.93,54208104.0,378366592.0
2015-11-24,7.00,7.04,6.96,6.90,47922352.0,333075328.0
2015-11-23,7.10,7.14,7.02,6.98,79736208.0,563765248.0
2015-11-20,7.06,7.19,7.12,7.02,113227056.0,805981120.0
2015-11-19,6.98,7.07,7.06,6.96,52452336.0,367530400.0
2015-11-18,7.01,7.13,6.97,6.96,72321168.0,508676416.0
2015-11-17,7.07,7.19,7.04,7.02,109662248.0,778601088.0
2015-11-16,6.85,7.04,7.03,6.81,60039420.0,414537408.0
2015-11-13,7.04,7.10,6.95,6.95,86883360.0,608963520.0
2015-11-12,7.21,7.22,7.08,7.06,120935040.0,859695168.0
2015-11-11,7.17,7.29,7.23,7.13,142773008.0,1030743872.0
2015-11-10,7.15,7.19,7.16,7.06,127246520.0,907865536.0
2015-11-09,7.10,7.25,7.19,7.06,174186720.0,1249335168.0
2015-11-06,7.21,7.27,7.14,7.08,171429696.0,1225312384.0
2015-11-05,6.97,7.25,7.08,6.90,235503120.0,1671365760.0
2015-11-04,6.61,6.88,6.86,6.60,88469632.0,599153920.0
2015-11-03,6.63,6.67,6.59,6.55,39799380.0,262794288.0
2015-11-02,6.62,6.78,6.61,6.60,52765328.0,351698080.0
2015-10-30,6.81,6.85,6.71,6.67,59602396.0,402666304.0
2015-10-29,6.85,6.90,6.81,6.76,57030432.0,389631520.0
2015-10-28,6.89,7.00,6.81,6.80,79808024.0,550739456.0
2015-10-27,6.97,7.00,6.95,6.70,103449072.0,710660032.0
2015-10-26,7.01,7.14,7.04,6.90,140488048.0,984871040.0
2015-10-23,6.88,6.95,6.92,6.76,103239224.0,708513152.0
2015-10-22,6.71,6.87,6.85,6.62,113687080.0,768494912.0
2015-10-21,7.12,7.31,6.76,6.68,178423280.0,1261662336.0
2015-10-20,6.95,7.14,7.12,6.94,125572464.0,883822784.0
2015-10-19,7.15,7.17,6.98,6.90,117634720.0,826477632.0
2015-10-16,6.95,7.09,7.07,6.93,147092512.0,1032096704.0
2015-10-15,6.74,6.97,6.93,6.72,80328744.0,552685184.0
2015-10-14,6.88,6.97,6.76,6.75,70822856.0,486293888.0
2015-10-13,6.90,6.97,6.93,6.85,77843920.0,538432064.0
2015-10-12,6.75,7.05,7.00,6.69,130783368.0,905394880.0
2015-10-09,6.57,6.78,6.70,6.54,71575504.0,477359904.0
2015-10-08,6.58,6.64,6.58,6.52,62920840.0,414693408.0
2015-09-30,6.40,6.44,6.36,6.32,32000832.0,204089328.0
2015-09-29,6.39,6.42,6.32,6.28,43294120.0,275184704.0
2015-09-28,6.47,6.54,6.47,6.36,35474456.0,229048960.0
2015-09-25,6.75,6.75,6.44,6.37,79279176.0,518035072.0
2015-09-24,6.75,6.86,6.77,6.70,50786432.0,343880960.0
2015-09-23,6.83,6.87,6.70,6.66,83169424.0,562310016.0
2015-09-22,7.04,7.08,6.95,6.90,103025832.0,720246016.0
2015-09-21,6.75,7.18,7.04,6.67,117475072.0,809792064.0
2015-09-18,6.91,7.01,6.86,6.70,106925952.0,732630144.0
2015-09-17,7.00,7.45,6.89,6.85,219979824.0,1577262336.0
2015-09-16,6.55,7.28,7.18,6.30,201108368.0,1357128064.0
2015-09-15,7.01,7.50,6.64,6.52,248599776.0,1762041088.0
2015-09-14,7.24,7.24,7.24,7.06,290934816.0,2098186880.0
2015-09-11,6.58,6.66,6.58,6.55,19500144.0,128693120.0
2015-09-10,6.68,6.72,6.59,6.55,62698420.0,417240480.0
2015-09-09,6.65,6.78,6.78,6.56,101380872.0,680007680.0
2015-09-08,6.41,6.63,6.57,6.25,57873488.0,373461280.0
2015-09-07,6.41,6.70,6.41,6.37,61027684.0,399171584.0
2015-09-02,6.58,6.90,6.36,6.34,77652968.0,514363904.0
2015-09-01,6.69,6.99,6.88,6.37,157527840.0,1064679296.0
2015-08-31,6.66,6.91,6.90,6.37,133624224.0,883704256.0
2015-08-28,6.44,6.82,6.80,6.35,140619392.0,921353920.0
2015-08-27,5.98,6.31,6.30,5.88,118460000.0,724054720.0
2015-08-26,5.95,6.20,5.90,5.71,146754352.0,877669120.0
2015-08-25,5.99,6.22,5.81,5.81,130579080.0,774521920.0
2015-08-24,6.83,7.00,6.45,6.45,147877824.0,970510144.0
2015-08-21,7.35,7.55,7.17,7.11,110843512.0,811429120.0
2015-08-20,7.80,7.93,7.60,7.53,84979360.0,658626688.0
2015-08-19,7.48,7.98,7.93,7.15,141283120.0,1073399104.0
2015-08-18,8.61,8.73,7.73,7.73,211765296.0,1732785152.0
2015-08-17,8.57,8.62,8.59,8.38,110393344.0,939931328.0
2015-08-14,8.71,8.76,8.57,8.52,132787760.0,1148745984.0
2015-08-13,8.45,8.76,8.73,8.41,142701856.0,1226078720.0
2015-08-12,8.66,8.79,8.53,8.50,185923920.0,1602781440.0
2015-08-11,8.87,9.28,8.88,8.78,280799008.0,2532403968.0
2015-08-10,8.51,8.98,8.81,8.43,218499792.0,1898522112.0
2015-08-07,8.33,8.68,8.42,8.31,139869392.0,1185185920.0
2015-08-06,8.28,8.60,8.28,8.20,159503440.0,1333951488.0
2015-08-05,8.26,9.18,8.61,8.21,321472896.0,2801432832.0
2015-08-04,8.00,8.40,8.35,8.00,204888800.0,1690540032.0
2015-08-03,7.49,8.08,8.07,7.45,168502912.0,1301274496.0
2015-07-31,7.39,7.68,7.61,7.38,119821600.0,899767616.0
2015-07-30,7.80,7.99,7.54,7.39,165685920.0,1293662720.0
2015-07-29,7.40,7.85,7.82,7.22,170992848.0,1277072768.0
2015-07-28,6.93,7.40,7.17,6.61,216131568.0,1508797568.0
2015-07-27,7.80,8.01,7.29,7.29,215395536.0,1660164864.0
2015-07-24,8.39,8.60,8.10,7.98,268009456.0,2232879360.0
2015-07-23,8.24,8.47,8.40,8.08,242655120.0,2011900288.0
2015-07-22,8.05,8.29,8.20,7.97,225779440.0,1842161536.0
2015-07-21,7.90,8.19,8.06,7.81,175220352.0,1406820096.0
2015-07-20,7.99,8.24,8.06,7.82,248241104.0,1996568832.0
2015-07-17,7.51,8.10,8.00,7.46,222839664.0,1741028608.0
2015-07-16,7.19,7.72,7.45,6.80,211647264.0,1554495872.0
2015-07-15,7.70,7.88,7.19,7.19,249461312.0,1860343936.0
2015-07-14,8.12,8.65,7.99,7.80,409429632.0,3337409536.0
2015-07-13,7.46,8.02,8.02,7.39,339199904.0,2653474560.0
2015-07-10,6.95,7.29,7.29,6.73,191644688.0,1374971776.0
2015-07-09,6.03,6.63,6.63,5.75,302654016.0,1928810752.0
2015-07-08,6.03,6.24,6.03,6.03,238476288.0,1445189376.0
2015-07-07,7.10,7.30,6.70,6.62,320783104.0,2183189248.0
2015-07-06,8.00,8.00,7.35,6.70,278604384.0,2064700160.0
2015-07-03,8.00,8.28,7.27,7.25,254679232.0,1929457664.0
2015-07-02,8.88,9.03,8.06,8.01,223467648.0,1905422208.0
2015-07-01,9.60,9.84,8.85,8.80,229781472.0,2174923520.0
2015-06-30,9.10,9.75,9.69,8.21,277632320.0,2506041600.0
2015-06-29,10.30,10.39,9.07,9.03,286419392.0,2744448768.0
2015-06-26,10.79,10.88,10.03,10.03,217828816.0,2262028288.0
2015-06-25,11.49,11.82,11.14,10.99,223662464.0,2574898688.0
2015-06-24,11.33,11.60,11.44,11.09,219548448.0,2495003136.0
2015-06-23,10.95,11.22,11.18,10.11,198498736.0,2155379200.0
2015-06-19,11.83,11.98,10.95,10.91,202981632.0,2335262464.0
2015-06-18,12.48,12.80,12.06,12.02,184382896.0,2291560960.0
2015-06-17,12.29,12.65,12.58,11.81,233110528.0,2853155840.0
2015-06-16,13.09,13.09,12.36,12.08,298353536.0,3777096192.0
2015-06-15,13.90,13.91,13.29,13.20,483904224.0,6548144640.0
2015-06-12,13.10,14.33,13.99,12.96,696687744.0,9500954624.0
2015-06-11,12.80,13.16,13.03,12.56,295561824.0,3802393344.0
2015-06-10,12.83,12.93,12.73,12.55,241493776.0,3096333824.0
2015-06-09,12.97,13.39,12.99,12.78,390603264.0,5117881856.0
2015-06-08,12.67,12.94,12.85,12.31,399850784.0,5091452416.0
2015-06-05,12.57,12.84,12.61,12.23,336710080.0,4258397184.0
2015-06-04,12.72,12.75,12.46,11.74,331811104.0,4098588416.0
2015-06-03,13.24,13.24,12.89,12.55,397007936.0,5132394496.0
2015-06-02,13.32,13.35,13.26,12.85,519412544.0,6866012160.0
2015-06-01,13.46,13.75,13.52,13.06,517001440.0,6935568896.0
2015-05-29,12.88,13.40,12.97,11.77,552392640.0,7126514176.0
2015-05-28,12.65,14.01,12.86,12.45,671486272.0,8933123072.0
2015-05-27,12.75,13.03,12.78,12.16,546753280.0,6895421952.0
2015-05-26,13.07,13.07,12.80,12.46,657682752.0,8462068736.0
2015-05-22,12.55,12.65,12.04,11.77,863637248.0,10539825152.0
2015-05-21,10.66,11.66,11.66,10.44,346334336.0,3863992064.0
2015-05-20,10.69,10.88,10.60,10.54,341834464.0,3678768384.0
2015-05-19,10.34,10.86,10.70,10.26,363679168.0,3880333824.0
2015-05-18,10.11,10.30,10.12,9.99,175011696.0,1784313216.0
2015-05-15,9.94,10.31,10.10,9.76,215514368.0,2172935168.0
2015-05-14,10.11,10.11,9.94,9.83,162223968.0,1618336256.0
2015-05-13,10.14,10.41,10.11,10.01,196659984.0,2017887872.0
2015-05-12,10.15,10.25,10.14,10.01,177873216.0,1807962240.0
2015-05-11,10.01,10.23,10.17,9.86,191371280.0,1933345280.0
2015-05-08,9.61,9.88,9.86,9.51,167635520.0,1628770304.0
2015-05-07,9.66,9.85,9.49,9.48,165574048.0,1596784000.0
2015-05-06,10.08,10.24,9.78,9.65,198707360.0,1996646144.0
2015-05-05,10.69,10.69,10.08,9.96,229160656.0,2367922944.0
2015-05-04,10.34,10.76,10.69,10.29,244931792.0,2610675200.0
2015-04-30,10.38,10.55,10.34,10.32,249771808.0,2613373184.0
2015-04-29,10.56,10.56,10.41,10.14,319508800.0,3304670720.0
2015-04-28,11.15,11.26,10.62,10.47,471645120.0,5146124288.0
2015-04-27,11.31,11.55,11.45,11.18,317904160.0,3631821312.0
2015-04-24,11.30,11.41,11.20,10.96,265808688.0,2984619520.0
2015-04-23,11.62,11.81,11.51,11.27,313741216.0,3614681344.0
2015-04-22,11.45,12.05,11.62,11.34,377073952.0,4428461568.0
2015-04-21,11.41,11.66,11.51,11.02,346334112.0,3934033920.0
2015-04-20,11.15,12.28,11.61,10.83,706965568.0,8208914432.0
2015-04-17,10.62,11.59,11.34,10.61,679892992.0,7610845696.0
2015-04-16,10.03,10.72,10.53,9.91,260917264.0,2720436480.0
2015-04-15,10.54,10.56,10.23,10.16,231986736.0,2414053888.0
2015-04-14,10.48,10.95,10.63,10.33,378770272.0,4058404864.0
2015-04-13,10.12,10.59,10.50,10.01,331798208.0,3432421376.0
2015-04-10,9.96,10.12,10.09,9.86,158969328.0,1604829440.0
2015-04-09,10.41,10.41,10.02,9.83,243487584.0,2457769472.0
2015-04-08,10.39,10.60,10.42,10.21,274600608.0,2860459008.0
2015-04-07,10.24,10.71,10.38,10.23,313532256.0,3286489600.0
2015-04-03,10.06,10.14,10.07,9.97,190358000.0,1919811712.0
2015-04-02,10.20,10.20,10.11,9.97,209955856.0,2125428480.0
2015-04-01,10.08,10.33,10.20,9.97,273972256.0,2792636928.0
2015-03-31,11.02,11.02,10.09,10.06,552173184.0,5794668544.0
2015-03-30,9.50,10.34,10.34,9.49,315718592.0,3187396352.0
2015-03-27,9.50,9.58,9.41,9.33,172870880.0,1635360640.0
2015-03-26,9.14,9.62,9.50,9.14,324515296.0,3088128512.0
2015-03-25,9.14,9.24,9.13,8.98,164566640.0,1503656704.0
2015-03-24,9.31,9.33,9.14,8.89,222588512.0,2031370368.0
2015-03-23,9.21,9.40,9.31,9.19,191928384.0,1788421504.0
2015-03-20,9.28,9.31,9.17,9.06,175671968.0,1611821312.0
2015-03-19,9.09,9.45,9.26,8.97,268217008.0,2490637312.0
2015-03-18,8.98,9.12,9.07,8.97,209696960.0,1901962752.0
2015-03-17,8.68,9.12,8.96,8.68,278012736.0,2486097152.0
2015-03-16,8.55,8.65,8.64,8.50,135463904.0,1167255808.0
2015-03-13,8.41,8.59,8.51,8.38,114944752.0,980384320.0
2015-03-12,8.36,8.46,8.38,8.29,74774784.0,628191104.0
2015-03-11,8.39,8.47,8.35,8.32,68878624.0,580831552.0
2015-03-10,8.46,8.49,8.38,8.36,70953544.0,599662016.0
2015-03-09,8.30,8.47,8.46,8.12,101538584.0,847193088.0
2015-03-06,8.27,8.36,8.31,8.23,60447224.0,504148768.0
2015-03-05,8.33,8.35,8.27,8.19,81230912.0,673553280.0
2015-03-04,8.35,8.42,8.36,8.23,90330920.0,755353984.0
2015-03-03,8.55,8.55,8.36,8.35,110642728.0,936002688.0
2015-03-02,8.55,8.75,8.59,8.39,143464480.0,1237837696.0
2015-02-27,8.60,8.60,8.49,8.42,128189200.0,1093745280.0
2015-02-26,8.06,8.61,8.60,8.01,217066000.0,1829829888.0
2015-02-25,8.18,8.19,8.07,7.99,64172188.0,520048864.0
2015-02-17,8.17,8.18,8.17,8.13,63531292.0,519754688.0
2015-02-16,8.14,8.20,8.15,8.11,71299232.0,582775616.0
2015-02-13,8.16,8.26,8.14,8.11,122000448.0,1002096896.0
2015-02-12,8.10,8.17,8.13,7.94,77578240.0,628560128.0
2015-02-11,8.09,8.17,8.08,8.03,51026200.0,414322016.0
2015-02-10,7.87,8.14,8.09,7.85,110156384.0,889752960.0
2015-02-09,7.77,7.92,7.85,7.72,50509664.0,397345952.0
2015-02-06,7.82,7.94,7.82,7.67,94787288.0,741708160.0
2015-02-05,8.07,8.19,7.87,7.86,132627192.0,1073138880.0
2015-02-04,8.03,8.06,7.92,7.91,72570480.0,581288448.0
2015-02-03,7.87,8.04,8.03,7.82,86431456.0,685745024.0
2015-02-02,7.97,8.03,7.84,7.83,89829608.0,713902784.0
2015-01-30,8.27,8.37,8.11,8.05,97472560.0,799329280.0
2015-01-29,8.43,8.43,8.30,8.17,107252016.0,893071680.0
2015-01-28,8.66,8.66,8.53,8.49,96209808.0,826819968.0
2015-01-27,8.58,8.77,8.70,8.49,150563712.0,1304706560.0
2015-01-26,8.45,8.59,8.57,8.38,92099208.0,787258368.0
2015-01-23,8.64,8.66,8.45,8.39,114980296.0,983815040.0
2015-01-22,8.47,8.70,8.63,8.37,146663680.0,1255564672.0
2015-01-21,8.18,8.48,8.46,8.12,152086416.0,1270049280.0
2015-01-20,7.97,8.25,8.14,7.97,128677352.0,1049477632.0
2015-01-19,8.55,8.66,8.07,8.07,168909008.0,1408473344.0
2015-01-16,9.00,9.11,8.97,8.87,113175848.0,1020745984.0
2015-01-15,8.68,9.01,9.00,8.59,124090168.0,1096127232.0
2015-01-14,8.86,8.90,8.68,8.61,74110832.0,652070784.0
2015-01-13,8.77,8.92,8.86,8.73,86574208.0,765826880.0
2015-01-12,9.04,9.07,8.85,8.74,128374528.0,1142289792.0
2015-01-09,9.29,9.54,9.18,9.07,181863888.0,1696777728.0
2015-01-08,9.81,9.81,9.35,9.33,156854656.0,1491317376.0
2015-01-07,9.70,9.92,9.81,9.64,172977360.0,1698080512.0
2015-01-06,9.91,9.91,9.71,9.57,192436992.0,1877070080.0
2015-01-05,9.91,10.08,9.99,9.69,230779680.0,2299155968.0
2014-12-31,9.94,10.31,9.94,9.77,178183232.0,1790411648.0
2014-12-30,10.10,10.17,9.93,9.76,170728688.0,1700272128.0
2014-12-29,9.79,10.46,10.18,9.51,325963616.0,3313344256.0
2014-12-26,10.22,10.48,9.98,9.86,473725056.0,4829394432.0
2014-12-25,9.24,9.75,9.75,9.09,190374160.0,1824954624.0
2014-12-24,9.14,9.27,8.87,8.71,147039504.0,1319299840.0
2014-12-23,9.47,9.56,9.07,8.80,179258736.0,1656041856.0
2014-12-22,9.93,10.32,9.65,9.19,465558496.0,4611782144.0
2014-12-19,8.65,9.54,9.54,8.51,411018912.0,3793269248.0
2014-12-18,8.40,8.85,8.68,8.40,237022544.0,2065000832.0
2014-12-17,8.58,8.58,8.39,8.21,136119008.0,1145294464.0
2014-12-16,8.63,8.77,8.58,8.47,159212768.0,1375038720.0
2014-12-15,8.25,8.77,8.61,8.00,175969504.0,1473731200.0
2014-12-12,8.49,8.50,8.30,8.17,154415216.0,1284360448.0
2014-12-11,8.76,8.85,8.52,8.34,213553600.0,1838779648.0
2014-12-10,8.13,8.77,8.76,7.97,286354272.0,2415851776.0
2014-12-09,8.62,9.11,8.18,7.98,458599168.0,4020557568.0
2014-12-08,7.37,8.28,8.28,7.26,306898880.0,2444713984.0
2014-12-05,7.77,7.97,7.52,7.13,355593696.0,2699199744.0
2014-12-04,7.06,7.28,7.26,6.97,193638256.0,1387849216.0
2014-12-03,6.98,7.32,7.05,6.82,227544512.0,1619209472.0
2014-12-02,6.64,6.95,6.89,6.59,191493712.0,1305308288.0
2014-12-01,6.58,6.93,6.69,6.51,178788496.0,1205347328.0
2014-11-28,6.48,6.56,6.55,6.33,136083680.0,879843456.0
2014-11-27,6.43,6.55,6.50,6.35,118545392.0,767228672.0
2014-11-26,6.44,6.56,6.41,6.30,102301232.0,661702528.0
2014-11-25,6.38,6.43,6.40,6.33,77476096.0,496211840.0
2014-11-24,6.37,6.45,6.35,6.28,132346720.0,845710208.0
2014-11-21,6.13,6.22,6.22,6.12,49954744.0,309354016.0
2014-11-20,6.08,6.16,6.11,6.05,29046096.0,177962864.0
2014-11-19,6.17,6.20,6.11,6.08,63277424.0,388258752.0
2014-11-18,6.30,6.36,6.20,6.18,69113208.0,431702720.0
2014-11-17,6.29,6.42,6.31,6.24,80475360.0,511204768.0
2014-11-14,6.25,6.27,6.24,6.16,44262128.0,275943616.0
2014-11-13,6.26,6.31,6.24,6.15,64911348.0,405486784.0
2014-11-12,6.15,6.28,6.28,6.13,73807808.0,459819296.0
2014-11-11,6.39,6.41,6.15,6.08,118741400.0,742939584.0
2014-11-10,6.28,6.42,6.37,6.17,104987912.0,667158208.0
2014-11-07,6.32,6.46,6.23,6.16,114875320.0,728572800.0
2014-11-06,6.35,6.42,6.32,6.19,108697000.0,685491264.0
2014-11-05,6.60,6.72,6.38,6.36,194765184.0,1270092416.0
2014-11-04,6.14,6.69,6.54,6.14,371767232.0,2420097792.0
2014-11-03,5.98,6.23,6.08,5.91,189211744.0,1156172928.0
2014-10-31,5.89,6.04,5.96,5.84,133503984.0,795552576.0
2014-10-30,5.78,5.94,5.90,5.75,88010264.0,516233088.0
2014-10-29,5.70,5.81,5.79,5.66,60991696.0,351946976.0
2014-10-28,5.61,5.72,5.71,5.60,43210576.0,245425872.0
2014-10-27,5.60,5.64,5.62,5.57,27993780.0,156624304.0
2014-10-24,5.64,5.74,5.60,5.59,39207748.0,221591584.0
2014-10-23,5.76,5.78,5.66,5.65,50263104.0,286154336.0
2014-10-22,5.89,5.93,5.77,5.77,54925188.0,320697376.0
2014-10-21,6.04,6.05,5.90,5.88,64470172.0,383098016.0
2014-10-20,6.07,6.09,6.04,5.98,69800440.0,419782368.0
2014-10-17,5.87,6.12,6.06,5.85,143783024.0,863185792.0
2014-10-16,5.89,6.06,5.91,5.85,82170512.0,489644608.0
2014-10-15,5.95,5.96,5.94,5.84,50542104.0,297884096.0
2014-10-14,6.01,6.05,5.97,5.91,78484720.0,469152192.0
2014-10-13,5.83,6.01,6.00,5.70,111163920.0,654793856.0
2014-10-10,5.90,5.95,5.84,5.82,52825808.0,309850176.0
2014-10-09,5.95,5.98,5.92,5.86,59495240.0,351300224.0
2014-10-08,5.87,5.95,5.95,5.87,78419344.0,463316000.0
2014-09-30,5.84,5.88,5.86,5.80,41547120.0,242154880.0
2014-09-29,5.81,5.94,5.84,5.79,55948888.0,326791904.0
2014-09-26,5.76,5.80,5.79,5.72,41355332.0,237914256.0
2014-09-25,5.75,5.92,5.78,5.72,92418832.0,537608000.0
2014-09-24,5.61,5.74,5.72,5.59,48173064.0,273221792.0
2014-09-23,5.58,5.68,5.64,5.56,31653152.0,177627680.0
2014-09-22,5.72,5.74,5.59,5.58,50614784.0,285190752.0
2014-09-19,5.78,5.82,5.76,5.70,35856156.0,205796192.0
2014-09-18,5.79,5.87,5.77,5.74,43233192.0,249539344.0
2014-09-17,5.68,5.91,5.84,5.61,85957576.0,497785632.0
2014-09-16,5.87,5.90,5.68,5.67,69604240.0,403960832.0
2014-09-15,5.86,5.96,5.87,5.81,59193832.0,347716416.0
2014-09-12,5.73,5.96,5.86,5.68,89384856.0,521861920.0
2014-09-11,5.67,5.79,5.75,5.65,64881392.0,370896160.0
2014-09-10,5.69,5.71,5.68,5.63,42985148.0,243152816.0
2014-09-09,5.73,5.78,5.72,5.67,44938368.0,256699712.0
2014-09-05,5.65,5.80,5.76,5.62,82111008.0,468177728.0
2014-09-04,5.61,5.65,5.64,5.58,36285816.0,203412544.0
2014-09-03,5.56,5.67,5.64,5.56,59790656.0,335225280.0
2014-09-02,5.50,5.56,5.56,5.47,33513018.0,184526224.0
2014-09-01,5.51,5.54,5.50,5.48,22941080.0,126027312.0
2014-08-29,5.43,5.50,5.50,5.42,17833252.0,97410760.0
2014-08-28,5.41,5.49,5.43,5.39,20259908.0,109994928.0
2014-08-27,5.40,5.43,5.41,5.39,15959821.0,86173336.0
2014-08-26,5.49,5.57,5.40,5.39,31969026.0,174410448.0
2014-08-25,5.58,5.59,5.49,5.49,25188080.0,138859232.0
2014-08-22,5.58,5.60,5.59,5.56,23714028.0,131970072.0
2014-08-21,5.64,5.64,5.59,5.54,32688936.0,182500448.0
2014-08-20,5.67,5.68,5.64,5.62,26189724.0,147757920.0
2014-08-19,5.68,5.69,5.66,5.62,28992230.0,163516656.0
2014-08-18,5.66,5.71,5.68,5.62,36137048.0,203990224.0
2014-08-15,5.60,5.66,5.65,5.59,24379214.0,137162704.0
2014-08-14,5.65,5.70,5.61,5.58,33707232.0,189954192.0
2014-08-13,5.67,5.67,5.66,5.57,32175950.0,180547344.0
2014-08-12,5.71,5.71,5.67,5.61,39297800.0,221621376.0
2014-08-11,5.68,5.75,5.72,5.65,30617724.0,174594528.0
2014-08-08,5.79,5.79,5.68,5.62,36518760.0,206979376.0
2014-08-07,5.85,5.88,5.73,5.69,64469908.0,379389120.0
2014-08-06,5.72,6.07,5.91,5.59,116741792.0,697150464.0
2014-08-04,5.51,5.59,5.57,5.45,39136448.0,220561408.0
2014-08-01,5.52,5.62,5.50,5.49,47430340.0,268153280.0
2014-07-31,5.49,5.54,5.53,5.46,31462556.0,176220032.0
2014-07-30,5.46,5.61,5.50,5.42,55285272.0,312592928.0
2014-07-29,5.51,5.56,5.49,5.43,40380032.0,226078160.0
2014-07-28,5.35,5.63,5.50,5.35,95037880.0,532836352.0
2014-07-25,5.30,5.35,5.33,5.26,38460076.0,207934224.0
2014-07-24,5.23,5.33,5.30,5.19,54846580.0,295113792.0
2014-07-23,5.12,5.24,5.23,5.10,55246604.0,291587232.0
2014-07-22,5.10,5.15,5.12,5.06,25115554.0,130944096.0
2014-07-21,5.12,5.18,5.11,5.10,29551808.0,154845424.0
2014-07-18,5.16,5.16,5.11,5.09,28496668.0,148675504.0
2014-07-17,5.13,5.27,5.16,5.11,63765436.0,336881376.0
2014-07-16,5.09,5.14,5.10,5.06,39046036.0,202759744.0
2014-07-15,4.99,5.18,5.11,4.97,60783144.0,314297728.0
2014-07-14,4.92,5.03,5.02,4.88,50193344.0,254046368.0
2014-07-11,4.88,4.96,4.92,4.88,22519366.0,112887816.0
2014-07-10,4.88,4.93,4.89,4.87,14191702.0,70867080.0
2014-07-09,4.93,4.98,4.89,4.88,19874508.0,99922696.0
2014-07-07,4.97,4.97,4.94,4.92,13450823.0,67779424.0
2014-07-04,5.00,5.03,4.97,4.95,13140624.0,66748008.0
2014-07-03,4.97,5.01,4.99,4.94,18112796.0,91993024.0
2014-07-02,4.93,4.98,4.97,4.91,22163592.0,111939760.0
2014-07-01,4.94,4.94,4.92,4.90,12730112.0,63866556.0
2014-06-30,4.91,4.95,4.94,4.90,18342128.0,92199792.0
2014-06-27,4.88,4.98,4.93,4.84,29682326.0,148051456.0
2014-06-26,4.86,4.88,4.88,4.85,12092185.0,60057584.0
2014-06-25,4.89,4.90,4.85,4.85,11426739.0,56769136.0
2014-06-24,4.87,4.91,4.89,4.86,9313291.0,46445688.0
2014-06-23,4.89,4.89,4.86,4.85,17780028.0,88240904.0
2014-06-20,4.88,4.92,4.89,4.88,10668809.0,53305344.0
2014-06-19,4.98,5.00,4.89,4.88,21607692.0,108808240.0
2014-06-18,5.03,5.04,5.00,4.99,13423421.0,68449440.0
2014-06-17,5.06,5.06,5.03,5.01,12695297.0,65114260.0
2014-06-16,5.06,5.08,5.07,5.03,17138890.0,88386984.0
2014-06-13,5.03,5.10,5.06,5.02,16182085.0,83555760.0
2014-06-12,5.01,5.09,5.05,5.00,19931690.0,102772960.0
2014-06-11,5.06,5.06,5.03,5.00,10994861.0,56343208.0
2014-06-10,4.98,5.03,5.02,4.98,10110568.0,51686536.0
2014-06-09,5.02,5.05,4.99,4.98,10690642.0,54579552.0
2014-06-06,5.06,5.06,5.02,4.99,10770024.0,55116512.0
2014-06-05,5.02,5.07,5.06,5.00,9036690.0,46385692.0
2014-06-04,5.09,5.10,5.02,4.99,18365016.0,94122224.0
2014-06-03,5.13,5.15,5.10,5.09,9910061.0,51654708.0
2014-05-30,5.10,5.14,5.11,5.10,10040471.0,52405956.0
2014-05-29,5.18,5.19,5.12,5.10,12936219.0,67744224.0
2014-05-28,5.15,5.19,5.18,5.12,10721873.0,56321796.0
2014-05-27,5.19,5.20,5.15,5.14,10428590.0,54902648.0
2014-05-26,5.24,5.25,5.20,5.18,8723581.0,46234572.0
2014-05-23,5.17,5.20,5.19,5.14,8005910.0,42218104.0
2014-05-22,5.20,5.25,5.17,5.15,11862831.0,62906304.0
2014-05-21,5.15,5.21,5.20,5.12,7127568.0,37607856.0
2014-05-20,5.18,5.23,5.18,5.15,6695238.0,35400236.0
2014-05-19,5.25,5.25,5.17,5.14,11331226.0,59829856.0
2014-05-16,5.15,5.27,5.27,5.15,15531023.0,82716520.0
2014-05-15,5.24,5.28,5.16,5.16,12389818.0,65869780.0
2014-05-14,5.22,5.29,5.25,5.22,11656632.0,62429504.0
2014-05-13,5.35,5.35,5.23,5.22,24021540.0,129032120.0
2014-05-12,5.18,5.40,5.34,5.18,32767212.0,177534544.0
2014-05-09,5.14,5.18,5.17,5.11,10286479.0,53932436.0
2014-05-08,5.10,5.19,5.11,5.09,12932524.0,67679096.0
2014-05-07,5.17,5.17,5.10,5.10,9819778.0,51360984.0
2014-05-06,5.18,5.22,5.18,5.14,12012300.0,63449120.0
2014-05-05,5.13,5.18,5.16,5.08,12433899.0,64869484.0
2014-04-30,5.18,5.18,5.14,5.12,14002528.0,73359408.0
2014-04-29,5.17,5.20,5.19,5.11,19118784.0,100516600.0
2014-04-28,5.35,5.38,5.18,5.16,25043872.0,133994896.0
2014-04-25,5.45,5.46,5.37,5.36,20679492.0,113936768.0
2014-04-24,5.49,5.54,5.44,5.44,16871068.0,94197856.0
2014-04-23,5.49,5.50,5.47,5.45,12133950.0,67661440.0
2014-04-22,5.48,5.51,5.50,5.45,11781219.0,65772032.0
2014-04-21,5.51,5.56,5.48,5.47,16822968.0,94422728.0
2014-04-18,5.55,5.56,5.53,5.50,14897891.0,84059256.0
2014-04-17,5.62,5.65,5.56,5.54,16721298.0,95070640.0
2014-04-16,5.60,5.64,5.61,5.59,10496433.0,60121744.0
2014-04-15,5.66,5.66,5.60,5.59,16467908.0,94330704.0
2014-04-14,5.69,5.72,5.68,5.64,16814188.0,97183824.0
2014-04-11,5.79,5.82,5.72,5.71,33020588.0,193324080.0
2014-04-10,5.67,5.91,5.81,5.64,58696344.0,345334752.0
2014-04-09,5.69,5.71,5.67,5.64,19316584.0,111783048.0
2014-04-08,5.60,5.71,5.68,5.57,30076482.0,173697824.0
2014-04-04,5.56,5.61,5.61,5.54,10797410.0,61403064.0
2014-04-03,5.67,5.69,5.58,5.57,18997560.0,109023584.0
2014-04-02,5.56,5.68,5.62,5.54,25083778.0,143441392.0
2014-04-01,5.46,5.54,5.54,5.44,14113755.0,79247776.0
2014-03-31,5.50,5.55,5.45,5.40,19579884.0,109262032.0
2014-03-28,5.52,5.57,5.50,5.50,14603782.0,82350416.0
2014-03-27,5.61,5.61,5.55,5.53,22201652.0,126037840.0
2014-03-26,5.65,5.67,5.61,5.58,12587273.0,72034768.0
2014-03-25,5.64,5.71,5.64,5.62,23709266.0,136598624.0
2014-03-24,5.60,5.72,5.68,5.56,33046424.0,190118304.0
2014-03-21,5.40,5.61,5.60,5.40,23326576.0,131632512.0
2014-03-20,5.51,5.56,5.45,5.44,14462736.0,81071248.0
2014-03-19,5.57,5.57,5.50,5.46,15192790.0,85211928.0
2014-03-18,5.67,5.67,5.57,5.57,16495147.0,94281832.0
2014-03-17,5.59,5.67,5.65,5.54,21543332.0,123148376.0
2014-03-14,5.67,5.96,5.68,5.62,62856312.0,369610496.0
2014-03-13,5.47,5.60,5.51,5.41,15026993.0,84377104.0
2014-03-12,5.44,5.54,5.47,5.38,15727645.0,87421048.0
2014-03-11,5.40,5.47,5.43,5.39,13104664.0,72419880.0
2014-03-10,5.59,5.59,5.42,5.40,22781660.0,127455808.0
2014-03-07,5.67,5.70,5.62,5.60,14853166.0,85434688.0
2014-03-06,5.64,5.72,5.68,5.59,13880630.0,79983648.0
2014-03-05,5.71,5.75,5.67,5.64,13928312.0,80852048.0
2014-03-04,5.64,5.79,5.71,5.59,21135164.0,122461992.0
2014-03-03,5.61,5.67,5.67,5.59,14981466.0,86119104.0
2014-02-28,5.60,5.67,5.64,5.56,17568042.0,100443008.0
2014-02-27,5.66,5.68,5.60,5.59,16604437.0,95076464.0
2014-02-26,5.59,5.66,5.65,5.58,15293363.0,87623224.0
2014-02-25,5.71,5.75,5.59,5.57,23238204.0,134190464.0
2014-02-24,5.82,5.82,5.71,5.69,20573560.0,120123704.0
2014-02-21,5.97,5.98,5.88,5.83,26527138.0,159635536.0
2014-02-20,5.99,6.13,6.00,5.95,36308256.0,223231168.0
2014-02-19,5.91,6.03,5.98,5.91,22068816.0,134295376.0
2014-02-18,6.05,6.06,5.93,5.91,22389130.0,136254592.0
2014-02-17,6.05,6.10,6.03,6.00,20759868.0,127684640.0
2014-02-14,5.97,6.08,6.04,5.96,15128064.0,93028992.0
2014-02-13,6.07,6.07,5.99,5.98,20692144.0,127081456.0
2014-02-12,6.12,6.13,6.07,6.04,19252828.0,119195776.0
2014-02-11,5.93,6.24,6.13,5.90,42267572.0,262060288.0
2014-02-10,5.80,5.94,5.93,5.80,19698678.0,118949984.0
2014-02-07,5.81,5.81,5.79,5.71,9746293.0,57188704.0
2014-01-30,5.86,5.88,5.83,5.81,6026567.0,35829552.0
2014-01-29,5.85,5.91,5.86,5.85,7651372.0,45820032.0
2014-01-28,5.85,5.91,5.89,5.82,9731806.0,58202184.0
2014-01-27,5.85,5.89,5.85,5.79,10072641.0,59882688.0
2014-01-24,5.81,5.96,5.87,5.80,13652679.0,81941896.0
2014-01-23,5.90,5.92,5.85,5.82,13156831.0,78545552.0
2014-01-22,5.69,5.92,5.91,5.64,23516102.0,139741632.0
2014-01-21,5.63,5.70,5.66,5.62,9666536.0,55760652.0
2014-01-20,5.65,5.70,5.62,5.57,10362968.0,59521172.0
2014-01-17,5.76,5.77,5.65,5.64,15047301.0,87146872.0
2014-01-16,5.67,5.77,5.75,5.62,14819178.0,86185816.0
2014-01-15,5.72,5.76,5.67,5.66,9132989.0,52983920.0
2014-01-14,5.69,5.78,5.72,5.63,12892280.0,75053904.0
2014-01-13,5.66,5.71,5.70,5.61,12223932.0,70656416.0
2014-01-10,5.84,5.86,5.66,5.63,23934424.0,139016848.0
2014-01-09,5.90,5.94,5.84,5.83,14549487.0,87202272.0
2014-01-08,5.93,5.99,5.90,5.87,13680772.0,82411496.0
2014-01-07,5.93,5.98,5.91,5.86,13289954.0,80254400.0
2014-01-06,6.16,6.16,5.95,5.94,23333776.0,142689632.0
2014-01-03,6.22,6.27,6.17,6.14,15170003.0,95738848.0
2014-01-02,6.29,6.29,6.26,6.24,9087799.0,57939864.0
2013-12-31,6.23,6.34,6.30,6.19,15215594.0,97337064.0
2013-12-30,6.28,6.33,6.26,6.25,11641729.0,74467000.0
2013-12-27,6.22,6.30,6.26,6.16,13544807.0,86239752.0
2013-12-26,6.31,6.31,6.15,6.10,17647812.0,111336240.0
2013-12-25,6.26,6.32,6.30,6.24,11156776.0,71527376.0
2013-12-24,6.31,6.34,6.26,6.24,18310080.0,117268648.0
2013-12-23,6.23,6.34,6.30,6.21,27524810.0,176028912.0
2013-12-20,6.68,6.71,6.18,6.00,79797888.0,521214624.0
2013-12-19,6.73,6.82,6.67,6.67,23690336.0,162265088.0
2013-12-18,6.82,6.83,6.74,6.68,31525348.0,217042096.0
2013-12-17,6.91,6.93,6.82,6.79,23239452.0,162034560.0
2013-12-16,6.99,7.01,6.90,6.87,23967064.0,168886240.0
2013-12-13,6.94,7.02,6.96,6.93,14123497.0,100487968.0
2013-12-12,6.97,7.04,6.99,6.96,15999183.0,114156584.0
2013-12-11,7.06,7.09,6.99,6.96,20113676.0,143956912.0
2013-12-10,7.18,7.23,7.10,7.08,20532472.0,149349616.0
2013-12-09,7.24,7.30,7.18,7.14,17850574.0,131029696.0
2013-12-06,7.21,7.26,7.22,7.17,24920248.0,183280208.0
2013-12-05,7.25,7.32,7.23,7.23,34806540.0,257635968.0
2013-12-04,7.07,7.50,7.32,7.04,89066312.0,662268160.0
2013-12-03,6.88,7.11,7.09,6.84,41770956.0,299937504.0
2013-12-02,6.96,7.01,6.90,6.88,35723252.0,252169456.0
2013-11-29,7.08,7.08,7.03,7.00,22545364.0,161515952.0
2013-11-28,6.95,7.16,7.07,6.94,42274684.0,304051520.0
2013-11-27,6.92,7.01,6.94,6.88,16490631.0,116798976.0
2013-11-26,7.01,7.04,6.93,6.90,18830332.0,133327912.0
2013-11-25,6.99,7.08,7.01,6.95,15769645.0,113055328.0
2013-11-22,7.01,7.05,6.97,6.96,13185674.0,94073512.0
2013-11-21,7.07,7.07,7.00,6.95,20221240.0,144217392.0
2013-11-20,7.13,7.21,7.10,7.02,18720924.0,135128000.0
2013-11-19,7.19,7.21,7.07,7.04,31424356.0,228308912.0
2013-11-18,6.94,7.13,7.09,6.92,44945984.0,321361920.0
2013-11-15,6.80,6.95,6.94,6.79,23378672.0,164476960.0
2013-11-14,6.79,6.82,6.80,6.74,15386248.0,106253888.0
2013-11-13,6.90,6.91,6.79,6.78,14981272.0,104119264.0
2013-11-12,6.84,6.94,6.93,6.84,10834472.0,76174792.0
2013-11-11,6.87,6.89,6.84,6.78,14113914.0,98237824.0
2013-11-08,6.89,6.95,6.87,6.87,14687181.0,103386696.0
2013-11-07,6.90,7.00,6.95,6.86,23641136.0,167157024.0
2013-11-06,6.89,6.98,6.90,6.86,18943528.0,133506768.0
2013-11-05,6.94,6.94,6.92,6.84,16344703.0,114778504.0
2013-11-04,6.96,7.00,6.94,6.91,13214905.0,93551320.0
2013-11-01,6.94,7.00,6.95,6.89,17064504.0,120588088.0
2013-10-31,7.01,7.01,6.96,6.94,15853654.0,112690232.0
2013-10-30,6.96,7.07,7.01,6.92,22230872.0,158131904.0
2013-10-29,7.02,7.11,6.92,6.80,32585136.0,230230800.0
2013-10-28,6.99,7.16,7.06,6.99,27169530.0,195996352.0
2013-10-25,7.07,7.12,6.99,6.94,26979352.0,193256336.0
2013-10-24,7.26,7.26,7.08,7.06,37962080.0,275756480.0
2013-10-23,7.42,7.47,7.30,7.26,26333016.0,197129792.0
2013-10-22,7.40,7.52,7.44,7.34,31268084.0,236704528.0
2013-10-21,7.41,7.43,7.41,7.28,24772400.0,186002080.0
2013-10-18,7.36,7.42,7.38,7.31,14668677.0,110126200.0
2013-10-17,7.46,7.52,7.34,7.31,34064900.0,256561424.0
2013-10-16,7.70,7.70,7.43,7.40,39137268.0,299538080.0
2013-10-15,7.61,7.78,7.75,7.46,44973720.0,349551040.0
2013-10-14,7.45,7.68,7.59,7.45,38691504.0,299436320.0
2013-10-11,7.31,7.45,7.44,7.31,22581988.0,170214064.0
2013-10-10,7.43,7.52,7.30,7.28,28811768.0,216810480.0
2013-10-09,7.45,7.48,7.46,7.40,24856630.0,188259856.0
2013-10-08,7.37,7.52,7.49,7.26,35569168.0,268237680.0
2013-09-30,7.35,7.48,7.38,7.09,17136524.0,128635600.0
2013-09-27,7.28,7.41,7.35,7.28,19273036.0,144533872.0
2013-09-26,7.55,7.56,7.33,7.30,38255576.0,288337952.0
2013-09-25,7.60,7.72,7.57,7.55,25331298.0,196684480.0
2013-09-24,7.75,7.76,7.63,7.55,29291406.0,227559424.0
2013-09-23,7.63,7.82,7.76,7.63,26651768.0,210477040.0
2013-09-18,7.57,7.65,7.62,7.55,28907124.0,224274448.0
2013-09-17,7.92,7.96,7.59,7.55,55786764.0,439034560.0
2013-09-16,7.97,8.07,7.91,7.90,38422280.0,312109024.0
2013-09-13,8.15,8.15,7.96,7.90,76902136.0,626747712.0
2013-09-12,8.63,8.63,8.18,8.06,133950840.0,1125551616.0
2013-09-11,7.75,8.44,8.44,7.75,188595424.0,1589664896.0
2013-09-10,7.50,7.74,7.67,7.46,77384752.0,600634368.0
2013-09-09,7.34,7.50,7.44,7.29,54077724.0,409814784.0
2013-09-06,7.25,7.38,7.27,7.22,24579072.0,182971312.0
2013-09-05,7.38,7.42,7.28,7.27,23596756.0,176356704.0
2013-09-04,7.44,7.52,7.38,7.34,33196240.0,250531088.0
2013-09-03,7.34,7.48,7.43,7.28,44483236.0,335392512.0
2013-09-02,7.11,7.75,7.46,6.98,86312160.0,651765184.0
2013-08-30,7.05,7.16,7.08,7.00,30755180.0,222087456.0
2013-08-29,7.16,7.18,7.05,7.02,26681088.0,192611120.0
2013-08-28,7.07,7.21,7.12,7.02,36818752.0,266459488.0
2013-08-27,7.08,7.15,7.11,7.06,19556532.0,141492048.0
2013-08-26,6.94,7.11,7.08,6.92,20952222.0,150308320.0
2013-08-23,6.99,7.07,6.94,6.84,19965996.0,141624624.0
2013-08-22,7.08,7.13,6.97,6.97,16167696.0,115947776.0
2013-08-21,7.02,7.04,6.99,6.95,16735125.0,123224584.0
2013-08-20,7.07,7.11,7.00,6.96,25504852.0,189031616.0
2013-08-19,6.97,7.11,7.07,6.90,25269628.0,187190608.0
2013-08-16,6.99,7.72,7.02,6.90,64564960.0,485908224.0
2013-08-15,7.05,7.17,7.02,7.02,28189164.0,210727632.0
2013-08-14,7.19,7.23,7.05,7.02,39459956.0,296370432.0
2013-08-13,7.09,7.27,7.19,7.03,65721576.0,497844544.0
2013-08-12,6.78,7.06,7.05,6.74,68290472.0,501039648.0
2013-08-09,6.68,6.77,6.76,6.65,23954828.0,169678432.0
2013-08-08,6.70,6.78,6.70,6.66,20335916.0,144029408.0
2013-08-07,6.78,6.89,6.76,6.74,32361328.0,232489056.0
2013-08-06,6.72,6.91,6.84,6.61,38643072.0,275581504.0
2013-08-05,6.65,6.75,6.74,6.62,20968034.0,147890800.0
2013-08-02,6.72,6.76,6.64,6.63,22485324.0,158418064.0
2013-08-01,6.56,6.68,6.67,6.54,28378238.0,198248736.0
2013-07-31,6.59,6.63,6.51,6.48,14251396.0,98532536.0
2013-07-30,6.54,6.63,6.50,6.49,20450238.0,141315216.0
2013-07-29,6.59,6.60,6.48,6.45,19829220.0,136473952.0
2013-07-26,6.59,6.67,6.63,6.59,14133228.0,98779632.0
2013-07-25,6.70,6.75,6.67,6.61,25513326.0,179938128.0
2013-07-24,6.73,6.76,6.64,6.54,28391096.0,198495792.0
2013-07-23,6.61,6.79,6.77,6.57,29610320.0,210129696.0
2013-07-22,6.49,6.60,6.56,6.46,16437931.0,113567968.0
2013-07-19,6.64,6.73,6.48,6.44,25638176.0,178353408.0
2013-07-18,6.78,6.81,6.69,6.68,21046340.0,149177392.0
2013-07-17,6.93,6.96,6.84,6.82,19154160.0,139210832.0
2013-07-16,6.90,6.95,6.93,6.79,22191804.0,160880608.0
2013-07-15,6.90,7.06,6.93,6.88,28787308.0,211398800.0
2013-07-12,7.16,7.16,6.90,6.86,40305048.0,298553728.0
2013-07-11,6.78,7.39,7.19,6.74,67320480.0,503872064.0
2013-07-10,6.45,6.78,6.76,6.43,25267046.0,175729312.0
2013-07-09,6.44,6.50,6.45,6.40,16165786.0,110149192.0
2013-07-08,6.63,6.63,6.46,6.45,25363262.0,175096736.0
2013-07-05,6.78,6.87,6.76,6.73,23723608.0,169945632.0
2013-07-04,6.63,6.90,6.78,6.47,37492308.0,264825872.0
2013-07-03,6.87,6.87,6.69,6.63,31983348.0,226156160.0
2013-07-02,7.03,7.09,6.90,6.84,35213392.0,257034416.0
2013-07-01,7.06,7.15,7.03,6.87,21825524.0,161326320.0
2013-06-28,7.06,7.25,7.12,6.86,23003608.0,172835952.0
2013-06-27,7.14,7.29,7.06,7.03,26305814.0,198555664.0
2013-06-26,7.16,7.28,7.10,7.02,31334296.0,234754496.0
2013-06-25,6.99,7.15,7.14,6.47,41476704.0,301605152.0
2013-06-24,7.34,7.42,7.09,6.85,39363496.0,300096800.0
2013-06-21,7.37,7.53,7.32,7.30,31600818.0,247119056.0
2013-06-20,7.66,7.67,7.52,7.51,20058630.0,160586464.0
2013-06-19,7.71,7.71,7.69,7.56,19157130.0,154016912.0
2013-06-18,7.77,7.81,7.71,7.58,22712752.0,183614288.0
2013-06-17,7.87,7.94,7.73,7.67,23341766.0,190860784.0
2013-06-14,7.89,7.92,7.87,7.79,27269422.0,225644144.0
2013-06-13,8.25,8.25,7.90,7.58,43932056.0,362821088.0
2013-06-07,8.57,8.60,8.38,8.29,53279856.0,470929152.0
2013-06-06,8.53,8.72,8.57,8.51,22405094.0,203914448.0
2013-06-05,8.67,8.67,8.59,8.52,29284500.0,264665776.0
2013-06-04,8.79,8.79,8.68,8.64,18529396.0,169852736.0
2013-06-03,8.75,8.87,8.79,8.75,21415384.0,198743040.0
2013-05-31,8.90,8.95,8.76,8.74,28037308.0,261348336.0
2013-05-30,8.81,8.81,8.72,8.68,33676368.0,310471712.0
2013-05-29,8.96,9.00,8.87,8.84,35295424.0,331718848.0
2013-05-28,8.84,9.01,9.00,8.68,41212376.0,382960256.0
2013-05-27,8.93,8.99,8.85,8.78,31133416.0,291552288.0
2013-05-24,9.01,9.15,8.99,8.90,24571592.0,233074464.0
2013-05-23,9.15,9.22,9.02,9.00,24971976.0,239990080.0
2013-05-22,9.26,9.32,9.22,9.14,26715406.0,260009568.0
2013-05-21,9.20,9.35,9.26,9.20,33108212.0,323782144.0
2013-05-20,9.03,9.26,9.18,9.02,42636080.0,411703616.0
2013-05-17,8.76,9.03,8.98,8.69,34566572.0,323799392.0
2013-05-16,8.62,8.77,8.76,8.43,28380012.0,258755600.0
2013-05-15,8.77,8.79,8.64,8.55,26456120.0,241045920.0
2013-05-14,8.99,8.99,8.74,8.70,27934360.0,259135440.0
2013-05-13,9.09,9.13,8.98,8.91,24983080.0,236604592.0
2013-05-10,9.00,9.13,9.05,8.91,21693854.0,206210272.0
2013-05-09,9.24,9.29,9.01,9.00,23279816.0,223432096.0
2013-05-08,9.05,9.21,9.18,9.00,36888856.0,355686752.0
2013-05-07,8.99,9.00,8.98,8.89,21458284.0,202534720.0
2013-05-06,8.95,9.06,8.99,8.89,21607012.0,204712480.0
2013-05-03,8.88,9.08,8.89,8.85,28445996.0,269037152.0
2013-05-02,9.24,9.25,8.87,8.81,33884976.0,321194432.0
2013-04-26,9.40,9.52,9.25,9.21,19382466.0,190137120.0
2013-04-25,9.60,9.60,9.42,9.24,29695136.0,294571936.0
2013-04-24,9.49,9.74,9.61,9.41,25862100.0,261005872.0
2013-04-23,9.86,9.86,9.50,9.46,36362296.0,368450752.0
2013-04-22,9.93,10.22,9.88,9.80,52776432.0,555450112.0
2013-04-19,9.38,9.75,9.66,9.38,32184170.0,325708768.0
2013-04-18,9.31,9.48,9.35,9.26,12693185.0,125353920.0
2013-04-17,9.47,9.48,9.39,9.29,16903620.0,167248528.0
2013-04-16,9.27,9.50,9.48,9.17,16734948.0,165444496.0
2013-04-15,9.55,9.58,9.36,9.23,25551834.0,252321552.0
2013-04-12,9.60,9.70,9.59,9.48,14147040.0,143636256.0
2013-04-11,9.86,9.90,9.64,9.62,25855104.0,265908176.0
2013-04-10,9.68,9.70,9.63,9.54,14550645.0,147371312.0
2013-04-09,9.52,9.75,9.65,9.52,18936928.0,193069664.0
2013-04-08,9.48,9.52,9.50,9.22,26991128.0,267647424.0
2013-04-03,9.74,9.95,9.69,9.64,18420786.0,189822000.0
2013-04-02,9.50,9.86,9.67,9.50,25434574.0,260638272.0
2013-04-01,9.49,9.56,9.50,9.37,25090688.0,250275120.0
2013-03-29,9.65,9.72,9.51,9.48,19595502.0,197974896.0
2013-03-28,9.95,9.95,9.63,9.55,41917864.0,427949984.0
2013-03-27,10.08,10.22,10.02,9.92,20375904.0,216023008.0
2013-03-26,10.23,10.28,10.12,9.95,27225072.0,289957280.0
2013-03-25,10.33,10.49,10.29,10.23,18116376.0,197404416.0
2013-03-22,10.35,10.36,10.33,10.22,19655676.0,213522208.0
2013-03-21,10.39,10.51,10.36,10.26,49052348.0,537981312.0
2013-03-20,9.96,10.35,10.34,9.93,48046176.0,517860096.0
2013-03-19,9.95,10.02,9.97,9.82,19927372.0,209014032.0
2013-03-18,10.01,10.13,9.89,9.86,26188336.0,275600064.0
2013-03-15,9.96,10.28,10.04,9.86,27679764.0,294928288.0
2013-03-14,9.95,10.16,9.98,9.91,15389962.0,162858384.0
2013-03-13,10.20,10.20,10.01,9.95,24225812.0,256197280.0
2013-03-12,9.97,10.39,10.22,9.93,59876324.0,645565120.0
2013-03-11,10.08,10.09,9.97,9.73,36486112.0,382033472.0
2013-03-08,10.14,10.25,10.09,10.04,30394272.0,325852320.0
2013-03-07,10.09,10.28,10.15,9.98,50842236.0,541381376.0
2013-03-06,10.34,10.37,10.22,10.04,53151164.0,569801408.0
2013-03-05,10.14,10.33,10.31,10.00,57735164.0,616985344.0
2013-03-04,11.09,11.09,10.21,10.04,120896552.0,1317929856.0
2013-03-01,11.18,11.33,11.16,10.91,40374884.0,474508384.0
2013-02-28,10.76,11.18,11.17,10.63,52256176.0,605748160.0
2013-02-27,10.53,10.77,10.69,10.53,27750834.0,312100992.0
2013-02-26,10.66,10.83,10.51,10.45,33117416.0,373706848.0
2013-02-25,10.58,10.87,10.71,10.58,29229470.0,330179712.0
2013-02-22,10.58,10.70,10.52,10.49,31879832.0,356604544.0
2013-02-21,11.18,11.18,10.58,10.47,69704080.0,786353728.0
2013-02-20,11.04,11.19,11.18,10.78,61439600.0,714275584.0
2013-02-19,11.66,11.81,11.16,10.94,61000852.0,725604800.0
2013-02-18,11.86,12.13,11.68,11.66,42122304.0,529953440.0
2013-02-08,11.87,12.07,11.89,11.74,32242010.0,404494592.0
2013-02-07,12.06,12.09,11.87,11.60,49005888.0,609749376.0
2013-02-06,12.18,12.43,12.06,11.94,44020408.0,562986880.0
2013-02-05,11.56,12.28,12.23,11.38,82436520.0,1046412800.0
2013-02-04,11.37,12.50,11.64,11.37,104115528.0,1305994240.0
2013-02-01,10.86,11.56,11.37,10.79,55875460.0,659649216.0
2013-01-31,10.73,11.02,10.91,10.66,54666332.0,627170176.0
2013-01-30,10.74,10.90,10.72,10.64,44273124.0,502484096.0
2013-01-29,10.61,10.96,10.77,10.59,74589880.0,851752320.0
2013-01-28,10.14,10.59,10.57,10.12,77978000.0,857433280.0
2013-01-25,9.90,10.14,10.04,9.84,37288356.0,394217088.0
2013-01-24,9.88,10.33,9.94,9.82,62614848.0,666517952.0
2013-01-23,10.03,10.09,9.90,9.76,39089260.0,407958656.0
2013-01-22,10.13,10.26,10.06,9.97,70193648.0,750303232.0
2013-01-21,9.65,10.20,10.14,9.57,108214352.0,1139475968.0
2013-01-18,9.62,9.73,9.66,9.48,37045936.0,376160736.0
2013-01-17,9.67,9.71,9.61,9.57,30229860.0,307164064.0
2013-01-16,9.83,9.86,9.73,9.50,46473024.0,475045216.0
2013-01-15,9.54,9.89,9.81,9.49,67560520.0,690709888.0
2013-01-14,9.13,9.60,9.53,9.05,51932564.0,515012288.0
2013-01-11,9.60,9.63,9.15,9.11,57303416.0,565159552.0
2013-01-10,9.46,9.72,9.58,9.46,64627544.0,654804480.0
2013-01-09,9.46,9.53,9.46,9.36,57366892.0,571123072.0
2013-01-08,9.62,9.62,9.55,9.30,67483696.0,673765824.0
2013-01-07,9.82,9.82,9.62,9.52,51417248.0,523894912.0
2013-01-04,10.08,10.17,9.85,9.80,39628132.0,415487968.0
2012-12-31,10.03,10.12,10.04,9.74,50009736.0,525640000.0
2012-12-28,9.83,10.09,10.02,9.82,50865080.0,537062400.0
2012-12-27,9.85,10.00,9.83,9.70,38082680.0,395531552.0
2012-12-26,9.76,10.06,9.85,9.71,59833296.0,625296384.0
2012-12-25,9.31,9.91,9.76,9.14,85710904.0,870947264.0
2012-12-24,9.34,9.48,9.33,9.19,34028268.0,335442208.0
2012-12-21,9.50,9.68,9.35,9.30,50259432.0,502750336.0
2012-12-20,9.36,9.57,9.49,9.29,67656448.0,673170880.0
2012-12-19,8.77,9.56,9.41,8.74,103005016.0,999104960.0
2012-12-18,8.85,9.00,8.77,8.70,41737396.0,388582304.0
2012-12-17,8.81,9.11,8.88,8.81,59213296.0,557550720.0
2012-12-14,8.27,8.87,8.77,8.25,90715544.0,825839680.0
2012-12-13,8.36,8.36,8.22,8.15,20495234.0,178164912.0
2012-12-12,8.34,8.51,8.36,8.24,26944240.0,237932528.0
2012-12-11,8.38,8.42,8.30,8.25,28931244.0,254526400.0
2012-12-10,8.45,8.66,8.42,8.38,88394336.0,792460864.0
2012-12-07,8.16,8.65,8.41,8.06,81623968.0,726842304.0
2012-12-06,8.20,8.39,8.15,8.05,50084664.0,433642848.0
2012-12-05,7.38,8.15,8.15,7.34,57645496.0,481275808.0
2012-12-04,7.21,7.43,7.41,7.19,22522728.0,173080688.0
2012-12-03,7.72,7.75,7.22,7.20,28922356.0,227821344.0
2012-11-30,7.72,7.81,7.72,7.66,22815204.0,185709296.0
2012-11-29,7.76,7.91,7.73,7.72,17610072.0,144849520.0
2012-11-28,7.87,7.87,7.77,7.74,13719487.0,112565776.0
2012-11-27,8.14,8.14,7.89,7.87,18550138.0,155720112.0
2012-11-26,8.39,8.41,8.15,8.15,22350626.0,193513456.0
2012-11-23,8.44,8.51,8.42,8.38,11017054.0,98078808.0
2012-11-22,8.57,8.57,8.42,8.36,8663145.0,77348096.0
2012-11-21,8.44,8.58,8.57,8.37,12103115.0,108468016.0
2012-11-20,8.52,8.57,8.45,8.42,7757409.0,69361056.0
2012-11-19,8.49,8.57,8.50,8.36,10964669.0,97485872.0
2012-11-16,8.41,8.52,8.49,8.34,12345295.0,109690288.0
2012-11-15,8.53,8.54,8.44,8.41,11088605.0,99076280.0
2012-11-14,8.58,8.60,8.55,8.44,10995712.0,98941512.0
2012-11-13,8.66,8.67,8.58,8.54,10508305.0,95082136.0
2012-11-12,8.59,8.67,8.66,8.58,10351501.0,94240104.0
2012-11-09,8.54,8.66,8.56,8.53,10598065.0,96001792.0
2012-11-08,8.73,8.73,8.59,8.56,16608415.0,151156864.0
2012-11-07,8.84,8.95,8.78,8.74,15620087.0,145656432.0
2012-11-05,8.77,8.95,8.89,8.72,21822752.0,203326416.0
2012-11-02,8.71,8.83,8.76,8.66,18163270.0,167849696.0
2012-11-01,8.51,8.77,8.71,8.51,20786398.0,190517856.0
2012-10-31,8.60,8.63,8.51,8.34,24684808.0,220695104.0
2012-10-30,8.56,8.76,8.60,8.45,19077152.0,172930480.0
2012-10-29,8.68,8.68,8.63,8.58,12530234.0,113972864.0
2012-10-26,8.93,8.95,8.68,8.63,20917072.0,192685168.0
2012-10-25,8.91,9.10,8.93,8.91,16302385.0,154881504.0
2012-10-24,8.86,9.08,8.97,8.83,19051192.0,180513008.0
2012-10-23,9.08,9.11,8.92,8.89,24849676.0,235322048.0
2012-10-22,8.93,9.14,9.07,8.85,35023968.0,332671424.0
2012-10-19,8.86,9.14,9.01,8.81,43569820.0,414693536.0
2012-10-18,8.61,8.86,8.82,8.60,33227608.0,307988288.0
2012-10-17,8.65,8.69,8.62,8.53,25968178.0,235553184.0
2012-10-16,8.69,8.75,8.62,8.57,26319678.0,240542544.0
2012-10-15,8.94,8.96,8.69,8.57,28459170.0,261394272.0
2012-10-12,9.08,9.32,8.92,8.87,31439332.0,300090080.0
2012-10-11,9.12,9.27,9.07,9.03,22522268.0,217480256.0
2012-10-10,9.15,9.21,9.16,9.02,24388288.0,234696192.0
2012-10-09,8.98,9.23,9.17,8.98,28880304.0,278903040.0
2012-10-08,9.08,9.24,8.96,8.90,28536716.0,271597632.0
2012-09-28,8.80,9.13,9.10,8.77,56759908.0,541491456.0
2012-09-27,8.55,8.89,8.84,8.53,37172892.0,342814976.0
2012-09-26,8.67,8.72,8.54,8.50,16725460.0,151031824.0
2012-09-25,8.67,8.73,8.66,8.59,18859626.0,172589376.0
2012-09-24,8.34,8.84,8.67,8.32,40012056.0,364585888.0
2012-09-21,8.48,8.66,8.49,8.44,20730756.0,187149888.0
2012-09-20,8.72,8.72,8.50,8.44,27467606.0,247825504.0
2012-09-19,8.77,8.82,8.75,8.68,19198086.0,177136144.0
2012-09-18,8.63,8.80,8.74,8.59,22194202.0,204221792.0
2012-09-17,9.23,9.23,8.71,8.57,62718632.0,584793024.0
2012-09-14,9.47,9.52,9.27,9.14,54948200.0,538992896.0
2012-09-13,9.63,9.63,9.35,9.33,40816528.0,407859680.0
2012-09-12,9.68,9.85,9.65,9.48,45743948.0,464861824.0
2012-09-11,9.62,9.62,9.54,9.32,50597552.0,504538528.0
2012-09-10,9.53,10.06,9.68,9.46,128770432.0,1322428160.0
2012-09-07,8.67,9.41,9.41,8.67,123537272.0,1202317952.0
2012-09-06,8.46,8.64,8.56,8.46,33951716.0,306819424.0
2012-09-05,8.78,8.78,8.48,8.28,68209640.0,612697088.0
2012-09-04,9.35,9.35,8.80,8.77,64280304.0,608183552.0
2012-09-03,9.40,9.44,9.35,9.29,41731512.0,412280192.0
2012-08-31,9.62,9.73,9.35,9.33,48704720.0,487402528.0
2012-08-30,9.68,9.96,9.74,9.65,32797014.0,338557280.0
2012-08-29,10.26,10.26,9.87,9.79,27547604.0,289951616.0
2012-08-28,10.23,10.33,10.28,10.18,15538185.0,168139920.0
2012-08-27,10.68,10.71,10.26,10.23,26009346.0,284296992.0
2012-08-24,10.92,10.93,10.68,10.68,28314532.0,321933088.0
2012-08-23,11.05,11.08,10.96,10.90,14315135.0,165819456.0
2012-08-22,11.02,11.07,11.03,10.93,14643719.0,169796080.0
2012-08-21,10.97,11.12,11.02,10.92,11871879.0,138000576.0
2012-08-20,10.92,10.99,10.98,10.76,15631420.0,178754752.0
2012-08-17,10.97,11.03,11.01,10.89,11004748.0,127142888.0
2012-08-16,10.95,11.04,10.97,10.93,8225602.0,95345256.0
2012-08-15,11.10,11.14,10.96,10.95,11998160.0,139258048.0
2012-08-14,10.98,11.18,11.14,10.85,16953642.0,196961648.0
2012-08-13,11.29,11.29,10.94,10.92,28205240.0,327793408.0
2012-08-10,11.44,11.44,11.31,11.30,12125928.0,145111152.0
2012-08-09,11.40,11.47,11.44,11.28,15357326.0,184418384.0
2012-08-08,11.54,11.54,11.40,11.39,13816805.0,166943712.0
2012-08-07,11.46,11.46,11.45,11.30,19757930.0,243050096.0
2012-08-06,11.22,11.47,11.46,11.22,23516180.0,288991456.0
2012-08-03,11.13,11.21,11.21,11.11,10402569.0,125701112.0
2012-08-02,11.22,11.34,11.09,11.05,17607372.0,212612416.0
2012-08-01,11.03,11.33,11.23,11.03,27021950.0,328246976.0
2012-07-31,11.11,11.23,11.01,10.96,17337960.0,207965136.0
2012-07-30,10.85,11.33,11.07,10.84,33688996.0,404575488.0
2012-07-27,10.74,10.86,10.81,10.74,17794536.0,207747520.0
2012-07-26,10.78,10.86,10.72,10.68,16146154.0,188131488.0
2012-07-25,10.73,10.83,10.75,10.69,11244537.0,130850672.0
2012-07-24,10.63,10.86,10.73,10.60,18871250.0,219901072.0
2012-07-23,10.82,10.82,10.72,10.49,25595300.0,293589152.0
2012-07-20,11.14,11.23,10.89,10.63,26740120.0,316732960.0
2012-07-19,11.04,11.35,11.20,10.94,26052308.0,315778144.0
2012-07-18,11.31,11.33,11.05,10.88,33856980.0,403866592.0
2012-07-17,11.21,11.40,11.28,11.10,18554196.0,225782112.0
2012-07-16,12.02,12.05,11.26,11.09,48581720.0,599955328.0
2012-07-13,11.83,12.25,11.94,11.74,37496360.0,486717952.0
2012-07-12,11.89,12.07,11.83,11.66,35135136.0,449341664.0
2012-07-11,11.78,12.34,12.01,11.70,32681292.0,426159648.0
2012-07-10,11.70,11.83,11.77,11.65,16743547.0,213067392.0
2012-07-09,12.02,12.15,11.70,11.56,26454720.0,339055872.0
2012-07-06,11.76,12.20,12.15,11.64,30797142.0,397377376.0
2012-07-05,11.88,11.88,11.76,11.56,21633008.0,272945120.0
2012-07-04,12.28,12.37,11.88,11.71,45217632.0,586733760.0
2012-07-03,12.82,12.83,12.39,12.09,59931712.0,796538752.0
2012-07-02,13.01,13.01,12.81,12.72,13805845.0,191436848.0
2012-06-29,12.66,12.88,12.87,12.59,13514985.0,186448768.0
2012-06-28,12.70,12.83,12.66,12.60,12930983.0,178012544.0
2012-06-27,12.78,12.87,12.70,12.56,17083212.0,234353872.0
2012-06-25,12.91,13.06,12.78,12.71,21391398.0,297531456.0
2012-06-21,12.97,12.97,12.92,12.68,21416872.0,296172128.0
2012-06-20,13.31,13.34,12.98,12.84,40259116.0,567723264.0
2012-06-19,13.68,13.68,13.27,13.22,27196920.0,392338752.0
2012-06-18,13.54,13.72,13.68,13.54,15290589.0,225837520.0
2012-06-15,13.76,13.78,13.50,13.30,23901288.0,348274624.0
2012-06-14,13.80,13.87,13.68,13.67,17383512.0,258340992.0
2012-06-13,13.64,13.92,13.79,13.59,25292882.0,377101696.0
2012-06-12,13.48,13.79,13.60,13.42,21985512.0,323890656.0
2012-06-11,13.22,13.56,13.53,13.22,20256672.0,294818464.0
2012-06-08,13.30,13.44,13.22,13.13,29110626.0,419412000.0
2012-06-07,13.25,13.36,13.12,13.03,14201309.0,202446208.0
2012-06-06,13.27,13.43,13.08,13.01,18680976.0,266236400.0
2012-06-05,13.18,13.34,13.19,13.08,22713736.0,324574528.0
2012-06-04,13.54,13.59,13.18,13.05,35169956.0,508926592.0
2012-06-01,13.81,13.98,13.79,13.62,27385412.0,410044288.0
2012-05-31,13.87,13.91,13.81,13.63,29940392.0,446451328.0
2012-05-30,13.96,14.03,13.93,13.88,30330764.0,457512704.0
2012-05-29,14.05,14.26,14.05,13.87,56423848.0,858710400.0
2012-05-28,13.44,14.15,14.09,13.39,88618200.0,1331144448.0
2012-05-25,13.64,13.79,13.48,13.47,23788948.0,349554816.0
2012-05-24,13.45,13.89,13.63,13.45,63845216.0,948796544.0
2012-05-23,13.35,13.55,13.44,13.24,37542172.0,544157312.0
2012-05-22,12.80,13.41,13.34,12.80,49849772.0,711584384.0
2012-05-21,12.75,12.83,12.68,12.62,17589018.0,242077296.0
2012-05-18,12.85,12.90,12.65,12.62,18539364.0,255536128.0
2012-05-17,12.76,13.03,12.97,12.67,21139780.0,293746208.0
2012-05-16,13.17,13.17,12.75,12.73,28299140.0,395791040.0
2012-05-15,13.04,13.24,13.23,12.93,22027776.0,311089920.0
2012-05-14,13.20,13.38,13.12,13.07,23786924.0,341239872.0
2012-05-11,13.17,13.34,13.11,13.03,18390148.0,262339136.0
2012-05-10,13.23,13.36,13.18,13.12,18992060.0,272467904.0
2012-05-09,13.52,13.58,13.23,13.22,30687632.0,445122208.0
2012-05-08,13.76,13.87,13.69,13.53,32097604.0,475185504.0
2012-05-07,13.58,13.82,13.77,13.52,35370428.0,523572608.0
2012-05-04,13.77,13.77,13.68,13.56,42646784.0,629822016.0
2012-05-03,13.50,13.84,13.81,13.42,67737976.0,1001628224.0
2012-05-02,13.31,13.53,13.50,13.08,67899592.0,982805184.0
2012-04-27,13.43,13.46,13.06,13.00,35623576.0,504659136.0
2012-04-26,13.31,13.58,13.42,13.29,24446702.0,355191648.0
2012-04-25,13.22,13.35,13.27,13.12,21304874.0,305544384.0
2012-04-24,13.24,13.50,13.29,12.92,30948984.0,440845920.0
2012-04-23,13.42,13.59,13.38,13.24,27586280.0,400722592.0
2012-04-20,13.35,13.54,13.41,13.22,36195304.0,524681888.0
2012-04-19,13.45,13.53,13.40,13.32,28580816.0,414183264.0
2012-04-18,12.76,13.61,13.47,12.76,61088020.0,876825152.0
2012-04-17,12.93,13.00,12.68,12.65,18494432.0,255314112.0
2012-04-16,13.04,13.06,12.98,12.88,17267708.0,242417744.0
2012-04-13,13.05,13.17,13.05,12.89,30592144.0,431652960.0
2012-04-12,12.94,13.10,13.03,12.86,34852684.0,490433888.0
2012-04-11,12.44,13.13,12.94,12.32,52849268.0,735755328.0
2012-04-10,12.16,12.65,12.62,12.12,31685716.0,425521088.0
2012-04-09,12.15,12.61,12.24,11.93,25974684.0,348146400.0
2012-04-06,12.17,12.30,12.15,12.09,25173656.0,332386720.0
2012-04-05,11.35,12.25,12.16,11.35,41273184.0,534317184.0
2012-03-30,11.42,11.52,11.34,11.24,19369028.0,238154224.0
2012-03-29,11.83,11.83,11.39,11.35,24103316.0,301195264.0
2012-03-28,12.28,12.30,11.88,11.76,20478828.0,264840928.0
2012-03-27,12.41,12.52,12.28,12.24,14127759.0,189285712.0
2012-03-26,12.25,12.42,12.38,12.20,13269957.0,176766848.0
2012-03-23,12.55,12.55,12.25,12.19,21338724.0,284630496.0
2012-03-22,12.58,12.68,12.57,12.46,14826090.0,201562736.0
2012-03-21,12.66,12.76,12.56,12.42,24502430.0,332774880.0
2012-03-20,12.82,12.83,12.56,12.53,21176328.0,289638976.0
2012-03-19,12.87,12.92,12.81,12.67,21653048.0,298663200.0
2012-03-16,12.75,12.94,12.89,12.68,16686574.0,231632976.0
2012-03-15,12.96,13.11,12.76,12.67,32915936.0,457127072.0
2012-03-14,13.45,13.66,12.98,12.93,57619740.0,829335936.0
2012-03-13,13.29,13.32,13.31,13.15,19436636.0,278573248.0
2012-03-12,13.36,13.38,13.26,13.14,19861834.0,284743168.0
2012-03-09,13.21,13.37,13.36,13.21,19213528.0,276132320.0
2012-03-08,13.06,13.35,13.17,13.06,22560302.0,321981792.0
2012-03-07,13.20,13.27,13.03,12.99,36351920.0,516359296.0
2012-03-06,13.69,13.69,13.33,13.31,27886288.0,406224576.0
2012-03-05,13.76,14.01,13.74,13.71,40691968.0,609005952.0
2012-03-02,13.44,13.73,13.72,13.43,35637512.0,524950208.0
2012-03-01,13.48,13.53,13.44,13.41,15431636.0,224764784.0
2012-02-29,13.51,13.68,13.48,13.39,39142712.0,574317824.0
2012-02-28,13.39,13.48,13.40,13.28,28480288.0,411857248.0
2012-02-27,13.44,13.73,13.42,13.41,49093008.0,721863424.0
2012-02-24,13.19,13.50,13.38,13.06,41812284.0,601534720.0
2012-02-23,13.04,13.41,13.17,13.04,37540644.0,537478976.0
2012-02-22,12.85,13.05,13.03,12.81,33883072.0,475520064.0
2012-02-21,12.82,12.86,12.85,12.67,14950312.0,206435088.0
2012-02-20,12.94,13.04,12.81,12.79,22126044.0,308322144.0
2012-02-17,12.81,12.88,12.81,12.67,17105200.0,236642256.0
2012-02-16,12.81,12.84,12.71,12.63,17342758.0,238825600.0
2012-02-15,12.60,12.85,12.82,12.60,19931148.0,275337824.0
2012-02-14,12.81,12.88,12.66,12.59,18122632.0,248591712.0
2012-02-13,12.71,12.97,12.80,12.63,26442762.0,366057920.0
2012-02-10,12.71,13.07,12.83,12.62,34392204.0,480596896.0
2012-02-09,12.82,12.89,12.73,12.59,25739174.0,355270016.0
2012-02-08,12.48,12.93,12.83,12.32,34546144.0,471719424.0
2012-02-07,12.78,12.78,12.52,12.32,26458620.0,357907424.0
2012-02-06,12.97,13.02,12.84,12.76,19104000.0,265704416.0
2012-02-03,13.00,13.03,12.89,12.75,24096556.0,335718624.0
2012-02-02,12.76,13.04,13.00,12.76,18549800.0,259299648.0
2012-02-01,13.14,13.15,12.76,12.67,26797226.0,374584992.0
2012-01-31,13.15,13.52,13.14,12.90,57188792.0,820045248.0
2012-01-20,12.83,13.22,12.93,12.67,30436400.0,424749632.0
2012-01-19,12.67,12.91,12.77,12.61,25271454.0,349086816.0
2012-01-18,12.75,12.90,12.66,12.54,28768684.0,395761664.0
2012-01-17,12.20,12.87,12.73,12.06,45527088.0,615766208.0
2012-01-16,11.89,12.34,12.07,11.82,31872122.0,420735040.0
2012-01-13,12.25,12.31,11.95,11.84,22048074.0,286616512.0
2012-01-12,12.10,12.48,12.22,12.04,23377148.0,310491872.0
2012-01-11,12.32,12.34,12.14,12.04,34010288.0,447262016.0
2012-01-10,11.59,12.48,12.31,11.46,55116188.0,717789248.0
2012-01-09,11.20,11.63,11.60,11.04,24594524.0,304642016.0
2012-01-06,11.15,11.20,11.15,10.88,16407172.0,195198672.0
2012-01-05,11.10,11.33,11.15,11.06,16608255.0,201146176.0
2012-01-04,11.66,11.77,11.18,11.16,23531256.0,291954496.0
2011-12-30,11.48,11.69,11.59,11.47,17433208.0,218434992.0
2011-12-29,11.28,11.60,11.46,11.20,31259680.0,388680224.0
2011-12-28,11.00,11.37,11.34,10.91,19133532.0,230442112.0
2011-12-27,11.23,11.32,11.04,10.97,14385229.0,172816752.0
2011-12-26,11.27,11.48,11.25,11.19,17394052.0,213047200.0
2011-12-23,10.71,11.79,11.33,10.67,45903844.0,556153472.0
2011-12-22,10.38,10.86,10.76,10.26,24775192.0,283967616.0
2011-12-21,10.76,10.91,10.45,10.44,16064998.0,186368624.0
2011-12-20,10.57,10.77,10.63,10.41,18004710.0,207802208.0
2011-12-19,10.61,10.69,10.58,10.28,16149811.0,183192736.0
2011-12-16,10.62,10.78,10.76,10.37,21301384.0,243447568.0
2011-12-15,11.09,11.14,10.62,10.45,22492092.0,262481280.0
2011-12-14,11.01,11.27,11.16,10.96,14968367.0,180755056.0
2011-12-13,11.11,11.17,11.03,11.00,14528323.0,174151584.0
2011-12-12,11.17,11.31,11.18,11.13,11515855.0,139628176.0
2011-12-09,11.24,11.44,11.16,11.11,15541564.0,188885424.0
2011-12-08,11.33,11.54,11.34,11.10,15398018.0,188661856.0
2011-12-07,11.30,11.49,11.33,11.20,15051448.0,185027968.0
2011-12-06,10.94,11.39,11.28,10.91,22396972.0,270799264.0
2011-12-05,11.39,11.41,11.00,10.96,22497504.0,269340352.0
2011-12-02,11.55,11.60,11.36,11.29,18633620.0,229792672.0
2011-12-01,11.93,12.01,11.68,11.57,42778160.0,545126144.0
2011-11-30,11.99,12.00,11.46,11.37,29665084.0,371703328.0
2011-11-29,12.02,12.07,11.99,11.76,26308316.0,338576992.0
2011-11-28,12.33,12.35,11.87,11.74,33506790.0,432535008.0
2011-11-25,12.47,12.51,12.25,12.16,18881462.0,251207808.0
2011-11-24,12.53,12.61,12.51,12.24,20169064.0,270559168.0
2011-11-23,12.74,12.81,12.59,12.57,11112725.0,151972816.0
2011-11-22,12.81,12.82,12.72,12.57,12120026.0,166281680.0
2011-11-21,12.73,12.89,12.87,12.72,12314106.0,170089344.0
2011-11-18,13.04,13.04,12.72,12.66,23382454.0,323957696.0
2011-11-17,13.12,13.20,13.05,13.02,14863146.0,210544176.0
2011-11-16,13.50,13.54,13.12,13.02,27480812.0,392903712.0
2011-11-15,13.57,13.63,13.50,13.42,19262478.0,281263872.0
2011-11-14,13.49,13.60,13.58,13.41,22411820.0,327803072.0
2011-11-11,13.50,13.59,13.39,13.31,20236428.0,294148960.0
2011-11-10,13.73,13.75,13.51,13.48,22140602.0,325283136.0
2011-11-09,13.85,13.90,13.81,13.66,16599107.0,247554976.0
2011-11-08,13.82,13.91,13.75,13.73,12952996.0,193180528.0
2011-11-07,13.96,13.97,13.78,13.76,16416254.0,245849744.0
2011-11-04,14.12,14.29,14.00,13.97,34513664.0,526544224.0
2011-11-02,13.59,13.94,13.91,13.46,24443292.0,361171616.0
2011-11-01,13.75,13.98,13.83,13.69,18770284.0,280830112.0
2011-10-31,13.99,14.04,13.89,13.79,20572872.0,309862624.0
2011-10-28,13.75,14.01,13.97,13.75,43002008.0,646563072.0
2011-10-27,13.63,13.79,13.52,13.46,19470482.0,286847904.0
2011-10-26,13.13,13.93,13.63,13.08,45711584.0,671052032.0
2011-10-25,13.04,13.30,13.22,12.78,24744192.0,350268896.0
2011-10-24,12.85,13.15,13.00,12.53,19482350.0,271535872.0
2011-10-21,13.11,13.19,12.78,12.76,17727376.0,248218112.0
2011-10-20,13.50,13.50,13.11,12.99,18792640.0,267353504.0
2011-10-19,13.68,13.76,13.50,13.47,12794214.0,187539904.0
2011-10-18,13.88,14.04,13.62,13.59,18115800.0,269417696.0
2011-10-17,13.91,14.15,14.06,13.89,31540840.0,479309920.0
2011-10-14,13.91,14.05,13.86,13.78,13547124.0,203135696.0
2011-10-13,13.87,14.23,13.92,13.77,34456860.0,522447296.0
2011-10-12,13.35,13.97,13.87,13.22,34999008.0,519557568.0
2011-10-11,13.71,13.82,13.40,13.20,20268836.0,295932096.0
2011-10-10,13.39,13.50,13.33,13.30,13139458.0,190269456.0
2011-09-30,13.75,13.76,13.32,13.25,22607464.0,327855360.0
2011-09-29,13.81,13.87,13.67,13.64,17605548.0,261207648.0
2011-09-28,14.08,14.15,13.82,13.79,14798625.0,223334320.0
2011-09-27,13.92,14.05,13.98,13.81,14563631.0,219617232.0
2011-09-26,13.95,14.22,13.79,13.77,22880840.0,344922816.0
2011-09-23,13.91,14.01,13.99,13.68,23433952.0,351287584.0
2011-09-22,14.33,14.44,14.13,14.12,28311700.0,437155936.0
2011-09-21,13.91,14.65,14.60,13.78,50530496.0,782161280.0
2011-09-20,13.68,14.11,13.91,13.66,24778456.0,371397376.0
2011-09-19,13.93,13.94,13.74,13.70,15048551.0,224817216.0
2011-09-16,13.92,14.04,13.91,13.88,14157183.0,213736192.0
2011-09-15,13.93,14.14,13.82,13.79,22338356.0,337050944.0
2011-09-14,13.92,13.96,13.91,13.68,19793876.0,295754560.0
2011-09-13,13.87,13.91,13.90,13.66,29423548.0,438934016.0
2011-09-09,14.29,14.54,14.14,14.00,24463842.0,374936512.0
2011-09-08,14.57,14.61,14.27,14.24,14052623.0,219560896.0
2011-09-07,14.35,14.56,14.48,14.24,20321164.0,316342848.0
2011-09-06,14.47,14.49,14.25,14.11,30973292.0,477149760.0
2011-09-05,14.79,14.79,14.59,14.53,19299272.0,305253696.0
2011-09-02,14.79,15.24,14.92,14.79,28058384.0,454400960.0
2011-09-01,15.02,15.03,14.84,14.79,18097046.0,291280288.0
2011-08-31,14.89,14.99,14.93,14.82,16000518.0,257848048.0
2011-08-30,15.02,15.14,14.87,14.79,29003404.0,469615776.0
2011-08-29,15.02,15.06,14.88,14.81,30024336.0,484346208.0
2011-08-26,15.30,15.35,15.19,15.08,24399640.0,401339712.0
2011-08-25,14.98,15.45,15.38,14.79,38437020.0,630880128.0
2011-08-24,15.18,15.26,14.92,14.89,22267804.0,362440992.0
2011-08-23,14.85,15.07,15.06,14.78,25724244.0,414510176.0
2011-08-22,15.31,15.46,14.84,14.78,38316244.0,620680128.0
2011-08-19,15.15,15.34,15.32,15.05,22861040.0,375776928.0
2011-08-18,15.78,15.94,15.48,15.45,21069704.0,357068832.0
2011-08-17,15.81,15.99,15.77,15.72,16214015.0,277166016.0
2011-08-16,16.19,16.25,15.84,15.78,36120404.0,625094464.0
2011-08-15,15.47,16.16,16.06,15.37,44698596.0,768620288.0
2011-08-12,15.23,15.61,15.42,15.23,36759620.0,614824128.0
2011-08-11,14.84,15.26,15.15,14.71,31192476.0,506816160.0
2011-08-10,15.39,15.58,15.13,15.10,30877040.0,511812032.0
2011-08-09,14.33,15.24,15.02,14.22,44694544.0,710997696.0
2011-08-08,15.56,15.56,15.02,14.43,51174396.0,839492864.0
2011-08-05,15.66,15.99,15.82,15.53,26021628.0,445599648.0
2011-08-04,15.96,16.32,16.14,15.90,23609910.0,412971968.0
2011-08-03,15.86,15.98,15.87,15.79,14610672.0,250888192.0
2011-08-02,16.10,16.11,15.99,15.79,16345736.0,281554656.0
2011-08-01,15.79,16.11,16.07,15.62,24004116.0,413543616.0
2011-07-29,15.90,16.03,15.80,15.73,20057596.0,344076896.0
2011-07-28,16.08,16.08,15.92,15.68,32346282.0,553956928.0
2011-07-27,16.17,16.27,16.25,15.95,22923464.0,400640160.0
2011-07-26,16.16,16.27,16.18,16.08,17826640.0,311666976.0
2011-07-25,16.46,16.54,16.16,16.10,35470772.0,624825408.0
2011-07-22,16.42,16.60,16.45,16.40,19174534.0,341480544.0
2011-07-21,16.50,16.74,16.41,16.34,30177960.0,538133120.0
2011-07-20,16.76,16.95,16.57,16.41,31295134.0,562983104.0
2011-07-19,17.01,17.01,16.73,16.65,33235676.0,602195840.0
2011-07-18,17.10,17.34,17.04,16.97,35331276.0,655460608.0
2011-07-15,17.00,17.09,17.02,16.84,36012984.0,661188928.0
2011-07-14,17.10,17.24,17.08,16.97,28618476.0,528653600.0
2011-07-13,16.90,17.20,17.07,16.87,33075176.0,610576192.0
2011-07-12,17.07,17.18,16.94,16.92,35402204.0,650494848.0
2011-07-11,16.99,17.46,17.28,16.93,47951936.0,893006976.0
2011-07-08,16.99,17.09,16.99,16.81,26947954.0,493560192.0
2011-07-07,17.10,17.38,16.99,16.97,46233712.0,856677568.0
2011-07-06,17.20,17.26,17.18,16.97,34613976.0,639496256.0
2011-07-05,17.38,17.43,17.27,17.11,48062264.0,895473472.0
2011-07-04,16.79,17.43,17.36,16.76,85992344.0,1596394368.0
2011-07-01,16.75,16.91,16.73,16.58,41158556.0,746498560.0
2011-06-30,16.48,16.88,16.68,16.48,32314166.0,584547520.0
2011-06-29,16.83,16.91,16.50,16.48,35053328.0,633304064.0
2011-06-28,16.73,17.01,16.84,16.35,57956316.0,1041024576.0
2011-06-27,16.78,17.03,16.73,16.54,54949260.0,997144064.0
2011-06-24,16.36,17.05,16.74,16.27,114887832.0,2089174528.0
2011-06-23,15.71,16.43,16.34,15.66,75096120.0,1309895680.0
2011-06-22,15.72,16.03,15.81,15.72,37436208.0,642719296.0
2011-06-21,15.26,15.81,15.62,15.26,29422594.0,496991200.0
2011-06-20,15.45,15.53,15.25,15.02,31748556.0,522175712.0
2011-06-17,15.58,15.79,15.50,15.49,26742812.0,451729376.0
2011-06-16,15.51,15.87,15.58,15.44,23496122.0,397490016.0
2011-06-15,15.81,16.09,15.72,15.68,37826664.0,649905536.0
2011-06-14,15.39,16.13,15.94,15.26,54231348.0,928325824.0
2011-06-13,15.40,15.55,15.40,15.16,22414736.0,372084864.0
2011-06-10,15.44,15.86,15.60,15.28,34535324.0,581535680.0
2011-06-09,15.86,15.86,15.48,15.46,35302276.0,597631680.0
2011-06-08,15.85,16.08,15.93,15.45,41421900.0,706497664.0
2011-06-07,15.92,15.99,15.85,15.64,39059232.0,668112640.0
2011-06-03,15.47,16.26,15.92,15.36,61448832.0,1058902080.0
2011-06-02,15.26,15.62,15.48,15.07,40912224.0,679721472.0
2011-06-01,15.53,15.76,15.57,15.29,53439984.0,899949184.0
2011-05-31,14.17,15.58,15.53,14.16,54855172.0,888061632.0
2011-05-30,14.51,14.51,14.16,13.96,27548084.0,424158624.0
2011-05-27,14.92,15.01,14.52,14.33,42413512.0,670504192.0
2011-05-26,15.15,15.26,14.94,14.87,26698388.0,434377184.0
2011-05-25,15.19,15.38,15.06,14.96,21424586.0,351882976.0
2011-05-24,15.32,15.32,15.23,14.79,36903392.0,600393344.0
2011-05-23,15.87,15.89,15.36,15.26,40834056.0,686170176.0
2011-05-20,15.94,15.98,15.87,15.81,19580704.0,335736832.0
2011-05-19,16.08,16.12,15.93,15.91,21741388.0,375827200.0
2011-05-18,16.04,16.13,16.04,15.91,23775228.0,411821728.0
2011-05-17,15.83,16.23,16.08,15.76,39096448.0,678222464.0
2011-05-16,16.19,16.19,15.84,15.78,33296654.0,572154560.0
2011-05-13,16.09,16.24,16.13,15.72,35141516.0,607151424.0
2011-05-12,16.36,16.46,16.10,16.09,33633560.0,590237504.0
2011-05-11,16.57,16.62,16.48,16.44,23763140.0,424564384.0
2011-05-10,16.58,16.67,16.49,16.36,25218024.0,448884960.0
2011-05-09,16.24,16.76,16.53,16.24,37865404.0,676935232.0
2011-05-06,16.13,16.40,16.22,15.80,28675756.0,499411712.0
2011-05-05,16.60,16.60,16.26,15.99,49839464.0,874776384.0
2011-05-04,17.01,17.02,16.60,16.55,49180160.0,889431872.0
2011-05-03,16.97,17.07,17.01,16.75,32699818.0,597751744.0
2011-04-29,16.66,17.00,16.96,16.65,36794740.0,669838336.0
2011-04-28,16.92,16.98,16.65,16.64,42107224.0,761512384.0
2011-04-27,16.81,17.09,16.80,16.64,44611408.0,811000576.0
2011-04-26,17.12,17.12,16.70,16.57,63059536.0,1144426752.0
2011-04-25,17.57,17.57,17.12,16.99,98292056.0,1826244224.0
2011-04-22,17.34,18.44,17.86,17.34,97810848.0,1898514432.0
2011-04-21,16.18,17.20,16.99,16.18,69934192.0,1887209088.0
2011-04-20,16.41,16.61,16.16,15.20,107889048.0,2818257152.0
2011-04-19,17.11,17.15,16.88,16.72,37685600.0,1037213952.0
2011-04-18,17.31,17.59,17.20,16.84,60788164.0,1684418176.0
2011-04-15,17.38,17.59,17.29,17.21,31183702.0,877523200.0
2011-04-14,17.73,17.95,17.46,17.41,32025884.0,916676288.0
2011-04-13,17.58,17.79,17.71,17.30,29159892.0,829960448.0
2011-04-12,17.71,17.99,17.61,17.51,37877632.0,1088025984.0
2011-04-11,17.85,18.52,17.62,17.59,70088800.0,2060979968.0
2011-04-07,17.33,17.87,17.77,17.33,56109752.0,1612429568.0
2011-04-06,17.34,17.43,17.30,17.14,38832708.0,1089985920.0
2011-04-01,17.29,17.52,17.37,17.15,34754200.0,978877504.0
2011-03-31,17.07,17.55,17.17,17.07,57807224.0,1629894400.0
2011-03-30,16.58,17.18,17.03,16.55,45526828.0,1251987968.0
2011-03-29,17.21,17.24,16.66,16.61,52121912.0,1433461760.0
2011-03-28,17.19,17.83,17.24,17.19,48304504.0,1372130560.0
2011-03-25,17.14,17.29,17.14,17.04,44940772.0,1252924288.0
2011-03-24,17.39,17.42,17.17,17.16,36737672.0,1031024832.0
2011-03-23,17.20,17.59,17.39,17.04,59482328.0,1677297408.0
2011-03-22,17.31,17.52,17.19,16.95,58968572.0,1653507456.0
2011-03-21,17.10,17.58,17.28,16.82,105776696.0,2961902592.0
2011-03-18,16.25,17.21,17.10,15.84,117094784.0,3126504960.0
2011-03-17,15.61,15.94,15.89,15.37,46561808.0,1186464000.0
2011-03-16,15.60,15.76,15.74,15.44,38161548.0,971028480.0
2011-03-15,15.95,15.95,15.60,15.19,58139660.0,1462876416.0
2011-03-14,15.68,16.05,15.96,15.61,37403956.0,963682496.0
2011-03-11,15.81,16.13,15.78,15.72,47272620.0,1222685184.0
2011-03-10,16.34,16.34,15.88,15.86,59882076.0,1559633920.0
2011-03-09,16.26,16.71,16.34,16.14,51403912.0,1372613760.0
2011-03-08,16.31,16.36,16.28,15.83,57240340.0,1493271936.0
2011-03-07,16.34,16.48,16.29,16.07,61315336.0,1627464832.0
2011-03-04,15.94,16.85,16.23,15.93,91774200.0,2446128384.0
2011-03-03,16.16,16.23,15.94,15.88,75799224.0,1972732416.0
2011-03-02,15.50,16.21,16.16,15.13,114602624.0,2915079680.0
2011-03-01,15.49,15.80,15.53,15.32,128309840.0,3247974912.0
2011-02-28,14.34,15.66,15.50,14.34,162399936.0,3990310400.0
2011-02-25,14.05,14.36,14.28,14.02,36405424.0,843492480.0
2011-02-24,14.06,14.21,14.07,13.83,29437440.0,671618432.0
2011-02-23,14.15,14.31,14.12,13.84,51957024.0,1182521088.0
2011-02-22,14.68,14.71,14.24,14.15,56478632.0,1317743360.0
2011-02-21,14.15,14.75,14.65,14.09,57292252.0,1355051904.0
2011-02-18,14.74,14.74,14.29,14.21,57288552.0,1341515520.0
2011-02-17,14.88,14.98,14.76,14.53,72556632.0,1740068736.0
2011-02-16,14.25,14.87,14.84,14.16,110517272.0,2635283968.0
2011-02-15,14.45,14.71,14.28,14.27,76983424.0,1810625408.0
2011-02-14,14.33,14.95,14.45,14.33,127323648.0,3031375104.0
2011-02-11,13.72,14.32,14.18,13.71,105818600.0,2434731520.0
2011-02-10,13.53,13.81,13.74,13.28,52792516.0,1167388544.0
2011-02-09,13.30,13.84,13.54,13.27,43868068.0,967158784.0
2011-02-01,13.74,13.96,13.44,13.29,39828848.0,878421760.0
2011-01-31,13.35,13.94,13.73,13.26,76666200.0,1704041600.0
2011-01-28,12.61,13.47,13.32,12.55,80176400.0,1707003648.0
2011-01-27,12.07,12.57,12.47,11.80,45730824.0,910665280.0
2011-01-26,11.82,12.06,12.05,11.82,17909680.0,348913664.0
2011-01-25,11.74,11.84,11.79,11.69,10241288.0,195586656.0
2011-01-24,11.93,12.05,11.72,11.71,17230976.0,332069472.0
2011-01-21,11.75,12.09,11.88,11.69,20199248.0,391718624.0
2011-01-20,12.06,12.22,11.77,11.72,25895326.0,503929088.0
2011-01-19,11.66,12.09,12.05,11.56,31981928.0,621136320.0
2011-01-18,11.81,11.81,11.65,11.39,31053624.0,583834944.0
2011-01-17,12.52,12.52,11.81,11.56,55327976.0,1072988800.0
2011-01-14,12.83,12.86,12.57,12.55,28133780.0,576729344.0
2011-01-13,12.92,12.95,12.83,12.81,14150113.0,295686368.0
2011-01-12,12.98,13.03,12.88,12.80,15351774.0,321639968.0
2011-01-11,12.86,13.09,12.95,12.79,23816922.0,500435008.0
2011-01-10,13.07,13.19,12.91,12.86,35639412.0,752554176.0
2011-01-07,13.22,13.32,13.07,12.91,32970132.0,702644032.0
2011-01-06,13.47,13.62,13.24,13.15,37502148.0,811231104.0
2011-01-05,13.35,13.64,13.53,13.16,60558048.0,1322087296.0
2011-01-04,13.42,13.47,13.30,13.16,34470500.0,745456320.0
