date,amount,close,high,low,open,volume
2015-09-01,163261696.0,17.18,18.39,17.18,18.14,9283998.0
2015-08-31,329878848.0,19.09,20.77,19.05,20.77,16941930.0
2015-08-28,245677728.0,21.17,21.46,19.89,20.00,11900581.0
2015-08-27,349859776.0,19.51,19.51,18.00,18.41,18900740.0
2015-08-26,203470016.0,17.74,19.50,17.28,19.00,10929789.0
2015-08-25,291862400.0,18.52,19.50,18.52,18.54,15597277.0
2015-08-24,161427984.0,20.58,21.60,20.58,21.60,7800302.0
2015-08-21,218714256.0,22.87,24.40,22.79,24.00,9239816.0
2015-08-20,192729760.0,24.71,26.93,24.66,26.20,7435900.0
2015-08-19,246186144.0,27.06,27.45,23.98,25.35,9579672.0
2015-08-18,398580992.0,26.63,29.95,26.63,29.95,14306433.0
2015-08-17,414975072.0,29.59,29.68,27.09,27.30,14514909.0
2015-08-14,331627968.0,27.68,27.94,26.95,27.60,12054675.0
2015-08-13,320113440.0,27.43,27.70,25.55,26.32,12085702.0
2015-08-12,339172480.0,26.91,27.59,25.95,26.20,12569453.0
2015-08-11,337949952.0,26.53,27.38,25.79,26.65,12731445.0
2015-08-10,334604640.0,26.74,26.95,25.28,25.28,12704098.0
2015-08-07,216786048.0,24.99,25.30,24.33,24.33,8695694.0
2015-08-06,137322832.0,24.17,24.54,23.38,23.66,5701457.0
2015-08-05,256676976.0,24.47,25.33,24.05,24.50,10381655.0
2015-08-04,284697920.0,24.76,24.96,23.23,23.25,11796658.0
2015-08-03,224482512.0,23.31,25.29,22.70,24.60,9392330.0
2015-07-31,206679488.0,24.86,25.81,24.10,24.79,8309832.0
2015-07-30,396537792.0,25.30,26.77,24.40,26.08,15207342.0
2015-07-29,321849312.0,26.18,26.22,23.75,23.84,13033083.0
2015-07-28,354227200.0,23.84,24.50,21.52,22.41,15323276.0
2015-07-27,477418112.0,22.88,26.44,22.80,24.60,19056428.0
2015-07-24,322412736.0,25.33,26.85,25.00,26.80,12354926.0
2015-07-23,305137728.0,26.58,26.80,25.95,26.14,11546739.0
2015-07-22,408943456.0,26.09,27.17,25.30,26.42,15543874.0
2015-07-21,553867392.0,26.32,26.97,24.00,25.00,21370022.0
2015-07-20,374952576.0,24.93,25.56,23.50,24.19,15134899.0
2015-07-17,370196544.0,23.99,24.15,21.98,21.98,15664168.0
2015-07-16,274857088.0,21.98,22.55,19.18,20.93,12753035.0
2015-07-15,322554368.0,20.93,23.70,20.93,22.40,14574585.0
2015-07-14,583801088.0,23.25,25.09,22.50,23.06,24480690.0
2015-07-13,346179584.0,22.90,22.90,22.00,22.87,15223153.0
2015-07-10,99508856.0,20.82,20.82,19.97,20.30,4844576.0
2015-07-09,257496528.0,18.93,18.93,17.42,17.75,13831864.0
2015-07-08,768526464.0,17.21,20.35,16.65,16.65,42917672.0
2015-07-07,183372000.0,18.50,19.72,18.50,19.39,9783761.0
2015-07-06,451896640.0,20.56,24.60,20.33,24.00,20582708.0
2015-07-03,354848608.0,22.59,23.28,20.96,22.66,16216751.0
2015-07-02,408176608.0,23.29,25.28,22.76,24.40,17455016.0
2015-07-01,290933824.0,25.29,28.46,25.29,27.90,10663065.0
2015-06-30,397571040.0,28.10,29.00,24.10,25.88,15065940.0
2015-06-29,365422208.0,26.78,30.71,26.78,30.68,13190637.0
2015-06-26,381705536.0,29.76,32.88,29.76,31.50,12376634.0
2015-06-25,586016768.0,33.07,34.57,32.33,33.30,17462390.0
2015-06-24,494459712.0,33.04,33.04,30.20,30.20,15686572.0
2015-06-23,243912784.0,30.04,30.98,27.30,29.90,8354641.0
2015-06-19,270265760.0,30.15,32.50,29.50,31.87,8819871.0
2015-06-18,238485248.0,32.23,34.28,31.80,33.70,7144899.0
2015-06-17,299195424.0,33.31,33.55,31.34,32.40,9194857.0
2015-06-16,425900416.0,32.71,35.69,32.25,34.80,12656382.0
2015-06-15,502385664.0,35.77,39.29,35.60,38.17,13427697.0
2015-06-12,339731904.0,38.07,38.18,36.55,37.35,9041324.0
2015-06-11,390378336.0,37.08,37.98,36.61,36.70,10465419.0
2015-06-10,410367104.0,36.66,37.19,35.52,36.01,11227109.0
2015-06-09,328922432.0,36.64,38.77,35.96,37.58,8821090.0
2015-06-08,432599168.0,37.73,37.78,35.82,37.27,11642108.0
2015-06-05,300551808.0,37.27,38.08,36.75,37.80,8028203.0
2015-06-04,344405248.0,37.31,38.69,35.11,38.69,9305961.0
2015-06-03,470560416.0,38.85,40.06,37.01,39.10,12160763.0
2015-06-02,436843232.0,39.10,39.17,36.02,36.02,11358519.0
2015-06-01,420924384.0,35.85,35.85,32.89,32.89,12046731.0
2015-05-29,317425856.0,32.58,32.98,30.44,31.49,9773872.0
2015-05-28,405521952.0,31.88,34.59,31.11,33.61,12183235.0
2015-05-27,388903680.0,33.60,35.81,33.12,33.47,11346580.0
2015-05-26,303341696.0,33.13,33.15,30.68,30.68,9448594.0
2015-05-25,279449344.0,30.65,31.17,29.44,29.57,9102882.0
2015-05-22,308963616.0,29.86,30.04,28.50,29.16,10559960.0
2015-05-21,287937408.0,28.91,29.05,27.75,27.92,10072336.0
2015-05-20,216336000.0,27.76,28.08,27.05,27.08,7744488.0
2015-05-19,219872896.0,26.92,27.34,25.86,27.16,8157136.0
2015-05-18,212157376.0,27.01,27.13,25.23,25.46,8023847.0
2015-05-15,149637952.0,25.68,26.39,25.36,26.39,5778466.0
2015-05-14,170308480.0,26.45,26.70,25.96,26.14,6425716.0
2015-05-13,235263184.0,26.15,27.25,25.86,26.36,8797730.0
2015-05-12,320401120.0,26.46,26.74,24.90,25.33,12309393.0
2015-05-11,316953472.0,25.24,25.31,23.85,24.36,12869076.0
2015-05-08,224761600.0,24.23,24.26,23.85,24.07,9312196.0
2015-05-07,123780720.0,23.63,24.09,23.20,23.54,5193730.0
2015-05-06,167929088.0,23.70,24.74,23.38,24.37,6920989.0
2015-05-05,240086320.0,24.31,25.85,24.15,25.67,9539132.0
2015-05-04,222683904.0,25.88,26.04,24.52,24.85,8787119.0
2015-04-30,271241984.0,25.04,25.42,24.27,24.27,10795146.0
2015-04-29,149608208.0,24.10,24.35,23.62,23.68,6189640.0
2015-04-28,187627104.0,23.81,25.05,23.51,24.85,7734724.0
2015-04-27,242891648.0,24.85,25.17,24.17,24.82,9810733.0
2015-04-24,240417376.0,24.69,24.87,23.75,24.36,9833421.0
2015-04-23,356700992.0,24.87,25.30,24.02,24.27,14354090.0
2015-04-22,299642304.0,23.93,24.39,22.56,22.56,12504493.0
2015-04-21,151174992.0,22.53,22.55,21.72,21.72,6777310.0
2015-04-20,206404432.0,21.82,22.50,21.74,22.46,9290352.0
2015-04-17,226309968.0,22.55,22.61,21.75,21.98,10196693.0
2015-04-16,128274912.0,21.98,22.18,21.09,21.68,5862284.0
2015-04-15,157127904.0,21.80,22.62,21.49,22.58,7109832.0
2015-04-14,216672352.0,22.58,23.26,22.44,23.00,9424389.0
2015-04-13,236769136.0,23.00,23.18,21.92,22.23,10416226.0
2015-04-10,140203296.0,22.15,22.33,21.58,21.63,6316763.0
2015-04-09,210674336.0,21.81,22.26,20.99,22.23,9732551.0
2015-04-08,209366832.0,22.11,22.98,21.76,22.80,9339750.0
2015-04-07,184955744.0,22.80,23.06,22.48,22.48,8078072.0
2015-04-03,239755696.0,22.48,22.54,21.32,21.48,10786561.0
2015-04-02,180480048.0,21.65,21.82,21.40,21.68,8322994.0
2015-04-01,186168448.0,21.57,21.83,20.94,21.09,8649596.0
2015-03-31,220887712.0,21.11,21.54,20.91,20.93,10392556.0
2015-03-30,243235392.0,20.99,21.71,20.65,21.17,11492368.0
2015-03-27,264359520.0,21.15,22.15,21.06,21.17,12278886.0
2015-03-26,382925504.0,20.96,21.98,19.80,19.99,17945336.0
2015-03-25,204905648.0,19.98,20.29,19.71,20.29,10170966.0
2015-03-24,303147968.0,20.39,20.66,19.40,20.66,15046040.0
2015-03-23,233836448.0,20.75,20.79,19.70,19.94,11606812.0
2015-03-20,155148160.0,19.83,19.88,19.31,19.40,7851831.0
2015-03-19,162106688.0,19.41,19.45,19.11,19.20,8372915.0
2015-03-18,138492544.0,19.15,19.25,18.82,18.82,7233836.0
2015-03-17,174565232.0,18.81,19.14,18.70,19.07,9169005.0
2015-03-16,176557088.0,19.03,19.17,18.73,18.73,9255463.0
2015-03-13,167872496.0,18.62,18.74,18.02,18.02,9044515.0
2015-03-12,125355576.0,18.20,18.23,17.53,17.65,6953028.0
2015-03-11,78915712.0,17.62,18.14,17.60,17.95,4423173.0
2015-03-10,82222136.0,17.99,18.03,17.70,17.83,4570602.0
2015-03-09,64053784.0,17.83,17.90,17.33,17.41,3600963.0
2015-03-06,102723832.0,17.64,18.03,17.55,17.98,5775440.0
2015-03-05,127525776.0,17.97,18.29,17.82,18.19,7029144.0
2015-03-04,195436528.0,18.19,18.31,17.83,17.90,10728830.0
2015-03-03,245056848.0,18.00,18.25,17.12,17.26,13676597.0
2015-03-02,127862776.0,17.33,17.44,17.12,17.39,7360442.0
2015-02-27,115521816.0,17.31,17.67,17.28,17.45,6566615.0
2015-02-26,119169456.0,17.45,17.51,17.18,17.32,6827856.0
2015-02-25,120642464.0,17.33,17.43,16.95,17.16,6966477.0
2015-02-17,75835600.0,17.16,17.22,17.00,17.10,4401501.0
2015-02-16,100885912.0,17.15,17.24,16.85,16.98,5888504.0
2015-02-13,109620112.0,16.93,16.96,16.65,16.76,6467346.0
2015-02-12,59928008.0,16.65,16.74,16.31,16.38,3593669.0
2015-02-11,47251288.0,16.33,16.40,16.22,16.26,2879796.0
2015-02-10,59621272.0,16.20,16.22,16.02,16.20,3681333.0
2015-02-09,52390332.0,16.12,16.21,15.94,16.12,3243757.0
2015-02-06,78707056.0,16.16,16.60,16.14,16.49,4781147.0
2015-02-05,105800128.0,16.59,17.04,16.52,16.96,6252354.0
2015-02-04,103850128.0,16.78,17.21,16.77,17.06,6063322.0
2015-02-03,115974192.0,17.09,17.21,16.83,17.12,6782010.0
2015-02-02,165281904.0,17.11,17.27,16.76,16.89,9623383.0
2015-01-30,87083368.0,16.84,16.95,16.69,16.77,5142950.0
2015-01-29,82239280.0,16.76,16.91,16.61,16.70,4873722.0
2015-01-28,153088304.0,16.90,17.08,16.73,16.91,9010402.0
2015-01-27,139633408.0,17.06,17.48,16.89,17.17,8103879.0
2015-01-26,115692360.0,17.23,17.25,16.99,17.06,6722004.0
2015-01-23,164396384.0,17.12,17.49,16.96,17.47,9506972.0
2015-01-22,192218656.0,17.41,17.46,17.11,17.41,11035513.0
2015-01-21,218970944.0,17.36,17.48,17.11,17.23,12592714.0
2015-01-20,228781184.0,17.23,17.24,16.54,16.54,13443271.0
2015-01-19,304440288.0,16.46,17.43,16.17,16.79,17960440.0
2015-01-16,104534648.0,16.69,16.79,16.42,16.61,6252781.0
2015-01-15,154547872.0,16.70,16.81,16.24,16.40,9282487.0
2015-01-14,157194512.0,16.41,16.44,15.82,15.91,9644263.0
2015-01-13,124891856.0,15.97,16.07,15.63,15.79,7852666.0
2015-01-12,107304440.0,15.80,16.42,15.62,16.26,6698364.0
2015-01-09,177147584.0,16.43,16.88,16.41,16.45,10553364.0
2015-01-08,114450952.0,16.41,16.66,16.25,16.38,6916592.0
2015-01-07,122015840.0,16.33,16.81,16.19,16.46,7369077.0
2015-01-06,148141136.0,16.40,16.50,15.90,15.94,9066928.0
2015-01-05,109013056.0,16.11,16.18,15.57,15.72,6804849.0
2014-12-31,77382224.0,15.77,15.89,15.33,15.53,4947545.0
2014-12-30,177222736.0,15.51,16.23,15.32,16.11,11221444.0
2014-12-29,114769136.0,16.12,16.44,16.06,16.41,7047512.0
2014-12-26,149050400.0,16.35,16.54,16.29,16.43,9064113.0
2014-12-25,130626432.0,16.41,16.50,16.12,16.30,7955718.0
2014-12-24,108839488.0,16.24,16.36,15.98,16.09,6692397.0
2014-12-23,111916768.0,16.06,16.63,15.97,16.46,6821498.0
2014-12-22,188178640.0,16.70,16.98,15.94,16.61,11347443.0
2014-12-19,197970992.0,16.61,17.31,16.10,17.11,11855442.0
2014-12-18,95956696.0,17.18,17.41,17.01,17.07,5554526.0
2014-12-17,174337136.0,17.15,17.48,16.91,17.47,10100058.0
2014-12-16,385422112.0,17.62,18.10,17.22,17.60,21676716.0
2014-12-15,179041808.0,17.71,17.77,17.29,17.56,10175337.0
2014-12-12,228282784.0,17.66,17.68,17.13,17.46,13068948.0
2014-12-11,314938656.0,17.45,17.47,16.54,16.61,18289024.0
2014-12-10,178046128.0,16.64,16.66,15.76,15.90,10916061.0
2014-12-09,193981504.0,15.90,16.49,15.81,16.08,11973924.0
2014-12-08,140535360.0,16.16,16.16,15.72,15.80,8716110.0
2014-12-05,217219488.0,15.92,16.55,15.57,16.51,13504650.0
2014-12-04,217072192.0,16.50,16.74,16.28,16.51,13127989.0
2014-12-03,197181248.0,16.34,16.43,15.96,16.29,12120628.0
2014-12-02,194213616.0,16.13,16.14,15.64,15.66,12073397.0
2014-12-01,153414528.0,15.73,15.99,15.53,15.88,9708957.0
2014-11-28,225987280.0,15.84,15.95,15.62,15.63,14258594.0
2014-11-27,130664480.0,15.61,15.80,15.42,15.77,8330287.0
2014-11-26,137366512.0,15.66,15.98,15.53,15.71,8674461.0
2014-11-25,109182760.0,15.66,15.68,15.46,15.60,6972203.0
2014-11-24,115330064.0,15.56,15.74,15.46,15.69,7371558.0
2014-11-21,58130856.0,15.55,15.56,15.40,15.44,3733156.0
2014-11-20,51699904.0,15.41,15.50,15.30,15.42,3341911.0
2014-11-19,123287488.0,15.53,15.83,15.40,15.61,7846843.0
2014-11-18,117617064.0,15.55,15.56,15.07,15.09,7595067.0
2014-11-17,45239392.0,15.06,15.21,14.77,14.97,2989463.0
2014-11-14,32181886.0,14.88,14.96,14.75,14.93,2156688.0
2014-11-13,79436640.0,14.98,15.29,14.90,14.91,5236928.0
2014-11-12,42521736.0,14.90,14.91,14.71,14.79,2851393.0
2014-11-11,100056296.0,14.82,15.31,14.58,15.27,6681214.0
2014-11-10,79096992.0,15.25,15.45,15.14,15.17,5168186.0
2014-11-07,118205112.0,15.15,15.56,15.11,15.38,7640181.0
2014-11-06,61300664.0,15.37,15.41,15.22,15.37,3982008.0
2014-11-05,81389960.0,15.41,15.61,15.14,15.30,5254730.0
2014-11-04,101370080.0,15.26,15.61,15.17,15.61,6563866.0
2014-11-03,137928032.0,15.64,15.76,15.21,15.31,8848743.0
2014-10-31,120618520.0,15.29,15.38,15.10,15.30,7866122.0
2014-10-30,152244752.0,15.24,15.47,15.05,15.08,9899163.0
2014-10-29,98255584.0,15.07,15.13,14.82,14.93,6526022.0
2014-10-28,81648040.0,14.86,14.88,14.63,14.63,5486994.0
2014-10-27,44280220.0,14.50,14.67,14.38,14.66,3019389.0
2014-10-24,60834600.0,14.67,14.93,14.59,14.59,4088387.0
2014-10-23,72407024.0,14.59,15.01,14.49,14.95,4866394.0
2014-10-22,105716368.0,14.95,15.33,14.93,15.27,6940113.0
2014-10-21,178236544.0,15.27,15.64,15.19,15.36,11472067.0
2014-10-20,353964832.0,15.79,16.64,15.70,16.34,21800604.0
2014-10-17,305575360.0,16.01,16.25,15.29,15.41,19064880.0
2014-10-16,197143472.0,15.51,15.59,15.15,15.45,12774546.0
2014-10-15,86863088.0,15.55,15.75,15.34,15.53,5538179.0
2014-10-14,84287856.0,15.55,15.80,15.40,15.68,5341601.0
2014-10-13,129712848.0,15.75,15.75,15.14,15.25,8251649.0
2014-10-10,66139636.0,15.29,15.43,15.24,15.33,4280383.0
2014-10-09,88897072.0,15.44,15.59,15.21,15.46,5705740.0
2014-10-08,68080088.0,15.46,15.48,15.13,15.34,4405693.0
2014-09-30,78103952.0,15.28,15.30,15.10,15.21,5087383.0
2014-09-29,68908184.0,15.18,15.19,15.02,15.04,4522035.0
2014-09-26,60950736.0,15.00,15.10,14.92,15.07,4028598.0
2014-09-25,107277328.0,15.15,15.21,14.94,14.98,7044754.0
2014-09-24,64975820.0,14.94,15.03,14.67,14.68,4318716.0
2014-09-23,112396256.0,14.82,15.06,14.66,14.98,7531358.0
2014-09-22,51080972.0,15.01,15.15,14.91,15.14,3373726.0
2014-09-19,44432912.0,15.16,15.20,14.98,15.14,2916766.0
2014-09-18,57174812.0,15.19,15.26,14.92,15.00,3742999.0
2014-09-17,72268888.0,15.06,15.20,14.77,15.09,4795460.0
2014-09-16,88588024.0,15.11,15.61,15.01,15.52,5726566.0
2014-09-15,114273256.0,15.66,15.91,15.31,15.55,7262004.0
2014-09-12,136599264.0,15.59,15.62,15.18,15.25,8795439.0
2014-09-11,138782656.0,15.09,15.40,14.94,15.14,9042507.0
2014-09-10,48785116.0,14.90,14.99,14.73,14.99,3254410.0
2014-09-09,64785144.0,14.98,15.05,14.84,15.04,4291346.0
2014-09-05,50787744.0,15.01,15.11,14.87,15.11,3363995.0
2014-09-04,52770112.0,15.08,15.12,14.92,15.01,3481638.0
2014-09-03,80481368.0,15.01,15.09,14.86,15.03,5322639.0
2014-09-02,96335912.0,15.18,15.24,14.89,14.97,6329890.0
2014-09-01,39889576.0,14.79,14.84,14.46,14.51,2689564.0
2014-08-29,25983244.0,14.53,14.63,14.34,14.46,1779166.0
2014-08-28,26529774.0,14.46,14.78,14.44,14.78,1800738.0
2014-08-27,43745272.0,14.77,14.79,14.46,14.66,2960166.0
2014-08-26,45767312.0,14.53,15.14,14.53,14.98,3078602.0
2014-08-25,87814048.0,14.99,15.32,14.88,14.91,5743562.0
2014-08-22,30187118.0,14.88,14.94,14.76,14.93,2015564.0
2014-08-21,61717296.0,14.91,14.96,14.56,14.76,4129718.0
2014-08-20,41271888.0,14.81,14.99,14.74,14.81,2746842.0
2014-08-19,36823344.0,14.78,14.90,14.65,14.87,2470782.0
2014-08-18,44191656.0,14.85,14.85,14.64,14.70,2971999.0
2014-08-15,45293200.0,14.70,14.92,14.57,14.57,3038209.0
2014-08-14,60408052.0,14.59,15.03,14.53,14.76,4052205.0
2014-08-13,52743012.0,14.75,15.08,14.60,15.08,3543128.0
2014-08-12,130286960.0,14.97,15.09,14.56,14.70,8726477.0
2014-08-11,181883648.0,14.97,15.02,13.96,14.03,12334853.0
2014-08-08,48502804.0,13.99,14.18,13.85,14.05,3440441.0
2014-08-07,37094724.0,14.07,14.28,14.04,14.24,2594641.0
2014-08-06,33006576.0,14.24,14.36,14.07,14.36,2297646.0
2014-08-05,39644088.0,14.35,14.43,14.23,14.31,2743754.0
2014-08-04,45270928.0,14.23,14.26,13.97,13.98,3165840.0
2014-08-01,64884020.0,13.97,14.35,13.94,14.35,4539808.0
2014-07-31,51597984.0,14.36,14.45,14.16,14.21,3570235.0
2014-07-30,37482208.0,14.21,14.30,14.06,14.15,2613696.0
2014-07-29,73394520.0,14.17,14.39,14.09,14.27,5111230.0
2014-07-28,58274804.0,14.28,14.34,14.11,14.23,4065502.0
2014-07-25,44156560.0,14.17,14.41,14.07,14.15,3073911.0
2014-07-24,48443600.0,14.15,14.30,13.99,14.22,3397749.0
2014-07-23,94883144.0,14.21,14.59,13.96,14.36,6599004.0
2014-07-22,146227248.0,14.57,14.73,14.13,14.34,10014030.0
2014-07-21,67789960.0,14.13,14.32,13.87,13.89,4750081.0
2014-07-18,80995872.0,13.97,14.15,13.71,13.71,5733887.0
2014-07-17,26093730.0,13.70,13.83,13.56,13.76,1890032.0
2014-07-16,60908820.0,13.84,13.98,13.47,13.50,4366199.0
2014-07-15,53612448.0,13.52,13.81,13.47,13.47,3897016.0
2014-07-14,36413080.0,13.50,13.52,13.23,13.31,2696985.0
2014-07-11,25717398.0,13.31,13.31,13.07,13.15,1925275.0
2014-07-10,20528940.0,13.18,13.24,13.08,13.08,1545930.0
2014-07-09,35136472.0,13.15,13.38,13.11,13.38,2629589.0
2014-07-08,27137108.0,13.38,13.50,13.22,13.50,2013882.0
2014-07-07,48511848.0,13.48,13.62,13.24,13.37,3566909.0
2014-07-04,34583684.0,13.29,13.37,13.18,13.36,2580462.0
2014-07-03,39274032.0,13.25,13.40,13.10,13.18,2924066.0
2014-07-02,29685432.0,13.18,13.26,13.10,13.13,2231640.0
2014-07-01,50011792.0,13.18,13.23,12.88,12.96,3784941.0
2014-06-30,21010108.0,12.89,13.08,12.80,13.08,1616119.0
2014-06-27,24176856.0,12.88,13.02,12.79,12.86,1855740.0
2014-06-26,20560024.0,12.88,12.88,12.55,12.59,1594994.0
2014-06-25,10291421.0,12.59,12.63,12.47,12.61,811807.0
2014-06-24,11025819.0,12.57,12.65,12.48,12.48,870146.0
2014-06-23,11024712.0,12.53,12.66,12.49,12.49,866455.0
2014-06-20,10087717.0,12.49,12.54,12.37,12.38,802652.0
2014-06-19,13728586.0,12.37,12.70,12.24,12.61,1090981.0
2014-06-18,20749240.0,12.61,12.81,12.52,12.72,1627860.0
2014-06-17,23656128.0,12.75,12.97,12.72,12.89,1827458.0
2014-06-16,16242219.0,12.97,13.04,12.86,13.04,1243500.0
2014-06-13,31640456.0,12.99,13.05,12.78,12.83,2422600.0
2014-06-12,30098032.0,12.87,12.94,12.45,12.58,2334562.0
2014-06-11,11495215.0,12.58,12.64,12.46,12.63,907320.0
2014-06-10,14775081.0,12.59,12.60,12.35,12.46,1173301.0
2014-06-09,17998724.0,12.42,12.77,12.42,12.66,1416040.0
2014-06-06,8877035.0,12.76,12.78,12.61,12.76,692206.0
2014-06-05,12161992.0,12.76,12.78,12.50,12.53,950702.0
2014-06-04,15285569.0,12.53,12.77,12.49,12.72,1197910.0
2014-06-03,17601920.0,12.80,12.87,12.65,12.76,1365492.0
2014-05-30,20752740.0,12.79,12.91,12.75,12.75,1604349.0
2014-05-29,20920532.0,12.77,12.92,12.68,12.86,1621291.0
2014-05-28,19726992.0,12.87,12.91,12.73,12.75,1522574.0
2014-05-27,13416756.0,12.84,12.89,12.68,12.89,1038611.0
2014-05-26,20763248.0,12.87,12.88,12.54,12.59,1608909.0
2014-05-23,9821690.0,12.63,12.76,12.55,12.76,770999.0
2014-05-22,19875954.0,12.61,12.71,12.53,12.54,1540910.0
2014-05-21,17188076.0,12.59,12.62,12.34,12.34,1342511.0
2014-05-20,7836339.0,12.37,12.55,12.33,12.42,616396.0
2014-05-19,12389852.0,12.35,12.41,12.13,12.19,985843.0
2014-05-16,9623315.0,12.20,12.28,12.11,12.13,773191.0
2014-05-15,14574528.0,12.14,12.50,12.13,12.34,1155044.0
2014-05-14,12161739.0,12.34,12.51,12.29,12.50,960162.0
2014-05-13,16006591.0,12.48,12.56,12.43,12.43,1252963.0
2014-05-12,20309204.0,12.52,12.55,12.23,12.32,1597325.0
2014-05-09,13075788.0,12.22,12.32,12.16,12.29,1044889.0
2014-05-08,12513500.0,12.23,12.37,12.15,12.25,996169.0
2014-05-07,16707854.0,12.25,12.33,12.13,12.13,1334046.0
2014-05-06,18935924.0,12.28,12.35,12.11,12.18,1509700.0
2014-05-05,15949977.0,12.18,12.20,11.97,12.01,1290250.0
2014-04-30,17323590.0,12.03,12.17,11.74,12.04,1412973.0
2014-04-29,19549356.0,12.03,12.04,11.74,11.83,1606305.0
2014-04-28,31852542.0,11.74,12.13,11.74,12.13,2629855.0
2014-04-25,25856452.0,12.18,12.51,12.18,12.45,2044950.0
2014-04-24,19015054.0,12.47,12.66,12.46,12.56,1486605.0
2014-04-23,12776128.0,12.64,12.74,12.60,12.62,987210.0
2014-04-22,20079444.0,12.65,12.81,12.47,12.68,1559921.0
2014-04-21,29857744.0,12.68,13.09,12.67,13.06,2266893.0
2014-04-18,18029804.0,13.07,13.10,12.89,13.02,1352662.0
2014-04-17,15262501.0,13.03,13.09,12.97,13.09,1144409.0
2014-04-16,23863484.0,13.06,13.10,12.82,12.87,1794414.0
2014-04-15,44956436.0,12.93,13.26,12.87,13.26,3378731.0
2014-04-14,31423440.0,13.26,13.28,13.03,13.03,2325447.0
2014-04-11,25377504.0,13.06,13.12,12.98,13.10,1901850.0
2014-04-10,41950260.0,13.14,13.28,13.06,13.14,3119676.0
2014-04-09,41521988.0,13.19,13.21,12.94,13.00,3110338.0
2014-04-08,24950560.0,12.97,13.03,12.75,12.75,1887157.0
2014-04-04,17371648.0,12.81,12.87,12.69,12.71,1326223.0
2014-04-03,19964888.0,12.71,12.87,12.62,12.76,1528626.0
2014-04-02,11713622.0,12.76,12.86,12.70,12.81,897510.0
2014-04-01,14271962.0,12.77,12.80,12.57,12.69,1096781.0
2014-03-31,30816668.0,12.64,13.09,12.54,13.09,2369923.0
2014-03-28,30580550.0,12.95,13.13,12.84,13.07,2311804.0
2014-03-27,49229152.0,13.08,13.32,12.99,13.05,3659659.0
2014-03-26,45468264.0,13.07,13.09,12.83,12.87,3420642.0
2014-03-25,38318960.0,12.90,12.91,12.65,12.81,2929558.0
2014-03-24,31988576.0,12.97,13.00,12.72,12.72,2426431.0
2014-03-21,42982696.0,12.82,12.89,12.30,12.50,3345105.0
2014-03-20,37218736.0,12.58,12.98,12.42,12.83,2835129.0
2014-03-19,32512278.0,12.88,12.97,12.78,12.97,2476089.0
2014-03-18,46491952.0,12.97,13.03,12.85,12.85,3514377.0
2014-03-17,53336952.0,12.88,12.91,12.64,12.72,4073113.0
2014-03-14,26746732.0,12.69,12.93,12.66,12.85,2045975.0
2014-03-13,27088008.0,12.93,13.07,12.80,12.95,2046657.0
2014-03-12,22909312.0,12.93,12.97,12.63,12.87,1748246.0
2014-03-11,23392320.0,12.87,12.95,12.71,12.81,1784520.0
2014-03-10,43043008.0,12.86,13.35,12.81,13.34,3233436.0
2014-03-07,32701820.0,13.45,13.74,13.40,13.67,2359749.0
2014-03-06,36888228.0,13.67,13.71,13.34,13.65,2665258.0
2014-03-05,33732544.0,13.74,13.93,13.64,13.82,2385653.0
2014-03-04,38659624.0,13.79,13.88,13.60,13.80,2754776.0
2014-03-03,69531392.0,13.93,14.07,13.75,13.94,4889909.0
2014-02-28,36738512.0,13.94,13.97,13.50,13.65,2610841.0
2014-02-27,39360176.0,13.62,13.98,13.59,13.83,2788632.0
2014-02-26,47906696.0,13.89,13.94,13.46,13.69,3406624.0
2014-02-25,89792720.0,13.74,14.39,13.71,14.24,6211066.0
2014-02-24,47758632.0,14.21,14.23,13.85,14.01,3337459.0
2014-02-21,75094376.0,14.08,14.47,13.93,14.34,5185019.0
2014-02-20,64297008.0,14.34,14.82,14.33,14.72,4332683.0
2014-02-19,77461920.0,14.68,14.82,14.53,14.68,5177752.0
2014-02-18,80719120.0,14.69,14.84,14.56,14.77,5371325.0
2014-02-17,124270048.0,14.84,14.84,14.39,14.47,8284677.0
2014-02-14,61818280.0,14.35,14.36,13.98,14.11,4266608.0
2014-02-13,79037288.0,14.12,14.50,14.11,14.33,5405732.0
2014-02-12,81714376.0,14.37,14.38,14.02,14.13,5626202.0
2014-02-11,93391216.0,14.12,14.36,13.96,14.03,6464106.0
2014-02-10,104926944.0,14.02,14.21,13.81,13.81,7299454.0
2014-02-07,41738848.0,13.76,13.79,13.32,13.32,2992449.0
2014-01-30,45443892.0,13.52,13.69,13.48,13.62,3276034.0
2014-01-29,59261152.0,13.62,13.73,13.49,13.67,4255445.0
2014-01-28,64386140.0,13.60,13.71,13.48,13.48,4627750.0
2014-01-27,136840784.0,13.47,14.43,13.45,14.33,9622877.0
2014-01-24,98924696.0,14.33,14.55,14.21,14.26,6728804.0
2014-01-23,72444360.0,14.26,14.41,14.06,14.33,4989707.0
2014-01-22,71585400.0,14.41,14.42,14.04,14.18,4923345.0
2014-01-21,45146336.0,14.12,14.23,13.91,13.99,3138676.0
2014-01-20,40499824.0,14.04,14.13,13.67,13.69,2850222.0
2014-01-17,51023308.0,13.78,14.00,13.62,13.92,3635283.0
2014-01-16,28819580.0,14.05,14.36,14.01,14.16,1981948.0
2014-01-15,34306720.0,14.16,14.19,13.82,13.98,2400521.0
2014-01-14,31067152.0,14.06,14.12,13.60,13.61,2181907.0
2014-01-13,53735824.0,13.65,14.11,13.59,14.01,3815793.0
2014-01-10,53767968.0,14.02,14.50,13.91,14.39,3722621.0
2014-01-09,56815672.0,14.53,14.85,14.27,14.37,3791416.0
2014-01-08,46783868.0,14.43,14.81,14.38,14.57,3150141.0
2014-01-07,72863744.0,14.57,14.69,14.14,14.31,4925052.0
2014-01-06,88162808.0,14.28,14.96,14.24,14.96,5945088.0
2014-01-03,106196264.0,15.04,15.55,14.89,15.46,6870193.0
2014-01-02,97083880.0,15.60,15.64,15.08,15.42,6199618.0
2013-12-31,114161360.0,15.38,15.82,15.24,15.46,7187370.0
2013-12-30,130858616.0,15.56,15.69,15.27,15.55,8260213.0
2013-12-27,262733392.0,15.57,15.73,14.52,14.58,16747105.0
2013-12-26,162607328.0,14.70,15.01,14.29,14.30,10802894.0
2013-12-25,91533576.0,14.40,14.55,13.98,14.39,6286533.0
2013-12-24,119507280.0,14.42,14.51,14.17,14.45,8141409.0
2013-12-23,201433184.0,14.67,14.82,14.08,14.26,13575782.0
2013-12-20,132375376.0,13.97,14.29,13.80,13.92,9172506.0
2013-12-19,87843736.0,13.86,14.03,13.50,13.68,6193412.0
2013-12-18,36729988.0,13.63,13.77,13.37,13.50,2643018.0
2013-12-17,51484724.0,13.47,13.89,13.45,13.84,3707163.0
2013-12-16,79907296.0,13.90,14.21,13.77,13.87,5602178.0
2013-12-13,52449736.0,13.87,14.06,13.57,13.78,3695039.0
2013-12-12,44077964.0,13.81,13.98,13.61,13.63,3112615.0
2013-12-11,48691332.0,13.60,13.77,13.51,13.73,3497164.0
2013-12-10,67969416.0,13.74,14.18,13.72,13.89,4747153.0
2013-12-09,67929272.0,13.90,14.06,13.84,13.94,4762560.0
2013-12-06,57829940.0,13.78,13.93,13.68,13.78,4106472.0
2013-12-05,80838168.0,13.79,13.93,13.64,13.73,5725198.0
2013-12-04,127239672.0,13.69,13.88,13.24,13.31,9072643.0
2013-12-03,59476680.0,13.30,13.34,12.73,12.77,4438544.0
2013-12-02,67219792.0,12.76,13.22,12.55,13.15,5091477.0
2013-11-29,54906012.0,13.36,13.56,13.30,13.31,4000216.0
2013-11-28,58614888.0,13.29,13.51,13.22,13.37,4290459.0
2013-11-27,67824704.0,13.30,13.38,12.93,13.00,5003590.0
2013-11-26,23759144.0,13.03,13.08,12.89,12.94,1789902.0
2013-11-25,45011672.0,13.03,13.23,12.99,13.15,3353265.0
2013-11-22,51835712.0,13.12,13.15,12.78,12.84,3896907.0
2013-11-21,31120304.0,12.83,12.99,12.74,12.99,2372438.0
2013-11-20,26455072.0,13.00,13.06,12.90,13.01,1990657.0
2013-11-19,32316512.0,12.95,13.10,12.86,12.92,2433331.0
2013-11-18,44779404.0,12.94,12.99,12.73,12.73,3402646.0
2013-11-15,41663044.0,12.71,12.87,12.51,12.52,3200354.0
2013-11-14,25022504.0,12.51,12.54,12.15,12.27,1977624.0
2013-11-13,24710620.0,12.29,12.51,12.27,12.51,1957701.0
2013-11-12,27175158.0,12.60,12.62,12.20,12.37,2138948.0
2013-11-11,23986952.0,12.35,12.45,12.13,12.41,1913048.0
2013-11-08,49546912.0,12.34,12.65,12.25,12.52,3907004.0
2013-11-07,45388316.0,12.64,12.89,12.63,12.81,3482384.0
2013-11-06,40196264.0,12.86,13.32,12.84,13.13,3000272.0
2013-11-05,33710320.0,13.03,13.10,12.89,13.02,2538260.0
2013-11-04,51779416.0,13.14,13.34,12.91,13.01,3837758.0
2013-11-01,34580820.0,12.99,13.03,12.62,12.62,2623349.0
2013-10-31,28088032.0,12.69,12.84,12.52,12.66,2159716.0
2013-10-30,31717816.0,12.68,12.73,12.39,12.58,2468951.0
2013-10-29,52580180.0,12.58,13.01,12.27,12.95,4077899.0
2013-10-28,30601432.0,12.93,13.20,12.89,13.18,2299030.0
2013-10-25,38682928.0,12.99,13.27,12.89,13.16,2904460.0
2013-10-24,34512376.0,13.17,13.30,13.03,13.16,2566606.0
2013-10-23,77829096.0,13.14,13.66,13.00,13.57,5726527.0
2013-10-22,117565528.0,13.59,13.96,13.47,13.94,8427827.0
2013-10-21,102930760.0,13.92,14.06,13.50,13.96,7275986.0
2013-10-18,70391312.0,14.06,14.39,13.98,14.04,4863476.0
2013-10-17,110995888.0,14.10,14.52,13.79,13.89,7655706.0
2013-10-16,107762048.0,13.87,14.27,13.75,14.06,7512452.0
2013-10-15,73247488.0,13.98,14.25,13.89,14.07,5102693.0
2013-10-14,114007856.0,14.05,14.30,13.77,13.93,7927732.0
2013-10-11,86795192.0,13.90,13.93,13.50,13.58,6197588.0
2013-10-10,75593352.0,13.52,13.72,13.42,13.69,5472256.0
2013-10-09,91942376.0,13.65,13.95,13.53,13.69,6566024.0
2013-10-08,84482424.0,13.68,13.82,13.49,13.76,6063480.0
2013-09-30,142804912.0,13.75,13.78,13.13,13.31,10273663.0
2013-09-27,99963440.0,13.32,13.35,12.87,12.92,7417174.0
2013-09-26,60833092.0,12.96,13.15,12.88,12.91,4565411.0
2013-09-25,85448928.0,12.96,13.08,12.66,12.73,6436084.0
2013-09-24,39418476.0,12.72,12.85,12.62,12.84,3033335.0
2013-09-23,53252988.0,12.85,12.87,12.62,12.65,4088764.0
2013-09-18,34777652.0,12.65,12.71,12.53,12.62,2689297.0
2013-09-17,81266632.0,12.61,13.04,12.57,13.03,6231728.0
2013-09-16,90314352.0,13.04,13.42,12.99,13.33,6743132.0
2013-09-13,158402640.0,13.30,13.39,12.91,12.92,11699969.0
2013-09-12,53104956.0,12.88,13.00,12.79,12.88,4025304.0
2013-09-11,77082608.0,12.89,13.09,12.67,13.09,5857313.0
2013-09-10,59885300.0,12.96,13.10,12.87,13.10,4520254.0
2013-09-09,72236632.0,13.04,13.08,12.71,12.71,5469449.0
2013-09-06,50879264.0,12.75,12.87,12.71,12.84,3894946.0
2013-09-05,62185196.0,12.84,12.89,12.59,12.69,4744280.0
2013-09-04,63995876.0,12.70,12.91,12.62,12.91,4916642.0
2013-09-03,88296368.0,12.91,13.05,12.65,12.66,6695050.0
2013-09-02,50537792.0,12.69,12.77,12.42,12.55,3914910.0
2013-08-30,54495148.0,12.54,12.81,12.45,12.68,4223617.0
2013-08-29,43680868.0,12.72,12.99,12.62,12.83,3349749.0
2013-08-28,58845860.0,12.84,13.08,12.81,13.08,4446435.0
2013-08-27,70371008.0,13.22,13.29,12.97,13.11,5232262.0
2013-08-26,54939000.0,13.11,13.15,12.59,12.85,4120233.0
2013-08-23,58912204.0,12.85,13.16,12.54,13.10,4479764.0
2013-08-22,67150992.0,13.06,13.28,12.98,13.16,5009182.0
2013-08-21,72913472.0,13.14,13.16,12.60,12.62,5525019.0
2013-08-20,39449692.0,12.60,12.91,12.55,12.73,3034895.0
2013-08-19,34924332.0,12.77,12.82,12.47,12.54,2694344.0
2013-08-16,70432016.0,12.50,13.14,12.49,12.83,5395948.0
2013-08-15,52470944.0,12.99,13.22,12.93,13.00,3922958.0
2013-08-14,55028448.0,13.07,13.18,12.88,13.11,4131058.0
2013-08-13,73538952.0,13.17,13.40,12.94,13.29,5488621.0
2013-08-12,74795288.0,13.29,13.39,13.05,13.33,5535800.0
2013-08-09,109967352.0,13.32,13.37,12.96,13.14,8156045.0
2013-08-08,119077216.0,13.06,13.40,12.71,12.71,8860319.0
2013-08-07,111464808.0,12.75,12.93,12.50,12.52,8549801.0
2013-08-06,66765604.0,12.62,12.66,12.40,12.58,5212656.0
2013-08-05,68902616.0,12.54,12.58,12.12,12.18,5421536.0
2013-08-02,41862344.0,12.18,12.19,11.98,12.01,3385098.0
2013-08-01,34501516.0,11.99,12.06,11.63,11.63,2843679.0
2013-07-31,26175778.0,11.63,11.92,11.57,11.63,2176314.0
2013-07-30,25687610.0,11.61,11.79,11.42,11.66,2165639.0
2013-07-29,27720892.0,11.66,12.11,11.64,11.91,2288030.0
2013-07-26,17450684.0,11.97,12.13,11.84,12.04,1424083.0
2013-07-25,33233964.0,12.03,12.34,12.00,12.23,2679340.0
2013-07-24,55883160.0,12.34,12.46,12.05,12.06,4440652.0
2013-07-23,38848672.0,12.14,12.17,11.84,11.97,3156699.0
2013-07-22,21776916.0,11.90,11.95,11.64,11.64,1795150.0
2013-07-19,26752864.0,11.61,12.05,11.59,12.05,2208317.0
2013-07-18,32159516.0,11.93,12.22,11.93,11.99,2609785.0
2013-07-17,34014680.0,11.89,12.35,11.86,12.22,2742744.0
2013-07-16,34014536.0,12.22,12.24,11.93,12.00,2746182.0
2013-07-15,27618680.0,12.05,12.18,11.83,11.84,2249750.0
2013-07-12,23533404.0,11.84,12.01,11.66,12.01,1943493.0
2013-07-11,40213736.0,11.83,12.03,11.54,11.62,3272372.0
2013-07-10,41927256.0,11.62,11.64,11.05,11.05,3501908.0
2013-07-09,15896459.0,11.11,11.14,10.83,10.84,1386346.0
2013-07-08,21142276.0,10.88,11.22,10.77,11.22,1855197.0
2013-07-05,23855962.0,11.28,11.69,11.26,11.50,2001849.0
2013-07-04,43491456.0,11.45,11.62,11.16,11.29,3638955.0
2013-07-03,32584204.0,11.27,11.40,11.04,11.35,2789551.0
2013-07-02,55020744.0,11.38,11.41,10.85,10.88,4732234.0
2013-07-01,25783752.0,10.88,10.92,10.59,10.67,2297265.0
2013-06-28,31768996.0,10.72,10.90,10.50,10.63,2850435.0
2013-06-27,42289688.0,10.68,11.05,10.66,10.79,3752131.0
2013-06-26,34178136.0,10.76,10.87,10.55,10.56,3059470.0
2013-06-25,48907260.0,10.59,10.88,9.93,10.84,4501264.0
2013-06-24,40379460.0,10.83,11.68,10.54,11.68,3494089.0
2013-06-21,25159780.0,11.68,11.78,11.38,11.63,2085811.0
2013-06-20,25121706.0,11.70,12.17,11.68,12.03,2026997.0
2013-06-19,26758480.0,12.19,12.30,11.94,12.30,2133471.0
2013-06-18,23531776.0,12.34,12.41,12.14,12.32,1844102.0
2013-06-17,53953092.0,12.30,12.46,11.96,11.98,4248122.0
2013-06-14,31584190.0,11.98,12.07,11.87,11.87,2536216.0
2013-06-13,32665032.0,11.87,12.18,11.66,12.18,2645404.0
2013-06-07,44235480.0,12.35,12.77,12.21,12.65,3423031.0
2013-06-06,36367144.0,12.66,12.94,12.64,12.80,2740901.0
2013-06-05,45189736.0,12.90,12.95,12.71,12.89,3395376.0
2013-06-04,75479560.0,12.89,13.12,12.74,13.09,5628752.0
2013-06-03,115600768.0,13.16,13.81,13.14,13.47,8206711.0
2013-05-31,111396472.0,13.45,13.67,13.27,13.35,7936797.0
2013-05-30,85518704.0,13.28,13.41,13.13,13.29,6205879.0
2013-05-29,88428800.0,13.30,13.47,13.20,13.40,6386476.0
2013-05-28,117439040.0,13.36,13.50,13.24,13.36,8453087.0
2013-05-27,169558576.0,13.36,13.50,12.66,12.76,12396646.0
2013-05-24,66522940.0,12.76,12.77,12.59,12.60,5039961.0
2013-05-23,66481552.0,12.59,12.84,12.56,12.72,5052627.0
2013-05-22,102015296.0,12.73,13.09,12.65,13.08,7638584.0
2013-05-21,104118752.0,13.08,13.18,12.85,13.06,7690982.0
2013-05-20,142499536.0,13.04,13.07,12.70,13.00,10629012.0
2013-05-17,121377272.0,13.00,13.10,12.67,12.78,9012970.0
2013-05-16,80056112.0,12.67,12.91,12.55,12.60,6064820.0
2013-05-15,87309208.0,12.66,12.68,12.17,12.29,6725206.0
2013-05-14,60582844.0,12.18,12.44,12.03,12.40,4793409.0
2013-05-13,62844752.0,12.42,12.56,12.34,12.43,4860187.0
2013-05-10,90639264.0,12.51,12.56,12.22,12.27,7045187.0
2013-05-09,137557008.0,12.26,12.36,11.99,12.05,10839652.0
2013-05-08,83670984.0,12.04,12.09,11.94,11.95,6691821.0
2013-05-07,50761240.0,11.92,12.04,11.86,11.93,4089149.0
2013-05-06,78991944.0,12.03,12.04,11.75,11.80,6410000.0
2013-05-03,47788436.0,11.76,11.81,11.58,11.70,3916302.0
2013-05-02,51041724.0,11.53,11.67,11.42,11.66,4260890.0
2013-04-26,83734496.0,11.78,12.27,11.73,12.27,6758271.0
2013-04-25,108598272.0,12.23,12.49,12.07,12.24,8478178.0
2013-04-24,35289336.0,12.01,12.04,11.74,11.77,2847490.0
2013-04-23,65417648.0,11.81,12.37,11.79,12.33,5223067.0
2013-04-22,56345120.0,12.27,12.29,11.88,12.03,4480391.0
2013-04-19,63721488.0,12.08,12.19,11.84,11.88,5089033.0
2013-04-18,45506848.0,11.89,12.00,11.79,11.95,3685921.0
2013-04-17,43369192.0,12.06,12.08,11.86,12.01,3478044.0
2013-04-16,92607344.0,12.01,12.39,11.74,12.39,7461849.0
2013-04-15,92595568.0,12.63,13.03,12.56,12.79,6956601.0
2013-04-12,76045872.0,12.51,12.88,12.47,12.85,5782862.0
2013-04-11,101904056.0,12.98,13.21,12.75,13.16,7599410.0
2013-04-10,127633520.0,13.11,13.59,13.01,13.59,9291990.0
2013-04-09,199395248.0,13.58,14.21,13.52,14.14,13963864.0
2013-04-08,394750304.0,14.35,14.43,13.32,13.32,27189904.0
2013-04-03,255059584.0,13.12,13.75,12.98,13.66,18553800.0
2013-04-02,104746544.0,12.72,13.12,12.38,12.90,7902302.0
2013-04-01,151189184.0,12.86,13.32,12.60,12.99,11246251.0
2013-03-29,16826916.0,12.25,12.40,12.20,12.22,1320009.0
2013-03-28,30945526.0,12.26,12.61,12.20,12.61,2417539.0
2013-03-27,36629868.0,12.64,12.82,12.51,12.61,2779492.0
2013-03-26,56436680.0,12.74,13.28,12.64,13.28,4232134.0
2013-03-25,32645988.0,13.26,13.58,13.19,13.40,2361838.0
2013-03-22,37995708.0,13.46,13.54,13.33,13.43,2721750.0
2013-03-21,49012208.0,13.42,13.60,13.29,13.36,3501944.0
2013-03-20,38698640.0,13.39,13.42,13.12,13.15,2795466.0
2013-03-19,22866448.0,13.12,13.30,12.96,13.04,1674729.0
2013-03-18,37301564.0,13.02,13.42,12.95,13.26,2727626.0
2013-03-15,39740816.0,13.25,13.53,13.16,13.16,2862237.0
2013-03-14,56604040.0,13.20,13.69,13.15,13.42,4081354.0
2013-03-13,88411240.0,13.47,14.05,13.37,14.05,6266592.0
2013-03-12,133830784.0,14.09,14.73,13.81,14.72,9065282.0
2013-03-11,189467760.0,14.62,14.63,14.09,14.09,12634680.0
2013-03-08,68726152.0,13.92,14.38,13.81,14.03,4694183.0
2013-03-07,73887184.0,13.88,14.09,13.52,14.09,5137030.0
2013-03-06,91903240.0,14.10,14.12,13.81,13.94,6325499.0
2013-03-05,80547552.0,13.91,13.93,13.30,13.45,5641466.0
2013-03-04,74544128.0,13.48,13.95,13.29,13.95,5282104.0
2013-03-01,88167248.0,13.93,14.02,13.65,13.76,6135937.0
2013-02-28,55709092.0,13.59,13.61,13.20,13.28,3985240.0
2013-02-27,56806548.0,13.22,13.48,12.99,13.32,4139303.0
2013-02-26,67344800.0,13.33,13.82,13.29,13.58,4763978.0
2013-02-25,86623144.0,13.64,13.94,13.43,13.85,6127344.0
2013-02-22,90432624.0,13.86,14.10,13.66,14.09,6265507.0
2013-02-21,226139472.0,14.11,14.62,13.77,13.95,15306226.0
2013-02-20,150359824.0,14.10,14.47,13.37,13.53,10432301.0
2013-02-19,149723840.0,13.63,13.74,13.19,13.32,10619153.0
2013-02-18,119963432.0,13.36,13.61,13.15,13.15,8607949.0
2013-02-08,53801052.0,12.90,12.96,12.55,12.58,4044205.0
2013-02-07,44323376.0,12.59,12.64,12.46,12.58,3401628.0
2013-02-06,56790824.0,12.56,12.76,12.52,12.63,4320571.0
2013-02-05,35325644.0,12.63,12.67,12.34,12.41,2707823.0
2013-02-04,84437896.0,12.53,13.05,12.32,12.97,6438287.0
2013-02-01,99436512.0,13.03,13.20,12.73,12.86,7365050.0
2013-01-31,62135688.0,12.79,12.96,12.71,12.82,4670493.0
2013-01-30,116715016.0,12.92,12.94,12.29,12.42,8937337.0
2013-01-29,89006792.0,12.40,12.46,12.20,12.36,6931358.0
2013-01-28,216455568.0,12.62,12.65,11.78,12.39,17209012.0
2013-01-25,32752180.0,12.81,12.96,12.76,12.76,2455369.0
2013-01-24,71052248.0,12.76,13.40,12.63,13.21,5245323.0
2013-01-23,41761448.0,13.21,13.35,12.98,13.31,3055206.0
2013-01-22,81484936.0,13.43,13.59,13.09,13.58,5888523.0
2013-01-21,70921984.0,13.58,13.78,13.45,13.50,5017027.0
2013-01-18,79904104.0,13.50,13.74,13.26,13.46,5704450.0
2013-01-17,66721036.0,13.35,13.46,13.09,13.28,4825188.0
2013-01-16,113057144.0,13.33,13.55,13.11,13.47,8181865.0
2013-01-15,213115648.0,13.55,14.11,13.47,13.62,14992038.0
2013-01-14,190417184.0,13.57,13.57,12.50,12.50,13823092.0
2013-01-11,89562480.0,12.34,13.05,12.22,12.85,6841552.0
2013-01-10,94821640.0,12.90,13.15,12.78,12.79,7031651.0
2013-01-09,146973040.0,12.79,13.16,12.33,12.47,11074833.0
2013-01-08,120214096.0,12.55,12.66,12.12,12.21,9310593.0
2013-01-07,130346176.0,12.15,12.33,12.04,12.19,10280656.0
2013-01-04,66925752.0,11.87,12.30,11.73,12.30,5404376.0
2012-12-31,52815216.0,12.14,12.26,11.91,12.00,4194906.0
2012-12-28,38154540.0,11.99,12.04,11.85,11.90,3068203.0
2012-12-27,50659348.0,11.93,12.29,11.91,12.15,4024539.0
2012-12-26,62444584.0,12.17,12.35,11.94,12.00,4941492.0
2012-12-25,96693440.0,11.99,12.09,11.49,11.55,7807441.0
2012-12-24,60048604.0,11.62,11.72,11.49,11.72,4985086.0
2012-12-21,57522880.0,11.76,12.01,11.65,11.89,4683810.0
2012-12-20,41958516.0,11.76,11.80,11.57,11.63,3453075.0
2012-12-19,54932456.0,11.72,11.81,11.58,11.78,4527044.0
2012-12-18,91826144.0,11.77,12.00,11.36,11.50,7515816.0
2012-12-17,79849488.0,11.50,11.91,11.42,11.45,6592877.0
2012-12-14,65843952.0,11.41,11.53,10.81,10.81,5605537.0
2012-12-13,33040782.0,10.87,11.19,10.85,11.19,2894141.0
2012-12-12,43102312.0,11.14,11.24,10.92,11.03,3740587.0
2012-12-11,62169864.0,11.01,11.35,10.79,10.87,5379360.0
2012-12-10,83438008.0,10.97,11.13,10.76,10.88,7329896.0
2012-12-07,80095888.0,10.83,10.83,10.32,10.37,7188801.0
2012-12-06,21345248.0,10.37,10.43,10.20,10.27,1989983.0
2012-12-05,45643044.0,10.35,10.49,9.81,9.91,4279458.0
2012-12-04,18059744.0,9.90,9.94,9.61,9.77,1780689.0
2012-12-03,29644330.0,9.78,10.29,9.73,10.26,2857243.0
2012-11-30,20897156.0,10.28,10.38,10.14,10.14,1957961.0
2012-11-29,21116104.0,10.21,10.62,10.20,10.55,1949604.0
2012-11-28,20994084.0,10.47,10.74,10.44,10.59,1904423.0
2012-11-27,48074432.0,10.77,11.31,10.66,11.24,4240315.0
2012-11-26,43158132.0,11.33,11.62,11.26,11.59,3634927.0
2012-11-23,62814680.0,11.57,11.64,11.02,11.07,5287134.0
2012-11-22,14520127.0,11.05,11.13,10.97,11.11,1265566.0
2012-11-21,20230264.0,11.20,11.21,10.87,11.09,1762042.0
2012-11-20,9891509.0,11.12,11.22,11.05,11.08,854782.0
2012-11-19,12433518.0,11.11,11.19,10.88,10.91,1088251.0
2012-11-16,12641500.0,10.98,11.05,10.83,10.94,1114629.0
2012-11-15,13943974.0,11.08,11.32,11.06,11.22,1199055.0
2012-11-14,12241489.0,11.37,11.43,11.25,11.40,1040026.0
2012-11-13,16855910.0,11.35,11.64,11.29,11.64,1421850.0
2012-11-12,14269706.0,11.61,11.66,11.45,11.63,1188155.0
2012-11-09,18841044.0,11.62,11.70,11.51,11.56,1562909.0
2012-11-08,23913898.0,11.63,11.83,11.53,11.82,1970522.0
2012-11-07,16743241.0,11.91,11.98,11.75,11.98,1357963.0
2012-11-06,18436976.0,11.98,12.17,11.74,12.17,1491689.0
2012-11-05,17872078.0,12.10,12.25,12.06,12.12,1415780.0
2012-11-02,18467344.0,12.10,12.19,12.00,12.18,1470842.0
2012-11-01,37856352.0,12.13,12.22,11.81,11.81,3029717.0
2012-10-31,38175052.0,11.82,12.07,11.71,11.75,3093640.0
2012-10-30,18404144.0,11.61,11.71,11.56,11.61,1524018.0
2012-10-29,39817224.0,11.64,11.95,11.45,11.95,3287637.0
2012-10-26,42949336.0,12.01,12.51,11.92,12.51,3408822.0
2012-10-25,44492768.0,12.54,12.71,12.39,12.47,3398266.0
2012-10-24,32092214.0,12.55,12.59,12.42,12.44,2466857.0
2012-10-23,66630452.0,12.55,12.65,12.32,12.39,5122689.0
2012-10-22,24682552.0,12.35,12.41,12.16,12.29,1933411.0
2012-10-19,33780408.0,12.40,12.55,12.29,12.47,2621554.0
2012-10-18,56576044.0,12.47,12.49,12.09,12.17,4406992.0
2012-10-17,43889608.0,12.15,12.43,12.01,12.37,3476340.0
2012-10-16,27254460.0,12.34,12.64,12.29,12.48,2108274.0
2012-10-15,23233920.0,12.46,12.55,12.36,12.52,1795379.0
2012-10-12,34129724.0,12.57,12.62,12.22,12.40,2633428.0
2012-10-11,39421600.0,12.48,12.69,12.47,12.69,3014045.0
2012-10-10,66386952.0,12.76,12.88,12.46,12.51,5044034.0
2012-10-09,75472336.0,12.63,12.65,12.03,12.03,5870698.0
2012-10-08,39502124.0,11.99,12.29,11.97,12.14,3143674.0
2012-09-28,36953372.0,12.16,12.22,11.84,11.91,2950350.0
2012-09-27,57980840.0,12.00,12.08,11.66,11.87,4687038.0
2012-09-26,23819200.0,11.87,12.34,11.81,12.31,1908603.0
2012-09-25,18342624.0,12.32,12.39,12.20,12.29,1434270.0
2012-09-24,45901856.0,12.29,12.47,12.10,12.47,3599065.0
2012-09-21,54017392.0,12.56,12.98,12.44,12.88,4107872.0
2012-09-20,35335416.0,12.97,13.60,12.86,13.47,2573323.0
2012-09-19,45910156.0,13.60,13.90,13.47,13.70,3228212.0
2012-09-18,18037170.0,13.34,13.68,13.32,13.54,1287004.0
2012-09-17,24444202.0,13.62,14.06,13.61,13.98,1706860.0
2012-09-14,26389194.0,13.95,14.04,13.72,13.99,1832506.0
2012-09-13,26406344.0,13.86,14.11,13.85,14.03,1817497.0
2012-09-12,29228404.0,14.10,14.19,13.94,14.07,1998731.0
2012-09-11,34901696.0,14.09,14.19,13.95,14.19,2390782.0
2012-09-10,39211088.0,14.23,14.24,14.01,14.08,2672767.0
2012-09-07,53923132.0,14.05,14.20,13.66,13.71,3706399.0
2012-09-06,14632860.0,13.62,13.66,13.49,13.66,1037036.0
2012-09-05,15998547.0,13.56,13.69,13.42,13.66,1137394.0
2012-09-04,25158002.0,13.65,14.12,13.61,14.10,1746455.0
2012-09-03,19492432.0,14.09,14.10,13.81,13.89,1339671.0
2012-08-31,9320758.0,13.89,13.95,13.79,13.81,646873.0
2012-08-30,18828676.0,13.83,14.03,13.78,13.96,1304327.0
2012-08-29,60884840.0,14.05,14.22,13.80,14.19,4195768.0
2012-08-28,35874448.0,14.22,14.47,14.17,14.36,2417747.0
2012-08-27,17285812.0,14.36,14.66,14.35,14.65,1151014.0
2012-08-24,27324104.0,14.64,14.70,14.61,14.67,1793958.0
2012-08-23,35270996.0,14.66,14.75,14.57,14.57,2318947.0
2012-08-22,57770144.0,14.65,14.94,14.57,14.92,3791104.0
2012-08-21,41105656.0,14.94,15.08,14.79,14.93,2647765.0
2012-08-20,13128680.0,15.07,15.09,14.76,15.09,848553.0
2012-08-17,14621903.0,15.13,15.29,14.96,15.29,931702.0
2012-08-16,10357973.0,15.29,15.42,15.20,15.36,651810.0
2012-08-15,10174356.0,15.33,15.58,15.31,15.49,635478.0
2012-08-14,25574694.0,15.54,15.64,15.30,15.30,1590606.0
2012-08-13,20638572.0,15.34,15.67,15.31,15.53,1279343.0
2012-08-10,18249124.0,15.48,15.75,15.42,15.75,1129496.0
2012-08-09,48212152.0,15.68,15.78,15.27,15.53,2964706.0
2012-08-08,22719584.0,15.38,15.57,15.22,15.55,1419422.0
2012-08-07,14161894.0,15.56,15.67,15.45,15.58,876714.0
2012-08-06,17212032.0,15.57,15.58,15.19,15.37,1073540.0
2012-08-03,11834541.0,15.36,15.37,15.12,15.12,745871.0
2012-08-02,5582672.0,15.12,15.20,14.97,15.08,355110.0
2012-08-01,8690799.0,15.10,15.25,15.05,15.06,552389.0
2012-07-31,7360477.0,14.98,15.20,14.82,15.01,471768.0
2012-07-30,10491498.0,15.05,15.35,14.96,15.20,667670.0
2012-07-27,14597354.0,15.20,15.63,15.10,15.62,920416.0
2012-07-26,19815196.0,15.49,15.76,15.32,15.58,1226756.0
2012-07-25,21339506.0,15.49,15.76,15.40,15.44,1320825.0
2012-07-24,50627976.0,15.65,16.24,15.20,15.39,3069064.0
2012-07-23,16210922.0,15.42,15.50,15.08,15.22,1014719.0
2012-07-20,26946196.0,15.35,15.72,15.32,15.68,1673478.0
2012-07-19,27933096.0,15.58,15.69,15.13,15.39,1727140.0
2012-07-18,16044815.0,15.39,15.40,15.05,15.11,1013531.0
2012-07-17,21709144.0,15.22,15.25,14.82,14.91,1388094.0
2012-07-16,19392796.0,15.01,15.49,14.99,15.47,1231570.0
2012-07-13,38436248.0,15.46,15.56,15.22,15.30,2388902.0
2012-07-12,68909728.0,15.32,15.39,14.77,14.92,4355798.0
2012-07-11,64182168.0,15.10,15.37,14.67,15.20,4113014.0
2012-07-10,61731892.0,15.20,16.19,15.10,16.11,3848351.0
2012-07-09,35882788.0,16.09,16.45,16.08,16.24,2114231.0
2012-07-06,32713908.0,16.34,16.43,15.98,16.43,1943660.0
2012-07-05,38824440.0,16.21,16.53,16.20,16.53,2226148.0
2012-07-04,82236064.0,16.54,16.67,16.34,16.55,4680398.0
2012-07-03,81882424.0,16.44,16.62,16.15,16.17,4683993.0
2012-07-02,52172932.0,16.12,16.26,15.90,16.09,3051476.0
2012-06-29,21308496.0,16.03,16.04,15.70,15.84,1260551.0
2012-06-28,23464590.0,15.87,16.03,15.76,15.76,1386415.0
2012-06-27,23773248.0,15.71,15.94,15.65,15.68,1410749.0
2012-06-26,35035104.0,15.63,15.95,15.61,15.82,2078800.0
2012-06-25,16269610.0,16.11,16.21,16.03,16.07,948565.0
2012-06-21,23774228.0,16.22,16.45,16.19,16.45,1373998.0
2012-06-20,23886820.0,16.47,16.52,16.31,16.40,1366486.0
2012-06-19,21661932.0,16.32,16.49,16.23,16.38,1243540.0
2012-06-18,20771486.0,16.39,16.51,16.27,16.41,1192145.0
2012-06-15,38816680.0,16.41,16.68,16.29,16.29,2217323.0
2012-06-14,37045072.0,16.22,16.50,16.18,16.25,2127727.0
2012-06-13,60859976.0,16.32,16.34,15.74,15.74,3540291.0
2012-06-12,16525379.0,15.69,15.93,15.66,15.92,983649.0
2012-06-11,36241368.0,16.01,16.04,15.51,15.76,2142272.0
2012-06-08,26898308.0,15.75,15.87,15.60,15.82,1607144.0
2012-06-07,32756014.0,15.69,15.93,15.60,15.78,1949882.0
2012-06-06,68553560.0,15.60,16.24,15.49,16.18,4076890.0
2012-06-05,46431384.0,16.10,16.31,15.99,16.24,2711214.0
2012-06-04,61824152.0,16.19,16.78,16.07,16.73,3520431.0
2012-06-01,35482796.0,16.94,17.07,16.79,16.82,1969386.0
2012-05-31,44841940.0,16.83,16.92,16.64,16.78,2508979.0
2012-05-30,54311992.0,16.92,17.17,16.82,17.17,3000026.0
2012-05-29,82432136.0,17.06,17.27,16.82,16.99,4537873.0
2012-05-28,53219940.0,17.05,17.06,16.45,16.70,2988653.0
2012-05-25,44391380.0,16.92,17.09,16.67,17.06,2467620.0
2012-05-24,69700040.0,17.08,17.28,16.74,16.98,3850695.0
2012-05-23,123877728.0,17.01,17.47,16.78,17.20,6780023.0
2012-05-22,152866704.0,17.28,17.37,16.68,16.68,8371451.0
2012-05-21,52322052.0,16.65,16.96,16.56,16.59,2936235.0
2012-05-17,81665816.0,16.97,17.02,16.75,16.82,4541178.0
2012-05-16,158734432.0,16.92,17.11,16.58,16.66,8833255.0
2012-05-15,89124728.0,16.69,16.71,16.07,16.14,5088398.0
2012-05-14,81215456.0,16.35,16.37,16.01,16.18,4694304.0
2012-05-11,71442616.0,16.07,16.39,15.98,16.19,4154778.0
2012-05-10,79332952.0,16.19,16.54,16.15,16.36,4562456.0
2012-05-09,66265456.0,16.38,16.81,16.36,16.81,3769220.0
2012-05-08,97720496.0,16.89,16.99,16.67,16.70,5445014.0
2012-05-07,68114008.0,16.67,16.71,16.46,16.52,3857604.0
2012-05-04,74086752.0,16.65,16.72,16.46,16.62,4189809.0
2012-05-03,115410768.0,16.56,16.79,16.42,16.55,6546598.0
2012-05-02,105264144.0,16.50,16.55,16.05,16.05,6045706.0
2012-04-27,44036024.0,15.80,16.00,15.71,15.80,2605568.0
2012-04-26,84001616.0,15.83,16.42,15.79,16.42,4929406.0
2012-04-25,56184744.0,16.28,16.54,16.25,16.50,3221931.0
2012-04-24,59064416.0,16.42,16.71,16.17,16.54,3376792.0
2012-04-23,90413928.0,16.71,17.15,16.52,16.80,5076507.0
2012-04-20,59431544.0,16.94,16.96,16.47,16.69,3347052.0
2012-04-19,72016400.0,16.78,16.82,16.23,16.23,4078480.0
2012-04-18,46683060.0,16.27,16.28,15.85,15.94,2726842.0
2012-04-17,25814880.0,15.86,16.34,15.79,16.19,1515055.0
2012-04-16,26991956.0,16.27,16.32,16.04,16.20,1566140.0
2012-04-13,19645368.0,16.29,16.34,16.09,16.18,1137542.0
2012-04-12,27625184.0,16.21,16.21,15.89,15.89,1614787.0
2012-04-11,24719582.0,15.96,16.03,15.54,15.86,1463775.0
2012-04-10,47112220.0,15.98,16.01,15.29,15.40,2840620.0
2012-04-09,37373892.0,15.40,15.93,15.37,15.84,2240089.0
2012-04-06,39336752.0,15.94,16.16,15.75,16.16,2315240.0
2012-04-05,36952164.0,16.17,16.19,15.75,15.75,2172969.0
2012-03-30,14326090.0,15.81,15.94,15.74,15.76,849506.0
2012-03-29,29740940.0,15.74,16.05,15.61,15.87,1765970.0
2012-03-28,30566968.0,15.97,16.86,15.96,16.80,1770127.0
2012-03-27,20415320.0,16.86,17.04,16.75,16.90,1134746.0
2012-03-26,16711591.0,16.82,17.05,16.73,16.79,933323.0
2012-03-23,35408488.0,16.93,17.19,16.84,17.15,1960696.0
2012-03-22,26793960.0,17.18,17.47,17.17,17.47,1457688.0
2012-03-21,26911318.0,17.45,17.62,17.12,17.62,1456211.0
2012-03-20,46886736.0,17.50,17.80,17.45,17.80,2508259.0
2012-03-19,102781512.0,17.84,18.00,17.41,17.47,5432419.0
2012-03-16,105841728.0,17.32,17.53,17.06,17.11,5722974.0
2012-03-15,41039336.0,17.21,17.48,16.98,17.20,2234729.0
2012-03-14,78586392.0,17.20,18.18,17.09,18.04,4164190.0
2012-03-13,60911544.0,18.00,18.10,17.86,18.03,3178796.0
2012-03-12,55412584.0,17.94,18.09,17.75,17.94,2909966.0
2012-03-09,61597524.0,17.86,17.88,17.37,17.58,3282903.0
2012-03-08,40677684.0,17.43,17.52,17.26,17.29,2197982.0
2012-03-07,55835440.0,17.24,17.40,17.12,17.35,3039427.0
2012-03-06,67045704.0,17.49,18.03,17.39,18.02,3574268.0
2012-03-05,97891360.0,18.02,18.28,17.86,17.95,5082516.0
2012-03-02,38230420.0,17.82,17.85,17.54,17.54,2031097.0
2012-03-01,35984236.0,17.57,17.83,17.49,17.68,1921245.0
2012-02-29,74339720.0,17.68,18.32,17.63,17.63,3900329.0
2012-02-28,81927576.0,17.84,17.96,17.39,17.39,4367305.0
2012-02-27,80272632.0,17.59,17.93,17.46,17.59,4274024.0
2012-02-24,62507836.0,17.56,17.58,17.20,17.56,3370537.0
2012-02-23,68536448.0,17.54,17.58,17.23,17.35,3705689.0
2012-02-22,94842048.0,17.34,17.37,16.78,16.97,5197926.0
2012-02-21,26037196.0,16.88,16.90,16.53,16.73,1465380.0
2012-02-20,32944460.0,16.79,17.25,16.71,17.20,1830144.0
2012-02-17,20582932.0,16.97,17.11,16.69,16.88,1146132.0
2012-02-16,43113360.0,16.97,17.35,16.81,17.01,2376867.0
2012-02-15,40306336.0,17.02,17.06,16.76,16.81,2233166.0
2012-02-14,26047152.0,16.86,16.95,16.73,16.82,1454337.0
2012-02-13,28857162.0,16.82,16.96,16.54,16.72,1613484.0
2012-02-10,32317552.0,16.83,17.12,16.69,17.03,1790074.0
2012-02-09,45107332.0,17.05,17.19,16.92,17.05,2485945.0
2012-02-08,37116024.0,17.05,17.18,16.47,16.73,2077647.0
2012-02-07,36510544.0,16.79,17.08,16.46,16.88,2061128.0
2012-02-06,35689736.0,17.12,17.15,16.73,16.91,1974339.0
2012-02-03,58206952.0,16.83,17.20,16.45,16.55,3250893.0
2012-02-02,66895180.0,16.59,16.61,16.13,16.55,3834708.0
2012-02-01,44109700.0,16.39,16.59,15.99,16.11,2527288.0
2012-01-31,43459756.0,16.24,16.26,15.77,15.77,2539514.0
2012-01-30,18852580.0,15.75,16.12,15.71,15.98,1117897.0
2012-01-20,50753548.0,15.92,16.03,15.54,15.70,3004064.0
2012-01-19,22174828.0,15.62,15.66,14.98,15.15,1350778.0
2012-01-18,26024160.0,15.11,15.94,14.93,15.61,1581819.0
2012-01-17,44363028.0,15.83,15.85,14.85,14.88,2695593.0
2012-01-16,32586118.0,14.88,15.78,14.84,15.65,2031899.0
2012-01-13,26783920.0,15.65,16.17,15.46,16.17,1594119.0
2012-01-12,26690292.0,15.99,16.26,15.96,16.07,1559861.0
2012-01-11,32718360.0,16.07,16.32,15.93,16.04,1911285.0
2012-01-10,56170112.0,16.03,16.22,15.37,15.49,3319555.0
2012-01-09,35460484.0,15.37,15.41,14.73,14.91,2198475.0
2012-01-06,39014816.0,14.83,15.41,14.52,15.32,2477726.0
2012-01-05,25748824.0,15.40,16.17,15.29,15.85,1545810.0
2012-01-04,42229324.0,16.20,16.92,16.19,16.78,2397717.0
2011-12-30,17180752.0,16.30,16.45,16.07,16.14,992297.0
2011-12-29,31594030.0,16.08,16.62,16.00,16.00,1825123.0
2011-12-28,37363148.0,16.21,17.60,15.86,17.60,2144297.0
2011-12-27,48129004.0,17.60,17.81,17.39,17.53,2566032.0
2011-12-26,39343012.0,17.57,18.04,17.53,17.75,2089070.0
2011-12-23,61246856.0,17.90,18.23,17.40,17.86,3245503.0
2011-12-22,83077416.0,18.31,19.17,18.14,18.53,4215757.0
2011-12-21,97544160.0,18.53,18.84,17.53,17.76,4988794.0
2011-12-20,13083172.0,17.47,17.86,17.43,17.64,695150.0
2011-12-19,12847529.0,17.64,17.76,17.10,17.76,689806.0
2011-12-16,22153394.0,17.46,17.55,17.01,17.21,1206013.0
2011-12-15,15219735.0,17.21,17.49,17.01,17.22,833934.0
2011-12-14,20160488.0,17.39,18.05,17.34,17.69,1073042.0
2011-12-13,12103304.0,17.86,18.39,17.79,17.97,631067.0
2011-12-12,9473194.0,18.31,18.39,17.96,18.22,489346.0
2011-12-09,8851547.0,18.32,18.89,18.32,18.74,447379.0
2011-12-08,28025192.0,18.74,18.85,18.40,18.40,1408117.0
2011-12-07,25882452.0,18.44,18.46,17.77,17.79,1329898.0
2011-12-06,23938800.0,17.99,18.21,17.71,18.17,1250848.0
2011-12-05,23629912.0,18.16,18.94,17.95,18.80,1205764.0
2011-12-02,23806228.0,18.93,19.41,18.66,19.27,1180896.0
2011-12-01,38874416.0,19.24,19.62,19.09,19.42,1890376.0
2011-11-30,47119580.0,18.80,19.92,18.69,19.77,2326076.0
2011-11-29,38030736.0,19.72,20.16,19.64,19.87,1802840.0
2011-11-28,39542224.0,19.70,19.83,19.19,19.26,1896588.0
2011-11-25,17751036.0,19.22,19.52,19.05,19.28,867092.0
2011-11-24,38907928.0,19.43,19.66,19.13,19.41,1878146.0
2011-11-23,50785020.0,19.42,19.46,18.75,18.78,2475315.0
2011-11-22,51059676.0,18.78,19.08,18.36,18.38,2550307.0
2011-11-21,13996173.0,18.38,18.45,18.15,18.31,717604.0
2011-11-18,23794740.0,18.29,18.48,18.16,18.48,1221920.0
2011-11-17,45992012.0,18.44,18.73,18.32,18.40,2337588.0
2011-11-16,81107200.0,18.50,19.36,18.14,19.23,4119139.0
2011-11-15,73923352.0,19.23,19.86,19.17,19.60,3546912.0
2011-11-11,41440700.0,19.21,19.62,19.15,19.37,2012794.0
2011-11-10,46519804.0,19.44,19.46,18.87,19.13,2280251.0
2011-11-09,40379192.0,19.26,19.41,18.80,19.32,1988409.0
2011-11-08,38080208.0,19.32,19.50,19.13,19.46,1857510.0
2011-11-07,56583080.0,19.55,19.62,19.12,19.29,2734994.0
2011-11-04,104102352.0,19.50,19.88,19.13,19.13,5000095.0
2011-11-03,163643056.0,19.16,19.46,18.33,18.33,8034268.0
2011-11-02,83210016.0,18.33,18.35,17.67,17.85,4336526.0
2011-11-01,115083120.0,17.93,18.22,17.47,17.54,6030011.0
2011-10-31,83894976.0,17.64,17.66,17.01,17.39,4555728.0
2011-10-28,100605056.0,17.12,17.27,16.78,17.27,5541078.0
2011-10-27,76898504.0,17.14,17.43,16.93,17.18,4213380.0
2011-10-26,32685456.0,16.81,16.91,16.35,16.44,1838133.0
2011-10-25,54114232.0,16.50,16.73,15.88,15.98,3097877.0
2011-10-24,23775020.0,15.92,16.01,15.35,15.70,1418618.0
2011-10-21,27860176.0,15.62,16.33,15.60,16.33,1649460.0
2011-10-20,43357012.0,16.33,17.37,16.12,17.31,2480657.0
2011-10-19,28009844.0,17.43,17.81,17.31,17.67,1505506.0
2011-10-18,46424796.0,17.31,17.65,17.18,17.46,2505731.0
2011-10-17,40786368.0,17.52,17.85,17.39,17.80,2178518.0
2011-10-14,32565704.0,17.65,17.86,17.44,17.76,1741572.0
2011-10-13,48676836.0,17.72,18.02,17.59,17.60,2574598.0
2011-10-12,55485324.0,17.75,17.79,17.12,17.29,2979112.0
2011-10-11,43316992.0,17.35,18.33,17.15,17.86,2319094.0
2011-10-10,33133444.0,17.51,17.92,17.40,17.50,1764639.0
2011-09-30,10012775.0,17.41,17.65,17.21,17.58,540943.0
2011-09-29,30499072.0,17.39,17.92,17.39,17.72,1632710.0
2011-09-28,29894730.0,17.93,18.84,17.69,18.77,1538248.0
2011-09-27,42248972.0,18.70,18.99,18.58,18.94,2124791.0
2011-09-26,27065060.0,18.83,19.13,18.75,18.95,1345405.0
2011-09-23,23530000.0,19.10,19.12,18.70,18.80,1171075.0
2011-09-22,18168956.0,19.00,19.70,19.00,19.63,879214.0
2011-09-21,30005322.0,19.76,19.82,19.08,19.32,1441168.0
2011-09-20,15602399.0,19.30,19.41,19.00,19.17,763001.0
2011-09-19,20169128.0,19.06,19.31,19.00,19.00,993039.0
2011-09-16,15659031.0,19.31,19.55,19.29,19.54,760076.0
2011-09-15,25173020.0,19.34,19.62,19.29,19.47,1215940.0
2011-09-14,23916500.0,19.37,19.47,18.75,19.30,1175365.0
2011-09-13,23563564.0,19.25,19.42,19.18,19.36,1149864.0
2011-09-09,16371867.0,19.75,19.93,19.42,19.93,779414.0
2011-09-08,35563712.0,19.75,20.06,19.60,19.97,1688977.0
2011-09-07,37654780.0,19.84,19.93,19.27,19.55,1809818.0
2011-09-06,70703296.0,19.47,20.15,19.17,20.13,3414421.0
2011-09-05,64348120.0,20.34,20.64,20.19,20.49,2969236.0
2011-09-02,157960960.0,21.21,22.54,21.16,21.90,6877059.0
2011-09-01,51789612.0,20.86,21.38,20.75,21.09,2316776.0
2011-08-31,29083568.0,21.21,21.24,20.80,21.10,1303786.0
2011-08-30,30980010.0,20.97,21.71,20.95,21.61,1368100.0
2011-08-29,28555206.0,21.38,21.54,21.10,21.35,1259430.0
2011-08-26,30677296.0,21.53,21.66,21.20,21.50,1342254.0
2011-08-25,48282140.0,21.43,21.60,20.97,21.11,2124115.0
2011-08-24,29383072.0,21.11,21.46,20.96,21.22,1301374.0
2011-08-23,39558128.0,21.22,21.37,20.80,20.80,1752068.0
2011-08-22,59195984.0,20.94,21.38,20.70,20.70,2633987.0
2011-08-19,67226120.0,20.70,20.75,19.83,20.02,3090994.0
2011-08-18,40783644.0,20.42,20.87,20.21,20.85,1869102.0
2011-08-17,42181508.0,20.94,21.11,20.68,20.98,1894188.0
2011-08-16,75872664.0,20.92,21.73,20.87,21.73,3378819.0
2011-08-15,94896728.0,21.73,22.15,21.52,21.90,4111042.0
2011-08-12,53692024.0,21.60,22.09,21.45,21.45,2318997.0
2011-08-11,68780256.0,21.42,21.48,20.14,20.14,3060822.0
2011-08-10,62728980.0,20.85,21.32,20.81,21.06,2813041.0
2011-08-09,61698800.0,20.60,20.78,19.35,19.74,2855281.0
2011-08-08,40095344.0,20.21,20.25,19.23,20.20,1902131.0
2011-08-05,47256748.0,20.31,20.44,19.74,19.76,2208283.0
2011-08-04,41272288.0,20.41,20.85,20.40,20.47,1883821.0
2011-08-03,67169384.0,20.43,20.82,20.02,20.30,3108784.0
2011-08-02,66471896.0,20.44,20.92,20.18,20.92,3073987.0
2011-08-01,44207496.0,20.93,21.24,20.85,21.24,1987324.0
2011-07-29,49589452.0,21.12,21.43,21.01,21.39,2206041.0
2011-07-28,26866636.0,21.30,21.58,21.16,21.34,1184438.0
2011-07-27,53215116.0,21.60,21.69,20.91,21.14,2341558.0
2011-07-26,32023854.0,21.15,21.19,20.69,20.78,1436518.0
2011-07-25,184716560.0,20.78,21.81,20.71,21.76,8137770.0
2011-07-22,37589280.0,21.77,21.90,21.52,21.66,1628493.0
2011-07-21,45385828.0,21.59,22.11,21.34,22.05,1960985.0
2011-07-20,35981484.0,22.06,22.45,21.83,22.32,1534301.0
2011-07-19,65451368.0,22.26,22.73,22.16,22.47,2749972.0
2011-07-18,66466264.0,22.50,23.20,22.40,22.75,2752689.0
2011-07-15,29878404.0,22.81,22.93,22.59,22.93,1233814.0
2011-07-14,97630648.0,22.99,23.09,22.28,22.28,4007122.0
2011-07-13,49910316.0,22.09,22.37,21.76,21.79,2123752.0
2011-07-12,80383920.0,21.86,22.41,21.83,22.24,3407659.0
2011-07-11,71350144.0,22.44,22.58,21.58,21.87,3025843.0
2011-07-08,22341788.0,21.89,22.09,21.76,22.08,960041.0
2011-07-07,120920704.0,22.09,22.18,21.46,21.61,5207821.0
2011-07-06,68465504.0,21.77,21.90,20.80,21.24,3041082.0
2011-07-05,48529936.0,21.27,21.71,21.06,21.71,2140447.0
2011-07-04,59058944.0,21.58,21.78,21.38,21.38,2567461.0
2011-07-01,63103172.0,21.58,21.79,21.30,21.36,2746480.0
2011-06-30,60408732.0,21.38,21.71,21.16,21.19,2653408.0
2011-06-29,216823904.0,21.33,22.18,20.68,20.74,9391672.0
2011-06-28,114754024.0,20.87,21.06,19.87,20.10,5281553.0
2011-06-27,76878280.0,20.08,20.19,19.85,19.94,3618072.0
2011-06-24,118868728.0,19.94,20.07,19.25,19.25,5629844.0
2011-06-23,58130768.0,19.26,19.34,18.66,18.94,2871862.0
2011-06-22,37551144.0,19.03,19.25,18.89,19.17,1850224.0
2011-06-21,50366456.0,19.15,19.31,18.97,19.31,2477014.0
2011-06-20,45232364.0,19.23,19.30,18.97,19.09,2214643.0
2011-06-17,109196048.0,19.08,20.19,18.94,20.04,5330045.0
2011-06-16,44644184.0,20.04,20.46,19.89,20.21,2085254.0
2011-06-15,201541024.0,20.62,20.96,19.89,20.04,9230373.0
2011-06-14,313070944.0,20.41,22.08,19.78,21.81,14324011.0
2011-06-13,21697630.0,21.93,22.44,21.53,21.90,935282.0
2011-06-10,58904436.0,22.31,22.46,21.60,22.00,2504899.0
2011-06-09,55470156.0,22.15,22.87,22.15,22.80,2309100.0
2011-06-08,44639812.0,22.82,22.88,22.39,22.67,1830182.0
2011-06-07,31907000.0,22.56,22.69,22.31,22.37,1317216.0
2011-06-03,38112004.0,22.50,22.69,22.19,22.47,1570416.0
2011-06-02,35578044.0,22.29,22.63,22.22,22.63,1477937.0
2011-06-01,75891816.0,22.67,23.00,22.06,22.11,3104273.0
2011-05-31,33646056.0,22.11,22.23,21.64,21.64,1420929.0
2011-05-30,45256832.0,21.64,22.16,21.27,21.35,1928064.0
2011-05-27,34468064.0,21.70,22.48,21.62,22.36,1465006.0
2011-05-26,31934764.0,22.37,22.93,22.16,22.16,1313748.0
2011-05-25,31487336.0,22.35,22.50,22.14,22.50,1311264.0
2011-05-24,29134612.0,22.52,22.61,22.00,22.47,1212333.0
2011-05-23,62501200.0,22.57,23.61,22.37,23.50,2531757.0
2011-05-20,30944232.0,23.50,23.62,23.29,23.62,1225716.0
2011-05-19,69904472.0,23.57,24.25,23.48,24.03,2721391.0
2011-05-18,72347312.0,24.05,24.39,23.77,23.77,2779514.0
2011-05-17,86349552.0,23.68,24.11,23.52,24.03,3362101.0
2011-05-16,180267264.0,23.74,24.73,23.43,24.32,6985337.0
2011-05-13,111193968.0,24.33,24.57,24.04,24.57,4260104.0
2011-05-12,80714248.0,24.29,24.67,24.02,24.45,3094512.0
2011-05-11,128540576.0,24.66,25.04,24.14,24.15,4851494.0
2011-05-10,122316552.0,24.22,24.75,24.03,24.48,4663994.0
2011-05-09,194229424.0,24.44,24.90,23.94,23.94,7310305.0
2011-05-06,163162256.0,24.16,24.31,23.37,23.57,6279060.0
2011-05-05,124700104.0,23.69,24.21,23.38,23.38,4834803.0
2011-05-04,228134144.0,23.68,24.25,23.52,23.68,8876182.0
2011-05-03,183005664.0,23.89,23.96,22.41,22.70,7216479.0
2011-04-29,70395104.0,22.75,23.06,21.43,22.27,2917297.0
2011-04-28,65450268.0,22.27,23.28,21.34,22.90,2694199.0
2011-04-27,111372064.0,23.03,23.13,21.92,21.99,4588523.0
2011-04-26,85096872.0,22.21,22.95,21.97,22.86,3529231.0
2011-04-25,126513720.0,22.86,23.34,22.50,22.84,5105876.0
2011-04-21,215007952.0,23.21,23.38,21.64,21.85,8821608.0
2011-04-20,85277128.0,21.83,22.07,21.44,21.80,3648704.0
2011-04-19,134122592.0,21.80,22.36,21.61,21.71,5650574.0
2011-04-18,54927500.0,21.84,21.85,21.34,21.71,2363446.0
2011-04-15,81060768.0,21.75,21.93,21.62,21.85,3452838.0
2011-04-14,87747320.0,21.91,22.09,21.74,22.05,3714892.0
2011-04-13,72497856.0,21.96,22.18,21.62,21.97,3079279.0
2011-04-12,68978760.0,22.13,22.32,21.82,21.98,2894689.0
2011-04-11,72947992.0,22.09,22.49,22.01,22.23,3045401.0
2011-04-08,74117808.0,22.34,22.37,21.82,21.90,3115293.0
2011-04-07,57226448.0,21.93,22.20,21.78,22.13,2424849.0
2011-04-06,52593288.0,22.20,22.52,21.96,22.16,2186508.0
2011-04-01,30099238.0,22.27,22.37,21.95,22.04,1258248.0
2011-03-31,30241724.0,21.98,22.32,21.85,21.85,1268441.0
2011-03-30,52941112.0,21.98,22.27,21.91,22.27,2228621.0
2011-03-29,87649240.0,22.35,22.88,22.22,22.74,3628592.0
2011-03-28,90680608.0,22.86,23.38,22.74,23.33,3659869.0
2011-03-25,128912336.0,23.32,23.71,22.94,23.20,5135788.0
2011-03-24,161729440.0,23.35,23.39,22.26,22.36,6524885.0
2011-03-23,49977672.0,22.54,22.60,22.09,22.27,2072404.0
2011-03-22,69697488.0,22.26,22.54,21.75,22.50,2929642.0
2011-03-21,85965256.0,22.41,23.10,22.09,22.88,3547434.0
2011-03-18,112800704.0,23.01,23.66,22.76,23.43,4539888.0
2011-03-17,163194592.0,23.20,24.07,23.15,23.94,6414648.0
2011-03-16,308813504.0,24.40,24.46,23.06,23.51,12034588.0
2011-03-15,284752768.0,23.22,24.03,22.74,23.37,11263218.0
2011-03-14,109199944.0,22.74,23.01,21.97,22.08,4475883.0
2011-03-11,50967544.0,22.09,22.39,21.96,22.00,2132991.0
2011-03-10,55593552.0,22.19,22.43,22.12,22.27,2317402.0
2011-03-09,82676904.0,22.26,22.55,22.08,22.55,3441257.0
2011-03-08,197376288.0,22.54,22.74,21.87,21.99,8180930.0
2011-03-07,112599488.0,21.94,22.10,21.56,21.56,4767342.0
2011-03-04,46642152.0,21.55,21.58,21.23,21.35,2022332.0
2011-03-03,85454592.0,21.42,22.09,21.34,21.96,3672170.0
2011-03-02,103518208.0,21.97,22.55,21.84,22.09,4347934.0
2011-03-01,79459432.0,22.08,22.13,21.71,21.91,3362510.0
2011-02-28,46021432.0,21.88,21.89,21.40,21.54,1965715.0
2011-02-25,46189628.0,21.56,21.85,21.29,21.80,1993255.0
2011-02-24,43835732.0,21.75,21.98,21.34,21.88,1874832.0
2011-02-23,64822688.0,21.76,21.87,21.39,21.55,2781627.0
2011-02-22,123516952.0,21.69,22.81,21.63,22.74,5167965.0
2011-02-21,137811984.0,22.71,23.29,22.28,22.53,5623115.0
2011-02-18,172299616.0,22.58,22.78,21.81,21.86,7152662.0
2011-02-17,109266304.0,21.69,21.90,21.35,21.35,4687799.0
2011-02-16,65285800.0,21.40,21.53,20.95,21.44,2851467.0
2011-02-15,56976032.0,21.16,21.55,21.14,21.34,2475181.0
2011-02-14,57975356.0,21.34,21.52,21.07,21.23,2531063.0
2011-02-11,56351836.0,21.05,21.24,20.79,21.23,2480475.0
2011-02-10,76343024.0,21.10,21.24,19.95,19.95,3385129.0
2011-02-09,32975352.0,20.10,20.49,19.95,19.98,1513165.0
2011-02-01,24817436.0,20.14,20.16,19.96,20.04,1147520.0
2011-01-31,41010288.0,20.13,20.19,19.78,20.00,1899992.0
2011-01-28,82870640.0,20.12,20.55,19.87,20.29,3826059.0
2011-01-27,57321120.0,20.34,20.36,19.77,19.90,2646764.0
2011-01-26,49115888.0,19.94,20.21,19.57,19.68,2286486.0
2011-01-25,39117148.0,19.82,19.85,18.91,19.17,1865249.0
2011-01-24,21442258.0,19.02,19.61,18.84,19.58,1040024.0
2011-01-21,23391728.0,19.47,19.53,19.10,19.21,1123910.0
2011-01-20,25664544.0,19.13,19.72,19.11,19.58,1234048.0
2011-01-19,39622964.0,19.73,19.77,19.30,19.45,1879113.0
2011-01-18,90310960.0,19.29,19.67,18.56,19.10,4324136.0
2011-01-17,131357408.0,19.19,21.24,19.16,21.24,6112054.0
2011-01-14,45590744.0,21.29,21.88,21.25,21.88,1980561.0
2011-01-13,32596824.0,21.84,21.95,21.52,21.62,1390117.0
2011-01-12,26479104.0,21.61,21.62,21.31,21.48,1144857.0
2011-01-11,34690368.0,21.42,21.71,21.24,21.71,1503519.0
2011-01-10,98752256.0,21.84,23.25,21.35,22.88,4142628.0
2011-01-07,50830176.0,22.88,23.13,22.52,22.56,2060341.0
2011-01-06,67975632.0,22.77,22.86,22.23,22.46,2783904.0
2011-01-05,84536064.0,22.40,22.92,22.07,22.25,3472349.0
2011-01-04,52656940.0,22.26,22.39,22.09,22.36,2200047.0
