date,open,high,close,low,volume,amount
2015-11-27,16.70,17.38,16.13,15.60,53226076.0,881841344.0
2015-11-26,17.55,17.62,16.56,16.48,46252472.0,784564224.0
2015-11-25,16.65,18.20,17.46,16.65,63065012.0,1108555136.0
2015-11-24,17.00,17.38,16.94,16.40,58013544.0,980433216.0
2015-11-23,17.85,18.39,17.12,16.90,98177464.0,1718860928.0
2015-11-20,16.25,17.28,16.85,15.60,101959184.0,1669230080.0
2015-11-19,14.70,15.79,15.79,14.70,111296408.0,1724319744.0
2015-11-18,13.96,14.69,14.35,13.75,70257600.0,1002310208.0
2015-11-17,14.27,14.60,13.95,13.72,67797056.0,951513408.0
2015-11-16,13.22,14.35,14.16,13.15,56443604.0,787222208.0
2015-11-13,13.20,14.10,13.56,13.01,103577840.0,1417098112.0
2015-11-12,12.31,13.34,13.34,12.03,104077984.0,1321973376.0
2015-11-11,12.05,12.14,12.13,11.81,39732788.0,475849248.0
2015-11-10,12.04,12.27,12.11,11.88,41249696.0,497623904.0
2015-11-09,12.20,12.30,12.12,11.75,52284384.0,632261120.0
2015-11-06,11.75,12.18,12.07,11.69,46171888.0,553045952.0
2015-11-05,11.65,11.90,11.69,11.51,47680656.0,559047744.0
2015-11-04,10.94,11.62,11.59,10.94,34658536.0,392212192.0
2015-11-03,10.90,11.05,10.86,10.70,20941480.0,227498960.0
2015-11-02,11.11,11.37,10.92,10.88,20939078.0,233170416.0
2015-10-30,11.50,11.58,11.35,11.15,33340668.0,379709440.0
2015-10-29,11.60,11.69,11.61,11.35,30451776.0,351865056.0
2015-10-28,11.47,11.63,11.32,11.22,34911764.0,399295392.0
2015-10-27,11.58,11.76,11.63,10.98,36546420.0,415379968.0
2015-10-26,11.83,11.97,11.77,11.40,41523928.0,485192384.0
2015-10-23,11.66,11.74,11.65,11.20,41359088.0,476026560.0
2015-10-22,11.37,11.60,11.49,10.80,49424252.0,556529792.0
2015-10-21,12.40,12.48,11.26,11.26,56149968.0,664716800.0
2015-10-20,12.21,12.80,12.51,12.05,45608832.0,565244928.0
2015-10-19,12.28,12.57,12.44,12.01,71162096.0,874552576.0
2015-10-16,11.60,12.40,12.23,11.23,53827784.0,621624768.0
2015-10-15,10.92,11.50,11.44,10.78,43497468.0,487099040.0
2015-10-14,11.02,11.35,10.84,10.82,33446992.0,367873568.0
2015-10-13,10.75,11.45,11.18,10.65,52816432.0,587235648.0
2015-10-12,10.35,11.00,10.79,10.25,70936072.0,759315584.0
2015-10-09,10.22,10.46,10.29,10.10,32335292.0,332108032.0
2015-10-08,10.02,10.51,10.28,9.95,35419192.0,361829344.0
2015-09-30,9.78,9.87,9.76,9.63,16768843.0,163585392.0
2015-09-29,9.71,9.87,9.75,9.54,21179428.0,205568176.0
2015-09-28,9.89,10.01,9.93,9.60,20761532.0,204280384.0
2015-09-25,10.12,10.25,9.95,9.58,54979740.0,545026624.0
2015-09-24,9.52,10.38,10.36,9.52,59098220.0,590937664.0
2015-09-23,9.28,9.68,9.44,9.17,33158974.0,311789536.0
2015-09-22,9.20,9.78,9.54,9.07,47176680.0,443935712.0
2015-09-21,8.75,9.28,9.26,8.66,32214348.0,290861920.0
2015-09-18,8.82,8.97,8.85,8.61,22885768.0,201301904.0
2015-09-17,9.18,9.43,8.78,8.76,40821856.0,372057632.0
2015-09-16,8.56,9.32,9.19,8.41,39112496.0,345256000.0
2015-09-15,8.66,8.91,8.47,8.20,33635988.0,288468512.0
2015-09-14,10.07,10.17,9.02,9.02,38657040.0,364702560.0
2015-09-11,10.00,10.19,10.02,9.80,33216096.0,331971360.0
2015-09-10,10.25,10.60,10.07,10.02,60335396.0,625102848.0
2015-09-09,9.40,10.16,10.16,9.25,57381848.0,559274688.0
2015-09-08,8.77,9.30,9.24,8.50,30232536.0,268234832.0
2015-09-07,8.78,9.15,8.75,8.64,34447300.0,307103808.0
2015-09-02,8.13,9.08,8.63,8.12,47175840.0,403831200.0
2015-09-01,9.75,9.75,8.87,8.87,51055896.0,463171744.0
2015-08-31,10.60,10.60,9.86,9.81,49351796.0,504087520.0
2015-08-28,9.93,10.68,10.67,9.57,71874296.0,724485120.0
2015-08-27,9.80,9.95,9.76,8.70,65403952.0,616185280.0
2015-08-26,10.57,10.74,9.51,9.51,76862376.0,768260096.0
2015-08-25,10.57,10.65,10.57,10.57,47281620.0,499788416.0
2015-08-24,12.59,12.59,11.74,11.74,18989284.0,224873632.0
2015-08-21,13.68,14.40,13.04,13.00,44577404.0,609155968.0
2015-08-20,14.80,15.02,14.15,14.01,34905168.0,508401536.0
2015-08-19,14.05,15.36,14.96,13.45,61348272.0,884316352.0
2015-08-18,16.60,16.69,14.93,14.93,71846416.0,1129848832.0
2015-08-17,16.26,17.09,16.59,16.00,80996864.0,1345726336.0
2015-08-14,15.30,16.54,16.30,15.06,96953104.0,1530004480.0
2015-08-13,14.01,15.20,15.19,14.00,84613288.0,1225884160.0
2015-08-12,15.16,15.97,14.80,14.78,137127584.0,2086017408.0
2015-06-30,14.50,16.55,16.42,13.55,75464720.0,1136000128.0
2015-06-29,16.28,17.49,15.06,15.06,49626352.0,772757760.0
2015-06-26,17.99,17.99,16.73,16.73,40343028.0,688997760.0
2015-06-25,20.45,20.51,18.59,18.28,46374136.0,906729600.0
2015-06-24,20.50,21.00,20.29,19.50,44987648.0,914920000.0
2015-06-23,20.36,21.09,20.11,18.70,44744672.0,884002048.0
2015-06-19,21.47,22.74,20.62,20.20,44744092.0,966727232.0
2015-06-18,22.04,23.54,22.17,21.54,51113368.0,1160153088.0
2015-06-17,21.60,22.35,22.00,19.90,50551696.0,1068599360.0
2015-06-16,23.01,23.21,21.89,21.50,53550504.0,1199970816.0
2015-06-15,23.85,24.19,23.60,22.81,70164496.0,1653376384.0
2015-06-12,23.10,24.36,23.24,23.10,78728488.0,1865454848.0
2015-06-11,21.96,23.98,23.00,21.26,80317688.0,1828850560.0
2015-06-10,20.80,22.47,21.83,20.26,88027680.0,1915681792.0
2015-06-09,19.17,20.98,20.98,19.16,77415152.0,1551074816.0
2015-06-08,19.50,19.58,19.07,18.81,45500652.0,872921152.0
2015-06-05,19.50,19.91,19.43,19.10,55461972.0,1081373056.0
2015-06-04,19.76,19.76,19.05,17.88,48308016.0,910000768.0
2015-06-03,20.18,20.70,19.81,19.18,61813996.0,1236539904.0
2015-06-02,18.48,19.95,19.85,18.48,63675160.0,1237143936.0
2015-06-01,17.75,18.49,18.30,17.75,55421192.0,1010029888.0
2015-05-29,17.80,18.30,17.74,16.36,74072784.0,1304986368.0
2015-05-28,20.22,20.22,18.18,18.18,104372272.0,1978623104.0
2015-05-27,20.94,20.94,20.20,20.00,55120824.0,1117196416.0
2015-05-26,20.97,21.07,20.95,20.30,48023484.0,995694912.0
2015-05-25,20.00,21.28,20.94,19.80,52667272.0,1077550720.0
2015-05-22,20.61,21.18,20.27,19.80,42120856.0,861153472.0
2015-05-21,20.16,20.96,20.45,19.77,48783508.0,995393984.0
2015-05-20,18.61,20.45,20.10,18.49,57119860.0,1136368256.0
2015-05-19,18.35,18.72,18.59,17.97,35829028.0,660574848.0
2015-05-18,17.81,18.86,18.34,17.52,40641332.0,749633024.0
2015-05-15,18.32,18.32,17.82,17.68,38107508.0,682192448.0
2015-05-14,17.96,18.61,18.33,17.57,44800040.0,811963776.0
2015-05-13,18.18,19.18,17.90,17.68,73412784.0,1356707072.0
2015-05-12,17.11,18.43,18.27,17.02,68622632.0,1219582592.0
2015-05-11,15.87,17.16,17.02,15.65,75945504.0,1263163904.0
2015-05-08,15.14,15.85,15.60,15.14,39843040.0,618076864.0
2015-05-07,15.29,15.47,15.03,14.87,33724148.0,511550656.0
2015-05-06,15.01,16.07,15.25,15.01,48872868.0,758247616.0
2015-05-05,15.56,15.70,14.99,14.72,37071912.0,569078912.0
2015-05-04,15.61,15.85,15.41,15.18,36405436.0,562013632.0
2015-04-30,16.07,16.13,15.62,15.57,42017216.0,665869184.0
2015-04-29,15.63,16.47,16.12,15.47,51318108.0,825162176.0
2015-04-28,15.72,16.01,15.77,15.13,53855340.0,836214720.0
2015-04-27,15.87,16.55,15.78,15.52,80254904.0,1283964416.0
2015-04-24,14.12,15.95,15.77,13.98,88366880.0,1352875008.0
2015-04-23,14.17,14.82,14.50,13.67,66034260.0,953455104.0
2015-04-22,13.32,14.51,14.12,13.20,80704056.0,1122516480.0
2015-04-21,12.01,13.20,13.20,11.98,74277720.0,937765568.0
2015-04-20,13.00,13.00,12.01,11.78,85029672.0,1062044928.0
2015-04-17,13.27,13.85,13.00,12.97,78674056.0,1047349696.0
2015-04-16,12.18,13.43,13.17,12.06,81664448.0,1060697408.0
2015-04-15,11.96,12.93,12.34,11.67,65548428.0,791964864.0
2015-04-14,11.97,12.25,12.03,11.69,52328248.0,625409408.0
2015-04-13,12.33,12.33,12.05,11.84,80780136.0,979585792.0
2015-04-10,10.83,11.79,11.79,10.68,80784464.0,923292608.0
2015-04-09,11.09,11.23,10.72,10.48,70047272.0,756817792.0
2015-04-08,10.88,11.59,11.19,10.73,65588516.0,737046528.0
2015-04-07,10.85,11.12,10.92,10.69,76263896.0,835166784.0
2015-04-03,10.23,10.98,10.85,10.09,104620304.0,1112029312.0
2015-04-02,9.23,10.07,10.07,9.16,100497680.0,983807232.0
2015-04-01,9.03,9.19,9.15,9.01,37061748.0,339032064.0
2015-03-31,9.13,9.21,9.06,9.03,41629584.0,379870784.0
2015-03-30,9.16,9.25,9.15,9.09,36599400.0,336269568.0
2015-03-27,9.03,9.27,9.13,8.94,43764616.0,398346176.0
2015-03-26,8.80,9.35,9.14,8.68,60245616.0,550114752.0
2015-03-25,8.81,8.94,8.78,8.58,39343352.0,345370336.0
2015-03-24,8.97,9.05,8.83,8.52,51764632.0,456345696.0
2015-03-23,8.95,9.08,8.95,8.89,40246392.0,360952064.0
2015-03-20,8.86,9.04,8.92,8.79,33541080.0,299434784.0
2015-03-19,8.61,8.94,8.79,8.52,44388312.0,391323008.0
2015-03-18,8.42,8.65,8.61,8.35,39653176.0,339916608.0
2015-03-17,8.48,8.55,8.42,8.33,41434988.0,349101632.0
2015-03-16,8.13,8.46,8.42,8.13,49961588.0,417266528.0
2015-03-13,8.16,8.23,8.08,8.03,29917828.0,243417488.0
2015-03-12,8.14,8.32,7.93,7.88,37483748.0,301504896.0
2015-03-11,8.20,8.25,8.14,8.06,34023664.0,277065824.0
2015-03-10,7.98,8.33,8.19,7.93,43838024.0,359773408.0
2015-03-09,7.82,8.07,7.97,7.68,34037088.0,270379168.0
2015-03-06,7.99,8.07,7.80,7.78,40248504.0,318686912.0
2015-03-05,7.65,8.33,8.07,7.60,83230864.0,661563456.0
2015-03-04,7.74,7.75,7.67,7.60,38073832.0,292177376.0
2015-03-03,7.68,7.93,7.78,7.51,70536840.0,543418816.0
2015-03-02,7.96,7.96,7.72,7.59,110282384.0,856307712.0
2015-02-27,7.55,7.55,7.55,7.55,7013796.0,53024296.0
2015-02-13,6.73,6.95,6.86,6.73,24819186.0,170376672.0
2015-02-12,6.65,6.82,6.70,6.61,17874046.0,120424952.0
2015-02-11,6.50,6.66,6.65,6.49,10192306.0,66907704.0
2015-02-10,6.46,6.55,6.50,6.45,8398682.0,54613756.0
2015-02-09,6.45,6.53,6.47,6.42,6491767.0,42105616.0
2015-02-06,6.55,6.61,6.48,6.45,12238157.0,79939728.0
2015-02-05,6.69,6.73,6.56,6.55,14694234.0,98026928.0
2015-02-04,6.74,6.85,6.63,6.61,15224878.0,102311944.0
2015-02-03,6.56,6.77,6.75,6.51,16641696.0,110905488.0
2015-02-02,6.49,6.62,6.52,6.46,12805008.0,83820744.0
2015-01-30,6.81,6.83,6.62,6.61,16664610.0,111723648.0
2015-01-29,6.82,6.86,6.79,6.76,12324553.0,83965800.0
2015-01-28,6.89,6.94,6.88,6.84,19034002.0,131318184.0
2015-01-27,6.87,6.96,6.91,6.80,20274184.0,139791840.0
2015-01-26,6.76,6.91,6.89,6.70,20649476.0,141286240.0
2015-01-23,6.83,6.89,6.76,6.74,16983340.0,115765232.0
2015-01-22,6.82,6.86,6.82,6.75,14086012.0,95914256.0
2015-01-21,6.64,6.94,6.81,6.61,23945928.0,161980896.0
2015-01-20,6.39,6.65,6.64,6.39,18544716.0,121082560.0
2015-01-19,6.51,6.69,6.36,6.23,33677616.0,218279392.0
2015-01-16,6.95,6.97,6.92,6.87,13423426.0,92857136.0
2015-01-15,6.84,6.95,6.94,6.82,10314944.0,71264728.0
2015-01-14,6.82,6.91,6.82,6.77,9615707.0,65848672.0
2015-01-13,6.78,6.87,6.84,6.70,10564097.0,72031096.0
2015-01-12,6.85,6.95,6.77,6.66,16531441.0,112345904.0
2015-01-09,6.96,7.06,6.87,6.84,20791662.0,145137504.0
2015-01-08,7.24,7.25,6.94,6.93,28540466.0,201966896.0
2015-01-07,7.14,7.35,7.23,7.10,28860782.0,209238592.0
2015-01-06,7.17,7.21,7.16,7.06,23042978.0,164755664.0
2015-01-05,7.19,7.31,7.25,7.05,32565696.0,233805296.0
2014-12-31,7.05,7.20,7.16,6.99,17786632.0,126901728.0
2014-12-30,7.13,7.18,7.02,6.99,19763662.0,140003968.0
2014-12-29,7.39,7.43,7.16,7.12,27538978.0,199671824.0
2014-12-26,7.14,7.31,7.29,7.10,26644556.0,192992576.0
2014-12-25,6.99,7.12,7.10,6.93,19254366.0,136101920.0
2014-12-24,6.81,6.99,6.96,6.77,19310152.0,132810640.0
2014-12-23,6.89,7.02,6.81,6.80,21266620.0,147339872.0
2014-12-22,7.18,7.18,6.89,6.78,38859188.0,270861696.0
2014-12-19,7.30,7.42,7.24,7.06,29894236.0,216257344.0
2014-12-18,7.39,7.50,7.37,7.31,25169682.0,186690368.0
2014-12-17,7.75,7.78,7.44,7.28,52055632.0,391991648.0
2014-12-16,7.37,7.78,7.66,7.34,58024768.0,440833056.0
2014-12-15,7.04,7.40,7.37,7.04,40601304.0,295173760.0
2014-12-12,7.07,7.24,7.12,7.04,26063958.0,186556800.0
2014-12-11,7.06,7.19,7.11,6.98,35286776.0,249883856.0
2014-12-10,7.12,7.26,7.19,6.79,53027708.0,372306688.0
2014-12-09,7.33,7.84,7.12,7.00,95621576.0,713146368.0
2014-12-08,7.19,7.53,7.39,7.08,75650840.0,557627392.0
2014-12-05,7.54,7.66,7.18,6.84,96311784.0,704466624.0
2014-12-04,6.97,7.41,7.38,6.88,77256864.0,553851328.0
2014-12-03,7.08,7.16,6.97,6.81,61185680.0,429830944.0
2014-12-02,6.71,7.09,6.99,6.69,48926140.0,337946240.0
2014-12-01,7.05,7.07,6.75,6.69,49377328.0,338814976.0
2014-11-28,7.18,7.19,7.04,6.94,52746240.0,372355680.0
2014-11-27,6.89,7.16,7.13,6.74,66828448.0,462958912.0
2014-11-26,6.89,7.10,6.85,6.67,57939700.0,395096448.0
2014-11-25,6.65,6.81,6.65,6.55,39203304.0,262368336.0
2014-11-24,6.42,6.63,6.59,6.32,45697696.0,298675328.0
2014-11-21,6.13,6.32,6.32,6.11,17258632.0,107996872.0
2014-11-20,6.15,6.18,6.13,6.11,7851865.0,48226420.0
2014-11-19,6.11,6.22,6.19,6.09,10878408.0,67278064.0
2014-11-18,6.08,6.24,6.13,6.07,13406149.0,82779176.0
2014-11-17,6.04,6.14,6.07,5.94,12485874.0,75732920.0
2014-11-14,6.11,6.17,6.02,5.93,19768962.0,118855992.0
2014-11-13,6.28,6.39,6.14,6.14,23249458.0,145740000.0
2014-11-12,6.24,6.32,6.30,6.15,14573823.0,90674720.0
2014-11-11,6.49,6.55,6.24,6.14,25995732.0,165618464.0
2014-11-10,6.46,6.50,6.46,6.37,17785272.0,114471792.0
2014-11-07,6.50,6.64,6.44,6.40,25408720.0,165705776.0
2014-11-06,6.43,6.55,6.51,6.35,15486291.0,99975216.0
2014-11-05,6.30,6.57,6.49,6.30,23137304.0,150161056.0
2014-11-04,6.55,6.55,6.37,6.30,24614994.0,157514624.0
2014-11-03,6.52,6.62,6.54,6.47,21287248.0,139603232.0
2014-10-31,6.45,6.56,6.45,6.33,22088468.0,141987520.0
2014-10-30,6.60,6.76,6.45,6.44,33467220.0,220388592.0
2014-10-29,6.61,6.64,6.60,6.46,28619804.0,188081536.0
2014-10-28,6.43,6.63,6.57,6.38,31434224.0,205262800.0
2014-10-27,6.21,6.53,6.42,6.21,28777976.0,186592816.0
2014-10-24,6.03,6.54,6.42,6.03,47001168.0,302223840.0
2014-10-23,6.20,6.25,6.06,6.03,21370900.0,131873992.0
2014-10-22,6.32,6.42,6.20,6.15,29932108.0,189453696.0
2014-10-21,6.07,6.65,6.34,6.03,80983136.0,516013280.0
2014-10-20,5.80,6.08,6.04,5.76,35892712.0,213973072.0
2014-10-17,5.81,5.84,5.70,5.56,28504266.0,163976608.0
2014-10-16,5.88,5.93,5.81,5.79,13757191.0,81635768.0
2014-10-15,5.97,6.00,5.92,5.86,12610606.0,75556472.0
2014-10-14,5.96,6.07,5.98,5.92,15540109.0,94199392.0
2014-10-13,5.88,5.96,5.96,5.78,20580596.0,122634336.0
2014-10-10,6.00,6.00,5.88,5.83,24207256.0,144269632.0
2014-10-09,6.05,6.15,6.01,5.90,25895122.0,157951424.0
2014-10-08,5.94,6.10,6.04,5.89,25305826.0,154222608.0
2014-09-30,5.83,5.96,5.93,5.79,25547680.0,151869440.0
2014-09-29,5.77,5.86,5.83,5.77,25084732.0,147829216.0
2014-09-26,5.61,5.83,5.77,5.59,31857968.0,184354560.0
2014-09-25,5.64,5.66,5.61,5.54,16362933.0,92935776.0
2014-09-24,5.51,5.67,5.63,5.45,24606204.0,138626656.0
2014-09-23,5.45,5.55,5.51,5.45,15317039.0,85089344.0
2014-09-22,5.55,5.55,5.45,5.39,13908919.0,76754824.0
2014-09-19,5.56,5.58,5.56,5.49,15312305.0,85709056.0
2014-09-18,5.55,5.60,5.56,5.49,13777227.0,77304568.0
2014-09-17,5.46,5.60,5.59,5.41,22560116.0,125590912.0
2014-09-16,5.81,5.88,5.49,5.47,43530276.0,248762512.0
2014-09-15,5.74,5.79,5.74,5.70,18594004.0,107911016.0
2014-09-12,5.64,5.73,5.73,5.50,21400172.0,121617584.0
2014-09-11,5.69,5.86,5.67,5.64,32818324.0,190929776.0
2014-09-10,5.60,5.75,5.67,5.58,18055036.0,103539048.0
2014-09-09,5.49,5.76,5.64,5.47,32083038.0,183025488.0
2014-09-05,5.49,5.51,5.49,5.42,18071236.0,99881920.0
2014-09-04,5.42,5.51,5.48,5.34,22623320.0,124642808.0
2014-09-03,5.39,5.43,5.40,5.31,25834480.0,140286656.0
2014-09-02,5.29,5.39,5.39,5.29,22169048.0,119801200.0
2014-09-01,5.24,5.30,5.28,5.22,13925769.0,74259320.0
2014-08-29,5.13,5.24,5.24,5.09,10069129.0,52813144.0
2014-08-28,5.27,5.27,5.13,5.10,16522183.0,86874720.0
2014-08-27,5.04,5.37,5.30,5.02,24971450.0,130844536.0
2014-08-26,5.18,5.21,5.03,5.00,13732500.0,70877176.0
2014-08-25,5.31,5.31,5.20,5.17,11325911.0,59720072.0
2014-08-22,5.26,5.31,5.29,5.22,10808460.0,57605096.0
2014-08-21,5.38,5.38,5.27,5.19,13958168.0,74101368.0
2014-08-20,5.34,5.43,5.33,5.29,22767684.0,123529216.0
2014-08-19,5.21,5.39,5.37,5.19,31692572.0,169203728.0
2014-08-18,5.19,5.24,5.21,5.17,11525840.0,60608024.0
2014-08-15,5.13,5.20,5.18,5.10,10671589.0,55695552.0
2014-08-14,5.18,5.21,5.12,5.09,11973961.0,62475572.0
2014-08-13,5.24,5.24,5.17,5.10,13194314.0,69048592.0
2014-08-12,5.29,5.29,5.24,5.18,13637689.0,72022128.0
2014-08-11,5.25,5.31,5.29,5.20,16821546.0,89423120.0
2014-08-08,5.24,5.26,5.24,5.17,13780914.0,72735696.0
2014-08-07,5.11,5.27,5.24,5.06,32656988.0,171554384.0
2014-08-06,5.05,5.13,5.10,4.99,12205774.0,62587124.0
2014-08-05,5.12,5.12,5.08,5.03,7748570.0,39680480.0
2014-08-04,5.00,5.08,5.08,4.97,9511482.0,48449080.0
2014-08-01,5.13,5.13,4.99,4.98,13029997.0,66666464.0
2014-07-31,5.08,5.16,5.13,5.05,12514914.0,64761192.0
2014-07-30,5.08,5.12,5.09,5.02,10293911.0,52828120.0
2014-07-29,4.96,5.17,5.08,4.96,21782228.0,112148760.0
2014-07-28,4.89,4.98,4.96,4.89,13215727.0,66253856.0
2014-07-25,4.83,4.88,4.88,4.80,4992616.0,24467192.0
2014-07-24,4.82,4.86,4.83,4.78,9914170.0,48173208.0
2014-07-23,4.94,4.94,4.84,4.83,8474637.0,41748552.0
2014-07-22,4.90,4.94,4.92,4.87,7400064.0,36797208.0
2014-07-21,4.96,4.97,4.89,4.83,9973684.0,49158884.0
2014-07-18,4.98,5.01,4.96,4.94,5367133.0,26985042.0
2014-07-17,4.90,5.01,4.99,4.87,10788910.0,54070160.0
2014-07-16,4.95,4.97,4.90,4.90,7518151.0,37436868.0
2014-07-15,5.02,5.03,4.95,4.91,8172464.0,40938648.0
2014-07-14,4.90,5.03,4.98,4.89,10778270.0,54340404.0
2014-07-11,4.88,4.90,4.90,4.82,7414736.0,36499480.0
2014-07-10,4.85,4.90,4.88,4.84,4029679.0,19842002.0
2014-07-09,4.94,4.96,4.84,4.82,8577469.0,42415640.0
2014-07-08,4.84,4.96,4.94,4.81,11814142.0,58506248.0
2014-07-07,4.83,4.89,4.83,4.79,7316983.0,35722868.0
2014-07-04,4.90,4.91,4.83,4.77,13595333.0,66196904.0
2014-07-03,4.96,4.97,4.92,4.89,8290310.0,41386232.0
2014-07-02,4.93,4.98,4.96,4.90,5483295.0,27378140.0
2014-07-01,4.90,4.99,4.93,4.90,8362482.0,41935880.0
2014-06-30,4.84,4.92,4.92,4.74,12313065.0,60482064.0
2014-06-27,4.81,4.88,4.82,4.77,5890036.0,28689692.0
2014-06-26,4.77,4.83,4.82,4.72,5372197.0,26074784.0
2014-06-25,4.80,4.82,4.77,4.73,3759877.0,18149416.0
2014-06-24,4.80,4.84,4.83,4.72,6175759.0,29926646.0
2014-06-23,4.68,4.86,4.75,4.65,8057019.0,38863816.0
2014-06-20,4.72,4.72,4.68,4.57,10011824.0,46934064.0
2014-06-19,4.84,4.87,4.72,4.71,8860209.0,42676072.0
2014-06-18,5.00,5.01,4.84,4.82,13088673.0,64570508.0
2014-06-17,4.97,5.05,5.01,4.97,7045080.0,35724864.0
2014-06-16,4.95,5.01,4.98,4.91,6523200.0,32887940.0
2014-06-13,4.90,4.96,4.94,4.89,6541946.0,32659036.0
2014-06-12,4.91,4.96,4.92,4.88,4781430.0,23779472.0
2014-06-11,4.98,4.99,4.93,4.87,6207401.0,30970058.0
2014-06-10,4.89,5.03,5.00,4.79,9490078.0,46818928.0
2014-06-09,5.02,5.02,4.88,4.85,8771981.0,43470916.0
2014-06-06,5.06,5.09,5.01,4.99,4028825.0,20475112.0
2014-06-05,5.02,5.06,5.05,4.97,4533859.0,23065868.0
2014-06-04,5.09,5.10,5.02,4.99,5487142.0,27903084.0
2014-06-03,5.06,5.12,5.07,5.03,8044091.0,41323872.0
2014-05-30,4.98,5.08,5.06,4.98,8332783.0,42567820.0
2014-05-29,5.08,5.12,4.98,4.97,10217650.0,52047432.0
2014-05-28,4.97,5.15,5.09,4.91,12394940.0,63070700.0
2014-05-27,4.98,4.99,4.96,4.90,6820137.0,34060792.0
2014-05-26,4.91,5.04,4.95,4.86,11883887.0,59716568.0
2014-05-23,4.85,4.91,4.90,4.83,6892685.0,33991744.0
2014-05-22,4.86,4.90,4.83,4.81,5200802.0,25532624.0
2014-05-21,4.79,4.89,4.84,4.76,6985588.0,34122640.0
2014-05-20,4.81,4.90,4.78,4.72,10840975.0,52820276.0
2014-05-19,5.01,5.01,4.78,4.76,18894802.0,92737096.0
2014-05-16,5.05,5.12,5.01,4.91,10708563.0,54243324.0
2014-05-15,5.18,5.20,5.10,5.04,8364630.0,43294428.0
2014-05-14,5.15,5.26,5.18,5.03,10987019.0,57150304.0
2014-05-13,5.12,5.18,5.12,5.07,4289245.0,22176994.0
2014-05-12,5.06,5.15,5.12,5.06,7345278.0,38017824.0
2014-05-09,5.14,5.14,5.02,4.97,10719827.0,54638528.0
2014-05-08,5.14,5.22,5.14,5.09,8979352.0,46644104.0
2014-05-07,5.18,5.28,5.17,5.08,9710913.0,51061128.0
2014-05-06,5.31,5.41,5.20,5.18,12326905.0,65972000.0
2014-05-05,5.30,5.37,5.34,5.16,9667900.0,51871276.0
2014-04-30,5.08,5.35,5.27,5.06,15191123.0,81173600.0
2014-04-29,4.98,5.11,5.08,4.98,8083066.0,41577576.0
2014-04-28,5.11,5.14,4.98,4.90,19256398.0,97718944.0
2014-04-25,5.02,5.20,5.11,5.02,17664596.0,92103216.0
2014-04-24,5.65,5.68,5.13,5.01,49329296.0,264702224.0
2014-04-23,5.62,5.75,5.56,5.49,24285732.0,138618224.0
2014-04-22,5.44,5.62,5.61,5.32,31041496.0,173419200.0
2014-04-21,5.56,5.68,5.42,5.41,29885112.0,169025040.0
2014-04-18,5.33,5.65,5.57,5.29,33956684.0,190261888.0
2014-04-17,5.39,5.49,5.36,5.31,23015756.0,126235328.0
2014-04-16,5.18,5.53,5.39,5.10,41263604.0,224084768.0
2014-04-15,5.11,5.17,5.16,5.06,15117840.0,78766488.0
2014-04-14,5.06,5.17,5.11,5.03,14222989.0,74053376.0
2014-04-11,5.10,5.11,5.04,5.01,18893186.0,97069752.0
2014-04-10,5.18,5.23,5.14,5.08,21509592.0,112645160.0
2014-04-09,5.18,5.26,5.18,5.12,26885212.0,142104480.0
2014-04-08,5.11,5.20,5.18,5.03,26414086.0,137675936.0
2014-04-04,4.88,5.18,5.16,4.80,33156460.0,169485520.0
2014-04-03,4.89,4.97,4.87,4.82,10692124.0,52995732.0
2014-04-02,4.79,4.99,4.89,4.78,19699660.0,98010904.0
2014-04-01,4.77,4.86,4.78,4.71,20920160.0,101312064.0
2014-03-31,4.87,5.03,4.90,4.80,15258926.0,76405336.0
2014-03-28,4.84,4.90,4.89,4.72,17183758.0,83654104.0
2014-03-27,5.01,5.01,4.84,4.81,20484622.0,101849864.0
2014-03-26,4.97,5.15,5.01,4.91,23717568.0,121476520.0
2014-03-25,4.98,5.01,4.96,4.87,18202632.0,91170864.0
2014-03-24,4.90,5.11,4.99,4.87,41640468.0,212254816.0
2014-03-21,4.58,4.95,4.90,4.58,38799752.0,189222640.0
2014-03-20,4.46,4.91,4.65,4.43,40503284.0,193370720.0
2014-03-19,4.49,4.49,4.47,4.41,11215640.0,50770656.0
2014-03-18,4.48,4.55,4.49,4.41,12487994.0,56924928.0
2014-03-17,4.43,4.51,4.49,4.35,13224362.0,59503156.0
2014-03-14,4.47,4.51,4.43,4.37,10897418.0,49134780.0
2014-03-13,4.43,4.53,4.50,4.33,17621652.0,80010864.0
2014-03-12,4.55,4.61,4.43,4.33,22494308.0,102491504.0
2014-03-11,4.55,4.62,4.59,4.47,18824200.0,87051056.0
2014-03-10,4.82,4.92,4.55,4.52,28619332.0,136558736.0
2014-03-07,4.88,4.96,4.83,4.80,27322592.0,134715776.0
2014-03-06,4.91,4.96,4.88,4.76,47600908.0,235110480.0
2014-03-05,4.56,4.97,4.97,4.51,86247568.0,427320832.0
2014-03-04,4.51,4.59,4.51,4.45,18201692.0,83609664.0
2014-03-03,4.52,4.64,4.52,4.47,26502038.0,122441840.0
2014-02-28,4.53,4.71,4.55,4.39,20848628.0,95935880.0
2014-02-27,4.62,4.81,4.57,4.54,30961494.0,147057824.0
2014-02-26,4.50,4.64,4.61,4.47,29666728.0,137056528.0
2014-02-25,4.76,4.90,4.51,4.48,42665120.0,202950800.0
2014-02-24,4.67,4.83,4.78,4.54,48028936.0,227965104.0
2014-02-21,4.78,4.84,4.71,4.58,40277820.0,191968368.0
2014-02-20,5.05,5.07,4.81,4.76,39931840.0,197032144.0
2014-02-19,5.13,5.16,5.07,4.98,26413748.0,136337296.0
2014-02-18,5.10,5.26,5.19,4.99,44072128.0,229463056.0
2014-02-17,5.08,5.21,5.11,5.02,40503508.0,210722496.0
2014-02-14,4.82,5.29,5.11,4.76,59436820.0,305688416.0
2014-02-13,4.89,4.98,4.86,4.70,82852688.0,407848800.0
2014-02-12,4.38,4.84,4.84,4.36,95518424.0,460612128.0
2014-02-11,4.13,4.53,4.39,4.12,47694276.0,213474624.0
2014-02-10,3.93,4.14,4.12,3.92,16488990.0,68089216.0
2014-02-07,3.90,3.94,3.93,3.86,3961110.0,15776661.0
2014-01-30,3.94,3.98,3.92,3.88,5248580.0,21020868.0
2014-01-29,4.00,4.01,3.97,3.95,5665113.0,22959152.0
2014-01-28,3.94,4.00,3.99,3.91,7398385.0,29765572.0
2014-01-27,3.88,3.96,3.94,3.84,8026805.0,32028738.0
2014-01-24,3.84,3.95,3.89,3.82,8556314.0,33990188.0
2014-01-23,3.84,3.86,3.85,3.81,5451205.0,21295458.0
2014-01-22,3.73,3.85,3.83,3.71,7886256.0,30585250.0
2014-01-21,3.66,3.73,3.71,3.66,3309364.0,12457471.0
2014-01-20,3.76,3.76,3.67,3.66,3063542.0,11544855.0
2014-01-17,3.78,3.78,3.74,3.71,2580777.0,9803898.0
2014-01-16,3.77,3.81,3.78,3.76,3685268.0,14169904.0
2014-01-15,3.77,3.80,3.78,3.71,5734330.0,21859332.0
2014-01-14,3.58,3.81,3.77,3.57,8359245.0,31540600.0
2014-01-13,3.56,3.59,3.58,3.52,3162599.0,11447302.0
2014-01-10,3.65,3.65,3.56,3.55,4138576.0,15107869.0
2014-01-09,3.74,3.78,3.65,3.63,5906227.0,22279988.0
2014-01-08,3.81,3.81,3.74,3.74,3795201.0,14531482.0
2014-01-07,3.75,3.81,3.79,3.72,3355422.0,12868439.0
2014-01-06,3.85,3.86,3.77,3.76,6468117.0,24975718.0
2014-01-03,3.94,3.95,3.85,3.85,5095711.0,20149836.0
2014-01-02,3.96,3.97,3.95,3.93,3764953.0,15120284.0
2013-12-31,3.92,3.96,3.95,3.88,3887947.0,15603411.0
2013-12-30,3.91,3.97,3.92,3.90,5387833.0,21581626.0
2013-12-27,3.82,3.90,3.88,3.82,3998501.0,15719255.0
2013-12-26,3.89,3.90,3.83,3.81,4807732.0,18840396.0
2013-12-25,3.89,3.92,3.91,3.84,3723359.0,14723116.0
2013-12-24,3.86,3.91,3.88,3.83,4926547.0,19407076.0
2013-12-23,3.95,3.95,3.86,3.85,5900275.0,23433256.0
2013-12-20,3.97,4.00,3.94,3.93,4929590.0,19852632.0
2013-12-19,4.05,4.06,3.97,3.97,4197956.0,17132060.0
2013-12-18,4.01,4.07,4.04,3.97,7021951.0,28793816.0
2013-12-17,4.04,4.05,4.00,4.00,3924400.0,16035947.0
2013-12-16,4.08,4.11,4.05,4.00,10370562.0,42579432.0
2013-12-13,4.07,4.09,4.08,4.04,3640840.0,15088605.0
2013-12-12,4.07,4.10,4.07,4.05,6404012.0,26525560.0
2013-12-11,4.15,4.15,4.08,4.04,9074552.0,37754568.0
2013-12-10,4.12,4.19,4.16,4.12,9732411.0,41205148.0
2013-12-09,4.11,4.14,4.13,4.10,6184188.0,25902240.0
2013-12-06,4.12,4.13,4.10,4.07,5837278.0,24363556.0
2013-12-05,4.17,4.18,4.13,4.10,8597534.0,36086264.0
2013-12-04,4.06,4.18,4.13,4.04,11141428.0,46796596.0
2013-12-03,4.01,4.08,4.07,3.98,7355227.0,30150856.0
2013-12-02,4.15,4.21,4.01,3.97,16159952.0,67083284.0
2013-11-29,4.21,4.24,4.20,4.18,8734074.0,37340248.0
2013-11-28,4.21,4.25,4.21,4.19,12043447.0,51683980.0
2013-11-27,4.15,4.21,4.20,4.14,8621214.0,36630096.0
2013-11-26,4.15,4.18,4.18,4.10,7979453.0,33610408.0
2013-11-25,4.14,4.18,4.14,4.02,6336430.0,26622196.0
2013-11-22,4.22,4.26,4.15,4.14,8927519.0,37944896.0
2013-11-21,4.24,4.28,4.22,4.18,12547556.0,53879416.0
2013-11-20,4.14,4.27,4.23,4.13,14032106.0,60076080.0
2013-11-19,4.16,4.19,4.13,4.12,12053363.0,50933232.0
2013-11-18,4.10,4.18,4.16,4.07,11871381.0,49947568.0
2013-11-15,4.01,4.14,4.07,4.00,11222053.0,46679184.0
2013-11-14,3.98,4.04,4.01,3.90,7915044.0,32091198.0
2013-11-13,4.10,4.10,3.98,3.97,10016062.0,40924772.0
2013-11-12,4.10,4.13,4.11,4.06,6795860.0,28302116.0
2013-11-11,4.13,4.14,4.08,4.04,8272300.0,34314596.0
2013-11-08,4.22,4.26,4.13,4.11,11021454.0,46723060.0
2013-11-07,4.32,4.34,4.26,4.24,9208767.0,39994804.0
2013-11-06,4.31,4.38,4.34,4.28,18083376.0,79490472.0
2013-11-05,4.31,4.34,4.33,4.25,12454627.0,54473216.0
2013-11-04,4.19,4.37,4.31,4.18,16828748.0,73493704.0
2013-11-01,4.09,4.19,4.18,4.09,11424894.0,48231840.0
2013-10-31,4.12,4.18,4.10,4.08,10533507.0,44184440.0
2013-10-30,4.12,4.17,4.15,4.05,18823100.0,78696656.0
2013-10-29,4.28,4.32,4.12,4.00,18151486.0,76386296.0
2013-10-28,4.35,4.36,4.28,4.21,11640258.0,50478572.0
2013-10-25,4.35,4.46,4.33,4.25,21199358.0,93848744.0
2013-10-24,4.25,4.38,4.31,4.18,25000644.0,109557864.0
2013-10-23,4.44,4.48,4.23,4.21,37630816.0,165714160.0
2013-10-22,4.62,4.69,4.48,4.46,27219398.0,125974528.0
2013-10-21,4.55,4.66,4.64,4.48,28888704.0,134692048.0
2013-10-18,4.49,4.70,4.56,4.39,34081176.0,158659424.0
2013-10-17,4.62,4.66,4.46,4.44,25930340.0,119321344.0
2013-10-16,4.68,4.79,4.57,4.50,31272660.0,146946208.0
2013-10-15,4.77,4.78,4.70,4.67,33402560.0,160162848.0
2013-10-14,4.77,4.85,4.76,4.68,40737232.0,197257168.0
2013-10-11,4.59,4.94,4.82,4.56,74216352.0,361673792.0
2013-10-10,4.45,4.71,4.55,4.44,44833680.0,209445792.0
2013-10-09,4.44,4.50,4.45,4.37,27666728.0,124839144.0
2013-10-08,4.46,4.56,4.49,4.39,35319340.0,161532032.0
2013-09-30,4.37,4.50,4.48,4.31,34276064.0,154119680.0
2013-09-27,4.15,4.40,4.38,4.15,32297176.0,141792880.0
2013-09-26,4.39,4.48,4.22,4.16,45423048.0,199093616.0
2013-09-25,4.53,4.75,4.48,4.44,77083904.0,359694560.0
2013-09-24,4.30,4.47,4.41,4.21,46226036.0,204766768.0
2013-09-23,4.30,4.37,4.33,4.20,35883724.0,156447536.0
2013-09-18,4.26,4.34,4.32,4.13,32763872.0,140655104.0
2013-09-17,4.42,4.48,4.28,4.23,58675948.0,258256304.0
2013-09-16,4.28,4.60,4.45,4.19,66461236.0,296044288.0
2013-09-13,4.18,4.33,4.21,4.15,37787852.0,162317504.0
2013-09-12,3.99,4.40,4.22,3.99,57512660.0,246061632.0
2013-09-11,4.07,4.13,4.00,3.95,26713314.0,109427272.0
2013-09-10,3.90,4.16,4.09,3.87,39194864.0,159633712.0
2013-09-09,3.86,3.98,3.91,3.85,22922220.0,91469256.0
2013-09-06,3.81,3.90,3.87,3.79,21278844.0,82836976.0
2013-09-05,3.86,3.87,3.81,3.80,8650856.0,33630332.0
2013-09-04,3.88,3.91,3.86,3.85,11962040.0,47218128.0
2013-09-03,3.85,3.91,3.88,3.76,15590740.0,61125892.0
2013-09-02,3.84,3.89,3.85,3.78,12583258.0,49123920.0
2013-08-30,3.86,3.92,3.83,3.78,19427532.0,76414272.0
2013-08-29,3.84,3.90,3.88,3.83,14247342.0,56040556.0
2013-08-28,3.85,3.95,3.84,3.80,22933440.0,90242584.0
2013-08-27,3.89,3.90,3.88,3.79,21243316.0,83100512.0
2013-08-26,3.86,3.91,3.89,3.81,19996976.0,78753480.0
2013-08-23,3.87,4.00,3.85,3.76,30242530.0,119209600.0
2013-08-22,3.93,4.03,3.90,3.88,48792040.0,195996272.0
2013-08-21,3.63,4.00,4.00,3.62,78359312.0,312006240.0
2013-08-20,3.67,3.68,3.64,3.60,12342863.0,45693928.0
2013-08-19,3.51,3.69,3.68,3.50,17114888.0,63021544.0
2013-08-16,3.50,3.68,3.54,3.47,17133114.0,62483672.0
2013-08-15,3.56,3.59,3.51,3.50,6758239.0,24419114.0
2013-08-14,3.62,3.65,3.57,3.54,7693650.0,28141944.0
2013-08-13,3.64,3.65,3.62,3.60,5731696.0,21102704.0
2013-08-12,3.59,3.64,3.63,3.54,10996060.0,40279864.0
2013-08-09,3.57,3.61,3.60,3.50,8607255.0,31175292.0
2013-08-08,3.50,3.59,3.57,3.49,7517358.0,27057488.0
2013-08-07,3.59,3.61,3.53,3.53,9731625.0,35295280.0
2013-08-06,3.51,3.69,3.61,3.49,17509386.0,64397544.0
2013-08-05,3.51,3.55,3.52,3.47,6078330.0,21704416.0
2013-08-02,3.44,3.59,3.51,3.42,14001973.0,49952916.0
2013-08-01,3.36,3.43,3.42,3.34,5390645.0,18643446.0
2013-07-31,3.39,3.41,3.35,3.34,4697895.0,16128850.0
2013-07-30,3.34,3.41,3.38,3.33,4656962.0,15971088.0
2013-07-29,3.43,3.43,3.32,3.32,5678100.0,19426116.0
2013-07-26,3.46,3.48,3.44,3.41,5311301.0,18611028.0
2013-07-25,3.55,3.57,3.48,3.46,6524192.0,23253234.0
2013-07-24,3.57,3.58,3.55,3.49,9045000.0,32557910.0
2013-07-23,3.53,3.60,3.58,3.49,12760808.0,46170984.0
2013-07-22,3.44,3.57,3.53,3.37,10737427.0,37924300.0
2013-07-19,3.51,3.66,3.50,3.49,13466538.0,48769428.0
2013-07-18,3.48,3.62,3.51,3.47,11228636.0,40547364.0
2013-07-17,3.57,3.63,3.50,3.46,14092555.0,50769876.0
2013-07-16,3.43,3.76,3.60,3.39,20605216.0,75133632.0
2013-07-15,3.34,3.46,3.42,3.34,7671274.0,26613172.0
2013-07-12,3.42,3.42,3.33,3.33,6957445.0,23914498.0
2013-07-11,3.34,3.46,3.42,3.32,11516878.0,39896996.0
2013-07-10,3.23,3.35,3.34,3.22,7318783.0,24642948.0
2013-07-09,3.21,3.25,3.24,3.21,3799629.0,12483971.0
2013-07-08,3.28,3.29,3.22,3.22,4283491.0,14157330.0
2013-07-05,3.28,3.36,3.33,3.28,6796598.0,23043168.0
2013-07-04,3.26,3.33,3.29,3.22,5121884.0,17128112.0
2013-07-03,3.32,3.32,3.28,3.22,5027417.0,16655420.0
2013-07-02,3.29,3.34,3.33,3.26,6510952.0,21871178.0
2013-07-01,3.24,3.31,3.30,3.22,5069362.0,16879612.0
2013-06-28,3.22,3.28,3.24,3.16,5213253.0,17207188.0
2013-06-27,3.29,3.32,3.23,3.22,7456068.0,24849120.0
2013-06-26,3.36,3.36,3.29,3.22,13029612.0,43418208.0
2013-06-25,3.35,3.44,3.38,3.07,9896195.0,32840638.0
2013-06-24,3.57,3.57,3.35,3.31,6724058.0,23544520.0
2013-06-21,3.58,3.62,3.58,3.54,4652045.0,16929232.0
2013-06-20,3.68,3.69,3.61,3.61,4651444.0,17252968.0
2013-06-19,3.71,3.71,3.70,3.62,4229025.0,15755943.0
2013-06-18,3.72,3.75,3.73,3.68,3807909.0,14386173.0
2013-06-17,3.73,3.73,3.70,3.67,3502785.0,13170423.0
2013-06-14,3.70,3.73,3.73,3.69,3551242.0,13394127.0
2013-06-13,3.77,3.78,3.69,3.66,6538310.0,24559452.0
2013-06-07,3.81,3.82,3.78,3.77,5890349.0,22712720.0
2013-06-06,3.85,3.85,3.81,3.80,5742125.0,22364156.0
2013-06-05,3.88,3.89,3.86,3.83,7185972.0,28184376.0
2013-06-04,3.93,3.94,3.88,3.86,8217623.0,32593580.0
2013-06-03,3.95,3.97,3.94,3.92,6536991.0,26278122.0
2013-05-31,3.98,4.01,3.95,3.94,7556947.0,30574130.0
2013-05-30,4.01,4.01,3.99,3.95,7672638.0,31099042.0
2013-05-29,4.00,4.04,4.01,3.99,8666649.0,35400860.0
2013-05-28,4.04,4.04,4.01,3.96,11898632.0,48311868.0
2013-05-27,4.05,4.11,4.04,4.01,10852188.0,44686784.0
2013-05-24,3.98,4.07,4.05,3.98,13285358.0,54494604.0
2013-05-23,3.99,4.07,3.99,3.95,14275012.0,58265312.0
2013-05-22,4.03,4.07,3.98,3.96,16746120.0,68356848.0
2013-05-21,3.88,4.03,4.03,3.86,25179608.0,101624256.0
2013-05-20,3.83,3.90,3.88,3.83,15516479.0,61154372.0
2013-05-17,3.84,3.85,3.83,3.79,13564540.0,52793156.0
2013-05-16,3.77,3.84,3.82,3.75,11932728.0,46208304.0
2013-05-15,3.76,3.78,3.78,3.73,5098825.0,19490392.0
2013-05-14,3.76,3.77,3.76,3.72,4549759.0,17295940.0
2013-05-13,3.81,3.81,3.77,3.74,6489733.0,24873516.0
2013-05-10,3.80,3.80,3.80,3.75,9643653.0,37265224.0
2013-05-09,3.80,3.83,3.81,3.75,10468641.0,40647696.0
2013-05-08,3.78,3.81,3.80,3.76,5726505.0,22199752.0
2013-05-07,3.77,3.80,3.77,3.75,4963252.0,19173584.0
2013-05-06,3.75,3.79,3.77,3.74,5957533.0,22982252.0
2013-05-03,3.71,3.77,3.75,3.69,3931451.0,15074905.0
2013-05-02,3.68,3.74,3.69,3.67,2116896.0,7999112.0
2013-04-26,3.75,3.75,3.69,3.67,4376760.0,16627564.0
2013-04-25,3.77,3.78,3.74,3.72,4280869.0,16436792.0
2013-04-24,3.73,3.80,3.79,3.71,9662394.0,37133336.0
2013-04-23,3.83,3.83,3.72,3.71,7331008.0,28211686.0
2013-04-22,3.80,3.86,3.85,3.78,9070184.0,35374932.0
2013-04-19,3.78,3.84,3.83,3.76,10870143.0,42359424.0
2013-04-18,3.75,3.83,3.77,3.72,8011786.0,30911846.0
2013-04-17,3.75,3.78,3.75,3.71,4476354.0,17145224.0
2013-04-16,3.72,3.76,3.75,3.67,4916058.0,18668776.0
2013-04-15,3.78,3.78,3.74,3.71,2904327.0,11094127.0
2013-04-12,3.79,3.82,3.78,3.76,2257425.0,8749342.0
2013-04-11,3.81,3.83,3.79,3.78,3029837.0,11804146.0
2013-04-10,3.82,3.83,3.79,3.76,4145714.0,16092483.0
2013-04-09,3.79,3.84,3.83,3.77,3834579.0,14961702.0
2013-04-08,3.77,3.81,3.79,3.74,4912348.0,18932402.0
2013-04-03,3.86,3.86,3.82,3.81,3901039.0,15296213.0
2013-04-02,3.89,3.90,3.86,3.82,5304922.0,20968920.0
2013-04-01,3.86,3.90,3.87,3.86,4405607.0,17467676.0
2013-03-29,3.90,3.91,3.86,3.86,6087418.0,24183970.0
2013-03-28,3.99,3.99,3.89,3.88,7965805.0,31939826.0
2013-03-27,4.00,4.05,4.02,3.96,6129547.0,25157978.0
2013-03-26,4.04,4.04,4.00,3.94,6772623.0,27546972.0
2013-03-25,4.09,4.10,4.04,4.01,10182136.0,42106732.0
2013-03-22,4.00,4.11,4.08,3.98,14794745.0,61359864.0
2013-03-21,4.02,4.03,4.01,3.98,6171920.0,25268738.0
2013-03-20,3.94,4.02,4.02,3.93,8815268.0,35913352.0
2013-03-19,3.93,3.96,3.92,3.89,4482057.0,17989308.0
2013-03-18,3.97,4.03,3.94,3.93,5714885.0,23231010.0
2013-03-14,3.97,3.97,3.96,3.91,4536218.0,18314420.0
2013-03-13,3.97,3.97,3.94,3.91,4277585.0,17225570.0
2013-03-12,4.04,4.07,3.95,3.91,7649097.0,31170732.0
2013-03-11,4.05,4.07,4.04,4.02,4811257.0,19869520.0
2013-03-08,4.09,4.11,4.05,4.04,5973412.0,24791868.0
2013-03-07,4.11,4.14,4.10,4.06,9598506.0,40227456.0
2013-03-06,4.05,4.15,4.13,4.01,13516007.0,56537124.0
2013-03-05,3.98,4.05,4.04,3.96,7836972.0,32029194.0
2013-03-04,4.08,4.08,3.98,3.96,10689214.0,43706352.0
2013-03-01,4.12,4.15,4.11,4.05,9663644.0,40416744.0
2013-02-28,4.05,4.15,4.13,4.05,8197867.0,34330176.0
2013-02-27,4.03,4.08,4.04,4.01,4060417.0,16766770.0
2013-02-26,4.06,4.12,4.02,4.02,7704661.0,32054060.0
2013-02-25,4.08,4.12,4.08,4.06,5100499.0,21306312.0
2013-02-22,4.11,4.14,4.06,4.05,10321023.0,43323500.0
2013-02-21,4.19,4.19,4.11,4.07,10128566.0,42835124.0
2013-02-20,4.19,4.25,4.23,4.16,8454817.0,36296256.0
2013-02-19,4.28,4.29,4.19,4.19,10086474.0,43541996.0
2013-02-18,4.34,4.34,4.28,4.23,8746861.0,38279148.0
2013-02-08,4.33,4.35,4.32,4.25,11840280.0,52143920.0
2013-02-07,4.36,4.43,4.30,4.21,20426422.0,90154136.0
2013-02-06,4.23,4.46,4.39,4.23,27111208.0,120607984.0
2013-02-05,4.15,4.32,4.25,4.14,17018764.0,73909496.0
2013-02-04,4.20,4.38,4.20,4.19,28305932.0,123176976.0
2013-02-01,4.02,4.16,4.15,4.00,22945136.0,95683336.0
2013-01-31,4.06,4.12,4.03,4.02,11398950.0,47267488.0
2013-01-30,4.04,4.11,4.10,4.02,15164131.0,63166820.0
2013-01-29,3.99,4.05,4.02,3.96,8627432.0,35328952.0
2013-01-28,3.91,4.00,3.98,3.91,6507696.0,26429804.0
2013-01-25,3.93,3.95,3.91,3.90,7124145.0,28570722.0
2013-01-24,3.98,4.11,3.94,3.94,19096846.0,78572248.0
2013-01-23,3.96,4.00,3.98,3.93,6465074.0,26220538.0
2013-01-22,4.03,4.04,3.98,3.96,7185909.0,29340886.0
2013-01-21,3.99,4.05,4.03,3.97,9618159.0,39448728.0
2013-01-18,3.96,4.00,3.98,3.94,6749140.0,27436820.0
2013-01-17,4.02,4.02,3.94,3.92,8514812.0,34512232.0
2013-01-16,4.04,4.05,4.01,3.96,10389513.0,42515104.0
2013-01-15,3.99,4.07,4.05,3.98,12265954.0,50601232.0
2013-01-14,3.86,4.04,4.00,3.84,13212589.0,53304820.0
2013-01-11,3.98,3.99,3.86,3.84,10888129.0,43571408.0
2013-01-10,3.97,4.01,3.97,3.95,5780554.0,23493424.0
2013-01-09,3.92,4.07,3.97,3.92,15244994.0,62091812.0
2013-01-08,3.92,3.94,3.93,3.88,6657451.0,26635944.0
2013-01-07,3.89,3.92,3.91,3.86,6011124.0,23972478.0
2013-01-04,3.94,3.96,3.89,3.88,7681636.0,30732128.0
2012-12-31,3.88,3.96,3.91,3.85,9760747.0,39020448.0
2012-12-28,3.85,3.89,3.86,3.82,8171812.0,32245048.0
2012-12-27,3.88,3.91,3.85,3.85,6979783.0,27684340.0
2012-12-26,3.89,3.89,3.89,3.85,7974821.0,31578972.0
2012-12-25,3.81,3.88,3.87,3.77,10934725.0,43088976.0
2012-12-24,3.80,3.82,3.81,3.78,3042214.0,11841303.0
2012-12-21,3.82,3.84,3.80,3.78,4877653.0,18997636.0
2012-12-20,3.81,3.83,3.80,3.77,5220827.0,20330000.0
2012-12-19,3.82,3.84,3.82,3.80,4690030.0,18334488.0
2012-12-18,3.83,3.86,3.83,3.80,8963331.0,35169072.0
2012-12-17,3.84,3.87,3.83,3.81,10246151.0,40185964.0
2012-12-14,3.69,3.84,3.82,3.69,11224522.0,43618904.0
2012-12-13,3.73,3.75,3.70,3.69,4644078.0,17608356.0
2012-12-12,3.74,3.76,3.73,3.71,3357045.0,12797698.0
2012-12-11,3.75,3.81,3.72,3.72,6650843.0,25570516.0
2012-12-10,3.72,3.84,3.76,3.69,9571848.0,36758948.0
2012-12-07,3.62,3.75,3.71,3.60,9277705.0,34952956.0
2012-12-06,3.66,3.66,3.62,3.60,3139914.0,11628088.0
2012-12-05,3.54,3.68,3.65,3.54,8875340.0,32883886.0
2012-12-04,3.48,3.57,3.56,3.45,4072984.0,14693153.0
2012-12-03,3.55,3.57,3.48,3.47,1925000.0,6944339.0
2012-11-30,3.50,3.58,3.54,3.50,2512856.0,9095636.0
2012-11-29,3.51,3.67,3.49,3.48,3191800.0,11579934.0
2012-11-28,3.57,3.57,3.51,3.49,3046976.0,10964191.0
2012-11-27,3.68,3.69,3.58,3.57,3722699.0,13751749.0
2012-11-26,3.72,3.72,3.68,3.68,2015918.0,7602029.0
2012-11-23,3.72,3.75,3.72,3.69,1890648.0,7190455.0
2012-11-22,3.74,3.74,3.70,3.69,2169185.0,8222608.0
2012-11-21,3.72,3.75,3.74,3.65,2849705.0,10802571.0
2012-11-20,3.72,3.75,3.73,3.70,2396764.0,9124219.0
2012-11-19,3.67,3.72,3.71,3.65,2295066.0,8632408.0
2012-11-16,3.68,3.69,3.67,3.64,2464520.0,9204662.0
2012-11-15,3.71,3.74,3.68,3.67,2896691.0,10967357.0
2012-11-14,3.70,3.73,3.71,3.67,2111948.0,7990864.0
2012-11-13,3.76,3.76,3.70,3.69,3592141.0,13674959.0
2012-11-12,3.74,3.78,3.76,3.73,1735230.0,6660881.0
2012-11-09,3.73,3.75,3.75,3.72,2348011.0,8964806.0
2012-11-08,3.83,3.83,3.75,3.73,4200578.0,16191062.0
2012-11-07,3.86,3.87,3.85,3.82,3802109.0,14954705.0
2012-11-06,3.88,3.90,3.86,3.80,4608740.0,18134996.0
2012-11-05,3.89,3.91,3.89,3.85,4223815.0,16759038.0
2012-11-02,3.89,3.90,3.89,3.85,4528805.0,17962128.0
2012-11-01,3.83,3.92,3.89,3.81,6753526.0,26742158.0
2012-10-31,3.78,3.83,3.82,3.75,3166176.0,12298469.0
2012-10-30,3.76,3.80,3.77,3.75,2741988.0,10592353.0
2012-10-29,3.79,3.81,3.76,3.74,3355253.0,12898577.0
2012-10-26,3.88,3.88,3.79,3.76,5797537.0,22585610.0
2012-10-25,3.89,3.95,3.88,3.86,6164191.0,24632510.0
2012-10-24,3.84,3.91,3.89,3.82,5708902.0,22604560.0
2012-10-23,3.93,3.94,3.87,3.85,11563686.0,46220272.0
2012-10-22,3.80,4.09,3.96,3.79,20965172.0,84952880.0
2012-10-19,3.83,3.84,3.81,3.81,4218189.0,16491836.0
2012-10-18,3.76,3.84,3.83,3.76,5235386.0,20439528.0
2012-10-17,3.75,3.77,3.76,3.73,2523758.0,9695202.0
2012-10-16,3.75,3.78,3.75,3.73,2839300.0,10903115.0
2012-10-15,3.78,3.79,3.75,3.72,2946645.0,11271845.0
2012-10-12,3.79,3.83,3.78,3.76,3713342.0,14403798.0
2012-10-11,3.82,3.85,3.78,3.78,3453395.0,13459377.0
2012-10-10,3.80,3.85,3.83,3.77,4868724.0,19027076.0
2012-10-09,3.75,3.82,3.81,3.75,4511836.0,17534466.0
2012-10-08,3.76,3.78,3.75,3.74,2799860.0,10762399.0
2012-09-28,3.71,3.76,3.75,3.69,4144051.0,15842534.0
2012-09-27,3.65,3.76,3.72,3.64,3957801.0,14986727.0
2012-09-26,3.71,3.72,3.65,3.64,3255725.0,12228936.0
2012-09-25,3.71,3.75,3.71,3.70,2709717.0,10290117.0
2012-09-24,3.72,3.74,3.73,3.67,3402179.0,12874306.0
2012-09-21,3.72,3.75,3.72,3.71,2795105.0,10665940.0
2012-09-20,3.82,3.82,3.73,3.72,5278019.0,20391568.0
2012-09-19,3.80,3.86,3.83,3.80,2907186.0,11420517.0
2012-09-18,3.80,3.85,3.80,3.78,3579368.0,13962075.0
2012-09-17,3.96,3.97,3.81,3.79,7636624.0,30030668.0
2012-09-14,3.98,3.99,3.95,3.92,4646336.0,18779054.0
2012-09-13,4.01,4.02,3.94,3.94,4944485.0,20085802.0
2012-09-12,4.00,4.02,4.01,3.96,4962366.0,20229236.0
2012-09-11,4.01,4.01,3.99,3.95,6791875.0,27621460.0
2012-09-10,4.04,4.05,4.04,3.99,6443411.0,26491764.0
2012-09-07,3.92,4.07,4.02,3.91,10866565.0,44478888.0
2012-09-06,3.89,3.90,3.90,3.85,4435118.0,17600524.0
2012-09-05,3.86,3.92,3.88,3.82,3966009.0,15726356.0
2012-09-04,3.89,3.90,3.83,3.83,4510873.0,17839416.0
2012-09-03,3.84,3.89,3.88,3.83,4707787.0,18646778.0
2012-08-31,3.81,3.87,3.85,3.79,3360642.0,13234765.0
2012-08-30,3.81,3.83,3.81,3.76,3674134.0,14253569.0
2012-08-29,3.83,3.85,3.81,3.79,2521562.0,9859087.0
2012-08-28,3.81,3.86,3.83,3.80,4024099.0,15767175.0
2012-08-27,3.91,3.93,3.81,3.80,7450487.0,29257506.0
2012-08-24,4.01,4.01,3.91,3.90,7039178.0,28420060.0
2012-08-23,3.99,4.03,4.02,3.93,4704084.0,19218888.0
2012-08-22,4.03,4.05,3.99,3.97,4001481.0,16371394.0
2012-08-21,3.97,4.02,4.02,3.95,5170677.0,21162816.0
2012-08-20,3.95,3.98,3.97,3.92,3596172.0,14504533.0
2012-08-17,3.99,4.00,3.96,3.94,4577373.0,18547292.0
2012-08-16,3.97,4.01,3.98,3.97,2772572.0,11313199.0
2012-08-15,4.01,4.05,4.00,3.97,6731419.0,27601638.0
2012-08-14,4.08,4.09,4.02,3.98,12566536.0,51485720.0
2012-08-13,4.15,4.16,4.07,4.03,6377839.0,26607806.0
2012-08-10,4.15,4.20,4.17,4.13,7414536.0,31667616.0
2012-08-09,4.13,4.16,4.15,4.09,5869845.0,24837032.0
2012-08-08,4.15,4.17,4.14,4.11,5738311.0,24228766.0
2012-08-07,4.14,4.18,4.16,4.10,6800468.0,28752358.0
2012-08-06,4.06,4.14,4.13,4.04,5096124.0,21398472.0
2012-08-03,4.05,4.10,4.09,4.03,3556545.0,14764736.0
2012-08-02,4.03,4.09,4.04,3.98,5158233.0,21333980.0
2012-08-01,3.96,4.03,4.01,3.94,2559427.0,10455830.0
2012-07-31,3.99,3.99,3.96,3.92,3112828.0,12550264.0
2012-07-30,4.06,4.07,3.99,3.97,3031138.0,12425061.0
2012-07-27,4.08,4.10,4.06,4.03,2859555.0,11874097.0
2012-07-26,4.08,4.11,4.05,4.05,2667270.0,11126442.0
2012-07-25,4.15,4.15,4.08,4.06,2680813.0,11261977.0
2012-07-24,4.09,4.16,4.16,4.08,2821165.0,11914377.0
2012-07-23,4.13,4.14,4.11,4.06,2923418.0,12251611.0
2012-07-20,4.15,4.17,4.16,4.12,3688952.0,15624486.0
2012-07-19,4.15,4.25,4.17,4.12,6774761.0,28847060.0
2012-07-18,4.01,4.23,4.13,3.96,5054543.0,21001908.0
2012-07-17,3.97,4.03,4.01,3.96,3884338.0,15873049.0
2012-07-16,4.18,4.18,3.97,3.96,6453271.0,26713386.0
2012-07-13,4.19,4.20,4.18,4.14,3928680.0,16761418.0
2012-07-12,4.13,4.20,4.20,4.08,7347237.0,31199424.0
2012-07-11,4.05,4.12,4.12,4.04,5614374.0,23443468.0
2012-07-10,4.11,4.12,4.07,4.02,5935923.0,24672072.0
2012-07-09,4.22,4.22,4.10,4.08,6982954.0,29672812.0
2012-07-06,4.21,4.26,4.24,4.14,6561647.0,28179178.0
2012-07-05,4.34,4.34,4.17,4.16,9684076.0,41857844.0
2012-07-04,4.39,4.41,4.36,4.31,4611664.0,20527428.0
2012-07-03,4.41,4.44,4.38,4.35,8605980.0,38804300.0
2012-07-02,4.47,4.49,4.42,4.39,5122695.0,23194952.0
2012-06-29,4.35,4.46,4.44,4.30,6783990.0,30378034.0
2012-06-28,4.47,4.49,4.38,4.33,8804181.0,39767716.0
2012-06-27,4.55,4.58,4.46,4.45,9018366.0,41660840.0
2012-06-26,4.47,4.53,4.53,4.43,7165799.0,32803756.0
2012-06-25,4.47,4.51,4.49,4.42,8066910.0,36796312.0
2012-06-21,4.58,4.60,4.48,4.46,7009859.0,32247128.0
2012-06-20,4.58,4.62,4.56,4.54,6744634.0,31515280.0
2012-06-19,4.67,4.68,4.56,4.53,17240112.0,81140256.0
2012-06-15,4.61,4.69,4.64,4.57,12826502.0,60671528.0
2012-06-14,4.52,4.68,4.59,4.51,20835544.0,98363152.0
2012-06-13,4.50,4.57,4.55,4.43,8141240.0,37531664.0
2012-06-12,4.53,4.53,4.48,4.46,5257707.0,24105136.0
2012-06-11,4.48,4.62,4.55,4.46,10715320.0,49718552.0
2012-06-08,4.50,4.51,4.45,4.44,7004568.0,32065506.0
2012-06-07,4.54,4.55,4.44,4.39,8980031.0,41009476.0
2012-06-06,4.49,4.54,4.48,4.44,6500435.0,29845298.0
2012-06-05,4.46,4.52,4.47,4.44,8487238.0,38805408.0
2012-06-04,4.56,4.61,4.44,4.44,16658620.0,77135120.0
2012-06-01,4.68,4.68,4.66,4.56,33924812.0,159821632.0
2012-05-31,4.75,4.80,4.71,4.65,21663172.0,104894280.0
2012-05-30,4.68,4.79,4.78,4.64,29826884.0,144194000.0
2012-05-29,4.42,4.73,4.70,4.41,30240408.0,142902208.0
2012-05-28,4.35,4.44,4.44,4.28,6015869.0,26908072.0
2012-05-25,4.42,4.45,4.37,4.35,7597840.0,34089264.0
2012-05-24,4.47,4.49,4.43,4.41,5414135.0,24610660.0
2012-05-23,4.51,4.54,4.49,4.44,5660860.0,25976288.0
2012-05-22,4.48,4.53,4.52,4.47,6087325.0,28040994.0
2012-05-21,4.43,4.51,4.47,4.40,4494137.0,20448394.0
2012-05-18,4.49,4.54,4.44,4.38,8495160.0,38819656.0
2012-05-17,4.42,4.57,4.51,4.42,9994261.0,46039024.0
2012-05-16,4.49,4.54,4.43,4.41,6992853.0,32019796.0
2012-05-15,4.54,4.56,4.49,4.38,12800162.0,58239736.0
2012-05-14,4.65,4.65,4.56,4.56,10221590.0,48069384.0
2012-05-11,4.69,4.71,4.62,4.60,8327076.0,39541352.0
2012-05-10,4.72,4.75,4.69,4.62,12892612.0,61822000.0
2012-05-09,4.79,4.79,4.71,4.70,14108566.0,68437144.0
2012-05-08,4.70,4.84,4.82,4.67,20723132.0,101305712.0
2012-05-07,4.71,4.73,4.73,4.64,13207335.0,63308188.0
2012-05-04,4.67,4.75,4.73,4.66,10944368.0,52757068.0
2012-05-03,4.75,4.76,4.69,4.66,10958752.0,52731160.0
2012-05-02,4.75,4.81,4.75,4.70,16410140.0,79702840.0
2012-04-27,4.74,4.77,4.69,4.65,14907165.0,71886616.0
2012-04-26,4.74,4.83,4.75,4.64,27782778.0,134671600.0
2012-04-25,4.55,4.82,4.71,4.53,38638464.0,185548304.0
2012-04-24,4.49,4.59,4.55,4.32,19651608.0,90061816.0
2012-04-23,4.57,4.65,4.52,4.50,26843136.0,125573936.0
2012-04-19,4.54,4.58,4.51,4.47,14023629.0,64885008.0
2012-04-18,4.37,4.67,4.55,4.37,20082880.0,92170032.0
2012-04-17,4.49,4.52,4.37,4.36,10878702.0,49379684.0
2012-04-16,4.40,4.52,4.50,4.38,12322472.0,56290664.0
2012-04-13,4.41,4.47,4.44,4.38,15933471.0,72220184.0
2012-04-12,4.32,4.39,4.37,4.26,15818811.0,70341296.0
2012-04-11,4.26,4.36,4.32,4.23,8016638.0,35341608.0
2012-04-10,4.25,4.33,4.32,4.16,8247599.0,35753184.0
2012-04-09,4.32,4.33,4.26,4.26,4351680.0,19113416.0
2012-04-06,4.30,4.35,4.34,4.26,7771859.0,34224700.0
2012-04-05,4.20,4.34,4.30,4.19,8410706.0,36764288.0
2012-03-30,4.15,4.25,4.19,4.15,8376942.0,35924416.0
2012-03-29,4.31,4.34,4.23,4.20,11012715.0,48341736.0
2012-03-28,4.51,4.51,4.35,4.35,14107826.0,63739680.0
2012-03-27,4.65,4.69,4.54,4.52,20484564.0,96757152.0
2012-03-26,4.62,4.69,4.64,4.54,23299472.0,109981224.0
2012-03-23,4.47,4.64,4.62,4.44,26067620.0,121499872.0
2012-03-22,4.50,4.54,4.49,4.45,7226704.0,33185244.0
2012-03-21,4.53,4.57,4.51,4.40,14281151.0,65392472.0
2012-03-20,4.63,4.63,4.52,4.50,12913710.0,59934328.0
2012-03-19,4.61,4.66,4.64,4.53,12254949.0,57801544.0
2012-03-16,4.46,4.64,4.64,4.43,18904500.0,87383768.0
2012-03-15,4.59,4.63,4.45,4.39,22013648.0,100895720.0
2012-03-14,4.88,4.90,4.60,4.49,29078578.0,141058176.0
2012-03-13,4.84,4.89,4.84,4.78,21505082.0,106203496.0
2012-03-12,4.74,4.94,4.86,4.69,31890600.0,157533184.0
2012-03-09,4.75,4.79,4.74,4.69,19636164.0,95105296.0
2012-03-08,4.64,4.74,4.70,4.62,23908790.0,114746944.0
2012-03-07,4.49,4.71,4.64,4.47,27230816.0,128863424.0
2012-03-06,4.63,4.63,4.54,4.52,14499605.0,67582952.0
2012-03-05,4.64,4.73,4.64,4.61,25052736.0,119519616.0
2012-03-02,4.61,4.64,4.64,4.55,25211782.0,118557016.0
2012-03-01,4.43,4.65,4.61,4.41,28446960.0,133032528.0
2012-02-29,4.50,4.52,4.44,4.43,10975090.0,50140824.0
2012-02-28,4.58,4.59,4.53,4.47,16473145.0,76276544.0
2012-02-27,4.59,4.70,4.59,4.56,29637416.0,140475808.0
2012-02-24,4.50,4.60,4.58,4.46,20266552.0,93838872.0
2012-02-23,4.51,4.54,4.50,4.44,17697216.0,81272368.0
2012-02-22,4.43,4.52,4.52,4.40,20519238.0,93832592.0
2012-02-21,4.41,4.43,4.43,4.30,14885233.0,66539704.0
2012-02-20,4.48,4.51,4.41,4.41,14180970.0,64729728.0
2012-02-17,4.46,4.51,4.43,4.38,11297289.0,51124280.0
2012-02-16,4.47,4.61,4.47,4.40,31817160.0,146730800.0
2012-02-15,4.32,4.50,4.46,4.30,20907738.0,94518624.0
2012-02-14,4.37,4.37,4.32,4.30,8850558.0,39192204.0
2012-02-13,4.27,4.39,4.36,4.25,14374468.0,63810368.0
2012-02-10,4.29,4.37,4.31,4.28,14374688.0,63534336.0
2012-02-09,4.27,4.37,4.33,4.27,18124032.0,80174224.0
2012-02-08,4.18,4.31,4.30,4.15,13901827.0,60437176.0
2012-02-07,4.28,4.35,4.16,4.16,15028775.0,65162396.0
2012-02-06,4.20,4.35,4.32,4.19,16190936.0,70738520.0
2012-02-03,4.16,4.26,4.22,4.15,14537943.0,62641840.0
2012-02-02,4.11,4.17,4.17,4.09,6627827.0,28054192.0
2012-02-01,4.11,4.18,4.11,4.09,5215209.0,22030284.0
2012-01-31,4.13,4.15,4.15,4.07,5428423.0,22796464.0
2012-01-30,4.20,4.21,4.13,4.12,6533730.0,27866466.0
2012-01-19,4.07,4.21,4.18,4.03,13864368.0,58699756.0
2012-01-18,4.16,4.22,4.07,4.06,10975330.0,46360064.0
2012-01-17,3.92,4.16,4.15,3.91,11251609.0,46699440.0
2012-01-16,3.93,4.03,3.93,3.89,4939975.0,19960296.0
2012-01-13,4.11,4.15,3.96,3.93,12277314.0,50518456.0
2012-01-12,4.17,4.22,4.11,4.08,14250748.0,60284288.0
2012-01-11,4.20,4.26,4.17,4.11,13625158.0,58273108.0
2012-01-10,4.08,4.22,4.19,4.03,17368752.0,73950512.0
2012-01-09,3.91,4.08,4.06,3.86,9763309.0,40113480.0
2012-01-06,3.86,3.94,3.90,3.76,5300519.0,20811704.0
2012-01-05,3.92,3.98,3.85,3.84,6462606.0,25817068.0
2012-01-04,4.10,4.15,3.97,3.96,8540890.0,35239776.0
2011-12-30,4.11,4.16,4.09,4.04,10190156.0,42673136.0
2011-12-29,4.10,4.16,4.10,4.08,8285137.0,34837968.0
2011-12-28,3.91,4.15,4.12,3.88,13913674.0,57405944.0
2011-12-27,3.99,4.02,3.93,3.91,5280451.0,21395474.0
2011-12-26,4.04,4.08,4.01,3.99,5288178.0,21829182.0
2011-12-23,3.94,4.06,4.01,3.94,5644053.0,23092236.0
2011-12-22,3.96,4.04,3.97,3.83,10545302.0,42149696.0
2011-12-21,4.14,4.16,3.97,3.94,7201708.0,29900048.0
2011-12-20,4.10,4.24,4.09,4.06,9834227.0,41766640.0
2011-12-19,4.06,4.11,4.10,3.97,12141368.0,49860272.0
2011-12-16,4.02,4.16,4.14,3.89,19521910.0,79334824.0
2011-12-15,4.13,4.14,4.01,3.97,11716737.0,48338788.0
2011-12-14,4.24,4.29,4.17,4.14,7247300.0,31137464.0
2011-12-13,4.46,4.48,4.25,4.24,9311597.0,41078144.0
2011-12-12,4.54,4.56,4.49,4.44,5881921.0,27027388.0
2011-12-09,4.50,4.62,4.53,4.49,8454198.0,39154544.0
2011-12-08,4.66,4.70,4.57,4.46,10638102.0,49994892.0
2011-12-07,4.77,4.78,4.67,4.61,9846940.0,47104416.0
2011-12-06,4.75,4.80,4.74,4.66,8272416.0,39953424.0
2011-12-05,4.91,4.91,4.75,4.74,6262901.0,30810956.0
2011-12-02,4.98,5.00,4.93,4.84,11198852.0,56280812.0
2011-12-01,5.02,5.11,5.02,4.95,24514026.0,126228960.0
2011-11-30,5.40,5.42,4.89,4.89,32849456.0,169499536.0
2011-11-29,5.50,5.52,5.43,5.37,10486498.0,58195432.0
2011-11-28,5.47,5.56,5.47,5.37,10292068.0,57474260.0
2011-11-25,5.38,5.63,5.49,5.35,18339512.0,103224784.0
2011-11-24,5.35,5.44,5.43,5.22,9574120.0,52119152.0
2011-11-23,5.38,5.49,5.39,5.34,7735643.0,42919000.0
2011-11-22,5.42,5.45,5.37,5.27,7772628.0,42549628.0
2011-11-21,5.49,5.54,5.50,5.39,6737234.0,37497936.0
2011-11-18,5.69,5.72,5.51,5.44,14117364.0,80140240.0
2011-11-17,5.63,5.81,5.77,5.55,17340618.0,100691240.0
2011-11-16,5.89,5.93,5.67,5.58,18760552.0,110396144.0
2011-11-15,5.72,5.89,5.86,5.68,19669516.0,116734896.0
2011-11-14,5.68,5.75,5.72,5.62,14676525.0,85340432.0
2011-11-11,5.65,5.71,5.63,5.58,11004456.0,63508580.0
2011-11-10,5.59,5.78,5.66,5.53,23121420.0,134531808.0
2011-11-09,5.60,5.75,5.66,5.50,14830601.0,85312128.0
2011-11-08,5.67,5.70,5.60,5.56,17727988.0,101884544.0
2011-11-07,5.48,5.75,5.68,5.44,27829516.0,160328352.0
2011-11-04,5.43,5.52,5.47,5.38,15619459.0,87174960.0
2011-11-03,5.48,5.53,5.43,5.33,28851104.0,160853232.0
2011-11-02,5.06,5.55,5.39,5.02,26147696.0,141163712.0
2011-11-01,5.04,5.22,5.13,5.01,11429798.0,59897180.0
2011-10-31,5.12,5.14,5.07,5.04,8957890.0,46509444.0
2011-10-28,5.10,5.12,5.11,5.04,10557154.0,54909484.0
2011-10-27,5.00,5.08,5.02,5.00,7268383.0,37448128.0
2011-10-26,4.96,5.09,5.03,4.91,10623153.0,54610440.0
2011-10-25,4.83,5.03,5.00,4.80,9289914.0,46936540.0
2011-10-24,4.79,4.85,4.85,4.73,6986967.0,34299320.0
2011-10-21,4.75,4.83,4.75,4.71,2986128.0,14531712.0
2011-10-20,4.89,4.91,4.77,4.69,7215667.0,35363124.0
2011-10-19,4.95,4.98,4.92,4.90,4251627.0,21437634.0
2011-10-18,5.07,5.08,4.93,4.92,5862700.0,29988656.0
2011-10-17,5.14,5.16,5.11,5.06,3992074.0,20850470.0
2011-10-14,5.13,5.15,5.10,5.06,5784300.0,30149832.0
2011-10-13,5.07,5.24,5.14,5.05,10082830.0,53151740.0
2011-10-12,4.92,5.11,5.09,4.86,10164065.0,52298944.0
2011-10-11,5.02,5.04,4.92,4.87,4146735.0,21005164.0
2011-10-10,4.92,4.97,4.89,4.86,3645674.0,18331676.0
2011-09-30,4.96,5.01,4.90,4.84,5219491.0,26163586.0
2011-09-29,5.01,5.05,4.96,4.94,6795439.0,34670432.0
2011-09-28,5.03,5.13,5.07,4.98,8455766.0,43524792.0
2011-09-27,5.01,5.02,5.00,4.94,3662732.0,18647702.0
2011-09-26,4.99,5.05,4.94,4.92,5140330.0,26153376.0
2011-09-23,4.99,5.02,5.02,4.92,6092821.0,30952332.0
2011-09-22,5.14,5.16,5.03,5.01,7442163.0,38822856.0
2011-09-21,5.01,5.21,5.18,5.00,10044230.0,52662516.0
2011-09-20,5.04,5.07,5.03,4.98,5669675.0,29081154.0
2011-09-19,5.16,5.16,5.01,5.00,7900410.0,40835120.0
2011-09-16,5.28,5.29,5.18,5.17,7140773.0,38094120.0
2011-09-15,5.30,5.34,5.23,5.21,6093072.0,32979636.0
2011-09-14,5.30,5.33,5.28,5.12,6026708.0,32288784.0
2011-09-09,5.24,5.42,5.32,5.24,6963531.0,38011388.0
2011-09-08,5.29,5.32,5.26,5.25,5039088.0,27190498.0
2011-09-07,5.18,5.31,5.27,5.17,7366504.0,39438344.0
2011-09-06,5.12,5.20,5.16,5.10,4585660.0,24161268.0
2011-09-05,5.26,5.27,5.19,5.17,5956410.0,31726400.0
2011-09-02,5.39,5.43,5.32,5.28,5425044.0,29588922.0
2011-09-01,5.44,5.49,5.40,5.39,4874886.0,27111636.0
2011-08-31,5.44,5.50,5.43,5.37,6474041.0,35947420.0
2011-08-30,5.53,5.63,5.46,5.45,8922015.0,50772336.0
2011-08-29,5.61,5.61,5.52,5.51,7930047.0,44974072.0
2011-08-26,5.58,5.65,5.62,5.56,11618893.0,66659228.0
2011-08-25,5.50,5.62,5.62,5.49,11504725.0,65601196.0
2011-08-24,5.62,5.66,5.51,5.50,8567747.0,48723792.0
2011-08-23,5.45,5.61,5.57,5.45,11326206.0,64148880.0
2011-08-22,5.43,5.52,5.43,5.40,8044759.0,44848076.0
2011-08-19,5.45,5.56,5.48,5.38,18397940.0,102711904.0
2011-08-18,5.40,5.90,5.61,5.37,34573832.0,199821792.0
2011-08-17,5.39,5.44,5.40,5.35,6749441.0,37251536.0
2011-08-16,5.51,5.53,5.42,5.39,9724084.0,54227848.0
2011-08-15,5.42,5.51,5.50,5.38,12278628.0,68424352.0
2011-08-12,5.45,5.52,5.40,5.38,18877492.0,104761992.0
2011-08-11,5.08,5.41,5.39,5.00,13658949.0,73190944.0
2011-08-10,5.28,5.36,5.24,5.22,10589415.0,57364280.0
2011-08-09,5.17,5.22,5.18,4.96,14649665.0,76398128.0
2011-08-08,5.61,5.65,5.28,5.20,15305851.0,84977544.0
2011-08-05,5.71,5.79,5.74,5.63,9357697.0,54836680.0
2011-08-04,5.90,5.96,5.90,5.87,6135976.0,37095392.0
2011-08-03,5.78,5.96,5.91,5.73,7794168.0,46687828.0
2011-08-02,5.87,5.87,5.84,5.74,7773855.0,46024608.0
2011-08-01,5.87,5.94,5.89,5.80,6966722.0,41897536.0
2011-07-29,5.94,5.96,5.87,5.83,8930009.0,53684496.0
2011-07-28,5.97,5.97,5.94,5.86,9926502.0,60028372.0
2011-07-27,5.98,6.05,6.02,5.90,9443625.0,57751660.0
2011-07-26,5.85,5.97,5.97,5.84,8248973.0,49825836.0
2011-07-25,6.25,6.25,5.91,5.89,21483932.0,132111600.0
2011-07-22,6.30,6.33,6.28,6.26,9265447.0,59559872.0
2011-07-21,6.40,6.43,6.26,6.25,15141586.0,97764696.0
2011-07-20,6.49,6.52,6.40,6.36,13268516.0,87173760.0
2011-07-19,6.54,6.55,6.45,6.39,17052838.0,112526768.0
2011-07-18,6.47,6.66,6.59,6.46,29931828.0,201614320.0
2011-07-15,6.40,6.46,6.45,6.34,18543030.0,121783176.0
2011-07-14,6.38,6.44,6.41,6.34,15893026.0,103806848.0
2011-07-13,6.23,6.40,6.37,6.23,12873415.0,83262520.0
2011-07-12,6.39,6.39,6.23,6.21,18326580.0,117815552.0
2011-07-11,6.42,6.50,6.44,6.38,14490168.0,95427440.0
2011-07-08,6.53,6.62,6.43,6.40,23114376.0,153215744.0
2011-07-07,6.34,6.79,6.57,6.34,42190240.0,283487872.0
2011-07-06,6.37,6.41,6.35,6.30,17801572.0,115516232.0
2011-07-05,6.35,6.43,6.40,6.27,25552304.0,165734832.0
2011-07-04,6.19,6.39,6.35,6.14,27866900.0,177953552.0
2011-07-01,6.17,6.23,6.15,6.11,16092128.0,101459432.0
2011-06-30,6.02,6.16,6.13,6.00,13411473.0,83822536.0
2011-06-29,6.18,6.24,6.03,6.02,20703262.0,129447864.0
2011-06-28,6.16,6.29,6.20,6.09,26037864.0,164903824.0
2011-06-27,6.15,6.21,6.16,6.05,29344004.0,184102960.0
2011-06-24,5.87,6.29,6.13,5.87,37943424.0,236689840.0
2011-06-23,5.78,5.99,5.94,5.70,31899808.0,191927296.0
2011-06-22,5.79,5.93,5.83,5.65,25593410.0,151183120.0
2011-06-21,5.72,5.84,5.82,5.67,20185268.0,118519200.0
2011-06-20,5.95,5.96,5.73,5.68,21039726.0,124420256.0
2011-06-17,6.24,6.32,5.97,5.94,19018872.0,118097008.0
2011-06-16,6.45,6.47,6.27,6.24,10953958.0,71320512.0
2011-06-15,6.67,6.74,6.53,6.52,9541837.0,64718704.0
2011-06-14,6.63,6.75,6.70,6.55,11156841.0,76135880.0
2011-06-10,6.78,6.83,6.67,6.53,15299455.0,104504776.0
2011-06-09,6.62,7.11,6.86,6.59,26242104.0,185303008.0
2011-06-08,6.67,6.68,6.68,6.49,8492707.0,57307112.0
2011-06-07,6.63,6.71,6.67,6.59,9208572.0,62581556.0
2011-06-03,6.44,6.78,6.71,6.41,13327723.0,91000096.0
2011-06-02,6.58,6.58,6.44,6.34,10451999.0,68814520.0
2011-06-01,6.61,6.67,6.63,6.52,7802795.0,52681800.0
2011-05-31,6.46,6.63,6.62,6.37,10581405.0,70349120.0
2011-05-30,6.58,6.65,6.45,6.41,8029510.0,53780128.0
2011-05-27,6.84,6.89,6.56,6.54,11392489.0,77320584.0
2011-05-26,6.96,7.02,6.84,6.83,8507697.0,60133508.0
2011-05-25,7.03,7.09,6.91,6.89,8259744.0,58897896.0
2011-05-24,7.10,7.16,7.03,6.86,11039650.0,78841384.0
2011-05-23,7.62,7.63,7.11,7.07,16630848.0,124576600.0
2011-05-20,7.69,7.71,7.60,7.57,9608269.0,74831856.0
2011-05-19,7.85,7.87,7.71,7.67,12437461.0,98689504.0
2011-05-18,7.65,7.89,7.87,7.56,18532016.0,147164848.0
2011-05-17,7.68,7.77,7.68,7.55,12056303.0,94281936.0
2011-05-16,7.70,7.88,7.73,7.64,13320954.0,105848248.0
2011-05-13,7.54,7.73,7.72,7.53,14109677.0,109961112.0
2011-05-12,7.73,7.79,7.54,7.53,26107980.0,204514736.0
2011-05-11,8.04,8.04,7.88,7.82,19037884.0,153829248.0
2011-05-10,8.12,8.17,8.04,7.93,17461502.0,142739920.0
2011-05-09,8.00,8.27,8.10,8.00,18200864.0,150778512.0
2011-05-06,7.87,8.13,8.00,7.80,19590024.0,160106192.0
2011-05-05,7.94,8.11,8.01,7.80,25037752.0,203492864.0
2011-05-04,7.87,8.43,8.12,7.68,45303376.0,375075520.0
2011-05-03,7.94,7.96,7.92,7.68,20402536.0,163046288.0
2011-04-29,7.63,8.06,7.90,7.61,26541576.0,213772512.0
2011-04-28,8.04,8.13,7.60,7.57,29027348.0,231411840.0
2011-04-27,8.28,8.48,8.03,7.83,38677232.0,322333568.0
2011-04-26,8.46,8.64,8.30,8.09,42056532.0,359578208.0
2011-04-25,9.39,9.46,8.77,8.77,90907656.0,833840256.0
2011-04-22,9.88,10.25,9.75,9.49,193337600.0,1948712576.0
2011-04-21,8.87,9.42,9.42,8.80,40142764.0,381695744.0
2011-04-20,8.49,8.68,8.56,8.27,30140442.0,525263200.0
2011-04-19,8.34,8.53,8.41,8.16,21055644.0,361183008.0
2011-04-18,8.06,8.46,8.41,8.04,21516064.0,364049408.0
2011-04-15,8.09,8.17,8.05,7.96,13037795.0,215457856.0
2011-04-14,7.91,7.99,7.99,7.84,8600613.0,139583936.0
2011-04-13,7.76,7.95,7.87,7.63,7189870.0,114981048.0
2011-04-12,7.78,7.92,7.81,7.69,5302797.0,84754136.0
2011-04-11,7.82,7.93,7.77,7.75,7679065.0,123098520.0
2011-04-07,7.54,7.72,7.69,7.53,6604955.0,103660024.0
2011-04-06,7.63,7.69,7.58,7.48,5229350.0,81038688.0
2011-04-01,7.48,7.64,7.63,7.46,5402626.0,83471152.0
2011-03-31,7.66,7.75,7.45,7.41,9766497.0,150205216.0
2011-03-30,7.65,7.79,7.64,7.62,5141332.0,81109488.0
2011-03-29,8.03,8.04,7.68,7.66,14544052.0,233054144.0
2011-03-28,8.10,8.26,8.04,8.01,12953743.0,216325232.0
2011-03-25,8.05,8.19,8.09,8.01,9970209.0,165947872.0
2011-03-24,8.10,8.19,8.06,8.03,7683593.0,127608808.0
2011-03-23,7.99,8.18,8.10,7.92,9574613.0,158320720.0
2011-03-22,7.98,8.04,7.99,7.82,7033440.0,114439856.0
2011-03-21,8.13,8.13,7.98,7.86,8229411.0,134198432.0
2011-03-18,8.05,8.22,8.08,8.02,9588753.0,159269264.0
2011-03-17,8.10,8.16,7.97,7.91,12290509.0,202474400.0
2011-03-16,8.23,8.35,8.27,8.17,14217618.0,240518704.0
2011-03-15,8.49,8.55,8.24,8.01,25797916.0,434754368.0
2011-03-14,8.64,8.73,8.54,8.46,29830816.0,523359456.0
2011-03-11,8.05,8.82,8.70,7.85,63652592.0,1107064448.0
2011-03-10,8.10,8.39,8.02,7.96,56747368.0,947699008.0
2011-03-09,7.96,8.23,7.91,7.86,21832880.0,361668736.0
2011-03-08,7.81,8.07,7.96,7.72,15722494.0,254590528.0
2011-03-07,8.01,8.02,7.81,7.67,17175860.0,275124960.0
2011-03-04,7.17,7.86,7.86,7.15,20079840.0,312756192.0
2011-03-03,7.49,7.57,7.15,7.14,10175526.0,152309584.0
2011-03-02,7.43,7.55,7.50,7.37,5891349.0,89763864.0
2011-03-01,7.59,7.64,7.47,7.39,7359916.0,112894488.0
2011-02-28,7.45,7.74,7.59,7.40,7022863.0,109470512.0
2011-02-25,7.49,7.57,7.40,7.35,6119003.0,93046192.0
2011-02-24,7.52,7.65,7.49,7.40,8247433.0,126869512.0
2011-02-23,7.28,7.65,7.56,7.28,12570679.0,194246560.0
2011-02-22,7.47,7.47,7.30,7.19,10838030.0,162910144.0
2011-02-21,7.10,7.49,7.46,7.10,12130910.0,183949184.0
2011-02-18,7.13,7.19,7.17,7.05,6421986.0,93838480.0
2011-02-17,7.04,7.20,7.13,6.98,9886015.0,143489376.0
2011-02-16,6.59,6.97,6.95,6.55,8454179.0,118141568.0
2011-02-15,6.65,6.68,6.60,6.58,4105607.0,55692568.0
2011-02-14,6.54,6.72,6.64,6.52,4024673.0,54499880.0
2011-02-11,6.52,6.61,6.52,6.51,3754629.0,50437628.0
2011-02-10,6.44,6.52,6.51,6.38,3373754.0,44698356.0
2011-02-09,6.40,6.66,6.44,6.40,3464386.0,46161624.0
2011-02-01,6.19,6.53,6.50,6.15,6167073.0,80379896.0
2011-01-31,6.02,6.18,6.16,6.01,3244406.0,40595024.0
2011-01-28,5.96,6.06,6.02,5.93,2546448.0,31364198.0
2011-01-27,5.88,6.05,5.99,5.81,2858397.0,34890824.0
2011-01-26,5.80,5.98,5.91,5.80,3334284.0,40156240.0
2011-01-25,5.86,5.86,5.83,5.71,1819920.0,21529652.0
2011-01-24,6.10,6.15,5.84,5.83,3912403.0,47591572.0
2011-01-21,6.06,6.18,6.15,5.99,3135033.0,39218984.0
2011-01-20,6.41,6.41,6.06,6.05,2437051.0,31056776.0
2011-01-19,6.29,6.37,6.35,6.24,2083243.0,26918154.0
2011-01-18,6.22,6.31,6.23,6.18,1830250.0,23369948.0
2011-01-17,6.54,6.65,6.23,6.19,3818900.0,50079984.0
2011-01-14,6.68,6.70,6.59,6.59,2374685.0,32319762.0
2011-01-13,6.75,6.77,6.73,6.69,2014210.0,27765740.0
2011-01-12,6.64,6.76,6.75,6.62,2538360.0,34707380.0
2011-01-11,6.67,6.71,6.66,6.61,2951487.0,40248972.0
2011-01-10,6.83,6.91,6.71,6.69,3185525.0,44446692.0
2011-01-07,6.86,6.96,6.86,6.82,3097055.0,43689780.0
2011-01-06,6.93,6.93,6.88,6.82,2373867.0,33361526.0
2011-01-05,6.78,6.94,6.93,6.78,3926858.0,55093936.0
2011-01-04,6.83,6.89,6.86,6.74,3431876.0,48112408.0
