date,open,high,close,low,volume,amount
2015-11-27,6.10,6.15,5.61,5.57,88342448.0,520152192.0
2015-11-26,6.11,6.39,6.19,6.00,114026304.0,706978112.0
2015-11-25,6.03,6.15,6.10,6.01,60908460.0,371283264.0
2015-11-24,5.99,6.01,6.00,5.85,53019280.0,313977568.0
2015-11-23,6.13,6.21,6.02,5.96,73420640.0,446580544.0
2015-11-20,6.15,6.26,6.19,6.04,98873880.0,606241728.0
2015-11-19,5.97,6.17,6.13,5.97,69938176.0,425419552.0
2015-11-18,6.11,6.19,5.96,5.92,83248032.0,505057376.0
2015-11-17,6.43,6.50,6.18,6.10,129992000.0,815798016.0
2015-11-16,6.19,6.51,6.42,6.08,128579320.0,811623872.0
2015-11-13,6.58,6.84,6.53,6.33,289567648.0,1916731648.0
2015-11-12,5.87,6.46,6.46,5.71,210273856.0,1285960192.0
2015-11-11,6.00,6.16,5.87,5.82,243114992.0,1454812160.0
2015-11-10,5.25,5.78,5.78,5.20,187475280.0,1049611456.0
2015-11-09,5.21,5.28,5.25,5.12,70131344.0,365512928.0
2015-11-06,5.15,5.26,5.25,5.12,75554936.0,393702688.0
2015-11-05,5.11,5.22,5.16,5.03,81827040.0,418800448.0
2015-11-04,4.85,5.09,5.08,4.84,51532524.0,257273504.0
2015-11-03,4.89,4.94,4.84,4.80,32267696.0,157041280.0
2015-11-02,4.81,5.10,4.90,4.79,52503832.0,259068912.0
2015-10-30,5.11,5.24,5.12,5.06,43209788.0,222442912.0
2015-10-29,5.25,5.31,5.18,5.03,64206544.0,331020704.0
2015-10-28,5.18,5.37,5.26,5.10,77569264.0,408403616.0
2015-10-27,5.24,5.28,5.21,4.92,59072352.0,302526272.0
2015-10-26,5.24,5.38,5.28,5.18,73570336.0,389856416.0
2015-10-23,5.06,5.34,5.22,5.04,73054592.0,379492096.0
2015-10-22,4.92,5.17,5.09,4.77,73156024.0,364096960.0
2015-10-21,5.44,5.45,4.93,4.93,107403512.0,556452800.0
2015-10-20,5.42,5.50,5.48,5.28,89272968.0,481950400.0
2015-10-19,5.37,5.65,5.50,5.30,200483344.0,1102358272.0
2015-10-16,4.88,5.34,5.34,4.83,134752224.0,706510272.0
2015-10-15,4.69,4.92,4.85,4.67,60029768.0,289101312.0
2015-10-14,4.86,4.95,4.72,4.70,72235840.0,347226336.0
2015-10-13,4.70,4.93,4.91,4.63,79661896.0,382007136.0
2015-10-12,4.50,4.78,4.69,4.47,65666960.0,306251744.0
2015-10-09,4.37,4.59,4.50,4.34,54158976.0,242273088.0
2015-10-08,4.38,4.43,4.38,4.30,46449716.0,203107200.0
2015-09-30,4.14,4.36,4.25,4.11,30411014.0,129051136.0
2015-09-29,4.16,4.19,4.13,4.06,21179548.0,87658712.0
2015-09-28,4.22,4.25,4.25,4.14,16748516.0,70536640.0
2015-09-25,4.35,4.38,4.21,4.15,28281800.0,120344560.0
2015-09-24,4.32,4.39,4.38,4.29,27178440.0,118118984.0
2015-09-23,4.36,4.42,4.29,4.23,35326140.0,153070496.0
2015-09-22,4.38,4.51,4.46,4.37,47672088.0,211651680.0
2015-09-21,4.19,4.39,4.38,4.15,32603588.0,140835872.0
2015-09-18,4.24,4.31,4.26,4.16,26455860.0,111997168.0
2015-09-17,4.25,4.45,4.20,4.18,50311884.0,216469104.0
2015-09-16,4.00,4.35,4.30,3.98,40264320.0,167017472.0
2015-09-15,4.19,4.19,3.95,3.90,37221188.0,150760080.0
2015-09-14,4.68,4.72,4.22,4.21,50632408.0,222457728.0
2015-09-11,4.65,4.76,4.68,4.59,38324968.0,179459632.0
2015-09-10,4.79,4.86,4.68,4.67,46094144.0,220214432.0
2015-09-09,4.77,4.95,4.92,4.63,82765320.0,399702720.0
2015-09-08,4.60,4.81,4.78,4.47,73724680.0,340574976.0
2015-09-07,4.38,4.59,4.56,4.34,58797220.0,262076992.0
2015-09-02,4.30,4.63,4.27,4.21,43870940.0,192475392.0
2015-09-01,4.88,4.88,4.51,4.44,50428348.0,231497600.0
2015-08-31,5.08,5.09,4.91,4.85,43910888.0,217878528.0
2015-08-28,4.85,5.15,5.15,4.78,62431284.0,308256160.0
2015-08-27,4.70,4.80,4.78,4.39,50620624.0,235379744.0
2015-08-26,5.00,5.06,4.55,4.46,66988836.0,323161344.0
2015-08-25,4.91,5.20,4.91,4.91,53069148.0,263583696.0
2015-08-24,5.85,5.98,5.45,5.45,66400472.0,368701024.0
2015-08-21,6.05,6.46,6.06,5.80,71090944.0,436234304.0
2015-08-20,6.25,6.51,6.18,6.11,69882800.0,439018176.0
2015-08-19,5.97,6.55,6.46,5.66,96552464.0,589539904.0
2015-08-18,6.87,7.05,6.17,6.17,115340408.0,767470272.0
2015-08-17,6.64,6.94,6.85,6.60,91880424.0,625358720.0
2015-08-14,6.70,6.86,6.68,6.62,103555816.0,696014272.0
2015-08-13,6.27,6.85,6.78,6.19,114623168.0,747053952.0
2015-08-12,6.35,6.51,6.33,6.31,66877712.0,428274144.0
2015-08-11,6.40,6.70,6.50,6.35,108819392.0,707497024.0
2015-08-10,6.10,6.52,6.44,6.08,101894696.0,643495104.0
2015-08-07,6.10,6.15,6.14,5.97,83860312.0,509954304.0
2015-08-06,5.72,6.17,5.97,5.67,80790880.0,482822368.0
2015-08-05,5.97,6.05,5.83,5.76,62155208.0,367614112.0
2015-08-04,5.60,6.02,6.01,5.60,61219008.0,357022464.0
2015-08-03,5.84,5.85,5.60,5.33,47475924.0,265458336.0
2015-07-31,5.78,6.02,5.84,5.70,50115032.0,294213504.0
2015-07-30,6.10,6.20,5.85,5.80,73095664.0,443209568.0
2015-07-29,5.88,6.15,6.11,5.57,71191680.0,416159872.0
2015-07-28,5.65,6.20,5.76,5.61,96630824.0,560609024.0
2015-07-27,6.68,6.92,6.23,6.23,87759744.0,579385792.0
2015-07-24,6.89,7.34,6.92,6.84,139762144.0,985930368.0
2015-07-23,6.72,7.21,7.02,6.65,127893336.0,894580928.0
2015-07-22,6.60,6.77,6.67,6.42,89412136.0,592304192.0
2015-07-21,6.39,6.90,6.72,6.27,112180904.0,740470464.0
2015-07-20,6.47,6.78,6.57,6.30,113464992.0,744094400.0
2015-07-17,6.08,6.60,6.53,6.03,96059296.0,608161024.0
2015-07-16,5.42,6.25,6.05,5.40,93319912.0,550871744.0
2015-07-15,7.03,7.03,5.86,5.77,178736816.0,1154294784.0
2015-07-14,6.39,6.39,6.39,6.39,3361325.0,21478868.0
2015-07-13,5.81,5.81,5.81,5.81,4400126.0,25564732.0
2015-07-07,5.57,5.57,5.28,5.28,43877100.0,232986512.0
2015-07-06,7.10,7.16,5.87,5.87,144871152.0,915606976.0
2015-07-03,6.52,7.20,6.52,6.52,100306040.0,666059456.0
2015-07-02,8.04,8.15,7.24,7.24,94709512.0,707567488.0
2015-07-01,8.90,9.10,8.04,8.04,115875448.0,998304960.0
2015-06-30,8.30,8.99,8.93,7.71,152415344.0,1262531712.0
2015-06-29,9.92,10.03,8.57,8.57,134123752.0,1216888832.0
2015-06-26,10.10,10.31,9.52,9.52,116057248.0,1141854592.0
2015-06-25,10.56,11.00,10.58,10.24,159087376.0,1691415296.0
2015-06-24,10.61,10.75,10.56,10.21,126377600.0,1330996352.0
2015-06-23,10.10,10.50,10.41,9.10,130113040.0,1299873664.0
2015-06-19,10.80,10.98,10.10,10.10,141601744.0,1489387776.0
2015-06-18,12.10,12.26,11.22,11.20,255795872.0,3013570304.0
2015-06-17,10.60,11.69,11.69,10.53,192983792.0,2147693824.0
2015-06-16,10.76,11.06,10.63,10.39,158839264.0,1706003072.0
2015-06-15,10.53,11.35,11.03,10.46,210599616.0,2292668672.0
2015-06-12,10.25,10.88,10.55,10.06,187704384.0,1971807488.0
2015-06-11,10.15,10.35,10.20,10.02,107057640.0,1085276928.0
2015-06-10,10.17,10.45,10.27,9.90,132253152.0,1362418432.0
2015-06-09,10.28,10.40,10.16,9.90,162905040.0,1650588160.0
2015-06-08,10.90,11.19,10.47,10.35,226334400.0,2438401792.0
2015-06-05,10.69,10.96,10.56,10.35,296333344.0,3162510080.0
2015-06-04,9.44,10.31,10.31,8.85,242970496.0,2371619328.0
2015-06-03,9.56,9.75,9.37,9.23,156210704.0,1477438080.0
2015-06-02,9.09,9.65,9.57,8.91,185307408.0,1690289024.0
2015-06-01,8.64,9.14,9.09,8.51,179418368.0,1592389632.0
2015-05-29,8.45,9.20,8.81,8.45,233644240.0,2047192576.0
2015-05-28,10.20,10.40,9.39,9.37,313154432.0,3129911808.0
2015-05-27,9.25,9.83,9.77,8.99,228266176.0,2115569024.0
2015-05-26,9.26,9.33,9.25,9.01,183002960.0,1683415040.0
2015-05-25,8.77,9.35,9.23,8.65,199720192.0,1819026688.0
2015-05-22,8.76,8.85,8.80,8.52,166167424.0,1448136320.0
2015-05-21,8.59,8.74,8.69,8.40,137434496.0,1183892480.0
2015-05-20,8.33,8.72,8.49,8.24,153574272.0,1303026176.0
2015-05-19,8.21,8.50,8.30,8.21,97826248.0,814666112.0
2015-05-18,7.99,8.16,7.97,7.82,70574144.0,564152960.0
2015-05-15,8.48,8.53,8.08,8.05,87285944.0,717062592.0
2015-05-14,8.28,8.44,8.42,8.21,103559704.0,862316928.0
2015-05-13,8.04,8.40,8.30,7.90,126118560.0,1040381760.0
2015-05-12,8.16,8.25,8.06,7.93,87851528.0,708771328.0
2015-05-11,7.49,8.11,8.08,7.44,102674464.0,801080384.0
2015-05-08,7.19,7.39,7.38,7.13,68149512.0,494788448.0
2015-05-07,7.79,7.79,7.12,7.03,93993928.0,692684736.0
2015-05-06,8.12,8.27,7.80,7.61,84216768.0,672874880.0
2015-05-05,8.44,8.59,8.13,8.07,76491512.0,642203904.0
2015-05-04,8.38,8.50,8.44,8.30,61479160.0,515448896.0
2015-04-30,8.52,8.67,8.40,8.38,73923664.0,627994368.0
2015-04-29,8.36,8.78,8.59,8.22,84774000.0,724925632.0
2015-04-28,9.00,9.02,8.48,8.45,121184008.0,1049461888.0
2015-04-27,8.90,9.10,8.99,8.81,125620648.0,1124387968.0
2015-04-24,9.13,9.13,8.90,8.80,142677776.0,1276257152.0
2015-04-23,9.50,9.50,9.23,9.15,176827184.0,1640592896.0
2015-04-22,9.49,9.66,9.50,9.30,227539088.0,2149607424.0
2015-04-21,8.82,9.67,9.49,8.82,277880704.0,2581539840.0
2015-04-20,8.45,8.88,8.79,8.32,280250080.0,2430696192.0
2015-04-17,8.22,8.69,8.52,8.22,218524000.0,1838421248.0
2015-04-16,8.14,8.43,8.21,7.95,107650464.0,883596800.0
2015-04-15,8.07,8.47,8.25,7.95,174211200.0,1434261760.0
2015-04-14,8.17,8.19,8.09,8.00,100141760.0,809927104.0
2015-04-13,8.12,8.23,8.17,8.08,94197792.0,767419392.0
2015-04-10,7.84,8.20,8.12,7.71,85686248.0,691770688.0
2015-04-09,8.29,8.30,7.89,7.67,123452176.0,985998464.0
2015-04-08,8.54,8.54,8.31,8.22,126069424.0,1053837568.0
2015-04-07,8.39,8.70,8.56,8.20,205139280.0,1724234368.0
2015-04-03,8.49,8.51,8.49,8.30,135617952.0,1139148800.0
2015-04-02,8.24,8.80,8.59,8.24,155773920.0,1333109376.0
2015-04-01,8.12,8.25,8.21,8.10,80848736.0,662803328.0
2015-03-31,8.21,8.26,8.12,8.10,89053480.0,726744448.0
2015-03-30,8.29,8.30,8.26,8.09,109259720.0,896165056.0
2015-03-27,8.19,8.40,8.34,8.15,71553008.0,592860672.0
2015-03-26,8.64,8.64,8.23,8.15,135842464.0,1137909760.0
2015-03-25,8.60,8.93,8.66,8.41,156117888.0,1357027328.0
2015-03-24,8.28,8.97,8.69,8.14,227179328.0,1943014272.0
2015-03-23,8.18,8.28,8.26,8.08,131010928.0,1076855040.0
2015-03-20,8.19,8.29,8.16,8.06,142492784.0,1159404544.0
2015-03-19,8.27,8.53,8.14,8.03,288570560.0,2388261120.0
2015-03-18,7.31,8.02,8.02,7.21,232062432.0,1796436096.0
2015-03-17,7.16,7.35,7.29,7.08,159140240.0,1146628224.0
2015-03-16,6.93,7.15,7.12,6.89,104354288.0,738375168.0
2015-03-13,6.85,7.02,6.92,6.81,71857736.0,496805632.0
2015-03-12,7.03,7.12,6.88,6.81,93831248.0,650228608.0
2015-03-11,7.10,7.15,7.00,6.92,115461120.0,812474624.0
2015-03-10,7.02,7.45,7.20,6.82,173207776.0,1231137792.0
2015-03-09,7.18,7.26,7.04,7.00,162012544.0,1146974208.0
2015-03-06,7.08,7.58,7.31,7.03,275555168.0,2029675904.0
2015-03-05,6.67,7.44,7.24,6.44,353197568.0,2452768768.0
2015-03-04,6.82,7.23,6.77,6.57,385300064.0,2663213824.0
2015-03-03,6.30,6.79,6.71,6.16,348158272.0,2281618688.0
2015-03-02,5.62,6.17,6.17,5.55,236459664.0,1397126912.0
2015-02-27,5.62,5.67,5.61,5.52,76194592.0,425955872.0
2015-02-26,5.57,5.67,5.62,5.50,77610632.0,434903616.0
2015-02-25,5.40,5.69,5.56,5.34,76939144.0,425298528.0
2015-02-17,5.40,5.45,5.39,5.36,28885192.0,155755488.0
2015-02-16,5.41,5.49,5.38,5.36,38602236.0,208684800.0
2015-02-13,5.23,5.50,5.34,5.20,57052152.0,305239648.0
2015-02-12,5.16,5.26,5.20,5.16,22874422.0,119301920.0
2015-02-11,5.17,5.25,5.18,5.13,22080268.0,114385544.0
2015-02-10,5.00,5.24,5.20,4.98,30563800.0,156516704.0
2015-02-09,5.00,5.07,5.01,5.00,22523402.0,113107880.0
2015-02-06,5.23,5.25,5.07,5.04,33246888.0,170073184.0
2015-02-05,5.30,5.35,5.22,5.21,36389752.0,191526144.0
2015-02-04,5.27,5.29,5.19,5.18,27840602.0,145660160.0
2015-02-03,5.18,5.26,5.26,5.18,27803482.0,145028160.0
2015-02-02,5.28,5.28,5.16,5.16,37338504.0,193925424.0
2015-01-30,5.41,5.45,5.31,5.30,40039736.0,214242480.0
2015-01-29,5.37,5.48,5.41,5.31,41529304.0,224722784.0
2015-01-28,5.53,5.53,5.42,5.40,60451980.0,329344896.0
2015-01-27,5.55,5.67,5.55,5.46,96258528.0,534867840.0
2015-01-26,5.42,5.70,5.63,5.34,169981120.0,934080640.0
2015-01-23,5.89,5.92,5.51,5.47,312881056.0,1778935040.0
2015-01-22,5.07,5.46,5.46,5.06,133620720.0,721436736.0
2015-01-21,4.86,4.97,4.96,4.83,36897620.0,181191824.0
2015-01-20,4.74,4.85,4.85,4.74,25371246.0,122001552.0
2015-01-19,4.87,4.88,4.76,4.59,41630944.0,199736288.0
2015-01-16,4.91,4.94,4.91,4.86,25700898.0,125945472.0
2015-01-15,4.87,4.92,4.90,4.84,18397184.0,89911784.0
2015-01-14,4.92,4.93,4.87,4.85,23515808.0,114636088.0
2015-01-13,4.91,4.94,4.93,4.88,17821140.0,87623176.0
2015-01-12,5.02,5.02,4.91,4.89,27774756.0,136626960.0
2015-01-09,5.07,5.09,5.02,5.01,25674124.0,129870360.0
2015-01-08,5.19,5.19,5.06,5.04,33228468.0,169099504.0
2015-01-07,5.08,5.20,5.16,5.03,46237464.0,237754688.0
2015-01-06,5.10,5.10,5.08,5.01,41957380.0,212239936.0
2015-01-05,4.92,5.14,5.13,4.85,64608264.0,325198016.0
2014-12-31,4.93,4.94,4.92,4.84,30502666.0,148554144.0
2014-12-30,4.91,4.99,4.93,4.88,31878498.0,157466864.0
2014-12-29,5.04,5.04,4.91,4.81,62862952.0,308368064.0
2014-12-26,5.12,5.12,5.10,5.07,35702860.0,181561696.0
2014-12-25,5.10,5.16,5.13,5.07,32298804.0,164959536.0
2014-12-24,5.05,5.14,5.13,5.05,31269792.0,159374256.0
2014-12-23,5.03,5.17,5.03,4.91,36968864.0,186994992.0
2014-12-22,5.32,5.34,5.06,5.02,76660800.0,392993248.0
2014-12-19,5.43,5.43,5.31,5.24,67977368.0,361576416.0
2014-12-18,5.42,5.54,5.43,5.40,53269596.0,291742784.0
2014-12-17,5.57,5.58,5.46,5.38,79629192.0,434439104.0
2014-12-16,5.63,5.67,5.59,5.52,75309920.0,420643072.0
2014-12-15,5.65,5.65,5.63,5.55,83637576.0,468633088.0
2014-12-12,5.45,5.70,5.66,5.43,146928912.0,824092992.0
2014-12-11,5.35,5.45,5.45,5.30,68745712.0,369192448.0
2014-12-10,5.21,5.41,5.37,5.15,72013296.0,381550432.0
2014-12-09,5.40,5.59,5.25,5.22,128832992.0,694879744.0
2014-12-08,5.36,5.56,5.45,5.25,103743056.0,560957952.0
2014-12-05,5.76,5.76,5.44,5.22,154479664.0,848778752.0
2014-12-04,5.70,5.85,5.75,5.68,179830368.0,1035219904.0
2014-12-03,5.45,5.74,5.68,5.35,190926320.0,1065359808.0
2014-12-02,5.30,5.56,5.45,5.25,98201328.0,536187264.0
2014-12-01,5.50,5.50,5.32,5.29,103549208.0,557043776.0
2014-11-28,5.70,5.74,5.50,5.43,162952064.0,902552320.0
2014-11-27,5.17,5.68,5.66,5.17,266278176.0,1459436288.0
2014-11-26,5.15,5.24,5.16,5.11,116200760.0,600432832.0
2014-11-25,4.97,5.20,5.18,4.93,128556672.0,649525952.0
2014-11-24,4.95,5.04,4.99,4.92,76153976.0,379298368.0
2014-11-21,4.94,4.94,4.94,4.88,35429368.0,173900256.0
2014-11-20,5.00,5.01,4.95,4.93,40736788.0,201721872.0
2014-11-19,4.92,5.09,5.02,4.92,88109600.0,441746912.0
2014-11-18,4.89,4.92,4.91,4.83,30069746.0,146402464.0
2014-11-17,4.88,4.92,4.89,4.85,29285040.0,143023216.0
2014-11-14,4.89,4.92,4.88,4.84,29125866.0,142058064.0
2014-11-13,4.86,4.97,4.94,4.75,64860608.0,314712320.0
2014-11-12,4.81,4.86,4.86,4.76,31701764.0,153008240.0
2014-11-11,5.01,5.01,4.83,4.80,64331336.0,314430112.0
2014-11-10,4.87,5.03,5.01,4.84,78106336.0,386626496.0
2014-11-07,4.93,4.98,4.87,4.86,48782860.0,239779520.0
2014-11-06,4.94,4.94,4.91,4.86,39879384.0,195217632.0
2014-11-05,4.97,4.98,4.94,4.91,41949592.0,207037776.0
2014-11-04,5.03,5.03,4.97,4.95,50237892.0,250196368.0
2014-11-03,4.90,5.06,5.03,4.87,75053392.0,375233024.0
2014-10-31,4.98,4.99,4.91,4.83,66330896.0,325056608.0
2014-10-30,5.04,5.04,4.98,4.96,76139392.0,379998432.0
2014-10-29,5.02,5.08,5.04,4.97,107649920.0,541212800.0
2014-10-28,4.93,5.10,5.00,4.92,151617568.0,758632704.0
2014-10-27,4.90,5.02,4.93,4.81,49082404.0,237357072.0
2014-10-24,4.96,5.07,4.95,4.93,61594596.0,303368096.0
2014-10-23,4.86,5.13,5.06,4.73,140027072.0,682676032.0
2014-10-22,5.15,5.19,4.92,4.89,124103448.0,617328960.0
2014-10-21,5.39,5.39,5.22,5.22,89320704.0,466531456.0
2014-10-20,5.37,5.46,5.40,5.33,132773808.0,704600960.0
2014-10-17,5.44,5.57,5.52,5.27,171030256.0,912928256.0
2014-10-16,5.79,5.79,5.55,5.52,177899936.0,991931776.0
2014-10-15,5.91,5.93,5.85,5.77,72615096.0,418919040.0
2014-10-14,5.90,5.98,5.93,5.78,103249920.0,601966336.0
2014-10-13,5.87,6.03,5.92,5.72,232879936.0,1344339840.0
2014-10-10,6.39,6.65,6.36,6.10,169226704.0,1050478336.0
2014-10-09,5.79,6.31,6.22,5.75,79079072.0,1190864640.0
2014-10-08,5.82,5.82,5.79,5.68,21027508.0,298281952.0
2014-09-30,5.80,5.85,5.82,5.72,18078848.0,258115152.0
2014-09-29,6.05,6.10,5.76,5.73,34634904.0,501080096.0
2014-09-26,5.56,5.91,5.83,5.56,31886876.0,453625312.0
2014-09-25,5.65,5.73,5.58,5.53,19186412.0,265654240.0
2014-09-24,5.47,5.77,5.65,5.44,22884012.0,317776768.0
2014-09-23,5.39,5.55,5.54,5.31,17098798.0,229452128.0
2014-09-22,5.39,5.54,5.43,5.32,21219208.0,283999072.0
2014-09-19,5.22,5.46,5.36,5.21,25945864.0,342712736.0
2014-09-18,5.37,5.37,5.24,5.20,24783298.0,321687232.0
2014-09-17,5.47,5.58,5.39,5.27,28017508.0,375016544.0
2014-09-16,5.87,5.97,5.56,5.53,42181808.0,598259840.0
2014-09-15,5.67,6.07,5.99,5.62,49071808.0,710682240.0
2014-09-12,5.67,5.80,5.68,5.61,35477136.0,499121152.0
2014-09-11,5.85,5.93,5.73,5.63,45920396.0,652901376.0
2014-09-10,5.75,6.00,5.91,5.71,51889392.0,751420480.0
2014-09-09,5.62,6.01,5.86,5.55,75138704.0,1077547392.0
2014-09-05,4.99,5.50,5.50,4.98,62260132.0,830127040.0
2014-09-04,4.95,5.02,5.00,4.91,22251912.0,273215008.0
2014-09-03,4.94,5.04,4.98,4.89,28753100.0,352772256.0
2014-09-02,4.80,5.05,4.92,4.75,33618512.0,406688288.0
2014-09-01,4.66,4.81,4.78,4.64,20044280.0,234070224.0
2014-08-29,4.73,4.73,4.68,4.58,24745380.0,284274880.0
2014-08-28,4.77,4.93,4.76,4.70,38065864.0,452473824.0
2014-08-27,5.02,5.06,4.82,4.80,56584128.0,690804288.0
2014-08-26,4.86,5.16,5.16,4.72,111755424.0,1360589056.0
2014-08-25,4.69,4.69,4.69,4.69,10919587.0,126558016.0
2014-08-22,4.21,4.31,4.27,4.18,6099778.0,64213956.0
2014-08-21,4.13,4.21,4.21,4.13,4633796.0,47763684.0
2014-08-20,4.14,4.17,4.12,4.10,3924898.0,40021040.0
2014-08-19,4.15,4.16,4.14,4.09,5070482.0,51581008.0
2014-08-18,3.99,4.17,4.14,3.98,7361608.0,74883712.0
2014-08-15,3.91,4.03,4.01,3.91,6193365.0,60835728.0
2014-08-14,3.96,3.96,3.90,3.88,4308763.0,41689324.0
2014-08-13,3.86,3.93,3.93,3.83,5438165.0,52189572.0
2014-08-12,3.84,3.93,3.86,3.83,4865639.0,46597628.0
2014-08-11,3.82,3.87,3.85,3.81,2996079.0,28416920.0
2014-08-08,3.83,3.86,3.82,3.80,3814008.0,35965200.0
2014-08-07,3.81,3.91,3.84,3.81,4116595.0,39202556.0
2014-08-06,3.81,3.85,3.82,3.79,4225929.0,39796720.0
2014-08-05,3.88,3.91,3.82,3.79,6186716.0,58571680.0
2014-08-04,3.83,3.90,3.88,3.81,4777581.0,45794472.0
2014-08-01,3.87,3.89,3.84,3.82,6351117.0,60389956.0
2014-07-31,3.73,3.97,3.91,3.73,11854091.0,113061832.0
2014-07-30,3.69,3.74,3.72,3.67,3567966.0,32647768.0
2014-07-29,3.69,3.75,3.71,3.67,4596160.0,42078740.0
2014-07-28,3.65,3.75,3.69,3.62,5846063.0,53365992.0
2014-07-25,3.56,3.67,3.64,3.54,3595185.0,32190628.0
2014-07-24,3.57,3.60,3.56,3.53,2154437.0,18920560.0
2014-07-23,3.57,3.65,3.58,3.55,2851935.0,25464424.0
2014-07-22,3.52,3.59,3.57,3.50,2055007.0,18094858.0
2014-07-21,3.58,3.60,3.52,3.52,2080601.0,18198368.0
2014-07-18,3.56,3.63,3.60,3.53,1965651.0,17494192.0
2014-07-17,3.56,3.61,3.56,3.52,3138214.0,27580636.0
2014-07-16,3.62,3.66,3.58,3.57,3176499.0,28320764.0
2014-07-15,3.65,3.68,3.62,3.60,3455551.0,30920212.0
2014-07-14,3.56,3.68,3.65,3.56,6219931.0,55749376.0
2014-07-11,3.47,3.58,3.56,3.47,3658283.0,31924190.0
2014-07-10,3.44,3.52,3.49,3.41,3174427.0,27276712.0
2014-07-09,3.52,3.54,3.45,3.43,4190282.0,36057168.0
2014-07-08,3.42,3.56,3.52,3.42,7187335.0,62257360.0
2014-07-07,3.41,3.45,3.43,3.39,2721602.0,23023156.0
2014-07-04,3.44,3.47,3.43,3.43,2707526.0,23034940.0
2014-07-03,3.44,3.46,3.44,3.40,4097464.0,34710516.0
2014-07-02,3.47,3.47,3.43,3.40,2448284.0,20708914.0
2014-07-01,3.40,3.47,3.45,3.37,4859011.0,41292328.0
2014-06-30,3.37,3.40,3.39,3.34,3985911.0,33203786.0
2014-06-27,3.38,3.41,3.37,3.36,3881395.0,32309564.0
2014-06-26,3.35,3.44,3.38,3.34,3647954.0,30620356.0
2014-06-25,3.37,3.38,3.35,3.34,2853666.0,23686060.0
2014-06-24,3.26,3.40,3.36,3.24,7214535.0,59720872.0
2014-06-23,3.26,3.27,3.26,3.19,2772651.0,22177648.0
2014-06-20,3.12,3.24,3.22,3.12,3677873.0,29127028.0
2014-06-19,3.26,3.29,3.12,3.08,6793069.0,53378812.0
2014-06-18,3.37,3.37,3.26,3.25,6929564.0,56538384.0
2014-06-17,3.36,3.39,3.39,3.34,2542156.0,21159506.0
2014-06-16,3.41,3.43,3.37,3.35,4972400.0,41571812.0
2014-06-13,3.42,3.45,3.43,3.38,4971089.0,42027112.0
2014-06-12,3.35,3.48,3.43,3.33,7357086.0,62270464.0
2014-06-11,3.39,3.39,3.37,3.34,4842173.0,40130192.0
2014-06-10,3.41,3.41,3.39,3.30,6338759.0,52570544.0
2014-06-09,3.38,3.41,3.38,3.34,4603064.0,38461668.0
2014-06-06,3.39,3.43,3.38,3.36,4102368.0,34269156.0
2014-06-05,3.36,3.48,3.41,3.36,5387868.0,45558084.0
2014-06-04,3.48,3.51,3.40,3.35,9421632.0,79124400.0
2014-06-03,3.28,3.59,3.51,3.28,15896091.0,136187168.0
2014-05-30,3.26,3.32,3.27,3.25,9402525.0,76244424.0
2014-05-29,3.48,3.56,3.33,3.31,20723132.0,174917536.0
2014-05-28,3.74,3.74,3.54,3.44,41631960.0,368971904.0
2014-04-25,3.48,3.49,3.40,3.39,4745814.0,40314968.0
2014-04-24,3.45,3.49,3.47,3.40,5812029.0,49444508.0
2014-04-23,3.44,3.50,3.47,3.41,5393786.0,46079416.0
2014-04-22,3.34,3.47,3.47,3.33,10890425.0,92269056.0
2014-04-21,3.38,3.39,3.34,3.31,3781516.0,31309756.0
2014-04-18,3.23,3.41,3.36,3.23,8559047.0,70846288.0
2014-04-17,3.20,3.25,3.25,3.20,2196402.0,17535622.0
2014-04-16,3.19,3.23,3.21,3.19,1994068.0,15800150.0
2014-04-15,3.28,3.28,3.20,3.18,5424974.0,43074808.0
2014-04-14,3.30,3.30,3.28,3.27,2520963.0,20459440.0
2014-04-11,3.26,3.30,3.29,3.24,3945096.0,32017584.0
2014-04-10,3.25,3.29,3.26,3.24,3733554.0,30072778.0
2014-04-09,3.24,3.27,3.25,3.21,2858519.0,22881580.0
2014-04-08,3.21,3.27,3.24,3.19,2939582.0,23499208.0
2014-04-04,3.11,3.28,3.23,3.11,4435425.0,35247188.0
2014-04-03,3.13,3.15,3.13,3.11,1909984.0,14728986.0
2014-04-02,3.14,3.15,3.14,3.11,1221892.0,9455547.0
2014-04-01,3.12,3.15,3.12,3.10,1769191.0,13645131.0
2014-03-31,3.11,3.18,3.13,3.11,2027762.0,15781994.0
2014-03-28,3.22,3.22,3.11,3.08,3116727.0,24139418.0
2014-03-27,3.20,3.25,3.18,3.16,3135415.0,24840060.0
2014-03-26,3.20,3.31,3.23,3.19,4566698.0,36667608.0
2014-03-25,3.14,3.21,3.20,3.12,3469842.0,27182894.0
2014-03-24,3.13,3.17,3.16,3.08,3956109.0,30426212.0
2014-03-21,3.07,3.17,3.13,3.03,3286929.0,25157692.0
2014-03-20,3.21,3.23,3.10,3.09,3530373.0,27542088.0
2014-03-19,3.18,3.22,3.21,3.12,3942524.0,30769576.0
2014-03-18,3.24,3.26,3.20,3.19,4774996.0,37962516.0
2014-03-17,3.15,3.28,3.25,3.10,6712232.0,53229784.0
2014-03-14,3.08,3.17,3.15,3.01,5466515.0,41805016.0
2014-03-13,3.04,3.17,3.11,3.04,6062880.0,46697828.0
2014-03-12,3.17,3.18,3.10,3.01,10370843.0,79504808.0
2014-03-11,3.32,3.32,3.23,3.20,12725415.0,102362264.0
2014-03-10,3.24,3.52,3.42,3.19,31956758.0,266554784.0
2014-03-07,3.25,3.25,3.25,3.25,5613891.0,45079544.0
2014-03-05,2.96,2.96,2.96,2.92,1367232.0,9944105.0
2014-03-04,2.96,2.96,2.95,2.90,2090778.0,15073175.0
2014-03-03,2.89,2.96,2.96,2.89,1848218.0,13387407.0
2014-02-28,2.88,2.92,2.91,2.81,3350627.0,23749798.0
2014-02-27,2.91,2.94,2.88,2.87,2213518.0,15870549.0
2014-02-26,2.90,2.95,2.92,2.84,2699697.0,19272430.0
2014-02-25,3.05,3.11,2.92,2.90,6423181.0,47927428.0
2014-02-24,3.09,3.10,3.07,3.00,3592908.0,27069588.0
2014-02-21,3.00,3.09,3.08,2.98,5189999.0,39101040.0
2014-02-20,2.96,3.03,3.00,2.96,2374396.0,17574960.0
2014-02-19,3.00,3.02,2.96,2.96,4732721.0,34831868.0
2014-02-18,3.06,3.07,3.01,2.99,3634855.0,27088060.0
2014-02-17,3.05,3.09,3.06,3.00,3679061.0,27681380.0
2014-02-14,3.03,3.07,3.04,3.00,3386748.0,25396892.0
2014-02-13,3.04,3.11,3.04,3.00,3918480.0,29543564.0
2014-02-12,3.11,3.14,3.06,3.04,3530911.0,26977850.0
2014-02-11,3.13,3.17,3.11,3.08,3796929.0,29142096.0
2014-02-10,3.05,3.14,3.13,3.02,5191970.0,39614872.0
2014-02-07,3.00,3.07,3.04,2.94,2964456.0,22189984.0
2014-01-30,3.00,3.05,3.01,2.94,4321215.0,32048530.0
2014-01-29,2.93,3.03,2.98,2.92,3826821.0,28086548.0
2014-01-28,2.75,2.94,2.94,2.75,6460861.0,46019208.0
2014-01-27,2.69,2.77,2.75,2.69,2383406.0,16170279.0
2014-01-24,2.69,2.74,2.71,2.69,2750034.0,18435208.0
2014-01-23,2.74,2.75,2.71,2.69,1903701.0,12768554.0
2014-01-22,2.68,2.74,2.74,2.66,3022313.0,20177920.0
2014-01-21,2.68,2.71,2.71,2.66,1489111.0,9890466.0
2014-01-20,2.74,2.74,2.69,2.67,2400408.0,16000117.0
2014-01-17,2.74,2.78,2.75,2.73,1095250.0,7437902.0
2014-01-16,2.72,2.77,2.76,2.72,1637327.0,11117761.0
2014-01-15,2.73,2.73,2.72,2.69,1587964.0,10610513.0
2014-01-14,2.68,2.74,2.73,2.68,1209542.0,8114249.0
2014-01-13,2.67,2.75,2.70,2.67,1399260.0,9348872.0
2014-01-10,2.69,2.71,2.68,2.67,1292171.0,8576419.0
2014-01-09,2.75,2.75,2.69,2.66,3505519.0,23428222.0
2014-01-08,2.79,2.81,2.75,2.67,4621781.0,31288142.0
2014-01-07,2.85,2.85,2.78,2.77,3683833.0,25436812.0
2014-01-06,2.86,2.90,2.85,2.84,1252715.0,8826064.0
2014-01-03,2.86,2.90,2.87,2.86,1306768.0,9288782.0
2014-01-02,2.85,2.92,2.88,2.84,1291651.0,9194171.0
2013-12-31,2.89,2.94,2.88,2.83,2393243.0,17015604.0
2013-12-30,2.96,2.98,2.90,2.90,2160896.0,15649715.0
2013-12-27,2.92,2.96,2.93,2.91,2246775.0,16334670.0
2013-12-26,2.90,2.98,2.92,2.88,2912154.0,21071520.0
2013-12-25,2.88,2.90,2.90,2.86,1445545.0,10287119.0
2013-12-24,2.83,2.91,2.88,2.83,2582083.0,18313004.0
2013-12-23,2.81,2.88,2.83,2.79,2372806.0,16553663.0
2013-12-20,2.87,2.89,2.82,2.79,2369771.0,16592376.0
2013-12-19,2.90,2.91,2.87,2.84,1493995.0,10589895.0
2013-12-18,2.84,2.93,2.88,2.84,1982036.0,14111914.0
2013-12-17,2.87,2.91,2.84,2.83,2090146.0,14822195.0
2013-12-16,2.97,3.00,2.88,2.86,4657665.0,33471752.0
2013-12-13,2.99,3.03,2.99,2.95,3536243.0,26177572.0
2013-12-12,2.96,2.98,2.98,2.94,1910798.0,14009644.0
2013-12-11,2.94,3.00,2.96,2.92,3200874.0,23472324.0
2013-12-10,2.94,2.98,2.94,2.92,2193214.0,15945027.0
2013-12-09,2.98,3.03,2.94,2.94,3751383.0,27643516.0
2013-12-06,3.00,3.02,2.96,2.96,2523710.0,18592734.0
2013-12-05,2.96,3.02,3.00,2.93,3720812.0,27357674.0
2013-12-04,2.92,3.07,2.95,2.91,7203612.0,53382432.0
2013-12-03,2.76,2.93,2.92,2.75,5657484.0,40346448.0
2013-12-02,2.84,2.89,2.79,2.77,5542717.0,38633844.0
2013-11-29,2.90,2.94,2.92,2.85,4242455.0,30318888.0
2013-11-28,2.86,2.92,2.92,2.85,3464669.0,24842596.0
2013-11-27,2.90,2.94,2.87,2.83,5322489.0,38008592.0
2013-11-26,2.93,2.95,2.92,2.88,4345931.0,31229212.0
2013-11-25,2.96,2.98,2.92,2.89,5563670.0,40328816.0
2013-11-22,2.81,2.98,2.94,2.79,12080764.0,87200640.0
2013-11-21,2.79,2.83,2.82,2.75,5853549.0,40450084.0
2013-11-20,2.74,2.91,2.84,2.74,11362665.0,79584008.0
2013-11-19,2.71,2.72,2.70,2.66,4483900.0,29785026.0
2013-11-18,2.60,2.71,2.71,2.57,4684644.0,30691696.0
2013-11-15,2.56,2.62,2.59,2.55,1802814.0,11570699.0
2013-11-14,2.60,2.62,2.57,2.56,2128915.0,13598962.0
2013-11-13,2.58,2.65,2.60,2.58,1681167.0,10893122.0
2013-11-12,2.61,2.61,2.60,2.58,1243954.0,7975060.0
2013-11-11,2.59,2.61,2.59,2.56,1467193.0,9359183.0
2013-11-08,2.64,2.65,2.60,2.58,2263623.0,14575761.0
2013-11-07,2.62,2.70,2.64,2.62,2317564.0,15256307.0
2013-11-06,2.66,2.71,2.65,2.64,2513983.0,16653099.0
2013-11-05,2.66,2.69,2.68,2.62,2171776.0,14199076.0
2013-11-04,2.64,2.73,2.68,2.64,2931168.0,19463898.0
2013-11-01,2.69,2.71,2.67,2.64,2820843.0,18560718.0
2013-10-31,2.56,2.72,2.69,2.56,8897300.0,58903320.0
2013-10-30,2.56,2.61,2.58,2.53,2046030.0,12982653.0
2013-10-29,2.63,2.69,2.56,2.50,4027949.0,25472140.0
2013-10-28,2.54,2.70,2.63,2.52,3925324.0,25506480.0
2013-10-25,2.54,2.61,2.55,2.54,3584331.0,22780588.0
2013-10-24,2.58,2.60,2.54,2.54,2378433.0,15073709.0
2013-10-23,2.70,2.71,2.58,2.55,3964597.0,25625728.0
2013-10-22,2.72,2.74,2.69,2.67,4011217.0,26676326.0
2013-10-21,2.67,2.75,2.72,2.64,5632011.0,37622736.0
2013-10-18,2.63,2.71,2.67,2.63,4382137.0,28895612.0
2013-10-17,2.69,2.78,2.65,2.62,5904721.0,39344944.0
2013-10-16,2.66,2.79,2.67,2.66,9831707.0,65942608.0
2013-10-15,2.54,2.74,2.69,2.53,14113740.0,92558112.0
2013-10-14,2.49,2.56,2.56,2.43,7851119.0,48366056.0
2013-10-11,2.51,2.56,2.49,2.47,5953592.0,36885904.0
2013-10-10,2.55,2.58,2.52,2.51,3600617.0,22529602.0
2013-10-09,2.54,2.57,2.54,2.48,4075630.0,25431676.0
2013-10-08,2.50,2.58,2.53,2.47,5352574.0,33657700.0
2013-09-30,2.36,2.51,2.51,2.36,5537966.0,33470588.0
2013-09-27,2.45,2.50,2.39,2.38,6388848.0,38148252.0
2013-09-26,2.45,2.55,2.48,2.43,8352628.0,51065584.0
2013-09-25,2.62,2.62,2.49,2.47,13246604.0,83461968.0
2013-09-24,2.55,2.60,2.57,2.54,9136307.0,58082540.0
2013-09-23,2.56,2.62,2.55,2.47,9591296.0,60348024.0
2013-09-18,2.52,2.56,2.55,2.52,5913390.0,37175596.0
2013-09-17,2.55,2.60,2.53,2.52,7041003.0,44560472.0
2013-09-16,2.51,2.58,2.57,2.49,8394016.0,52684564.0
2013-09-13,2.41,2.56,2.51,2.41,10334297.0,64107560.0
2013-09-12,2.39,2.45,2.42,2.37,5558284.0,32954064.0
2013-09-11,2.39,2.45,2.37,2.36,8036346.0,47804808.0
2013-09-10,2.32,2.42,2.40,2.31,9492895.0,55862392.0
2013-09-09,2.30,2.37,2.32,2.29,6011682.0,34553272.0
2013-09-06,2.22,2.31,2.30,2.22,7568976.0,42576708.0
2013-09-05,2.21,2.24,2.24,2.19,4158057.0,22769666.0
2013-09-04,2.23,2.24,2.21,2.20,3839924.0,21012836.0
2013-09-03,2.11,2.21,2.21,2.11,4590815.0,24599908.0
2013-09-02,2.14,2.16,2.13,2.08,3722937.0,19412818.0
2013-08-30,2.17,2.17,2.14,2.13,2961446.0,15733417.0
2013-08-29,2.16,2.18,2.15,2.13,2762960.0,14663072.0
2013-08-28,2.18,2.22,2.15,2.14,4518918.0,24270416.0
2013-08-27,2.22,2.24,2.20,2.18,4064558.0,22042620.0
2013-08-26,2.22,2.25,2.22,2.20,6184888.0,34010924.0
2013-08-23,2.17,2.24,2.23,2.16,9414157.0,50961872.0
2013-08-22,2.11,2.18,2.17,2.10,6404449.0,34070548.0
2013-08-21,2.09,2.11,2.11,2.09,2506948.0,13027941.0
2013-08-20,2.10,2.11,2.09,2.08,2301251.0,11897204.0
2013-08-19,2.06,2.11,2.10,2.05,2598321.0,13450352.0
2013-08-16,2.07,2.11,2.09,2.05,3786296.0,19456908.0
2013-08-15,2.10,2.12,2.08,2.08,2534516.0,13145973.0
2013-08-14,2.13,2.15,2.11,2.10,3873724.0,20238356.0
2013-08-13,2.16,2.16,2.14,2.12,4723963.0,24904432.0
2013-08-12,2.07,2.15,2.14,2.05,7478121.0,39043236.0
2013-08-09,2.04,2.09,2.07,2.03,5542508.0,28229794.0
2013-08-08,2.02,2.05,2.03,2.02,2455338.0,12315197.0
2013-08-07,2.05,2.07,2.02,2.02,3538705.0,17800612.0
2013-08-06,2.04,2.06,2.05,2.02,5636994.0,28287640.0
2013-08-05,2.07,2.11,2.06,2.02,6795979.0,34437600.0
2013-08-02,2.02,2.16,2.07,2.02,9664482.0,50219744.0
2013-08-01,1.99,2.04,2.01,1.99,4728864.0,23482868.0
2013-07-31,2.02,2.05,2.01,1.98,6599703.0,32753170.0
2013-07-30,1.92,2.07,2.02,1.90,12343640.0,60565956.0
2013-07-29,1.84,1.94,1.92,1.83,7012987.0,33021748.0
2013-07-26,1.83,1.86,1.85,1.82,1925561.0,8754342.0
2013-07-25,1.87,1.88,1.84,1.83,2369221.0,10802952.0
2013-07-24,1.91,1.91,1.87,1.84,2874777.0,13235863.0
2013-07-23,1.87,1.92,1.90,1.87,3383500.0,15843909.0
2013-07-22,1.80,1.88,1.88,1.80,1861262.0,8463580.0
2013-07-19,1.84,1.86,1.82,1.81,2151137.0,9788525.0
2013-07-18,1.90,1.90,1.84,1.83,2675491.0,12303309.0
2013-07-17,1.91,1.93,1.90,1.90,2069511.0,9778826.0
2013-07-16,1.91,1.94,1.93,1.88,2299286.0,10882353.0
2013-07-15,1.88,1.92,1.90,1.88,1968477.0,9243269.0
2013-07-12,1.91,1.93,1.88,1.86,2363640.0,11060943.0
2013-07-11,1.86,1.95,1.92,1.86,4221765.0,19899090.0
2013-07-10,1.81,1.88,1.87,1.81,2135169.0,9716376.0
2013-07-09,1.78,1.82,1.81,1.78,1039560.0,4645240.0
2013-07-08,1.84,1.84,1.79,1.77,2598440.0,11644940.0
2013-07-05,1.86,1.91,1.87,1.83,2505877.0,11578438.0
2013-07-04,1.82,1.88,1.86,1.80,2730059.0,12449705.0
2013-07-03,1.86,1.87,1.83,1.80,1766992.0,7996434.0
2013-07-02,1.86,1.89,1.88,1.85,1442730.0,6648862.0
2013-07-01,1.81,1.86,1.85,1.79,2075889.0,9450569.0
2013-06-28,1.81,1.86,1.81,1.79,1047205.0,4705460.0
2013-06-27,1.87,1.90,1.82,1.81,2048173.0,9417114.0
2013-06-26,1.85,1.87,1.85,1.78,2571152.0,11706723.0
2013-06-25,1.79,1.86,1.85,1.64,3817461.0,16833376.0
2013-06-24,1.97,1.99,1.83,1.80,2833440.0,13285447.0
2013-06-21,1.98,2.00,1.97,1.94,1901795.0,9241012.0
2013-06-20,2.07,2.07,2.01,2.01,2539665.0,12741338.0
2013-06-19,2.10,2.11,2.08,2.05,1926024.0,9855767.0
2013-06-18,2.12,2.15,2.11,2.09,1474111.0,7705477.0
2013-06-17,2.12,2.15,2.11,2.10,1770049.0,9281539.0
2013-06-14,2.11,2.13,2.12,2.09,2356407.0,12268907.0
2013-06-13,2.20,2.20,2.09,2.09,3108457.0,16242097.0
2013-06-07,2.24,2.27,2.20,2.19,2675627.0,14651817.0
2013-06-06,2.28,2.31,2.24,2.23,3224107.0,18102020.0
2013-06-05,2.30,2.32,2.30,2.27,3068220.0,17400184.0
2013-06-04,2.39,2.39,2.31,2.29,6664257.0,38349424.0
2013-06-03,2.37,2.43,2.39,2.36,12017733.0,70931456.0
2013-05-31,2.34,2.41,2.37,2.32,11806187.0,69060920.0
2013-05-30,2.32,2.34,2.33,2.30,4020576.0,23078584.0
2013-05-29,2.33,2.34,2.32,2.31,4448019.0,25485562.0
2013-05-28,2.30,2.34,2.33,2.28,5211417.0,29793394.0
2013-05-27,2.30,2.32,2.30,2.28,3041354.0,17250482.0
2013-05-24,2.31,2.33,2.32,2.29,5555649.0,31700128.0
2013-05-23,2.29,2.29,2.27,2.25,4727455.0,26513864.0
2013-05-22,2.31,2.33,2.30,2.28,5856428.0,33379496.0
2013-05-21,2.29,2.31,2.30,2.27,4991210.0,28286640.0
2013-05-20,2.25,2.30,2.29,2.25,4524865.0,25507616.0
2013-05-17,2.24,2.26,2.26,2.22,3493146.0,19328028.0
2013-05-16,2.22,2.25,2.24,2.19,3019081.0,16532872.0
2013-05-15,2.21,2.24,2.22,2.21,1708533.0,9355725.0
2013-05-14,2.25,2.25,2.21,2.20,2198725.0,12027317.0
2013-05-13,2.27,2.28,2.25,2.23,2053024.0,11385813.0
2013-05-10,2.24,2.27,2.26,2.23,2489059.0,13860580.0
2013-05-09,2.25,2.28,2.26,2.22,3324666.0,18403564.0
2013-05-08,2.28,2.30,2.27,2.26,3096198.0,17402492.0
2013-05-07,2.31,2.32,2.28,2.27,4592216.0,25928346.0
2013-05-06,2.31,2.38,2.32,2.30,11106360.0,63501588.0
2013-05-03,2.21,2.42,2.35,2.19,7044170.0,39975644.0
2013-05-02,2.19,2.22,2.22,2.14,4788638.0,25574736.0
2013-04-26,2.26,2.27,2.23,2.18,2663567.0,14592154.0
2013-04-25,2.24,2.27,2.26,2.20,3761684.0,20770818.0
2013-04-24,2.21,2.26,2.23,2.21,1693374.0,9337623.0
2013-04-23,2.28,2.29,2.21,2.21,2906156.0,16046453.0
2013-04-22,2.29,2.30,2.28,2.26,2607715.0,14687321.0
2013-04-19,2.30,2.36,2.32,2.30,8243927.0,47387528.0
2013-04-18,2.23,2.34,2.32,2.19,4906513.0,27695040.0
2013-04-17,2.27,2.27,2.24,2.23,1231216.0,6819577.0
2013-04-16,2.22,2.26,2.26,2.18,2013050.0,10981009.0
2013-04-15,2.34,2.34,2.25,2.25,2256586.0,12600401.0
2013-04-12,2.35,2.39,2.32,2.31,4856224.0,28249494.0
2013-04-11,2.34,2.36,2.35,2.32,2984708.0,17231788.0
2013-04-10,2.27,2.36,2.34,2.27,2069418.0,11882658.0
2013-04-09,2.29,2.35,2.33,2.27,2681445.0,15350807.0
2013-04-08,2.32,2.32,2.29,2.26,2341851.0,13207154.0
2013-04-03,2.36,2.37,2.35,2.31,2907540.0,16796938.0
2013-04-02,2.36,2.41,2.36,2.30,6571277.0,38344692.0
2013-04-01,2.32,2.37,2.34,2.30,2291445.0,13182094.0
2013-03-29,2.35,2.38,2.32,2.31,2620777.0,15092523.0
2013-03-28,2.45,2.45,2.35,2.31,4648697.0,27257860.0
2013-03-27,2.49,2.54,2.48,2.46,9027714.0,55761308.0
2013-03-26,2.47,2.49,2.47,2.40,4028059.0,24375502.0
2013-03-25,2.47,2.53,2.49,2.46,6405076.0,39409336.0
2013-03-22,2.30,2.54,2.51,2.30,10429968.0,62692336.0
2013-03-21,2.37,2.37,2.36,2.32,3037733.0,17649108.0
2013-03-20,2.28,2.37,2.36,2.28,3181508.0,18356316.0
2013-03-19,2.26,2.31,2.30,2.23,2407134.0,13518891.0
2013-03-18,2.35,2.38,2.26,2.26,2870822.0,16409664.0
2013-03-15,2.37,2.42,2.35,2.33,3678102.0,21604074.0
2013-03-14,2.37,2.39,2.34,2.34,3109821.0,18139740.0
2013-03-13,2.39,2.40,2.37,2.35,2483474.0,14548936.0
2013-03-12,2.48,2.50,2.39,2.36,5101116.0,30532784.0
2013-03-11,2.47,2.49,2.46,2.45,2946538.0,17916412.0
2013-03-08,2.55,2.61,2.48,2.47,8809331.0,54573084.0
2013-03-07,2.57,2.62,2.58,2.56,11986128.0,76606336.0
2013-03-06,2.56,2.60,2.60,2.54,10312313.0,65486832.0
2013-03-05,2.62,2.67,2.59,2.54,19097436.0,121724888.0
2013-03-04,2.62,2.66,2.62,2.55,13767004.0,88174280.0
2013-03-01,2.60,2.64,2.63,2.58,9524276.0,61654656.0
2013-02-28,2.51,2.62,2.60,2.49,10664596.0,67459512.0
2013-02-27,2.51,2.54,2.50,2.47,3659658.0,22616998.0
2013-02-26,2.47,2.54,2.49,2.45,6613988.0,40966388.0
2013-02-25,2.45,2.50,2.47,2.45,2127383.0,12962642.0
2013-02-22,2.43,2.49,2.46,2.43,2896753.0,17647496.0
2013-02-21,2.51,2.51,2.44,2.42,5121395.0,31072884.0
2013-02-20,2.49,2.52,2.52,2.46,3974421.0,24411238.0
2013-02-19,2.54,2.57,2.49,2.48,4498475.0,27922482.0
2013-02-18,2.56,2.58,2.57,2.56,4515998.0,28597232.0
2013-02-08,2.55,2.56,2.56,2.53,3393783.0,21341562.0
2013-02-07,2.58,2.58,2.54,2.52,3833721.0,24107174.0
2013-02-06,2.53,2.59,2.57,2.53,4489129.0,28465304.0
2013-02-05,2.50,2.56,2.56,2.47,5711345.0,35498384.0
2013-02-04,2.55,2.58,2.52,2.46,8925147.0,55228032.0
2013-02-01,2.64,2.64,2.56,2.54,11430225.0,72447520.0
2013-01-31,2.63,2.68,2.64,2.61,7024065.0,45857888.0
2013-01-30,2.73,2.73,2.63,2.60,13790836.0,89697648.0
2013-01-29,2.81,2.83,2.72,2.70,17221758.0,116512896.0
2013-01-28,2.77,2.82,2.79,2.73,26312808.0,180962608.0
2013-01-25,2.68,2.78,2.76,2.64,26424180.0,177025792.0
2013-01-24,2.68,2.73,2.67,2.65,15080337.0,99743448.0
2013-01-23,2.62,2.71,2.69,2.60,15017968.0,99065016.0
2013-01-22,2.66,2.66,2.64,2.60,8160452.0,52745348.0
2013-01-21,2.72,2.73,2.65,2.58,11984194.0,77819680.0
2013-01-18,2.66,2.90,2.70,2.66,18741372.0,126658976.0
2013-01-17,2.69,2.76,2.69,2.66,16677466.0,111243368.0
2013-01-16,2.64,2.72,2.68,2.61,21497208.0,141959920.0
2013-01-15,2.63,2.68,2.63,2.59,17064004.0,110674584.0
2013-01-14,2.49,2.70,2.64,2.46,25210376.0,161633808.0
2013-01-11,2.43,2.56,2.49,2.39,13492439.0,82738768.0
2013-01-10,2.39,2.44,2.42,2.37,6134038.0,36498016.0
2013-01-09,2.38,2.39,2.37,2.34,4905873.0,28711690.0
2013-01-08,2.33,2.41,2.39,2.33,6241394.0,36642696.0
2013-01-07,2.32,2.35,2.32,2.29,3736556.0,21461072.0
2013-01-04,2.30,2.35,2.32,2.28,4905354.0,28066974.0
2012-12-31,2.28,2.32,2.28,2.28,3253838.0,18425570.0
2012-12-28,2.26,2.28,2.28,2.25,3585948.0,20092630.0
2012-12-27,2.30,2.31,2.26,2.24,5844023.0,32751884.0
2012-12-26,2.17,2.32,2.31,2.17,8370756.0,46407200.0
2012-12-25,2.14,2.22,2.19,2.13,4546259.0,24453204.0
2012-12-24,2.14,2.17,2.15,2.13,1590340.0,8428619.0
2012-12-21,2.23,2.23,2.15,2.14,3524393.0,18939238.0
2012-12-20,2.14,2.19,2.19,2.13,4441320.0,23760556.0
2012-12-19,2.14,2.17,2.14,2.13,2155309.0,11423552.0
2012-12-18,2.14,2.19,2.15,2.13,3771255.0,20098384.0
2012-12-17,2.11,2.19,2.15,2.11,4138075.0,22048402.0
2012-12-14,2.02,2.13,2.12,2.02,3029452.0,15675894.0
2012-12-13,2.07,2.09,2.03,2.03,1275090.0,6473421.0
2012-12-12,2.11,2.12,2.08,2.05,2082056.0,10692454.0
2012-12-11,2.10,2.16,2.11,2.07,3277845.0,17117584.0
2012-12-10,2.05,2.10,2.09,2.05,2398339.0,12333660.0
2012-12-07,2.00,2.05,2.04,1.99,2498782.0,12517042.0
2012-12-06,2.00,2.03,1.99,1.98,1508958.0,7446576.0
2012-12-05,1.91,2.03,2.01,1.91,2767637.0,13636646.0
2012-12-04,1.91,1.94,1.93,1.86,1566576.0,7324499.0
2012-12-03,1.94,1.99,1.91,1.91,1585570.0,7614838.0
2012-11-30,1.94,2.00,1.99,1.90,1987059.0,9596905.0
2012-11-29,2.10,2.10,1.99,1.99,3624732.0,18187870.0
2012-11-26,2.24,2.25,2.21,2.20,1010001.0,5535145.0
2012-11-23,2.22,2.25,2.22,2.21,1081600.0,5957238.0
2012-11-22,2.25,2.25,2.22,2.21,776801.0,4270463.0
2012-11-21,2.20,2.25,2.24,2.18,1293759.0,7081076.0
2012-11-20,2.24,2.26,2.21,2.21,1111142.0,6143196.0
2012-11-19,2.20,2.23,2.22,2.19,976596.0,5317410.0
2012-11-16,2.23,2.23,2.20,2.19,1222586.0,6624063.0
2012-11-15,2.28,2.28,2.23,2.22,1392909.0,7700698.0
2012-11-14,2.27,2.30,2.29,2.27,920410.0,5191664.0
2012-11-13,2.33,2.33,2.27,2.27,1322296.0,7466076.0
2012-11-12,2.29,2.33,2.32,2.28,1082999.0,6174401.0
2012-11-09,2.32,2.34,2.30,2.28,1409844.0,8025053.0
2012-11-08,2.39,2.39,2.32,2.32,2754859.0,15916507.0
2012-11-07,2.42,2.45,2.41,2.39,1770989.0,10588823.0
2012-11-06,2.42,2.42,2.40,2.36,1556470.0,9140251.0
2012-11-05,2.42,2.44,2.41,2.40,1292436.0,7723096.0
2012-11-02,2.43,2.44,2.43,2.40,1423606.0,8514396.0
2012-11-01,2.37,2.44,2.43,2.37,2428482.0,14561672.0
2012-10-31,2.37,2.39,2.39,2.35,987398.0,5784541.0
2012-10-30,2.36,2.39,2.37,2.36,1069982.0,6265511.0
2012-10-29,2.35,2.40,2.36,2.35,1175914.0,6884487.0
2012-10-26,2.45,2.46,2.37,2.37,2931650.0,17338614.0
2012-10-25,2.47,2.49,2.45,2.45,2108567.0,12875730.0
2012-10-24,2.47,2.50,2.47,2.46,1842729.0,11255018.0
2012-10-23,2.51,2.54,2.49,2.49,2914164.0,18060506.0
2012-10-22,2.48,2.51,2.50,2.47,2391425.0,14712372.0
2012-10-19,2.52,2.53,2.52,2.49,2521977.0,15636513.0
2012-10-18,2.49,2.51,2.51,2.46,3024470.0,18637016.0
2012-10-17,2.47,2.49,2.46,2.45,1870056.0,11397170.0
2012-10-16,2.45,2.50,2.47,2.45,1377147.0,8423447.0
2012-10-15,2.49,2.50,2.47,2.42,2107924.0,12772688.0
2012-10-12,2.55,2.58,2.51,2.49,2779292.0,17316152.0
2012-10-11,2.58,2.61,2.54,2.54,3024543.0,19144316.0
2012-10-10,2.55,2.59,2.59,2.55,3646221.0,23204800.0
2012-10-09,2.51,2.58,2.57,2.50,3913793.0,24602982.0
2012-10-08,2.53,2.54,2.50,2.48,1916759.0,11824746.0
2012-09-28,2.44,2.52,2.51,2.44,2905844.0,17923728.0
2012-09-27,2.39,2.49,2.46,2.39,2798460.0,16902504.0
2012-09-26,2.50,2.50,2.39,2.38,2643250.0,15823000.0
2012-09-25,2.51,2.54,2.50,2.47,2367799.0,14613310.0
2012-09-24,2.48,2.54,2.52,2.38,3535252.0,21488856.0
2012-09-21,2.47,2.56,2.48,2.46,3268717.0,20226078.0
2012-09-20,2.59,2.59,2.47,2.47,4126757.0,25711332.0
2012-09-19,2.58,2.63,2.61,2.54,3211639.0,20452316.0
2012-09-18,2.54,2.59,2.56,2.52,3481617.0,22026038.0
2012-09-17,2.73,2.73,2.55,2.55,7333318.0,47364280.0
2012-09-14,2.75,2.81,2.71,2.68,13274059.0,90178616.0
2012-09-13,2.79,2.82,2.71,2.70,17062442.0,116809744.0
2012-09-12,2.65,2.94,2.86,2.63,25526608.0,174087648.0
2012-09-11,2.70,2.75,2.68,2.65,24457096.0,163236304.0
2012-09-10,2.57,2.79,2.76,2.54,18650496.0,122656184.0
2012-09-07,2.44,2.57,2.54,2.42,12226573.0,75921776.0
2012-09-06,2.39,2.42,2.41,2.38,2495577.0,14825642.0
2012-09-05,2.40,2.41,2.40,2.37,1151259.0,6792011.0
2012-09-04,2.43,2.43,2.40,2.37,1849644.0,10929169.0
2012-09-03,2.36,2.43,2.41,2.35,2854875.0,16939436.0
2012-08-31,2.36,2.38,2.35,2.29,2004424.0,11574513.0
2012-08-30,2.38,2.40,2.35,2.32,1480544.0,8652889.0
2012-08-29,2.37,2.41,2.38,2.37,1452217.0,8538192.0
2012-08-28,2.31,2.40,2.37,2.31,2290238.0,13418996.0
2012-08-27,2.41,2.41,2.34,2.34,2099439.0,12260722.0
2012-08-24,2.44,2.46,2.42,2.40,3932994.0,23424216.0
2012-08-23,2.41,2.47,2.45,2.41,2199794.0,13270812.0
2012-08-22,2.45,2.49,2.42,2.40,2664025.0,16063365.0
2012-08-21,2.38,2.45,2.45,2.38,3710648.0,22303248.0
2012-08-20,2.34,2.40,2.39,2.32,1802669.0,10508823.0
2012-08-17,2.34,2.37,2.35,2.31,1500798.0,8674573.0
2012-08-16,2.32,2.37,2.32,2.30,1196404.0,6886856.0
2012-08-15,2.39,2.41,2.34,2.34,1957700.0,11439233.0
2012-08-14,2.41,2.42,2.41,2.31,3385120.0,19818232.0
2012-08-13,2.44,2.48,2.41,2.40,4319714.0,26122548.0
2012-08-10,2.43,2.47,2.43,2.40,2257744.0,13543446.0
2012-08-09,2.37,2.45,2.43,2.37,2542655.0,15130689.0
2012-08-08,2.39,2.46,2.40,2.38,3136765.0,18705984.0
2012-08-07,2.35,2.40,2.39,2.35,2194913.0,12904525.0
2012-08-06,2.26,2.36,2.35,2.25,3030138.0,17380140.0
2012-08-03,2.23,2.28,2.27,2.23,1399654.0,7823950.0
2012-08-02,2.25,2.29,2.23,2.21,1613015.0,8930493.0
2012-08-01,2.24,2.30,2.28,2.24,1745209.0,9810140.0
2012-07-31,2.28,2.31,2.22,2.15,2811478.0,15396799.0
2012-07-30,2.44,2.47,2.29,2.28,3279347.0,19036616.0
2012-07-27,2.44,2.47,2.44,2.43,1692049.0,10209306.0
2012-07-26,2.48,2.49,2.44,2.43,1998192.0,12106840.0
2012-07-25,2.49,2.50,2.47,2.46,1512784.0,9265783.0
2012-07-24,2.47,2.53,2.50,2.45,1533004.0,9454390.0
2012-07-23,2.55,2.55,2.50,2.47,2028948.0,12548708.0
2012-07-20,2.53,2.55,2.54,2.49,2345303.0,14593444.0
2012-07-19,2.49,2.54,2.52,2.48,3738128.0,23299296.0
2012-07-18,2.46,2.49,2.49,2.43,2322984.0,14142829.0
2012-07-17,2.41,2.46,2.45,2.40,1438231.0,8680575.0
2012-07-16,2.50,2.52,2.42,2.42,2706724.0,16359271.0
2012-07-13,2.51,2.54,2.50,2.48,2086833.0,12923901.0
2012-07-12,2.46,2.54,2.53,2.42,4012270.0,24714944.0
2012-07-11,2.43,2.46,2.46,2.41,1653049.0,9969975.0
2012-07-10,2.43,2.47,2.43,2.40,2129259.0,12798536.0
2012-07-09,2.49,2.54,2.44,2.43,2485168.0,15249095.0
2012-07-06,2.43,2.53,2.52,2.43,3041178.0,18619852.0
2012-07-05,2.51,2.52,2.44,2.44,2710472.0,16480987.0
2012-07-04,2.57,2.58,2.52,2.51,2784614.0,17430566.0
2012-07-03,2.55,2.59,2.55,2.52,2489601.0,15724685.0
2012-07-02,2.56,2.59,2.57,2.53,2456427.0,15576503.0
2012-06-29,2.43,2.54,2.52,2.43,2707036.0,16702587.0
2012-06-28,2.60,2.64,2.49,2.48,3545933.0,22444616.0
2012-06-27,2.67,2.70,2.61,2.60,2890314.0,18914202.0
2012-06-26,2.62,2.69,2.66,2.60,3656368.0,23783272.0
2012-06-25,2.82,2.87,2.68,2.67,8515984.0,57849576.0
2012-06-21,3.10,3.10,2.91,2.88,15030374.0,109841072.0
2012-06-18,2.81,2.82,2.81,2.77,3022647.0,20947464.0
2012-06-15,2.75,2.80,2.79,2.75,2906037.0,19939752.0
2012-06-14,2.76,2.81,2.75,2.75,2852781.0,19578970.0
2012-06-13,2.74,2.79,2.78,2.72,2877633.0,19624284.0
2012-06-12,2.76,2.78,2.72,2.71,2956936.0,19942110.0
2012-06-11,2.72,2.79,2.78,2.71,2654586.0,18018280.0
2012-06-08,2.79,2.81,2.73,2.72,3589900.0,24442968.0
2012-06-07,2.85,2.87,2.75,2.75,3235531.0,22384552.0
2012-06-06,2.77,2.85,2.80,2.77,3224777.0,22368832.0
2012-06-05,2.84,2.88,2.80,2.79,4773055.0,33295126.0
2012-06-04,2.92,2.98,2.84,2.84,6408589.0,46099476.0
2012-06-01,2.97,3.04,3.03,2.96,7465894.0,55895376.0
2012-05-31,2.96,3.01,2.98,2.94,5155301.0,38037928.0
2012-05-30,3.02,3.06,3.00,2.99,7749786.0,57888336.0
2012-05-29,2.93,3.05,3.04,2.90,12300803.0,91355680.0
2012-05-28,2.95,2.99,2.94,2.77,10225925.0,72945888.0
2012-05-25,2.93,3.02,2.99,2.92,10803519.0,80034384.0
2012-05-24,2.91,2.96,2.94,2.91,5983111.0,43582392.0
2012-05-23,2.97,2.97,2.95,2.90,8669694.0,63001372.0
2012-05-22,3.03,3.04,2.98,2.94,11133460.0,82438480.0
2012-05-21,2.92,3.07,3.01,2.90,13373311.0,98952960.0
2012-05-18,3.14,3.17,2.98,2.94,25508184.0,191687024.0
2012-05-17,3.25,3.27,3.24,3.15,18382708.0,146406528.0
2012-05-16,3.30,3.34,3.28,3.20,22676840.0,183813808.0
2012-05-15,3.10,3.40,3.37,3.06,38356532.0,313196192.0
2012-05-14,3.02,3.27,3.13,2.92,25899420.0,199871168.0
2012-05-11,2.97,3.06,2.98,2.94,19106552.0,142695232.0
2012-05-10,2.90,2.98,2.98,2.86,10721684.0,77631472.0
2012-05-09,2.92,3.01,2.93,2.90,14736977.0,107984304.0
2012-05-08,2.89,2.97,2.94,2.84,9530037.0,69046232.0
2012-05-07,2.91,2.91,2.90,2.83,5485475.0,39037400.0
2012-05-03,2.90,2.93,2.91,2.87,6139247.0,44254112.0
2012-05-02,2.86,2.94,2.90,2.83,7981154.0,57265648.0
2012-04-27,2.88,2.89,2.80,2.79,4976823.0,34836456.0
2012-04-26,2.84,2.94,2.88,2.83,8579200.0,61581040.0
2012-04-25,2.77,2.85,2.84,2.73,5375568.0,37332144.0
2012-04-24,2.80,2.86,2.77,2.67,5412628.0,36977040.0
2012-04-23,2.88,2.88,2.84,2.80,8877699.0,62611060.0
2012-04-20,2.80,2.91,2.90,2.78,12168548.0,86637968.0
2012-04-19,2.77,2.81,2.80,2.75,6424660.0,44177788.0
2012-04-18,2.71,2.79,2.77,2.69,5951822.0,40616296.0
2012-04-17,2.72,2.75,2.69,2.68,3913124.0,26273356.0
2012-04-16,2.71,2.74,2.73,2.67,4082584.0,27384630.0
2012-04-13,2.70,2.76,2.73,2.67,5285705.0,35717508.0
2012-04-12,2.62,2.69,2.69,2.62,4149450.0,27413756.0
2012-04-11,2.57,2.63,2.61,2.56,2203654.0,14237730.0
2012-04-10,2.58,2.62,2.61,2.51,2712555.0,17246804.0
2012-04-09,2.63,2.66,2.59,2.58,2210859.0,14361070.0
2012-04-06,2.60,2.65,2.63,2.59,2634690.0,17095944.0
2012-04-05,2.54,2.60,2.60,2.51,2746371.0,17538584.0
2012-03-30,2.51,2.58,2.52,2.50,2436867.0,15305054.0
2012-03-29,2.65,2.65,2.54,2.50,4329655.0,27562888.0
2012-03-28,2.83,2.83,2.66,2.65,4446045.0,29927316.0
2012-03-27,2.86,2.88,2.83,2.82,2491664.0,17640838.0
2012-03-26,2.85,2.88,2.83,2.81,2595125.0,18280846.0
2012-03-23,2.94,2.94,2.85,2.81,5062979.0,35951340.0
2012-03-22,2.98,2.98,2.94,2.92,3695043.0,26972092.0
2012-03-21,2.93,3.05,2.98,2.92,7218914.0,53435920.0
2012-03-20,3.00,3.00,2.92,2.91,6634559.0,48509784.0
2012-03-19,2.94,3.02,3.02,2.91,9711743.0,71407248.0
2012-03-15,2.91,2.96,2.85,2.76,8280220.0,58920480.0
2012-03-14,3.13,3.18,2.91,2.82,15031886.0,114112792.0
2012-03-13,3.07,3.17,3.13,3.06,14553087.0,112726488.0
2012-03-12,3.02,3.13,3.07,3.02,11349443.0,86575568.0
2012-03-09,2.99,3.02,3.02,2.96,9135795.0,67824656.0
2012-03-08,2.91,3.00,2.98,2.91,4865139.0,35775136.0
2012-03-07,2.90,2.96,2.91,2.89,4937580.0,35798984.0
2012-03-06,3.01,3.02,2.96,2.94,5817807.0,42789376.0
2012-03-05,3.02,3.08,3.03,3.00,8469736.0,63863104.0
2012-03-02,2.93,3.05,3.02,2.92,11914420.0,88988800.0
2012-03-01,2.90,2.96,2.93,2.88,4155844.0,30146540.0
2012-02-29,2.93,3.02,2.94,2.91,9368381.0,69252744.0
2012-02-28,2.95,2.97,2.92,2.90,6814269.0,49502400.0
2012-02-27,2.95,3.06,2.97,2.95,12134823.0,90423144.0
2012-02-24,2.94,2.98,2.96,2.91,7052938.0,51512152.0
2012-02-23,2.96,2.98,2.94,2.91,10247978.0,74954808.0
2012-02-22,2.86,2.98,2.96,2.86,12534081.0,90933112.0
2012-02-21,2.83,2.88,2.87,2.80,5327446.0,37557472.0
2012-02-20,2.90,2.92,2.83,2.83,6112884.0,43422376.0
2012-02-17,2.90,2.92,2.86,2.83,5140174.0,36427712.0
2012-02-16,2.83,2.92,2.90,2.83,11201765.0,79756288.0
2012-02-15,2.74,2.89,2.85,2.73,9565441.0,67130256.0
2012-02-14,2.76,2.78,2.76,2.73,4388792.0,30004064.0
2012-02-13,2.72,2.79,2.77,2.67,7270956.0,49601180.0
2012-02-10,2.73,2.78,2.74,2.71,5220439.0,35468568.0
2012-02-09,2.75,2.81,2.74,2.71,10870665.0,74366528.0
2012-02-08,2.61,2.76,2.76,2.57,10456698.0,70154440.0
2012-02-07,2.65,2.65,2.61,2.56,4497749.0,28965720.0
2012-02-06,2.64,2.68,2.67,2.64,4606303.0,30378180.0
2012-02-03,2.58,2.66,2.65,2.57,4573044.0,29779140.0
2012-02-02,2.54,2.60,2.60,2.54,3424910.0,21826440.0
2012-02-01,2.63,2.64,2.53,2.52,3547943.0,22689148.0
2012-01-31,2.62,2.64,2.61,2.57,3200203.0,20632868.0
2012-01-30,2.66,2.72,2.62,2.62,4452183.0,29461492.0
2012-01-20,2.67,2.69,2.65,2.62,5076154.0,33506758.0
2012-01-19,2.61,2.68,2.65,2.56,6594081.0,43151164.0
2012-01-18,2.66,2.77,2.61,2.61,15330711.0,102011376.0
2012-01-17,2.36,2.61,2.61,2.34,11293227.0,71258176.0
2012-01-16,2.43,2.48,2.37,2.36,3253011.0,19603242.0
2012-01-13,2.56,2.57,2.48,2.42,6506962.0,40279684.0
2012-01-12,2.52,2.62,2.56,2.49,7975765.0,50558700.0
2012-01-11,2.50,2.60,2.52,2.50,8829099.0,55658688.0
2012-01-10,2.37,2.51,2.50,2.34,7373593.0,44770880.0
2012-01-09,2.20,2.36,2.35,2.18,4806096.0,27341772.0
2012-01-06,2.18,2.22,2.22,2.11,3670651.0,19718588.0
2012-01-05,2.36,2.37,2.19,2.19,3764097.0,21236874.0
2012-01-04,2.50,2.52,2.38,2.36,3055612.0,18651704.0
2011-12-30,2.43,2.48,2.48,2.43,3360738.0,20546316.0
2011-12-29,2.40,2.45,2.42,2.37,3055971.0,18312004.0
2011-12-28,2.46,2.46,2.42,2.33,4855651.0,28670420.0
2011-12-27,2.57,2.57,2.47,2.46,3172131.0,19787368.0
2011-12-26,2.56,2.62,2.56,2.53,3094937.0,19782192.0
2011-12-23,2.54,2.60,2.54,2.50,5050472.0,32123360.0
2011-12-22,2.63,2.63,2.55,2.42,6865192.0,42647844.0
2011-12-21,2.93,2.94,2.63,2.62,8454079.0,58767652.0
2011-12-20,2.98,2.98,2.91,2.78,9435450.0,67798024.0
2011-12-19,3.36,3.36,3.06,3.06,14287231.0,110659208.0
2011-12-16,3.41,3.58,3.40,3.33,13667703.0,114918304.0
2011-12-15,3.45,3.51,3.44,3.32,14082538.0,119370304.0
2011-12-14,3.49,3.60,3.46,3.38,16712773.0,144084080.0
2011-12-13,3.46,3.61,3.53,3.37,14840799.0,128359192.0
2011-12-12,3.63,3.78,3.51,3.46,14670660.0,130975360.0
2011-12-09,3.60,3.65,3.62,3.56,9140360.0,81991752.0
2011-12-08,3.63,3.75,3.66,3.53,11543138.0,103763664.0
2011-12-07,3.55,3.71,3.65,3.50,14362914.0,128539600.0
2011-12-06,3.46,3.67,3.55,3.36,12941098.0,112933016.0
2011-12-05,3.50,3.54,3.46,3.44,6177985.0,53467840.0
2011-12-02,3.39,3.58,3.50,3.31,9643164.0,82627936.0
2011-12-01,3.45,3.50,3.40,3.39,6106192.0,52285384.0
2011-11-30,3.42,3.46,3.36,3.22,7728363.0,64626028.0
2011-11-29,3.35,3.42,3.42,3.33,5353568.0,45016700.0
2011-11-28,3.40,3.43,3.31,3.30,4181223.0,34696384.0
2011-11-25,3.45,3.49,3.39,3.38,3906942.0,33267580.0
2011-11-24,3.55,3.56,3.46,3.41,6623071.0,56909352.0
2011-11-23,3.64,3.67,3.57,3.56,3143813.0,28012824.0
2011-11-22,3.58,3.67,3.64,3.55,4343432.0,39057200.0
2011-11-21,3.62,3.62,3.61,3.56,2580328.0,22960900.0
2011-11-18,3.71,3.71,3.59,3.58,7661280.0,68810240.0
2011-11-17,3.70,3.81,3.73,3.69,7846899.0,73224264.0
2011-11-16,3.78,3.81,3.70,3.69,8317070.0,77441520.0
2011-11-15,3.74,3.83,3.79,3.72,9694670.0,90916272.0
2011-11-14,3.71,3.74,3.73,3.70,5690155.0,52590152.0
2011-11-11,3.67,3.71,3.68,3.63,4691356.0,42641544.0
2011-11-10,3.78,3.78,3.67,3.65,9634010.0,88492264.0
2011-11-09,3.79,3.85,3.82,3.74,8277390.0,78089520.0
2011-11-08,3.79,3.83,3.78,3.77,8814011.0,83020888.0
2011-11-07,3.81,3.83,3.78,3.75,6725248.0,63080456.0
2011-11-04,3.79,3.87,3.81,3.78,10196698.0,96491088.0
2011-11-03,3.71,3.83,3.77,3.71,13058876.0,122480704.0
2011-11-02,3.63,3.71,3.71,3.55,9614010.0,86241280.0
2011-11-01,3.75,3.77,3.70,3.68,7834411.0,72329704.0
2011-10-31,3.78,3.81,3.79,3.75,6342610.0,59436904.0
2011-10-28,3.77,3.80,3.78,3.73,7756136.0,72396272.0
2011-10-27,3.73,3.79,3.72,3.71,5508906.0,51154896.0
2011-10-26,3.68,3.80,3.73,3.66,8325342.0,77164168.0
2011-10-25,3.69,3.81,3.78,3.64,6122975.0,56822688.0
2011-10-24,3.59,3.68,3.67,3.53,4476984.0,40140744.0
2011-10-21,3.76,3.78,3.55,3.55,6682495.0,60523032.0
2011-10-20,3.89,3.91,3.76,3.72,6660613.0,62910008.0
2011-10-19,3.87,3.93,3.92,3.75,7453344.0,71311184.0
2011-10-18,3.98,3.98,3.84,3.82,6600080.0,63838488.0
2011-10-17,3.96,4.02,4.02,3.92,7029842.0,69406872.0
2011-10-14,3.95,3.98,3.94,3.88,4901668.0,47666752.0
2011-10-13,3.93,4.02,3.97,3.90,7211033.0,71036560.0
2011-10-12,3.77,3.94,3.93,3.71,7549876.0,72675936.0
2011-10-11,3.89,3.93,3.81,3.74,4995249.0,47484088.0
2011-10-10,3.78,3.83,3.76,3.73,3286594.0,30676086.0
2011-09-30,3.78,3.84,3.76,3.69,4072894.0,37925972.0
2011-09-29,3.88,3.95,3.77,3.76,7815373.0,74405872.0
2011-09-28,4.11,4.14,3.98,3.95,7226399.0,72628368.0
2011-09-27,4.14,4.18,4.06,3.98,9576893.0,96381752.0
2011-09-26,4.07,4.17,4.11,4.03,8908446.0,90976464.0
2011-09-23,4.07,4.18,4.09,4.02,14185185.0,143850736.0
2011-09-22,4.31,4.44,4.23,4.22,19679422.0,211614416.0
2011-09-21,4.22,4.40,4.36,4.19,20227420.0,217162800.0
2011-09-20,4.19,4.24,4.23,4.12,9534050.0,98865696.0
2011-09-19,4.29,4.31,4.20,4.17,14530615.0,152489104.0
2011-09-16,4.17,4.39,4.32,4.13,28552552.0,304542880.0
2011-09-15,4.18,4.21,4.14,4.12,10068128.0,104095424.0
2011-09-14,4.15,4.27,4.19,4.05,14311466.0,147061296.0
2011-09-13,4.15,4.30,4.19,4.09,23650068.0,244494896.0
2011-09-09,4.06,4.35,4.23,4.06,26908768.0,280090240.0
2011-09-08,4.13,4.13,4.06,4.05,7698850.0,78074464.0
2011-09-07,3.97,4.13,4.11,3.96,13036735.0,131666944.0
2011-09-06,3.77,3.99,3.96,3.76,8143738.0,79051952.0
2011-09-05,3.95,3.95,3.84,3.79,4450115.0,42659928.0
2011-09-02,3.97,4.04,3.99,3.92,4739359.0,46766504.0
2011-09-01,3.99,4.04,3.97,3.95,3605235.0,35662048.0
2011-08-31,4.02,4.08,3.99,3.94,5864559.0,57997864.0
2011-08-30,4.10,4.17,4.03,4.01,7870415.0,79985568.0
2011-08-29,4.11,4.13,4.05,4.03,6896030.0,69702040.0
2011-08-26,4.13,4.19,4.14,4.11,6914270.0,71197480.0
2011-08-25,4.05,4.17,4.17,3.97,11273993.0,114548184.0
2011-08-23,3.96,4.05,4.05,3.94,5616863.0,55696328.0
2011-08-22,3.92,4.02,3.93,3.91,5384080.0,52883856.0
2011-08-19,3.89,3.96,3.92,3.85,6047611.0,58495688.0
2011-08-18,4.07,4.12,3.99,3.96,8232858.0,82517904.0
2011-08-17,4.15,4.17,4.06,4.06,9477912.0,96289024.0
2011-08-16,4.19,4.25,4.17,4.16,8657103.0,90094240.0
2011-08-15,4.13,4.19,4.17,4.10,8201174.0,84361320.0
2011-08-12,4.15,4.21,4.11,4.11,10332692.0,106223936.0
2011-08-11,3.86,4.12,4.10,3.84,12852379.0,129005944.0
2011-08-10,4.03,4.12,4.01,3.98,13618880.0,136960016.0
2011-08-09,3.76,4.02,3.95,3.66,14423931.0,138319824.0
2011-08-08,4.16,4.19,3.91,3.85,15077277.0,149277120.0
2011-08-05,4.34,4.42,4.27,4.23,12073695.0,129389616.0
2011-08-04,4.49,4.55,4.50,4.45,9772040.0,109021800.0
2011-08-03,4.44,4.50,4.46,4.39,12707937.0,140253712.0
2011-08-02,4.61,4.61,4.50,4.38,19131308.0,211872016.0
2011-08-01,4.58,4.68,4.65,4.55,12986097.0,148892976.0
2011-07-29,4.80,4.90,4.67,4.63,26571334.0,316439456.0
2011-07-28,4.83,4.87,4.81,4.72,19670614.0,233902544.0
2011-07-27,4.79,4.92,4.90,4.74,39225288.0,470056000.0
2011-07-26,4.54,4.96,4.88,4.48,55076696.0,662707776.0
2011-07-25,4.73,4.83,4.50,4.39,18618536.0,212162208.0
2011-07-22,4.77,4.92,4.77,4.73,19966326.0,239514048.0
2011-07-21,4.78,4.83,4.75,4.64,16917872.0,198545120.0
2011-07-20,4.63,4.91,4.78,4.59,28644392.0,339104288.0
2011-07-19,4.55,4.66,4.53,4.51,8363201.0,94700160.0
2011-07-18,4.63,4.67,4.55,4.54,10301170.0,117174632.0
2011-07-15,4.53,4.68,4.64,4.50,20385772.0,232584976.0
2011-07-14,4.38,4.63,4.56,4.34,28844756.0,322839360.0
2011-07-13,4.16,4.40,4.36,4.16,17871026.0,191141280.0
2011-07-12,4.15,4.27,4.19,4.13,10669866.0,111753344.0
2011-07-11,4.15,4.21,4.19,4.12,6617080.0,68446952.0
2011-07-08,4.22,4.26,4.19,4.15,8986876.0,93442064.0
2011-07-07,4.32,4.39,4.24,4.23,13084975.0,139444560.0
2011-07-06,4.31,4.36,4.35,4.22,16611615.0,176677552.0
2011-07-05,4.27,4.31,4.31,4.19,14582276.0,153764976.0
2011-07-04,4.16,4.27,4.23,4.13,12845308.0,134472048.0
2011-07-01,4.15,4.19,4.13,4.10,8307152.0,85292344.0
2011-06-30,4.04,4.18,4.15,4.03,12191052.0,124793480.0
2011-06-29,4.03,4.36,4.11,4.03,27061716.0,282862912.0
2011-06-27,3.92,4.04,3.96,3.92,8764735.0,86360608.0
2011-06-24,3.80,3.99,3.92,3.78,11554555.0,112088496.0
2011-06-23,3.71,3.86,3.83,3.66,7866311.0,73607944.0
2011-06-22,3.75,3.76,3.71,3.71,3354899.0,31073020.0
2011-06-21,3.71,3.75,3.74,3.67,3979301.0,36666224.0
2011-06-20,3.81,3.81,3.69,3.66,6580924.0,60688224.0
2011-06-17,3.95,3.99,3.84,3.83,4377370.0,42612936.0
2011-06-16,4.03,4.06,3.95,3.94,5747646.0,56855848.0
2011-06-15,4.15,4.18,4.10,4.08,5304412.0,54218392.0
2011-06-14,4.08,4.21,4.17,4.05,7574266.0,78055864.0
2011-06-13,4.03,4.09,4.06,3.95,5472279.0,54697800.0
2011-06-10,4.00,4.06,4.02,3.92,6066960.0,60016184.0
2011-06-09,4.23,4.23,4.04,4.04,6754746.0,69079848.0
2011-06-08,4.19,4.23,4.23,4.11,7746921.0,80096240.0
2011-06-07,4.13,4.25,4.21,4.11,6511621.0,67677984.0
2011-06-03,4.05,4.19,4.17,4.05,7420644.0,76469112.0
2011-06-02,4.09,4.09,4.05,3.95,6412901.0,64281888.0
2011-06-01,4.10,4.17,4.13,4.07,4586725.0,47156592.0
2011-05-31,3.98,4.10,4.09,3.97,5517852.0,55567060.0
2011-05-30,4.01,4.09,3.95,3.94,5165913.0,51602808.0
2011-05-27,4.16,4.21,4.06,4.05,6530311.0,66890240.0
2011-05-26,4.36,4.39,4.17,4.17,10812216.0,114688384.0
2011-05-25,4.56,4.60,4.31,4.29,14365568.0,159504544.0
2011-05-24,4.69,4.70,4.62,4.50,9730457.0,111109688.0
2011-05-23,4.88,4.93,4.75,4.73,15808391.0,189816080.0
2011-05-20,4.74,4.94,4.92,4.70,27071876.0,326281184.0
2011-05-19,4.75,4.78,4.75,4.68,12094670.0,142553968.0
2011-05-18,4.51,4.78,4.74,4.50,17141246.0,200299168.0
2011-05-17,4.54,4.66,4.57,4.45,10147717.0,115320248.0
2011-05-16,4.65,4.65,4.56,4.50,8988674.0,102279808.0
2011-05-13,4.70,4.76,4.65,4.53,10870148.0,125305160.0
2011-05-12,4.60,4.82,4.72,4.53,12008679.0,140737712.0
2011-05-11,4.77,4.77,4.68,4.62,6731846.0,78653632.0
2011-05-10,4.61,4.77,4.76,4.60,8798942.0,103080576.0
2011-05-09,4.60,4.69,4.61,4.58,4275419.0,49327032.0
2011-05-05,4.54,4.66,4.60,4.50,5933295.0,67918512.0
2011-05-04,4.75,4.75,4.58,4.57,7711192.0,89563488.0
2011-05-03,4.78,4.81,4.80,4.67,8003281.0,94750920.0
2011-04-29,4.62,4.82,4.80,4.58,11058430.0,130294680.0
2011-04-28,4.66,4.70,4.61,4.58,8446970.0,97585736.0
2011-04-27,4.66,4.67,4.60,4.55,6885078.0,78974744.0
2011-04-26,4.70,4.76,4.60,4.57,8357384.0,96832064.0
2011-04-25,4.94,4.94,4.72,4.70,11260612.0,133889936.0
2011-04-22,5.10,5.12,4.96,4.94,10060213.0,125693000.0
2011-04-21,5.02,5.13,5.08,4.98,15345780.0,194220240.0
2011-04-20,4.93,5.02,4.96,4.92,8913097.0,110174584.0
2011-04-19,5.10,5.10,4.93,4.93,15606979.0,194792112.0
2011-04-18,4.88,5.14,5.14,4.84,25591204.0,319030432.0
2011-04-15,4.86,4.97,4.92,4.85,10401262.0,127289536.0
2011-04-14,4.94,4.99,4.88,4.88,10840013.0,132707248.0
2011-04-13,4.90,4.96,4.95,4.84,11321659.0,138371168.0
2011-04-12,5.12,5.15,4.92,4.84,27361416.0,340553088.0
2011-04-11,5.16,5.30,5.18,5.10,29736510.0,382701952.0
2011-04-08,5.20,5.40,5.33,5.15,19953684.0,263062736.0
2011-04-07,5.32,5.33,5.24,5.19,15515697.0,202841872.0
2011-04-06,5.18,5.34,5.33,5.02,23104900.0,299298304.0
2011-04-01,5.12,5.24,5.22,4.96,19742720.0,250908272.0
2011-03-31,5.36,5.38,5.07,5.02,29458174.0,379197536.0
2011-03-30,5.27,5.50,5.37,5.24,29375702.0,392288032.0
2011-03-29,5.66,5.86,5.34,5.32,47249460.0,657466752.0
2011-03-28,5.78,5.86,5.69,5.63,34815828.0,496245344.0
2011-03-25,5.89,6.00,5.82,5.78,38795168.0,566531712.0
2011-03-24,5.81,5.96,5.89,5.74,44214564.0,645711104.0
2011-03-23,5.44,5.94,5.85,5.36,56106604.0,795048512.0
2011-03-22,5.53,5.77,5.52,5.45,43788748.0,611174144.0
2011-03-21,5.26,5.54,5.51,5.10,35872396.0,475295712.0
2011-03-18,5.26,5.49,5.28,5.19,39700976.0,530612128.0
2011-03-17,5.42,5.49,5.19,5.08,44727064.0,589190784.0
2011-03-16,5.41,5.82,5.57,5.41,47250616.0,664774144.0
2011-03-15,5.30,5.50,5.40,5.23,42197640.0,564066944.0
2011-03-14,5.36,5.57,5.40,5.21,52525264.0,705383744.0
2011-03-11,5.02,5.59,5.41,4.97,80887584.0,1070736512.0
2011-03-10,4.72,5.22,5.08,4.61,62533368.0,764547648.0
2011-03-09,4.57,5.04,4.77,4.56,60492264.0,730658816.0
2011-03-08,4.60,4.64,4.59,4.52,33514712.0,381568224.0
2011-03-07,4.70,4.73,4.69,4.50,74200480.0,852337024.0
2011-03-04,4.13,4.50,4.50,4.13,27586752.0,302860352.0
2011-03-03,4.07,4.12,4.09,4.01,9593664.0,97264496.0
2011-03-02,4.11,4.13,4.08,4.01,11687003.0,118350320.0
2011-03-01,4.17,4.21,4.15,4.12,15196188.0,157771680.0
2011-02-28,4.10,4.19,4.17,4.06,14034481.0,144646272.0
2011-02-25,4.13,4.15,4.12,4.01,9894803.0,100568768.0
2011-02-24,4.06,4.15,4.12,4.05,11376738.0,116580096.0
2011-02-23,3.97,4.13,4.07,3.97,10150035.0,102546720.0
2011-02-22,4.12,4.20,4.01,4.00,16036613.0,163736256.0
2011-02-21,3.97,4.13,4.12,3.95,11620121.0,117106616.0
2011-02-18,4.07,4.09,4.02,4.00,10143334.0,102232128.0
2011-02-17,4.14,4.23,4.11,4.08,14020712.0,144656544.0
2011-02-16,4.02,4.14,4.14,3.99,12464293.0,126382032.0
2011-02-15,3.93,4.12,4.02,3.90,18767052.0,188654144.0
2011-02-14,3.84,3.95,3.93,3.81,11131464.0,108334992.0
2011-02-11,3.82,3.91,3.84,3.81,9223243.0,88625288.0
2011-02-10,3.70,3.81,3.80,3.68,7228970.0,67496896.0
2011-02-09,3.79,3.84,3.72,3.69,7080269.0,66446232.0
2011-02-01,3.75,3.85,3.80,3.73,6647882.0,63170328.0
2011-01-31,3.66,3.74,3.72,3.64,5731788.0,52736752.0
2011-01-28,3.63,3.68,3.66,3.61,5235805.0,47609072.0
2011-01-27,3.53,3.63,3.61,3.49,6383393.0,57166444.0
2011-01-26,3.51,3.61,3.54,3.50,4374831.0,38685320.0
2011-01-25,3.72,3.73,3.48,3.47,9310009.0,82313712.0
2011-01-21,3.72,3.86,3.80,3.71,6886356.0,65354116.0
2011-01-20,3.85,3.97,3.74,3.74,10031976.0,96218264.0
2011-01-19,3.80,3.91,3.89,3.74,8825670.0,84563368.0
2011-01-18,3.72,3.80,3.79,3.71,5956129.0,55764252.0
2011-01-17,3.93,3.97,3.74,3.71,11523822.0,110110904.0
2011-01-14,4.23,4.24,3.99,3.97,14410664.0,147255296.0
2011-01-13,4.26,4.27,4.26,4.13,11327331.0,118986384.0
2011-01-12,4.23,4.29,4.22,4.11,10184561.0,106445320.0
2011-01-11,4.29,4.31,4.22,4.10,15347736.0,160832800.0
2011-01-10,4.50,4.60,4.32,4.29,17759492.0,197758608.0
2011-01-07,4.44,4.58,4.53,4.37,17831540.0,198735520.0
2011-01-06,4.42,4.60,4.48,4.40,22025222.0,248106656.0
2011-01-05,4.57,4.62,4.47,4.45,28925056.0,324498112.0
2011-01-04,4.65,4.80,4.65,4.58,36597584.0,423071168.0
