date,open,high,close,low,volume,amount
2015-11-27,33.48,33.82,32.35,32.05,6108941.0,201925360.0
2015-11-26,33.49,33.80,33.50,33.35,4388005.0,146988208.0
2015-11-25,33.40,33.94,33.46,33.19,4450475.0,149444896.0
2015-11-24,32.30,33.79,33.67,32.30,5244409.0,174137520.0
2015-11-23,34.10,34.11,32.80,32.50,9348974.0,312158624.0
2015-11-20,34.42,34.60,34.21,34.00,6757405.0,230591312.0
2015-11-19,34.13,34.74,34.31,33.85,6500400.0,222514752.0
2015-11-18,34.20,35.15,33.84,33.48,9173437.0,316072768.0
2015-11-17,34.01,35.35,34.03,33.94,14118295.0,489620672.0
2015-11-16,32.01,34.08,33.94,32.00,6358464.0,212481424.0
2015-11-13,33.70,33.70,32.86,32.77,6410941.0,213100784.0
2015-11-12,33.74,34.10,33.84,33.11,6187171.0,207608608.0
2015-11-11,33.40,33.78,33.55,33.01,5522251.0,183912160.0
2015-11-10,33.40,34.25,33.34,33.03,7436158.0,250344272.0
2015-11-09,34.02,34.11,33.38,32.93,10988036.0,366966752.0
2015-11-06,33.65,34.35,34.11,33.51,7098970.0,240868240.0
2015-11-05,34.35,34.99,33.90,33.70,9042665.0,308967712.0
2015-11-04,33.10,34.49,34.35,33.10,8388763.0,284146912.0
2015-11-03,32.60,33.22,32.84,32.04,6636851.0,216510720.0
2015-11-02,31.33,32.91,32.45,30.67,9225036.0,296800960.0
2015-10-30,31.83,31.89,31.56,31.05,5051078.0,159274928.0
2015-10-29,30.82,32.00,31.50,30.68,8600907.0,270851104.0
2015-10-28,31.30,32.09,30.72,30.53,10993646.0,344673312.0
2015-10-27,30.95,30.95,30.60,29.60,8801092.0,265608576.0
2015-10-26,30.20,31.50,30.95,29.51,11201893.0,340661600.0
2015-10-23,29.40,30.09,29.95,28.70,8783352.0,258060032.0
2015-10-22,28.10,29.23,29.08,27.99,7691999.0,221576848.0
2015-10-21,29.80,29.85,27.99,27.31,9868025.0,283420160.0
2015-10-20,28.89,29.36,29.31,28.59,7937590.0,229594400.0
2015-10-19,29.68,30.00,28.98,28.70,8932423.0,260938336.0
2015-10-16,29.21,30.84,29.59,29.21,11798653.0,354693568.0
2015-10-15,27.90,29.34,29.19,26.90,11047216.0,311499488.0
2015-10-14,28.16,29.48,28.36,28.16,5198766.0,149490032.0
2015-10-13,27.74,28.44,28.16,27.56,3205271.0,179779520.0
2015-10-12,26.78,28.63,28.08,26.63,4964223.0,274558176.0
2015-10-09,25.39,26.22,26.15,25.25,2995134.0,153967248.0
2015-10-08,25.45,25.64,25.39,24.95,3282231.0,166008544.0
2015-09-30,24.25,24.75,24.26,23.82,2195733.0,106450928.0
2015-09-29,24.14,24.26,23.87,23.40,1998207.0,95412968.0
2015-09-28,24.29,24.55,24.45,24.02,1681441.0,81876072.0
2015-09-25,24.84,24.84,24.36,23.90,2203047.0,106766144.0
2015-09-24,24.20,25.01,24.84,24.20,2028777.0,100387056.0
2015-09-23,24.99,25.04,24.12,23.81,3184245.0,155807440.0
2015-09-22,25.49,26.32,25.36,25.25,3757563.0,194150032.0
2015-09-21,24.21,25.34,25.25,24.07,2521429.0,126301256.0
2015-09-18,24.30,24.98,24.46,23.97,1966133.0,95390976.0
2015-09-17,24.77,25.09,24.41,24.10,3936457.0,194442400.0
2015-09-16,22.35,24.80,24.61,22.27,3900740.0,183485072.0
2015-09-15,22.50,23.37,22.64,22.15,2878358.0,130669904.0
2015-09-14,25.02,25.07,22.93,22.83,4303489.0,205330800.0
2015-09-11,24.25,25.15,25.07,24.25,3332108.0,164345808.0
2015-09-10,24.19,24.93,24.46,23.77,3694279.0,181392896.0
2015-09-09,24.18,24.92,24.35,24.00,5851373.0,287006496.0
2015-09-08,22.62,24.00,23.96,22.57,4968124.0,232031632.0
2015-09-07,21.55,23.95,22.76,21.55,7657965.0,353185696.0
2015-09-02,20.75,22.36,21.99,20.06,11689714.0,496373856.0
2015-09-01,24.50,24.50,22.29,22.29,5715423.0,260897040.0
2015-08-31,25.74,25.74,24.76,24.54,5561238.0,277471808.0
2015-08-28,24.45,25.99,25.95,24.25,8676962.0,432093664.0
2015-08-27,23.09,24.25,23.78,21.90,13120427.0,605469056.0
2015-08-26,26.34,26.34,23.57,23.57,17330714.0,839968000.0
2015-08-25,26.19,26.90,26.19,26.19,10107428.0,529778720.0
2015-08-24,31.45,31.45,29.10,29.10,2569398.0,152299088.0
2015-08-21,33.00,34.50,32.34,31.16,5521154.0,358664352.0
2015-08-20,37.40,38.35,34.62,34.62,6682989.0,480294784.0
2015-08-19,36.26,38.49,38.47,34.75,4506306.0,332703264.0
2015-08-18,39.94,40.00,36.40,35.99,5480739.0,419134368.0
2015-08-17,37.08,40.00,39.99,36.85,5057618.0,393123136.0
2015-08-14,36.80,37.21,37.01,36.50,2554092.0,188188112.0
2015-08-13,36.50,36.89,36.54,36.15,1974097.0,143861856.0
2015-08-12,36.32,37.19,36.49,36.00,2022150.0,148117920.0
2015-08-11,36.59,37.24,36.62,36.00,3398888.0,248710624.0
2015-08-10,35.00,36.65,36.58,35.00,3697000.0,266611056.0
2015-08-07,34.25,35.00,34.63,33.90,2473647.0,171071904.0
2015-08-06,33.36,34.98,33.79,33.25,2570971.0,174496112.0
2015-08-05,35.00,36.24,34.58,34.27,3010042.0,211896224.0
2015-08-04,34.40,35.46,35.21,34.01,4432236.0,307489600.0
2015-08-03,34.40,34.96,34.46,33.05,8740533.0,592822784.0
2015-07-31,34.53,35.07,34.50,33.46,5775503.0,400367488.0
2015-07-30,36.03,36.95,35.22,34.75,3469164.0,250489936.0
2015-07-29,36.30,36.90,36.19,34.00,4625923.0,325881056.0
2015-07-28,34.60,36.32,35.48,33.15,10567995.0,734417920.0
2015-07-27,39.24,39.24,35.31,35.31,8115426.0,604383424.0
2015-07-24,39.50,40.00,39.24,38.67,6445599.0,504279072.0
2015-07-23,39.15,40.15,39.67,38.50,4093451.0,322648992.0
2015-07-22,40.48,40.90,39.10,37.61,6984447.0,548765504.0
2015-07-21,36.25,40.34,39.59,36.00,10013004.0,770314496.0
2015-07-20,34.87,37.07,36.67,34.35,8212822.0,594175680.0
2015-07-17,32.70,35.00,34.62,32.22,8384404.0,565348672.0
2015-07-16,32.36,34.00,32.35,29.50,6728173.0,435401472.0
2015-07-15,35.45,35.90,32.36,32.36,8524520.0,574195648.0
2015-07-14,35.95,35.95,35.95,34.32,13182084.0,940685312.0
2015-07-13,32.68,32.68,32.68,32.68,718500.0,46968344.0
2015-07-06,35.50,35.50,29.71,29.05,13895817.0,858314624.0
2015-07-03,35.00,36.63,32.28,31.48,12270231.0,805533952.0
2015-07-02,36.56,37.94,34.98,33.62,9265650.0,664603776.0
2015-07-01,36.00,38.45,36.42,35.00,8478027.0,631008832.0
2015-06-30,32.32,35.56,35.56,29.75,9237231.0,609361152.0
2015-06-29,36.00,37.50,32.32,31.68,8952388.0,606010752.0
2015-06-26,38.00,38.00,35.20,35.01,5559259.0,400491680.0
2015-06-25,38.27,40.26,38.90,37.50,4015425.0,312054784.0
2015-06-24,39.00,39.49,38.19,37.25,5343378.0,407988640.0
2015-06-23,35.85,38.44,38.40,34.50,4528966.0,332999552.0
2015-06-19,40.00,40.01,36.06,36.06,4436792.0,338538976.0
2015-06-18,42.75,43.12,40.06,40.01,3553463.0,295401088.0
2015-06-17,42.35,43.08,42.39,40.00,4116157.0,345810720.0
2015-06-16,45.17,45.24,42.32,41.72,5199999.0,446029440.0
2015-06-15,48.00,48.30,45.51,44.50,4819293.0,438994272.0
2015-06-12,47.52,48.40,47.98,45.00,4719639.0,436617600.0
2015-06-11,47.68,49.93,47.94,47.50,3602433.0,352768480.0
2015-06-10,44.55,48.48,47.68,44.00,3789459.0,351205152.0
2015-06-09,47.76,47.76,44.45,43.51,9910715.0,901470784.0
2015-05-29,41.50,44.44,43.42,38.50,4988444.0,426043488.0
2015-05-28,40.69,44.30,41.06,40.47,5543653.0,475497952.0
2015-05-27,39.40,40.89,40.48,39.00,3515122.0,282367904.0
2015-05-26,38.84,39.74,39.48,38.80,3237308.0,254971600.0
2015-05-25,39.00,39.65,39.16,38.00,5070140.0,394478976.0
2015-05-22,37.83,39.92,39.22,37.05,3842849.0,294933248.0
2015-05-21,37.25,37.83,37.73,36.05,4163349.0,306134912.0
2015-05-20,36.99,37.60,37.00,36.66,5013494.0,370592992.0
2015-05-19,36.67,37.80,36.96,36.30,5005046.0,370890880.0
2015-05-18,33.02,36.70,36.70,33.02,5745448.0,409194016.0
2015-05-15,32.80,33.52,33.36,32.50,2645029.0,174973120.0
2015-05-14,33.50,34.05,33.13,32.50,3280599.0,217976976.0
2015-05-13,33.10,34.10,33.25,33.03,4674978.0,313660352.0
2015-05-12,32.21,34.25,34.00,32.20,5967022.0,398086144.0
2015-05-11,30.00,32.46,32.18,29.75,8164330.0,510575232.0
2015-05-08,28.43,29.55,29.55,28.43,3120256.0,181393280.0
2015-05-07,27.43,28.39,28.21,27.26,3168206.0,177611088.0
2015-05-06,28.60,29.29,27.44,27.30,5605990.0,316655584.0
2015-05-05,29.29,29.30,28.60,28.40,3577697.0,206133328.0
2015-05-04,29.40,30.05,29.13,28.75,4410828.0,260193968.0
2015-04-30,30.45,30.74,29.52,29.51,3741295.0,223955520.0
2015-04-29,29.75,30.69,30.41,29.36,3255377.0,194827040.0
2015-04-28,30.55,30.68,29.74,29.50,4283548.0,255643312.0
2015-04-27,30.66,31.19,30.83,30.35,3594137.0,220475536.0
2015-04-24,29.95,30.83,30.60,29.50,4902559.0,298510528.0
2015-04-23,29.95,30.25,29.90,29.40,3034949.0,180387568.0
2015-04-22,29.75,30.45,29.81,29.64,2953737.0,177311360.0
2015-04-21,28.84,29.63,29.49,28.84,2230848.0,131390592.0
2015-04-20,30.10,30.15,28.86,28.80,3817071.0,225523696.0
2015-04-17,29.29,30.78,30.15,29.27,3379075.0,205100672.0
2015-04-16,29.27,29.57,29.22,28.61,1935596.0,113856792.0
2015-04-15,29.92,29.92,29.27,28.66,2776314.0,163460864.0
2015-04-14,29.85,30.83,29.92,29.76,3057567.0,185219312.0
2015-04-13,30.20,30.50,29.97,29.69,3764273.0,226090928.0
2015-04-10,30.53,30.99,30.20,29.85,3182388.0,193456944.0
2015-04-09,30.92,31.08,30.53,29.60,4752784.0,291221568.0
2015-04-08,29.45,31.09,30.77,29.35,7065840.0,429122560.0
2015-04-07,27.41,29.51,29.39,27.11,7196229.0,415371744.0
2015-04-03,27.86,27.96,27.84,27.11,5408056.0,298534752.0
2015-04-02,28.01,28.30,27.97,27.41,3580234.0,200217168.0
2015-04-01,27.90,28.54,28.00,27.90,2966098.0,167904032.0
2015-03-31,27.40,28.10,27.90,27.27,2181446.0,122276248.0
2015-03-30,27.99,27.99,27.60,27.11,2630914.0,145461728.0
2015-03-27,28.36,28.50,28.01,27.86,2081349.0,117649216.0
2015-03-26,26.77,28.61,28.23,26.64,6798017.0,383045056.0
2015-03-25,26.37,26.86,26.73,25.78,6468365.0,341453760.0
2015-03-24,27.09,27.16,26.73,26.17,4715275.0,252931696.0
2015-03-23,27.81,27.81,27.07,26.86,3602787.0,196051616.0
2015-03-20,26.93,27.49,27.36,26.62,3610510.0,195046016.0
2015-03-19,26.86,27.62,27.01,26.52,3525990.0,191449120.0
2015-03-18,27.85,27.85,27.62,26.86,3797538.0,208094640.0
2015-03-17,28.18,28.45,27.85,27.61,2792506.0,156770608.0
2015-03-16,27.01,28.61,28.18,26.99,2765148.0,156457440.0
2015-03-13,25.70,27.36,26.99,25.67,1988588.0,107446512.0
2015-03-12,24.96,26.07,25.91,24.69,2428961.0,124155896.0
2015-03-11,24.77,24.92,24.88,24.63,828831.0,41321216.0
2015-03-10,24.88,25.02,24.82,24.73,1165363.0,58263708.0
2015-03-09,25.32,25.37,24.78,24.64,1550851.0,77421912.0
2015-03-06,24.70,25.61,25.33,24.63,2034821.0,102892560.0
2015-03-05,24.67,24.85,24.64,24.55,1442749.0,71546128.0
2015-03-04,24.85,24.97,24.77,24.62,1248643.0,62196624.0
2015-03-03,24.92,25.21,24.85,24.43,1698473.0,84495296.0
2015-03-02,25.16,25.35,24.98,24.86,1231108.0,61940852.0
2015-02-27,25.02,25.19,25.01,24.85,1226793.0,61747736.0
2015-02-26,24.92,25.37,25.01,24.79,1429222.0,71783648.0
2015-02-25,24.43,25.12,25.01,24.33,1533256.0,76597240.0
2015-02-17,24.53,24.78,24.43,24.18,1142172.0,56036288.0
2015-02-16,24.53,24.82,24.53,24.31,1356003.0,66673384.0
2015-02-13,23.13,24.47,24.41,22.98,3051089.0,148015952.0
2015-02-12,23.28,23.28,23.03,22.74,2968481.0,136658448.0
2015-02-11,23.15,23.37,23.17,22.77,2055880.0,94845080.0
2015-02-10,23.03,23.48,23.14,22.89,1143802.0,53087028.0
2015-02-09,23.41,23.86,23.21,23.01,1615689.0,76122088.0
2015-02-06,22.98,23.97,23.56,22.98,1787090.0,84770296.0
2015-02-05,22.99,23.71,23.21,22.99,2318695.0,108774352.0
2015-02-04,23.88,24.01,23.61,23.51,1877638.0,89319832.0
2015-02-03,24.18,24.18,23.91,23.46,2241354.0,107257472.0
2015-02-02,22.88,24.00,23.92,22.69,4924732.0,235120864.0
2015-01-30,22.71,23.53,22.96,22.71,2965167.0,136928128.0
2015-01-29,22.92,22.92,22.34,22.33,1509708.0,68237696.0
2015-01-28,22.39,23.19,22.92,22.19,3018940.0,139049648.0
2015-01-27,23.21,23.33,22.44,22.13,2941217.0,132400760.0
2015-01-26,22.91,23.48,22.94,22.82,1791161.0,82780304.0
2015-01-23,23.13,23.17,22.90,22.74,1961634.0,90304872.0
2015-01-22,22.13,23.29,23.08,21.80,4676150.0,215005408.0
2015-01-21,21.90,22.24,21.83,21.67,3435515.0,151325936.0
2015-01-20,20.50,22.21,21.97,20.50,5974623.0,259914544.0
2015-01-19,20.40,21.29,20.48,20.13,3788597.0,158440224.0
2015-01-16,20.89,21.39,20.99,20.47,3963397.0,165338432.0
2015-01-15,21.12,21.66,21.00,20.86,4439660.0,189014176.0
2015-01-14,19.90,21.72,21.19,19.90,7821935.0,327756736.0
2015-01-13,19.73,20.06,19.81,19.44,2993640.0,119750832.0
2015-01-12,19.74,20.12,19.76,19.26,4239719.0,169003296.0
2015-01-09,19.41,19.84,19.45,19.28,3338788.0,131144800.0
2015-01-08,18.56,20.15,19.60,18.54,6598856.0,257729776.0
2015-01-07,17.82,18.55,18.42,17.72,4751693.0,174220784.0
2015-01-06,17.32,17.95,17.81,17.13,2704233.0,95725728.0
2015-01-05,17.41,17.56,17.32,17.11,2146285.0,74706688.0
2014-12-31,17.40,17.57,17.45,17.12,1627008.0,56547428.0
2014-12-30,17.54,17.69,17.36,17.12,1472188.0,51482548.0
2014-12-29,17.96,17.99,17.70,17.50,2243492.0,79727128.0
2014-12-26,17.50,17.96,17.86,17.50,2428679.0,87139016.0
2014-12-25,17.39,17.51,17.48,17.24,1479031.0,51800480.0
2014-12-24,17.14,17.26,17.24,16.96,1338744.0,46073532.0
2014-12-23,17.27,17.30,16.90,16.78,1932037.0,66010060.0
2014-12-22,17.66,17.99,17.27,16.74,2882008.0,100874384.0
2014-12-19,17.84,17.98,17.70,17.54,2151726.0,76455960.0
2014-12-18,17.85,18.11,17.84,17.59,2663693.0,95550080.0
2014-12-17,17.91,18.00,17.85,17.56,2875626.0,102566416.0
2014-12-16,17.13,17.85,17.83,17.11,3332950.0,116478192.0
2014-12-15,16.96,17.41,17.09,16.92,4174627.0,143810432.0
2014-12-12,17.01,17.13,16.96,16.87,1724526.0,58870876.0
2014-12-11,17.40,17.40,16.96,16.85,2270512.0,77882432.0
2014-12-10,16.63,17.40,17.31,16.54,2436302.0,83447560.0
2014-12-09,17.36,17.50,16.62,16.23,5177854.0,176011024.0
2014-12-08,17.57,17.67,17.36,17.15,3607413.0,125344576.0
2014-12-05,18.11,18.11,17.57,17.41,3802264.0,134876944.0
2014-12-04,17.93,18.22,18.03,17.92,3325802.0,120885312.0
2014-12-03,18.02,18.24,17.94,17.69,2913684.0,104959088.0
2014-12-02,17.99,18.15,18.03,17.92,2068418.0,75027560.0
2014-12-01,18.16,18.64,18.02,18.01,3045253.0,111918920.0
2014-11-28,17.36,18.67,18.22,17.34,5014270.0,182109088.0
2014-11-27,17.41,17.61,17.36,17.30,2236634.0,78336976.0
2014-11-26,17.41,17.50,17.37,17.26,1839922.0,64106624.0
2014-11-25,17.39,17.54,17.46,17.22,1769092.0,61627368.0
2014-11-24,17.44,17.56,17.41,17.34,1581991.0,55395748.0
2014-11-21,17.54,17.74,17.38,17.31,1306888.0,45819960.0
2014-11-20,17.69,17.84,17.59,17.49,1036760.0,36834920.0
2014-11-19,17.31,17.81,17.71,17.31,1269169.0,44968800.0
2014-11-18,17.29,17.52,17.45,17.27,931041.0,32617996.0
2014-11-17,17.15,17.44,17.37,17.15,894574.0,31065534.0
2014-11-14,17.26,17.26,17.13,17.08,898943.0,30967732.0
2014-11-13,17.56,17.61,17.25,17.09,1242640.0,43222936.0
2014-11-12,17.37,17.60,17.56,17.37,1025145.0,36014948.0
2014-11-11,17.71,17.82,17.61,17.16,1643574.0,57552944.0
2014-11-10,17.61,17.84,17.69,17.50,1223507.0,43387564.0
2014-11-07,17.54,17.85,17.63,17.46,1315061.0,46657548.0
2014-11-06,17.46,17.61,17.54,17.36,1780864.0,62464892.0
2014-11-05,17.46,17.60,17.48,17.30,1037442.0,36404808.0
2014-11-04,17.93,18.03,17.59,17.43,2995168.0,106779072.0
2014-11-03,18.11,18.16,18.05,17.88,1691371.0,61031664.0
2014-10-31,17.99,18.17,18.02,17.69,2817041.0,101496192.0
2014-10-30,17.68,18.01,17.99,17.21,6108530.0,216405680.0
2014-10-29,17.81,17.86,17.67,17.57,2759939.0,98270120.0
2014-10-28,17.31,17.70,17.62,17.19,2185452.0,76822960.0
2014-10-27,17.44,17.54,17.32,17.10,2391547.0,83037576.0
2014-10-24,16.97,17.33,17.25,16.80,2285408.0,78542344.0
2014-10-23,17.59,17.59,16.97,16.91,3555162.0,121928088.0
2014-10-22,17.55,17.69,17.63,17.37,3146792.0,110611832.0
2014-10-21,17.65,17.85,17.65,17.43,2526445.0,89307536.0
2014-10-20,17.90,18.25,17.60,17.54,3330465.0,118431264.0
2014-10-17,17.83,18.04,17.83,17.63,2357874.0,84256744.0
2014-10-16,18.44,18.58,17.84,17.82,3352255.0,122270400.0
2014-10-15,18.34,19.04,18.38,18.31,3805675.0,141708768.0
2014-10-14,18.93,19.23,18.58,17.83,10801458.0,402388256.0
2014-09-18,17.05,17.63,17.48,16.85,3937287.0,137017968.0
2014-09-17,16.87,17.00,16.94,16.55,3234946.0,108310248.0
2014-09-16,16.95,17.50,16.87,16.80,3743417.0,128961712.0
2014-09-15,16.05,17.35,17.06,16.04,5250345.0,176892240.0
2014-09-12,15.96,16.18,16.07,15.95,1972435.0,63579464.0
2014-09-11,16.05,16.17,15.91,15.84,1867953.0,59950576.0
2014-09-10,15.95,16.09,15.99,15.84,1675884.0,53681904.0
2014-09-09,16.16,16.20,15.91,15.85,2307305.0,73959464.0
2014-09-05,15.96,16.23,16.13,15.93,3471877.0,111477592.0
2014-09-04,16.40,16.40,16.18,16.17,2490938.0,81180792.0
2014-09-03,16.15,16.41,16.40,16.08,3611042.0,117732640.0
2014-09-02,15.71,16.11,16.10,15.70,3209436.0,103033568.0
2014-09-01,15.69,15.73,15.67,15.60,1573359.0,49399780.0
2014-08-29,15.55,15.65,15.61,15.41,1572289.0,48885496.0
2014-08-28,15.83,15.83,15.52,15.45,1689209.0,52729008.0
2014-08-27,15.64,15.85,15.71,15.64,1529796.0,48308468.0
2014-08-26,15.54,15.80,15.64,15.51,1827747.0,57510324.0
2014-08-25,15.90,15.90,15.61,15.50,2884912.0,90820336.0
2014-08-22,16.20,16.32,15.91,15.35,4174087.0,131595384.0
2014-08-21,16.24,16.30,16.12,15.99,1190521.0,38480248.0
2014-08-20,16.05,16.34,16.23,16.05,2389405.0,77692432.0
2014-08-19,16.10,16.12,16.01,15.95,2139446.0,68705600.0
2014-08-18,15.79,16.03,16.01,15.71,2228659.0,71126744.0
2014-08-15,15.69,15.85,15.73,15.59,2008347.0,63254116.0
2014-08-14,15.69,15.80,15.79,15.62,2906352.0,91481648.0
2014-08-13,15.87,15.93,15.69,15.65,1674149.0,53040764.0
2014-08-12,15.80,16.02,15.90,15.78,2434512.0,77818592.0
2014-08-11,15.69,16.01,15.84,15.68,3403190.0,108382264.0
2014-08-08,15.45,15.72,15.67,15.45,2683615.0,84211928.0
2014-08-07,15.39,15.53,15.43,15.37,2433136.0,75385888.0
2014-08-06,15.59,15.68,15.39,15.34,5496903.0,170518976.0
2014-08-05,15.75,15.81,15.59,15.41,4393815.0,136775312.0
2014-08-04,15.52,15.85,15.75,15.52,3134240.0,98833064.0
2014-08-01,15.79,15.80,15.62,15.35,4221336.0,131755968.0
2014-07-31,15.73,15.86,15.77,15.73,1904668.0,60371476.0
2014-07-30,15.60,15.89,15.74,15.58,3581807.0,113330800.0
2014-07-29,16.43,16.43,15.63,15.56,8034303.0,254409920.0
2014-07-28,16.62,16.79,16.44,16.43,2172673.0,72250352.0
2014-07-25,16.63,16.70,16.62,16.50,917729.0,30515628.0
2014-07-24,16.85,16.87,16.63,16.50,1000440.0,33414228.0
2014-07-23,16.93,16.93,16.87,16.50,1500216.0,50272024.0
2014-07-22,16.45,17.00,16.85,16.45,1439874.0,48525760.0
2014-07-21,16.61,16.78,16.43,16.35,855623.0,28382474.0
2014-07-18,16.60,16.78,16.63,16.50,815137.0,27246096.0
2014-07-17,16.74,16.86,16.62,16.30,1096882.0,36414032.0
2014-07-16,16.55,17.09,16.81,16.55,1642406.0,55440484.0
2014-07-15,17.03,17.03,16.68,16.50,1264614.0,42346420.0
2014-07-14,16.70,17.03,16.86,16.70,1208981.0,40896680.0
2014-07-11,16.30,16.80,16.75,16.30,1850220.0,61145560.0
2014-07-10,16.68,16.87,16.44,16.30,1241049.0,41375880.0
2014-07-09,16.84,17.07,16.66,16.51,1683778.0,56727616.0
2014-07-08,16.48,16.94,16.91,16.38,1831320.0,61638416.0
2014-07-07,16.31,16.67,16.49,16.23,1766140.0,58630992.0
2014-07-04,16.42,16.76,16.33,16.21,2129977.0,70522456.0
2014-07-03,15.80,16.45,16.42,15.80,1991251.0,64981904.0
2014-07-02,15.98,16.00,15.91,15.58,1337093.0,42402556.0
2014-07-01,15.49,15.95,15.95,15.40,1996017.0,63157228.0
2014-06-30,15.76,15.78,15.51,15.41,1501889.0,46897448.0
2014-06-27,15.94,16.03,15.76,15.75,1273720.0,40561148.0
2014-06-26,15.88,16.07,15.83,15.48,1488262.0,47253304.0
2014-06-25,15.61,15.80,15.71,15.59,579919.0,18430326.0
2014-06-24,15.64,15.90,15.75,15.47,1460136.0,46430408.0
2014-06-23,15.22,15.75,15.64,15.12,1474374.0,46458900.0
2014-06-20,14.90,15.31,15.18,14.90,1277912.0,39117288.0
2014-06-19,15.39,15.49,15.01,14.82,1940861.0,59117160.0
2014-06-18,15.75,15.81,15.34,15.12,2230486.0,69123792.0
2014-06-17,15.72,15.87,15.62,15.57,1881119.0,59899676.0
2014-06-16,15.71,15.91,15.72,15.48,1624879.0,51523040.0
2014-06-13,15.22,15.89,15.72,15.22,3822833.0,120837160.0
2014-06-12,15.10,15.55,15.26,15.10,2880966.0,89434456.0
2014-06-11,15.19,15.33,15.20,15.07,2816329.0,86606592.0
2014-06-10,14.33,15.21,15.15,14.23,4786005.0,143432224.0
2014-06-09,14.33,14.52,14.37,14.28,1215224.0,35561672.0
2014-06-06,14.40,14.42,14.31,14.18,1297536.0,37547572.0
2014-06-05,14.23,14.48,14.39,14.23,1045447.0,30414052.0
2014-06-04,14.53,14.53,14.32,14.14,1354306.0,39216968.0
2014-06-03,14.27,14.56,14.53,14.26,1122605.0,32876900.0
2014-05-30,14.18,14.35,14.26,14.06,641908.0,18455320.0
2014-05-29,14.47,14.60,14.18,14.11,1239212.0,35982748.0
2014-05-28,14.34,14.56,14.47,14.29,1541541.0,45054100.0
2014-05-27,14.33,14.53,14.33,14.23,1151545.0,33602084.0
2014-05-26,13.81,14.40,14.33,13.81,1756539.0,50598648.0
2014-05-23,13.95,14.03,13.87,13.76,944254.0,26465396.0
2014-05-22,13.78,13.96,13.95,13.72,1382056.0,38850580.0
2014-05-21,13.73,13.98,13.78,13.60,1715385.0,47785460.0
2014-05-20,13.78,13.97,13.86,13.39,2017885.0,55906688.0
2014-05-19,13.84,14.05,13.78,13.77,985566.0,27689256.0
2014-05-16,14.02,14.07,13.84,13.64,1873974.0,52333176.0
2014-05-15,14.25,14.36,14.02,13.74,1839563.0,52382544.0
2014-05-14,14.52,14.70,14.24,14.23,1572462.0,45925544.0
2014-05-13,14.23,14.82,14.55,14.15,2632000.0,77711896.0
2014-05-12,14.23,14.32,14.16,13.98,1580980.0,45296040.0
2014-05-09,14.08,14.25,14.15,13.94,1250180.0,35638060.0
2014-05-08,14.23,14.33,14.12,13.98,1240010.0,35654852.0
2014-05-07,14.18,14.40,14.26,14.18,2049088.0,59257520.0
2014-05-06,14.42,14.68,14.26,14.18,2431719.0,70768496.0
2014-05-05,14.10,14.73,14.52,14.04,5449067.0,159763952.0
2014-04-30,13.49,14.28,14.11,13.49,4468378.0,126416088.0
2014-04-29,13.32,13.79,13.49,13.29,4945664.0,135228704.0
2014-04-28,13.34,13.38,13.10,12.75,2291417.0,60137816.0
2014-04-25,13.26,13.63,13.34,12.99,5047367.0,137495056.0
2014-04-24,12.96,13.09,12.98,12.95,604752.0,15921785.0
2014-04-23,13.01,13.06,12.96,12.70,1257294.0,32823308.0
2014-04-22,13.14,13.30,12.92,12.88,1837475.0,48358388.0
2014-04-21,13.34,13.43,13.13,13.12,1185888.0,31939496.0
2014-04-18,13.29,13.42,13.30,13.23,718409.0,19381468.0
2014-04-17,13.56,13.56,13.35,13.32,506640.0,13744346.0
2014-04-16,13.16,13.49,13.38,13.14,1353238.0,36407980.0
2014-04-15,13.39,13.39,13.27,13.15,1401280.0,37579692.0
2014-04-14,13.49,13.61,13.41,13.33,998051.0,27142940.0
2014-04-11,13.51,13.66,13.55,13.45,787605.0,21566584.0
2014-04-10,13.52,13.73,13.50,13.48,1332715.0,36672472.0
2014-04-09,13.52,13.59,13.49,13.44,1306469.0,35729928.0
2014-04-08,13.47,13.70,13.51,13.43,1086114.0,29793568.0
2014-04-04,13.31,13.81,13.61,13.09,1002313.0,27111962.0
2014-04-03,13.54,13.64,13.27,13.26,1152488.0,31324216.0
2014-04-02,13.74,13.89,13.54,13.44,966730.0,26598890.0
2014-04-01,13.69,13.88,13.79,13.60,1126342.0,31289020.0
2014-03-31,13.50,13.78,13.68,13.38,992974.0,27182134.0
2014-03-28,14.22,14.28,13.50,13.49,2194941.0,60978052.0
2014-03-27,14.43,14.53,14.07,14.04,1237980.0,35638928.0
2014-03-26,13.93,14.46,14.40,13.93,2992557.0,86527344.0
2014-03-25,13.84,14.13,13.92,13.79,1893983.0,53800508.0
2014-03-24,13.78,14.01,13.90,13.68,1131670.0,31829176.0
2014-03-21,13.43,13.68,13.65,13.37,1073705.0,29385812.0
2014-03-20,13.66,13.92,13.45,13.43,1075392.0,29850902.0
2014-03-19,13.85,13.93,13.73,13.65,790896.0,21937794.0
2014-03-18,14.10,14.10,13.85,13.67,1503063.0,42044764.0
2014-03-17,13.52,13.95,13.86,13.42,2176826.0,60760304.0
2014-03-14,13.05,13.59,13.53,13.01,1523582.0,41193620.0
2014-03-13,13.09,13.28,13.12,13.01,1519602.0,40330668.0
2014-03-12,13.41,13.58,13.09,12.65,2312290.0,61331952.0
2014-03-11,13.49,13.75,13.42,13.35,1044573.0,28517106.0
2014-03-10,13.73,14.08,13.57,13.44,1712136.0,47699592.0
2014-03-07,13.63,13.83,13.73,13.49,1099053.0,30427120.0
2014-03-06,13.55,13.67,13.51,13.32,1008086.0,27583564.0
2014-03-05,13.50,13.69,13.49,13.41,866740.0,23687032.0
2014-03-04,13.74,13.82,13.60,13.45,1443956.0,39805284.0
2014-03-03,13.48,13.84,13.83,13.48,1654081.0,45672936.0
2014-02-28,13.56,13.71,13.57,13.28,1568415.0,42515232.0
2014-02-27,13.64,13.82,13.55,13.55,1206607.0,33519090.0
2014-02-26,13.39,13.81,13.63,13.12,2351593.0,64754288.0
2014-02-25,14.00,14.18,13.60,13.47,2876807.0,80182872.0
2014-02-24,13.78,14.13,14.04,13.40,2300034.0,64310816.0
2014-02-21,14.11,14.23,13.78,13.70,2544666.0,71698384.0
2014-02-20,14.38,14.51,14.19,14.13,2435451.0,70558016.0
2014-02-19,14.60,14.74,14.49,14.29,1929630.0,56492180.0
2014-02-18,14.27,14.67,14.63,14.27,3185564.0,93465288.0
2014-02-17,14.17,14.53,14.33,14.09,2392514.0,69541440.0
2014-02-14,14.24,14.43,14.17,14.11,1793257.0,51733760.0
2014-02-13,14.45,14.59,14.19,14.17,1837894.0,53304980.0
2014-02-12,14.10,14.66,14.52,14.09,2722190.0,79230984.0
2014-02-11,14.41,14.68,14.21,14.13,2483396.0,71855840.0
2014-02-10,14.34,14.77,14.47,14.15,3097118.0,90840400.0
2014-02-07,13.89,14.41,14.32,13.70,2151412.0,61983240.0
2014-01-30,13.49,14.61,14.02,13.49,5960841.0,170921104.0
2014-01-29,13.18,13.33,13.28,13.10,1018243.0,27250716.0
2014-01-28,13.20,13.57,13.21,13.17,1265036.0,34051956.0
2014-01-27,13.29,13.64,13.30,13.18,2418307.0,65711316.0
2014-01-24,12.67,13.34,13.29,12.64,3309321.0,87782672.0
2014-01-23,12.65,12.90,12.67,12.61,1694016.0,43630096.0
2014-01-22,12.36,12.69,12.67,12.36,1194481.0,30429664.0
2014-01-21,12.59,12.65,12.44,12.43,1017376.0,25829072.0
2014-01-20,12.69,12.71,12.43,12.20,1542685.0,38977808.0
2014-01-17,12.85,12.85,12.67,12.60,2116519.0,54372780.0
2014-01-16,12.44,12.82,12.80,12.37,2629870.0,67274712.0
2014-01-15,12.49,12.49,12.44,12.31,987658.0,24789256.0
2014-01-14,12.37,12.44,12.43,12.29,1325425.0,33119028.0
2014-01-13,12.36,12.48,12.37,12.27,1462460.0,36610916.0
2014-01-10,12.35,12.57,12.31,12.26,1603059.0,40029900.0
2014-01-09,12.60,12.77,12.46,12.45,1097859.0,28076750.0
2014-01-08,12.73,12.79,12.62,12.50,1475763.0,37886176.0
2014-01-07,12.70,12.77,12.63,12.34,1443742.0,36782828.0
2014-01-06,12.50,12.77,12.61,12.40,1518879.0,38594560.0
2014-01-03,12.83,12.88,12.61,12.59,1651675.0,42581760.0
2014-01-02,12.75,12.84,12.75,12.66,909481.0,23495930.0
2013-12-31,12.65,12.82,12.73,12.61,1533778.0,39486840.0
2013-12-30,12.74,12.79,12.65,12.51,1724107.0,44129808.0
2013-12-27,12.42,12.70,12.62,12.19,2329394.0,59297792.0
2013-12-26,12.12,12.84,12.42,12.12,3664077.0,93516360.0
2013-12-20,12.38,12.54,12.28,12.25,988867.0,24711854.0
2013-12-19,12.33,12.55,12.31,12.31,830857.0,20823274.0
2013-12-18,12.46,12.55,12.37,12.35,768954.0,19363776.0
2013-12-17,12.39,12.54,12.41,12.32,788794.0,19803600.0
2013-12-16,12.75,12.85,12.39,12.33,1581594.0,39888000.0
2013-12-13,12.48,12.67,12.59,12.48,1024673.0,26074028.0
2013-12-12,12.77,12.84,12.64,12.63,1201577.0,30858712.0
2013-12-11,13.06,13.06,12.76,12.72,1398003.0,36245492.0
2013-12-10,13.08,13.11,13.01,12.86,1782656.0,46840536.0
2013-12-09,12.79,13.14,13.02,12.71,3712445.0,97508320.0
2013-12-06,12.76,12.83,12.65,12.63,1062687.0,27265888.0
2013-12-05,12.76,12.85,12.71,12.60,1922880.0,49603096.0
2013-12-04,12.40,12.88,12.74,12.40,3568199.0,92433664.0
2013-12-03,11.95,12.58,12.47,11.95,2147184.0,53785776.0
2013-12-02,12.33,12.43,12.05,12.00,1748387.0,43202552.0
2013-11-29,12.36,12.52,12.49,12.31,1762014.0,44245540.0
2013-11-28,12.43,12.58,12.36,12.30,1445645.0,36459836.0
2013-11-27,12.55,12.67,12.40,12.31,1933277.0,48536208.0
2013-11-26,12.60,12.75,12.55,12.45,1061106.0,27002116.0
2013-11-25,12.36,12.87,12.63,12.35,3026469.0,77553736.0
2013-11-22,12.16,12.47,12.36,11.89,2223927.0,55123616.0
2013-11-21,12.11,12.21,12.09,11.89,1809089.0,44233424.0
2013-11-20,12.01,12.20,12.07,12.01,1167502.0,28544542.0
2013-11-19,12.10,12.24,12.08,11.97,1636214.0,40033200.0
2013-11-18,11.75,12.16,12.13,11.75,1858752.0,45374976.0
2013-11-15,11.43,11.95,11.84,11.43,2445926.0,57826896.0
2013-11-14,11.35,11.45,11.43,11.27,1162382.0,26781518.0
2013-11-13,11.34,11.41,11.34,11.31,887528.0,20378840.0
2013-11-12,11.45,11.47,11.35,11.33,1437327.0,33093712.0
2013-11-11,11.45,11.49,11.46,11.29,1392402.0,32134772.0
2013-11-08,11.27,11.48,11.44,11.22,1081590.0,24820604.0
2013-11-07,11.51,11.56,11.37,11.32,1162811.0,26883000.0
2013-11-06,11.56,11.63,11.54,11.37,1486909.0,34743644.0
2013-11-05,11.38,11.53,11.48,11.23,1137731.0,26205938.0
2013-11-04,11.34,11.53,11.38,11.31,976624.0,22531804.0
2013-11-01,11.34,11.40,11.34,11.20,916507.0,21022070.0
2013-10-31,11.57,11.58,11.34,11.26,1865273.0,42768428.0
2013-10-30,11.49,11.70,11.57,11.45,1619223.0,37819976.0
2013-10-29,12.04,12.16,11.49,11.15,3669049.0,86107616.0
2013-10-28,12.35,12.35,11.98,11.91,1689517.0,41137720.0
2013-10-25,12.35,12.41,12.15,11.93,2109534.0,51600040.0
2013-10-24,12.28,12.48,12.31,12.16,2031300.0,50767340.0
2013-10-23,12.82,12.82,12.28,12.05,3917057.0,97873048.0
2013-10-22,12.79,12.98,12.77,12.50,4161281.0,107770448.0
2013-10-21,12.55,12.90,12.73,12.55,3419645.0,88576480.0
2013-10-18,12.69,12.80,12.50,12.36,2555104.0,64678000.0
2013-10-17,12.65,12.84,12.70,12.45,4306500.0,110574032.0
2013-10-16,12.08,12.90,12.64,11.98,8299694.0,210463728.0
2013-10-15,11.84,12.15,12.07,11.84,2576432.0,62686832.0
2013-10-14,12.10,12.19,11.84,11.82,3673982.0,89279496.0
2013-10-11,11.69,12.13,12.10,11.54,5714882.0,137347680.0
2013-10-10,11.35,11.65,11.64,11.32,3824748.0,89350688.0
2013-10-09,11.29,11.44,11.34,11.17,2194453.0,50372296.0
2013-10-08,11.43,11.43,11.28,10.87,1789693.0,40754028.0
2013-09-30,11.25,11.54,11.43,11.19,2700728.0,62391024.0
2013-09-27,11.17,11.26,11.25,11.04,1157821.0,26175444.0
2013-09-26,11.17,11.36,11.15,10.97,2229652.0,50172572.0
2013-09-25,11.44,11.59,11.33,11.20,1864897.0,42784724.0
2013-09-24,11.48,11.50,11.39,11.27,1939959.0,44512600.0
2013-09-23,11.39,11.65,11.48,11.32,3107458.0,71891560.0
2013-09-18,10.95,11.41,11.41,10.95,3523782.0,80355488.0
2013-09-17,11.06,11.07,11.05,10.87,1432863.0,31775382.0
2013-09-16,10.87,11.07,11.05,10.67,2401345.0,52738420.0
2013-09-13,10.88,10.95,10.84,10.67,2316821.0,50609220.0
2013-09-12,10.90,11.03,10.89,10.75,3123809.0,68701832.0
2013-09-11,11.04,11.12,11.06,10.92,2008886.0,44709600.0
2013-09-10,11.29,11.34,11.03,10.94,3105238.0,69735120.0
2013-09-09,11.21,11.36,11.20,11.17,2500604.0,56900916.0
2013-09-06,11.27,11.27,11.18,11.15,1333356.0,30194112.0
2013-09-05,11.21,11.29,11.19,11.14,1207326.0,27412670.0
2013-09-04,11.23,11.49,11.25,11.14,2320745.0,53000724.0
2013-09-03,11.29,11.29,11.23,11.02,3376933.0,76221632.0
2013-09-02,11.28,11.34,11.26,11.15,1630696.0,37082912.0
2013-08-30,11.45,11.50,11.23,11.17,3044941.0,69586928.0
2013-08-29,11.66,11.71,11.51,11.32,2876579.0,66812332.0
2013-08-28,11.63,11.66,11.40,11.33,2629653.0,60778060.0
2013-08-27,11.67,11.71,11.66,11.50,2156732.0,50598196.0
2013-08-26,11.38,11.76,11.67,11.34,3183496.0,74827696.0
2013-08-23,11.30,11.46,11.37,11.17,2027371.0,46393136.0
2013-08-22,11.32,11.47,11.34,11.25,1935687.0,44631464.0
2013-08-21,11.37,11.40,11.34,11.09,2666289.0,60524880.0
2013-08-20,11.52,11.54,11.39,11.34,2601101.0,60171856.0
2013-08-19,11.48,11.54,11.51,11.37,1307155.0,30289488.0
2013-08-16,11.37,11.68,11.47,11.28,2489183.0,57555896.0
2013-08-15,11.62,11.72,11.37,11.37,2624669.0,61072128.0
2013-08-14,11.89,12.21,11.62,11.59,3483983.0,84287072.0
2013-08-13,11.71,11.94,11.82,11.61,2991609.0,71418216.0
2013-08-12,11.82,11.85,11.70,11.51,3532706.0,83346136.0
2013-08-09,11.56,11.93,11.74,11.54,5456162.0,130213896.0
2013-08-08,11.31,11.85,11.64,11.20,9414515.0,220476400.0
2013-08-07,10.87,11.27,11.26,10.77,4442670.0,99178768.0
2013-08-06,10.83,10.95,10.87,10.79,3229227.0,71012760.0
2013-08-05,10.77,10.85,10.81,10.65,3423410.0,74608600.0
2013-08-02,10.92,11.02,10.73,10.72,2894561.0,63318056.0
2013-08-01,10.80,10.96,10.94,10.80,2066037.0,45414280.0
2013-07-31,10.84,10.92,10.79,10.71,1553269.0,33909724.0
2013-07-30,11.02,11.02,10.78,10.38,2708304.0,58719744.0
2013-07-29,10.79,11.12,10.95,10.72,3728775.0,82813864.0
2013-07-26,10.87,11.00,10.81,10.76,3256240.0,71550560.0
2013-07-25,10.56,11.01,10.90,10.49,4910637.0,106890424.0
2013-07-24,10.56,10.66,10.56,10.28,3091498.0,65808608.0
2013-07-23,10.42,10.75,10.55,10.39,3106186.0,66390472.0
2013-07-22,10.30,10.47,10.39,10.20,2228282.0,46582824.0
2013-07-19,10.65,10.80,10.38,10.38,2355593.0,50348292.0
2013-07-18,10.62,10.76,10.66,10.49,2083039.0,44819516.0
2013-07-17,11.06,11.06,10.65,10.60,3373227.0,73886440.0
2013-07-16,10.88,11.12,11.07,10.73,4074200.0,90067320.0
2013-07-15,10.57,10.91,10.84,10.57,2524179.0,55154384.0
2013-07-12,10.71,10.98,10.56,10.55,2774879.0,60466124.0
2013-07-11,10.53,10.85,10.68,10.39,3944329.0,85103232.0
2013-07-10,9.98,10.53,10.50,9.97,3773771.0,78481592.0
2013-07-09,10.00,10.08,10.00,9.88,1064314.0,21529582.0
2013-07-08,10.23,10.23,10.02,9.64,4789355.0,96077256.0
2013-07-05,10.78,10.87,10.35,10.30,3066492.0,65693152.0
2013-07-04,10.81,10.89,10.72,10.67,2109441.0,46054432.0
2013-07-03,10.62,10.84,10.78,10.61,3065031.0,66526692.0
2013-07-02,10.33,10.90,10.78,10.33,4138863.0,90345832.0
2013-07-01,10.10,10.35,10.31,9.97,1952870.0,40808664.0
2013-06-28,10.06,10.35,10.11,9.96,3624178.0,74925680.0
2013-06-27,10.42,10.73,10.14,10.02,5062626.0,107574400.0
2013-06-26,10.25,10.45,10.40,10.02,4719102.0,98548408.0
2013-06-25,10.23,10.35,10.04,9.23,8774497.0,173905184.0
2013-06-24,10.67,10.82,10.25,10.06,4535048.0,97394016.0
2013-06-21,10.24,10.80,10.67,10.01,3977192.0,84590272.0
2013-06-20,10.83,10.88,10.56,10.30,2472519.0,53874992.0
2013-06-19,11.07,11.09,10.82,10.49,4767696.0,104663144.0
2013-06-18,11.50,11.57,11.10,11.06,3957325.0,90441008.0
2013-06-17,11.57,11.75,11.50,11.45,3532662.0,83728240.0
2013-06-14,11.23,11.63,11.59,11.07,4629621.0,108169168.0
2013-06-13,11.22,11.47,11.37,10.79,5498129.0,124513968.0
2013-06-07,11.12,11.28,11.27,10.93,4289087.0,96815472.0
2013-06-06,11.31,11.34,11.20,11.08,2740884.0,62696880.0
2013-06-05,11.21,11.42,11.34,11.12,2339879.0,53752504.0
2013-06-04,11.73,11.92,11.29,10.79,7522921.0,174449376.0
2013-06-03,11.94,12.21,11.75,11.70,5080906.0,123466320.0
2013-05-31,11.58,12.09,11.93,11.55,6522768.0,158721744.0
2013-05-30,11.55,11.65,11.54,11.32,3080864.0,71990144.0
2013-05-29,11.30,11.77,11.56,11.21,4928545.0,115697184.0
2013-05-28,11.58,12.02,11.31,11.23,7739238.0,182062480.0
2013-05-27,11.23,11.67,11.60,11.14,5336933.0,124087136.0
2013-05-24,10.80,11.47,11.23,10.80,7459720.0,171371040.0
2013-05-23,10.74,10.94,10.85,10.64,5431150.0,119339632.0
2013-05-22,10.60,10.96,10.77,10.60,6282463.0,137937216.0
2013-05-21,10.03,10.77,10.67,9.96,6982383.0,149404032.0
2013-05-20,10.23,10.29,10.03,9.82,4152351.0,84780384.0
2013-05-17,9.98,10.27,10.13,9.88,3729956.0,76642328.0
2013-05-16,10.06,10.30,9.97,9.88,4300468.0,88630344.0
2013-05-15,9.84,9.95,9.86,9.74,2792317.0,56000012.0
2013-05-14,10.16,10.16,9.84,9.74,5521201.0,111438120.0
2013-05-13,10.10,10.38,10.20,9.96,6648367.0,138617440.0
2013-05-10,9.66,10.20,10.12,9.57,8840717.0,178610960.0
2013-05-09,9.56,9.69,9.66,9.41,4103717.0,79959216.0
2013-05-08,9.37,9.66,9.59,9.26,4370542.0,84552880.0
2013-05-07,9.41,9.51,9.43,9.29,4148833.0,79637528.0
2013-05-06,8.87,9.57,9.40,8.87,5852822.0,109766384.0
2013-05-03,8.80,9.01,8.83,8.80,2755999.0,49996528.0
2013-05-02,8.83,8.90,8.80,8.69,1241461.0,22259384.0
2013-04-26,9.12,9.12,8.84,8.60,4706882.0,84643480.0
2013-04-25,9.24,9.28,9.21,9.11,3216133.0,60328264.0
2013-04-24,9.01,9.20,9.13,8.98,4013103.0,74596200.0
2013-04-23,9.29,9.41,9.01,9.00,3796190.0,71162288.0
2013-04-22,9.09,9.30,9.25,9.04,3430853.0,64316032.0
2013-04-19,9.07,9.27,9.16,8.99,3969993.0,73960440.0
2013-04-18,9.03,9.09,8.98,8.92,2362862.0,43301312.0
2013-04-17,8.72,9.07,9.03,8.72,3261986.0,59315648.0
2013-04-16,8.67,8.77,8.71,8.54,1551311.0,27394146.0
2013-04-15,8.68,8.82,8.68,8.61,948400.0,16812824.0
2013-04-12,8.70,8.81,8.68,8.58,1123223.0,19887468.0
2013-04-11,8.78,8.83,8.70,8.67,1104641.0,19661776.0
2013-04-10,8.85,9.03,8.77,8.61,3278287.0,58865776.0
2013-04-09,9.15,9.15,8.89,8.84,3050683.0,55503144.0
2013-04-08,9.07,9.31,9.09,8.79,5282775.0,97646680.0
2013-04-03,9.07,9.19,9.03,8.88,3000962.0,55415436.0
2013-04-02,9.27,9.27,8.91,8.83,2398693.0,44246552.0
2013-04-01,9.17,9.30,9.13,8.98,5563251.0,103463288.0
2013-03-29,8.81,8.81,8.79,8.56,2796601.0,49494456.0
2013-03-28,8.95,8.95,8.79,8.66,3313517.0,59431444.0
2013-03-27,8.95,9.16,8.96,8.89,3066486.0,56177524.0
2013-03-26,9.19,9.23,8.95,8.81,2940068.0,53599156.0
2013-03-25,9.25,9.39,9.17,9.15,2003237.0,37624312.0
2013-03-22,9.09,9.33,9.27,9.02,2649514.0,49552036.0
2013-03-21,8.64,9.22,9.09,8.64,4785854.0,88192256.0
2013-03-20,8.56,8.75,8.70,8.55,4495736.0,79416672.0
2013-03-19,8.49,8.68,8.65,8.42,3515084.0,61165460.0
2013-03-18,8.77,8.77,8.48,8.45,3692388.0,64791152.0
2013-03-15,9.01,9.10,8.80,8.76,5216906.0,94772200.0
2013-03-14,9.12,9.12,9.01,8.94,1381004.0,25386188.0
2013-03-13,9.23,9.23,9.00,8.88,2487562.0,45548484.0
2013-03-12,9.55,9.56,9.20,9.03,4912975.0,92917648.0
2013-03-11,9.40,9.66,9.59,9.29,4258199.0,82277472.0
2013-03-08,9.22,9.41,9.24,9.15,2577443.0,48808012.0
2013-03-07,9.32,9.42,9.18,9.04,6356612.0,119187744.0
2013-03-06,9.61,9.65,9.33,9.22,7200978.0,137758336.0
2013-03-05,9.36,9.70,9.62,9.27,4490341.0,87159032.0
2013-03-04,9.71,9.95,9.46,9.17,7127482.0,138050608.0
2013-03-01,9.50,9.87,9.85,9.47,5847600.0,114609072.0
2013-02-28,9.09,9.52,9.50,9.01,4686448.0,88686000.0
2013-02-27,9.12,9.49,9.09,8.76,10501268.0,194151904.0
2013-02-26,9.97,10.05,9.21,9.17,10674613.0,209089568.0
2013-02-25,9.41,9.97,9.95,9.33,7850853.0,155710640.0
2013-02-22,9.26,9.61,9.39,9.26,4848353.0,93768984.0
2013-02-21,9.26,9.63,9.32,9.17,9626889.0,184668992.0
2013-02-20,9.22,9.39,9.32,9.07,4792470.0,90224064.0
2013-02-19,9.09,9.45,9.16,9.01,5711797.0,107084824.0
2013-02-18,9.24,9.31,9.13,9.07,4872593.0,91426360.0
2013-02-08,9.03,9.25,9.15,8.90,4620376.0,86070424.0
2013-02-07,8.42,9.10,9.03,8.38,9363457.0,168268256.0
2013-02-06,8.49,8.70,8.45,8.43,5144155.0,89821624.0
2013-02-05,8.24,8.73,8.52,8.08,9222336.0,160775056.0
2013-02-04,8.17,8.31,8.24,8.05,9022960.0,151058544.0
2013-02-01,7.62,8.22,8.09,7.59,10530373.0,172248752.0
2013-01-31,7.56,7.68,7.62,7.52,3963483.0,61373420.0
2013-01-30,7.51,7.74,7.58,7.24,10257870.0,158405520.0
2013-01-28,7.04,7.21,7.20,6.89,4112887.0,59525864.0
2013-01-25,6.92,7.04,7.00,6.87,1224661.0,17327724.0
2013-01-24,7.08,7.27,6.93,6.82,2819527.0,40468288.0
2013-01-23,7.14,7.25,7.22,6.95,3301478.0,48025688.0
2013-01-22,7.30,7.35,7.14,7.13,2697387.0,39746400.0
2013-01-21,7.32,7.43,7.33,7.28,2462669.0,36844664.0
2013-01-18,7.37,7.43,7.37,7.25,3164167.0,47170548.0
2013-01-17,6.84,7.52,7.37,6.82,7133752.0,105139672.0
2013-01-16,6.98,6.98,6.89,6.79,1753100.0,24563440.0
2013-01-15,6.97,7.04,6.97,6.92,1924903.0,27395100.0
2013-01-14,6.71,6.98,6.96,6.71,2626105.0,36783864.0
2013-01-11,6.86,6.89,6.68,6.62,1710699.0,23518644.0
2013-01-10,6.94,7.01,6.85,6.82,1891216.0,26576224.0
2013-01-09,7.10,7.16,6.97,6.96,1667423.0,23901552.0
2013-01-08,6.94,7.18,7.10,6.94,2331712.0,33758280.0
2013-01-07,6.87,7.03,6.98,6.87,2001130.0,28263840.0
2013-01-04,7.00,7.12,6.84,6.82,1390301.0,19639282.0
2012-12-31,6.77,7.03,7.00,6.77,1892587.0,26699420.0
2012-12-28,6.81,6.89,6.82,6.75,935555.0,13045338.0
2012-12-27,6.83,6.92,6.81,6.77,2172649.0,30231972.0
2012-12-26,6.96,6.96,6.84,6.80,1197229.0,16710473.0
2012-12-25,6.78,6.96,6.86,6.78,2505987.0,35150464.0
2012-12-24,6.59,6.80,6.79,6.51,2084077.0,28427304.0
2012-12-21,6.52,6.64,6.59,6.52,840848.0,11280837.0
2012-12-20,6.55,6.55,6.55,6.38,978811.0,12890805.0
2012-12-19,6.38,6.62,6.55,6.38,1099921.0,14635956.0
2012-12-18,6.38,6.48,6.39,6.35,674079.0,8805489.0
2012-12-17,6.36,6.48,6.38,6.33,852940.0,11103423.0
2012-12-14,6.15,6.42,6.37,6.14,1298123.0,16765583.0
2012-12-13,6.19,6.26,6.15,6.11,632890.0,7954273.0
2012-12-12,6.22,6.36,6.25,6.19,884968.0,11273068.0
2012-12-11,6.23,6.33,6.28,6.21,852070.0,10923372.0
2012-12-10,6.15,6.34,6.33,6.08,1343976.0,17084754.0
2012-12-07,6.01,6.09,6.08,5.95,1472659.0,18122424.0
2012-12-06,6.05,6.05,5.98,5.97,1308832.0,16012315.0
2012-12-05,5.84,6.06,6.05,5.79,2147583.0,26190840.0
2012-12-04,5.81,5.86,5.85,5.65,796359.0,9350432.0
2012-12-03,5.94,5.94,5.84,5.64,1624552.0,19222056.0
2012-11-30,5.88,5.91,5.88,5.60,886737.0,10499112.0
2012-11-29,6.03,6.06,5.89,5.39,2812342.0,32351460.0
2012-11-28,6.13,6.25,5.95,5.77,1665640.0,20238100.0
2012-11-27,6.56,6.56,6.25,6.18,1311371.0,16822142.0
2012-11-26,6.74,6.74,6.56,6.49,451060.0,6038526.0
2012-11-23,6.72,6.74,6.64,6.57,687038.0,9320113.0
2012-11-22,6.72,6.76,6.71,6.61,322560.0,4401020.0
2012-11-21,6.73,6.73,6.72,6.59,326125.0,4426506.0
2012-11-20,6.58,6.76,6.71,6.58,397886.0,5437508.0
2012-11-19,6.46,6.67,6.66,6.46,456253.0,6121462.0
2012-11-16,6.56,6.57,6.56,6.41,487540.0,6476550.0
2012-11-15,6.48,6.57,6.56,6.40,848995.0,11228028.0
2012-11-14,6.66,6.77,6.60,6.35,2656403.0,34816112.0
2012-11-13,6.84,6.84,6.71,6.67,653017.0,8962980.0
2012-11-12,6.78,6.95,6.84,6.76,1022000.0,14231362.0
2012-11-09,6.81,6.89,6.88,6.70,1119562.0,15423852.0
2012-11-08,6.77,6.81,6.79,6.72,698592.0,9645940.0
2012-11-07,6.88,6.91,6.78,6.67,1643199.0,22688496.0
2012-11-06,6.99,7.08,6.87,6.84,1275870.0,17997058.0
2012-11-05,7.15,7.17,7.03,7.01,638182.0,9184278.0
2012-11-02,7.11,7.17,7.12,7.04,512971.0,7437253.0
2012-11-01,6.94,7.10,7.06,6.92,629605.0,9055111.0
2012-10-31,7.00,7.02,7.00,6.94,275121.0,3914413.0
2012-10-30,6.92,7.02,7.01,6.91,655949.0,9310316.0
2012-10-29,6.93,7.05,6.92,6.89,737120.0,10469266.0
2012-10-26,7.25,7.25,6.93,6.86,1437299.0,20369764.0
2012-10-25,7.18,7.27,7.09,7.02,1188993.0,17187340.0
2012-10-24,7.30,7.33,7.16,7.16,1155999.0,17006856.0
2012-10-23,7.28,7.37,7.27,7.25,981240.0,14600760.0
2012-10-22,7.37,7.41,7.26,7.24,1661053.0,24918808.0
2012-10-19,7.33,7.41,7.35,7.33,628929.0,9429183.0
2012-10-18,7.29,7.43,7.35,7.29,865056.0,12999777.0
2012-10-17,7.29,7.41,7.32,7.29,360412.0,5383490.0
2012-10-16,7.35,7.45,7.32,7.29,568478.0,8514724.0
2012-10-15,7.33,7.41,7.31,7.26,1078249.0,16061920.0
2012-10-12,7.44,7.45,7.35,7.31,1205111.0,18113798.0
2012-10-11,7.38,7.47,7.39,7.33,1609812.0,24206242.0
2012-10-10,7.51,7.51,7.47,7.41,1036356.0,15727609.0
2012-10-09,7.47,7.51,7.50,7.37,2187346.0,33265540.0
2012-10-08,7.42,7.49,7.37,7.35,992343.0,14963040.0
2012-09-28,7.19,7.45,7.42,7.19,1770782.0,26673996.0
2012-09-27,7.05,7.21,7.15,6.96,1140094.0,16534545.0
2012-09-26,7.39,7.40,7.03,6.99,1121102.0,16304748.0
2012-09-25,7.39,7.39,7.33,7.31,479200.0,7194627.0
2012-09-24,7.25,7.35,7.33,7.20,716937.0,10633012.0
2012-09-21,7.22,7.34,7.25,7.22,834454.0,12382622.0
2012-09-20,7.38,7.38,7.22,7.22,1158908.0,17205674.0
2012-09-19,7.41,7.43,7.37,7.28,856296.0,12832841.0
2012-09-18,7.45,7.45,7.31,7.28,973445.0,14583756.0
2012-09-17,7.60,7.63,7.45,7.29,1956070.0,29616680.0
2012-09-14,7.60,7.65,7.60,7.57,743695.0,11531878.0
2012-09-13,7.65,7.65,7.58,7.52,997051.0,15441851.0
2012-09-12,7.58,7.71,7.60,7.55,912358.0,14169356.0
2012-09-11,7.56,7.74,7.57,7.53,2016157.0,31381076.0
2012-09-10,7.60,7.67,7.57,7.52,1126653.0,17453906.0
2012-09-07,7.36,7.61,7.56,7.36,2684451.0,41200696.0
2012-09-06,7.30,7.33,7.31,7.27,589781.0,8784835.0
2012-09-05,7.29,7.35,7.30,7.26,872637.0,12955640.0
2012-09-04,7.36,7.45,7.35,7.32,685694.0,10295389.0
2012-09-03,7.33,7.43,7.36,7.21,781478.0,11767348.0
2012-08-31,7.36,7.38,7.33,7.27,847872.0,12669862.0
2012-08-30,7.26,7.40,7.36,7.21,1242315.0,18567788.0
2012-08-29,7.34,7.50,7.29,7.24,1502841.0,22583528.0
2012-08-28,7.29,7.40,7.31,7.22,853533.0,12735397.0
2012-08-27,7.38,7.38,7.25,7.22,1089799.0,16156518.0
2012-08-24,7.47,7.47,7.35,7.27,2403958.0,36036884.0
2012-08-23,7.45,7.59,7.54,7.40,1983085.0,30370772.0
2012-08-22,7.20,7.50,7.46,7.20,3197099.0,48374864.0
2012-08-21,7.07,7.25,7.20,7.01,1100638.0,16103157.0
2012-08-20,6.87,7.26,7.07,6.87,2798447.0,40503920.0
2012-08-17,6.90,6.94,6.87,6.86,520530.0,7313254.0
2012-08-16,7.05,7.05,6.87,6.86,870350.0,12320874.0
2012-08-15,6.92,7.06,6.98,6.92,700729.0,9981147.0
2012-08-14,7.15,7.16,6.98,6.87,872163.0,12374757.0
2012-08-13,6.94,7.02,6.99,6.94,766759.0,10924449.0
2012-08-10,6.94,7.09,6.99,6.94,830026.0,11882808.0
2012-08-09,6.94,7.01,6.99,6.89,1268567.0,18000854.0
2012-08-08,7.04,7.06,6.92,6.90,973892.0,13844451.0
2012-08-07,7.03,7.12,7.05,7.03,688558.0,9916431.0
2012-08-06,6.89,7.09,7.08,6.89,1093424.0,15605932.0
2012-08-03,6.76,6.96,6.96,6.72,803598.0,11227708.0
2012-08-02,6.85,6.85,6.77,6.65,764896.0,10496733.0
2012-08-01,6.65,6.85,6.83,6.62,826402.0,11445097.0
2012-07-31,6.77,6.77,6.66,6.50,1410183.0,19030492.0
2012-07-30,6.72,6.84,6.74,6.72,1248901.0,17241734.0
2012-07-27,6.78,6.88,6.75,6.64,3876930.0,53138260.0
2012-07-26,7.66,7.72,6.88,6.88,7852289.0,114272528.0
2012-07-25,7.72,7.72,7.65,7.62,713905.0,11157255.0
2012-07-24,7.60,7.76,7.68,7.60,1129025.0,17761688.0
2012-07-23,7.69,7.77,7.69,7.60,1090071.0,17097100.0
2012-07-20,7.93,7.93,7.76,7.75,1037937.0,16544540.0
2012-07-19,7.78,7.94,7.92,7.72,1719085.0,27622892.0
2012-07-18,7.77,7.80,7.77,7.61,1443659.0,22655440.0
2012-07-17,7.72,7.81,7.77,7.68,1806169.0,28496544.0
2012-07-16,8.04,8.04,7.83,7.68,3445828.0,54690332.0
2012-07-13,7.90,8.11,8.02,7.90,2694955.0,44029660.0
2012-07-12,8.00,8.07,7.97,7.92,3878730.0,63364592.0
2012-07-11,7.72,8.02,8.01,7.58,3913204.0,62677752.0
2012-07-10,7.62,7.72,7.68,7.58,1204719.0,18742304.0
2012-07-09,7.86,7.94,7.74,7.69,2375234.0,37871764.0
2012-07-06,7.66,7.88,7.86,7.66,2580808.0,41000636.0
2012-07-05,7.60,7.70,7.67,7.56,1281247.0,19907170.0
2012-07-04,7.89,7.89,7.68,7.65,1263067.0,19909764.0
2012-07-03,7.64,7.90,7.81,7.63,3263775.0,52041708.0
2012-07-02,7.44,7.66,7.63,7.41,1297025.0,20043440.0
2012-06-29,7.55,7.62,7.43,7.26,2068393.0,31113134.0
2012-06-28,7.62,7.81,7.59,7.54,1646913.0,25822880.0
2012-06-27,7.58,7.63,7.57,7.50,986292.0,15191294.0
2012-06-26,7.56,7.62,7.55,7.43,1224264.0,18837520.0
2012-06-25,7.63,7.70,7.56,7.53,1459852.0,22603676.0
2012-06-21,7.73,7.73,7.62,7.58,1247402.0,19403704.0
2012-06-20,7.78,7.82,7.75,7.64,2172716.0,34126228.0
2012-06-19,7.85,7.87,7.78,7.77,1350251.0,21527586.0
2012-06-18,7.85,7.89,7.84,7.77,2212736.0,35298148.0
2012-06-15,7.80,7.87,7.82,7.73,2790968.0,44370700.0
2012-06-14,7.53,7.97,7.79,7.50,5042631.0,79998080.0
2012-06-13,7.39,7.55,7.53,7.31,2225058.0,34015636.0
2012-06-12,7.30,7.37,7.37,7.24,947278.0,14175501.0
2012-06-11,7.35,7.35,7.30,7.22,1244176.0,18449896.0
2012-06-08,7.44,7.44,7.30,7.26,1008614.0,15048677.0
2012-06-07,7.36,7.38,7.37,7.29,975655.0,14577437.0
2012-06-06,7.36,7.43,7.32,7.30,1008874.0,15160495.0
2012-06-05,7.31,7.41,7.36,7.29,1385453.0,20765458.0
2012-06-04,7.46,7.55,7.36,7.25,2617171.0,39586900.0
2012-06-01,7.55,7.55,7.49,7.43,1200501.0,18339824.0
2012-05-31,7.41,7.55,7.49,7.36,1258539.0,19201334.0
2012-05-30,7.40,7.46,7.41,7.36,1383231.0,21058728.0
2012-05-29,7.21,7.43,7.40,7.17,1829563.0,27614944.0
2012-05-28,7.19,7.27,7.20,7.08,1520326.0,22362868.0
2012-05-25,7.42,7.52,7.22,7.18,1600731.0,23943984.0
2012-05-24,7.38,7.58,7.42,7.35,2160065.0,33130640.0
2012-05-23,7.28,7.47,7.45,7.26,2428444.0,37103136.0
2012-05-22,7.27,7.41,7.35,7.19,1626145.0,24673706.0
2012-05-21,7.16,7.33,7.24,7.08,975002.0,14474395.0
2012-05-18,7.30,7.31,7.16,7.12,1023424.0,15158205.0
2012-05-17,7.14,7.34,7.34,7.10,1726553.0,25727300.0
2012-05-16,7.25,7.25,7.13,7.09,1007540.0,14844387.0
2012-05-15,7.09,7.24,7.23,7.00,1392471.0,20350690.0
2012-05-14,7.28,7.28,7.15,7.13,1355071.0,20056398.0
2012-05-11,7.29,7.33,7.20,7.16,1799775.0,26722088.0
2012-05-10,7.29,7.42,7.29,7.28,2318513.0,34970060.0
2012-05-08,7.34,7.56,7.42,7.34,2598866.0,40068152.0
2012-05-07,7.31,7.38,7.31,7.23,1760146.0,26399828.0
2012-05-04,7.42,7.50,7.38,7.33,2605930.0,39766028.0
2012-05-03,7.50,7.51,7.39,7.39,2311434.0,35309272.0
2012-05-02,7.37,7.60,7.47,7.37,3503341.0,54220904.0
2012-04-27,7.34,7.45,7.32,7.15,2805208.0,42241352.0
2012-04-26,7.37,7.40,7.33,7.28,1754817.0,26525348.0
2012-04-25,7.23,7.41,7.34,7.17,2749419.0,41381576.0
2012-04-24,7.26,7.38,7.24,7.06,4339498.0,64671272.0
2012-04-23,6.91,7.54,7.32,6.91,10015501.0,150615248.0
2012-04-20,6.87,6.91,6.86,6.82,1446445.0,20417240.0
2012-04-19,6.91,6.91,6.83,6.81,1555681.0,21961988.0
2012-04-18,6.84,6.88,6.85,6.75,1875398.0,26341430.0
2012-04-17,6.79,6.82,6.75,6.73,818883.0,11409861.0
2012-04-16,6.70,6.87,6.79,6.69,963286.0,13482214.0
2012-04-13,6.85,6.95,6.80,6.70,1197860.0,16770175.0
2012-04-12,6.65,6.86,6.82,6.61,2043344.0,28496946.0
2012-04-11,6.49,6.67,6.61,6.47,809451.0,11013429.0
2012-04-10,6.52,6.59,6.59,6.41,971998.0,13030957.0
2012-04-09,6.56,6.59,6.55,6.44,878462.0,11851173.0
2012-04-06,6.46,6.56,6.49,6.41,823627.0,10981397.0
2012-04-05,6.23,6.50,6.46,6.23,948599.0,12526751.0
2012-03-30,6.31,6.32,6.25,6.19,443400.0,5703636.0
2012-03-29,6.27,6.36,6.27,6.19,781600.0,10096834.0
2012-03-28,6.60,6.60,6.27,6.26,1885300.0,24800492.0
2012-03-27,6.60,6.68,6.60,6.56,913148.0,12437088.0
2012-03-26,6.58,6.66,6.59,6.57,988000.0,13426954.0
2012-03-23,6.71,6.71,6.63,6.54,1459872.0,19925036.0
2012-03-22,6.80,6.84,6.75,6.66,1084201.0,15104851.0
2012-03-21,6.84,6.88,6.79,6.72,1735191.0,24334472.0
2012-03-20,6.90,6.93,6.79,6.75,2127958.0,29927996.0
2012-03-19,6.78,6.99,6.92,6.73,2488859.0,35318876.0
2012-03-16,6.66,6.80,6.76,6.66,1812570.0,25160580.0
2012-03-15,6.60,6.72,6.66,6.47,2141561.0,29135764.0
2012-03-14,6.80,6.90,6.54,6.31,3013948.0,41705776.0
2012-03-13,6.77,6.83,6.79,6.74,1377904.0,19247406.0
2012-03-12,6.83,6.87,6.78,6.73,2327758.0,32573540.0
2012-03-09,6.74,6.85,6.83,6.70,2041204.0,28463328.0
2012-03-08,6.58,6.78,6.71,6.58,1426051.0,19631420.0
2012-03-07,6.75,7.04,6.69,6.68,3722383.0,52192432.0
2012-03-06,6.74,6.78,6.75,6.59,2699520.0,37120024.0
2012-03-05,6.53,6.89,6.80,6.53,3159686.0,43726588.0
2012-03-02,6.41,6.50,6.49,6.37,946123.0,12573553.0
2012-03-01,6.34,6.42,6.37,6.34,438899.0,5768519.0
2012-02-29,6.47,6.51,6.36,6.35,1048200.0,13855369.0
2012-02-28,6.46,6.49,6.47,6.37,925666.0,12245322.0
2012-02-27,6.48,6.62,6.44,6.44,1953131.0,26300240.0
2012-02-24,6.44,6.48,6.48,6.37,930511.0,12317504.0
2012-02-23,6.41,6.49,6.44,6.31,2001875.0,26405280.0
2012-02-22,6.20,6.46,6.40,6.14,1210986.0,15835289.0
2012-02-21,6.18,6.21,6.17,6.07,939461.0,11852514.0
2012-02-20,6.15,6.27,6.18,6.14,996636.0,12703490.0
2012-02-17,6.21,6.26,6.14,6.08,866481.0,10955674.0
2012-02-16,6.22,6.22,6.17,6.14,759303.0,9631148.0
2012-02-15,6.02,6.20,6.18,6.02,1013068.0,12832086.0
2012-02-14,5.98,6.16,6.09,5.97,1145386.0,14342827.0
2012-02-13,6.07,6.07,6.01,5.83,986204.0,12222963.0
2012-02-10,5.87,6.07,6.01,5.87,1126356.0,13911594.0
2012-02-09,5.92,6.00,5.96,5.89,1089297.0,13351299.0
2012-02-08,5.88,5.95,5.95,5.76,1161787.0,14066050.0
2012-02-07,5.85,5.92,5.86,5.75,886361.0,10647569.0
2012-02-06,6.01,6.01,5.84,5.82,1194547.0,14412365.0
2012-02-03,5.88,5.95,5.92,5.84,678125.0,8245765.0
2012-02-02,5.86,5.88,5.86,5.78,506573.0,6069166.0
2012-02-01,5.83,5.89,5.84,5.76,852700.0,10219489.0
2012-01-31,5.80,5.84,5.81,5.73,472611.0,5645194.0
2012-01-30,5.87,5.87,5.76,5.69,493180.0,5853113.0
2012-01-20,5.65,5.81,5.80,5.62,977022.0,11525307.0
2012-01-19,5.58,5.65,5.59,5.56,996510.0,11478834.0
2012-01-18,5.59,5.67,5.58,5.51,979927.0,11263282.0
2012-01-17,5.22,5.60,5.59,5.22,1402324.0,15823027.0
2012-01-16,5.44,5.54,5.26,5.11,849420.0,9516271.0
2012-01-13,5.69,5.71,5.56,5.48,1216301.0,13976081.0
2012-01-12,5.63,5.78,5.68,5.63,808818.0,9512812.0
2012-01-11,5.59,5.82,5.67,5.55,1498767.0,17579280.0
2012-01-10,5.46,5.75,5.70,5.42,2499791.0,28764260.0
2012-01-09,5.33,5.53,5.46,5.21,3058051.0,33808864.0
2012-01-06,5.58,5.66,5.36,5.11,1625938.0,17925404.0
2012-01-05,5.66,5.78,5.61,5.58,963693.0,11202063.0
2012-01-04,5.93,6.05,5.80,5.80,1047011.0,12732044.0
2011-12-30,5.77,5.85,5.80,5.71,1196944.0,14224732.0
2011-12-29,5.73,5.89,5.78,5.70,1363164.0,16225180.0
2011-12-28,5.87,5.97,5.80,5.63,1752406.0,20746832.0
2011-12-27,6.06,6.06,5.95,5.83,2144058.0,26050744.0
2011-12-26,6.02,6.14,6.02,5.95,1069869.0,13310819.0
2011-12-23,5.95,6.23,6.09,5.95,2525638.0,31373764.0
2011-12-22,6.27,6.46,6.20,6.10,4914447.0,63357692.0
2011-12-21,5.93,6.45,6.26,5.88,5733454.0,74034904.0
2011-12-20,5.78,5.99,5.86,5.59,822601.0,10034959.0
2011-12-19,5.79,5.93,5.92,5.59,1503928.0,17842274.0
2011-12-16,5.81,5.85,5.79,5.67,1872233.0,22118176.0
2011-12-15,5.83,5.89,5.77,5.55,2290426.0,26831344.0
2011-12-14,6.27,6.39,5.86,5.82,2766100.0,34694824.0
2011-12-13,6.61,6.61,6.26,6.14,2975454.0,38842816.0
2011-12-12,6.73,6.79,6.61,6.60,1510544.0,20863680.0
2011-12-09,6.79,6.88,6.78,6.71,786811.0,10946501.0
2011-12-08,6.85,6.92,6.79,6.73,780559.0,10917558.0
2011-12-07,6.84,6.89,6.88,6.75,1183635.0,16636674.0
2011-12-06,6.75,6.87,6.83,6.74,873666.0,12239435.0
2011-12-05,6.88,6.95,6.77,6.61,1981100.0,27539178.0
2011-12-02,7.07,7.07,6.90,6.86,2563090.0,36454656.0
2011-12-01,7.03,7.21,7.07,6.97,2716573.0,39656312.0
2011-11-30,7.19,7.21,6.91,6.86,3141084.0,45279900.0
2011-11-29,7.27,7.29,7.20,7.17,3376316.0,50262736.0
2011-11-28,7.08,7.21,7.20,7.08,4180424.0,61702788.0
2011-11-25,7.06,7.07,7.06,7.00,1823875.0,26444688.0
2011-11-24,6.85,7.06,7.03,6.83,1204508.0,17372618.0
2011-11-23,7.00,7.14,7.02,6.99,2495551.0,36298024.0
2011-11-22,6.90,7.08,6.99,6.85,2165377.0,31133442.0
2011-11-21,6.81,6.95,6.91,6.81,1411676.0,20067100.0
2011-11-18,6.94,6.97,6.91,6.78,2825467.0,39854612.0
2011-11-17,6.94,7.03,6.97,6.93,1709442.0,24523388.0
2011-11-16,6.96,7.07,6.94,6.90,3127201.0,44908224.0
2011-11-15,6.91,6.97,6.96,6.89,1329824.0,18986644.0
2011-11-14,6.93,6.99,6.93,6.91,2239711.0,32016332.0
2011-11-11,6.91,7.00,6.91,6.90,1107394.0,15835547.0
2011-11-10,6.98,7.00,6.94,6.88,1896423.0,27157198.0
2011-11-09,6.85,6.96,6.95,6.80,2294968.0,32428004.0
2011-11-08,6.90,7.00,6.85,6.85,2507204.0,35789480.0
2011-11-07,6.79,7.13,6.96,6.77,5901546.0,85124640.0
2011-11-04,6.71,6.82,6.79,6.70,3194429.0,44459272.0
2011-11-03,6.77,6.86,6.75,6.70,5256815.0,73569280.0
2011-11-02,6.57,6.77,6.73,6.57,2992964.0,41178484.0
2011-11-01,6.60,6.70,6.69,6.54,3222694.0,44072900.0
2011-10-31,6.56,6.64,6.63,6.47,1498283.0,20281056.0
2011-10-28,6.51,6.60,6.56,6.47,1788652.0,24049492.0
2011-10-27,6.46,6.67,6.46,6.41,2542264.0,34266808.0
2011-10-26,6.33,6.44,6.42,6.20,1778448.0,23144788.0
2011-10-25,6.26,6.36,6.33,6.11,1546502.0,19832120.0
2011-10-24,6.32,6.36,6.25,6.08,2073273.0,26471220.0
2011-10-21,6.50,6.51,6.33,6.33,1565674.0,20680000.0
2011-10-20,6.48,6.59,6.47,6.45,2278063.0,30439230.0
2011-10-19,6.54,6.61,6.56,6.46,1417316.0,19083764.0
2011-10-18,6.54,6.67,6.58,6.50,2598815.0,35098644.0
2011-10-17,6.45,6.63,6.61,6.39,3338221.0,45181608.0
2011-10-14,6.41,6.51,6.40,6.36,1366772.0,18072432.0
2011-10-13,6.50,6.55,6.49,6.43,1740969.0,23308684.0
2011-10-12,6.31,6.53,6.49,6.29,2156611.0,28653906.0
2011-10-11,6.40,6.44,6.36,6.29,1182641.0,15491726.0
2011-10-10,6.34,6.41,6.33,6.29,1488756.0,19536552.0
2011-09-30,6.20,6.33,6.32,6.19,1173942.0,15085801.0
2011-09-29,6.18,6.29,6.19,6.17,1586376.0,20269548.0
2011-09-28,6.34,6.36,6.27,6.18,1503301.0,19409180.0
2011-09-27,6.27,6.36,6.33,6.22,1099307.0,14284369.0
2011-09-26,6.24,6.30,6.24,6.15,1155278.0,14800111.0
2011-09-23,6.14,6.25,6.22,6.12,922082.0,11723396.0
2011-09-22,6.34,6.39,6.25,6.24,1903200.0,24716828.0
2011-09-21,6.27,6.44,6.42,6.23,3314207.0,43469512.0
2011-09-20,6.10,6.32,6.27,6.02,3300263.0,42385324.0
2011-09-19,5.99,6.14,6.10,5.93,2182107.0,27254412.0
2011-09-16,6.01,6.05,6.03,5.98,1096000.0,13559988.0
2011-09-15,5.93,5.99,5.98,5.90,1426886.0,17491012.0
2011-09-14,5.88,5.95,5.93,5.84,1584331.0,19220644.0
2011-09-13,6.01,6.01,5.87,5.85,1517797.0,18384172.0
2011-09-09,6.12,6.13,6.02,6.01,1056200.0,13203850.0
2011-09-08,6.18,6.20,6.11,6.08,1606250.0,20297156.0
2011-09-07,6.04,6.13,6.12,5.97,1763847.0,21986598.0
2011-09-06,5.97,6.07,5.99,5.93,2424361.0,29831840.0
2011-09-05,6.12,6.21,5.97,5.94,4489043.0,56316008.0
2011-09-02,6.53,6.64,6.35,6.32,5584200.0,74231192.0
2011-09-01,6.35,6.44,6.30,6.28,3269588.0,42798800.0
2011-08-31,6.27,6.36,6.35,6.21,2952859.0,38064828.0
2011-08-30,6.35,6.39,6.23,6.23,3373450.0,43899920.0
2011-08-29,6.34,6.39,6.31,6.24,6408524.0,83037760.0
2011-08-26,6.34,6.41,6.37,6.31,1800619.0,23563760.0
2011-08-25,6.22,6.36,6.35,6.17,2136233.0,27760696.0
2011-08-24,6.27,6.36,6.25,6.23,2404352.0,31178518.0
2011-08-23,6.18,6.27,6.23,6.14,2377835.0,30311272.0
2011-08-22,6.15,6.26,6.18,6.14,1548454.0,19720908.0
2011-08-19,6.19,6.29,6.25,6.13,1899039.0,24236300.0
2011-08-18,6.33,6.36,6.27,6.21,3761408.0,48406416.0
2011-08-17,6.37,6.43,6.33,6.30,2511358.0,32839096.0
2011-08-16,6.45,6.55,6.37,6.34,3881373.0,51390104.0
2011-08-15,6.44,6.45,6.44,6.35,2996190.0,39538856.0
2011-08-12,6.49,6.56,6.39,6.36,3345907.0,44284748.0
2011-08-11,6.21,6.40,6.38,6.17,3979401.0,51628920.0
2011-08-10,6.37,6.46,6.39,6.32,3047341.0,40086420.0
2011-08-09,6.06,6.31,6.24,5.83,3641050.0,45962084.0
2011-08-08,6.93,6.94,6.40,6.37,5949766.0,80938704.0
2011-08-05,7.00,7.08,7.07,6.91,2750823.0,39776488.0
2011-08-04,7.15,7.29,7.18,7.15,4415946.0,65472144.0
2011-08-03,7.26,7.32,7.20,7.16,5024260.0,74818912.0
2011-08-02,7.07,7.32,7.26,6.99,8913047.0,132513720.0
2011-08-01,6.87,7.10,7.10,6.87,2426226.0,35157000.0
2011-07-29,7.11,7.12,6.87,6.84,2425339.0,34915416.0
2011-07-28,7.02,7.08,7.06,6.97,2448394.0,35392752.0
2011-07-27,6.95,7.09,7.07,6.90,2993402.0,43333576.0
2011-07-26,6.86,7.05,6.98,6.86,2655260.0,38078748.0
2011-07-25,7.07,7.21,6.88,6.86,6036835.0,87804216.0
2011-07-22,7.06,7.17,7.05,6.99,3853476.0,56086312.0
2011-07-21,7.17,7.17,7.05,7.01,3697663.0,53736652.0
2011-07-20,7.21,7.22,7.13,7.07,3747969.0,55087480.0
2011-07-19,7.14,7.24,7.15,7.10,4717594.0,69712176.0
2011-07-18,7.11,7.27,7.14,7.09,4246627.0,62651720.0
2011-07-15,7.17,7.23,7.15,7.04,5834277.0,85501272.0
2011-07-14,6.92,7.31,7.22,6.92,14840803.0,219322560.0
2011-07-13,6.68,6.84,6.83,6.68,2191126.0,30627988.0
2011-07-12,6.83,6.83,6.68,6.63,3167400.0,44019404.0
2011-07-11,6.80,6.91,6.88,6.73,4191414.0,58987436.0
2011-07-08,6.61,6.83,6.83,6.60,5829378.0,80791344.0
2011-07-07,6.72,6.79,6.60,6.56,3734981.0,51651764.0
2011-07-06,6.74,6.77,6.76,6.68,2501775.0,34602512.0
2011-07-05,6.70,6.77,6.76,6.65,4695168.0,64800432.0
2011-07-04,6.59,6.72,6.69,6.59,3123434.0,42859928.0
2011-07-01,6.66,6.68,6.58,6.58,2030370.0,27720656.0
2011-06-30,6.51,6.73,6.66,6.50,2941948.0,40226128.0
2011-06-29,6.55,6.68,6.49,6.49,2791332.0,37955800.0
2011-06-28,6.52,6.60,6.57,6.49,2283049.0,30769016.0
2011-06-27,6.47,6.57,6.52,6.47,3541380.0,47487392.0
2011-06-24,6.34,6.61,6.51,6.34,2474326.0,32981932.0
2011-06-23,6.26,6.40,6.38,6.14,1958279.0,25310224.0
2011-06-22,6.31,6.33,6.23,6.22,1157704.0,14929532.0
2011-06-21,6.16,6.37,6.33,6.16,807636.0,10476342.0
2011-06-20,6.27,6.31,6.25,6.12,1911296.0,24387084.0
2011-06-17,6.59,6.63,6.30,6.29,3396121.0,45075648.0
2011-06-16,6.61,6.70,6.59,6.51,2535883.0,34478336.0
2011-06-15,6.45,6.76,6.66,6.42,5263950.0,72008944.0
2011-06-14,6.34,6.50,6.45,6.31,1856010.0,24611234.0
2011-06-13,6.36,6.43,6.41,6.31,922519.0,12119316.0
2011-06-10,6.44,6.44,6.41,6.27,1239642.0,16221619.0
2011-06-09,6.50,6.53,6.33,6.31,1561459.0,20731288.0
2011-06-08,6.57,6.64,6.47,6.46,1663710.0,22325920.0
2011-06-07,6.60,6.68,6.57,6.54,852911.0,11587992.0
2011-06-03,6.44,6.66,6.60,6.44,1324150.0,17981322.0
2011-06-02,6.48,6.59,6.46,6.36,1195637.0,15951581.0
2011-06-01,6.39,6.61,6.55,6.39,1789386.0,24087802.0
2011-05-31,6.36,6.52,6.51,6.31,1227688.0,16272163.0
2011-05-30,6.28,6.42,6.36,6.14,1872966.0,24424930.0
2011-05-27,6.62,6.63,6.28,6.27,1795180.0,23751252.0
2011-05-26,6.61,6.69,6.60,6.54,1294899.0,17626632.0
2011-05-25,6.66,6.71,6.57,6.54,1224348.0,16690818.0
2011-05-24,6.79,6.79,6.66,6.48,2766880.0,37611224.0
2011-05-23,7.15,7.15,6.79,6.76,2365375.0,33447212.0
2011-05-19,6.95,7.14,7.07,6.95,2888616.0,42002600.0
2011-05-18,6.98,7.02,6.97,6.94,1436864.0,20625620.0
2011-05-17,6.90,7.05,6.97,6.79,2375206.0,33875012.0
2011-05-16,6.85,6.95,6.90,6.85,1659965.0,23594124.0
2011-05-13,6.93,7.00,6.90,6.73,3714045.0,52300476.0
2011-05-12,7.16,7.16,6.92,6.88,3548754.0,51360068.0
2011-05-11,7.20,7.27,7.19,7.15,2671958.0,39761912.0
2011-05-10,7.19,7.25,7.22,7.11,2347850.0,34665968.0
2011-05-09,7.03,7.24,7.20,7.00,3076546.0,45273212.0
2011-05-06,7.04,7.12,7.03,6.89,2333338.0,33585908.0
2011-05-05,7.00,7.13,7.04,6.95,1902832.0,27586506.0
2011-05-04,7.34,7.34,7.03,6.97,4629401.0,67740976.0
2011-05-03,7.14,7.33,7.33,7.07,3093815.0,46159752.0
2011-04-29,7.26,7.42,7.17,6.85,3700921.0,54348860.0
2011-04-28,7.34,7.62,7.24,7.20,5824031.0,88928200.0
2011-04-27,7.53,7.71,7.40,7.20,6016215.0,92167216.0
2011-04-26,7.58,7.58,7.50,7.33,4433424.0,67970288.0
2011-04-25,7.72,7.87,7.61,7.56,5498457.0,87153376.0
2011-04-22,7.63,7.77,7.70,7.55,4367043.0,68926992.0
2011-04-21,7.68,7.78,7.67,7.61,5748153.0,90995368.0
2011-04-20,7.23,7.82,7.69,7.22,10828013.0,168143888.0
2011-04-19,7.22,7.25,7.21,7.02,4894829.0,72201792.0
2011-04-18,7.31,7.41,7.24,7.19,4737700.0,71054160.0
2011-04-15,7.46,7.50,7.31,7.17,6512337.0,97381432.0
2011-04-14,7.49,7.52,7.45,7.34,4191673.0,64341348.0
2011-04-13,7.40,7.51,7.47,7.32,3705374.0,56581464.0
2011-04-12,7.22,7.45,7.43,7.20,7431619.0,112878944.0
2011-04-11,7.36,7.60,7.28,7.16,9024876.0,137137968.0
2011-04-08,7.14,7.37,7.30,7.10,8118571.0,121644912.0
2011-04-07,7.04,7.18,7.11,7.00,4825086.0,70716728.0
2011-04-06,6.86,7.14,7.09,6.84,5875024.0,85152600.0
2011-04-01,6.71,6.90,6.86,6.71,2193861.0,30753324.0
2011-03-31,6.89,7.00,6.72,6.70,3876994.0,54368856.0
2011-03-30,6.93,6.98,6.97,6.63,6246084.0,87738504.0
2011-03-29,6.96,7.04,6.93,6.87,4907031.0,70142176.0
2011-03-28,7.15,7.24,6.94,6.94,8865777.0,128877360.0
2011-03-25,7.19,7.36,7.16,7.15,7668774.0,114190536.0
2011-03-24,7.17,7.38,7.23,7.05,11105589.0,165801296.0
2011-03-23,7.14,7.19,7.12,7.05,6031623.0,88490352.0
2011-03-22,6.97,7.17,7.13,6.83,8320093.0,120749952.0
2011-03-21,6.86,7.03,7.00,6.81,5733048.0,82157240.0
2011-03-18,6.95,7.06,6.91,6.80,6316037.0,89855248.0
2011-03-17,7.01,7.19,6.92,6.88,7987744.0,115296008.0
2011-03-16,6.98,7.09,7.09,6.83,10057726.0,144267424.0
2011-03-15,6.90,7.06,6.98,6.80,19035856.0,272271648.0
2011-03-14,6.42,7.03,6.88,6.37,17265960.0,239736992.0
2011-03-11,6.49,6.50,6.42,6.34,7936332.0,105042552.0
2011-03-10,6.46,6.54,6.50,6.42,4078941.0,54249136.0
2011-03-09,6.57,6.61,6.49,6.46,4916008.0,65843300.0
2011-03-08,6.56,6.60,6.58,6.48,3664475.0,49203540.0
2011-03-07,6.53,6.61,6.58,6.51,4371451.0,59125464.0
2011-03-04,6.40,6.52,6.51,6.39,2849537.0,37873524.0
2011-03-03,6.65,6.65,6.40,6.31,6557641.0,87594000.0
2011-03-02,6.55,6.67,6.65,6.50,8922485.0,121157328.0
2011-03-01,6.49,6.53,6.49,6.40,4985051.0,66337940.0
2011-02-28,6.41,6.48,6.44,6.35,3146097.0,41597644.0
2011-02-25,6.28,6.44,6.36,6.26,4942539.0,64473056.0
2011-02-23,6.36,6.42,6.32,6.25,4713739.0,61598252.0
2011-02-22,6.66,6.66,6.35,6.35,6364355.0,84911280.0
2011-02-21,6.57,6.69,6.66,6.51,5947651.0,80906744.0
2011-02-18,6.44,6.68,6.56,6.44,6577091.0,88975656.0
2011-02-17,6.49,6.50,6.46,6.35,3980103.0,52592840.0
2011-02-16,6.35,6.52,6.48,6.35,5205780.0,69184312.0
2011-02-15,6.31,6.48,6.34,6.25,5693088.0,74819984.0
2011-02-14,6.23,6.34,6.27,6.18,4805207.0,61754232.0
2011-02-11,6.12,6.18,6.14,6.07,3609410.0,45577344.0
2011-02-10,5.89,6.14,6.12,5.88,4331205.0,54135856.0
2011-02-09,5.99,6.04,5.90,5.89,2333927.0,28668632.0
2011-02-01,6.02,6.05,5.99,5.95,1659281.0,20480472.0
2011-01-31,5.94,6.06,6.04,5.90,2901465.0,35627504.0
2011-01-28,5.95,5.97,5.94,5.89,2573311.0,31363030.0
2011-01-27,5.80,5.97,5.97,5.75,3294657.0,39845272.0
2011-01-26,5.78,5.85,5.83,5.72,1643288.0,19637966.0
2011-01-25,5.83,5.83,5.78,5.59,2320463.0,27212298.0
2011-01-24,5.80,5.87,5.76,5.75,1533167.0,18332444.0
2011-01-21,5.73,5.87,5.79,5.70,1853281.0,22078472.0
2011-01-20,5.97,6.02,5.78,5.77,2181305.0,26407840.0
2011-01-19,5.92,6.04,6.02,5.87,1999674.0,24554054.0
2011-01-18,5.83,5.92,5.91,5.78,1581287.0,19119980.0
2011-01-17,6.02,6.07,5.87,5.77,3798321.0,45932576.0
2011-01-14,6.31,6.31,6.07,6.05,2618783.0,33243420.0
2011-01-13,6.24,6.37,6.29,6.22,2289451.0,29762194.0
2011-01-12,6.26,6.28,6.23,6.16,2082680.0,26667138.0
2011-01-11,6.21,6.28,6.26,6.10,3430348.0,43654696.0
2011-01-10,6.59,6.59,6.22,6.21,7974970.0,104526560.0
2011-01-07,6.60,6.67,6.59,6.57,3690537.0,50274480.0
2011-01-06,6.76,6.79,6.58,6.56,4903064.0,66934140.0
2011-01-05,6.79,6.88,6.76,6.71,4601654.0,64315684.0
2011-01-04,6.85,6.88,6.83,6.72,4582571.0,64279380.0
