date,open,high,close,low,volume,amount
2015-11-27,13.33,13.39,12.32,12.20,22116044.0,283146944.0
2015-11-26,13.60,13.90,13.41,13.39,17063400.0,232711120.0
2015-11-25,13.40,13.60,13.60,13.28,17929756.0,241465888.0
2015-11-24,13.31,13.46,13.41,13.07,12882678.0,170767536.0
2015-11-23,13.28,13.53,13.30,13.10,17509396.0,232765776.0
2015-11-20,13.30,13.39,13.27,13.07,21083490.0,278571456.0
2015-11-19,13.31,13.41,13.30,13.12,13465050.0,178481120.0
2015-11-18,13.39,13.57,13.15,13.11,11161269.0,149069248.0
2015-11-17,13.86,13.95,13.37,13.36,19866398.0,271164448.0
2015-11-16,13.49,13.75,13.74,13.30,10089559.0,136621744.0
2015-11-13,14.08,14.08,13.78,13.58,12728335.0,175792448.0
2015-11-12,13.91,14.28,14.15,13.80,21869280.0,307931712.0
2015-11-11,13.74,13.98,13.94,13.55,18691452.0,257674592.0
2015-11-10,13.70,13.90,13.69,13.60,14712962.0,202024256.0
2015-11-09,13.97,13.97,13.85,13.30,18647448.0,256453696.0
2015-11-06,13.60,14.06,13.91,13.51,17185506.0,238501504.0
2015-11-05,13.70,13.88,13.50,13.45,22347548.0,305223040.0
2015-11-04,13.15,13.80,13.79,13.03,23496116.0,317661472.0
2015-11-03,13.59,13.99,13.42,13.28,12295001.0,167186480.0
2015-11-02,13.60,14.38,13.54,13.33,20553330.0,286134016.0
2015-10-30,14.40,14.51,13.95,13.90,31764660.0,453687968.0
2015-10-29,13.80,13.98,13.72,13.00,16490563.0,224366992.0
2015-10-28,13.65,14.18,13.59,13.44,34493936.0,476332480.0
2015-10-27,13.25,13.55,13.40,12.70,16849768.0,221263248.0
2015-10-26,13.85,13.89,13.46,13.18,26407936.0,355176096.0
2015-10-23,12.98,13.60,13.44,12.85,40301464.0,536794752.0
2015-10-22,11.96,13.05,13.00,11.82,34852752.0,435308160.0
2015-10-21,12.60,12.99,11.89,11.85,24110254.0,300091456.0
2015-10-20,12.30,12.74,12.64,12.18,21136220.0,264695232.0
2015-10-19,12.20,12.50,12.37,12.15,21128700.0,260294176.0
2015-10-16,12.26,12.34,12.17,11.95,18539550.0,224674000.0
2015-10-15,11.71,12.16,12.12,11.68,13826606.0,165646464.0
2015-10-14,11.99,12.08,11.76,11.70,12953256.0,153702624.0
2015-10-13,11.81,12.30,12.05,11.73,20710014.0,249087312.0
2015-10-12,11.75,12.32,11.90,11.65,39950412.0,477708320.0
2015-10-09,11.98,11.98,11.75,11.51,13909058.0,163804016.0
2015-10-08,11.58,11.92,11.69,11.39,19821804.0,231546784.0
2015-09-30,11.25,11.40,11.08,11.01,7950175.0,88205872.0
2015-09-29,11.26,11.60,11.22,11.12,11852613.0,134711088.0
2015-09-28,10.95,11.58,11.39,10.88,10240686.0,116267656.0
2015-09-25,11.21,11.30,10.99,10.83,8111662.0,89287816.0
2015-09-24,11.30,11.42,11.32,11.21,5408285.0,61148676.0
2015-09-23,11.24,11.47,11.12,11.07,11290715.0,127001680.0
2015-09-22,11.19,11.79,11.54,11.19,24056104.0,278084352.0
2015-09-21,10.45,11.15,11.10,10.38,9710881.0,105491352.0
2015-09-18,10.69,10.75,10.57,10.37,6777204.0,71469288.0
2015-09-17,10.72,11.15,10.56,10.51,13020769.0,141073104.0
2015-09-16,10.02,10.98,10.84,9.98,10731229.0,111734976.0
2015-09-15,10.00,10.25,9.98,9.88,9856966.0,99072048.0
2015-09-14,11.23,11.28,10.06,10.03,11811563.0,124376816.0
2015-09-11,11.23,11.34,11.12,10.91,7447974.0,82857688.0
2015-09-10,11.20,11.38,11.20,11.10,8172181.0,91914264.0
2015-09-09,11.17,11.48,11.39,11.01,17452732.0,197379264.0
2015-09-08,10.63,11.18,11.12,10.32,9396163.0,101180888.0
2015-09-07,10.67,11.04,10.60,10.50,10362239.0,111764352.0
2015-09-02,9.70,10.60,10.47,9.61,17341364.0,177890016.0
2015-09-01,11.19,11.19,10.08,10.01,18975004.0,196793392.0
2015-08-31,11.50,11.57,11.12,11.02,15026218.0,169413568.0
2015-08-28,11.21,11.77,11.68,11.12,17341468.0,196890000.0
2015-08-27,10.80,11.09,11.00,10.40,16576978.0,179459776.0
2015-08-26,10.60,10.99,10.44,9.71,24361162.0,255284912.0
2015-08-25,10.65,11.33,10.29,10.29,19980648.0,213219392.0
2015-08-24,12.08,12.50,11.43,11.43,21167684.0,247995040.0
2015-08-21,13.15,13.46,12.70,12.51,17291216.0,224044128.0
2015-08-20,13.72,13.95,13.31,13.30,13135647.0,178714224.0
2015-08-19,12.90,13.88,13.85,12.61,20654240.0,274544512.0
2015-08-18,14.61,14.90,13.20,13.17,28955056.0,410968384.0
2015-08-17,14.30,14.62,14.60,14.00,20783522.0,297494944.0
2015-08-14,14.88,14.96,14.48,14.30,28720676.0,419100384.0
2015-08-13,13.63,14.45,14.44,13.52,22947900.0,323212384.0
2015-08-12,13.71,14.06,13.73,13.70,13628383.0,188794480.0
2015-08-11,14.20,14.32,14.06,13.88,19662162.0,277935168.0
2015-08-10,13.80,14.44,14.24,13.66,21839616.0,306018240.0
2015-08-07,13.13,13.67,13.63,13.13,15700331.0,210870832.0
2015-08-06,12.77,13.27,13.08,12.61,11197809.0,145841152.0
2015-08-05,13.30,13.66,13.17,13.07,18961522.0,253280928.0
2015-08-04,12.55,13.30,13.28,12.44,19660440.0,254705296.0
2015-08-03,13.10,13.25,12.44,12.13,24707858.0,311150848.0
2015-07-31,13.68,13.90,13.48,13.30,16045248.0,217812000.0
2015-07-30,14.51,14.78,13.80,13.73,29592624.0,424641184.0
2015-07-29,14.03,14.75,14.74,13.73,20789914.0,293063360.0
2015-07-28,13.71,14.38,13.88,12.70,33534016.0,457058592.0
2015-07-27,15.08,16.17,14.01,14.00,34997332.0,529689952.0
2015-07-24,16.20,16.48,15.56,15.48,33680064.0,540509056.0
2015-07-23,15.12,16.61,16.29,14.95,38335328.0,600811392.0
2015-07-22,14.81,15.38,15.22,14.71,27239820.0,409878336.0
2015-07-21,14.80,15.05,14.83,14.58,27253932.0,402849504.0
2015-07-20,15.00,15.50,15.09,14.57,40176076.0,607315776.0
2015-07-17,13.81,15.04,14.97,13.70,40994408.0,595411904.0
2015-07-16,12.97,13.84,13.70,11.90,36658360.0,484932992.0
2015-07-15,14.22,14.22,12.97,12.93,60697872.0,835099328.0
2015-07-14,12.93,12.93,12.93,12.93,550566.0,7118818.0
2015-07-13,11.75,11.75,11.75,11.75,301358.0,3540957.0
2015-07-08,10.17,11.20,10.68,10.17,66954036.0,712315136.0
2015-07-07,12.00,12.30,11.30,11.30,26782666.0,310992096.0
2015-07-06,13.22,13.22,12.56,11.26,36928612.0,457591584.0
2015-07-03,12.15,13.30,12.02,11.21,35048788.0,423980384.0
2015-07-02,13.40,13.54,12.46,12.01,29159376.0,375276032.0
2015-07-01,13.64,14.40,13.09,12.94,41552840.0,575309312.0
2015-06-30,12.36,13.54,13.54,11.98,36983644.0,475132544.0
2015-06-29,13.13,13.28,12.31,11.48,38674952.0,482614592.0
2015-06-26,13.81,13.81,12.75,12.75,29941914.0,393636832.0
2015-06-25,15.12,15.18,14.17,13.92,23669032.0,347574368.0
2015-06-24,14.91,15.12,15.08,14.45,28488452.0,423545856.0
2015-06-23,14.25,14.78,14.75,13.11,26586980.0,376608672.0
2015-06-19,15.51,15.58,14.22,14.21,22201194.0,330420160.0
2015-06-18,16.33,16.69,15.79,15.70,18915284.0,307381376.0
2015-06-17,16.11,16.50,16.47,15.52,22508450.0,361294688.0
2015-06-16,17.00,17.15,16.17,16.00,26440004.0,437078944.0
2015-06-15,18.01,18.09,17.21,16.90,36145656.0,627925952.0
2015-06-12,18.23,18.42,18.09,18.04,29403144.0,534759712.0
2015-06-11,17.50,18.50,18.24,17.43,39017928.0,705638272.0
2015-06-10,17.30,17.93,17.64,17.09,28794246.0,507755072.0
2015-06-09,17.29,17.74,17.54,16.99,22598696.0,393314208.0
2015-06-08,17.65,17.68,17.30,17.06,31165708.0,539218688.0
2015-06-05,17.97,18.27,17.83,17.28,39787192.0,706841984.0
2015-06-04,18.50,18.50,17.91,16.73,42065760.0,737550400.0
2015-06-03,18.05,19.50,18.59,17.83,47271448.0,877696128.0
2015-06-02,18.80,19.18,18.05,17.50,65128492.0,1186290816.0
2015-06-01,16.86,18.13,18.13,16.86,74489760.0,1333234688.0
2015-05-29,16.00,16.88,16.48,14.88,74451488.0,1200217984.0
2015-05-28,15.98,16.49,15.72,15.54,56702804.0,930959936.0
2015-05-27,14.91,15.04,14.99,14.55,36175124.0,540008768.0
2015-05-26,14.85,15.19,14.91,14.49,44901872.0,673646208.0
2015-05-25,13.93,14.67,14.65,13.86,45381752.0,657083392.0
2015-05-22,14.43,14.43,14.07,13.86,38658968.0,549039040.0
2015-05-21,13.61,14.19,14.15,13.51,32079750.0,449120736.0
2015-05-20,13.86,14.22,13.65,13.45,36287260.0,510860512.0
2015-05-19,13.31,13.83,13.76,13.19,31114094.0,429466752.0
2015-05-18,13.11,13.61,13.33,13.11,26103388.0,353008608.0
2015-05-15,12.89,13.51,13.27,12.79,33279854.0,445091200.0
2015-05-14,13.05,13.16,12.96,12.86,16588568.0,217725024.0
2015-05-13,12.87,13.33,13.12,12.66,28520404.0,376052480.0
2015-05-12,12.85,12.96,12.88,12.63,24699696.0,319299904.0
2015-05-11,12.45,12.81,12.80,12.37,20176852.0,257301600.0
2015-05-08,12.02,12.36,12.34,11.87,18962950.0,231881216.0
2015-05-07,12.30,12.33,11.83,11.77,18867234.0,229360704.0
2015-05-06,12.78,13.04,12.36,12.28,20367864.0,261689152.0
2015-05-05,13.40,13.40,12.74,12.72,22494036.0,296833408.0
2015-05-04,13.38,13.49,13.45,13.10,18434864.0,248214032.0
2015-04-30,13.57,13.90,13.41,13.36,19722232.0,270956096.0
2015-04-29,13.25,13.63,13.61,13.19,18829076.0,257115936.0
2015-04-28,13.93,14.19,13.35,13.14,30090988.0,413688352.0
2015-04-27,14.24,14.57,13.95,13.80,38062152.0,541996800.0
2015-04-24,13.28,14.31,14.16,13.18,47377144.0,660227584.0
2015-04-23,13.36,13.80,13.47,13.35,35623464.0,488967296.0
2015-04-22,13.44,13.45,13.26,13.07,33136990.0,442983264.0
2015-04-21,12.51,13.17,13.16,12.51,22289088.0,289506016.0
2015-04-20,12.83,13.20,12.56,12.48,30067304.0,388075296.0
2015-04-17,13.27,13.43,12.92,12.84,29716552.0,391858880.0
2015-04-16,13.00,13.41,13.08,12.50,24716788.0,325516288.0
2015-04-15,13.45,13.90,13.09,13.03,34986460.0,475745248.0
2015-04-14,12.81,14.00,13.49,12.57,45416928.0,618164928.0
2015-04-13,12.28,12.96,12.74,12.22,38662704.0,494252192.0
2015-04-10,12.01,12.40,12.31,11.82,25275072.0,311926560.0
2015-04-09,12.46,12.46,12.10,11.61,35139860.0,427434752.0
2015-04-08,13.02,13.12,12.49,12.37,40951728.0,524039424.0
2015-04-07,12.66,13.15,13.00,12.61,47112048.0,612924928.0
2015-04-03,12.32,12.64,12.49,12.18,39336880.0,495554976.0
2015-04-02,12.17,12.52,12.37,12.14,37589788.0,468015680.0
2015-04-01,12.12,12.35,12.33,11.98,38591712.0,474738400.0
2015-03-31,12.12,12.60,12.24,12.05,51798784.0,644750272.0
2015-03-30,12.10,12.23,12.12,11.97,38895616.0,476249440.0
2015-03-27,12.14,12.22,12.09,11.88,29904700.0,363980896.0
2015-03-26,12.16,12.41,12.14,11.89,45524140.0,556031232.0
2015-03-25,12.27,12.66,12.30,11.95,102228368.0,1267179520.0
2015-03-24,11.60,11.60,11.60,11.60,4320116.0,50674960.0
2015-03-23,10.54,10.54,10.54,10.54,867994.0,9252816.0
2015-02-03,9.31,9.60,9.59,9.30,10642109.0,102097024.0
2015-02-02,9.24,9.45,9.31,9.13,5837775.0,54930024.0
2015-01-30,9.53,9.56,9.35,9.34,5844008.0,55618508.0
2015-01-29,9.50,9.59,9.55,9.36,7131716.0,68445736.0
2015-01-28,9.38,9.61,9.58,9.33,13780521.0,132813240.0
2015-01-27,9.46,9.53,9.39,9.27,8979931.0,85100312.0
2015-01-26,9.28,9.54,9.49,9.27,9586554.0,91668744.0
2015-01-23,9.38,9.49,9.30,9.25,10456288.0,99102920.0
2015-01-22,9.34,9.45,9.37,9.30,9813355.0,93138768.0
2015-01-21,9.20,9.42,9.33,9.08,20069840.0,188100368.0
2015-01-20,8.98,9.14,9.12,8.91,9989434.0,91627544.0
2015-01-19,8.87,9.16,8.89,8.75,12354554.0,112463120.0
2015-01-16,8.89,9.04,8.96,8.89,4970532.0,45023916.0
2015-01-15,9.00,9.00,8.90,8.87,5487076.0,49478352.0
2015-01-14,9.00,9.08,8.94,8.92,6071866.0,55222080.0
2015-01-13,8.69,9.03,8.98,8.68,7953192.0,71662360.0
2015-01-12,8.62,8.81,8.73,8.56,6693186.0,58612876.0
2015-01-09,8.93,9.03,8.75,8.72,8459576.0,76431424.0
2015-01-08,8.90,9.04,8.92,8.88,5826034.0,52734396.0
2015-01-07,9.03,9.06,8.90,8.86,7111481.0,64127116.0
2015-01-06,8.76,9.16,9.06,8.69,12909843.0,117105568.0
2015-01-05,8.63,8.82,8.80,8.58,7837180.0,69172664.0
2014-12-31,8.60,8.72,8.64,8.41,6286029.0,54288936.0
2014-12-30,8.66,8.77,8.59,8.56,6351885.0,55541500.0
2014-12-29,8.87,8.88,8.64,8.56,9083199.0,79704912.0
2014-12-26,8.80,8.93,8.85,8.71,7229974.0,64675304.0
2014-12-25,8.81,8.81,8.77,8.69,7932238.0,70063520.0
2014-12-24,8.59,8.89,8.83,8.59,7607523.0,67706096.0
2014-12-23,8.44,8.76,8.59,8.43,8825831.0,77411776.0
2014-12-22,8.80,8.80,8.49,8.38,14735938.0,126506624.0
2014-12-19,9.12,9.12,8.85,8.79,15584789.0,140363920.0
2014-12-18,9.19,9.27,9.12,9.06,11483757.0,105873584.0
2014-12-17,9.44,9.44,9.18,9.06,12752605.0,118905736.0
2014-12-16,9.55,9.59,9.39,9.37,11753881.0,111918960.0
2014-12-15,9.31,9.61,9.57,9.29,12393135.0,118942760.0
2014-12-12,9.35,9.41,9.36,9.29,7935551.0,74871112.0
2014-12-11,9.29,9.38,9.36,9.20,10573576.0,99329712.0
2014-12-10,9.03,9.37,9.31,9.03,9878225.0,92360880.0
2014-12-09,9.42,9.43,9.09,9.06,20278176.0,189550272.0
2014-12-08,9.50,9.57,9.42,9.33,18304004.0,174144640.0
2014-12-05,9.96,9.96,9.55,9.45,22206312.0,216095120.0
2014-12-04,9.79,9.97,9.94,9.77,18930400.0,189536224.0
2014-12-03,9.62,9.79,9.78,9.57,14634169.0,142609808.0
2014-12-02,9.58,9.67,9.61,9.55,11469925.0,111445616.0
2014-12-01,9.76,9.77,9.59,9.55,13932067.0,135224944.0
2014-11-28,9.99,10.00,9.77,9.67,16734990.0,165896432.0
2014-11-27,9.89,10.06,9.95,9.85,14235033.0,143229584.0
2014-11-26,9.80,9.96,9.90,9.75,15493188.0,154344992.0
2014-11-25,9.81,9.85,9.79,9.70,11983742.0,118446184.0
2014-11-24,9.75,9.92,9.85,9.64,16118385.0,159064832.0
2014-11-21,9.89,9.96,9.76,9.70,11158479.0,110342544.0
2014-11-20,9.93,9.98,9.77,9.68,16974064.0,168276800.0
2014-11-19,9.80,10.36,10.06,9.67,17481294.0,177109072.0
2014-11-18,9.61,9.93,9.80,9.59,11399335.0,112292000.0
2014-11-17,9.57,9.65,9.61,9.47,6026221.0,58356968.0
2014-11-14,9.39,9.50,9.47,9.34,5937189.0,56513680.0
2014-11-13,9.63,9.69,9.44,9.29,9789897.0,93632592.0
2014-11-12,9.51,9.64,9.63,9.50,6929899.0,67159824.0
2014-11-11,9.91,10.09,9.52,9.41,16171990.0,159886704.0
2014-11-10,9.90,9.98,9.89,9.82,12244822.0,122267304.0
2014-11-07,10.04,10.08,9.88,9.87,11487578.0,115778672.0
2014-11-06,10.06,10.08,10.04,9.94,6429777.0,65042704.0
2014-11-05,9.95,10.07,10.03,9.88,8532787.0,86022448.0
2014-11-04,10.11,10.24,10.00,9.90,12028920.0,121973376.0
2014-11-03,10.26,10.32,10.14,10.05,10845693.0,111303744.0
2014-10-31,10.53,10.57,10.28,10.12,13965484.0,145101568.0
2014-10-30,10.39,10.67,10.52,10.30,18679246.0,198761680.0
2014-10-29,10.39,10.49,10.36,10.22,12497120.0,130372480.0
2014-10-28,10.24,10.48,10.37,10.22,12811840.0,134058704.0
2014-10-27,9.90,10.30,10.28,9.90,12396668.0,126562872.0
2014-10-24,10.04,10.11,9.88,9.85,7473482.0,74866128.0
2014-10-23,9.85,10.07,10.00,9.80,11059140.0,110271416.0
2014-10-22,10.11,10.19,9.91,9.84,11570196.0,116491120.0
2014-10-21,10.27,10.27,10.09,10.07,10648774.0,108401416.0
2014-10-20,10.23,10.47,10.30,10.17,11900825.0,123227368.0
2014-10-17,10.41,10.48,10.17,9.97,16816268.0,171948656.0
2014-10-16,10.67,11.02,10.39,10.37,30628422.0,330116096.0
2014-10-15,10.19,10.94,10.76,10.12,37267660.0,397452544.0
2014-10-14,10.25,10.43,10.18,10.09,19798744.0,203494240.0
2014-10-13,9.83,10.40,10.31,9.79,39343544.0,400076992.0
2014-10-10,9.59,9.96,9.89,9.50,29310858.0,287356256.0
2014-10-09,9.69,9.75,9.60,9.50,15507748.0,150251184.0
2014-10-08,9.42,9.75,9.70,9.35,19692680.0,189009104.0
2014-09-30,9.34,9.43,9.38,9.30,8609191.0,81073968.0
2014-09-29,9.24,9.34,9.33,9.21,8741148.0,81320928.0
2014-09-26,9.30,9.31,9.23,9.13,6830146.0,63246184.0
2014-09-25,9.43,9.44,9.32,9.30,8579184.0,80689848.0
2014-09-24,9.35,9.42,9.40,9.33,7335862.0,69184320.0
2014-09-23,9.28,9.36,9.35,9.23,6126012.0,57385912.0
2014-09-22,9.27,9.34,9.30,9.15,7531648.0,70069336.0
2014-09-19,9.21,9.30,9.28,9.15,6054468.0,56041616.0
2014-09-18,9.21,9.31,9.20,9.13,6377100.0,59176292.0
2014-09-17,9.18,9.24,9.23,9.06,7881320.0,72388744.0
2014-09-16,9.54,9.57,9.17,9.15,13596239.0,128032472.0
2014-09-15,9.46,9.60,9.53,9.36,12101844.0,115486592.0
2014-09-12,9.43,9.52,9.47,9.28,11842358.0,111660440.0
2014-09-11,9.58,9.68,9.43,9.37,12663032.0,121317216.0
2014-09-10,9.59,9.66,9.57,9.50,10376958.0,99958472.0
2014-09-09,9.41,9.70,9.66,9.29,15455824.0,147343296.0
2014-09-05,9.34,9.41,9.39,9.31,10067502.0,94701928.0
2014-09-04,9.34,9.38,9.34,9.21,11262435.0,104969448.0
2014-09-03,9.42,9.46,9.35,9.26,12897424.0,121195552.0
2014-09-02,9.34,9.43,9.42,9.25,12461691.0,116736080.0
2014-09-01,9.24,9.36,9.28,9.20,11885051.0,110634536.0
2014-08-29,9.23,9.29,9.24,9.05,9173494.0,84450512.0
2014-08-28,9.55,9.56,9.23,9.23,8839223.0,83315920.0
2014-08-27,9.59,9.69,9.55,9.50,6915210.0,66563692.0
2014-08-26,9.88,9.97,9.62,9.60,9559476.0,93767544.0
2014-08-25,9.80,10.00,9.92,9.80,10950562.0,109254432.0
2014-08-22,9.78,9.94,9.82,9.76,7153840.0,70668824.0
2014-08-21,9.90,9.90,9.83,9.76,11094157.0,109526816.0
2014-08-20,9.56,9.91,9.90,9.52,21031808.0,206912000.0
2014-08-19,9.69,9.70,9.48,9.42,12756523.0,121858800.0
2014-08-18,9.59,9.76,9.67,9.58,6590232.0,64061256.0
2014-08-15,9.61,9.68,9.62,9.58,7025339.0,68090912.0
2014-08-14,9.50,9.67,9.62,9.46,11331139.0,109054496.0
2014-08-13,9.43,9.55,9.49,9.40,6095031.0,58012108.0
2014-08-12,9.46,9.51,9.49,9.35,6051988.0,57350584.0
2014-08-11,9.35,9.55,9.49,9.30,7283927.0,69465616.0
2014-08-08,9.32,9.37,9.33,9.25,4662333.0,43628172.0
2014-08-07,9.51,9.55,9.32,9.29,7405467.0,70085528.0
2014-08-06,9.55,9.61,9.53,9.39,11586640.0,110511816.0
2014-08-05,9.41,9.60,9.57,9.32,9266736.0,88136088.0
2014-08-04,9.34,9.43,9.40,9.27,8252559.0,77365992.0
2014-08-01,9.39,9.68,9.29,9.23,15150898.0,143776912.0
2014-07-31,9.34,9.40,9.38,9.24,7044369.0,66080064.0
2014-07-30,9.21,9.37,9.34,9.15,8703175.0,81003016.0
2014-07-29,9.16,9.33,9.21,9.09,10995964.0,101450344.0
2014-07-28,9.17,9.23,9.17,8.98,12521363.0,114388616.0
2014-07-25,9.20,9.21,9.16,9.05,5488952.0,50370928.0
2014-07-24,9.52,9.63,9.16,9.00,8027938.0,74571288.0
2014-07-23,9.54,9.73,9.54,9.46,5305796.0,51172384.0
2014-07-22,9.27,9.56,9.55,9.27,6688186.0,63727344.0
2014-07-21,9.26,9.32,9.24,9.15,3067670.0,28484836.0
2014-07-18,9.42,9.56,9.25,9.22,6024224.0,56807164.0
2014-07-17,9.41,9.57,9.44,9.26,5390884.0,51147060.0
2014-07-16,9.57,9.63,9.34,9.30,5746232.0,54380904.0
2014-07-15,9.68,9.74,9.55,9.47,4038965.0,38852652.0
2014-07-14,9.41,9.77,9.68,9.41,5280755.0,51113064.0
2014-07-11,9.54,9.57,9.45,9.34,5773772.0,55263812.0
2014-07-10,9.49,9.68,9.50,9.41,5153412.0,49671840.0
2014-07-09,9.89,10.04,9.57,9.55,10174087.0,100132272.0
2014-07-08,9.86,9.93,9.86,9.62,14943620.0,147842144.0
2014-07-07,9.53,10.08,9.89,9.36,11646730.0,114563496.0
2014-07-04,9.49,9.74,9.54,9.44,6217648.0,60080504.0
2014-07-03,9.09,9.74,9.54,9.09,16300795.0,156553520.0
2014-07-02,9.08,9.15,9.10,9.04,3495876.0,32163560.0
2014-07-01,9.29,9.29,9.09,8.99,4495724.0,41312020.0
2014-06-30,9.05,9.19,9.10,9.00,5193995.0,47679832.0
2014-06-27,9.00,9.20,9.00,8.97,4722684.0,43261520.0
2014-06-26,8.56,9.08,9.01,8.56,11233073.0,100724104.0
2014-06-25,8.94,8.95,8.58,8.57,5917460.0,52118172.0
2014-06-24,8.95,9.02,8.92,8.78,5284831.0,47443472.0
2014-06-23,9.04,9.08,8.93,8.90,5895451.0,53390240.0
2014-06-20,8.96,9.19,9.03,8.91,3338438.0,30576412.0
2014-06-19,9.10,9.32,8.97,8.89,5046609.0,46281900.0
2014-06-18,9.33,9.36,9.14,9.10,3926924.0,36506092.0
2014-06-17,9.44,9.44,9.33,9.23,4952088.0,46659376.0
2014-06-16,9.08,9.42,9.41,9.07,9013452.0,85020592.0
2014-06-13,9.08,9.15,9.05,9.00,4746019.0,43468820.0
2014-06-12,9.20,9.29,9.08,9.02,4359102.0,40185080.0
2014-06-11,9.09,9.39,9.20,9.09,6837883.0,63972984.0
2014-06-10,8.95,9.15,9.10,8.84,6474380.0,59122404.0
2014-06-09,9.30,9.55,8.93,8.89,12524290.0,116859568.0
2014-06-06,9.28,9.42,9.31,9.14,8894145.0,83584776.0
2014-06-05,9.02,9.23,9.22,9.02,5615562.0,51696324.0
2014-06-04,8.95,9.08,9.02,8.91,6696234.0,60988056.0
2014-06-03,9.23,9.24,8.97,8.90,10355035.0,94203992.0
2014-05-30,9.33,9.40,9.09,9.02,10657296.0,98429848.0
2014-05-29,9.20,9.54,9.37,9.20,20988564.0,200041664.0
2014-05-28,9.06,9.29,9.23,9.03,9678389.0,89644240.0
2014-05-27,9.10,9.30,9.13,9.06,12831495.0,118635776.0
2014-05-26,8.60,9.41,9.18,8.60,25794396.0,237471008.0
2014-05-23,8.41,8.70,8.62,8.41,9619700.0,83696848.0
2014-05-22,8.50,8.55,8.45,8.40,6910778.0,59300612.0
2014-05-21,8.38,8.54,8.50,8.31,7084759.0,60507508.0
2014-05-20,8.18,8.55,8.41,8.18,10771709.0,91160224.0
2014-05-19,8.23,8.27,8.18,8.03,4937862.0,40673428.0
2014-05-16,8.05,8.20,8.18,7.92,6859646.0,56055276.0
2014-05-15,8.09,8.13,8.02,7.88,5275037.0,42565504.0
2014-05-14,8.15,8.26,8.09,8.06,4996424.0,41201284.0
2014-05-13,8.09,8.23,8.16,8.07,5193439.0,42818404.0
2014-05-12,7.96,8.12,8.07,7.95,6444756.0,52433060.0
2014-05-09,7.80,8.07,7.90,7.80,11115677.0,89228632.0
2014-05-08,7.89,8.07,7.81,7.76,6412102.0,51256520.0
2014-05-07,8.23,8.24,7.89,7.85,6489778.0,52633200.0
2014-05-06,8.24,8.35,8.20,8.15,7383714.0,61385296.0
2014-05-05,8.05,8.32,8.26,8.01,9506042.0,78916544.0
2014-04-30,7.91,8.18,8.06,7.89,6321466.0,51456816.0
2014-04-29,7.73,7.91,7.87,7.71,5593648.0,44250744.0
2014-04-28,7.99,7.99,7.75,7.59,12069786.0,94729504.0
2014-04-25,8.22,8.34,8.07,7.94,13805501.0,112641224.0
2014-04-24,8.60,8.80,8.23,8.21,16325234.0,141340704.0
2014-04-23,8.39,8.68,8.54,8.36,11704951.0,100773232.0
2014-04-22,8.39,8.60,8.41,8.18,12639263.0,106615312.0
2014-04-21,8.52,8.78,8.40,8.24,18267268.0,157239824.0
2014-04-18,8.52,8.70,8.63,8.41,19063188.0,165985360.0
2014-04-17,8.20,8.65,8.47,8.17,24943196.0,213273520.0
2014-04-16,7.98,8.16,8.14,7.94,6139643.0,49947116.0
2014-04-15,8.13,8.15,8.03,8.00,8066637.0,65739308.0
2014-04-14,7.92,8.22,8.12,7.86,13937689.0,113744360.0
2014-04-11,7.71,7.90,7.86,7.60,7767682.0,60974052.0
2014-04-10,7.77,7.81,7.75,7.67,5682290.0,44537312.0
2014-04-09,7.59,7.76,7.67,7.56,7074695.0,54863120.0
2014-04-08,7.57,7.61,7.58,7.51,4672841.0,35756540.0
2014-04-04,7.47,7.60,7.57,7.47,3438523.0,26273220.0
2014-04-03,7.51,7.64,7.47,7.37,4434515.0,33800192.0
2014-04-02,7.49,7.55,7.46,7.42,2744747.0,20727260.0
2014-04-01,7.30,7.52,7.49,7.30,4292303.0,32283964.0
2014-03-31,7.35,7.44,7.31,7.20,5065584.0,37500028.0
2014-03-28,7.52,7.66,7.35,7.25,6487007.0,49226536.0
2014-03-27,7.48,7.59,7.49,7.43,5901051.0,45041632.0
2014-03-26,7.55,7.57,7.48,7.42,8795978.0,66695576.0
2014-03-25,7.80,7.87,7.47,7.40,20029148.0,153349136.0
2014-03-24,7.86,8.04,7.85,7.79,7457144.0,59605548.0
2014-03-21,7.73,8.01,7.89,7.63,6363974.0,50154768.0
2014-03-20,8.01,8.13,7.79,7.77,7124415.0,57460988.0
2014-03-19,7.96,8.11,8.08,7.77,8271067.0,66110092.0
2014-03-18,7.97,8.15,7.96,7.91,8672494.0,70167264.0
2014-03-17,7.70,8.04,7.98,7.70,10758412.0,85583104.0
2014-03-14,7.68,7.90,7.74,7.63,6571118.0,51600764.0
2014-03-13,7.62,7.79,7.68,7.53,7472980.0,57702132.0
2014-03-12,7.95,7.96,7.63,7.44,12810264.0,99653888.0
2014-03-11,7.93,8.14,7.98,7.87,8859504.0,71456360.0
2014-03-10,8.25,8.45,7.97,7.91,13725647.0,113589528.0
2014-03-07,7.97,8.46,8.30,7.95,21713068.0,181657232.0
2014-03-06,7.88,7.98,7.97,7.72,6988378.0,55653040.0
2014-03-05,8.12,8.21,7.95,7.92,10697590.0,87503880.0
2014-03-04,8.01,8.18,8.13,7.94,11201178.0,91664048.0
2014-03-03,7.67,8.07,8.06,7.61,13437790.0,107226392.0
2014-02-28,7.81,7.86,7.73,7.48,11258860.0,86682864.0
2014-02-27,8.11,8.15,7.76,7.61,19704624.0,157580032.0
2014-02-26,7.95,8.16,8.05,7.74,20457164.0,164394192.0
2014-02-25,8.26,8.80,7.95,7.92,32337692.0,273520128.0
2014-02-24,7.75,8.23,8.19,7.70,23132524.0,189360640.0
2014-02-21,7.90,7.99,7.79,7.67,11887796.0,93428352.0
2014-02-20,7.94,8.09,7.90,7.66,17613612.0,140420752.0
2014-02-19,7.61,8.31,7.91,7.61,29211388.0,236484848.0
2014-02-18,7.71,7.83,7.63,7.59,17796908.0,138355744.0
2014-02-17,7.34,7.79,7.72,7.24,32252396.0,247497200.0
2014-02-14,6.81,7.42,7.33,6.79,20634094.0,149277792.0
2014-02-13,7.07,7.07,6.84,6.83,12329725.0,87114472.0
2014-02-12,7.08,7.09,7.08,6.92,13456241.0,95249880.0
2014-02-11,7.13,7.25,7.07,7.04,14962431.0,107909448.0
2014-02-10,7.11,7.26,7.13,6.98,20297032.0,146216640.0
2014-02-07,6.94,7.17,7.11,6.89,13636126.0,97231200.0
2014-01-30,6.84,7.17,7.01,6.84,14964368.0,106732632.0
2014-01-29,6.98,7.12,6.90,6.81,15512153.0,108688160.0
2014-01-28,6.64,6.76,6.75,6.64,8583911.0,58153760.0
2014-01-27,6.62,6.77,6.65,6.61,8663299.0,58323920.0
2014-01-24,6.65,6.80,6.64,6.61,11645362.0,78804520.0
2014-01-23,6.54,6.70,6.67,6.48,10758463.0,71718160.0
2014-01-22,6.39,6.58,6.53,6.37,9154997.0,60212028.0
2014-01-21,6.43,6.50,6.39,6.34,7439563.0,48282520.0
2014-01-20,6.46,6.58,6.40,6.31,5385340.0,35051696.0
2014-01-17,6.59,6.59,6.48,6.38,6638155.0,43481716.0
2014-01-16,6.57,6.67,6.60,6.54,6822468.0,45536312.0
2014-01-15,6.51,6.66,6.61,6.41,10173434.0,67258608.0
2014-01-14,6.33,6.53,6.53,6.30,8374739.0,54324308.0
2014-01-13,6.54,6.57,6.35,6.26,12092091.0,77938776.0
2014-01-10,6.67,6.68,6.50,6.49,13732643.0,91123184.0
2014-01-09,6.88,7.03,6.75,6.68,18854636.0,130642944.0
2014-01-08,6.82,6.92,6.84,6.63,21702424.0,149061920.0
2014-01-07,6.38,7.17,6.90,6.38,45775056.0,320415328.0
2014-01-06,6.72,6.91,6.52,6.48,32992224.0,222367632.0
2014-01-03,6.23,6.32,6.28,6.20,7415897.0,47057412.0
2014-01-02,6.15,6.31,6.27,6.11,8816596.0,55470664.0
2013-12-31,6.24,6.36,6.17,6.16,9730048.0,61371416.0
2013-12-30,6.21,6.23,6.19,6.11,8475878.0,52812548.0
2013-12-27,6.14,6.34,6.25,6.08,18679668.0,116661736.0
2013-12-26,6.50,6.73,6.40,6.29,35600088.0,234679840.0
2013-12-25,5.93,6.19,6.12,5.87,7994926.0,48800564.0
2013-12-24,5.93,6.06,5.94,5.92,7934419.0,48106180.0
2013-12-23,5.80,5.93,5.91,5.71,3656573.0,21607988.0
2013-12-20,5.91,5.96,5.81,5.76,3387624.0,20131576.0
2013-12-19,5.89,5.98,5.93,5.88,2665908.0,16005263.0
2013-12-18,5.91,5.95,5.87,5.85,4244133.0,25279556.0
2013-12-17,5.93,5.97,5.93,5.91,1965531.0,11794928.0
2013-12-16,6.01,6.02,5.94,5.91,3056141.0,18407996.0
2013-12-13,6.02,6.05,6.01,5.98,1886686.0,11483462.0
2013-12-12,6.01,6.06,6.03,5.99,1697960.0,10351317.0
2013-12-11,6.06,6.07,6.01,5.99,2819764.0,17171028.0
2013-12-10,6.09,6.14,6.08,6.05,3239472.0,19947850.0
2013-12-09,6.09,6.11,6.09,6.04,2865615.0,17591912.0
2013-12-06,6.07,6.11,6.08,6.05,3159989.0,19430278.0
2013-12-05,6.01,6.10,6.07,6.00,3798228.0,23261710.0
2013-12-04,5.97,6.08,6.02,5.94,5610822.0,34275368.0
2013-12-03,5.85,5.99,5.97,5.84,2611080.0,15670215.0
2013-12-02,5.99,6.02,5.84,5.82,5444804.0,32523576.0
2013-11-29,6.08,6.10,6.06,6.03,3954965.0,24250452.0
2013-11-28,6.03,6.11,6.08,6.03,3564020.0,21900052.0
2013-11-27,5.94,6.04,6.02,5.94,2774434.0,16871166.0
2013-11-26,5.99,6.03,6.00,5.92,3907758.0,23644482.0
2013-11-25,6.08,6.11,5.99,5.98,8080163.0,49407152.0
2013-11-22,6.12,6.15,6.11,6.07,3966914.0,24522472.0
2013-11-21,6.14,6.16,6.15,6.08,4963419.0,30732792.0
2013-11-20,6.13,6.15,6.12,6.07,5252303.0,32408936.0
2013-11-19,6.16,6.27,6.11,6.03,7754975.0,48275788.0
2013-11-18,6.05,6.29,6.15,6.05,10072804.0,62616052.0
2013-11-15,5.89,6.02,5.99,5.89,6169230.0,37253760.0
2013-11-14,5.94,5.95,5.91,5.83,3933539.0,23405316.0
2013-11-13,6.02,6.03,5.90,5.89,2003359.0,12055264.0
2013-11-12,6.01,6.04,6.02,5.95,1693971.0,10281135.0
2013-11-11,5.88,6.01,6.01,5.84,2221192.0,13339000.0
2013-11-08,5.90,5.93,5.91,5.87,1980738.0,11823080.0
2013-11-07,6.05,6.05,5.90,5.88,3943266.0,23768560.0
2013-11-06,6.06,6.18,6.06,6.05,2771282.0,17100332.0
2013-11-05,6.05,6.16,6.11,6.00,2209780.0,13556448.0
2013-11-04,6.12,6.14,6.05,6.04,3141569.0,19355612.0
2013-11-01,6.09,6.15,6.11,6.07,1609955.0,9951391.0
2013-10-31,6.15,6.21,6.14,6.08,2417100.0,15032113.0
2013-10-30,6.09,6.17,6.16,6.07,2970794.0,18433396.0
2013-10-29,6.47,6.47,6.08,6.01,6667137.0,41618452.0
2013-10-28,6.39,6.49,6.43,6.33,3034989.0,19680598.0
2013-10-25,6.58,6.58,6.39,6.34,4208648.0,27412476.0
2013-10-24,6.49,6.64,6.52,6.46,4927901.0,32699424.0
2013-10-23,6.67,6.69,6.50,6.49,7204250.0,47941940.0
2013-10-22,6.73,6.77,6.69,6.67,5745507.0,38974236.0
2013-10-21,6.66,6.77,6.77,6.66,6998824.0,47709704.0
2013-10-18,6.56,6.66,6.63,6.54,3778942.0,25238230.0
2013-10-17,6.58,6.66,6.58,6.53,5555481.0,37045772.0
2013-10-16,6.80,6.80,6.56,6.54,7448527.0,49953864.0
2013-10-15,6.73,6.85,6.81,6.73,9829546.0,67539168.0
2013-10-14,6.75,6.77,6.70,6.61,8801335.0,59440740.0
2013-10-11,6.70,6.79,6.77,6.67,7166604.0,48814960.0
2013-10-10,6.71,6.82,6.69,6.60,9460654.0,64011672.0
2013-10-09,6.69,6.88,6.71,6.69,12804494.0,87547256.0
2013-10-08,6.56,6.63,6.61,6.49,7661489.0,50798936.0
2013-09-30,6.52,6.57,6.54,6.47,4766657.0,31415732.0
2013-09-27,6.37,6.53,6.52,6.35,6110704.0,40045600.0
2013-09-26,6.42,6.48,6.37,6.33,4487527.0,29034732.0
2013-09-25,6.43,6.51,6.43,6.36,5230949.0,34058704.0
2013-09-24,6.37,6.46,6.43,6.36,3658489.0,23736032.0
2013-09-23,6.38,6.43,6.40,6.30,4286143.0,27614276.0
2013-09-18,6.29,6.37,6.36,6.28,2329293.0,14893766.0
2013-09-17,6.40,6.43,6.29,6.29,3424246.0,21975072.0
2013-09-16,6.40,6.43,6.40,6.35,3397306.0,21945474.0
2013-09-13,6.38,6.45,6.39,6.33,3393811.0,21957796.0
2013-09-12,6.39,6.46,6.38,6.36,4225332.0,27354408.0
2013-09-11,6.46,6.54,6.41,6.33,7911185.0,51057968.0
2013-09-10,6.58,6.58,6.49,6.41,6911521.0,45178508.0
2013-09-09,6.65,6.68,6.58,6.50,7214452.0,47814348.0
2013-09-06,6.63,6.66,6.63,6.52,4942799.0,32895984.0
2013-09-05,6.44,6.65,6.61,6.43,7404070.0,49283996.0
2013-09-04,6.52,6.53,6.47,6.43,2854890.0,18664408.0
2013-09-03,6.37,6.57,6.55,6.34,5383947.0,35289604.0
2013-09-02,6.22,6.38,6.37,6.22,3387687.0,21623240.0
2013-08-30,6.33,6.38,6.22,6.21,6149398.0,39049364.0
2013-08-29,6.48,6.57,6.32,6.30,7482130.0,48330672.0
2013-08-28,6.47,6.56,6.48,6.43,4595909.0,30190160.0
2013-08-27,6.58,6.59,6.52,6.46,6753991.0,44485744.0
2013-08-26,6.44,6.66,6.62,6.36,5719177.0,37646756.0
2013-08-23,6.64,6.66,6.45,6.33,8496100.0,55603508.0
2013-08-22,6.66,6.70,6.64,6.57,4754243.0,31792698.0
2013-08-21,6.57,6.68,6.66,6.53,3263616.0,21852628.0
2013-08-20,6.59,6.71,6.57,6.53,5573312.0,37297404.0
2013-08-19,6.45,6.59,6.57,6.43,5249492.0,34767644.0
2013-08-16,6.62,6.69,6.47,6.46,9340173.0,61886292.0
2013-08-15,6.74,6.97,6.62,6.57,12883170.0,87630032.0
2013-08-14,7.03,7.05,6.76,6.75,11448291.0,79765640.0
2013-08-13,7.03,7.12,7.03,6.94,6075485.0,43148928.0
2013-08-12,7.04,7.20,7.05,6.92,12326879.0,87684992.0
2013-08-09,6.76,7.08,7.07,6.76,14494203.0,102743216.0
2013-08-08,6.71,6.92,6.80,6.68,7575709.0,52283428.0
2013-08-07,6.77,6.82,6.72,6.64,6819189.0,46368392.0
2013-08-06,6.71,6.90,6.82,6.67,9990513.0,68732208.0
2013-08-05,6.47,6.83,6.77,6.45,12638675.0,85902560.0
2013-08-02,6.55,6.65,6.50,6.48,5859759.0,38880384.0
2013-08-01,6.33,6.58,6.54,6.31,8670762.0,56716928.0
2013-07-31,6.46,6.52,6.34,6.32,5140736.0,33292912.0
2013-07-30,6.51,6.58,6.48,6.28,7779939.0,50760480.0
2013-07-29,6.38,6.60,6.50,6.34,15338191.0,101106264.0
2013-07-26,6.23,6.43,6.36,6.23,5749502.0,36854088.0
2013-07-25,6.33,6.39,6.25,6.25,6460267.0,41241560.0
2013-07-24,6.15,6.44,6.37,6.15,9345288.0,59847624.0
2013-07-23,6.06,6.19,6.18,6.06,4998520.0,31075492.0
2013-07-22,5.96,6.10,6.06,5.92,3606472.0,22024978.0
2013-07-19,6.12,6.19,5.96,5.95,4319560.0,26585532.0
2013-07-18,6.08,6.20,6.13,6.08,3850935.0,23886004.0
2013-07-17,6.41,6.44,6.13,6.13,7701533.0,48941092.0
2013-07-16,6.39,6.45,6.44,6.30,6073060.0,39213036.0
2013-07-15,6.23,6.39,6.38,6.18,4699031.0,29968796.0
2013-07-12,6.29,6.38,6.21,6.19,3789062.0,24095800.0
2013-07-11,6.28,6.38,6.32,6.19,5424077.0,34487756.0
2013-07-10,6.10,6.23,6.22,6.04,3520736.0,21908548.0
2013-07-09,5.94,6.12,6.11,5.89,4318232.0,26306980.0
2013-07-08,6.03,6.12,5.96,5.94,4651927.0,28365794.0
2013-07-05,6.33,6.40,6.20,6.15,4636956.0,29418470.0
2013-07-04,6.37,6.44,6.35,6.29,5472312.0,35235880.0
2013-07-03,6.36,6.47,6.43,6.26,6952160.0,44779132.0
2013-07-02,6.15,6.47,6.39,6.15,6169181.0,39599992.0
2013-07-01,6.07,6.18,6.17,5.96,3118886.0,19182996.0
2013-06-28,6.07,6.21,6.07,5.86,5247503.0,32213676.0
2013-06-27,6.20,6.43,6.12,6.04,9266048.0,58388564.0
2013-06-26,5.87,6.13,6.13,5.85,6689826.0,40935648.0
2013-06-25,6.01,6.15,5.95,5.46,9856388.0,57755120.0
2013-06-24,6.29,6.40,6.06,5.92,7996678.0,50376684.0
2013-06-21,6.18,6.40,6.33,6.08,6103312.0,38686072.0
2013-06-20,6.28,6.56,6.28,6.22,7434161.0,48647484.0
2013-06-19,6.39,6.39,6.34,6.19,7562053.0,48569432.0
2013-06-18,6.44,6.61,6.52,6.37,7599177.0,50397576.0
2013-06-17,6.30,6.52,6.42,6.20,7541182.0,49248604.0
2013-06-14,6.16,6.34,6.28,6.16,7455074.0,47508604.0
2013-06-13,6.39,6.44,6.14,6.08,10814933.0,69002456.0
2013-06-07,6.47,6.52,6.46,6.29,6649288.0,43359408.0
2013-06-06,6.48,6.62,6.40,6.38,6650473.0,44178084.0
2013-06-05,6.40,6.54,6.53,6.25,6812538.0,44530072.0
2013-06-04,6.68,6.69,6.43,6.37,12322954.0,81504896.0
2013-06-03,6.70,6.81,6.66,6.60,9442119.0,64191344.0
2013-05-31,6.80,6.91,6.71,6.69,14422216.0,100038512.0
2013-05-30,6.73,6.91,6.80,6.61,17521476.0,120226752.0
2013-05-29,6.36,6.88,6.80,6.34,20652168.0,141337968.0
2013-05-28,6.35,6.58,6.38,6.30,18400604.0,120744208.0
2013-05-27,6.16,6.40,6.36,6.10,18271782.0,116851560.0
2013-05-24,5.93,6.16,6.16,5.93,13513275.0,83856824.0
2013-05-23,6.05,6.08,5.93,5.92,14095773.0,86245680.0
2013-05-22,6.13,6.19,6.08,6.00,10094831.0,62771384.0
2013-05-21,6.09,6.23,6.19,6.03,16975136.0,106133888.0
2013-05-20,5.98,6.13,6.12,5.89,21126718.0,129606832.0
2013-05-17,5.86,6.08,5.99,5.84,26544602.0,162277840.0
2013-05-16,5.62,6.02,5.87,5.60,29531460.0,175833616.0
2013-05-15,5.48,5.74,5.62,5.46,12010792.0,68894928.0
2013-05-14,5.54,5.54,5.47,5.42,5127352.0,28642956.0
2013-05-13,5.61,5.65,5.58,5.51,6198866.0,35226732.0
2013-05-10,5.49,5.63,5.60,5.46,7893087.0,44691344.0
2013-05-09,5.57,5.62,5.52,5.44,8180920.0,46075264.0
2013-05-08,5.49,5.63,5.60,5.44,10239138.0,57777116.0
2013-05-07,5.49,5.52,5.46,5.41,5812517.0,32383482.0
2013-05-06,5.46,5.55,5.48,5.45,5989804.0,33597220.0
2013-05-03,5.34,5.47,5.46,5.34,5757118.0,31919426.0
2013-05-02,5.26,5.35,5.34,5.19,3691804.0,19877580.0
2013-04-26,5.31,5.44,5.26,5.26,4165936.0,22640840.0
2013-04-25,5.40,5.40,5.25,5.25,6141297.0,33300210.0
2013-04-24,5.33,5.47,5.41,5.33,5102414.0,28080600.0
2013-04-23,5.67,5.67,5.36,5.30,10525434.0,58716608.0
2013-04-22,5.54,5.71,5.68,5.48,15634029.0,89517368.0
2013-04-19,5.41,5.55,5.52,5.34,10387024.0,57895960.0
2013-04-18,5.24,5.56,5.42,5.16,8729814.0,48100816.0
2013-04-17,5.24,5.29,5.26,5.18,3684436.0,19631002.0
2013-04-16,5.20,5.26,5.25,5.09,5063889.0,26689268.0
2013-04-15,5.30,5.37,5.24,5.22,4087009.0,22059712.0
2013-04-12,5.31,5.38,5.30,5.20,7296925.0,39289956.0
2013-04-11,5.49,5.51,5.36,5.34,8010726.0,44082432.0
2013-04-10,5.53,5.59,5.48,5.34,11884899.0,66262648.0
2013-04-09,5.70,5.74,5.59,5.49,19099964.0,108906888.0
2013-04-08,5.69,5.96,5.85,5.55,42881460.0,253153152.0
2013-04-03,5.79,5.79,5.55,5.49,34222952.0,198010272.0
2013-04-02,5.44,5.49,5.26,5.20,7112170.0,38859712.0
2013-04-01,5.41,5.54,5.47,5.39,6372481.0,35499156.0
2013-03-29,5.33,5.46,5.38,5.30,3743761.0,20602400.0
2013-03-28,5.40,5.40,5.32,5.27,3537820.0,19200832.0
2013-03-27,5.41,5.45,5.44,5.39,3188038.0,17637056.0
2013-03-26,5.45,5.46,5.41,5.33,3448436.0,18949828.0
2013-03-25,5.43,5.49,5.46,5.37,4587364.0,25379738.0
2013-03-22,5.48,5.48,5.46,5.40,3415019.0,18962436.0
2013-03-21,5.46,5.51,5.48,5.37,7635198.0,42258128.0
2013-03-20,5.15,5.59,5.49,5.14,7868719.0,43095712.0
2013-03-19,5.24,5.28,5.15,5.10,4439628.0,23359946.0
2013-03-18,5.39,5.42,5.24,5.20,4601708.0,24875700.0
2013-03-15,5.39,5.46,5.37,5.34,4162244.0,22936888.0
2013-03-14,5.41,5.45,5.39,5.36,2660535.0,14673211.0
2013-03-13,5.41,5.47,5.42,5.34,3124855.0,17158490.0
2013-03-12,5.60,5.69,5.46,5.33,6999401.0,39123864.0
2013-03-11,5.57,5.64,5.59,5.50,2765825.0,15710397.0
2013-03-08,5.62,5.72,5.58,5.57,5025880.0,28841050.0
2013-03-07,5.78,5.80,5.64,5.58,9533315.0,55079636.0
2013-03-06,5.77,5.94,5.81,5.76,10772975.0,64197856.0
2013-03-05,5.67,5.83,5.77,5.65,11459409.0,67549504.0
2013-03-04,5.54,5.75,5.72,5.48,15399464.0,88869608.0
2013-03-01,5.56,5.63,5.57,5.53,4671403.0,26576444.0
2013-02-28,5.39,5.63,5.56,5.33,5039836.0,28159424.0
2013-02-27,5.52,5.56,5.38,5.37,5108784.0,28291500.0
2013-02-26,5.50,5.62,5.51,5.50,3737164.0,21190690.0
2013-02-25,5.53,5.60,5.56,5.52,4007883.0,22686736.0
2013-02-22,5.70,5.70,5.52,5.51,7243108.0,41314692.0
2013-02-21,5.84,5.91,5.71,5.61,10843524.0,63804912.0
2013-02-20,5.61,5.88,5.83,5.58,12526970.0,73638088.0
2013-02-19,5.56,5.76,5.64,5.54,10188611.0,58902388.0
2013-02-18,5.63,5.68,5.56,5.55,5185551.0,29618736.0
2013-02-08,5.59,5.71,5.63,5.51,11378816.0,65309444.0
2013-02-07,5.20,5.71,5.67,5.17,20978760.0,117037072.0
2013-02-06,5.17,5.28,5.27,5.15,4425748.0,23544488.0
2013-02-05,5.15,5.20,5.17,5.10,2452257.0,12870563.0
2013-02-04,5.22,5.24,5.16,5.14,2945659.0,15546068.0
2013-02-01,5.15,5.24,5.22,5.12,4653209.0,24678640.0
2013-01-31,5.20,5.20,5.16,5.13,2767711.0,14534346.0
2013-01-30,5.22,5.22,5.18,5.12,4205262.0,22086460.0
2013-01-29,5.23,5.28,5.19,5.14,5661877.0,29947668.0
2013-01-28,5.15,5.26,5.25,5.15,2892409.0,15361192.0
2013-01-25,5.21,5.24,5.14,5.14,2885635.0,15206188.0
2013-01-24,5.36,5.37,5.21,5.15,6204747.0,33429188.0
2013-01-23,5.26,5.41,5.35,5.20,7595288.0,41142340.0
2013-01-22,5.36,5.36,5.25,5.21,4922243.0,26517158.0
2013-01-21,5.35,5.38,5.36,5.31,4050660.0,22087242.0
2013-01-18,5.30,5.38,5.34,5.27,4078746.0,22123936.0
2013-01-17,5.35,5.38,5.31,5.29,4528236.0,24638432.0
2013-01-16,5.39,5.42,5.35,5.25,6331433.0,34382864.0
2013-01-15,5.24,5.41,5.38,5.24,9183345.0,50116140.0
2013-01-14,5.01,5.25,5.24,4.98,6578569.0,34610116.0
2013-01-11,5.24,5.26,5.03,5.02,6029691.0,31529110.0
2013-01-10,5.26,5.28,5.24,5.19,4755476.0,25339078.0
2013-01-09,5.34,5.36,5.26,5.21,6115712.0,32897964.0
2013-01-08,5.26,5.37,5.34,5.26,5471985.0,29749444.0
2013-01-07,5.22,5.34,5.27,5.22,4611642.0,24795746.0
2013-01-04,5.26,5.30,5.20,5.20,6402633.0,34193728.0
2012-12-31,5.15,5.27,5.24,5.09,7025192.0,37087980.0
2012-12-28,5.07,5.19,5.17,5.05,6662258.0,34706872.0
2012-12-27,5.05,5.10,5.09,4.99,6537951.0,33590012.0
2012-12-26,5.02,5.06,5.06,4.97,5414035.0,27722248.0
2012-12-25,4.83,5.06,5.02,4.81,12567931.0,64146676.0
2012-12-24,4.80,4.83,4.82,4.76,3373053.0,16523170.0
2012-12-21,4.85,4.89,4.79,4.77,5437473.0,26788914.0
2012-12-20,4.87,4.89,4.86,4.80,4354162.0,21515320.0
2012-12-19,4.85,4.90,4.87,4.83,3692208.0,18339840.0
2012-12-18,4.90,4.98,4.86,4.83,7462263.0,37213000.0
2012-12-17,4.82,4.96,4.91,4.76,13045228.0,64388480.0
2012-12-14,4.55,4.80,4.79,4.55,6821289.0,32836478.0
2012-12-13,4.70,4.73,4.57,4.54,3004413.0,14174331.0
2012-12-12,4.74,4.77,4.70,4.63,3881755.0,18538796.0
2012-12-11,4.81,4.81,4.76,4.72,4026708.0,19541448.0
2012-12-10,4.66,4.87,4.83,4.66,6026137.0,29302062.0
2012-12-07,4.58,4.68,4.65,4.51,3854735.0,18169548.0
2012-12-06,4.68,4.70,4.58,4.57,2722293.0,12805917.0
2012-12-05,4.44,4.77,4.68,4.42,4683081.0,22080360.0
2012-12-04,4.37,4.52,4.50,4.23,3381636.0,15048968.0
2012-12-03,4.62,4.67,4.42,4.42,2268000.0,10581023.0
2012-11-30,4.62,4.67,4.65,4.59,2640482.0,12468158.0
2012-11-29,4.62,4.68,4.62,4.61,2002074.0,9451162.0
2012-11-28,4.88,4.89,4.62,4.61,3517727.0,16781544.0
2012-11-27,5.12,5.12,4.89,4.88,2465283.0,12456490.0
2012-11-26,5.16,5.18,5.11,5.10,1030557.0,5397709.0
2012-11-23,5.14,5.19,5.16,5.10,1930107.0,10140559.0
2012-11-22,5.30,5.30,5.15,5.13,4493640.0,23803398.0
2012-11-21,5.34,5.37,5.34,5.25,2366238.0,12770372.0
2012-11-20,5.39,5.40,5.34,5.32,1239528.0,6768528.0
2012-11-19,5.25,5.38,5.37,5.24,2600647.0,14134838.0
2012-11-16,5.25,5.29,5.28,5.20,1694206.0,9079151.0
2012-11-15,5.31,5.31,5.25,5.23,1622088.0,8701250.0
2012-11-14,5.32,5.35,5.34,5.25,2147230.0,11581104.0
2012-11-13,5.41,5.41,5.33,5.30,2238111.0,12166089.0
2012-11-12,5.39,5.42,5.41,5.35,2346081.0,12891469.0
2012-11-09,5.62,5.65,5.38,5.30,8796312.0,48841148.0
2012-11-08,5.75,5.75,5.62,5.61,2300754.0,13296973.0
2012-11-07,5.73,5.77,5.76,5.70,2344188.0,13709856.0
2012-11-06,5.69,5.73,5.73,5.61,2701243.0,15620346.0
2012-11-05,5.78,5.78,5.71,5.63,6792165.0,39365848.0
2012-11-02,5.74,5.80,5.79,5.70,3880000.0,22764264.0
2012-11-01,5.74,5.80,5.75,5.69,7242830.0,42376168.0
2012-10-31,5.88,5.92,5.74,5.61,7762009.0,45392032.0
2012-10-30,6.06,6.11,6.02,6.01,1459028.0,8992481.0
2012-10-29,6.07,6.12,6.06,5.99,1983556.0,12224173.0
2012-10-26,6.23,6.23,6.01,5.98,5422277.0,33538602.0
2012-10-25,6.27,6.32,6.23,6.23,1848437.0,11808633.0
2012-10-24,6.25,6.29,6.28,6.24,1612585.0,10297737.0
2012-10-23,6.32,6.33,6.28,6.22,3222179.0,20556608.0
2012-10-22,6.24,6.32,6.30,6.19,2744116.0,17528676.0
2012-10-19,6.33,6.34,6.25,6.23,4540226.0,28994656.0
2012-10-18,6.32,6.36,6.33,6.26,4944885.0,31799656.0
2012-10-17,6.34,6.35,6.30,6.26,3230611.0,20745724.0
2012-10-16,6.28,6.34,6.33,6.23,5401843.0,34567520.0
2012-10-15,6.53,6.53,6.28,6.18,8309483.0,53200656.0
2012-10-12,6.51,6.59,6.53,6.46,1776798.0,11834174.0
2012-10-11,6.64,6.64,6.52,6.52,2675033.0,17904146.0
2012-10-10,6.60,6.66,6.65,6.53,4024951.0,27059160.0
2012-10-09,6.47,6.63,6.60,6.47,3216152.0,21600336.0
2012-10-08,6.50,6.57,6.51,6.43,2431254.0,16136903.0
2012-09-28,6.40,6.49,6.46,6.38,3676192.0,24165748.0
2012-09-27,6.27,6.51,6.45,6.27,2638157.0,17248922.0
2012-09-26,6.47,6.50,6.30,6.24,2835784.0,18267026.0
2012-09-25,6.52,6.56,6.47,6.46,1345895.0,8936506.0
2012-09-24,6.43,6.55,6.54,6.39,1741573.0,11532365.0
2012-09-21,6.37,6.48,6.45,6.36,2125531.0,13927109.0
2012-09-20,6.55,6.55,6.39,6.38,2656499.0,17457048.0
2012-09-19,6.52,6.64,6.55,6.49,1895262.0,12693269.0
2012-09-18,6.49,6.56,6.52,6.42,2325223.0,15390239.0
2012-09-17,6.67,6.71,6.49,6.49,4475438.0,29948236.0
2012-09-14,6.75,6.87,6.67,6.66,10731454.0,74261048.0
2012-09-13,6.66,6.93,6.75,6.61,15198043.0,104877216.0
2012-09-12,6.56,6.74,6.70,6.51,8480118.0,57256372.0
2012-09-11,6.47,6.60,6.56,6.43,6546144.0,43433804.0
2012-09-10,6.42,6.55,6.52,6.36,6888607.0,45486692.0
2012-09-07,6.36,6.52,6.47,6.33,8394700.0,55167864.0
2012-09-06,6.31,6.38,6.33,6.30,2244021.0,14493773.0
2012-09-05,6.28,6.47,6.31,6.26,3221251.0,20802552.0
2012-09-04,6.30,6.34,6.22,6.19,1723121.0,10972039.0
2012-09-03,6.22,6.32,6.29,6.18,1517512.0,9706894.0
2012-08-31,6.18,6.27,6.22,6.13,1187672.0,7511878.0
2012-08-30,6.28,6.33,6.18,6.12,1966348.0,12451158.0
2012-08-29,6.26,6.35,6.31,6.26,2087828.0,13440033.0
2012-08-28,6.19,6.33,6.29,6.18,1649550.0,10535603.0
2012-08-27,6.33,6.36,6.19,6.18,3002464.0,19050860.0
2012-08-24,6.48,6.49,6.37,6.29,3292594.0,21407112.0
2012-08-23,6.47,6.59,6.53,6.47,2933453.0,19518312.0
2012-08-22,6.57,6.58,6.48,6.45,4250638.0,28139872.0
2012-08-21,6.43,6.62,6.59,6.41,4465389.0,29735964.0
2012-08-20,6.42,6.44,6.43,6.34,3095577.0,20131904.0
2012-08-17,6.48,6.52,6.38,6.32,3242722.0,21124760.0
2012-08-16,6.67,6.67,6.48,6.42,4261943.0,28415458.0
2012-08-15,6.73,6.77,6.70,6.67,4148258.0,28415100.0
2012-08-14,6.60,6.77,6.74,6.58,4503780.0,30659552.0
2012-08-13,6.67,6.81,6.61,6.57,8899617.0,60803500.0
2012-08-10,6.56,6.77,6.72,6.53,13723478.0,93895776.0
2012-08-09,6.30,6.60,6.57,6.30,4968330.0,32734852.0
2012-08-08,6.48,6.55,6.36,6.33,3830312.0,25115580.0
2012-08-07,6.51,6.56,6.50,6.42,3619122.0,23915644.0
2012-08-06,6.33,6.69,6.50,6.31,8271542.0,55201952.0
2012-08-03,6.26,6.37,6.35,6.26,2199363.0,14159178.0
2012-08-02,6.19,6.37,6.31,6.17,4039600.0,26013708.0
2012-08-01,6.05,6.23,6.22,6.03,2310406.0,14522523.0
2012-07-31,6.16,6.23,6.05,5.98,5342917.0,33046662.0
2012-07-30,6.49,6.54,6.17,6.11,5640762.0,36180456.0
2012-07-27,6.64,6.72,6.49,6.43,6631514.0,44358736.0
2012-07-26,6.59,6.80,6.65,6.58,8755156.0,59948040.0
2012-07-25,6.58,6.72,6.62,6.54,6145365.0,41538184.0
2012-07-24,6.39,6.69,6.68,6.37,10686987.0,72131768.0
2012-07-23,6.38,6.54,6.44,6.27,5605001.0,36917968.0
2012-07-20,6.38,6.49,6.41,6.38,2810949.0,18442504.0
2012-07-19,6.48,6.57,6.43,6.37,4733810.0,31241470.0
2012-07-18,6.44,6.52,6.49,6.35,4410259.0,28969028.0
2012-07-17,6.37,6.60,6.51,6.31,7016574.0,46142036.0
2012-07-16,6.42,6.76,6.44,6.42,16130860.0,108131048.0
2012-07-13,6.29,6.40,6.36,6.26,5578037.0,36023376.0
2012-07-12,6.06,6.36,6.35,6.05,11020875.0,70158952.0
2012-07-11,6.05,6.11,6.08,5.95,5725865.0,35075164.0
2012-07-10,6.20,6.20,6.06,6.03,4682083.0,29090416.0
2012-07-09,6.16,6.34,6.27,6.03,8281344.0,52461488.0
2012-07-06,6.08,6.22,6.18,5.88,6960212.0,42948912.0
2012-07-05,6.33,6.33,6.02,6.01,7823021.0,48852392.0
2012-07-04,6.44,6.60,6.37,6.33,6127379.0,40120256.0
2012-07-03,6.45,6.61,6.40,6.34,8367207.0,55218064.0
2012-07-02,6.36,6.62,6.46,6.32,12454735.0,82433664.0
2012-06-29,6.25,6.44,6.38,6.01,10681565.0,67760952.0
2012-06-27,6.35,6.46,6.32,6.29,11877138.0,77299544.0
2012-06-26,6.40,6.49,6.38,6.24,11579607.0,75161896.0
2012-06-25,6.52,6.57,6.48,6.37,12799582.0,84333896.0
2012-06-21,6.72,6.82,6.65,6.62,14294563.0,97917240.0
2012-06-20,7.02,7.03,6.79,6.69,25805380.0,178796928.0
2012-06-19,7.02,7.23,7.04,6.89,53586272.0,383782464.0
2012-06-18,6.15,6.66,6.66,6.15,15165546.0,101929552.0
2012-06-15,5.98,6.11,6.05,5.98,2704684.0,16678381.0
2012-06-14,5.98,6.06,5.98,5.96,2026695.0,12434708.0
2012-06-13,5.88,5.99,5.98,5.88,1708525.0,10364270.0
2012-06-12,5.89,5.91,5.88,5.85,974938.0,5849120.0
2012-06-11,5.83,5.92,5.91,5.83,1386498.0,8317928.0
2012-06-08,5.86,5.93,5.83,5.79,1506548.0,8977219.0
2012-06-07,5.93,5.93,5.83,5.80,1112301.0,6655812.0
2012-06-06,5.93,5.98,5.86,5.85,1422360.0,8553245.0
2012-06-05,5.86,5.99,5.93,5.86,1591071.0,9632457.0
2012-06-04,6.00,6.06,5.86,5.84,2628834.0,15971607.0
2012-06-01,6.14,6.17,6.10,6.08,1446707.0,9009868.0
2012-05-31,6.07,6.19,6.14,6.06,1680923.0,10528807.0
2012-05-30,6.16,6.20,6.11,6.10,1683076.0,10533952.0
2012-05-29,6.01,6.17,6.16,5.98,3082342.0,19152864.0
2012-05-28,5.95,6.03,6.02,5.81,2748515.0,16543029.0
2012-05-25,6.07,6.07,6.00,5.98,1775715.0,10874172.0
2012-05-24,6.09,6.09,6.07,6.00,2587721.0,15948519.0
2012-05-23,6.14,6.18,6.10,6.05,2264299.0,14087687.0
2012-05-22,6.08,6.17,6.14,6.08,2052072.0,12807790.0
2012-05-21,6.08,6.17,6.07,6.02,3455415.0,21408930.0
2012-05-18,6.27,6.28,6.09,6.09,4517681.0,28505964.0
2012-05-17,6.27,6.36,6.31,6.22,2490535.0,15977029.0
2012-05-16,6.41,6.43,6.27,6.26,2800464.0,18103648.0
2012-05-15,6.52,6.52,6.44,6.32,6478045.0,42214980.0
2012-05-14,6.48,6.68,6.60,6.40,11768404.0,78779632.0
2012-05-11,6.42,6.52,6.47,6.38,2515251.0,16565437.0
2012-05-10,6.40,6.53,6.46,6.40,2355552.0,15576686.0
2012-05-09,6.48,6.52,6.43,6.36,3277465.0,21554378.0
2012-05-08,6.57,6.57,6.48,6.47,2392851.0,15894029.0
2012-05-07,6.54,6.61,6.58,6.52,2623349.0,17554832.0
2012-05-04,6.52,6.63,6.55,6.51,2690427.0,17987548.0
2012-05-03,6.54,6.61,6.56,6.50,2941933.0,19735528.0
2012-05-02,6.47,6.60,6.55,6.42,3697399.0,24552918.0
2012-04-27,6.37,6.44,6.38,6.33,2717626.0,17655896.0
2012-04-26,6.49,6.55,6.36,6.34,4316364.0,28211492.0
2012-04-25,6.42,6.52,6.51,6.39,3093159.0,20389632.0
2012-04-24,6.51,6.57,6.44,6.35,6233096.0,40889436.0
2012-04-23,6.81,6.81,6.61,6.57,4901495.0,33393948.0
2012-04-20,6.85,6.87,6.84,6.77,4378201.0,30463530.0
2012-04-19,6.78,6.85,6.84,6.75,3554931.0,24656970.0
2012-04-18,6.70,6.80,6.77,6.64,3981107.0,27314020.0
2012-04-17,6.73,6.89,6.69,6.66,5278224.0,36591216.0
2012-04-16,6.72,6.82,6.73,6.68,2979732.0,20454908.0
2012-04-13,6.81,6.87,6.78,6.75,3782389.0,26223520.0
2012-04-12,6.66,6.87,6.81,6.65,4902915.0,33822664.0
2012-04-11,6.62,6.73,6.66,6.58,2457470.0,16660171.0
2012-04-10,6.57,6.72,6.71,6.47,3318320.0,22253500.0
2012-04-09,6.73,6.82,6.61,6.60,5408354.0,37014208.0
2012-04-06,6.48,6.95,6.74,6.40,12075182.0,82589256.0
2012-04-05,6.38,6.49,6.48,6.34,3484235.0,22793828.0
2012-03-30,6.28,6.40,6.36,6.22,2906630.0,18678530.0
2012-03-29,6.37,6.44,6.26,6.25,3061485.0,19746572.0
2012-03-28,6.65,6.66,6.40,6.36,4105120.0,27142800.0
2012-03-27,6.62,6.77,6.67,6.59,4594504.0,31327320.0
2012-03-26,6.55,6.67,6.59,6.53,2675925.0,17996796.0
2012-03-23,6.74,6.74,6.56,6.55,3160285.0,21356348.0
2012-03-22,6.87,6.90,6.74,6.72,4220048.0,29133184.0
2012-03-21,6.85,6.96,6.87,6.72,4811844.0,33492652.0
2012-03-20,7.00,7.03,6.85,6.84,11788227.0,83379432.0
2012-03-19,7.00,7.30,7.15,6.87,20253560.0,145850704.0
2012-03-16,6.60,7.06,7.03,6.57,13298560.0,91994976.0
2012-03-15,6.51,6.67,6.61,6.23,8250522.0,54399768.0
2012-03-14,6.88,6.92,6.51,6.50,8640641.0,59221704.0
2012-03-13,6.87,6.93,6.87,6.79,6013258.0,41967784.0
2012-03-12,6.69,6.92,6.90,6.68,12123428.0,84500904.0
2012-03-09,6.67,6.72,6.67,6.61,5374169.0,36523676.0
2012-03-08,6.58,6.72,6.66,6.58,4964123.0,33739712.0
2012-03-07,6.59,6.71,6.57,6.48,6656253.0,44970120.0
2012-03-06,6.54,6.70,6.64,6.49,9895061.0,66943680.0
2012-03-05,6.57,6.59,6.54,6.49,4254041.0,28362208.0
2012-03-02,6.47,6.56,6.54,6.47,3456481.0,22970848.0
2012-03-01,6.41,6.55,6.46,6.39,3466615.0,22872396.0
2012-02-29,6.46,6.50,6.41,6.39,3492773.0,22940236.0
2012-02-28,6.55,6.61,6.46,6.42,5739684.0,38012196.0
2012-02-27,6.59,6.73,6.58,6.57,5809621.0,39464864.0
2012-02-24,6.56,6.61,6.59,6.48,5710001.0,38158944.0
2012-02-23,6.58,6.60,6.56,6.47,5222226.0,34779584.0
2012-02-22,6.44,6.63,6.58,6.43,5251760.0,35032236.0
2012-02-21,6.44,6.49,6.47,6.34,2714593.0,17755728.0
2012-02-20,6.60,6.65,6.44,6.43,3680880.0,24523264.0
2012-02-17,6.47,6.54,6.50,6.40,3668794.0,24234972.0
2012-02-16,6.39,6.73,6.49,6.39,7931468.0,52872176.0
2012-02-15,6.36,6.45,6.42,6.30,3804008.0,24773380.0
2012-02-14,6.35,6.40,6.36,6.26,3911443.0,25309252.0
2012-02-13,6.14,6.40,6.35,6.11,7521885.0,48327336.0
2012-02-10,6.19,6.29,6.19,6.13,3529078.0,22360640.0
2012-02-09,6.18,6.33,6.23,6.11,5214956.0,33245276.0
2012-02-08,6.03,6.19,6.19,6.02,2631374.0,16462900.0
2012-02-07,6.19,6.21,6.06,6.01,3040795.0,18897436.0
2012-02-06,6.32,6.35,6.19,6.15,6542709.0,41606376.0
2012-02-03,6.15,6.20,6.16,6.09,3366022.0,21126384.0
2012-02-02,6.13,6.19,6.15,6.04,2761626.0,17293408.0
2012-02-01,6.07,6.20,6.12,5.98,4619434.0,28709704.0
2012-01-31,5.91,6.08,6.07,5.86,2188548.0,13328355.0
2012-01-30,5.93,6.00,5.91,5.88,1371237.0,8307775.0
2012-01-20,5.85,5.95,5.92,5.84,1891082.0,11377522.0
2012-01-19,5.75,5.94,5.86,5.75,1856989.0,11069032.0
2012-01-18,5.94,6.06,5.80,5.78,3116954.0,18779314.0
2012-01-17,5.61,5.98,5.96,5.61,3183299.0,18907852.0
2012-01-16,5.74,5.74,5.67,5.44,1672305.0,9590357.0
2012-01-13,5.95,6.02,5.74,5.74,3452968.0,20590312.0
2012-01-12,5.89,6.05,5.99,5.89,2244724.0,13694863.0
2012-01-11,5.98,6.06,5.95,5.88,2377001.0,14452120.0
2012-01-10,5.69,6.07,6.00,5.64,3968056.0,23968448.0
2012-01-09,5.47,5.73,5.69,5.39,2342195.0,13346980.0
2012-01-06,5.65,5.70,5.41,5.07,3456625.0,18900964.0
2012-01-05,5.86,5.86,5.63,5.62,2221335.0,13019784.0
2012-01-04,6.03,6.06,5.89,5.88,1960333.0,11968427.0
2011-12-30,5.98,6.00,5.99,5.90,2522343.0,15303220.0
2011-12-29,5.91,6.02,5.93,5.85,1961019.0,11902200.0
2011-12-28,6.12,6.16,5.92,5.75,4831945.0,29231466.0
2011-12-27,6.38,6.40,6.17,6.08,3031372.0,19212628.0
2011-12-26,6.45,6.51,6.38,6.33,1820133.0,11926560.0
2011-12-23,6.41,6.55,6.47,6.37,2180864.0,14380757.0
2011-12-22,6.47,6.52,6.41,6.11,3332800.0,21576060.0
2011-12-21,6.69,6.81,6.53,6.50,3652286.0,24861732.0
2011-12-20,6.69,6.79,6.66,6.62,2892870.0,19782740.0
2011-12-19,6.60,6.77,6.75,6.48,4082257.0,27560000.0
2011-12-16,6.28,6.64,6.62,6.28,3765164.0,24795316.0
2011-12-15,6.66,6.66,6.29,6.28,4979812.0,32650596.0
2011-12-14,6.69,6.85,6.72,6.68,3835507.0,26467112.0
2011-12-13,6.84,6.90,6.80,6.71,5705789.0,39356612.0
2011-12-12,7.17,7.22,6.93,6.91,6168880.0,44375844.0
2011-12-09,7.05,7.32,7.16,7.04,9584075.0,70199896.0
2011-12-08,7.08,7.28,7.17,6.98,12648758.0,91945920.0
2011-12-07,6.87,7.43,7.22,6.82,20021164.0,146737840.0
2011-12-06,6.86,6.87,6.84,6.66,3945455.0,27217028.0
2011-12-05,7.10,7.13,6.86,6.78,8226969.0,58726440.0
2011-12-02,7.01,7.20,7.10,6.92,13903775.0,100530664.0
2011-12-01,6.90,7.06,7.02,6.80,9636568.0,68468768.0
2011-11-30,6.98,7.01,6.72,6.61,6679711.0,46402240.0
2011-11-29,6.86,7.12,6.98,6.86,14209285.0,101919288.0
2011-11-28,6.50,6.82,6.81,6.50,4746124.0,32389082.0
2011-11-25,6.44,6.60,6.48,6.44,1739631.0,11561895.0
2011-11-24,6.49,6.54,6.44,6.42,1624358.0,10708262.0
2011-11-23,6.54,6.66,6.53,6.53,1244838.0,8339097.0
2011-11-21,6.63,6.67,6.57,6.55,1162978.0,7817660.0
2011-11-18,6.77,6.81,6.63,6.61,2346634.0,15979852.0
2011-11-17,6.78,6.90,6.81,6.78,2341320.0,16308127.0
2011-11-16,6.96,7.01,6.78,6.75,4085530.0,28665948.0
2011-11-15,6.94,6.97,6.94,6.87,3414792.0,24084934.0
2011-11-14,6.84,7.00,6.94,6.79,4555362.0,32210952.0
2011-11-11,6.74,6.85,6.77,6.70,2361624.0,16304106.0
2011-11-10,6.75,6.84,6.74,6.64,3349925.0,23010082.0
2011-11-09,6.79,6.86,6.81,6.70,2881252.0,19898952.0
2011-11-08,6.88,6.96,6.75,6.73,5551756.0,38638200.0
2011-11-07,7.24,7.24,6.95,6.88,13366556.0,95673800.0
2011-10-14,6.87,6.96,6.75,6.71,14561348.0,101348520.0
2011-10-13,6.37,7.05,7.02,6.37,14171740.0,97722560.0
2011-10-12,6.13,6.56,6.45,6.09,4475925.0,29104030.0
2011-10-11,6.28,6.32,6.17,6.11,1674100.0,10623894.0
2011-10-10,6.11,6.18,6.16,6.11,1314436.0,8234982.0
2011-09-30,6.10,6.22,6.09,6.07,1824855.0,11396748.0
2011-09-29,6.34,6.34,6.09,6.08,2556336.0,16077384.0
2011-09-28,6.56,6.57,6.35,6.28,2208119.0,14486720.0
2011-09-27,6.50,6.55,6.52,6.47,1618645.0,10740564.0
2011-09-26,6.51,6.61,6.47,6.46,1573110.0,10461948.0
2011-09-23,6.54,6.58,6.52,6.47,2194745.0,14597419.0
2011-09-22,6.77,6.77,6.60,6.60,2293742.0,15613371.0
2011-09-21,6.62,6.81,6.77,6.58,2535099.0,17388180.0
2011-09-20,6.57,6.68,6.62,6.56,1299336.0,8768428.0
2011-09-19,6.73,6.76,6.58,6.57,1820167.0,12341421.0
2011-09-16,6.83,6.83,6.74,6.69,1726052.0,11890081.0
2011-09-15,6.88,6.91,6.77,6.77,3143641.0,21905298.0
2011-09-14,6.83,6.90,6.88,6.74,5630436.0,39228384.0
2011-09-13,6.57,6.86,6.84,6.49,4265565.0,29111196.0
2011-09-09,6.67,6.75,6.66,6.62,1546466.0,10512325.0
2011-09-08,6.74,6.82,6.67,6.64,2847592.0,19510048.0
2011-09-07,6.60,6.68,6.67,6.53,2196092.0,14832997.0
2011-09-06,6.56,6.59,6.58,6.52,1619098.0,10826296.0
2011-09-05,6.62,6.68,6.60,6.53,2061725.0,13843809.0
2011-09-02,6.77,6.81,6.67,6.59,3125141.0,21238558.0
2011-09-01,7.00,7.07,6.79,6.79,7973101.0,56252776.0
2011-08-31,6.59,7.11,7.04,6.50,7106152.0,49658712.0
2011-08-30,6.70,6.81,6.60,6.59,2433479.0,16636912.0
2011-08-29,6.77,6.77,6.68,6.67,2670435.0,18244886.0
2011-08-26,6.78,6.84,6.78,6.73,3066763.0,21197650.0
2011-08-25,6.65,6.79,6.78,6.59,3382926.0,23136848.0
2011-08-24,6.67,6.79,6.61,6.60,2892782.0,19775162.0
2011-08-23,6.53,6.65,6.65,6.53,2867430.0,19313480.0
2011-08-22,6.52,6.63,6.54,6.52,2525555.0,16906780.0
2011-08-19,6.57,6.63,6.54,6.45,4090688.0,27228594.0
2011-08-18,6.85,6.87,6.71,6.70,3173060.0,21951412.0
2011-08-17,6.82,6.90,6.83,6.77,3051070.0,21244016.0
2011-08-16,6.95,7.02,6.87,6.84,4641195.0,32699908.0
2011-08-15,6.91,6.99,6.95,6.87,4415357.0,31212772.0
2011-08-12,6.87,7.18,6.93,6.83,13504882.0,96014360.0
2011-08-11,6.29,7.02,7.01,6.19,11754259.0,79326824.0
2011-08-10,6.53,6.59,6.39,6.36,5459829.0,36143424.0
2011-08-09,6.32,6.49,6.39,5.98,8774158.0,55792240.0
2011-08-08,6.92,7.04,6.54,6.40,8017224.0,54766196.0
2011-08-05,7.11,7.20,7.10,6.87,4851506.0,35179636.0
2011-08-04,7.32,7.41,7.32,7.29,3775910.0,28282782.0
2011-08-03,7.26,7.34,7.30,7.18,4440697.0,32920620.0
2011-08-02,7.45,7.45,7.30,7.19,5319315.0,39471608.0
2011-08-01,7.42,7.53,7.48,7.32,5371448.0,40662128.0
2011-07-29,7.71,7.76,7.42,7.40,8654774.0,66603188.0
2011-07-28,7.87,7.87,7.71,7.63,10875485.0,85652200.0
2011-07-27,7.93,8.04,7.95,7.73,18472560.0,148779472.0
2011-07-26,7.70,8.05,8.04,7.56,32950838.0,264802400.0
2011-07-25,7.45,7.91,7.75,7.16,25010424.0,194781712.0
2011-07-22,7.28,7.47,7.46,7.28,4414338.0,33221972.0
2011-07-21,7.42,7.44,7.28,7.27,3629758.0,27124332.0
2011-07-20,7.44,7.54,7.42,7.34,3478158.0,26300476.0
2011-07-19,7.58,7.58,7.44,7.41,4425852.0,33704256.0
2011-07-18,7.72,7.75,7.61,7.57,8090894.0,63182696.0
2011-07-15,7.53,7.70,7.67,7.45,9877616.0,76885920.0
2011-07-14,7.40,7.54,7.54,7.36,7865786.0,60217752.0
2011-07-13,7.31,7.39,7.37,7.28,4225539.0,31893352.0
2011-07-12,7.38,7.38,7.28,7.27,3682322.0,27581312.0
2011-07-11,7.28,7.42,7.40,7.27,4320942.0,32634166.0
2011-07-08,7.36,7.38,7.29,7.24,4891124.0,36710144.0
2011-07-07,7.36,7.43,7.36,7.32,6581518.0,49810944.0
2011-07-06,7.41,7.41,7.39,7.31,5939313.0,44758184.0
2011-07-05,7.38,7.44,7.42,7.32,10097013.0,76312504.0
2011-07-04,7.42,7.50,7.49,7.32,7833077.0,59672048.0
2011-07-01,7.50,7.64,7.42,7.40,10536636.0,80526232.0
2011-06-30,7.50,7.88,7.57,7.47,16963108.0,132992864.0
2011-06-29,7.44,7.59,7.54,7.36,7755067.0,59254004.0
2011-06-28,7.20,7.59,7.53,7.15,14048148.0,106538560.0
2011-06-27,7.13,7.26,7.25,7.03,7271119.0,53431816.0
2011-06-24,6.95,7.17,7.13,6.95,5697408.0,41529420.0
2011-06-22,6.80,6.95,6.90,6.80,1926853.0,13594843.0
2011-06-21,6.72,6.82,6.82,6.72,1437233.0,10001468.0
2011-06-20,6.74,6.84,6.72,6.67,2518328.0,17413318.0
2011-06-17,6.89,6.94,6.83,6.82,1928610.0,13624938.0
2011-06-16,6.97,7.01,6.89,6.88,2227777.0,15845828.0
2011-06-15,7.11,7.19,7.03,7.02,2407699.0,17563892.0
2011-06-14,7.02,7.15,7.11,7.01,2689133.0,19602458.0
2011-06-13,6.99,7.04,7.01,6.90,1570662.0,11224619.0
2011-06-10,6.96,7.05,7.01,6.85,2915070.0,20791744.0
2011-06-09,7.18,7.18,7.00,6.97,3167009.0,23058184.0
2011-06-08,7.25,7.27,7.21,7.07,4412816.0,32384340.0
2011-06-07,7.00,7.31,7.25,6.95,7244343.0,53778296.0
2011-06-03,7.00,7.07,7.03,6.92,4338374.0,31265870.0
2011-06-02,6.94,7.00,6.97,6.80,5319639.0,37578188.0
2011-06-01,6.93,7.12,7.05,6.88,5973547.0,42945832.0
2011-05-31,7.18,7.26,7.06,6.66,14047536.0,99289472.0
2011-05-30,7.31,7.33,7.18,7.10,3014904.0,22351904.0
2011-05-27,7.66,7.70,7.34,7.22,3742717.0,28444480.0
2011-05-26,7.80,7.85,7.66,7.65,3480933.0,27598884.0
2011-05-25,7.85,7.94,7.78,7.77,2522863.0,20315884.0
2011-05-24,7.99,7.99,7.85,7.80,4100440.0,33041226.0
2011-05-23,8.24,8.24,8.00,7.99,4385245.0,36277980.0
2011-05-20,8.22,8.26,8.21,8.19,1940262.0,16347566.0
2011-05-19,8.28,8.32,8.20,8.20,2576636.0,21834856.0
2011-05-18,8.19,8.32,8.28,8.16,2595285.0,21993456.0
2011-05-17,8.20,8.26,8.21,8.12,3173852.0,26690572.0
2011-05-16,8.35,8.38,8.22,8.20,3774172.0,32108752.0
2011-05-13,8.28,8.35,8.35,8.17,3599385.0,30532684.0
2011-05-12,8.43,8.43,8.30,8.28,3970472.0,34005588.0
2011-05-11,8.48,8.48,8.44,8.40,3339885.0,28932280.0
2011-05-10,8.48,8.51,8.46,8.38,2733662.0,23659536.0
2011-05-09,8.43,8.54,8.45,8.42,3358628.0,29168892.0
2011-05-06,8.35,8.44,8.43,8.28,3451005.0,29689972.0
2011-05-05,8.30,8.43,8.37,8.29,3516631.0,30155074.0
2011-05-04,8.58,8.58,8.34,8.29,4847298.0,41899228.0
2011-05-03,8.50,8.60,8.58,8.50,2714000.0,23839460.0
2011-04-29,8.32,8.51,8.50,8.28,2893949.0,24985532.0
2011-04-28,8.61,8.67,8.36,8.35,5045764.0,44092104.0
2011-04-27,8.65,8.75,8.61,8.53,4504199.0,39875772.0
2011-04-26,8.70,8.80,8.65,8.58,5433091.0,48246672.0
2011-04-25,8.87,8.88,8.69,8.67,7205409.0,64604976.0
2011-04-22,9.07,9.07,8.90,8.89,9804072.0,89915048.0
2011-04-21,9.16,9.34,9.08,9.06,20772312.0,195879648.0
2011-04-20,8.72,9.35,9.20,8.65,23586612.0,219228560.0
2011-04-19,8.71,8.80,8.74,8.58,8148142.0,72313960.0
2011-04-18,8.82,8.82,8.74,8.69,7179784.0,64424816.0
2011-04-15,8.84,8.87,8.82,8.74,5588824.0,50428448.0
2011-04-14,8.94,8.96,8.80,8.78,7066141.0,64266136.0
2011-04-13,8.82,8.96,8.92,8.74,7548744.0,68637072.0
2011-04-12,8.85,8.95,8.84,8.75,10117496.0,91747576.0
2011-04-11,8.69,8.93,8.89,8.65,11641735.0,105087064.0
2011-04-08,8.68,8.73,8.69,8.62,5905153.0,52668112.0
2011-04-07,8.74,8.76,8.68,8.62,4671103.0,41558416.0
2011-04-06,8.70,8.79,8.74,8.67,4448876.0,39758856.0
2011-04-01,8.53,8.70,8.70,8.53,4298673.0,38104212.0
2011-03-31,8.64,8.69,8.53,8.50,6203424.0,54590264.0
2011-03-30,8.77,8.77,8.64,8.55,9030036.0,80154512.0
2011-03-29,8.95,8.95,8.77,8.77,12795948.0,115693792.0
2011-03-28,9.03,9.05,8.95,8.93,8111009.0,74604544.0
2011-03-25,9.01,9.04,9.01,8.95,6656088.0,61384716.0
2011-03-24,8.97,9.07,8.99,8.92,6813258.0,62909160.0
2011-03-23,8.93,8.98,8.97,8.89,4882921.0,44820780.0
2011-03-22,8.88,8.97,8.93,8.83,4767283.0,43517568.0
2011-03-21,9.04,9.05,8.91,8.88,8950491.0,82067768.0
2011-03-18,9.07,9.22,9.06,9.04,6467854.0,60459752.0
2011-03-17,9.30,9.30,9.04,8.97,11210983.0,105009896.0
2011-03-16,9.32,9.41,9.33,9.25,11121405.0,106090280.0
2011-03-15,9.50,9.51,9.34,9.08,22131404.0,211383696.0
2011-03-14,8.98,9.49,9.48,8.96,28608108.0,272466592.0
2011-03-11,8.96,9.11,9.00,8.93,8143032.0,75378360.0
2011-03-10,9.02,9.10,8.99,8.95,9279449.0,85790096.0
2011-03-09,9.11,9.13,9.04,8.99,8413581.0,77958992.0
2011-03-08,9.14,9.14,9.11,8.97,9241814.0,85826496.0
2011-03-07,9.06,9.13,9.11,9.01,11214767.0,104373072.0
2011-03-04,9.04,9.09,9.07,8.93,7175261.0,66358712.0
2011-03-03,9.33,9.35,9.04,9.03,11250420.0,105765544.0
2011-03-02,9.28,9.35,9.30,9.11,13431972.0,127217952.0
2011-03-01,9.10,9.34,9.21,9.07,14647031.0,138698832.0
2011-02-28,9.10,9.11,9.10,8.94,9778225.0,90782904.0
2011-02-25,8.97,9.13,9.08,8.90,13481789.0,125155968.0
2011-02-24,8.82,9.00,8.97,8.69,11862267.0,108067512.0
2011-02-23,8.77,8.90,8.84,8.67,10912576.0,98132648.0
2011-02-22,9.09,9.13,8.81,8.79,9141067.0,83812504.0
2011-02-21,8.90,9.09,9.08,8.87,7377651.0,68123728.0
2011-02-18,9.01,9.04,8.94,8.86,6098956.0,55938008.0
2011-02-17,9.06,9.11,9.00,8.92,7126451.0,65673080.0
2011-02-16,8.95,9.09,9.05,8.91,6328055.0,58576012.0
2011-02-15,8.97,9.12,8.95,8.88,8193044.0,75598568.0
2011-02-14,8.86,8.97,8.94,8.83,7406487.0,67735584.0
2011-02-11,8.87,8.93,8.83,8.74,6984834.0,63412460.0
2011-02-10,8.43,8.87,8.83,8.34,8256716.0,73778112.0
2011-02-09,8.58,8.62,8.48,8.45,3988862.0,34931808.0
2011-02-01,8.45,8.64,8.61,8.45,4354917.0,38224164.0
2011-01-31,8.37,8.46,8.44,8.32,3422014.0,29516492.0
2011-01-28,8.29,8.43,8.38,8.24,4787052.0,41140896.0
2011-01-27,8.10,8.33,8.30,7.99,4682115.0,39510068.0
2011-01-26,8.00,8.14,8.10,8.00,3025410.0,25128226.0
2011-01-25,8.27,8.27,7.99,7.97,4415329.0,36650148.0
2011-01-24,8.58,8.62,8.24,8.23,5344906.0,46041704.0
2011-01-21,8.54,8.64,8.58,8.49,4143702.0,36420696.0
2011-01-20,8.92,8.92,8.56,8.55,6043948.0,53918784.0
2011-01-19,8.80,8.95,8.92,8.77,4167488.0,37893420.0
2011-01-18,8.80,8.84,8.77,8.69,3734178.0,33552708.0
2011-01-17,9.06,9.07,8.79,8.77,7405899.0,67297488.0
2011-01-14,9.16,9.35,9.17,9.11,4914611.0,46494376.0
2011-01-13,9.26,9.26,9.22,9.14,3320314.0,31308340.0
2011-01-12,9.09,9.21,9.20,9.06,3522980.0,33045302.0
2011-01-11,9.11,9.13,9.07,9.00,5257730.0,48867496.0
2011-01-10,9.48,9.51,9.13,9.10,8996466.0,85608304.0
2011-01-07,9.55,9.69,9.52,9.40,6758598.0,66077556.0
2011-01-06,9.72,9.74,9.58,9.53,6533859.0,64272864.0
2011-01-05,9.63,9.88,9.70,9.54,8474265.0,84664128.0
2011-01-04,9.65,9.72,9.66,9.46,8973648.0,88155416.0
