date,open,high,close,low,volume,amount
2015-11-27,8.13,8.31,7.51,7.45,31484146.0,249164384.0
2015-11-26,8.15,8.64,8.28,7.96,48771144.0,404047552.0
2015-11-25,8.13,8.25,8.15,8.05,19178516.0,156221520.0
2015-11-24,8.05,8.15,8.11,7.90,19636932.0,157353680.0
2015-11-23,8.03,8.28,8.04,7.99,43385216.0,351153600.0
2015-11-20,7.70,8.08,8.03,7.66,48233756.0,383583040.0
2015-11-19,7.56,7.73,7.70,7.56,11851439.0,90838448.0
2015-11-18,7.75,7.84,7.59,7.55,12904873.0,99539224.0
2015-11-17,7.89,7.96,7.80,7.76,22600372.0,177949232.0
2015-11-16,7.42,7.97,7.91,7.34,19622018.0,150285392.0
2015-11-13,7.71,7.71,7.50,7.31,24659902.0,185661344.0
2015-11-12,7.88,8.09,7.79,7.70,30942398.0,243310704.0
2015-11-11,8.01,8.06,7.90,7.81,27573628.0,218108304.0
2015-11-10,7.68,8.23,8.07,7.61,42244932.0,334182720.0
2015-11-09,7.54,7.96,7.76,7.54,38377524.0,297769856.0
2015-11-06,7.80,7.97,7.79,7.54,56623944.0,440551744.0
2015-11-05,7.29,7.78,7.64,7.20,52490932.0,393074592.0
2015-11-04,7.00,7.35,7.30,6.96,33497184.0,241621984.0
2015-11-03,6.85,7.04,7.02,6.80,15843020.0,109841152.0
2015-11-02,6.90,7.04,6.85,6.80,16106061.0,111579808.0
2015-10-30,7.10,7.26,7.04,6.92,25151992.0,178782240.0
2015-10-29,6.88,7.38,7.18,6.85,48281536.0,345626016.0
2015-10-28,6.80,7.02,6.87,6.70,34115272.0,234520848.0
2015-10-27,6.86,6.87,6.84,6.49,22606298.0,152179984.0
2015-10-26,6.99,6.99,6.87,6.74,29714286.0,204089664.0
2015-10-23,6.85,6.92,6.85,6.70,28812720.0,196334960.0
2015-10-22,6.60,6.79,6.73,6.48,26507088.0,176185488.0
2015-10-21,7.05,7.10,6.54,6.36,44407136.0,297979136.0
2015-10-20,6.84,7.15,7.02,6.81,43977220.0,305661888.0
2015-10-19,6.89,6.91,6.79,6.72,27675370.0,188332832.0
2015-10-16,6.88,6.95,6.93,6.63,47558480.0,323804224.0
2015-10-15,6.66,6.87,6.85,6.60,29751904.0,200419936.0
2015-10-14,6.67,6.88,6.66,6.59,28930336.0,194660832.0
2015-10-13,6.66,6.76,6.68,6.50,35364052.0,234483984.0
2015-10-12,6.65,7.10,6.78,6.50,68492888.0,466677056.0
2015-10-09,6.10,6.74,6.57,6.01,67109152.0,441764320.0
2015-10-08,6.00,6.17,6.13,5.88,25351468.0,152381984.0
2015-09-30,5.76,5.79,5.75,5.62,8306952.0,47601768.0
2015-09-29,5.67,5.77,5.73,5.65,8863628.0,50567112.0
2015-09-28,5.85,5.85,5.82,5.65,9497925.0,54723172.0
2015-09-25,5.86,5.99,5.78,5.71,19421558.0,113472864.0
2015-09-24,5.84,5.94,5.92,5.78,15962868.0,93725464.0
2015-09-23,5.86,5.92,5.82,5.75,17625686.0,102688480.0
2015-09-22,6.00,6.08,6.00,5.82,27426662.0,163368416.0
2015-09-21,5.61,5.96,5.92,5.56,19425936.0,112887640.0
2015-09-18,5.71,5.85,5.74,5.60,16051854.0,91887784.0
2015-09-17,5.75,6.05,5.61,5.55,27768038.0,161612176.0
2015-09-16,5.31,5.78,5.78,5.28,22248078.0,122539056.0
2015-09-15,5.22,5.69,5.25,5.20,31968100.0,171530608.0
2015-09-14,6.40,6.51,5.78,5.78,55019496.0,325572512.0
2015-09-11,6.29,6.47,6.42,6.22,22487092.0,142739456.0
2015-09-10,6.10,6.67,6.38,6.10,50293556.0,323199200.0
2015-09-09,5.80,6.30,6.30,5.75,64279372.0,394504096.0
2015-09-08,5.36,5.75,5.73,5.28,22896128.0,126021296.0
2015-09-07,5.26,5.57,5.36,5.20,25425918.0,137363696.0
2015-09-02,5.29,5.72,5.19,5.15,28550804.0,153390944.0
2015-09-01,5.85,5.96,5.52,5.45,24937908.0,141316400.0
2015-08-31,6.18,6.22,5.94,5.88,30172628.0,181293040.0
2015-08-28,5.95,6.30,6.29,5.82,42147256.0,253589504.0
2015-08-27,5.57,5.77,5.75,5.12,34435016.0,191134000.0
2015-08-26,5.94,6.16,5.41,5.37,46839916.0,272026400.0
2015-08-25,5.90,6.16,5.90,5.90,35494876.0,210471424.0
2015-08-24,6.72,6.96,6.55,6.55,28668494.0,190413248.0
2015-08-21,7.80,7.98,7.28,7.20,33905240.0,255826784.0
2015-08-20,7.75,8.30,7.87,7.70,46399976.0,375687648.0
2015-08-19,7.50,8.06,7.95,7.10,42541716.0,321860992.0
2015-08-18,8.75,8.81,7.87,7.87,52437808.0,432156960.0
2015-08-17,8.50,8.75,8.74,8.30,47465164.0,407014240.0
2015-08-14,8.48,8.76,8.56,8.37,47369656.0,406328672.0
2015-08-13,8.02,8.53,8.48,7.96,42071772.0,347964480.0
2015-08-12,8.06,8.25,8.06,7.98,35138828.0,284457728.0
2015-08-11,8.21,8.50,8.24,8.08,56711936.0,471812480.0
2015-08-10,7.48,8.13,8.13,7.45,63962028.0,502584448.0
2015-08-07,7.10,7.42,7.39,7.10,39793388.0,290661984.0
2015-08-06,6.90,7.16,7.05,6.74,27434528.0,192246352.0
2015-08-05,7.27,7.35,7.04,6.99,37836656.0,271437088.0
2015-08-04,6.75,7.24,7.22,6.74,38888620.0,272405312.0
2015-08-03,7.09,7.09,6.70,6.44,38111620.0,256307504.0
2015-07-31,7.13,7.38,7.16,7.00,31862444.0,228499120.0
2015-07-30,7.80,7.93,7.30,7.21,49798872.0,385154176.0
2015-07-29,7.45,7.96,7.81,6.95,47474720.0,351354784.0
2015-07-28,7.28,7.90,7.24,7.09,52319912.0,385428288.0
2015-07-27,8.56,8.97,7.88,7.88,63056504.0,534298048.0
2015-07-24,8.61,9.32,8.75,8.45,70345800.0,628938752.0
2015-07-23,8.38,8.77,8.65,8.17,52388480.0,445141472.0
2015-07-22,8.19,8.57,8.37,8.06,45930904.0,381352544.0
2015-07-21,8.20,8.61,8.29,8.00,49900528.0,419054816.0
2015-07-20,7.90,8.39,8.37,7.76,62491224.0,509945952.0
2015-07-17,7.36,8.00,7.91,7.28,51162724.0,392127616.0
2015-07-16,6.66,7.51,7.30,6.53,59136112.0,422449248.0
2015-07-15,7.90,7.90,7.05,6.78,109990312.0,826960576.0
2015-07-14,7.18,7.18,7.18,7.18,764412.0,5488478.0
2015-07-13,6.53,6.53,6.53,6.53,1504010.0,9821185.0
2015-07-08,5.94,5.94,5.94,5.94,5731800.0,34046892.0
2015-07-07,6.78,7.00,6.60,6.60,26682074.0,177829504.0
2015-07-06,8.94,8.95,7.33,7.33,71972584.0,567203456.0
2015-07-03,8.56,9.30,8.14,8.14,52624120.0,442276512.0
2015-07-02,10.21,10.37,9.04,9.04,66077436.0,634593216.0
2015-07-01,10.69,11.15,10.04,9.82,52792192.0,567374528.0
2015-06-30,9.56,10.81,10.71,8.85,61055232.0,593385216.0
2015-06-29,10.91,11.28,9.83,9.81,63046296.0,650489408.0
2015-06-26,11.65,11.71,10.90,10.90,48819336.0,545880192.0
2015-06-25,13.00,13.13,12.11,11.89,36425728.0,458649792.0
2015-06-24,12.57,13.20,12.97,12.30,44943760.0,577326464.0
2015-06-23,12.03,12.74,12.54,11.29,53623280.0,641055808.0
2015-06-19,13.40,13.88,12.54,12.54,46402812.0,604741376.0
2015-06-18,14.82,15.11,13.93,13.80,50221396.0,734793344.0
2015-06-17,14.55,14.99,14.78,13.90,50320088.0,726746240.0
2015-06-16,13.90,15.20,14.57,13.58,72745288.0,1037744256.0
2015-06-15,15.07,15.25,14.27,14.20,68734240.0,1005624512.0
2015-06-12,14.68,15.46,15.07,14.50,70388312.0,1058222528.0
2015-06-11,13.84,14.70,14.67,13.62,64374252.0,904679552.0
2015-06-10,13.60,14.15,13.88,13.31,54661496.0,762534720.0
2015-06-09,13.50,14.00,13.75,13.12,60167584.0,818678400.0
2015-06-08,13.50,14.20,13.52,13.40,76896216.0,1055604672.0
2015-06-05,13.31,14.33,13.87,13.30,92766576.0,1284366336.0
2015-06-04,12.12,13.18,13.15,11.21,82410192.0,1003891968.0
2015-06-03,12.39,12.94,12.20,11.90,104076200.0,1297003904.0
2015-06-02,11.03,11.97,11.97,10.90,83649440.0,969462592.0
2015-06-01,10.08,10.89,10.88,9.98,67324040.0,708266944.0
2015-05-29,10.03,10.30,9.99,9.36,65288468.0,648443584.0
2015-05-28,10.70,11.33,10.03,9.75,87974728.0,937880320.0
2015-05-27,10.55,10.99,10.78,10.11,77755160.0,817677888.0
2015-05-26,10.13,10.54,10.51,9.90,84877392.0,870299456.0
2015-05-25,9.85,10.45,10.13,9.70,92861144.0,934645888.0
2015-05-22,9.12,9.85,9.74,9.03,94516600.0,899518272.0
2015-05-21,8.81,9.09,9.06,8.75,47804248.0,430368512.0
2015-05-20,8.78,9.15,8.85,8.74,47676396.0,426605184.0
2015-05-19,8.51,8.81,8.78,8.46,34139160.0,297490208.0
2015-05-18,8.60,8.64,8.51,8.45,30748656.0,262411808.0
2015-05-15,9.01,9.06,8.72,8.59,40991072.0,360559584.0
2015-05-14,8.77,8.90,8.89,8.61,40401504.0,352782208.0
2015-05-13,8.61,8.97,8.77,8.52,43098260.0,378040320.0
2015-05-12,8.67,8.74,8.68,8.58,28370280.0,245722528.0
2015-05-11,8.54,8.68,8.67,8.39,31096030.0,266467888.0
2015-05-08,8.15,8.45,8.42,8.06,29280956.0,240752688.0
2015-05-07,8.30,8.35,8.12,8.03,29233662.0,239625312.0
2015-05-06,8.80,8.88,8.36,8.27,33485880.0,288881536.0
2015-05-05,9.19,9.21,8.70,8.62,42007196.0,374479264.0
2015-05-04,9.10,9.38,9.22,9.08,36580260.0,337583424.0
2015-04-30,9.24,9.51,9.08,9.06,47944588.0,445953312.0
2015-04-29,8.84,9.44,9.23,8.79,58939088.0,542770432.0
2015-04-28,9.30,9.35,8.84,8.80,48167320.0,434749920.0
2015-04-27,9.41,9.58,9.29,9.19,50838632.0,474426368.0
2015-04-24,9.36,9.68,9.39,9.18,58956088.0,556036480.0
2015-04-23,9.09,9.72,9.52,8.96,83668704.0,780212480.0
2015-04-22,8.80,9.15,9.09,8.80,61256164.0,553370560.0
2015-04-21,8.55,8.77,8.76,8.44,36293728.0,313044384.0
2015-04-20,8.72,9.00,8.56,8.42,63814052.0,557296512.0
2015-04-17,8.68,8.97,8.73,8.62,51449912.0,451463104.0
2015-04-16,8.48,8.76,8.67,8.15,42899120.0,362260256.0
2015-04-15,8.93,8.96,8.55,8.53,36687104.0,320071424.0
2015-04-14,9.24,9.24,8.99,8.94,41151912.0,372222752.0
2015-04-13,9.20,9.30,9.23,8.91,47656472.0,435077088.0
2015-04-10,8.90,9.14,9.04,8.75,40338152.0,363773984.0
2015-04-09,9.18,9.28,8.93,8.52,53128240.0,473535104.0
2015-04-08,9.15,9.20,9.10,8.80,57886052.0,523116608.0
2015-04-07,8.41,9.23,9.06,8.41,69586936.0,614237248.0
2015-04-03,8.29,8.63,8.39,8.18,50673512.0,427723648.0
2015-04-02,7.90,8.37,8.30,7.88,67451160.0,550425216.0
2015-04-01,7.78,7.97,7.90,7.66,40526748.0,317944448.0
2015-03-31,7.86,7.98,7.77,7.75,35071328.0,274625088.0
2015-03-30,7.76,7.98,7.86,7.71,40314728.0,316762400.0
2015-03-27,7.66,7.84,7.73,7.65,31513700.0,243888720.0
2015-03-26,7.67,7.81,7.71,7.58,33460156.0,258005904.0
2015-03-25,7.83,7.83,7.70,7.62,39537672.0,304729216.0
2015-03-24,8.05,8.08,7.84,7.58,56339268.0,441583552.0
2015-03-23,7.82,8.18,8.01,7.80,57409264.0,459112064.0
2015-03-20,7.78,7.91,7.80,7.70,35526348.0,276582048.0
2015-03-19,7.83,7.98,7.78,7.70,61415016.0,481732000.0
2015-03-18,7.38,7.99,7.88,7.34,77012280.0,586611648.0
2015-03-17,7.60,7.62,7.43,7.33,54144684.0,404492288.0
2015-03-16,7.44,7.56,7.50,7.33,45507084.0,337920608.0
2015-03-13,7.30,7.47,7.37,7.21,43508424.0,319748704.0
2015-03-12,7.27,7.50,7.29,7.11,51798152.0,377523424.0
2015-03-11,7.18,7.31,7.20,7.11,39890520.0,286441408.0
2015-03-10,7.13,7.39,7.20,7.05,66037092.0,479877728.0
2015-03-09,7.25,7.30,7.17,6.97,103608096.0,740495168.0
2015-03-06,6.64,7.27,7.27,6.60,164632208.0,1171429248.0
2015-03-05,6.54,6.64,6.61,6.51,29319944.0,192657424.0
2015-03-04,6.54,6.57,6.54,6.47,28589280.0,186755968.0
2015-03-03,6.59,6.76,6.56,6.49,43817448.0,289300320.0
2015-03-02,6.60,6.66,6.62,6.54,30095784.0,198659808.0
2015-02-27,6.56,6.65,6.54,6.50,27737572.0,181948080.0
2015-02-26,6.45,6.59,6.54,6.44,22408168.0,146019008.0
2015-02-25,6.55,6.58,6.49,6.45,11588446.0,75223688.0
2015-02-17,6.45,6.56,6.54,6.42,25067382.0,163036096.0
2015-02-16,6.37,6.49,6.42,6.35,12865391.0,82674576.0
2015-02-13,6.44,6.48,6.38,6.37,15719474.0,100895104.0
2015-02-12,6.26,6.39,6.36,6.26,12569102.0,79564688.0
2015-02-11,6.26,6.31,6.27,6.22,7155118.0,44884184.0
2015-02-10,6.25,6.32,6.26,6.22,6336128.0,39658352.0
2015-02-09,6.18,6.30,6.28,6.12,10300178.0,64160448.0
2015-02-06,6.21,6.28,6.18,6.10,17891488.0,110763256.0
2015-02-05,6.38,6.43,6.27,6.24,17809704.0,112254360.0
2015-02-04,6.36,6.46,6.34,6.32,18425972.0,117908048.0
2015-02-03,6.24,6.35,6.34,6.24,11460398.0,72296944.0
2015-02-02,6.31,6.39,6.28,6.21,16768088.0,105604168.0
2015-01-30,6.44,6.54,6.40,6.34,14246018.0,91578792.0
2015-01-29,6.33,6.49,6.44,6.29,17328052.0,111019504.0
2015-01-28,6.40,6.45,6.38,6.34,19997400.0,127631696.0
2015-01-27,6.50,6.65,6.46,6.37,36988088.0,240840528.0
2015-01-26,6.40,6.50,6.46,6.32,21440310.0,137695920.0
2015-01-23,6.50,6.56,6.39,6.36,20793052.0,133801416.0
2015-01-22,6.36,6.55,6.46,6.29,33731388.0,218198096.0
2015-01-21,6.19,6.40,6.34,6.17,19527828.0,122681872.0
2015-01-20,6.04,6.23,6.19,6.04,12547389.0,77198608.0
2015-01-19,6.28,6.36,6.03,6.00,27719416.0,170750560.0
2015-01-16,6.47,6.62,6.41,6.33,21151864.0,135964992.0
2015-01-15,6.18,6.53,6.40,6.11,24800856.0,157348544.0
2015-01-14,6.23,6.27,6.17,6.13,14933747.0,92352128.0
2015-01-13,6.11,6.25,6.24,6.11,12828790.0,79626216.0
2015-01-12,6.35,6.35,6.19,6.09,21971968.0,136146304.0
2015-01-09,6.40,6.48,6.40,6.36,22412924.0,143705584.0
2015-01-08,6.45,6.48,6.40,6.34,22259328.0,142640400.0
2015-01-07,6.39,6.66,6.46,6.34,33340400.0,216894576.0
2015-01-06,6.47,6.58,6.42,6.29,33308568.0,213798032.0
2015-01-05,6.16,6.60,6.54,6.14,56171468.0,360607392.0
2014-12-31,6.12,6.17,6.16,6.05,16001108.0,97850456.0
2014-12-30,6.28,6.35,6.10,6.06,20150564.0,124627256.0
2014-12-29,6.37,6.45,6.28,6.25,25148120.0,159569664.0
2014-12-26,6.34,6.42,6.41,6.30,23759012.0,151049904.0
2014-12-25,6.26,6.35,6.34,6.23,22832748.0,143633984.0
2014-12-24,6.28,6.36,6.28,6.23,17476168.0,109876768.0
2014-12-23,6.60,6.65,6.28,6.21,33499100.0,214255312.0
2014-12-22,6.85,6.95,6.75,6.58,53305312.0,360806176.0
2014-12-19,6.54,6.80,6.73,6.53,47503612.0,316956672.0
2014-12-18,6.47,6.76,6.59,6.46,27231136.0,181314800.0
2014-12-17,6.78,6.78,6.53,6.45,23498470.0,154673584.0
2014-12-16,6.61,6.81,6.69,6.58,36892404.0,246316800.0
2014-12-15,6.42,6.61,6.60,6.41,24461330.0,159869104.0
2014-12-12,6.60,6.71,6.59,6.49,28528564.0,187971696.0
2014-12-11,6.37,6.57,6.56,6.27,29907392.0,191386352.0
2014-12-10,6.18,6.43,6.40,6.10,34630972.0,218294640.0
2014-12-09,6.55,6.73,6.19,6.06,64549500.0,418750912.0
2014-12-08,6.43,6.75,6.55,6.31,38290016.0,250800656.0
2014-12-05,6.84,6.84,6.47,6.29,50241704.0,330318272.0
2014-12-04,6.85,6.94,6.84,6.68,52720116.0,359086368.0
2014-12-03,6.38,6.95,6.77,6.33,72963408.0,490073632.0
2014-12-02,6.40,6.48,6.41,6.25,36261012.0,230580400.0
2014-12-01,6.50,6.57,6.40,6.35,34693220.0,224467776.0
2014-11-28,6.61,6.63,6.46,6.34,35962236.0,232723328.0
2014-11-27,6.42,6.71,6.59,6.40,44752472.0,293114496.0
2014-11-26,6.16,6.75,6.54,6.06,78588808.0,511621632.0
2014-11-25,6.00,6.17,6.14,6.00,35444928.0,215954208.0
2014-11-24,6.03,6.09,6.03,5.95,36941644.0,222386368.0
2014-11-21,5.91,5.97,5.94,5.83,17761512.0,105009456.0
2014-11-20,5.95,6.02,5.92,5.86,14401407.0,85552016.0
2014-11-19,5.93,6.00,5.97,5.79,27567920.0,163215136.0
2014-11-18,5.88,6.01,5.93,5.85,26976266.0,160570000.0
2014-11-17,5.87,5.94,5.88,5.80,22950632.0,135193264.0
2014-11-14,5.85,5.95,5.82,5.76,29313918.0,171485040.0
2014-11-13,5.55,6.09,5.92,5.48,50974760.0,298313408.0
2014-11-12,5.45,5.56,5.55,5.42,9740370.0,53713992.0
2014-11-11,5.65,5.72,5.49,5.42,19848980.0,111113152.0
2014-11-10,5.55,5.68,5.66,5.53,16006309.0,89631880.0
2014-11-07,5.66,5.69,5.55,5.52,15910759.0,89184512.0
2014-11-06,5.65,5.75,5.66,5.61,11635858.0,65823752.0
2014-11-05,5.78,5.80,5.70,5.65,16216349.0,92678416.0
2014-11-04,5.68,5.84,5.81,5.63,28353216.0,163440288.0
2014-11-03,5.70,5.72,5.67,5.60,17177746.0,97116272.0
2014-10-31,5.69,5.75,5.70,5.62,17141268.0,97414368.0
2014-10-30,5.62,5.74,5.68,5.57,16499529.0,93298000.0
2014-10-29,5.58,5.64,5.62,5.51,13787278.0,76931592.0
2014-10-28,5.43,5.58,5.58,5.43,8021076.0,44339212.0
2014-10-27,5.44,5.49,5.48,5.34,5311116.0,28604456.0
2014-10-24,5.58,5.58,5.47,5.45,6268974.0,34272868.0
2014-10-23,5.55,5.59,5.44,5.42,10272069.0,55972548.0
2014-10-22,5.63,5.67,5.56,5.54,6473965.0,36008128.0
2014-10-21,5.65,5.69,5.61,5.59,7249852.0,40551384.0
2014-10-20,5.56,5.72,5.66,5.56,9752071.0,54582684.0
2014-10-17,5.74,5.77,5.58,5.53,14574509.0,81173352.0
2014-10-16,5.82,5.84,5.74,5.74,15184772.0,87310488.0
2014-10-15,5.86,5.96,5.89,5.84,12252619.0,71761288.0
2014-10-14,5.98,6.00,5.86,5.84,17143352.0,100384912.0
2014-10-13,5.92,6.02,5.98,5.87,24177884.0,143157184.0
2014-10-10,5.87,5.96,5.93,5.80,27678936.0,162596416.0
2014-10-09,5.73,5.87,5.87,5.69,26239208.0,150742592.0
2014-10-08,5.75,5.76,5.74,5.66,26232184.0,148797824.0
2014-09-30,5.66,5.80,5.77,5.66,19737204.0,112672232.0
2014-09-29,5.60,5.66,5.65,5.60,13196120.0,73763912.0
2014-09-26,5.57,5.65,5.61,5.52,9358133.0,51917720.0
2014-09-25,5.68,5.69,5.60,5.56,14203086.0,79354544.0
2014-09-24,5.56,5.67,5.66,5.50,13153788.0,73331792.0
2014-09-23,5.48,5.58,5.56,5.45,10137397.0,55782104.0
2014-09-22,5.61,5.61,5.49,5.44,13633439.0,74842736.0
2014-09-19,5.65,5.67,5.63,5.54,18014744.0,100348648.0
2014-09-18,5.67,5.67,5.64,5.52,11298412.0,62897112.0
2014-09-17,5.68,5.73,5.67,5.59,12643307.0,70983728.0
2014-09-16,5.89,5.93,5.67,5.65,16897132.0,97775872.0
2014-09-15,5.87,5.94,5.90,5.80,14806199.0,86646944.0
2014-09-12,5.91,5.91,5.87,5.78,16742259.0,97002632.0
2014-09-11,5.94,6.02,5.91,5.85,15483519.0,91346408.0
2014-09-10,5.91,5.97,5.94,5.81,13909834.0,81201904.0
2014-09-09,6.01,6.08,5.96,5.95,19349272.0,115571840.0
2014-09-05,5.81,6.03,6.00,5.81,26924178.0,159478976.0
2014-09-04,5.83,5.85,5.81,5.67,15885205.0,90783416.0
2014-09-03,5.78,5.88,5.82,5.75,15096286.0,87162464.0
2014-09-02,5.65,5.79,5.78,5.63,20436172.0,116120768.0
2014-09-01,5.84,5.94,5.79,5.34,35244224.0,196683104.0
2014-08-29,5.88,5.95,5.91,5.80,6893035.0,40139584.0
2014-08-28,5.85,5.86,5.86,5.77,6967500.0,40288408.0
2014-08-27,5.83,5.91,5.85,5.77,7056419.0,40893832.0
2014-08-26,5.96,6.03,5.83,5.82,11266376.0,66116784.0
2014-08-25,6.13,6.15,5.97,5.96,12481790.0,74797448.0
2014-08-22,6.18,6.18,6.15,6.10,9202353.0,56036136.0
2014-08-21,6.20,6.32,6.20,6.14,16245598.0,100170712.0
2014-08-20,6.18,6.23,6.17,6.10,11642020.0,71182632.0
2014-08-19,6.22,6.23,6.18,6.10,13827552.0,84528200.0
2014-08-18,5.93,6.27,6.19,5.92,22570820.0,137854688.0
2014-08-15,5.79,5.95,5.93,5.79,10979881.0,64307288.0
2014-08-14,5.99,6.03,5.91,5.91,12310562.0,73142688.0
2014-08-13,6.08,6.09,6.02,5.95,12703044.0,75817696.0
2014-08-12,6.04,6.10,6.07,5.99,11915837.0,71535848.0
2014-08-11,5.98,6.10,6.07,5.97,15570258.0,93785160.0
2014-08-08,6.06,6.12,5.98,5.93,17276184.0,103280840.0
2014-08-07,6.16,6.22,6.09,6.08,16002938.0,97464784.0
2014-08-06,6.09,6.29,6.24,6.04,23514240.0,144553504.0
2014-08-05,6.25,6.32,6.19,6.08,24722356.0,152099552.0
2014-08-04,6.05,6.20,6.16,6.01,23902868.0,144972048.0
2014-08-01,6.20,6.20,6.01,5.97,31604066.0,190175264.0
2014-07-31,6.19,6.35,6.23,6.10,36535984.0,225806384.0
2014-07-30,6.20,6.40,6.19,6.15,59706784.0,369801792.0
2014-07-29,5.85,6.43,6.43,5.77,76879016.0,475180736.0
2014-07-28,5.69,5.96,5.84,5.64,41934076.0,242966064.0
2014-07-25,5.50,5.81,5.69,5.47,33308756.0,187152880.0
2014-07-24,5.44,5.52,5.46,5.34,13702287.0,74027288.0
2014-07-23,5.47,5.60,5.50,5.41,19087320.0,104083904.0
2014-07-22,5.39,5.52,5.47,5.39,21587068.0,117277480.0
2014-07-21,5.31,5.39,5.32,5.28,8745278.0,46112880.0
2014-07-18,5.34,5.39,5.32,5.28,8991322.0,47576216.0
2014-07-17,5.34,5.39,5.32,5.28,10872302.0,57464956.0
2014-07-16,5.38,5.47,5.35,5.32,13512317.0,72075840.0
2014-07-15,5.49,5.49,5.39,5.34,16604217.0,88870416.0
2014-07-14,5.49,5.55,5.50,5.39,14853700.0,80453024.0
2014-07-11,5.64,5.78,5.49,5.40,29236090.0,161119728.0
2014-07-10,5.60,5.99,5.67,5.60,44052636.0,251233264.0
2014-07-09,5.60,5.79,5.66,5.59,16119847.0,91268600.0
2014-07-08,5.57,5.68,5.65,5.46,9898100.0,54829432.0
2014-07-07,5.54,5.59,5.56,5.47,9422227.0,51673704.0
2014-07-04,5.67,5.72,5.57,5.56,11200033.0,62616696.0
2014-07-03,5.74,5.89,5.66,5.60,19189556.0,108655968.0
2014-07-02,5.55,5.60,5.55,5.45,16353106.0,89516400.0
2014-07-01,5.44,5.90,5.64,5.44,29359504.0,166574624.0
2014-06-30,5.49,5.50,5.45,5.31,33417356.0,179851136.0
2014-06-27,5.79,5.87,5.66,5.64,22875704.0,130221040.0
2014-06-26,5.80,5.91,5.83,5.69,19197096.0,110651352.0
2014-06-25,5.92,5.98,5.81,5.77,22861700.0,132927496.0
2014-06-24,5.79,6.04,5.93,5.69,37551648.0,220487440.0
2014-06-23,5.46,5.96,5.78,5.40,40092684.0,227479872.0
2014-06-20,5.28,5.63,5.43,5.23,20380006.0,110196824.0
2014-06-19,5.42,5.46,5.18,5.15,19864736.0,104952360.0
2014-06-18,5.07,5.60,5.48,5.02,30212052.0,160761104.0
2014-06-17,5.21,5.21,5.09,5.01,11899671.0,59988824.0
2014-06-16,5.15,5.38,5.21,5.15,11016842.0,57412940.0
2014-06-13,5.14,5.26,5.15,5.13,15015387.0,77156880.0
2014-06-12,5.07,5.29,5.20,5.00,25526968.0,130651880.0
2014-06-11,5.00,5.11,5.10,4.93,17927008.0,89601808.0
2014-06-10,4.94,5.03,4.98,4.93,8136577.0,40173400.0
2014-06-09,4.91,5.08,4.91,4.89,12867566.0,63520096.0
2014-06-06,4.79,4.82,4.81,4.70,2911617.0,13776215.0
2014-06-05,4.75,4.81,4.80,4.70,3113802.0,14718723.0
2014-06-04,4.80,4.82,4.77,4.66,4389829.0,20654604.0
2014-06-03,4.86,4.95,4.83,4.82,6184323.0,29945656.0
2014-05-30,4.81,4.88,4.86,4.78,5204360.0,25019118.0
2014-05-29,4.85,4.88,4.81,4.78,4704315.0,22489796.0
2014-05-28,4.66,4.88,4.87,4.64,9241059.0,44117896.0
2014-05-27,4.66,4.69,4.66,4.62,2758256.0,12735520.0
2014-05-26,4.67,4.71,4.67,4.64,2941264.0,13604075.0
2014-05-23,4.69,4.70,4.66,4.62,3026022.0,14015477.0
2014-05-22,4.73,4.79,4.68,4.66,4223299.0,19808714.0
2014-05-21,4.68,4.78,4.75,4.58,3397337.0,15902209.0
2014-05-20,4.78,4.81,4.72,4.71,4043354.0,19059742.0
2014-05-19,4.72,4.79,4.73,4.59,5182976.0,24026382.0
2014-05-16,4.68,4.75,4.72,4.67,3954038.0,18493502.0
2014-05-15,4.91,4.96,4.68,4.65,7250220.0,34381704.0
2014-05-14,4.86,4.98,4.88,4.83,6455720.0,31355460.0
2014-05-13,5.02,5.11,4.88,4.86,13610212.0,66787708.0
2014-05-12,4.82,5.03,5.00,4.80,21871600.0,107880032.0
2014-05-09,4.57,4.86,4.79,4.53,12120727.0,57270768.0
2014-05-08,4.56,4.60,4.57,4.43,5876357.0,26472004.0
2014-05-07,4.58,4.65,4.56,4.56,3334104.0,15223230.0
2014-05-06,4.73,4.73,4.60,4.59,6526795.0,30088076.0
2014-05-05,4.70,4.75,4.70,4.66,4077385.0,19055756.0
2014-04-30,4.73,4.87,4.74,4.70,5335397.0,25275608.0
2014-04-29,4.68,4.84,4.76,4.63,5735166.0,27059236.0
2014-04-28,4.72,4.84,4.70,4.62,6339857.0,29808536.0
2014-04-25,4.93,4.94,4.72,4.69,7431694.0,35497584.0
2014-04-24,4.77,5.04,4.92,4.77,11282724.0,55152392.0
2014-04-23,4.63,4.84,4.80,4.58,7730621.0,36178988.0
2014-04-22,4.75,4.83,4.63,4.53,10535773.0,48585484.0
2014-04-21,4.92,5.05,4.75,4.73,7767217.0,37731860.0
2014-04-18,4.86,5.04,4.96,4.86,7128450.0,35260636.0
2014-04-17,4.95,4.98,4.91,4.89,5457508.0,26666336.0
2014-04-16,4.93,5.01,4.94,4.90,6504153.0,31955312.0
2014-04-15,4.99,5.07,4.95,4.89,11116498.0,54759540.0
2014-04-14,4.88,5.12,5.04,4.79,17753528.0,87780544.0
2014-04-11,4.67,5.00,4.91,4.64,20086620.0,97439704.0
2014-04-10,4.63,4.67,4.67,4.58,5512713.0,25375628.0
2014-04-09,4.69,4.71,4.63,4.60,7362297.0,33977796.0
2014-04-08,4.59,4.68,4.68,4.54,7822078.0,36013692.0
2014-04-04,4.59,4.63,4.61,4.54,6869986.0,31281360.0
2014-04-03,4.59,4.67,4.63,4.53,10950890.0,50071856.0
2014-04-02,4.63,4.74,4.60,4.57,10401531.0,47973392.0
2014-04-01,4.69,4.83,4.67,4.63,14673452.0,68702440.0
2014-03-31,4.61,4.69,4.69,4.53,13408450.0,61709816.0
2014-03-28,4.60,4.72,4.61,4.50,16636747.0,76011352.0
2014-03-27,4.55,4.72,4.60,4.50,17443072.0,80332104.0
2014-03-26,4.63,4.64,4.56,4.49,16709020.0,75357808.0
2014-03-25,4.53,4.75,4.61,4.45,44355380.0,203347040.0
2014-03-24,4.13,4.51,4.51,4.10,41244568.0,182223536.0
2014-03-21,3.99,4.12,4.10,3.96,5954846.0,23975130.0
2014-03-20,4.05,4.09,3.99,3.98,3877498.0,15581009.0
2014-03-19,4.07,4.07,4.04,4.01,4336382.0,17342708.0
2014-03-18,4.10,4.11,4.07,4.06,3935293.0,15928484.0
2014-03-17,4.08,4.14,4.10,4.05,4127261.0,16822540.0
2014-03-14,4.09,4.09,4.07,4.04,3182082.0,12845348.0
2014-03-13,4.05,4.13,4.11,4.02,4769821.0,19331312.0
2014-03-12,4.07,4.11,4.09,3.83,7294044.0,29291496.0
2014-03-11,3.96,4.21,4.07,3.93,8414655.0,33871964.0
2014-03-10,4.03,4.06,3.94,3.92,9460718.0,37306812.0
2014-03-07,4.10,4.17,4.08,4.07,6543465.0,26659540.0
2014-03-06,4.12,4.14,4.12,4.07,4313061.0,17574336.0
2014-03-05,4.17,4.18,4.12,4.12,3786754.0,15597103.0
2014-03-04,4.16,4.20,4.16,4.10,5396908.0,22163916.0
2014-03-03,4.14,4.19,4.18,4.09,5107120.0,21015468.0
2014-02-28,4.09,4.15,4.13,4.08,4323347.0,17683688.0
2014-02-27,4.22,4.23,4.10,4.09,5741619.0,23732176.0
2014-02-26,4.20,4.23,4.23,4.12,5097113.0,21135856.0
2014-02-25,4.29,4.38,4.21,4.18,10005344.0,42703816.0
2014-02-24,4.30,4.33,4.23,4.14,9342256.0,39074328.0
2014-02-21,4.29,4.40,4.35,4.21,11280767.0,48356144.0
2014-02-20,4.29,4.42,4.31,4.28,10444479.0,45111740.0
2014-02-19,4.21,4.29,4.29,4.21,4801949.0,20299028.0
2014-02-18,4.28,4.30,4.22,4.21,4721882.0,19910360.0
2014-02-17,4.29,4.33,4.30,4.25,5204989.0,22183354.0
2014-02-14,4.22,4.27,4.27,4.19,4720917.0,19829124.0
2014-02-13,4.24,4.32,4.22,4.21,7161519.0,30366908.0
2014-02-12,4.24,4.26,4.25,4.21,4052342.0,17015602.0
2014-02-11,4.23,4.25,4.24,4.18,7224996.0,30259874.0
2014-02-10,4.13,4.22,4.21,4.12,5528790.0,23018028.0
2014-02-07,4.08,4.13,4.13,4.05,2106984.0,8547065.0
2014-01-30,4.12,4.14,4.11,4.09,2375656.0,9703069.0
2014-01-29,4.15,4.16,4.12,4.11,4058726.0,16665669.0
2014-01-28,4.09,4.16,4.12,4.09,4169629.0,17072238.0
2014-01-27,4.10,4.14,4.08,4.08,3691215.0,15027513.0
2014-01-24,4.09,4.17,4.12,4.08,6264271.0,25704572.0
2014-01-23,4.12,4.13,4.08,4.07,3854289.0,15656826.0
2014-01-22,4.00,4.12,4.12,4.00,5043872.0,20522506.0
2014-01-21,3.99,4.05,3.99,3.97,2109003.0,8387871.0
2014-01-20,4.03,4.03,3.97,3.93,3691440.0,14554731.0
2014-01-17,4.11,4.11,4.03,4.01,3428848.0,13756705.0
2014-01-16,4.06,4.18,4.10,4.04,3966423.0,16181674.0
2014-01-15,4.08,4.09,4.05,4.03,2859824.0,11494278.0
2014-01-14,4.05,4.11,4.08,4.04,3391398.0,13708731.0
2014-01-13,4.11,4.18,4.03,4.01,6971466.0,28339392.0
2014-01-10,4.01,4.02,3.94,3.94,3159980.0,12483973.0
2014-01-09,4.06,4.10,3.99,3.98,3369314.0,13543801.0
2014-01-08,4.15,4.15,4.06,4.05,3113912.0,12637989.0
2014-01-07,4.11,4.15,4.11,4.09,2157843.0,8826721.0
2014-01-06,4.16,4.16,4.09,4.08,3608561.0,14742879.0
2014-01-03,4.12,4.32,4.19,4.12,6786831.0,28393324.0
2014-01-02,4.11,4.14,4.12,4.09,2040528.0,8352822.0
2013-12-31,4.08,4.16,4.10,4.07,3205342.0,13085680.0
2013-12-30,4.14,4.16,4.09,4.08,2647841.0,10829610.0
2013-12-27,4.10,4.16,4.14,4.05,2752539.0,11254652.0
2013-12-26,4.14,4.16,4.07,4.06,2768699.0,11272248.0
2013-12-25,4.17,4.17,4.15,4.12,2516652.0,10361058.0
2013-12-24,4.10,4.15,4.15,4.10,2202941.0,9029597.0
2013-12-23,4.11,4.17,4.10,4.08,2884090.0,11783313.0
2013-12-20,4.23,4.26,4.12,4.08,4199044.0,17349644.0
2013-12-19,4.25,4.35,4.23,4.22,3763840.0,16021452.0
2013-12-18,4.26,4.28,4.23,4.08,3252395.0,13594410.0
2013-12-17,4.34,4.36,4.25,4.25,3701592.0,15749685.0
2013-12-16,4.38,4.46,4.33,4.31,4128232.0,17919456.0
2013-12-13,4.37,4.40,4.39,4.31,5137529.0,22178056.0
2013-12-12,4.39,4.43,4.39,4.37,2488462.0,10863742.0
2013-12-11,4.48,4.49,4.40,4.37,4154550.0,18219762.0
2013-12-10,4.48,4.50,4.49,4.46,3957890.0,17610260.0
2013-12-09,4.48,4.50,4.49,4.46,2869366.0,12755542.0
2013-12-06,4.53,4.54,4.47,4.46,6037742.0,26878224.0
2013-12-05,4.57,4.57,4.53,4.52,4192436.0,18887876.0
2013-12-04,4.50,4.57,4.53,4.45,4850259.0,21846896.0
2013-12-03,4.46,4.50,4.49,4.42,4548357.0,20191536.0
2013-12-02,4.56,4.60,4.46,4.42,7330872.0,32754872.0
2013-11-29,4.61,4.66,4.61,4.58,5247807.0,24009582.0
2013-11-28,4.52,4.73,4.63,4.52,10446700.0,48263232.0
2013-11-27,4.51,4.54,4.53,4.47,4615569.0,20673238.0
2013-11-26,4.52,4.60,4.52,4.52,3888457.0,17596784.0
2013-11-25,4.53,4.60,4.49,4.49,4296258.0,19401380.0
2013-11-22,4.61,4.63,4.56,4.56,3981011.0,18126048.0
2013-11-21,4.56,4.66,4.64,4.52,5106020.0,23195366.0
2013-11-20,4.56,4.61,4.60,4.53,3701842.0,16825640.0
2013-11-19,4.59,4.59,4.56,4.54,4047695.0,18355692.0
2013-11-18,4.51,4.62,4.61,4.48,5216146.0,23535152.0
2013-11-15,4.40,4.50,4.48,4.38,3784461.0,16819300.0
2013-11-14,4.39,4.45,4.40,4.37,2515283.0,11008062.0
2013-11-13,4.49,4.51,4.37,4.35,3219138.0,14228673.0
2013-11-12,4.48,4.53,4.50,4.47,3470468.0,15517767.0
2013-11-11,4.50,4.52,4.51,4.44,1928154.0,8585735.0
2013-11-08,4.51,4.55,4.46,4.44,3120771.0,13919530.0
2013-11-07,4.65,4.65,4.53,4.51,3763469.0,17045260.0
2013-11-06,4.77,4.77,4.65,4.63,4927461.0,22884432.0
2013-11-05,4.61,4.94,4.75,4.60,6356879.0,30237110.0
2013-11-04,4.60,4.65,4.63,4.53,3495905.0,15962608.0
2013-11-01,4.58,4.63,4.60,4.51,3024758.0,13758739.0
2013-10-31,4.64,4.64,4.57,4.56,3117141.0,14200148.0
2013-10-30,4.55,4.65,4.64,4.53,3616713.0,16518227.0
2013-10-29,4.69,4.79,4.55,4.43,6090310.0,27664240.0
2013-10-28,4.72,4.78,4.67,4.67,3611401.0,16960896.0
2013-10-25,4.83,4.87,4.71,4.67,5625079.0,26489532.0
2013-10-24,4.98,4.98,4.80,4.79,8383550.0,40463940.0
2013-10-23,5.04,5.18,4.99,4.96,10104468.0,50742680.0
2013-10-22,5.12,5.12,5.00,4.95,7940641.0,39418412.0
2013-10-21,5.01,5.06,5.02,4.98,7515278.0,37517052.0
2013-10-18,4.80,5.07,5.00,4.79,9515347.0,46708552.0
2013-10-17,4.84,4.89,4.80,4.73,7862787.0,37610112.0
2013-10-16,4.96,5.00,4.81,4.79,11497695.0,55408452.0
2013-10-15,5.00,5.05,4.99,4.94,10341360.0,51326456.0
2013-10-14,5.09,5.13,5.01,5.00,9772193.0,48797896.0
2013-10-11,5.10,5.26,5.09,5.06,12586162.0,64119752.0
2013-10-10,5.00,5.16,5.04,4.96,14774694.0,74363528.0
2013-10-09,5.06,5.09,4.98,4.94,10754971.0,53208956.0
2013-10-08,5.13,5.13,5.05,5.02,9634424.0,48278428.0
2013-09-30,5.17,5.25,5.15,5.05,13986015.0,71544912.0
2013-09-27,4.90,5.22,5.14,4.90,16804866.0,84940768.0
2013-09-26,5.09,5.09,4.93,4.91,13058481.0,64681684.0
2013-09-25,4.85,5.19,5.04,4.77,23025060.0,114518288.0
2013-09-24,4.85,4.89,4.85,4.74,8653700.0,41384220.0
2013-09-23,4.67,4.86,4.85,4.67,9967500.0,47424356.0
2013-09-18,4.58,4.70,4.64,4.58,5697103.0,26256456.0
2013-09-17,4.75,4.75,4.59,4.58,9423006.0,43422320.0
2013-09-16,4.71,4.79,4.77,4.71,5637730.0,26583944.0
2013-09-13,4.85,4.85,4.74,4.72,9759949.0,46231504.0
2013-09-12,4.94,4.94,4.88,4.83,12498417.0,60492624.0
2013-09-11,4.79,5.08,4.98,4.72,27286552.0,134523040.0
2013-09-10,4.59,4.80,4.77,4.55,21834470.0,101853640.0
2013-09-09,4.53,4.60,4.57,4.48,12372100.0,55851912.0
2013-09-06,4.47,4.51,4.50,4.44,7849830.0,34947120.0
2013-09-05,4.43,4.51,4.46,4.43,8685155.0,38578240.0
2013-09-04,4.44,4.50,4.46,4.42,7614395.0,33660568.0
2013-09-03,4.41,4.44,4.43,4.38,7520522.0,32994520.0
2013-09-02,4.35,4.42,4.40,4.35,5751406.0,25014192.0
2013-08-30,4.37,4.42,4.37,4.36,5556184.0,24224926.0
2013-08-29,4.49,4.50,4.40,4.36,9427308.0,41269992.0
2013-08-28,4.42,4.54,4.51,4.36,11997962.0,53145884.0
2013-08-27,4.45,4.49,4.46,4.40,8324524.0,36762772.0
2013-08-26,4.74,4.77,4.49,4.45,17135308.0,77222864.0
2013-08-16,4.40,4.55,4.38,4.37,11806077.0,52094296.0
2013-08-15,4.42,4.51,4.38,4.37,7881015.0,34756232.0
2013-08-14,4.53,4.56,4.42,4.40,12390722.0,54981396.0
2013-08-13,4.53,4.55,4.51,4.47,11564297.0,51710392.0
2013-08-12,4.36,4.57,4.55,4.31,19612204.0,87130824.0
2013-08-09,4.31,4.40,4.34,4.26,12895332.0,55586640.0
2013-08-08,4.24,4.31,4.26,4.20,5888812.0,24921092.0
2013-08-07,4.26,4.32,4.22,4.18,6939611.0,29313872.0
2013-08-06,4.20,4.34,4.29,4.16,8803257.0,37218384.0
2013-08-05,4.16,4.21,4.20,4.13,5363721.0,22207076.0
2013-08-02,4.21,4.21,4.15,4.14,5395788.0,22354704.0
2013-08-01,4.11,4.18,4.16,4.10,5258682.0,21671380.0
2013-07-31,4.14,4.16,4.10,4.08,3916340.0,16006339.0
2013-07-30,4.05,4.15,4.13,4.05,5203784.0,21259636.0
2013-07-29,4.13,4.13,4.03,4.03,4363662.0,17585180.0
2013-07-26,4.12,4.15,4.12,4.08,3705934.0,15130317.0
2013-07-25,4.19,4.22,4.14,4.12,5641744.0,23290580.0
2013-07-24,4.23,4.24,4.18,4.12,6191943.0,25647948.0
2013-07-23,4.13,4.30,4.24,4.11,7046168.0,29655434.0
2013-07-22,4.05,4.13,4.13,4.03,3858885.0,15615451.0
2013-07-19,4.16,4.19,4.05,4.04,6553826.0,26774252.0
2013-07-18,4.24,4.28,4.16,4.13,6070642.0,25251048.0
2013-07-17,4.27,4.36,4.28,4.27,5799015.0,24814320.0
2013-07-16,4.29,4.32,4.32,4.23,5271014.0,22414860.0
2013-07-15,4.31,4.36,4.29,4.25,6701407.0,28610892.0
2013-07-12,4.39,4.44,4.27,4.26,10298950.0,44331408.0
2013-07-11,4.27,4.44,4.39,4.22,14751234.0,63791324.0
2013-07-10,4.03,4.30,4.25,4.03,9019781.0,37448840.0
2013-07-09,4.03,4.14,4.06,4.02,5200804.0,21090246.0
2013-07-08,4.17,4.17,4.04,4.04,7197135.0,29332072.0
2013-07-05,4.18,4.36,4.26,4.12,13672265.0,57861904.0
2013-07-04,4.03,4.24,4.17,3.98,11443591.0,46945088.0
2013-07-03,4.11,4.11,4.05,3.97,8040461.0,32188568.0
2013-07-02,4.12,4.13,4.10,4.04,6456690.0,26100752.0
2013-07-01,4.11,4.13,4.11,4.01,7879630.0,31863520.0
2013-06-28,4.12,4.19,4.08,3.93,14271736.0,57798264.0
2013-06-27,4.36,4.42,4.17,4.13,12186377.0,51789008.0
2013-06-26,4.43,4.47,4.37,4.32,7315068.0,31820676.0
2013-06-25,4.34,4.45,4.38,4.07,9746252.0,41080164.0
2013-06-24,4.72,4.75,4.35,4.27,9409804.0,41882568.0
2013-06-21,4.68,4.78,4.73,4.67,6522917.0,30627386.0
2013-06-20,4.99,5.00,4.83,4.82,5782275.0,28106320.0
2013-06-19,4.98,5.01,4.99,4.90,6516109.0,32015744.0
2013-06-18,5.05,5.08,4.99,4.95,8081568.0,40099812.0
2013-06-17,5.12,5.13,5.05,5.03,6003820.0,30181548.0
2013-06-14,5.10,5.14,5.11,5.06,6078729.0,30772384.0
2013-06-13,5.26,5.26,5.09,5.04,8343097.0,42255784.0
2013-06-07,5.48,5.50,5.29,5.28,7594125.0,40375000.0
2013-06-06,5.52,5.54,5.46,5.44,5497057.0,29937264.0
2013-06-05,5.51,5.63,5.55,5.51,6505766.0,35932420.0
2013-06-04,5.69,5.70,5.54,5.44,12235043.0,67235976.0
2013-06-03,5.72,5.81,5.68,5.66,8419547.0,47793824.0
2013-05-31,5.70,5.86,5.74,5.64,17261402.0,98699736.0
2013-05-30,5.50,6.01,5.70,5.47,29540496.0,169238608.0
2013-05-29,5.54,5.59,5.51,5.48,11773035.0,64551256.0
2013-05-28,5.35,5.62,5.58,5.32,19340524.0,106060760.0
2013-05-27,5.36,5.38,5.33,5.31,5529927.0,29316058.0
2013-05-24,5.35,5.39,5.33,5.30,6093126.0,32259158.0
2013-05-23,5.43,5.43,5.33,5.31,8168310.0,43540264.0
2013-05-22,5.41,5.47,5.46,5.36,11037500.0,59334304.0
2013-05-21,5.40,5.42,5.41,5.36,7802149.0,41732424.0
2013-05-20,5.35,5.43,5.38,5.32,10372085.0,55311664.0
2013-05-17,5.17,5.41,5.38,5.14,13181124.0,68934216.0
2013-05-16,5.07,5.18,5.17,5.02,8449278.0,42831032.0
2013-05-15,5.08,5.16,5.10,5.06,3288153.0,16644441.0
2013-05-14,5.17,5.19,5.11,5.03,4715390.0,23815690.0
2013-05-13,5.17,5.19,5.16,5.14,4394222.0,22521868.0
2013-05-10,5.10,5.16,5.15,5.06,4866588.0,24755788.0
2013-05-09,5.19,5.21,5.12,5.08,5633194.0,28739820.0
2013-05-08,5.27,5.27,5.19,5.15,6119403.0,31553384.0
2013-05-07,5.12,5.26,5.22,5.11,5751412.0,29717682.0
2013-05-06,5.11,5.18,5.15,5.10,5537141.0,28274486.0
2013-05-03,4.98,5.11,5.05,4.96,4832260.0,24275856.0
2013-05-02,5.03,5.03,4.97,4.94,6851324.0,33835720.0
2013-04-26,5.23,5.27,5.06,5.04,6870687.0,35078656.0
2013-04-25,5.34,5.36,5.18,5.17,7085677.0,37144408.0
2013-04-24,5.29,5.38,5.33,5.24,4726077.0,24926264.0
2013-04-23,5.46,5.48,5.29,5.28,5940939.0,31494856.0
2013-04-22,5.34,5.46,5.46,5.32,6192377.0,33072412.0
2013-04-19,5.34,5.45,5.42,5.32,6660901.0,35771168.0
2013-04-18,5.33,5.38,5.31,5.28,4069605.0,21520744.0
2013-04-17,5.32,5.38,5.38,5.30,3922092.0,20789084.0
2013-04-16,5.29,5.34,5.32,5.22,5225973.0,27331536.0
2013-04-15,5.39,5.39,5.32,5.27,6475948.0,34201792.0
2013-04-12,5.51,5.58,5.48,5.44,4342663.0,23758020.0
2013-04-11,5.62,5.62,5.50,5.49,4582595.0,25150572.0
2013-04-10,5.45,5.60,5.56,5.45,7687759.0,42338808.0
2013-04-09,5.41,5.53,5.47,5.41,5935188.0,32262676.0
2013-04-08,5.43,5.43,5.39,5.27,8214258.0,43517500.0
2013-04-03,5.56,5.61,5.49,5.47,7504340.0,41370288.0
2013-04-02,5.61,5.64,5.55,5.52,7021131.0,38825772.0
2013-04-01,5.57,5.61,5.61,5.51,7576895.0,41790004.0
2013-03-29,5.71,5.75,5.59,5.58,7943439.0,44578696.0
2013-03-28,5.80,5.81,5.70,5.70,9077069.0,51706884.0
2013-03-27,5.84,5.88,5.84,5.78,6789736.0,39318368.0
2013-03-26,5.87,5.87,5.83,5.79,7597172.0,43955924.0
2013-03-25,5.95,5.99,5.90,5.84,14450067.0,84431216.0
2013-03-22,5.97,6.01,5.98,5.93,9272984.0,55075888.0
2013-03-21,5.94,6.00,5.96,5.90,14048825.0,83019456.0
2013-03-20,5.84,6.06,6.02,5.74,28422696.0,166664176.0
2013-03-19,6.08,6.16,6.07,5.91,9137997.0,54815520.0
2013-03-18,6.31,6.32,6.12,6.12,8730848.0,53820400.0
2013-03-15,6.40,6.48,6.38,6.30,7253260.0,46138996.0
2013-03-14,6.33,6.50,6.44,6.26,8879138.0,55817544.0
2013-03-13,6.39,6.51,6.42,6.27,10586509.0,67486456.0
2013-03-12,6.52,6.62,6.39,6.31,10888289.0,69786944.0
2013-03-11,6.43,6.60,6.52,6.30,14663385.0,94106920.0
2013-03-08,6.65,6.70,6.42,6.41,15510408.0,101035264.0
2013-03-07,6.39,6.55,6.53,6.20,18624080.0,119181312.0
2013-03-06,6.37,6.44,6.42,6.33,7252568.0,45804816.0
2013-03-05,6.22,6.34,6.32,6.20,5813710.0,36289392.0
2013-03-04,6.49,6.50,6.21,6.17,10920870.0,68354536.0
2013-03-01,6.56,6.56,6.50,6.41,7434375.0,47815248.0
2013-02-28,6.48,6.58,6.56,6.42,7406793.0,47748440.0
2013-02-27,6.41,6.51,6.44,6.35,10248501.0,65387248.0
2013-02-26,6.65,6.80,6.36,6.33,12748888.0,82761400.0
2013-02-25,6.64,6.71,6.70,6.59,7199267.0,47493728.0
2013-02-22,6.65,6.73,6.64,6.62,6221628.0,41146716.0
2013-02-21,6.81,6.81,6.64,6.60,12826122.0,84764672.0
2013-02-20,6.82,6.88,6.86,6.78,7025329.0,47686496.0
2013-02-19,6.95,6.97,6.79,6.76,9348516.0,63623128.0
2013-02-18,7.09,7.10,6.94,6.85,10740570.0,74081864.0
2013-02-08,7.06,7.19,7.07,7.04,11871385.0,83552848.0
2013-02-07,7.04,7.20,7.10,7.00,13591950.0,96053352.0
2013-02-06,7.13,7.15,7.05,7.00,14781327.0,103742560.0
2013-02-05,6.86,7.25,7.12,6.77,29406460.0,206776992.0
2013-02-04,6.80,6.94,6.91,6.67,17768828.0,120429616.0
2013-02-01,6.85,6.88,6.77,6.67,12967190.0,86889024.0
2013-01-31,6.80,7.13,6.92,6.76,25610480.0,177596848.0
2013-01-30,6.79,6.90,6.82,6.76,11274594.0,76329064.0
2013-01-29,6.72,6.85,6.79,6.67,10101858.0,67955120.0
2013-01-28,6.61,6.73,6.72,6.58,6844523.0,45272152.0
2013-01-25,6.58,6.67,6.57,6.53,6690187.0,43792488.0
2013-01-24,6.70,6.79,6.54,6.50,11472742.0,75633752.0
2013-01-23,6.73,6.77,6.70,6.61,7217270.0,47873508.0
2013-01-22,6.84,6.85,6.69,6.65,10940984.0,73422264.0
2013-01-21,6.88,6.90,6.84,6.78,9193775.0,62300264.0
2013-01-18,6.88,6.92,6.87,6.79,8391602.0,57167200.0
2013-01-17,6.96,7.05,6.82,6.79,12877081.0,87912688.0
2013-01-16,6.84,7.19,7.00,6.81,28703936.0,199876048.0
2013-01-15,6.72,7.00,6.84,6.72,14700764.0,100171264.0
2013-01-14,6.55,6.77,6.72,6.51,11425634.0,75466656.0
2013-01-11,6.83,6.86,6.56,6.51,12101551.0,80209248.0
2013-01-10,6.74,6.81,6.80,6.69,10564767.0,70871136.0
2013-01-09,6.74,6.79,6.73,6.66,8521682.0,56830616.0
2013-01-08,6.72,6.80,6.73,6.65,8985081.0,59922024.0
2013-01-07,6.81,6.86,6.72,6.67,12613552.0,84351064.0
2013-01-04,6.80,7.02,6.84,6.71,17971910.0,122496488.0
2012-12-31,6.70,6.82,6.74,6.61,12801262.0,85447848.0
2012-12-28,6.66,6.74,6.68,6.60,9694394.0,64240592.0
2012-12-27,6.65,6.79,6.63,6.56,12431034.0,82284040.0
2012-12-26,6.60,6.69,6.63,6.59,8390166.0,55190824.0
2012-12-25,6.38,6.70,6.62,6.35,11297453.0,73460704.0
2012-12-24,6.48,6.51,6.41,6.38,4643023.0,29623024.0
2012-12-21,6.56,6.64,6.46,6.42,7933127.0,51395356.0
2012-12-20,6.41,6.60,6.56,6.33,8804760.0,56386944.0
2012-12-19,6.53,6.60,6.45,6.43,7196568.0,46426368.0
2012-12-18,6.46,6.65,6.53,6.37,11308729.0,73388368.0
2012-12-17,6.49,6.61,6.46,6.41,8819089.0,56997580.0
2012-12-14,6.17,6.45,6.43,6.16,9879687.0,62496812.0
2012-12-13,6.26,6.36,6.19,6.18,4605936.0,28646432.0
2012-12-12,6.29,6.32,6.30,6.21,3952432.0,24570370.0
2012-12-11,6.29,6.39,6.29,6.20,7196663.0,44951628.0
2012-12-10,6.28,6.34,6.30,6.20,6575456.0,40962944.0
2012-12-07,6.07,6.31,6.22,6.03,5849277.0,35957060.0
2012-12-06,6.14,6.15,6.07,6.05,3433600.0,20759272.0
2012-12-05,5.87,6.20,6.12,5.85,7306878.0,44102624.0
2012-12-04,5.77,5.90,5.87,5.74,3224367.0,18629736.0
2012-12-03,5.98,6.07,5.79,5.79,3371213.0,19877996.0
2012-11-30,5.90,6.03,5.98,5.89,3705582.0,21982144.0
2012-11-29,5.96,6.06,5.90,5.71,5112561.0,30162108.0
2012-11-28,6.09,6.12,5.96,5.94,9124667.0,54440856.0
2012-11-27,6.70,6.72,6.23,6.19,19295498.0,123024048.0
2012-11-26,6.52,6.77,6.70,6.49,21130156.0,139968144.0
2012-11-23,6.38,6.55,6.55,6.35,7299893.0,46958672.0
2012-11-22,6.36,6.44,6.36,6.34,3256449.0,20652160.0
2012-11-21,6.27,6.46,6.40,6.10,5902493.0,36971656.0
2012-11-20,6.27,6.33,6.22,6.19,2666248.0,16541107.0
2012-11-19,6.28,6.33,6.27,6.18,2932751.0,18205060.0
2012-11-16,6.28,6.34,6.27,6.17,3097621.0,19241232.0
2012-11-15,6.45,6.45,6.26,6.24,5121724.0,32225240.0
2012-11-14,6.43,6.64,6.48,6.43,4825077.0,31352932.0
2012-11-13,6.62,6.65,6.43,6.41,5961658.0,38786240.0
2012-11-12,6.44,6.67,6.62,6.38,9276068.0,60599184.0
2012-11-09,6.35,6.44,6.41,6.28,3925294.0,24875016.0
2012-11-08,6.40,6.44,6.33,6.31,4142078.0,26155496.0
2012-11-07,6.50,6.59,6.49,6.38,4515973.0,29069874.0
2012-11-06,6.60,6.64,6.52,6.41,3388660.0,21827084.0
2012-11-05,6.57,6.63,6.60,6.51,4371398.0,28621332.0
2012-11-02,6.57,6.64,6.57,6.50,3620362.0,23551208.0
2012-11-01,6.55,6.64,6.57,6.50,4915682.0,32127128.0
2012-10-31,6.49,6.57,6.54,6.44,5070347.0,32835088.0
2012-10-30,6.39,6.54,6.49,6.38,6505241.0,41744316.0
2012-10-29,6.30,6.40,6.39,6.23,4873584.0,30590214.0
2012-10-26,6.58,6.58,6.29,6.27,8068811.0,51073448.0
2012-10-25,6.56,6.71,6.55,6.52,5985668.0,39313496.0
2012-10-24,6.59,6.62,6.55,6.52,4700590.0,30604164.0
2012-10-23,6.74,6.78,6.60,6.57,4365571.0,28947946.0
2012-10-22,6.64,6.76,6.71,6.62,3443117.0,22852102.0
2012-10-19,6.69,6.79,6.71,6.65,4099160.0,27331296.0
2012-10-18,6.61,6.78,6.70,6.58,6744547.0,44780404.0
2012-10-17,6.60,6.64,6.56,6.49,3558899.0,23193204.0
2012-10-16,6.61,6.67,6.57,6.54,3890763.0,25532396.0
2012-10-15,6.67,6.69,6.60,6.51,4915719.0,32016056.0
2012-10-12,6.70,6.81,6.67,6.63,5931955.0,39513272.0
2012-10-11,6.84,6.88,6.74,6.68,11647734.0,78272824.0
2012-10-10,6.80,6.92,6.90,6.73,9998231.0,67641872.0
2012-10-09,6.73,6.89,6.82,6.69,8796118.0,59392104.0
2012-10-08,6.77,6.85,6.68,6.60,6456832.0,42824596.0
2012-09-28,6.54,6.79,6.78,6.54,10820678.0,71905592.0
2012-09-27,6.34,6.65,6.59,6.30,8953018.0,57973472.0
2012-09-26,6.56,6.59,6.34,6.32,6577062.0,42008016.0
2012-09-25,6.63,6.95,6.58,6.55,9981310.0,66708428.0
2012-09-24,6.45,6.71,6.65,6.35,8822569.0,57221076.0
2012-09-21,6.41,6.58,6.49,6.30,6351189.0,40839364.0
2012-09-20,6.56,6.59,6.39,6.38,6277898.0,40387520.0
2012-09-19,6.46,6.65,6.62,6.44,5604235.0,36324172.0
2012-09-18,6.53,6.56,6.45,6.41,5956889.0,38388748.0
2012-09-17,6.76,6.90,6.57,6.54,9854065.0,66015920.0
2012-09-14,6.95,7.05,6.75,6.73,13523397.0,92123256.0
2012-09-13,6.85,6.85,6.70,6.67,8400512.0,56166432.0
2012-09-12,6.66,7.00,6.84,6.66,15032045.0,102193872.0
2012-09-11,6.62,6.63,6.59,6.50,7899981.0,51381116.0
2012-09-10,6.52,6.81,6.67,6.50,14258607.0,94774544.0
2012-09-07,6.27,6.65,6.55,6.23,15527268.0,99925016.0
2012-09-06,6.17,6.22,6.20,6.13,3717170.0,22818990.0
2012-09-05,6.10,6.18,6.13,6.06,3472986.0,21117198.0
2012-09-04,6.18,6.24,6.10,6.08,5107991.0,31167196.0
2012-09-03,6.09,6.24,6.21,6.08,4435544.0,27287788.0
2012-08-31,6.15,6.20,6.13,6.09,3736153.0,22770666.0
2012-08-30,6.25,6.29,6.15,6.06,4913178.0,30042620.0
2012-08-29,6.30,6.34,6.24,6.23,4506849.0,27995988.0
2012-08-28,6.19,6.39,6.34,6.16,6207101.0,38634980.0
2012-08-27,6.32,6.35,6.13,6.09,5873917.0,36221604.0
2012-08-24,6.38,6.43,6.32,6.31,5585509.0,35291260.0
2012-08-23,6.33,6.54,6.44,6.33,9691733.0,62062412.0
2012-08-22,6.47,6.52,6.34,6.30,5956361.0,37859316.0
2012-08-21,6.38,6.47,6.46,6.35,5742118.0,36647500.0
2012-08-20,6.28,6.44,6.38,6.25,4218401.0,26467002.0
2012-08-17,6.33,6.40,6.38,6.30,3915107.0,24659432.0
2012-08-16,6.50,6.53,6.32,6.30,4750328.0,30150850.0
2012-08-15,6.49,6.57,6.50,6.40,5651311.0,36264144.0
2012-08-14,6.42,6.54,6.52,6.35,5818970.0,37294052.0
2012-08-13,6.58,6.68,6.46,6.45,6434004.0,41967720.0
2012-08-10,6.71,6.77,6.64,6.58,5931203.0,39204232.0
2012-08-09,6.65,6.78,6.70,6.50,9289729.0,61328960.0
2012-08-08,6.43,7.05,6.72,6.41,18701964.0,125862336.0
2012-08-07,6.34,6.50,6.46,6.33,9186914.0,58513564.0
2012-08-06,6.20,6.42,6.37,6.16,8525440.0,53208704.0
2012-08-03,6.15,6.20,6.19,6.09,4159502.0,25409776.0
2012-08-02,6.19,6.22,6.09,6.08,4267219.0,25971414.0
2012-08-01,6.10,6.25,6.19,6.10,5111229.0,31384002.0
2012-07-31,6.05,6.15,6.09,6.05,5413156.0,32774684.0
2012-07-30,6.60,6.60,6.12,6.08,16440614.0,101814312.0
2012-07-27,6.82,6.84,6.75,6.69,5419155.0,36408752.0
2012-07-26,6.75,6.91,6.74,6.73,7065178.0,47891804.0
2012-07-25,6.73,6.93,6.78,6.73,6708219.0,45456632.0
2012-07-24,6.63,6.87,6.77,6.61,6800616.0,45687048.0
2012-07-23,6.60,6.76,6.70,6.56,4936387.0,32578108.0
2012-07-20,6.78,6.82,6.67,6.66,5932279.0,39639136.0
2012-07-19,6.80,6.92,6.81,6.70,9408694.0,63754392.0
2012-07-18,6.64,6.82,6.81,6.57,8291996.0,55186512.0
2012-07-17,6.48,6.71,6.64,6.47,6263286.0,41228852.0
2012-07-16,6.83,6.83,6.51,6.50,8132631.0,53585936.0
2012-07-13,6.91,6.97,6.82,6.76,10389097.0,70771464.0
2012-07-12,6.72,7.10,6.99,6.65,13812380.0,94793032.0
2012-07-11,6.63,6.79,6.75,6.60,5864590.0,39032604.0
2012-07-10,6.79,6.84,6.70,6.57,7322675.0,48736056.0
2012-07-09,7.03,7.03,6.83,6.75,14213967.0,97080552.0
2012-07-06,6.92,7.10,7.09,6.85,14605731.0,101039656.0
2012-07-05,7.07,7.15,6.92,6.82,28113832.0,194358688.0
2012-07-04,7.61,7.86,7.32,7.26,46455804.0,339083808.0
2012-07-02,8.19,8.23,8.07,8.06,5137035.0,41480756.0
2012-06-29,7.92,8.12,8.10,7.76,5997474.0,47407492.0
2012-06-28,7.97,8.06,7.96,7.83,4004703.0,31567712.0
2012-06-27,8.10,8.15,7.97,7.92,4288014.0,34361104.0
2012-06-26,8.02,8.15,8.11,7.76,4367750.0,34703300.0
2012-06-25,8.34,8.40,8.04,8.02,6076139.0,49448844.0
2012-06-21,8.56,8.56,8.35,8.34,5705580.0,47591984.0
2012-06-20,8.60,8.70,8.57,8.55,4398720.0,37615580.0
2012-06-19,8.63,8.67,8.53,8.48,5266729.0,44864796.0
2012-06-18,8.67,8.77,8.68,8.63,7310931.0,63288036.0
2012-06-15,8.56,8.67,8.60,8.47,7039706.0,60000672.0
2012-06-14,8.54,8.64,8.52,8.48,5036377.0,42814512.0
2012-06-13,8.49,8.64,8.59,8.41,5289419.0,44898804.0
2012-06-12,8.44,8.51,8.43,8.39,3644134.0,30503876.0
2012-06-11,8.47,8.60,8.50,8.42,3908823.0,33060188.0
2012-06-08,8.54,8.55,8.39,8.37,5303830.0,44512588.0
2012-06-07,8.64,8.68,8.41,8.41,6465367.0,54806308.0
2012-06-06,8.51,8.68,8.54,8.49,5553912.0,47358112.0
2012-06-05,8.46,8.59,8.49,8.42,5083212.0,42931840.0
2012-06-04,8.84,8.85,8.46,8.45,10052956.0,86104336.0
2012-06-01,9.01,9.12,8.95,8.91,6528987.0,58463148.0
2012-05-31,8.86,9.05,9.00,8.78,7237956.0,64423084.0
2012-05-30,9.02,9.14,8.95,8.88,11909829.0,106574952.0
2012-05-29,8.64,9.20,9.10,8.58,21730976.0,192955280.0
2012-05-28,8.53,8.64,8.63,8.32,8447057.0,71329024.0
2012-05-25,8.52,8.55,8.48,8.41,5734781.0,48274464.0
2012-05-24,8.61,8.64,8.49,8.45,7697864.0,65199608.0
2012-05-23,8.69,8.73,8.60,8.53,6907195.0,59219504.0
2012-05-22,8.66,8.73,8.69,8.61,6969646.0,60070840.0
2012-05-21,8.67,8.76,8.61,8.51,9684961.0,83140448.0
2012-05-18,8.51,8.81,8.71,8.51,11890091.0,102200040.0
2012-05-17,8.61,8.69,8.66,8.48,7454041.0,63698068.0
2012-05-16,8.74,8.81,8.53,8.51,9413701.0,80882016.0
2012-05-15,8.76,8.87,8.77,8.61,9621241.0,83173784.0
2012-05-14,9.19,9.21,8.93,8.87,8070246.0,72760368.0
2012-05-11,9.17,9.28,9.10,9.09,7533543.0,68614616.0
2012-05-10,9.11,9.26,9.16,9.06,6815330.0,61935928.0
2012-05-09,9.38,9.38,9.07,9.07,13229931.0,120856136.0
2012-05-08,9.46,9.52,9.49,9.33,10003783.0,93452560.0
2012-05-07,9.42,9.56,9.46,9.37,11527747.0,108315552.0
2012-05-04,9.47,9.54,9.52,9.38,9924105.0,93236144.0
2012-05-03,9.48,9.62,9.48,9.39,14118881.0,133115376.0
2012-05-02,9.22,9.62,9.47,9.22,18441140.0,172456640.0
2012-04-27,9.28,9.40,9.13,9.09,9346246.0,85403696.0
2012-04-26,9.25,9.46,9.30,9.15,18687628.0,172844016.0
2012-04-25,8.90,9.27,9.21,8.85,19004814.0,171257136.0
2012-04-17,8.95,9.12,8.91,8.90,10742174.0,96089240.0
2012-04-16,8.94,9.01,8.95,8.86,9499042.0,84226536.0
2012-04-13,8.92,9.13,9.05,8.89,13393024.0,119590272.0
2012-04-12,8.66,8.95,8.89,8.66,12164095.0,106419280.0
2012-04-11,8.56,8.75,8.67,8.53,7609259.0,65286012.0
2012-04-10,8.58,8.73,8.72,8.34,8746756.0,73956424.0
2012-04-09,8.73,8.78,8.59,8.56,6657497.0,57193040.0
2012-04-06,8.65,8.84,8.72,8.59,9156874.0,79290528.0
2012-04-05,8.44,8.69,8.65,8.38,10798928.0,91774888.0
2012-03-30,8.65,8.75,8.41,8.33,9995733.0,84315544.0
2012-03-29,8.87,8.87,8.60,8.54,10036693.0,86578016.0
2012-03-28,9.54,9.54,8.86,8.84,17139772.0,154960400.0
2012-03-27,9.73,9.80,9.57,9.54,8658816.0,83153080.0
2012-03-26,9.63,9.76,9.64,9.48,7348524.0,70350832.0
2012-03-23,9.73,9.96,9.63,9.57,12435849.0,120433496.0
2012-03-22,10.04,10.14,9.88,9.68,15182286.0,149384560.0
2012-03-21,9.77,10.51,10.16,9.66,32751616.0,329716000.0
2012-03-19,9.72,10.02,9.99,9.55,19482276.0,188184704.0
2012-03-16,9.62,9.82,9.72,9.51,13250703.0,127188296.0
2012-03-15,9.79,9.96,9.58,9.41,17866460.0,171623440.0
2012-03-14,10.57,10.74,9.86,9.75,39378888.0,404021312.0
2012-03-13,10.17,10.53,10.45,10.09,32620152.0,335230400.0
2012-03-12,10.19,10.33,10.16,10.07,16659222.0,168590784.0
2012-03-09,10.02,10.14,10.10,9.93,14129816.0,140956704.0
2012-03-08,9.81,10.00,9.93,9.79,11348835.0,111478432.0
2012-03-07,9.85,9.94,9.75,9.73,14371022.0,140208208.0
2012-03-06,10.17,10.18,10.00,9.87,15502614.0,153493392.0
2012-03-05,10.23,10.43,10.19,10.13,17201648.0,175412848.0
2012-03-02,9.99,10.28,10.18,9.99,13454309.0,135705424.0
2012-03-01,9.86,10.02,9.97,9.83,10080638.0,99569648.0
2012-02-29,10.06,10.30,10.00,9.97,14740787.0,148031408.0
2012-02-28,10.08,10.19,10.06,9.93,17294700.0,172668016.0
2012-02-27,10.30,10.56,10.18,10.17,26709184.0,274517120.0
2012-02-24,10.07,10.32,10.27,9.96,23746598.0,239457792.0
2012-02-23,10.10,10.21,10.07,9.98,16308373.0,163249664.0
2012-02-22,9.97,10.14,10.07,9.92,17400744.0,173326784.0
2012-02-21,9.88,9.98,9.97,9.61,13515616.0,131621856.0
2012-02-20,10.08,10.22,9.88,9.84,16378478.0,163178272.0
2012-02-17,10.10,10.14,9.91,9.82,13391393.0,132208896.0
2012-02-16,9.83,10.25,10.02,9.75,28107060.0,280372864.0
2012-02-15,9.62,9.93,9.83,9.56,21225236.0,206748640.0
2012-02-14,9.65,9.72,9.64,9.53,10391938.0,99202312.0
2012-02-13,9.51,9.80,9.65,9.43,13221410.0,126221744.0
2012-02-10,9.63,9.89,9.66,9.57,18241460.0,176171472.0
2012-02-09,9.62,9.81,9.65,9.52,23592448.0,225875872.0
2012-02-08,9.20,9.90,9.73,9.15,28249072.0,268164352.0
2012-02-07,9.10,9.40,9.31,8.87,15392256.0,139409152.0
2012-02-06,9.31,9.41,9.19,9.11,11076167.0,101705736.0
2012-02-03,9.08,9.28,9.25,9.05,13538850.0,123387472.0
2012-02-02,8.97,9.15,9.14,8.85,12138852.0,108672328.0
2012-02-01,9.32,9.33,8.92,8.87,11218662.0,101169696.0
2012-01-31,9.29,9.37,9.30,9.10,7496681.0,68750680.0
2012-01-30,9.63,9.63,9.30,9.27,10358023.0,97199024.0
2012-01-20,9.49,9.55,9.44,9.27,11963444.0,111674648.0
2012-01-19,9.17,9.56,9.41,9.14,16515355.0,153691600.0
2012-01-18,9.72,9.84,9.28,9.23,33348648.0,317650624.0
2012-01-17,8.76,9.54,9.54,8.73,27852900.0,257973216.0
2012-01-16,8.93,9.06,8.67,8.66,8483627.0,74447512.0
2012-01-13,9.15,9.33,9.05,8.70,15048924.0,135256864.0
2012-01-12,9.07,9.47,9.24,9.02,22033532.0,202487984.0
2012-01-11,9.34,9.34,9.07,8.99,18145404.0,163932032.0
2012-01-10,8.40,9.24,9.24,8.37,25558902.0,225001920.0
2012-01-09,8.07,8.41,8.40,7.93,10620187.0,86977464.0
2012-01-06,7.74,8.00,7.97,7.68,4517594.0,35087452.0
2012-01-05,8.16,8.22,7.84,7.79,6475053.0,51478524.0
2012-01-04,8.49,8.54,8.14,8.12,5793215.0,48230964.0
2011-12-30,8.20,8.51,8.38,8.20,7027947.0,58235424.0
2011-12-29,8.15,8.28,8.15,8.03,6074329.0,49459752.0
2011-12-28,8.11,8.25,8.22,7.86,7601606.0,60517712.0
2011-12-27,8.38,8.44,8.20,8.18,4865908.0,39987360.0
2011-12-26,8.45,8.58,8.36,8.34,4571367.0,38344968.0
2011-12-23,8.35,8.60,8.47,8.29,6274518.0,52835496.0
2011-12-22,8.42,8.60,8.42,8.12,8960224.0,73894896.0
2011-12-21,8.92,9.00,8.51,8.48,6857239.0,59675104.0
2011-12-20,8.61,8.81,8.71,8.51,8311643.0,71745648.0
2011-12-19,8.66,8.66,8.62,8.37,7568354.0,63913084.0
2011-12-16,8.53,8.76,8.76,8.39,8323278.0,71278736.0
2011-12-15,9.15,9.15,8.53,8.52,13344600.0,115740416.0
2011-12-14,9.59,9.69,9.22,9.19,6407309.0,60305024.0
2011-12-13,9.98,10.06,9.60,9.49,9005261.0,87036480.0
2011-12-12,10.11,10.24,10.07,10.04,4353843.0,43736916.0
2011-12-09,10.08,10.22,10.11,10.07,5353733.0,53772040.0
2011-12-08,10.24,10.40,10.19,10.09,7193148.0,73173200.0
2011-12-07,10.28,10.38,10.31,10.19,5541328.0,56578212.0
2011-12-06,10.31,10.38,10.29,10.03,8481026.0,86140536.0
2011-12-05,10.80,10.86,10.30,10.28,7221896.0,75624848.0
2011-12-02,11.07,11.07,10.76,10.72,8608939.0,92641344.0
2011-12-01,11.28,11.50,11.12,11.08,16666681.0,186654272.0
2011-11-30,11.44,11.51,10.85,10.73,13793512.0,151671520.0
2011-11-29,11.52,11.54,11.38,11.32,9266722.0,104958344.0
2011-11-28,11.59,11.61,11.31,11.18,10306843.0,115952384.0
2011-11-25,11.57,11.72,11.47,11.40,7295990.0,83740808.0
2011-11-24,11.59,11.70,11.50,11.39,9014340.0,103182080.0
2011-11-23,12.09,12.14,11.72,11.69,8661244.0,102400848.0
2011-11-22,12.04,12.09,12.06,11.92,6007007.0,71630760.0
2011-11-21,11.95,12.19,12.17,11.91,7416935.0,88732256.0
2011-11-18,12.07,12.07,11.95,11.91,11569101.0,137469760.0
2011-11-17,12.40,12.49,12.18,12.05,17629540.0,213772416.0
2011-11-16,12.68,12.96,12.38,12.31,20913092.0,262628832.0
2011-11-15,12.97,13.48,12.75,12.69,54684712.0,709422656.0
2011-11-08,12.47,13.05,12.97,12.47,30319640.0,387187264.0
2011-11-07,12.76,12.84,12.53,12.49,12256355.0,153961024.0
2011-11-04,12.74,13.01,12.76,12.59,20828236.0,263973168.0
2011-11-03,12.60,12.95,12.61,12.40,29425934.0,370749408.0
2011-11-02,12.15,12.49,12.49,11.95,17215486.0,208551984.0
2011-11-01,12.15,12.43,12.38,12.11,13070608.0,159602560.0
2011-10-31,12.58,12.58,12.31,12.14,17597876.0,215270592.0
2011-10-28,12.67,12.78,12.59,12.51,19716836.0,247078416.0
2011-10-27,12.38,12.69,12.44,12.27,15780240.0,195367168.0
2011-10-26,12.37,12.66,12.38,12.22,19702216.0,243105552.0
2011-10-25,12.29,12.77,12.52,12.00,20390670.0,251759792.0
2011-10-24,11.94,12.40,12.32,11.80,11124944.0,134012448.0
2011-10-21,12.10,12.10,11.88,11.80,8577232.0,101469160.0
2011-10-20,12.19,12.27,12.13,11.82,13731487.0,164460896.0
2011-10-19,12.28,12.45,12.31,12.12,11615456.0,141579536.0
2011-10-18,12.72,12.72,12.18,12.16,25475002.0,313834304.0
2011-10-17,13.42,13.58,12.96,12.95,27761266.0,364503616.0
2011-10-14,13.46,13.75,13.50,13.26,16675708.0,223615936.0
2011-10-13,13.40,13.84,13.57,13.38,22608012.0,304162336.0
2011-10-12,12.69,13.78,13.52,12.42,25191864.0,330986720.0
2011-10-11,12.95,13.34,12.89,12.61,21957600.0,283729760.0
2011-10-10,12.49,12.70,12.61,12.32,14347939.0,178506000.0
2011-09-30,12.40,12.42,12.36,12.07,15302133.0,186029104.0
2011-09-29,12.95,13.02,12.25,12.19,25689948.0,317491168.0
2011-09-28,13.75,14.02,13.23,13.11,23773956.0,321376032.0
2011-09-27,13.70,14.00,13.55,13.40,23282224.0,316449120.0
2011-09-26,13.80,14.25,13.54,13.52,23950080.0,330463808.0
2011-09-23,13.81,14.14,13.98,13.67,25461084.0,350771648.0
2011-09-22,14.41,14.77,14.18,14.03,36750488.0,525743872.0
2011-09-21,13.95,14.75,14.62,13.79,46629360.0,660950912.0
2011-09-20,13.72,14.27,14.06,13.72,31034032.0,431786880.0
2011-09-19,13.88,14.61,13.98,13.86,54207856.0,761795584.0
2011-09-16,13.09,13.69,13.53,12.92,35586500.0,473306880.0
2011-09-14,12.98,13.15,13.09,12.47,18975080.0,240924784.0
2011-09-13,12.84,12.99,12.80,12.63,13090034.0,166552176.0
2011-09-09,13.20,13.60,13.10,13.04,26190294.0,345732672.0
2011-09-08,13.01,13.55,13.32,12.80,32218364.0,421138080.0
2011-09-07,12.23,13.21,12.94,12.23,21713774.0,275648672.0
2011-09-06,12.01,12.17,12.17,11.94,6382858.0,76406720.0
2011-09-05,12.07,12.24,12.09,11.99,8849937.0,106441768.0
2011-09-02,12.60,12.69,12.39,12.29,9625392.0,118987824.0
2011-09-01,12.93,13.05,12.73,12.50,15230177.0,192833728.0
2011-08-31,13.11,13.38,13.01,12.95,29277504.0,381852000.0
2011-08-30,12.95,13.14,12.74,12.64,18718708.0,239608688.0
2011-08-29,12.96,13.13,12.83,12.74,21294696.0,273019488.0
2011-08-26,13.21,13.26,12.97,12.82,33437004.0,433082112.0
2011-08-25,12.18,13.21,13.21,12.08,47478676.0,612573568.0
2011-08-24,12.18,12.18,12.01,12.00,6945546.0,83275096.0
2011-08-23,11.84,12.02,11.99,11.80,5786989.0,68539320.0
2011-08-22,11.86,12.00,11.75,11.70,6142448.0,72306144.0
2011-08-19,11.62,11.88,11.81,11.59,8087077.0,94076152.0
2011-08-18,12.29,12.44,12.05,12.04,7854163.0,95191224.0
2011-08-17,12.44,12.55,12.29,12.26,6542360.0,80361088.0
2011-08-16,12.59,12.69,12.47,12.47,8021284.0,99942272.0
2011-08-15,12.46,12.65,12.62,12.39,8981568.0,112001400.0
2011-08-12,12.59,12.63,12.39,12.35,8441311.0,104600600.0
2011-08-11,11.93,12.41,12.40,11.82,10654353.0,129054880.0
2011-08-10,12.24,12.52,12.26,12.16,12728335.0,155565744.0
2011-08-09,11.79,12.17,11.99,11.08,16238526.0,189345792.0
2011-08-08,13.08,13.08,12.18,11.91,17499140.0,215663904.0
2011-08-05,13.10,13.35,13.23,12.98,21485192.0,280812864.0
2011-08-04,13.84,13.95,13.75,13.71,5599000.0,76788136.0
2011-08-03,13.60,13.98,13.70,13.56,6745416.0,92245576.0
2011-08-02,13.90,13.95,13.78,13.61,7045767.0,96136432.0
2011-08-01,14.00,14.20,14.01,13.82,7531721.0,104963824.0
2011-07-29,14.24,14.38,13.96,13.90,9235073.0,129251744.0
2011-07-28,14.16,14.21,14.16,13.88,9538898.0,133408400.0
2011-07-27,13.78,14.47,14.36,13.71,14181807.0,199033792.0
2011-07-26,13.71,13.95,13.91,13.60,10937657.0,149192800.0
2011-07-25,14.53,14.53,13.71,13.57,18244640.0,254347952.0
2011-07-22,14.76,14.81,14.55,14.44,11834445.0,171206880.0
2011-07-21,14.84,15.05,14.52,14.49,16425355.0,241380176.0
2011-07-20,14.84,15.06,14.80,14.78,16297513.0,240992320.0
2011-07-19,14.80,14.87,14.73,14.57,13109181.0,191214784.0
2011-07-18,14.79,15.07,14.87,14.73,21758834.0,321259456.0
2011-07-15,14.73,14.88,14.71,14.56,19650344.0,286781600.0
2011-07-14,14.63,14.94,14.73,14.49,21961384.0,320815328.0
2011-07-13,14.19,14.73,14.61,14.19,17069056.0,246031840.0
2011-07-12,14.41,14.51,14.19,14.16,18932474.0,269148192.0
2011-07-11,14.59,14.69,14.53,14.37,17122238.0,246789168.0
2011-07-08,14.62,15.10,14.79,14.52,27191058.0,399565568.0
2011-07-07,14.52,14.89,14.55,14.38,25105596.0,364985472.0
2011-07-06,14.52,14.79,14.54,14.36,26613992.0,384737792.0
2011-07-05,14.10,14.71,14.48,14.02,41381184.0,594415552.0
2011-07-04,13.82,14.31,14.08,13.71,42284744.0,590196608.0
2011-07-01,13.35,13.80,13.72,13.31,37829264.0,507605280.0
2011-06-30,13.32,13.49,13.41,13.18,33025468.0,436996448.0
2011-06-29,13.80,13.86,13.33,13.27,23010396.0,307261120.0
2011-06-28,13.89,14.04,13.83,13.60,12888388.0,177377728.0
2011-06-27,13.81,14.01,13.89,13.70,10186645.0,140013488.0
2011-06-24,13.43,14.02,13.81,13.39,11638035.0,158961440.0
2011-06-23,13.31,13.59,13.51,13.19,7321600.0,97522840.0
2011-06-22,13.37,13.42,13.28,13.21,6709199.0,88699048.0
2011-06-21,13.11,13.34,13.29,13.08,7791892.0,102282560.0
2011-06-20,13.20,13.32,13.04,12.87,9695270.0,125547072.0
2011-06-17,13.20,13.51,13.21,13.20,9683549.0,128508200.0
2011-06-16,13.51,13.77,13.31,13.28,11905437.0,160335584.0
2011-06-15,13.99,14.02,13.78,13.70,15098134.0,207037264.0
2011-06-14,13.91,14.12,14.07,13.80,21095088.0,292457408.0
2011-06-13,14.20,14.20,13.91,13.68,15225759.0,210190128.0
2011-06-10,14.81,14.94,14.32,14.20,17430224.0,250589728.0
2011-06-09,15.23,15.37,14.94,14.92,8821773.0,132054416.0
2011-06-08,15.40,15.56,15.42,14.96,8860868.0,134696080.0
2011-06-07,15.11,15.44,15.40,15.01,8150577.0,123597544.0
2011-06-03,15.00,15.26,15.11,14.99,6537012.0,98273024.0
2011-06-02,14.78,14.94,14.89,14.66,8404560.0,123280992.0
2011-06-01,14.91,15.03,14.99,14.82,7193612.0,106688232.0
2011-05-31,14.61,14.96,14.89,14.59,9428955.0,138042240.0
2011-05-30,14.80,15.09,14.49,14.31,10154692.0,148135088.0
2011-05-27,15.09,15.20,14.85,14.68,14614524.0,215858896.0
2011-05-26,16.00,16.20,15.14,15.11,21044358.0,327089216.0
2011-05-25,16.03,16.29,15.90,15.85,16606043.0,264895616.0
2011-05-23,15.99,16.22,16.10,15.74,21808926.0,346073984.0
2011-05-20,15.78,16.27,16.05,15.51,13993043.0,221524320.0
2011-05-19,15.96,15.99,15.71,15.66,8525602.0,133631400.0
2011-05-18,15.62,16.06,15.92,15.61,17491260.0,276067456.0
2011-05-17,15.41,15.97,15.80,14.99,27804464.0,430168768.0
2011-05-16,15.39,16.02,15.51,15.34,34184748.0,534870816.0
2011-05-13,14.87,15.11,15.09,14.87,20637616.0,307412384.0
2011-05-12,15.19,15.41,14.77,14.70,32476526.0,486722912.0
2011-05-11,15.75,15.97,15.65,15.57,21762584.0,341207712.0
2011-05-10,15.97,16.02,15.81,15.46,27511916.0,429263904.0
2011-05-09,16.33,16.40,15.92,15.86,15186564.0,242744064.0
2011-05-06,15.92,16.44,16.15,15.74,16370749.0,260567680.0
2011-05-05,16.37,16.66,16.39,16.14,12125000.0,196950832.0
2011-05-04,17.12,17.24,16.58,16.12,23126546.0,382948224.0
2011-05-03,16.90,17.48,17.36,16.60,17531180.0,296836064.0
2011-04-29,16.87,17.28,17.05,16.50,23172540.0,387636928.0
2011-04-28,17.75,18.23,16.89,16.84,21183396.0,366329888.0
2011-04-27,17.68,18.33,17.75,17.43,25591160.0,453630912.0
2011-04-26,18.13,18.52,17.49,17.43,27796016.0,492092384.0
2011-04-25,19.43,19.53,18.31,18.28,29322528.0,549003712.0
2011-04-22,19.14,19.84,19.55,18.74,43243964.0,831446592.0
2011-04-21,18.91,19.79,18.93,18.74,42595980.0,813667712.0
2011-04-20,17.96,19.46,18.91,17.96,49589452.0,926965312.0
2011-04-19,18.23,18.42,17.90,17.83,23675780.0,423846432.0
2011-04-18,17.24,18.44,18.42,17.06,42953340.0,768278720.0
2011-04-15,17.24,17.40,17.32,16.83,15318047.0,260727664.0
2011-04-14,17.33,17.53,17.23,17.05,16107869.0,276700096.0
2011-04-13,17.30,17.48,17.38,16.88,17711652.0,301522752.0
2011-04-12,17.91,18.22,17.38,17.04,29893764.0,524305280.0
2011-04-11,18.13,18.33,17.90,17.83,31446130.0,564614528.0
2011-04-08,17.63,18.26,17.93,17.56,33314840.0,595935296.0
2011-04-07,17.33,17.83,17.74,16.92,25842236.0,445330848.0
2011-04-06,17.26,17.65,17.38,17.15,24926716.0,429572640.0
2011-04-01,17.13,17.48,17.26,16.69,23872128.0,406458432.0
2011-03-31,17.33,17.58,16.95,16.87,38559964.0,657760768.0
2011-03-30,16.77,17.91,17.51,16.72,54483048.0,940431104.0
2011-03-29,16.73,17.31,16.76,16.61,30527572.0,515885888.0
2011-03-28,16.81,17.11,16.84,16.54,28223404.0,472298240.0
2011-03-25,16.35,16.78,16.61,16.28,20656594.0,340259968.0
2011-03-24,16.42,16.87,16.36,16.33,19556808.0,322091744.0
2011-03-23,15.97,16.47,16.34,15.89,18107776.0,293555648.0
2011-03-22,16.02,16.12,16.04,15.46,13344843.0,209748896.0
2011-03-21,16.24,16.32,15.95,15.78,15767795.0,250484432.0
2011-03-18,16.34,16.62,16.29,16.27,14380712.0,234855424.0
2011-03-17,16.11,16.52,16.11,15.92,16265341.0,260930016.0
2011-03-16,15.89,16.47,16.32,15.82,16185669.0,260407536.0
2011-03-15,16.17,16.25,15.92,15.65,18833388.0,297054528.0
2011-03-14,16.13,16.60,16.25,16.03,13621108.0,220960688.0
2011-03-11,16.12,16.63,16.39,16.00,15766686.0,257472928.0
2011-03-10,16.77,16.77,16.30,16.29,24212548.0,394861248.0
2011-03-09,17.26,17.32,16.95,16.87,19652096.0,332603584.0
2011-03-08,17.00,17.61,17.26,16.88,28231002.0,485138304.0
2011-03-07,16.91,17.45,17.18,16.72,38392316.0,654550272.0
2011-03-04,16.58,16.96,16.92,16.45,21917672.0,363703616.0
2011-03-03,16.32,17.12,16.68,15.91,34859704.0,573015296.0
2011-03-02,16.57,16.57,16.30,15.82,31032732.0,497940544.0
2011-03-01,16.82,17.23,16.75,16.62,29775844.0,498183072.0
2011-02-28,17.19,17.21,16.85,16.54,35445904.0,591674816.0
2011-02-25,16.34,17.78,17.19,16.12,62684008.0,1054951552.0
2011-02-24,15.99,17.03,16.30,15.99,39159748.0,644800512.0
2011-02-23,15.31,16.05,15.99,15.19,22844096.0,356962752.0
2011-02-22,16.12,16.47,15.48,15.34,34187556.0,543987584.0
2011-02-21,15.57,16.12,16.07,15.45,28388556.0,443975840.0
2011-02-18,15.03,15.92,15.72,14.91,33819912.0,521486016.0
2011-02-17,15.06,15.28,15.04,14.82,14400522.0,214750336.0
2011-02-16,14.60,15.08,14.92,14.60,11451979.0,168854816.0
2011-02-15,14.64,15.12,14.69,14.56,20470896.0,302387904.0
2011-02-14,13.95,14.77,14.62,13.95,19864160.0,285517856.0
2011-02-11,14.02,14.26,13.93,13.89,9792589.0,136568064.0
2011-02-10,13.70,14.07,13.97,13.58,7553097.0,103457464.0
2011-02-09,14.09,14.29,13.68,13.64,9289431.0,128378368.0
2011-02-01,14.22,14.26,14.21,13.98,8136298.0,114068304.0
2011-01-31,13.50,14.05,13.96,13.41,10133055.0,138130160.0
2011-01-28,13.62,13.80,13.61,13.21,10814423.0,145794096.0
2011-01-27,13.37,13.70,13.56,13.20,8711911.0,116883736.0
2011-01-26,13.20,13.40,13.37,13.09,6033486.0,79083240.0
2011-01-25,13.37,13.37,13.11,12.84,7610377.0,98800160.0
2011-01-24,14.05,14.24,13.38,13.35,11175815.0,152162544.0
2011-01-21,14.00,14.30,13.99,13.65,10821235.0,150486864.0
2011-01-20,14.58,14.91,14.10,14.08,9560191.0,136671776.0
2011-01-19,14.01,14.71,14.57,13.95,10119531.0,144310336.0
2011-01-18,14.12,14.14,14.07,13.80,7605932.0,105669768.0
2011-01-17,14.61,15.18,14.13,13.85,17877462.0,254318608.0
2011-01-14,15.40,15.40,14.84,14.66,13749527.0,205022192.0
2011-01-13,15.62,15.76,15.45,15.23,7441254.0,114425416.0
2011-01-12,15.59,15.72,15.46,15.18,8387681.0,128691816.0
2011-01-11,15.42,15.64,15.48,14.98,14865062.0,226601152.0
2011-01-10,15.85,16.37,15.62,15.59,18995926.0,302057152.0
2011-01-07,15.32,16.32,15.95,15.31,34491200.0,543997312.0
2011-01-06,15.51,16.18,15.65,15.51,29978864.0,470858752.0
2011-01-05,15.82,15.97,15.51,15.39,42659920.0,661298240.0
2011-01-04,15.56,16.40,16.25,15.41,54710848.0,866173248.0
