date,open,high,close,low,volume,amount
2015-11-27,20.50,20.98,18.68,18.64,8280232.0,164233536.0
2015-11-26,20.00,20.98,20.71,19.80,8204350.0,169037008.0
2015-11-25,19.80,20.20,20.00,19.55,5830241.0,115830888.0
2015-11-24,19.03,20.68,20.28,18.51,9461586.0,187147680.0
2015-11-23,17.72,19.88,19.54,17.72,16498949.0,315991712.0
2015-11-20,16.46,18.32,18.08,16.42,10995835.0,194324544.0
2015-11-19,16.11,16.66,16.65,16.00,3583360.0,58559944.0
2015-11-18,16.36,16.49,16.02,15.94,2917883.0,47116540.0
2015-11-17,16.49,16.93,16.29,16.25,6868600.0,114277488.0
2015-11-16,15.95,16.62,16.59,15.85,3372789.0,55122904.0
2015-11-13,16.23,16.97,16.39,16.06,4441089.0,73739000.0
2015-11-12,16.63,16.70,16.39,16.20,5109124.0,83999064.0
2015-11-11,16.23,16.98,16.63,16.01,6602461.0,108326880.0
2015-11-10,15.93,16.30,16.26,15.68,5820944.0,92807344.0
2015-11-09,16.07,16.18,15.99,15.70,4431822.0,70668624.0
2015-11-06,16.00,16.36,16.25,15.95,3751409.0,60670268.0
2015-11-05,16.50,16.60,15.91,15.89,4521539.0,73409552.0
2015-11-04,15.51,16.48,16.39,15.50,7483506.0,120308112.0
2015-11-03,15.00,15.90,15.64,15.00,4380699.0,67451792.0
2015-11-02,15.17,15.64,15.03,14.13,9075207.0,137452880.0
2015-10-30,15.51,15.78,15.51,15.37,3155696.0,49127152.0
2015-10-29,15.40,15.81,15.67,15.23,4109766.0,63905752.0
2015-10-28,15.80,16.38,15.45,14.92,9921196.0,158608368.0
2015-10-27,16.00,16.00,15.73,15.01,5201291.0,80883936.0
2015-10-26,15.20,16.19,16.09,14.81,9502940.0,147248160.0
2015-10-23,14.98,15.49,15.14,14.38,9301690.0,139126912.0
2015-10-22,13.21,14.77,14.74,13.08,8560844.0,121657624.0
2015-10-21,14.16,14.98,13.43,13.41,8218082.0,116751944.0
2015-10-20,13.69,14.36,14.16,13.60,4572602.0,64222996.0
2015-10-19,14.24,14.31,13.81,13.74,4734287.0,66213144.0
2015-10-16,14.13,14.50,14.40,13.60,5746666.0,80292984.0
2015-10-15,13.10,14.19,13.99,13.10,6160482.0,84090992.0
2015-10-14,13.35,13.60,13.17,13.05,4888600.0,65066644.0
2015-10-13,13.25,13.82,13.45,13.10,5515389.0,74348968.0
2015-10-12,12.66,13.65,13.49,12.66,5930151.0,78720848.0
2015-10-09,12.50,12.78,12.73,12.21,4937252.0,61808824.0
2015-10-08,12.20,12.71,12.56,11.90,5690273.0,70146592.0
2015-09-30,11.89,12.12,11.77,11.50,3477320.0,40980640.0
2015-09-29,11.97,12.54,11.91,11.75,4567409.0,55259656.0
2015-09-28,11.98,12.37,12.23,11.64,4033100.0,48917884.0
2015-09-25,12.65,12.75,11.87,11.65,4795118.0,58148104.0
2015-09-24,12.30,12.68,12.64,12.08,5733749.0,71111480.0
2015-09-23,12.75,12.75,12.17,11.91,4731807.0,58280176.0
2015-09-22,12.90,13.17,12.88,12.50,4542937.0,58337140.0
2015-09-21,12.33,13.26,12.96,12.03,4543197.0,57784492.0
2015-09-18,12.61,12.61,12.43,12.04,2770833.0,34185916.0
2015-09-17,12.40,13.00,12.23,12.15,5218962.0,65664864.0
2015-09-16,11.78,12.61,12.61,11.60,5091359.0,61286300.0
2015-09-15,12.05,12.60,11.46,11.43,5739729.0,68745648.0
2015-09-14,14.22,14.79,12.70,12.70,7322416.0,100494768.0
2015-09-11,13.47,14.20,14.11,13.47,4045927.0,56596568.0
2015-09-10,14.01,14.38,13.80,13.75,4994722.0,70146952.0
2015-09-09,13.96,14.90,14.40,13.61,7305901.0,104609104.0
2015-09-08,12.35,13.59,13.59,12.07,4483580.0,57452784.0
2015-09-07,12.00,13.09,12.35,12.00,7127619.0,89567848.0
2015-09-02,12.20,13.65,12.04,11.88,8889982.0,110175912.0
2015-09-01,14.00,14.69,13.13,13.11,11234771.0,156269344.0
2015-08-31,13.40,14.55,14.55,13.00,11657946.0,162193520.0
2015-08-28,12.40,13.23,13.23,12.07,8734813.0,110513592.0
2015-08-27,12.10,12.50,12.03,11.10,8640205.0,102952016.0
2015-08-26,13.25,13.60,11.75,11.74,11260282.0,140886320.0
2015-08-25,13.04,14.00,13.04,13.04,8134792.0,107859528.0
2015-08-24,15.40,15.40,14.49,14.49,6026501.0,88850440.0
2015-08-21,16.00,17.25,16.10,15.30,12528639.0,206175840.0
2015-08-20,16.80,17.88,16.42,16.16,10635263.0,181933504.0
2015-08-19,16.06,17.80,17.22,15.56,12244501.0,199115328.0
2015-08-18,19.01,19.45,17.29,17.29,12876976.0,236362528.0
2015-08-17,20.00,20.95,19.21,19.00,19768310.0,389813376.0
2015-08-14,20.04,20.04,20.04,19.18,9898594.0,197820944.0
2015-08-13,16.93,18.46,18.22,16.85,23191806.0,415998400.0
2015-08-12,15.73,17.45,17.44,15.31,18972920.0,306337632.0
2015-08-11,16.15,16.18,15.86,15.60,13072138.0,207924736.0
2015-08-10,15.47,16.54,16.29,15.40,15566138.0,245911408.0
2015-08-07,15.30,15.70,15.55,14.74,13641755.0,208428288.0
2015-08-06,14.10,15.02,14.98,13.80,7002752.0,103855120.0
2015-08-05,14.88,15.00,14.55,14.35,4332738.0,63729776.0
2015-08-04,13.90,15.25,14.97,13.85,5259259.0,76918624.0
2015-08-03,13.78,14.38,14.09,13.39,6356439.0,88225520.0
2015-07-31,14.11,14.75,13.99,13.72,5653429.0,80514032.0
2015-07-30,15.45,15.89,14.25,14.20,11016921.0,168993216.0
2015-07-29,14.06,15.47,15.46,13.86,14030647.0,206171360.0
2015-07-28,11.87,14.14,14.06,11.80,11612995.0,150225120.0
2015-07-27,14.11,14.88,13.10,13.10,7124770.0,99790168.0
2015-07-24,15.40,15.40,14.56,14.50,8044111.0,121263080.0
2015-07-23,14.75,15.49,15.20,14.54,7838233.0,119279504.0
2015-07-22,14.68,15.24,14.73,14.18,7541261.0,110395088.0
2015-07-21,14.67,15.49,15.03,14.67,7280084.0,110104632.0
2015-07-20,14.92,15.57,15.01,13.89,10665738.0,159762736.0
2015-07-17,13.25,14.82,14.61,13.25,8261745.0,117575256.0
2015-07-16,12.01,14.13,13.55,12.01,10425574.0,137950624.0
2015-07-15,13.50,13.50,13.17,12.55,27759320.0,365873024.0
2015-07-14,12.27,12.27,12.27,12.27,484702.0,5947294.0
2015-07-13,11.15,11.15,11.15,11.15,430010.0,4794612.0
2015-07-10,9.50,10.14,10.14,9.40,3966689.0,39213204.0
2015-07-09,7.54,9.22,9.22,7.54,15714285.0,131058312.0
2015-07-08,8.38,8.38,8.38,8.38,280200.0,2348076.0
2015-07-07,9.65,10.30,9.31,9.31,6985290.0,66094984.0
2015-07-06,12.40,12.40,10.34,10.25,15255032.0,172142256.0
2015-07-03,11.55,12.65,11.39,11.39,11646060.0,134673680.0
2015-07-02,12.80,13.71,12.66,12.66,7651768.0,99190272.0
2015-07-01,15.33,15.69,14.07,14.07,9822865.0,146423520.0
2015-06-30,13.98,16.01,15.63,13.90,14885885.0,217324960.0
2015-06-29,17.20,17.38,15.44,15.44,8398313.0,132157648.0
2015-06-26,18.00,18.10,17.16,17.16,5086907.0,87879344.0
2015-06-25,20.80,21.00,19.07,19.00,5348843.0,107654496.0
2015-06-24,19.90,21.07,20.78,19.53,8122087.0,165431248.0
2015-06-23,21.25,21.87,19.66,19.16,7904014.0,157750752.0
2015-06-19,21.70,22.30,21.29,20.93,8660141.0,185534048.0
2015-06-18,23.89,25.25,23.25,23.10,17360356.0,417211200.0
2015-06-17,22.92,24.42,23.92,20.53,14911662.0,333454528.0
2015-06-16,24.50,24.59,22.65,22.60,14024375.0,329690912.0
2015-06-15,25.40,26.96,25.11,24.58,14688778.0,377567104.0
2015-06-12,24.00,26.02,25.50,23.20,17008956.0,420283072.0
2015-06-11,22.35,23.96,23.65,22.00,13907733.0,322793312.0
2015-06-10,21.82,22.50,22.35,21.40,9742926.0,215812576.0
2015-06-09,21.48,22.76,21.85,21.48,9008347.0,199308400.0
2015-06-08,22.20,22.22,21.41,20.83,8760287.0,188922208.0
2015-06-05,22.25,23.58,22.43,21.77,14445051.0,329266528.0
2015-06-04,21.00,22.34,22.10,19.51,11861852.0,253766816.0
2015-06-03,21.76,22.66,21.05,20.50,13033300.0,278816704.0
2015-06-02,19.53,21.47,21.47,19.21,17531312.0,359143456.0
2015-06-01,18.19,19.60,19.52,18.13,9673871.0,183942256.0
2015-05-29,17.63,18.49,18.08,16.80,5786539.0,103791272.0
2015-05-28,19.00,19.30,17.88,17.85,8484003.0,158345056.0
2015-05-27,19.41,19.59,19.21,18.88,8851644.0,169366208.0
2015-05-26,19.00,19.48,19.46,18.50,10180693.0,194290368.0
2015-05-25,18.10,19.78,19.01,17.80,13889134.0,263242480.0
2015-05-22,17.86,18.40,18.29,17.30,9915318.0,176473344.0
2015-05-21,18.05,18.19,17.77,17.21,8966280.0,158146528.0
2015-05-20,17.59,18.59,18.02,17.59,7211174.0,130349272.0
2015-05-19,17.01,17.98,17.59,16.80,6976829.0,120987432.0
2015-05-18,17.55,17.77,17.35,16.69,8039131.0,139206864.0
2015-05-15,18.70,19.90,18.22,18.21,12854703.0,241044976.0
2015-05-14,17.58,18.70,18.68,17.35,7700649.0,140306048.0
2015-05-13,17.28,17.65,17.61,16.80,4262808.0,73931440.0
2015-05-12,17.59,17.77,17.31,16.79,6439380.0,110942416.0
2015-05-11,17.30,17.88,17.63,16.80,7407844.0,128650920.0
2015-05-08,16.61,17.08,17.01,16.30,2717726.0,45219036.0
2015-05-07,16.60,16.90,16.44,16.35,2110409.0,34951364.0
2015-05-06,16.40,17.34,16.66,16.17,5264635.0,87955152.0
2015-05-05,17.15,17.35,16.37,16.18,4850605.0,80577000.0
2015-05-04,16.54,17.18,17.10,16.50,3107601.0,52565520.0
2015-04-30,17.24,17.34,16.71,16.62,3784269.0,63732820.0
2015-04-29,15.79,17.15,16.99,15.51,7018771.0,115692352.0
2015-04-28,15.90,16.15,15.68,15.50,4024929.0,63750768.0
2015-04-27,16.41,16.41,16.01,15.40,11071897.0,175096592.0
2015-04-24,14.95,16.50,16.26,14.50,8429259.0,132593448.0
2015-04-23,14.35,15.10,15.02,14.35,6890867.0,102185008.0
2015-04-22,14.44,14.84,14.48,14.42,2961858.0,43202892.0
2015-04-21,13.65,14.56,14.44,13.51,3970494.0,55781884.0
2015-04-20,13.88,14.28,13.63,13.51,5235223.0,72569056.0
2015-04-17,13.10,14.18,14.11,12.88,5821550.0,77866224.0
2015-04-16,12.45,13.16,13.00,12.44,3850091.0,49862172.0
2015-04-15,13.11,13.20,12.84,12.51,4334286.0,55728488.0
2015-04-14,13.20,13.48,13.14,12.88,3793785.0,49943624.0
2015-04-13,12.91,13.21,13.20,12.80,5372106.0,70089624.0
2015-04-10,12.53,13.18,12.83,12.40,3881786.0,50243136.0
2015-04-09,12.79,12.87,12.53,12.10,4274528.0,53000176.0
2015-04-08,12.75,13.23,12.77,12.22,5321284.0,68460856.0
2015-04-07,12.50,13.37,12.78,12.46,6110855.0,78422824.0
2015-04-03,11.75,12.90,12.54,11.59,7560320.0,94091424.0
2015-04-02,11.77,11.84,11.76,11.48,4707704.0,54893036.0
2015-04-01,10.83,12.05,11.77,10.82,6895670.0,80310560.0
2015-03-31,10.69,11.12,10.97,10.50,5789080.0,62556752.0
2015-03-30,10.11,10.88,10.75,10.11,8663441.0,90657280.0
2015-03-27,11.07,11.13,10.94,10.80,4072208.0,44671260.0
2015-03-26,11.21,11.23,11.07,11.04,2361991.0,26301612.0
2015-03-25,11.14,11.25,11.21,10.82,3125154.0,34596532.0
2015-03-24,11.38,11.58,11.21,10.65,5023805.0,56155404.0
2015-03-23,11.40,11.64,11.40,11.16,2670751.0,30458406.0
2015-03-20,11.26,11.47,11.36,11.11,2450134.0,27719734.0
2015-03-19,11.30,11.38,11.27,11.01,2970305.0,33410392.0
2015-03-18,11.14,11.42,11.24,11.01,4279260.0,47944492.0
2015-03-17,10.63,11.28,11.17,10.60,5625605.0,61891804.0
2015-03-16,10.57,11.18,10.68,10.43,4455212.0,47914240.0
2015-03-13,10.08,10.62,10.60,10.08,4213306.0,44216696.0
2015-03-12,10.02,10.30,10.27,9.74,4088876.0,40945028.0
2015-03-11,10.22,10.28,10.06,10.03,3604974.0,36560756.0
2015-03-10,10.19,10.48,10.23,10.06,3738532.0,38201276.0
2015-03-09,9.71,10.58,10.19,9.71,6340479.0,64577696.0
2015-03-06,9.59,9.82,9.70,9.48,3393491.0,32688254.0
2015-03-05,9.66,9.85,9.62,9.56,2687372.0,25957268.0
2015-03-04,9.68,9.98,9.73,9.64,3725223.0,36357448.0
2015-03-03,9.67,9.91,9.82,9.39,6514149.0,62731652.0
2015-03-02,9.72,9.80,9.67,9.52,4459483.0,42925104.0
2015-02-27,9.80,9.87,9.73,9.52,3978439.0,38531144.0
2015-02-26,9.56,9.84,9.81,9.40,5575663.0,54049616.0
2015-02-25,8.95,9.88,9.61,8.83,8883428.0,85176280.0
2015-02-17,8.86,9.11,8.98,8.71,3902376.0,34920796.0
2015-02-16,8.54,9.33,9.00,8.49,9539291.0,85344184.0
2015-02-13,8.26,8.55,8.48,8.10,5910999.0,49351440.0
2015-02-12,7.89,8.31,8.06,7.89,3003341.0,24427896.0
2015-02-11,7.87,7.99,7.89,7.78,2489795.0,19630800.0
2015-02-10,7.78,7.98,7.90,7.71,2339995.0,18345164.0
2015-02-09,8.18,8.20,7.92,7.90,2454936.0,19670212.0
2015-02-06,8.20,8.34,8.15,8.00,3072800.0,25210760.0
2015-02-05,8.20,8.39,8.21,8.19,3300925.0,27336704.0
2015-02-04,7.99,8.47,8.29,7.90,7809205.0,64494560.0
2015-02-03,7.81,8.01,7.96,7.81,2475744.0,19639896.0
2015-02-02,7.77,8.00,7.80,7.77,2585641.0,20329612.0
2015-01-30,8.20,8.22,8.01,7.94,5045971.0,40620076.0
2015-01-29,8.00,8.08,8.04,7.86,3778875.0,30197032.0
2015-01-28,7.81,8.09,8.01,7.76,5538747.0,44053188.0
2015-01-27,7.80,7.87,7.79,7.61,3769999.0,29222308.0
2015-01-26,7.56,7.95,7.82,7.52,5254241.0,40840472.0
2015-01-23,7.45,7.74,7.56,7.35,4389406.0,33121750.0
2015-01-22,7.36,7.49,7.46,7.32,3628335.0,26927108.0
2015-01-21,7.33,7.43,7.35,7.31,6014673.0,44349376.0
2015-01-20,7.11,7.34,7.33,7.11,3905549.0,28424038.0
2015-01-19,7.06,7.33,7.10,7.03,5479211.0,39254928.0
2015-01-16,7.10,7.28,7.21,7.01,5567707.0,39682092.0
2015-01-15,7.16,7.16,7.10,7.03,2068817.0,14695880.0
2015-01-14,7.11,7.18,7.11,7.08,1303902.0,9290129.0
2015-01-13,7.08,7.17,7.16,7.05,2709871.0,19241520.0
2015-01-12,7.17,7.20,7.12,6.96,3718078.0,26239432.0
2015-01-09,7.23,7.30,7.19,7.13,3688021.0,26622044.0
2015-01-08,7.14,7.36,7.25,7.11,3883403.0,28209970.0
2015-01-07,7.04,7.24,7.17,6.96,5162145.0,36866100.0
2015-01-06,7.00,7.13,7.07,6.85,5250051.0,36638472.0
2015-01-05,6.93,7.08,7.04,6.78,4032266.0,27934148.0
2014-12-31,6.91,7.00,6.96,6.81,2625316.0,18190044.0
2014-12-30,6.95,7.08,6.88,6.83,3190249.0,22145744.0
2014-12-29,7.18,7.25,7.03,6.71,5830073.0,40578144.0
2014-12-26,7.00,7.45,7.22,6.97,4724557.0,34166016.0
2014-12-25,6.97,7.07,7.02,6.90,4134255.0,28741212.0
2014-12-24,6.80,6.95,6.94,6.72,4230934.0,28980086.0
2014-12-23,6.70,6.99,6.79,6.68,6081894.0,41681576.0
2014-12-22,7.14,7.18,6.53,6.53,9763402.0,65433608.0
2014-12-19,7.48,7.57,7.26,7.12,8326155.0,60780032.0
2014-12-18,7.73,7.84,7.66,7.51,8839284.0,67971472.0
2014-12-17,8.02,8.07,7.85,7.68,15655448.0,123640160.0
2014-12-16,7.94,8.34,8.10,7.82,18462060.0,148540432.0
2014-12-15,7.78,8.40,8.11,7.15,26946634.0,206814976.0
2014-07-07,8.07,8.07,7.89,7.81,1923881.0,15194887.0
2014-07-04,8.08,8.15,8.07,7.95,1903463.0,15306624.0
2014-07-03,7.94,8.20,8.11,7.83,5286430.0,42484384.0
2014-07-02,7.76,7.96,7.90,7.64,4517533.0,35425352.0
2014-07-01,7.68,7.75,7.73,7.60,1869464.0,14358822.0
2014-06-30,7.62,7.75,7.69,7.62,2422764.0,18623588.0
2014-06-27,7.79,7.82,7.69,7.66,2901310.0,22414776.0
2014-06-26,7.73,7.84,7.80,7.58,4297810.0,33272280.0
2014-06-25,7.63,7.94,7.75,7.60,7449669.0,57651308.0
2014-06-24,7.29,7.34,7.32,7.13,1607949.0,11692781.0
2014-06-23,7.08,7.32,7.21,7.08,1662821.0,11992309.0
2014-06-20,6.90,7.09,7.06,6.80,1019960.0,7148516.0
2014-06-19,7.12,7.19,6.96,6.82,2422760.0,16965832.0
2014-06-18,7.37,7.42,7.13,7.12,2591063.0,18771796.0
2014-06-17,7.44,7.50,7.40,7.31,2182974.0,16146495.0
2014-06-16,7.40,7.50,7.49,7.28,1926715.0,14263696.0
2014-06-13,7.53,7.65,7.45,7.35,3451556.0,25691730.0
2014-06-12,7.61,7.71,7.58,7.55,1593469.0,12159552.0
2014-06-11,7.58,7.78,7.61,7.56,1607698.0,12357565.0
2014-06-10,7.60,7.66,7.62,7.50,1445989.0,10983150.0
2014-06-09,7.93,7.93,7.64,7.51,2897998.0,22302274.0
2014-06-06,7.68,7.98,7.93,7.57,1656083.0,12831640.0
2014-06-05,7.61,7.72,7.71,7.60,1167177.0,8952664.0
2014-06-04,7.78,7.89,7.65,7.60,1491676.0,11544525.0
2014-06-03,7.97,8.06,7.84,7.84,1514930.0,12085372.0
2014-05-30,7.77,7.95,7.94,7.66,2230265.0,17427896.0
2014-05-29,7.84,7.94,7.80,7.75,1315580.0,10334173.0
2014-05-28,7.83,7.90,7.88,7.68,1540190.0,11983221.0
2014-05-27,7.95,7.98,7.81,7.75,1603432.0,12563752.0
2014-05-26,7.96,8.11,7.98,7.90,1869839.0,14945790.0
2014-05-23,7.79,8.08,7.95,7.79,1598958.0,12735511.0
2014-05-22,8.08,8.11,7.90,7.88,2608760.0,20829984.0
2014-05-21,7.58,8.07,8.06,7.50,2293497.0,17999254.0
2014-05-20,7.85,7.85,7.64,7.56,1040509.0,8018467.0
2014-05-19,7.75,7.78,7.75,7.60,1276899.0,9827328.0
2014-05-16,7.51,7.77,7.72,7.50,1254509.0,9590715.0
2014-05-15,7.80,7.91,7.57,7.55,3642955.0,27939422.0
2014-05-14,8.01,8.04,7.87,7.80,2066954.0,16332459.0
2014-05-13,8.12,8.29,8.00,7.91,3217627.0,25950842.0
2014-05-12,8.00,8.16,8.14,7.85,2925293.0,23504640.0
2014-05-09,8.34,8.35,8.02,7.76,5558552.0,44414732.0
2014-05-08,8.21,8.45,8.30,8.20,3379608.0,28011166.0
2014-05-07,8.12,8.46,8.26,8.12,4431065.0,36947328.0
2014-05-06,8.11,8.42,8.27,8.04,4523647.0,37270788.0
2014-05-05,8.00,8.42,8.21,7.95,7918702.0,65424392.0
2014-04-30,7.59,8.15,7.99,7.57,6545431.0,52036688.0
2014-04-29,7.48,7.77,7.57,7.48,3099278.0,23567868.0
2014-04-28,7.40,7.89,7.65,7.36,5118859.0,39167116.0
2014-04-25,7.57,7.60,7.41,7.33,3400937.0,25332072.0
2014-04-24,8.00,8.07,7.64,7.53,5993462.0,46207104.0
2014-04-23,7.95,8.38,8.05,7.83,6453020.0,52415640.0
2014-04-22,7.85,8.04,7.90,7.79,3410519.0,27069348.0
2014-04-21,7.75,8.14,7.91,7.61,4861686.0,38686160.0
2014-04-18,7.90,7.93,7.76,7.71,4146563.0,32340196.0
2014-04-17,7.65,8.18,7.93,7.60,8873187.0,69534528.0
2014-04-16,7.49,7.65,7.58,7.42,2581913.0,19521678.0
2014-04-15,7.43,7.65,7.49,7.40,3533601.0,26716476.0
2014-04-14,7.44,7.52,7.43,7.29,1921151.0,14194125.0
2014-04-11,7.34,7.75,7.44,7.34,5042296.0,38143048.0
2014-04-10,7.45,7.47,7.39,7.31,2908583.0,21424052.0
2014-04-09,7.40,7.53,7.48,7.37,4100880.0,30567352.0
2014-04-08,7.01,7.58,7.44,6.96,6045823.0,44575784.0
2014-04-04,6.92,7.12,7.01,6.92,2179188.0,15217596.0
2014-04-03,6.92,7.05,6.99,6.85,3010634.0,20891468.0
2014-04-02,6.73,7.06,6.97,6.65,5522655.0,37779632.0
2014-04-01,6.55,6.79,6.72,6.55,4951524.0,33211196.0
2014-03-31,7.12,7.13,6.66,6.64,10066974.0,67766584.0
2014-03-20,7.26,7.46,7.38,7.25,6054140.0,44640968.0
2014-03-19,7.48,7.55,7.28,7.16,8479036.0,61889520.0
2014-03-18,7.54,7.72,7.54,7.48,2761816.0,20995492.0
2014-03-17,7.36,7.58,7.50,7.32,2729578.0,20444088.0
2014-03-14,7.50,7.54,7.36,7.33,3166682.0,23501896.0
2014-03-13,7.37,7.63,7.46,7.37,1566526.0,11710619.0
2014-03-12,7.40,7.77,7.42,7.37,3257879.0,24637114.0
2014-03-11,7.42,7.47,7.42,7.30,1778511.0,13125513.0
2014-03-10,7.66,7.66,7.42,7.30,3269645.0,24394248.0
2014-03-07,7.70,7.77,7.67,7.58,3803702.0,29253168.0
2014-03-06,7.41,7.63,7.59,7.41,2781173.0,20982130.0
2014-03-05,7.50,7.56,7.45,7.41,4166776.0,31232080.0
2014-03-04,7.40,7.53,7.46,7.31,3203571.0,23784192.0
2014-03-03,7.11,7.46,7.46,7.11,11412948.0,84747360.0
2014-02-28,7.02,7.37,7.11,6.91,4609727.0,33086100.0
2014-02-27,6.80,7.02,7.02,6.70,4289124.0,29663678.0
2014-02-26,6.64,6.73,6.69,6.55,3312632.0,22140706.0
2014-02-25,6.97,7.03,6.69,6.68,2810100.0,19349110.0
2014-02-24,6.95,7.07,6.96,6.90,2755554.0,19188728.0
2014-02-21,7.02,7.16,7.02,6.93,1907770.0,13403457.0
2014-02-20,7.10,7.12,7.02,7.01,1774036.0,12494860.0
2014-02-19,7.18,7.18,7.11,7.00,2188794.0,15502199.0
2014-02-18,7.05,7.16,7.09,7.02,1895176.0,13470174.0
2014-02-17,7.07,7.14,7.03,6.97,2285551.0,16091087.0
2014-02-14,6.83,7.12,7.06,6.80,1643412.0,11469112.0
2014-02-13,6.81,6.94,6.81,6.77,1588122.0,10898646.0
2014-02-12,6.95,7.00,6.88,6.86,1639302.0,11322540.0
2014-02-11,6.87,7.01,6.97,6.87,1302468.0,9065185.0
2014-02-10,6.68,7.01,6.93,6.62,2574401.0,17786350.0
2014-02-07,6.50,6.73,6.68,6.50,764625.0,5088605.0
2014-01-30,6.70,6.80,6.75,6.67,860195.0,5788714.0
2014-01-29,6.80,6.88,6.72,6.66,1223735.0,8265773.0
2014-01-28,6.65,6.88,6.80,6.65,1454000.0,9920080.0
2014-01-27,6.54,6.74,6.67,6.50,1631184.0,10868740.0
2014-01-24,6.53,6.61,6.56,6.50,1174955.0,7713407.0
2014-01-23,6.55,6.62,6.59,6.44,1586488.0,10346431.0
2014-01-22,6.36,6.61,6.51,6.32,1374375.0,8931377.0
2014-01-21,6.27,6.41,6.36,6.25,1212412.0,7678958.0
2014-01-20,6.45,6.45,6.24,6.21,1226144.0,7751326.0
2014-01-17,6.45,6.53,6.38,6.29,1803815.0,11513770.0
2014-01-16,6.36,6.50,6.50,6.35,2390161.0,15416499.0
2014-01-15,6.36,6.49,6.41,6.31,1095540.0,6995659.0
2014-01-14,6.24,6.46,6.37,6.22,1604621.0,10109915.0
2014-01-13,6.20,6.38,6.25,6.12,559601.0,3507243.0
2014-01-10,6.24,6.30,6.20,6.10,493000.0,3061593.0
2014-01-09,6.34,6.40,6.30,6.30,688921.0,4376872.0
2014-01-08,6.45,6.45,6.38,6.35,672564.0,4298952.0
2014-01-07,6.22,6.51,6.40,6.22,586380.0,3748900.0
2014-01-06,6.51,6.59,6.32,6.30,693003.0,4463487.0
2014-01-03,6.46,6.67,6.59,6.46,1114901.0,7355388.0
2014-01-02,6.43,6.68,6.51,6.43,833660.0,5471047.0
2013-12-31,6.38,6.53,6.43,6.31,957640.0,6149918.0
2013-12-30,6.28,6.39,6.38,6.26,1148271.0,7264459.0
2013-12-27,6.19,6.31,6.26,6.12,741912.0,4614145.0
2013-12-26,6.26,6.28,6.11,6.10,741558.0,4611408.0
2013-12-25,6.25,6.33,6.32,6.20,817001.0,5126574.0
2013-12-24,6.17,6.33,6.27,6.11,756662.0,4723459.0
2013-12-23,6.56,6.60,6.23,6.23,2088021.0,13118422.0
2013-12-20,6.70,6.81,6.56,6.55,1672107.0,11129590.0
2013-12-19,6.71,6.88,6.74,6.68,1346521.0,9146350.0
2013-12-18,6.52,6.85,6.73,6.48,2727247.0,18256308.0
2013-12-17,6.45,6.53,6.52,6.42,911947.0,5901602.0
2013-12-16,6.44,6.52,6.48,6.41,1525210.0,9857378.0
2013-12-13,6.36,6.46,6.44,6.31,1134854.0,7255301.0
2013-12-12,6.34,6.41,6.39,6.34,1054210.0,6711747.0
2013-12-11,6.44,6.47,6.35,6.30,1313299.0,8352932.0
2013-12-10,6.49,6.49,6.45,6.41,890949.0,5734939.0
2013-12-09,6.46,6.60,6.49,6.42,2469481.0,16079191.0
2013-12-06,6.37,6.50,6.46,6.34,1767698.0,11386813.0
2013-12-05,6.39,6.39,6.36,6.29,2022427.0,12809643.0
2013-12-04,6.28,6.52,6.40,6.26,3399434.0,21807864.0
2013-12-03,6.28,6.37,6.28,6.28,7458173.0,46893640.0
2013-12-02,6.61,6.69,6.61,6.61,2700747.0,17858410.0
2013-11-29,7.07,7.16,6.96,6.92,3642944.0,25607614.0
2013-11-28,7.22,7.29,7.12,7.08,2836434.0,20239046.0
2013-11-27,7.11,7.27,7.22,7.06,3367625.0,24088300.0
2013-11-26,6.94,7.14,7.11,6.90,2879506.0,20246280.0
2013-11-25,6.76,7.03,6.96,6.76,3522285.0,24494382.0
2013-11-22,6.83,6.87,6.81,6.74,2821474.0,19244708.0
2013-11-21,6.67,6.83,6.82,6.61,2961197.0,20060216.0
2013-11-20,6.60,6.74,6.65,6.56,2378478.0,15825711.0
2013-11-19,6.60,6.69,6.61,6.51,2911056.0,19183632.0
2013-11-18,6.49,6.69,6.61,6.33,3636429.0,23546072.0
2013-11-15,6.48,6.58,6.54,6.41,2012337.0,13117162.0
2013-11-14,6.39,6.49,6.45,6.36,995567.0,6401639.0
2013-11-13,6.50,6.57,6.37,6.34,1464332.0,9461068.0
2013-11-12,6.50,6.60,6.57,6.49,1256982.0,8203632.0
2013-11-11,6.50,6.55,6.51,6.31,1729731.0,11148568.0
2013-11-08,6.59,6.60,6.50,6.44,1372150.0,8940454.0
2013-11-07,6.65,6.76,6.62,6.60,1673598.0,11178208.0
2013-11-06,6.69,6.88,6.68,6.63,2998878.0,20305096.0
2013-11-05,6.61,6.73,6.67,6.52,2713590.0,17989888.0
2013-11-04,6.38,6.70,6.66,6.36,3528013.0,23000180.0
2013-11-01,6.43,6.45,6.38,6.32,1501108.0,9609505.0
2013-10-31,6.43,6.49,6.43,6.35,2146081.0,13804702.0
2013-10-30,6.46,6.53,6.43,6.35,3723292.0,23884580.0
2013-10-29,6.79,6.90,6.43,6.42,5340658.0,35140748.0
2013-10-28,6.73,6.85,6.76,6.70,2449528.0,16579857.0
2013-10-25,6.85,6.87,6.75,6.71,2885368.0,19625526.0
2013-10-24,6.83,6.89,6.85,6.77,2635512.0,18015096.0
2013-10-23,6.94,7.01,6.80,6.76,4825105.0,33234324.0
2013-10-22,7.22,7.29,6.95,6.85,11204868.0,78713632.0
2013-10-21,7.48,7.58,7.21,7.21,11493761.0,83409280.0
2013-10-18,7.59,7.66,7.59,7.59,6198100.0,47051152.0
2013-10-17,7.99,7.99,7.99,7.99,433200.0,3461268.0
2013-10-14,8.03,8.41,8.41,8.00,4710667.0,39135940.0
2013-10-11,7.62,8.03,8.01,7.62,4968162.0,39495760.0
2013-10-10,7.47,7.84,7.65,7.42,5128148.0,39560476.0
2013-10-09,7.37,7.56,7.47,7.34,2626280.0,19611400.0
2013-10-08,7.78,7.80,7.46,7.41,7260017.0,54396780.0
2013-09-30,7.43,7.80,7.80,7.43,7383742.0,57361604.0
2013-09-27,7.22,7.47,7.43,7.21,3510640.0,25989292.0
2013-09-26,7.14,7.40,7.21,7.12,4446330.0,32404928.0
2013-09-25,7.30,7.32,7.15,7.12,4214803.0,30385100.0
2013-09-24,7.18,7.38,7.37,7.14,3879796.0,28054448.0
2013-09-23,7.27,7.28,7.20,7.12,1949969.0,14018929.0
2013-09-18,7.22,7.30,7.20,7.11,3210081.0,23073614.0
2013-09-17,7.23,7.38,7.25,7.18,2879872.0,20956200.0
2013-09-16,7.35,7.48,7.23,7.19,4099983.0,29825820.0
2013-09-13,7.16,7.36,7.28,7.15,4235942.0,30709122.0
2013-09-12,6.97,7.24,7.19,6.90,5421454.0,38589080.0
2013-09-11,7.12,7.12,7.00,6.77,5818438.0,40485724.0
2013-09-10,7.17,7.20,7.11,7.01,3464774.0,24552676.0
2013-09-09,7.11,7.33,7.16,7.00,3838432.0,27578032.0
2013-09-06,7.03,7.18,7.13,6.87,4942519.0,34969052.0
2013-09-05,7.36,7.53,7.08,7.05,6057373.0,43998264.0
2013-09-04,7.48,7.61,7.42,7.26,6480214.0,48615088.0
2013-09-03,7.24,7.58,7.48,7.24,10141379.0,76160440.0
2013-09-02,6.94,7.22,7.22,6.81,10195287.0,72706096.0
2013-08-30,6.74,6.95,6.88,6.66,6471777.0,44388112.0
2013-08-29,6.89,6.97,6.75,6.60,6111594.0,41306288.0
2013-08-28,6.90,7.08,6.84,6.77,9316591.0,64578852.0
2013-08-27,7.13,7.15,6.80,6.80,8615700.0,58970448.0
2013-08-26,7.05,7.23,7.16,6.88,6069332.0,42979012.0
2013-08-23,7.35,7.49,7.12,7.12,7714510.0,55241088.0
2013-08-22,7.57,7.62,7.49,7.18,8027370.0,59587144.0
2013-08-21,7.05,7.28,7.28,6.94,13621977.0,98733576.0
2013-08-20,6.63,6.93,6.93,6.50,10392163.0,69856752.0
2013-08-19,6.46,6.71,6.60,6.32,5408887.0,35377060.0
2013-08-16,6.39,6.51,6.41,6.28,5251996.0,33758256.0
2013-08-15,6.11,6.37,6.20,6.10,4458161.0,27795594.0
2013-08-14,6.01,6.15,6.11,5.97,3137449.0,19009936.0
2013-08-13,6.02,6.18,6.04,5.97,3994951.0,24281798.0
2013-08-12,5.86,6.15,6.05,5.86,6908029.0,42058380.0
2013-08-09,5.65,5.91,5.86,5.60,4786448.0,27929536.0
2013-08-08,5.48,5.69,5.63,5.47,3041368.0,16967416.0
2013-08-07,5.42,5.58,5.47,5.38,3161153.0,17408032.0
2013-08-06,5.35,5.43,5.43,5.34,2734635.0,14746212.0
2013-08-05,5.29,5.41,5.38,5.20,3892703.0,20702108.0
2013-08-02,5.42,5.51,5.29,5.25,7237388.0,38995176.0
2013-08-01,5.29,5.51,5.47,5.29,9831850.0,52409472.0
2013-07-31,5.80,5.80,5.57,5.57,2115200.0,11915317.0
2013-07-17,5.87,5.91,5.86,5.76,1420978.0,8277303.0
2013-07-16,5.94,5.94,5.87,5.80,1272926.0,7443744.0
2013-07-15,5.63,5.97,5.85,5.63,1767089.0,10343533.0
2013-07-12,5.77,5.84,5.74,5.73,881848.0,5088007.0
2013-07-11,5.70,5.83,5.80,5.61,2109639.0,12141794.0
2013-07-10,5.42,5.70,5.67,5.42,1506161.0,8468092.0
2013-07-09,5.56,5.66,5.53,5.40,1824690.0,10094128.0
2013-07-08,5.58,5.65,5.52,5.43,1459332.0,8102629.0
2013-07-05,5.72,5.76,5.66,5.63,1287151.0,7340577.0
2013-07-04,5.47,5.69,5.69,5.42,2587809.0,14647484.0
2013-07-03,5.49,5.49,5.42,5.28,745915.0,4029984.0
2013-07-02,5.43,5.53,5.49,5.43,848202.0,4647925.0
2013-07-01,5.22,5.41,5.40,5.20,865115.0,4600095.0
2013-06-28,5.19,5.30,5.26,5.06,1496634.0,7761750.0
2013-06-27,5.33,5.50,5.22,5.20,1650114.0,8864774.0
2013-06-26,5.35,5.46,5.36,5.30,1125250.0,6028135.0
2013-06-25,5.31,5.37,5.32,5.21,2409953.0,12634352.0
2013-06-24,5.76,5.77,5.48,5.48,2252535.0,12505687.0
2013-06-21,5.80,5.83,5.77,5.71,2240075.0,12927624.0
2013-06-20,6.03,6.11,5.83,5.82,1421487.0,8528055.0
2013-06-19,6.25,6.25,6.11,5.95,2059389.0,12464112.0
2013-06-18,6.16,6.30,6.26,6.10,1806628.0,11237364.0
2013-06-17,6.10,6.25,6.15,6.10,1179869.0,7291575.0
2013-06-14,6.05,6.16,6.07,6.01,1981469.0,12064317.0
2013-06-13,6.41,6.41,6.19,6.19,1819700.0,11304852.0
2013-06-07,6.51,6.57,6.52,6.43,2993949.0,19427040.0
2013-06-06,6.50,6.69,6.57,6.45,3330514.0,21876428.0
2013-06-05,6.48,6.57,6.50,6.47,2280299.0,14860553.0
2013-06-04,6.52,6.65,6.50,6.41,3210213.0,20959884.0
2013-06-03,6.35,6.71,6.55,6.32,3273707.0,21367320.0
2013-05-31,6.43,6.48,6.39,6.36,3020476.0,19302044.0
2013-05-30,6.27,6.54,6.47,6.26,3031059.0,19488232.0
2013-05-29,6.33,6.40,6.30,6.27,2425431.0,15340002.0
2013-05-28,6.37,6.38,6.34,6.18,2500056.0,15698043.0
2013-05-27,6.43,6.43,6.38,6.31,1818735.0,11562309.0
2013-05-24,6.33,6.47,6.42,6.33,1685909.0,10804574.0
2013-05-23,6.41,6.52,6.34,6.27,2772503.0,17719108.0
2013-05-22,6.07,6.41,6.41,6.06,4999502.0,31746208.0
2013-05-21,6.01,6.10,6.10,5.98,2138890.0,12924326.0
2013-05-20,5.94,6.05,6.04,5.89,4162596.0,24826604.0
2013-05-17,5.95,5.96,5.96,5.89,2562110.0,15184796.0
2013-05-16,5.91,6.02,5.97,5.86,3035135.0,17985222.0
2013-05-15,5.90,5.94,5.91,5.84,1952259.0,11491506.0
2013-05-14,5.90,5.91,5.91,5.84,1752058.0,10298504.0
2013-05-13,5.91,5.98,5.91,5.86,2237589.0,13235324.0
2013-05-10,5.87,5.97,5.94,5.87,2358096.0,13983898.0
2013-05-09,6.08,6.08,5.94,5.87,1972610.0,11740629.0
2013-05-08,5.87,6.07,6.06,5.87,2523324.0,15116949.0
2013-05-07,5.90,5.96,5.92,5.85,1367182.0,8093809.0
2013-05-06,5.98,5.98,5.90,5.70,1761334.0,10321267.0
2013-05-03,5.75,5.85,5.81,5.75,1153449.0,6698398.0
2013-05-02,5.86,5.86,5.78,5.62,2020657.0,11561840.0
2013-04-26,5.94,6.04,5.86,5.81,1103831.0,6550081.0
2013-04-25,6.05,6.07,5.96,5.94,2042898.0,12245462.0
2013-04-24,5.95,6.09,6.08,5.81,1556890.0,9275048.0
2013-04-23,5.99,6.10,5.89,5.75,2187970.0,13064832.0
2013-04-22,5.91,5.99,5.99,5.82,1462741.0,8651197.0
2013-04-19,5.80,5.95,5.90,5.80,1706743.0,10080259.0
2013-04-18,5.65,5.88,5.83,5.64,1926854.0,11152691.0
2013-04-17,5.69,5.79,5.71,5.60,1690485.0,9634904.0
2013-04-16,5.83,5.83,5.69,5.59,3704795.0,20849742.0
2013-04-15,5.99,5.99,5.88,5.82,1568726.0,9226836.0
2013-04-12,6.12,6.12,5.96,5.94,1899391.0,11431415.0
2013-04-11,6.08,6.16,6.14,6.06,1188201.0,7258901.0
2013-04-10,6.14,6.23,6.14,6.05,2017131.0,12339234.0
2013-04-09,6.13,6.27,6.14,6.13,2142520.0,13237562.0
2013-04-08,6.36,6.36,6.19,6.19,2710790.0,16805074.0
2013-04-03,6.52,6.65,6.52,6.46,1958633.0,12772218.0
2013-04-02,6.78,6.78,6.62,6.55,2263760.0,15030156.0
2013-04-01,6.69,6.75,6.74,6.61,1538760.0,10296090.0
2013-03-29,6.55,6.75,6.71,6.41,3549431.0,23463788.0
2013-03-28,6.75,6.75,6.50,6.48,2411151.0,15961158.0
2013-03-27,6.60,6.79,6.73,6.60,2018592.0,13576542.0
2013-03-26,6.64,6.73,6.67,6.56,1707851.0,11347144.0
2013-03-25,6.61,6.67,6.66,6.55,1801926.0,11881708.0
2013-03-22,6.76,6.76,6.65,6.49,3226928.0,21296802.0
2013-03-21,6.59,6.79,6.74,6.53,3019047.0,20068084.0
2013-03-20,6.63,6.66,6.55,6.50,3295803.0,21596894.0
2013-03-19,6.50,6.70,6.63,6.42,2849302.0,18693474.0
2013-03-18,6.42,6.69,6.47,6.39,3250589.0,21285452.0
2013-03-15,6.67,6.76,6.44,6.42,5616904.0,37078532.0
2013-03-14,6.23,6.57,6.57,6.20,4794617.0,31123284.0
2013-03-13,6.10,6.27,6.26,5.99,3135342.0,19235836.0
2013-03-12,6.17,6.27,6.11,5.98,3937158.0,24180632.0
2013-03-11,6.18,6.25,6.19,6.12,2089732.0,12915940.0
2013-03-08,6.19,6.31,6.18,6.10,2588407.0,16066185.0
2013-03-07,6.32,6.37,6.22,6.17,3918374.0,24462784.0
2013-03-06,6.30,6.35,6.32,6.17,3736217.0,23369344.0
2013-03-05,5.90,6.30,6.24,5.88,6040367.0,37362096.0
2013-03-04,6.00,6.13,6.00,5.75,10564207.0,63834368.0
2013-02-28,5.79,5.86,5.84,5.74,1465868.0,8527859.0
2013-02-27,5.73,5.86,5.80,5.70,3160314.0,18300068.0
2013-02-26,5.65,5.80,5.68,5.63,2330718.0,13351065.0
2013-02-25,5.66,5.73,5.66,5.56,2124110.0,12039619.0
2013-02-22,5.70,5.76,5.65,5.64,2380869.0,13529851.0
2013-02-21,5.90,5.92,5.72,5.61,3345427.0,19315224.0
2013-02-20,5.80,5.98,5.88,5.74,2723540.0,16015261.0
2013-02-19,5.73,5.95,5.82,5.72,3469325.0,20220152.0
2013-02-18,5.74,5.83,5.77,5.66,2585637.0,14905376.0
2013-02-08,5.92,5.98,5.74,5.66,3648008.0,21101184.0
2013-02-07,5.70,5.93,5.90,5.69,3777449.0,22100260.0
2013-02-06,5.61,5.82,5.71,5.61,4614684.0,26428350.0
2013-02-05,5.65,5.75,5.64,5.56,8199550.0,45974612.0
2013-02-04,5.80,5.99,5.85,5.66,11049191.0,64543240.0
2013-02-01,5.40,5.70,5.70,5.33,6352212.0,35548108.0
2013-01-31,5.26,5.50,5.43,5.19,4782858.0,25572692.0
2013-01-30,5.21,5.29,5.26,5.20,3207644.0,16777312.0
2013-01-29,5.10,5.27,5.21,5.10,3564532.0,18567604.0
2013-01-28,5.11,5.19,5.15,5.07,4667329.0,23947648.0
2013-01-25,5.30,5.30,5.11,5.01,9463491.0,47906292.0
2013-01-24,5.13,5.31,5.27,5.12,6733506.0,35177088.0
2013-01-23,5.35,5.53,5.12,5.12,6271701.0,32758458.0
2013-01-22,5.32,5.51,5.39,5.05,4579203.0,24444060.0
2013-01-21,5.15,5.30,5.29,5.08,3600033.0,18752182.0
2013-01-18,5.16,5.18,5.16,5.01,2060736.0,10540990.0
2013-01-17,5.20,5.30,5.14,5.10,2668385.0,13882164.0
2013-01-16,5.09,5.28,5.19,5.06,3315215.0,17229452.0
2013-01-15,4.96,5.15,5.12,4.96,3661852.0,18562644.0
2013-01-14,4.89,5.01,4.97,4.89,2458780.0,12226356.0
2013-01-11,4.90,4.97,4.94,4.85,1802405.0,8853616.0
2013-01-10,4.93,4.99,4.90,4.87,1578006.0,7756452.0
2013-01-09,4.82,5.00,4.97,4.80,4258871.0,20967056.0
2013-01-08,4.84,4.87,4.82,4.74,3651423.0,17512856.0
2013-01-07,4.70,4.87,4.81,4.65,3708671.0,17651556.0
2013-01-04,4.77,4.77,4.74,4.50,4734903.0,21816692.0
2012-12-31,5.10,5.10,4.74,4.71,7649383.0,37080580.0
2012-12-28,4.86,4.88,4.88,4.79,1647022.0,7977061.0
2012-12-27,4.71,4.93,4.88,4.64,4658776.0,22516534.0
2012-12-26,4.70,4.70,4.70,4.62,1548727.0,7197706.0
2012-12-25,4.65,4.71,4.68,4.61,1830402.0,8526641.0
2012-12-24,4.58,4.77,4.65,4.53,1840231.0,8516755.0
2012-12-21,4.54,4.63,4.60,4.43,1908335.0,8657532.0
2012-12-20,4.47,4.56,4.55,4.41,1689900.0,7574214.0
2012-12-19,4.44,4.47,4.47,4.41,1459930.0,6488451.0
2012-12-18,4.48,4.51,4.46,4.43,2284046.0,10202378.0
2012-12-17,4.44,4.57,4.47,4.38,2480828.0,11094077.0
2012-12-14,4.37,4.50,4.48,4.35,4158817.0,18481664.0
2012-12-13,4.46,4.55,4.35,4.35,2280491.0,10128727.0
2012-12-12,4.53,4.56,4.48,4.36,1601466.0,7153006.0
2012-12-11,4.62,4.62,4.53,4.51,1527395.0,6951768.0
2012-12-10,4.68,4.68,4.62,4.58,1474700.0,6808959.0
2012-12-07,4.65,4.68,4.66,4.60,1251946.0,5811244.0
2012-12-06,4.64,4.69,4.64,4.59,1364518.0,6313310.0
2012-12-05,4.68,4.73,4.69,4.54,2422465.0,11290096.0
2012-12-04,4.53,4.71,4.66,4.49,2020970.0,9313979.0
2012-12-03,4.16,4.59,4.59,4.16,4235548.0,18828176.0
2012-11-30,4.47,4.47,4.37,4.24,3554719.0,15307329.0
2012-11-29,4.50,4.54,4.46,4.39,1237034.0,5519559.0
2012-11-28,4.50,4.56,4.49,4.40,882700.0,3946659.0
2012-11-27,4.68,4.72,4.56,4.47,1924999.0,8718906.0
2012-11-26,4.68,4.81,4.70,4.65,1499410.0,7125741.0
2012-11-23,4.66,4.73,4.68,4.61,589380.0,2765555.0
2012-11-22,4.58,4.74,4.67,4.52,1508771.0,7023127.0
2012-11-21,4.66,4.69,4.67,4.43,1578878.0,7175640.0
2012-11-20,4.74,4.74,4.66,4.57,1116393.0,5164952.0
2012-11-19,4.85,4.89,4.65,4.65,3506600.0,16439114.0
2012-11-16,4.85,4.97,4.89,4.84,1455490.0,7132372.0
2012-11-15,4.97,4.97,4.85,4.81,1877400.0,9146201.0
2012-11-14,4.92,5.00,4.97,4.92,953000.0,4730118.0
2012-11-13,5.01,5.01,4.92,4.82,1587870.0,7812749.0
2012-11-12,5.00,5.07,5.00,4.95,1411631.0,7039128.0
2012-11-09,4.94,5.06,5.00,4.88,2793041.0,13929124.0
2012-11-08,4.93,4.98,4.95,4.90,1095491.0,5415480.0
2012-11-07,4.89,5.00,4.94,4.86,1288769.0,6358446.0
2012-11-06,4.93,4.93,4.87,4.80,1967792.0,9565906.0
2012-11-05,4.93,5.00,4.94,4.88,2843208.0,14045622.0
2012-11-02,4.92,4.99,4.93,4.86,2027300.0,9975674.0
2012-11-01,4.88,5.00,4.92,4.85,1158534.0,5719685.0
2012-10-31,4.92,4.93,4.86,4.82,2194510.0,10693935.0
2012-10-30,4.98,5.00,4.95,4.87,1585037.0,7834801.0
2012-10-29,4.98,5.03,4.98,4.92,1065450.0,5287839.0
2012-10-26,4.97,5.08,5.05,4.82,2191874.0,10854593.0
2012-10-25,5.32,5.32,5.01,5.01,5347467.0,27173418.0
2012-10-24,5.18,5.30,5.27,5.11,2460648.0,12830605.0
2012-10-23,5.06,5.27,5.21,5.05,4001886.0,20646788.0
2012-10-22,5.08,5.15,5.05,5.02,3376262.0,17159548.0
2012-10-19,4.88,5.13,5.12,4.86,4459780.0,22543348.0
2012-10-18,4.85,4.97,4.89,4.80,2917761.0,14220882.0
2012-10-17,4.90,4.90,4.83,4.77,1406210.0,6780554.0
2012-10-16,4.91,4.97,4.86,4.85,565200.0,2775501.0
2012-10-15,4.84,4.93,4.91,4.83,802121.0,3915001.0
2012-10-12,4.94,5.00,4.89,4.78,1431800.0,6976140.0
2012-10-11,4.93,4.99,4.97,4.85,2487563.0,12273053.0
2012-10-10,4.96,5.05,4.97,4.89,992509.0,4933052.0
2012-10-09,4.75,5.06,4.97,4.75,2095090.0,10306615.0
2012-10-08,4.96,4.96,4.82,4.75,2071690.0,9960647.0
2012-09-28,4.85,5.02,5.00,4.73,2772412.0,13404934.0
2012-09-27,4.82,4.93,4.88,4.81,826702.0,4025444.0
2012-09-26,5.01,5.02,4.82,4.79,2019570.0,9823824.0
2012-09-25,4.95,5.08,5.04,4.95,945800.0,4754959.0
2012-09-24,4.95,5.08,5.05,4.85,2376601.0,11759815.0
2012-09-21,4.87,5.11,5.00,4.82,1714171.0,8662820.0
2012-09-20,5.05,5.11,4.87,4.87,1627181.0,8139919.0
2012-09-19,4.79,5.05,5.05,4.72,2618396.0,12959442.0
2012-09-18,5.06,5.10,4.81,4.81,3138980.0,15203147.0
2012-09-17,5.22,5.25,5.06,5.02,1536300.0,7837605.0
2012-09-14,5.02,5.27,5.23,5.02,2441632.0,12678172.0
2012-09-13,5.13,5.16,5.07,5.02,1676890.0,8544623.0
2012-09-12,5.07,5.12,5.12,5.04,1643348.0,8357645.0
2012-09-11,5.08,5.10,5.09,4.97,2325726.0,11733035.0
2012-09-10,5.03,5.23,5.07,5.02,2739806.0,14039139.0
2012-09-07,5.15,5.15,5.07,5.03,4360707.0,22200778.0
2012-09-06,4.91,5.13,5.13,4.82,5503910.0,27696916.0
2012-09-05,4.74,4.90,4.89,4.74,1188749.0,5760453.0
2012-09-04,4.87,4.95,4.81,4.72,2633070.0,12650471.0
2012-09-03,4.85,4.95,4.88,4.80,1551355.0,7580129.0
2012-08-31,4.62,4.85,4.85,4.58,4175982.0,20123488.0
2012-08-30,4.60,4.72,4.62,4.58,1438602.0,6712108.0
2012-08-29,4.88,4.98,4.68,4.65,3077200.0,14828106.0
2012-08-28,4.79,4.96,4.88,4.78,1667991.0,8130375.0
2012-08-27,4.64,4.98,4.78,4.64,2675117.0,12879169.0
2012-08-24,4.79,4.84,4.74,4.60,1340003.0,6308088.0
2012-08-23,4.75,4.80,4.74,4.65,2191492.0,10394367.0
2012-08-22,4.65,4.75,4.72,4.59,1050028.0,4915306.0
2012-08-21,4.53,4.70,4.63,4.52,1434196.0,6647726.0
2012-08-20,4.47,4.66,4.54,4.42,891553.0,4020602.0
2012-08-17,4.31,4.53,4.49,4.23,1831580.0,8152665.0
2012-08-16,4.30,4.37,4.31,4.28,703499.0,3042577.0
2012-08-15,4.39,4.39,4.35,4.26,469931.0,2039736.0
2012-08-14,4.35,4.43,4.35,4.17,1238480.0,5277476.0
2012-08-13,4.33,4.45,4.39,4.33,643418.0,2828934.0
2012-08-10,4.40,4.45,4.40,4.31,710932.0,3114023.0
2012-08-09,4.23,4.46,4.37,4.21,1321261.0,5802381.0
2012-08-08,4.22,4.33,4.25,4.19,547276.0,2323831.0
2012-08-07,4.20,4.37,4.25,4.20,679371.0,2916009.0
2012-08-06,4.18,4.39,4.23,4.14,1400810.0,6057182.0
2012-08-03,3.98,4.18,4.18,3.98,1506814.0,6180832.0
2012-08-02,3.89,4.05,3.98,3.89,1878946.0,7483994.0
2012-08-01,3.89,4.05,3.89,3.89,4964665.0,19494264.0
2012-07-31,4.09,4.09,4.09,4.09,192300.0,786507.0
2012-07-30,4.30,4.30,4.30,4.30,183800.0,790340.0
2012-07-27,4.60,4.67,4.53,4.42,1246141.0,5654165.0
2012-07-26,4.79,4.79,4.63,4.62,899301.0,4196413.0
2012-07-25,4.77,4.81,4.76,4.71,496691.0,2362885.0
2012-07-24,4.71,4.80,4.77,4.70,733758.0,3488108.0
2012-07-23,4.68,4.85,4.79,4.68,761400.0,3639285.0
2012-07-20,4.84,4.85,4.79,4.76,481998.0,2315296.0
2012-07-19,4.87,4.88,4.86,4.74,680938.0,3293640.0
2012-07-18,4.80,4.90,4.90,4.71,929215.0,4446564.0
2012-07-17,4.85,4.85,4.80,4.61,1351092.0,6367694.0
2012-07-16,4.82,4.94,4.85,4.76,2463585.0,12006532.0
2012-07-13,4.55,4.80,4.80,4.53,2497182.0,11780692.0
2012-07-12,4.66,4.74,4.57,4.47,1755520.0,7930034.0
2012-07-11,4.75,4.75,4.70,4.66,1292487.0,6077378.0
2012-07-10,4.70,4.80,4.72,4.66,499570.0,2352191.0
2012-07-09,4.83,4.83,4.73,4.73,1187460.0,5657617.0
2012-07-06,4.77,4.86,4.84,4.70,1409115.0,6703902.0
2012-07-05,4.79,4.81,4.71,4.66,1747293.0,8244748.0
2012-07-04,5.08,5.13,4.88,4.88,2315961.0,11435646.0
2012-07-03,5.12,5.17,5.14,5.05,1331575.0,6795696.0
2012-07-02,5.23,5.26,5.13,5.08,2125228.0,10939296.0
2012-06-29,4.85,5.17,5.17,4.80,3279862.0,16734411.0
2012-06-28,4.79,4.97,4.92,4.79,1187084.0,5797358.0
2012-06-27,4.77,4.88,4.82,4.76,1055695.0,5086100.0
2012-06-26,4.66,4.81,4.77,4.66,1314910.0,6258615.0
2012-06-25,4.93,4.98,4.78,4.76,2363746.0,11409863.0
2012-06-21,5.04,5.18,5.01,4.95,2110525.0,10644909.0
2012-06-20,5.00,5.16,5.11,4.92,3062259.0,15595109.0
2012-06-19,4.98,5.07,4.99,4.87,2484700.0,12428326.0
2012-06-18,4.78,4.95,4.94,4.73,2237455.0,10903218.0
2012-06-15,4.62,4.78,4.73,4.61,1353480.0,6386902.0
2012-06-14,4.72,4.81,4.64,4.63,1074614.0,5086754.0
2012-06-13,4.72,4.76,4.70,4.65,1780675.0,8375915.0
2012-06-12,4.56,4.78,4.72,4.51,1734506.0,8167624.0
2012-06-11,4.57,4.64,4.57,4.47,1367014.0,6233208.0
2012-06-08,4.43,4.66,4.55,4.41,2346775.0,10750453.0
2012-06-07,4.42,4.50,4.44,4.36,1196771.0,5313462.0
2012-06-06,4.55,4.58,4.41,4.35,1544631.0,6847291.0
2012-06-05,4.44,4.59,4.52,4.44,1603600.0,7235357.0
2012-06-04,4.47,4.68,4.46,4.40,2664361.0,12173944.0
2012-06-01,4.50,4.59,4.47,4.45,1490476.0,6733925.0
2012-05-31,4.40,4.63,4.53,4.34,4079945.0,18581492.0
2012-05-30,4.20,4.41,4.41,4.16,2230027.0,9592540.0
2012-05-29,4.15,4.26,4.20,4.12,1693992.0,7151335.0
2012-05-28,4.06,4.17,4.13,3.99,892446.0,3641925.0
2012-05-24,4.22,4.24,4.16,4.06,2559694.0,10643894.0
2012-05-23,4.15,4.27,4.22,4.13,1403037.0,5879761.0
2012-05-22,4.07,4.21,4.16,4.06,1807838.0,7481752.0
2012-05-21,4.32,4.36,4.12,4.12,3993301.0,16664411.0
2012-05-18,4.50,4.51,4.34,4.29,2165718.0,9424611.0
2012-05-17,4.52,4.57,4.51,4.45,1385702.0,6256683.0
2012-05-16,4.55,4.61,4.53,4.50,1402321.0,6378621.0
2012-05-15,4.46,4.57,4.53,4.41,1997955.0,8949500.0
2012-05-14,4.50,4.62,4.48,4.40,3340373.0,15040819.0
2012-05-11,4.24,4.47,4.47,4.23,4482454.0,19861484.0
2012-05-10,4.22,4.31,4.26,4.17,1708743.0,7269355.0
2012-05-09,4.28,4.28,4.24,4.15,2193342.0,9206047.0
2012-05-08,4.20,4.30,4.30,4.19,3158909.0,13438748.0
2012-05-07,4.22,4.28,4.22,4.11,4118370.0,17169828.0
2012-05-04,4.14,4.37,4.28,4.14,11082412.0,46447232.0
2012-05-03,4.36,4.36,4.36,4.36,345000.0,1504200.0
2012-05-02,4.59,4.59,4.59,4.59,650400.0,2985336.0
2012-04-26,4.81,4.89,4.83,4.77,1355407.0,6529510.0
2012-04-25,4.80,4.89,4.88,4.71,1898128.0,9138334.0
2012-04-24,4.70,4.89,4.89,4.65,2810260.0,13338920.0
2012-04-23,5.10,5.12,4.88,4.88,4471108.0,22032654.0
2012-04-20,5.15,5.27,5.14,5.12,2069388.0,10717404.0
2012-04-19,5.15,5.38,5.18,5.14,1964003.0,10276104.0
2012-04-18,5.20,5.23,5.18,5.05,2928196.0,15079936.0
2012-04-17,5.18,5.28,5.19,5.14,1995410.0,10372241.0
2012-04-16,5.13,5.44,5.21,5.11,4537673.0,24035838.0
2012-04-13,5.24,5.29,5.18,5.11,3990612.0,20732306.0
2012-04-12,4.91,5.19,5.19,4.88,5151145.0,26306960.0
2012-04-11,5.04,5.07,4.94,4.88,4333327.0,21421188.0
2012-04-10,4.70,4.97,4.97,4.67,3979954.0,19623538.0
2012-04-09,4.66,4.75,4.73,4.55,2328880.0,10899630.0
2012-04-06,4.63,4.76,4.66,4.52,2938472.0,13698359.0
2012-04-05,4.50,4.71,4.68,4.50,5621888.0,25852500.0
2012-03-30,4.74,4.90,4.74,4.74,6293992.0,29913760.0
2012-03-29,5.25,5.51,4.99,4.99,9627675.0,50087588.0
2012-03-28,5.03,5.25,5.25,4.95,9493143.0,49305584.0
2012-03-27,4.74,5.00,5.00,4.74,7020834.0,34972344.0
2012-03-26,4.83,4.84,4.76,4.71,3307961.0,15798089.0
2012-03-23,4.58,4.81,4.81,4.49,5371159.0,25586768.0
2012-03-22,4.51,4.71,4.58,4.51,1752511.0,8079932.0
2012-03-21,4.59,4.67,4.49,4.44,1648010.0,7426434.0
2012-03-20,4.73,4.73,4.59,4.59,1507959.0,7014348.0
2012-03-19,4.57,4.77,4.75,4.57,2157942.0,10078477.0
2012-03-16,4.51,4.59,4.58,4.51,1752213.0,7981140.0
2012-03-15,4.73,4.75,4.53,4.53,3591718.0,16457948.0
2012-03-14,5.03,5.05,4.77,4.77,4368930.0,21563412.0
2012-03-13,5.09,5.09,5.02,4.97,3691980.0,18506156.0
2012-03-12,5.00,5.09,5.04,4.93,3612075.0,18063400.0
2012-03-09,4.92,5.00,4.97,4.86,3131021.0,15423081.0
2012-03-08,4.90,5.03,4.92,4.90,2134544.0,10567758.0
2012-03-07,5.04,5.10,4.90,4.86,3561080.0,17730936.0
2012-03-06,5.13,5.14,5.12,5.02,2562705.0,13041319.0
2012-03-05,5.01,5.20,5.13,4.99,3292884.0,16763452.0
2012-03-02,4.81,5.03,5.01,4.81,2628344.0,13074467.0
2012-03-01,4.97,4.97,4.89,4.77,2951940.0,14416982.0
2012-02-28,4.96,5.12,5.02,4.95,3586683.0,18042406.0
2012-02-27,4.98,5.05,4.97,4.91,3111479.0,15523646.0
2012-02-24,4.88,5.06,4.97,4.83,3468313.0,17178890.0
2012-02-23,4.87,4.90,4.88,4.82,2259871.0,10970147.0
2012-02-22,4.83,4.90,4.88,4.79,2516522.0,12216790.0
2012-02-21,4.82,4.93,4.85,4.71,2817171.0,13532431.0
2012-02-20,4.99,5.07,4.86,4.80,3506328.0,17171384.0
2012-02-17,4.93,5.11,4.99,4.81,3490485.0,17350116.0
2012-02-16,5.09,5.20,4.95,4.85,7328245.0,36487216.0
2012-02-15,4.81,5.03,5.03,4.79,5288401.0,26478508.0
2012-02-14,4.52,4.79,4.79,4.52,4951822.0,23346654.0
2012-02-13,4.47,4.65,4.56,4.38,4621608.0,21132200.0
2012-02-10,4.36,4.55,4.55,4.33,6309853.0,28522228.0
2012-02-09,4.34,4.36,4.33,4.26,2530423.0,10917005.0
2012-02-08,4.25,4.35,4.35,4.13,2887247.0,12310147.0
2012-02-07,4.48,4.48,4.30,4.25,4697143.0,20092896.0
2012-02-06,4.27,4.47,4.47,4.27,5413331.0,23938606.0
2012-02-03,4.13,4.28,4.26,4.10,3608093.0,15236035.0
2012-02-02,4.10,4.18,4.14,4.03,2814453.0,11553853.0
2012-02-01,4.13,4.25,4.09,4.08,4897234.0,20382428.0
2012-01-31,3.93,4.13,4.13,3.87,5702013.0,23345092.0
2012-01-30,3.95,3.98,3.93,3.87,1252505.0,4915890.0
2012-01-20,3.85,3.94,3.92,3.83,1796035.0,7010555.0
2012-01-19,3.80,3.94,3.84,3.75,1142350.0,4377050.0
2012-01-18,3.86,3.94,3.81,3.76,1399145.0,5388440.0
2012-01-17,3.70,3.87,3.87,3.67,1134758.0,4329317.0
2012-01-16,3.64,3.83,3.69,3.61,788806.0,2951723.0
2012-01-13,3.87,3.93,3.77,3.70,1022298.0,3861700.0
2012-01-12,3.80,3.93,3.88,3.77,1590100.0,6171768.0
2012-01-11,3.88,3.88,3.83,3.77,1392491.0,5322591.0
2012-01-10,3.72,3.90,3.88,3.72,2056316.0,7853833.0
2012-01-09,3.57,3.75,3.75,3.47,2475348.0,9149262.0
2012-01-06,3.48,3.58,3.57,3.37,1474465.0,5068872.0
2012-01-05,3.63,3.64,3.49,3.46,1115996.0,3947554.0
2012-01-04,3.70,3.76,3.64,3.64,1272050.0,4717423.0
2011-12-30,3.59,3.72,3.69,3.58,1194970.0,4363291.0
2011-12-29,3.50,3.62,3.59,3.44,1260241.0,4477165.0
2011-12-28,3.52,3.57,3.51,3.47,1304185.0,4551189.0
2011-12-27,3.85,3.85,3.65,3.65,1462964.0,5454780.0
2011-12-26,3.86,3.94,3.84,3.80,930644.0,3619710.0
2011-12-23,3.79,3.92,3.87,3.72,1521248.0,5848179.0
2011-12-22,3.97,3.97,3.82,3.82,2003573.0,7694012.0
2011-12-21,4.22,4.35,4.02,4.02,2014481.0,8371443.0
2011-12-20,4.14,4.35,4.23,4.10,1705717.0,7240446.0
2011-12-19,4.00,4.28,4.18,3.95,1572988.0,6381434.0
2011-12-16,4.20,4.20,4.16,4.07,2171649.0,8888454.0
2011-12-15,4.50,4.50,4.28,4.28,1562861.0,6708480.0
2011-12-14,4.73,4.87,4.50,4.50,1727571.0,8034686.0
2011-12-13,4.82,5.03,4.74,4.67,2284661.0,10939639.0
2011-12-12,5.02,5.08,4.91,4.77,2433420.0,11746427.0
2011-12-09,5.19,5.25,5.02,5.02,2087499.0,10578153.0
2011-12-08,5.40,5.45,5.28,5.19,1482951.0,7803391.0
2011-12-07,5.43,5.49,5.43,5.39,723247.0,3921405.0
2011-12-06,5.40,5.53,5.42,5.36,1176736.0,6398151.0
2011-12-05,5.66,5.72,5.46,5.46,2634702.0,14449316.0
2011-12-02,5.99,6.03,5.75,5.71,2792645.0,16240476.0
2011-12-01,6.15,6.20,6.01,5.96,2128208.0,12933298.0
2011-11-30,6.27,6.27,5.99,5.98,2568550.0,15616753.0
2011-11-29,6.01,6.30,6.29,5.99,2326499.0,14283365.0
2011-11-28,6.20,6.24,6.00,5.95,2315823.0,13969367.0
2011-11-25,6.25,6.31,6.16,6.15,1392774.0,8677114.0
2011-11-24,6.30,6.36,6.28,6.25,1080862.0,6801836.0
2011-11-23,6.28,6.42,6.37,6.24,2511508.0,15873196.0
2011-11-22,6.38,6.41,6.31,6.12,3436596.0,21451422.0
2011-11-21,6.70,6.79,6.44,6.39,6098067.0,39106400.0
2011-11-18,6.70,6.98,6.73,6.68,5182978.0,35556352.0
2011-11-17,6.65,6.87,6.79,6.65,3429582.0,23311210.0
2011-11-16,6.90,6.94,6.65,6.62,5571781.0,37831772.0
2011-11-15,6.66,6.94,6.84,6.61,5064533.0,34492836.0
2011-11-14,6.57,6.74,6.67,6.57,2270716.0,15172242.0
2011-11-11,6.62,6.71,6.54,6.51,1839344.0,12214976.0
2011-11-10,6.50,6.65,6.60,6.46,1789176.0,11778106.0
2011-11-09,6.47,6.57,6.55,6.40,1664756.0,10788249.0
2011-11-08,6.57,6.60,6.47,6.41,1992518.0,12986889.0
2011-11-07,6.70,6.76,6.56,6.53,2851974.0,18863034.0
2011-11-04,6.63,6.82,6.72,6.61,2837914.0,19032568.0
2011-11-03,6.60,6.73,6.67,6.60,2659711.0,17667716.0
2011-11-02,6.60,6.73,6.64,6.50,3126719.0,20792482.0
2011-11-01,6.36,6.71,6.60,6.36,3978891.0,26227568.0
2011-10-31,6.30,6.44,6.40,6.30,1748014.0,11122315.0
2011-10-28,6.35,6.46,6.42,6.31,2412601.0,15425395.0
2011-10-27,6.30,6.34,6.32,6.25,1320257.0,8312183.0
2011-10-26,6.27,6.42,6.32,6.22,2065564.0,13067088.0
2011-10-25,6.20,6.32,6.31,6.10,2320377.0,14466617.0
2011-10-24,6.29,6.30,6.26,6.08,3030274.0,18829392.0
2011-10-21,5.99,6.29,6.29,5.89,5141380.0,31891518.0
2011-10-20,6.20,6.20,5.99,5.89,1658410.0,9983153.0
2011-10-19,6.17,6.22,6.20,6.06,1686775.0,10359118.0
2011-10-18,6.29,6.29,6.16,6.11,1124944.0,6945480.0
2011-10-17,6.38,6.38,6.31,6.21,1798294.0,11321303.0
2011-10-14,6.33,6.35,6.34,6.28,1141098.0,7205535.0
2011-10-13,6.28,6.38,6.34,6.22,2199248.0,13891199.0
2011-10-12,6.14,6.32,6.30,6.03,1881955.0,11716290.0
2011-10-11,6.34,6.36,6.18,6.09,1817299.0,11311064.0
2011-10-10,6.10,6.24,6.20,6.05,1495395.0,9195860.0
2011-09-30,6.00,6.15,6.10,6.00,2371407.0,14371132.0
2011-09-29,6.26,6.27,6.04,6.04,4864514.0,29560400.0
2011-09-28,6.69,6.70,6.36,6.35,3684226.0,23890918.0
2011-09-27,6.71,6.80,6.68,6.56,2437033.0,16270153.0
2011-09-26,6.78,6.85,6.64,6.51,4529636.0,30341984.0
2011-09-23,6.98,7.04,6.80,6.76,6252795.0,42889404.0
2011-09-22,6.93,7.19,7.12,6.83,7568398.0,53319196.0
2011-09-21,6.74,7.03,6.92,6.73,6520698.0,45009628.0
2011-09-20,6.86,6.99,6.80,6.66,6906629.0,46882124.0
2011-09-19,7.30,7.56,7.01,7.01,10346209.0,74427808.0
2011-09-16,7.13,7.40,7.38,7.07,7451411.0,54063576.0
2011-09-15,7.20,7.29,7.13,7.08,6220505.0,44506632.0
2011-09-14,7.41,7.64,7.21,7.10,13677530.0,100230240.0
2011-09-13,6.91,7.33,7.33,6.90,5701023.0,41331680.0
2011-09-09,6.77,7.12,6.98,6.74,6145852.0,42973192.0
2011-09-08,6.83,6.92,6.81,6.75,3915898.0,26782764.0
2011-09-07,6.65,6.95,6.91,6.56,8332163.0,56258672.0
2011-09-06,6.28,6.63,6.63,6.25,5111744.0,33540988.0
2011-09-05,6.51,6.55,6.31,6.31,3744300.0,24124462.0
2011-09-02,6.56,6.69,6.64,6.52,4269701.0,28147648.0
2011-09-01,6.68,6.86,6.62,6.57,7711539.0,51999076.0
2011-08-31,6.48,6.79,6.72,6.44,9901655.0,66430896.0
2011-08-30,6.46,6.57,6.47,6.42,2760109.0,17950188.0
2011-08-29,6.35,6.53,6.46,6.35,2222990.0,14360558.0
2011-08-26,6.42,6.45,6.38,6.34,2111014.0,13479560.0
2011-08-25,6.46,6.49,6.46,6.41,1286649.0,8288247.0
2011-08-24,6.54,6.54,6.41,6.39,1776890.0,11493283.0
2011-08-23,6.48,6.56,6.55,6.43,2964755.0,19226772.0
2011-08-22,6.48,6.55,6.48,6.42,2686699.0,17401738.0
2011-08-19,6.16,6.58,6.49,6.16,3275795.0,20898472.0
2011-08-18,6.39,6.47,6.33,6.30,2677645.0,17015068.0
2011-08-17,6.39,6.54,6.42,6.30,5782917.0,37253060.0
2011-08-16,6.10,6.44,6.42,6.10,5767043.0,36454272.0
2011-08-15,6.07,6.14,6.13,6.02,1461422.0,8906236.0
2011-08-12,6.05,6.18,6.07,5.98,2340246.0,14250496.0
2011-08-11,5.82,6.06,6.03,5.81,1835516.0,10928417.0
2011-08-10,5.94,6.10,5.95,5.93,2562362.0,15437133.0
2011-08-09,5.73,5.97,5.86,5.69,2737572.0,15859364.0
2011-08-08,6.25,6.26,5.99,5.99,4054395.0,24567202.0
2011-08-05,6.25,6.34,6.30,6.15,3923652.0,24555076.0
2011-08-04,6.59,6.63,6.45,6.39,8677617.0,56462368.0
2011-08-03,6.33,6.57,6.57,6.26,6431407.0,42081792.0
2011-08-02,6.39,6.39,6.26,6.14,3395424.0,21228304.0
2011-08-01,6.44,6.45,6.37,6.35,3446396.0,22037664.0
2011-07-29,6.30,6.48,6.40,6.30,5626497.0,36039824.0
2011-07-28,6.26,6.46,6.33,6.15,3128048.0,19748990.0
2011-07-27,6.15,6.37,6.31,6.15,1644017.0,10318094.0
2011-07-26,6.12,6.24,6.20,6.06,1229896.0,7591315.0
2011-07-25,6.44,6.44,6.13,6.13,2284390.0,14282917.0
2011-07-22,6.23,6.53,6.45,6.23,3364656.0,21545608.0
2011-07-21,6.26,6.28,6.22,6.21,925243.0,5772868.0
2011-07-20,6.21,6.32,6.26,6.21,1061499.0,6650808.0
2011-07-19,6.25,6.29,6.24,6.18,1563647.0,9717945.0
2011-07-18,6.40,6.40,6.30,6.26,1630913.0,10336612.0
2011-07-15,6.33,6.42,6.37,6.29,2330121.0,14805075.0
2011-07-14,6.34,6.34,6.33,6.27,1791444.0,11285900.0
2011-07-13,6.20,6.35,6.34,6.17,2108476.0,13243261.0
2011-07-12,6.23,6.25,6.18,6.16,1507560.0,9354045.0
2011-07-11,6.16,6.28,6.27,6.13,1782398.0,11087848.0
2011-07-08,6.15,6.18,6.17,6.12,996000.0,6128395.0
2011-07-07,6.20,6.26,6.19,6.13,1702789.0,10549305.0
2011-07-06,6.24,6.25,6.22,6.14,1584727.0,9813470.0
2011-07-05,6.23,6.28,6.26,6.21,1415606.0,8839677.0
2011-07-04,6.19,6.27,6.23,6.13,2893735.0,18009268.0
2011-07-01,6.20,6.25,6.20,6.15,2464800.0,15295324.0
2011-06-30,6.16,6.20,6.19,6.09,2548455.0,15703663.0
2011-06-29,6.02,6.25,6.16,5.97,2715221.0,16549095.0
2011-06-28,6.03,6.06,6.04,5.93,977419.0,5875957.0
2011-06-27,6.09,6.20,6.05,5.98,2026381.0,12261876.0
2011-06-24,5.95,6.13,6.09,5.95,1228021.0,7452638.0
2011-06-23,5.90,6.10,6.02,5.85,1435312.0,8577118.0
2011-06-22,5.86,5.96,5.94,5.86,890650.0,5277201.0
2011-06-21,5.94,5.94,5.84,5.80,860284.0,5029408.0
2011-06-20,5.88,5.88,5.84,5.77,918230.0,5340528.0
2011-06-17,6.01,6.12,5.90,5.88,1006400.0,6034652.0
2011-06-16,6.11,6.24,6.01,5.95,2025977.0,12295022.0
2011-06-15,6.10,6.27,6.18,6.08,2611077.0,16246525.0
2011-06-14,5.95,6.21,6.18,5.89,2498730.0,15253608.0
2011-06-13,5.86,5.97,5.95,5.77,987035.0,5814657.0
2011-06-10,5.79,5.93,5.90,5.74,1221101.0,7083883.0
2011-06-09,5.94,5.94,5.81,5.81,1085039.0,6354960.0
2011-06-08,5.91,5.95,5.95,5.82,1312840.0,7745335.0
2011-06-07,5.86,5.94,5.92,5.80,1135751.0,6694497.0
2011-06-03,5.76,5.91,5.85,5.71,1359872.0,7917798.0
2011-06-02,5.80,5.80,5.75,5.68,1307550.0,7499132.0
2011-06-01,5.83,5.93,5.87,5.80,1886002.0,11019198.0
2011-05-30,5.85,5.92,5.79,5.77,706500.0,4134075.0
2011-05-27,5.96,6.03,5.84,5.82,1139968.0,6735287.0
2011-05-26,5.96,6.03,5.98,5.96,821268.0,4924191.0
2011-05-25,6.03,6.09,5.98,5.94,1202286.0,7210626.0
2011-05-24,6.08,6.09,6.06,5.90,1377583.0,8261621.0
2011-05-23,6.40,6.42,6.09,6.08,3334210.0,20543448.0
2011-05-20,6.35,6.48,6.40,6.35,1875713.0,11993331.0
2011-05-19,6.65,6.68,6.40,6.34,3693923.0,23937792.0
2011-05-18,6.58,6.68,6.67,6.47,2569925.0,16933614.0
2011-05-17,6.74,6.82,6.60,6.53,2860777.0,18963100.0
2011-05-16,6.75,6.85,6.78,6.75,3389886.0,23049412.0
2011-05-13,6.60,6.92,6.79,6.55,5862081.0,39765300.0
2011-05-12,6.58,6.69,6.59,6.50,3406751.0,22516534.0
2011-05-11,6.75,6.80,6.61,6.60,5908370.0,39438656.0
2011-05-10,6.60,6.78,6.78,6.55,14652369.0,98599976.0
2011-05-09,6.33,6.51,6.46,6.31,2303358.0,14711487.0
2011-05-06,6.31,6.39,6.35,6.24,1295550.0,8188108.0
2011-05-05,6.32,6.40,6.34,6.23,1352200.0,8554201.0
2011-05-04,6.39,6.44,6.35,6.26,1828399.0,11583855.0
2011-05-03,6.35,6.41,6.39,6.20,1117263.0,7087892.0
2011-04-29,6.21,6.40,6.38,6.20,2008633.0,12620181.0
2011-04-28,6.47,6.49,6.23,6.21,1637250.0,10411602.0
2011-04-27,6.54,6.61,6.50,6.30,2823899.0,18258146.0
2011-04-26,6.32,6.58,6.57,6.32,2874760.0,18506340.0
2011-04-25,6.65,6.66,6.43,6.41,2637799.0,17242298.0
2011-04-22,6.75,6.80,6.67,6.66,2770800.0,18630300.0
2011-04-21,6.89,6.92,6.77,6.73,3913582.0,26590692.0
2011-04-20,6.87,6.92,6.86,6.75,3529723.0,24144408.0
2011-04-19,6.75,6.95,6.87,6.70,6399298.0,43788340.0
2011-04-18,6.62,6.85,6.81,6.60,4449588.0,30175370.0
2011-04-15,6.60,6.65,6.64,6.48,3552418.0,23365298.0
2011-04-14,6.73,6.76,6.68,6.65,3100831.0,20796168.0
2011-04-13,6.62,6.78,6.72,6.62,3992057.0,26836072.0
2011-04-12,6.55,6.62,6.62,6.47,3028384.0,19922932.0
2011-04-11,6.60,6.75,6.57,6.53,4246143.0,28258380.0
2011-04-08,6.49,6.69,6.59,6.45,4623860.0,30387572.0
2011-04-07,6.29,6.60,6.53,6.27,5425240.0,35107404.0
2011-04-06,6.36,6.38,6.29,6.27,2428392.0,15314490.0
2011-04-01,6.24,6.34,6.34,6.23,1815415.0,11435015.0
2011-03-31,6.22,6.31,6.23,6.20,2218934.0,13863620.0
2011-03-30,6.36,6.40,6.22,6.22,2556736.0,16030419.0
2011-03-29,6.45,6.46,6.36,6.32,3307132.0,21097860.0
2011-03-25,6.36,6.43,6.41,6.35,2520527.0,16146363.0
2011-03-24,6.38,6.45,6.36,6.31,3275374.0,20954706.0
2011-03-23,6.35,6.40,6.37,6.31,2311694.0,14700360.0
2011-03-22,6.31,6.36,6.34,6.29,2398995.0,15157309.0
2011-03-21,6.44,6.44,6.34,6.29,2865536.0,18195136.0
2011-03-18,6.39,6.52,6.41,6.36,3356240.0,21614448.0
2011-03-17,6.27,6.45,6.36,6.22,3693719.0,23500704.0
2011-03-16,6.26,6.35,6.31,6.21,2281129.0,14373527.0
2011-03-15,6.35,6.35,6.28,6.16,3104292.0,19421720.0
2011-03-14,6.26,6.40,6.37,6.18,3642714.0,22972560.0
2011-03-11,6.20,6.39,6.28,6.17,4957256.0,31229100.0
2011-03-10,6.19,6.22,6.22,6.13,2463550.0,15202755.0
2011-03-09,6.22,6.25,6.21,6.19,2140298.0,13323501.0
2011-03-08,6.20,6.23,6.21,6.16,2302081.0,14266926.0
2011-03-07,6.18,6.27,6.21,6.16,3469596.0,21526960.0
2011-03-04,6.11,6.20,6.18,6.10,1788832.0,10994477.0
2011-03-03,6.25,6.26,6.11,6.08,2488929.0,15428087.0
2011-03-02,6.17,6.24,6.22,6.13,2893025.0,17906192.0
2011-03-01,6.10,6.22,6.20,6.07,3320574.0,20379634.0
2011-02-28,6.03,6.12,6.10,6.01,2178070.0,13266498.0
2011-02-25,6.05,6.07,6.05,6.00,1670708.0,10069571.0
2011-02-24,5.93,6.10,6.09,5.91,2229757.0,13358184.0
2011-02-23,5.93,5.97,5.95,5.91,1586328.0,9430961.0
2011-02-22,6.04,6.07,5.93,5.92,1925401.0,11519629.0
2011-02-21,6.01,6.07,6.04,5.98,2775198.0,16712538.0
2011-02-18,6.03,6.07,6.02,5.99,1256841.0,7574358.0
2011-02-17,6.08,6.10,6.05,5.91,1729560.0,10426875.0
2011-02-16,6.06,6.09,6.08,6.01,1106351.0,6693813.0
2011-02-15,6.06,6.15,6.06,6.02,1392919.0,8484830.0
2011-02-14,6.00,6.05,6.04,5.97,1326241.0,7974392.0
2011-02-11,5.95,6.02,5.98,5.91,1079091.0,6436714.0
2011-02-10,5.87,5.95,5.94,5.83,912361.0,5391229.0
2011-02-09,5.87,5.91,5.83,5.81,610543.0,3579853.0
2011-02-01,5.84,5.90,5.88,5.81,587060.0,3436223.0
2011-01-31,5.83,5.88,5.86,5.76,600890.0,3517024.0
2011-01-28,5.71,5.87,5.83,5.71,741001.0,4259241.0
2011-01-27,5.66,5.73,5.72,5.66,572330.0,3261077.0
2011-01-26,5.63,5.75,5.70,5.60,351520.0,1997390.0
2011-01-25,5.80,5.81,5.65,5.63,748580.0,4276101.0
2011-01-24,5.83,5.94,5.83,5.80,586400.0,3428575.0
2011-01-21,5.83,5.91,5.85,5.80,605275.0,3542511.0
2011-01-20,5.93,5.99,5.83,5.81,1114102.0,6569543.0
2011-01-19,5.92,6.00,5.97,5.81,887929.0,5289019.0
2011-01-18,5.80,5.96,5.93,5.78,997400.0,5881776.0
2011-01-17,6.00,6.05,5.83,5.81,1697496.0,10013032.0
2011-01-14,6.08,6.13,6.07,5.98,926086.0,5607293.0
2011-01-13,6.08,6.15,6.10,6.07,922133.0,5633092.0
2011-01-12,5.96,6.14,6.13,5.90,1193782.0,7176484.0
2011-01-11,5.97,5.97,5.93,5.86,947426.0,5598398.0
2011-01-10,6.11,6.15,5.98,5.95,807400.0,4895393.0
2011-01-07,6.07,6.15,6.11,6.05,955476.0,5844784.0
2011-01-06,6.13,6.14,6.09,6.03,1443400.0,8768398.0
2011-01-05,6.09,6.15,6.14,6.06,827054.0,5050750.0
2011-01-04,6.05,6.14,6.10,6.05,877500.0,5336195.0
