date,open,high,close,low,volume,amount
2015-11-27,59.06,59.28,55.94,55.42,4365456.0,249523808.0
2015-11-26,59.98,60.11,59.06,59.03,2656086.0,158083392.0
2015-11-25,58.71,59.90,59.55,58.70,3218427.0,191200768.0
2015-11-24,58.72,59.00,58.97,58.13,1923740.0,112423816.0
2015-11-23,58.99,59.57,58.68,58.40,2406711.0,141826592.0
2015-11-20,59.40,59.48,59.10,58.80,3698066.0,218187504.0
2015-11-19,59.20,59.42,59.35,58.67,2154892.0,127211536.0
2015-11-18,59.58,59.95,58.91,58.84,2095389.0,123907192.0
2015-11-17,60.20,60.88,59.49,59.38,3210315.0,193389120.0
2015-11-16,58.30,60.00,59.93,58.22,2806267.0,165530096.0
2015-11-13,60.00,60.85,59.62,59.60,2735541.0,164073488.0
2015-11-12,61.40,61.88,60.54,60.00,3572323.0,216892800.0
2015-11-11,61.62,61.89,61.33,60.50,3221044.0,196552560.0
2015-11-10,61.17,63.15,61.62,60.90,4604418.0,285308512.0
2015-11-09,59.30,62.25,61.63,59.01,6476190.0,393684832.0
2015-11-06,58.50,59.60,59.39,58.50,3951770.0,233851312.0
2015-11-05,59.89,60.15,58.75,58.48,5634743.0,334132672.0
2015-11-04,57.56,59.20,59.12,57.20,4401870.0,257509312.0
2015-11-03,57.93,58.55,56.99,56.68,2734544.0,156564064.0
2015-11-02,57.49,59.85,57.98,57.05,3839380.0,224947216.0
2015-10-30,58.70,58.99,57.97,57.55,2560505.0,149384560.0
2015-10-29,59.00,59.69,58.62,57.96,3116324.0,182345264.0
2015-10-28,60.70,60.70,58.76,58.73,4507878.0,268970880.0
2015-10-27,58.12,61.60,60.69,57.47,7842786.0,469449312.0
2015-10-26,60.99,61.32,58.68,58.11,8963251.0,532810016.0
2015-10-23,55.80,59.32,59.32,55.46,11103503.0,638115904.0
2015-10-22,52.07,54.35,53.93,52.07,3582188.0,191410064.0
2015-10-21,54.00,55.96,52.30,52.02,6331328.0,344348480.0
2015-10-20,53.49,53.91,53.86,52.70,2992082.0,159272432.0
2015-10-19,53.97,54.30,53.22,52.83,3250976.0,173902624.0
2015-10-16,55.53,55.59,53.97,53.01,3788599.0,205115440.0
2015-10-15,52.29,53.70,53.52,51.88,3344733.0,177465472.0
2015-10-14,52.01,54.60,52.62,52.01,4229008.0,225953712.0
2015-10-13,52.00,52.31,52.01,51.41,3060369.0,158842384.0
2015-10-12,50.18,53.25,52.47,50.18,4718001.0,244929968.0
2015-10-09,50.18,50.54,50.18,49.81,2335275.0,117059696.0
2015-10-08,50.50,51.50,50.14,49.90,4800155.0,242660544.0
2015-09-30,47.85,48.21,47.92,47.50,1066002.0,51125620.0
2015-09-29,48.26,48.46,47.74,47.50,1327104.0,63671016.0
2015-09-28,47.99,48.96,48.81,47.91,1434593.0,69625400.0
2015-09-25,49.47,50.59,48.24,48.03,3569163.0,176388720.0
2015-09-24,47.60,49.86,49.62,47.60,4277152.0,209723904.0
2015-09-23,48.00,48.28,47.43,46.98,2059956.0,98287008.0
2015-09-22,48.80,49.33,48.61,48.20,2007463.0,97919224.0
2015-09-21,46.99,49.14,48.49,46.50,2529784.0,122155872.0
2015-09-18,47.34,47.94,47.08,46.60,1666100.0,78491912.0
2015-09-17,49.28,49.30,47.00,46.88,2941447.0,142611952.0
2015-09-16,45.48,49.90,49.24,45.41,3202907.0,151662032.0
2015-09-15,46.90,47.79,45.36,44.79,2848636.0,131647776.0
2015-09-14,50.48,50.48,47.18,46.80,2795513.0,135422720.0
2015-09-11,50.25,50.86,50.08,49.40,2769168.0,138733776.0
2015-09-10,50.87,51.53,50.48,50.40,2059095.0,104833560.0
2015-09-09,51.00,52.10,51.56,50.65,3396811.0,175013616.0
2015-09-08,49.01,50.80,50.36,48.37,2092924.0,103511520.0
2015-09-07,49.00,51.00,48.89,48.88,2424927.0,120888616.0
2015-09-02,47.50,49.43,48.54,46.00,4717301.0,225050080.0
2015-09-01,51.91,51.91,48.81,48.40,2990929.0,148075216.0
2015-08-31,54.00,54.97,52.04,52.00,3230110.0,170933344.0
2015-08-28,53.00,55.50,55.33,52.05,4574384.0,244727872.0
2015-08-27,50.00,52.10,52.01,47.60,5343659.0,264716864.0
2015-08-26,51.60,53.50,48.12,45.69,6059922.0,303646240.0
2015-08-25,50.65,52.98,50.50,50.50,4358150.0,222137296.0
2015-08-24,59.78,61.99,56.11,56.11,6148815.0,348411008.0
2015-08-21,62.70,63.69,62.34,60.40,3799604.0,235098480.0
2015-08-20,64.70,65.00,63.12,63.00,2284030.0,145673008.0
2015-08-19,61.00,65.96,64.85,60.80,5082471.0,322324832.0
2015-08-18,67.01,67.45,62.72,60.79,5613285.0,365640512.0
2015-08-17,67.46,67.46,66.84,66.01,2927100.0,195414960.0
2015-08-14,68.41,69.02,67.48,67.24,3933505.0,268000848.0
2015-08-13,67.35,68.18,67.69,66.41,3781062.0,254656160.0
2015-08-12,66.80,69.90,67.85,66.20,6322387.0,427479104.0
2015-08-11,69.11,69.60,67.82,67.20,5992197.0,409257280.0
2015-08-10,66.70,69.18,69.10,66.30,7481232.0,510522176.0
2015-08-07,64.52,66.49,65.82,64.40,5393120.0,353731648.0
2015-08-06,62.89,64.88,64.05,61.46,3397008.0,216572784.0
2015-08-05,64.98,65.65,64.27,64.10,3763977.0,243664448.0
2015-08-04,62.99,65.01,65.00,62.83,5535556.0,356190432.0
2015-08-03,61.69,62.99,62.96,60.75,5203169.0,320274848.0
2015-07-31,61.75,62.50,61.99,61.10,4224724.0,260943152.0
2015-07-30,64.54,65.02,62.20,61.00,5504038.0,351317312.0
2015-07-29,62.99,64.99,64.54,61.10,6167019.0,387306912.0
2015-07-28,60.05,63.50,62.62,58.00,12104486.0,734119424.0
2015-07-27,67.10,68.98,61.38,61.38,10056691.0,658665472.0
2015-07-24,70.11,70.77,68.20,67.50,9444848.0,654702976.0
2015-07-23,69.39,70.87,70.23,69.39,9407072.0,659179200.0
2015-07-22,71.00,71.98,69.86,68.78,9367974.0,656534208.0
2015-07-21,69.30,72.82,71.16,68.48,11098655.0,791502720.0
2015-07-20,66.72,73.00,70.58,65.80,13863760.0,969111040.0
2015-07-17,63.19,67.64,66.72,61.60,11619197.0,760596672.0
2015-07-16,62.00,66.89,63.19,57.11,13698833.0,858573184.0
2015-07-15,63.46,63.46,63.46,63.46,1731113.0,109856432.0
2015-07-07,62.00,63.50,57.69,57.69,11613782.0,685447552.0
2015-07-06,68.53,68.53,64.10,60.00,12285436.0,793731904.0
2015-07-03,60.89,66.18,62.30,56.95,11006944.0,671356288.0
2015-07-02,66.00,67.25,63.03,61.08,10506955.0,677195712.0
2015-07-01,66.80,70.97,64.87,64.00,14052454.0,967165888.0
2015-06-30,60.69,66.67,66.67,57.51,14463464.0,898873024.0
2015-06-29,69.70,70.50,60.61,60.58,13052778.0,832315456.0
2015-06-26,70.00,72.66,67.31,67.31,8733011.0,603884928.0
2015-06-24,71.29,75.39,74.79,70.66,14813181.0,1090042368.0
2015-06-23,65.03,71.46,71.26,63.28,10826871.0,727248064.0
2015-06-19,66.70,68.72,65.03,64.00,8614509.0,570186176.0
2015-06-18,74.80,74.80,69.93,69.89,7290044.0,526576608.0
2015-06-17,73.25,75.19,74.99,69.97,9935557.0,718767296.0
2015-06-16,77.47,77.47,73.18,72.10,10059563.0,752323392.0
2015-06-15,80.20,80.69,77.87,77.50,9533906.0,750374720.0
2015-06-12,81.16,81.18,79.87,79.31,10651535.0,852041472.0
2015-06-11,82.80,82.80,81.18,80.25,9386962.0,760871040.0
2015-06-10,79.85,84.57,82.87,78.00,10007799.0,823154240.0
2015-06-09,82.90,83.50,80.93,77.20,11824800.0,950231872.0
2015-06-08,91.04,91.40,83.60,83.00,18736928.0,1592708608.0
2015-06-05,92.00,98.17,92.18,90.00,20736936.0,1935352192.0
2015-06-04,89.60,98.56,98.56,88.30,12396505.0,1173302656.0
2015-06-03,90.78,91.27,89.63,86.44,5142107.0,1142894720.0
2015-06-02,92.06,93.48,90.89,85.81,7174608.0,1610316800.0
2015-06-01,84.09,87.97,87.97,82.03,5419942.0,1172077824.0
2015-05-29,72.14,79.97,79.97,70.98,6260028.0,1215355776.0
2015-05-28,75.87,80.11,72.70,71.79,4273902.0,826010624.0
2015-05-27,72.06,76.64,75.34,69.75,3480596.0,635520832.0
2015-05-26,70.18,72.77,72.08,69.03,2898139.0,519533760.0
2015-05-25,65.28,71.00,70.96,65.28,4435873.0,758733504.0
2015-05-22,65.96,66.55,65.25,64.17,2869903.0,468465696.0
2015-05-21,64.44,66.91,65.33,64.17,2443771.0,401747040.0
2015-05-20,62.20,64.95,63.95,62.20,2487989.0,397236032.0
2015-05-19,61.36,62.75,62.16,61.20,2245383.0,347871808.0
2015-05-18,60.10,62.09,60.92,59.58,2322491.0,356458560.0
2015-05-15,62.17,62.17,60.43,59.74,2610507.0,396459616.0
2015-05-14,63.57,64.48,62.25,62.18,2362243.0,372735136.0
2015-05-13,61.77,66.68,63.53,60.46,4002204.0,638386496.0
2015-05-12,61.81,62.56,61.76,60.58,3034224.0,466809952.0
2015-05-11,61.18,62.45,61.44,59.78,4521146.0,695345216.0
2015-05-08,56.39,60.71,60.57,56.39,4725693.0,700687040.0
2015-05-07,55.40,56.15,55.92,55.04,2045243.0,285603072.0
2015-05-06,55.24,57.00,55.39,55.08,3023241.0,425702976.0
2015-05-05,55.35,55.91,54.40,54.33,2073803.0,286015040.0
2015-05-04,55.87,56.23,55.74,55.22,1668794.0,233262672.0
2015-04-30,55.84,56.57,55.86,55.79,2395496.0,337957920.0
2015-04-29,54.62,56.00,55.72,54.33,2584631.0,359697824.0
2015-04-28,55.40,56.19,55.10,54.60,2619470.0,363318752.0
2015-04-27,54.60,56.59,54.95,54.60,2982141.0,414593216.0
2015-04-24,54.62,55.08,54.41,53.92,2854781.0,389694176.0
2015-04-23,56.55,56.55,55.30,55.08,3007082.0,419077248.0
2015-04-22,55.80,56.88,56.57,54.80,3576830.0,501962432.0
2015-04-21,53.82,55.26,55.16,53.80,3429925.0,471251968.0
2015-04-20,56.13,56.19,53.64,53.40,5638372.0,774572864.0
2015-04-17,60.22,63.27,57.78,55.98,11861375.0,1749288576.0
2015-04-16,55.60,60.26,60.26,54.60,5073195.0,748950464.0
2015-04-15,57.39,58.54,54.78,53.26,3598428.0,506244320.0
2015-04-14,54.12,57.55,57.17,53.80,3388759.0,478885024.0
2015-04-13,51.18,55.35,54.37,51.18,3929461.0,531010656.0
2015-04-10,47.75,51.01,50.97,47.43,2921135.0,363578880.0
2015-04-09,48.63,49.02,47.81,46.99,2152703.0,257752848.0
2015-04-08,49.83,49.83,48.98,48.70,2166415.0,266985024.0
2015-04-07,50.02,50.30,49.89,49.22,1971250.0,246294048.0
2015-04-03,49.02,50.41,49.97,48.43,2507033.0,311061472.0
2015-04-02,47.66,49.65,49.41,47.03,4270959.0,520987168.0
2015-04-01,46.43,48.62,47.63,46.31,2764378.0,331848416.0
2015-03-31,45.75,47.63,46.43,45.75,2143779.0,253172448.0
2015-03-30,46.47,46.47,46.21,45.63,1621408.0,187076624.0
2015-03-27,45.43,46.33,46.07,45.39,1005347.0,115797792.0
2015-03-26,46.74,46.74,46.19,45.75,2056114.0,237746304.0
2015-03-25,47.35,47.78,46.90,46.80,1831187.0,216109056.0
2015-03-24,46.55,49.01,48.23,45.84,3017704.0,355728320.0
2015-03-23,46.27,46.82,46.55,46.23,1871029.0,217913120.0
2015-03-20,46.63,46.94,46.11,45.83,2226905.0,258076160.0
2015-03-19,47.03,47.79,46.62,46.43,2324590.0,272921408.0
2015-03-18,47.83,48.21,47.99,46.98,1401374.0,167006160.0
2015-03-17,47.89,49.82,48.32,46.38,2099609.0,250830976.0
2015-03-16,44.95,49.37,47.55,44.95,3467596.0,414784800.0
2015-03-13,45.31,45.71,45.00,43.04,2627083.0,294607360.0
2015-03-12,41.05,44.94,44.94,41.05,5077165.0,560237824.0
2015-03-11,40.16,40.85,40.85,39.90,1600664.0,162411968.0
2015-03-10,39.97,40.35,40.16,39.81,1066495.0,107557240.0
2015-03-09,39.66,40.45,40.28,38.83,1947290.0,192374912.0
2015-03-06,40.17,40.25,39.73,39.38,1195894.0,119524048.0
2015-03-05,40.61,41.21,40.16,39.85,1498505.0,152076960.0
2015-03-04,39.29,40.64,40.62,39.06,2030791.0,202625840.0
2015-03-03,39.26,39.65,39.02,39.00,1386657.0,136671024.0
2015-03-02,40.21,40.21,39.46,39.16,1981504.0,195670432.0
2015-02-27,39.80,40.29,39.92,39.46,1009700.0,101188184.0
2015-02-26,39.67,39.85,39.80,39.37,1059265.0,105249808.0
2015-02-25,40.48,40.64,39.50,39.41,1308142.0,130681104.0
2015-02-17,40.23,40.68,40.42,39.97,1477051.0,149649136.0
2015-02-16,39.85,40.77,39.90,39.61,1254802.0,126159264.0
2015-02-13,40.05,40.87,40.03,39.82,1346434.0,136204064.0
2015-02-12,40.91,41.04,40.20,39.33,1790938.0,179199136.0
2015-02-11,40.49,41.27,40.91,40.22,1097208.0,112359240.0
2015-02-10,41.05,41.15,40.55,40.05,1203813.0,123086424.0
2015-02-09,39.76,41.80,41.04,39.46,1552205.0,158963568.0
2015-02-06,39.37,40.23,39.75,39.06,1300574.0,129615528.0
2015-02-05,40.13,40.78,39.47,39.46,1430918.0,143617600.0
2015-02-04,41.65,41.67,40.26,39.48,3064316.0,308878400.0
2015-02-03,41.25,42.84,41.42,40.75,2737166.0,287918112.0
2015-02-02,38.66,41.51,41.24,38.66,3777394.0,385120096.0
2015-01-30,39.05,40.25,39.01,38.38,1909270.0,188040912.0
2015-01-29,39.65,40.20,38.60,38.58,1713280.0,169665248.0
2015-01-28,39.85,40.69,39.67,39.38,1699887.0,170036672.0
2015-01-27,39.22,40.77,40.01,39.13,3055022.0,306642848.0
2015-01-26,37.77,39.65,39.38,37.77,3853821.0,379825056.0
2015-01-23,38.04,38.18,37.79,37.76,2671328.0,254406832.0
2015-01-22,36.63,38.18,37.97,36.63,4625025.0,437174784.0
2015-01-21,36.67,36.91,36.50,36.37,2512790.0,230577008.0
2015-01-20,35.71,36.81,36.61,35.71,3158404.0,289881760.0
2015-01-19,34.98,36.60,35.88,34.38,4901335.0,442663744.0
2015-01-16,35.08,35.46,35.37,34.96,1531051.0,135277776.0
2015-01-15,35.41,35.55,35.17,34.96,1232424.0,108544464.0
2015-01-14,35.84,35.84,35.39,35.35,1330937.0,118453496.0
2015-01-13,35.38,36.09,35.87,35.32,1806573.0,162197120.0
2015-01-12,35.07,35.51,35.38,34.75,1460644.0,128526176.0
2015-01-09,35.83,36.10,35.26,35.23,1963503.0,175337168.0
2015-01-08,35.70,36.53,35.81,35.70,2185001.0,197512608.0
2015-01-07,36.42,36.45,35.87,35.79,2810318.0,254007936.0
2015-01-06,35.21,37.44,36.65,34.92,6300101.0,576734656.0
2015-01-05,34.95,35.60,35.25,34.37,2729803.0,239847584.0
2014-12-31,34.39,35.15,34.94,34.05,3127021.0,271736800.0
2014-12-30,34.00,34.86,34.47,33.80,2863475.0,247516048.0
2014-12-29,34.04,34.27,33.85,33.75,2108987.0,180138288.0
2014-12-26,34.18,34.35,34.04,33.96,1775967.0,151884224.0
2014-12-25,34.43,34.46,34.23,34.08,1095689.0,94081792.0
2014-12-24,33.92,34.38,34.24,33.92,1358111.0,116610208.0
2014-12-23,33.72,34.43,34.18,33.72,1481930.0,127026232.0
2014-12-22,34.27,34.47,33.72,33.45,1831635.0,155641680.0
2014-12-19,34.72,34.98,34.33,34.08,1788696.0,153860800.0
2014-12-18,34.88,35.23,34.67,34.59,1952878.0,171232144.0
2014-12-17,35.47,35.47,34.79,34.63,2755197.0,241240192.0
2014-12-16,35.88,36.01,35.47,35.14,3395612.0,302259456.0
2014-12-15,35.83,36.17,35.88,35.59,2635852.0,237615392.0
2014-12-12,36.31,36.53,35.92,35.59,2475618.0,223385168.0
2014-12-11,36.32,36.66,36.34,35.95,2589129.0,235938320.0
2014-12-10,35.27,36.61,36.35,35.08,3356177.0,302960832.0
2014-12-09,35.65,36.33,35.53,35.39,4612144.0,414475840.0
2014-12-08,35.49,35.83,35.65,34.87,2980820.0,264207536.0
2014-12-05,36.47,36.94,35.49,34.79,3971852.0,358456384.0
2014-12-04,36.13,36.86,36.48,36.13,3984600.0,364329760.0
2014-12-03,35.70,36.47,36.03,35.60,4428457.0,400137376.0
2014-12-02,35.80,35.80,35.56,35.27,3115128.0,277477280.0
2014-12-01,35.20,35.91,35.86,34.67,3227637.0,287099584.0
2014-11-28,35.41,35.41,35.25,34.87,2496069.0,219656944.0
2014-11-27,35.89,36.09,35.41,35.25,2680163.0,238742800.0
2014-11-26,34.75,35.70,35.65,34.74,3063343.0,271963904.0
2014-11-25,34.48,34.86,34.80,34.33,2122418.0,184025840.0
2014-11-24,34.71,34.87,34.64,34.08,2915592.0,252189152.0
2014-11-21,34.70,34.72,34.71,34.36,1185342.0,103032896.0
2014-11-20,34.60,34.82,34.55,34.33,1047714.0,90845072.0
2014-11-19,34.79,34.79,34.68,34.31,1567845.0,135856592.0
2014-11-18,35.47,35.63,34.84,34.68,2764707.0,241972928.0
2014-11-17,36.90,37.06,35.69,35.34,3161759.0,284402240.0
2014-11-14,34.43,37.10,36.21,34.43,5730954.0,517116448.0
2014-11-13,35.08,35.08,34.38,34.23,1854094.0,160327952.0
2014-11-12,34.67,35.11,35.03,34.63,1760564.0,154392832.0
2014-11-11,35.19,35.65,34.64,34.52,3303715.0,290787904.0
2014-11-10,34.65,35.12,34.98,34.43,3168635.0,276077792.0
2014-11-07,33.40,34.04,33.80,33.40,2716839.0,230752896.0
2014-11-06,33.80,33.80,33.23,33.07,3436995.0,287019136.0
2014-11-05,34.29,34.63,33.64,33.13,3014699.0,255613024.0
2014-11-04,35.07,35.07,34.34,34.29,2104488.0,182651040.0
2014-11-03,35.23,35.46,35.16,35.12,1450533.0,128334320.0
2014-10-31,35.06,35.23,35.23,34.63,1615605.0,141476880.0
2014-10-30,35.59,35.87,35.04,34.92,1920300.0,170465104.0
2014-10-29,35.65,35.77,35.59,35.33,1680289.0,149782400.0
2014-10-28,35.07,35.70,35.65,34.95,1857745.0,164144048.0
2014-10-27,34.38,35.21,34.96,34.28,1304137.0,114665848.0
2014-10-24,35.06,35.06,34.69,34.27,2431076.0,212519760.0
2014-10-23,35.45,35.65,35.41,34.87,1529884.0,136192992.0
2014-10-22,36.28,36.51,35.25,35.21,2111639.0,190413792.0
2014-10-21,37.31,37.33,36.26,36.14,2998150.0,277107104.0
2014-10-20,37.39,38.90,37.76,37.39,3727039.0,359248832.0
2014-10-17,36.72,37.55,37.30,36.48,2994936.0,279591744.0
2014-10-16,37.12,38.62,36.72,36.68,6292549.0,599736640.0
2014-10-15,35.80,38.42,37.12,34.86,6450964.0,597314176.0
2014-10-14,35.25,35.97,35.23,34.86,4272047.0,382492288.0
2014-10-13,34.39,35.35,35.24,33.99,3435343.0,301542624.0
2014-10-10,34.16,34.52,34.39,33.95,2025837.0,175473856.0
2014-10-09,34.95,34.98,34.35,34.07,3497533.0,304125760.0
2014-10-08,32.89,35.18,35.15,32.89,5837816.0,505705408.0
2014-09-30,32.87,33.02,32.80,32.74,892321.0,73894008.0
2014-09-29,33.06,33.08,32.87,32.68,1018335.0,84495120.0
2014-09-26,32.80,32.93,32.77,32.56,667565.0,55102408.0
2014-09-25,32.96,33.23,32.84,32.77,1198592.0,99952304.0
2014-09-24,32.54,32.96,32.92,32.41,1060588.0,87705400.0
2014-09-23,32.48,32.67,32.57,32.27,743054.0,60987300.0
2014-09-22,32.93,32.93,32.28,32.20,984906.0,80686056.0
2014-09-19,32.71,33.01,32.93,32.61,728354.0,60394116.0
2014-09-18,32.72,32.95,32.77,32.53,1081964.0,89324536.0
2014-09-17,32.76,33.03,32.85,32.70,1018822.0,84342000.0
2014-09-16,33.66,33.82,32.75,32.73,1861579.0,156721056.0
2014-09-15,33.29,33.56,33.56,33.08,1227618.0,103208728.0
2014-09-12,33.23,33.39,33.29,33.04,951456.0,79831496.0
2014-09-11,33.39,33.59,33.24,33.23,1327292.0,111912384.0
2014-09-10,33.38,33.43,33.35,33.27,1004266.0,84472816.0
2014-09-09,33.82,33.93,33.49,33.40,1245799.0,105428912.0
2014-09-05,33.79,33.95,33.81,33.60,1730199.0,147427680.0
2014-09-04,33.04,33.81,33.79,33.03,2540659.0,215161744.0
2014-09-03,32.94,33.27,33.09,32.88,1260418.0,105431024.0
2014-09-02,32.69,32.89,32.89,32.51,1501969.0,124121880.0
2014-09-01,32.38,32.68,32.67,32.38,762679.0,62727740.0
2014-08-29,32.14,32.42,32.40,32.07,626406.0,50939300.0
2014-08-28,32.67,32.67,32.11,32.03,1313991.0,106728256.0
2014-08-27,32.46,32.66,32.55,32.44,488555.0,40131792.0
2014-08-26,32.79,33.00,32.47,32.41,1145466.0,94434616.0
2014-08-25,33.27,33.33,32.85,32.84,1222054.0,101599920.0
2014-08-22,33.27,33.44,33.27,33.09,1124979.0,94335088.0
2014-08-21,33.69,33.69,33.37,33.12,1521376.0,128207008.0
2014-08-20,33.92,33.92,33.71,33.63,1491595.0,127073632.0
2014-08-19,33.58,33.94,33.93,33.35,2267420.0,192318848.0
2014-08-18,33.65,33.87,33.54,33.32,1500996.0,127178640.0
2014-08-15,32.85,33.59,33.37,32.84,1703149.0,143331744.0
2014-08-14,33.16,33.33,32.84,32.75,1702328.0,141371648.0
2014-08-13,33.17,33.79,33.14,33.10,1937401.0,163413792.0
2014-08-12,33.27,33.38,33.17,33.04,1129330.0,94543648.0
2014-08-11,32.95,33.47,33.25,32.72,2081368.0,174015248.0
2014-08-08,33.67,33.71,32.84,32.75,3624615.0,302146496.0
2014-08-07,34.09,34.32,34.00,33.96,1259430.0,108560176.0
2014-08-06,34.46,34.46,34.10,34.05,1888130.0,162900384.0
2014-08-05,34.67,35.03,34.55,34.30,1535968.0,134238400.0
2014-08-04,34.49,34.86,34.58,34.25,1685820.0,147071744.0
2014-08-01,34.66,35.45,34.57,34.55,2686760.0,237390688.0
2014-07-31,34.94,35.16,34.83,34.47,1610519.0,141258272.0
2014-07-30,34.06,35.21,35.04,34.03,2847079.0,249499568.0
2014-07-29,34.79,34.79,34.30,33.99,2814132.0,243149552.0
2014-07-28,35.25,35.49,34.84,34.59,3099073.0,273627456.0
2014-07-25,35.30,35.30,34.94,34.47,1429252.0,125631032.0
2014-07-24,34.17,35.60,34.91,34.08,3069377.0,270935456.0
2014-07-23,34.18,34.66,34.17,33.96,1705223.0,147364992.0
2014-07-22,33.74,34.34,34.11,33.68,2371503.0,203730224.0
2014-07-21,32.13,35.06,34.11,32.13,4834749.0,411692704.0
2014-07-18,31.33,32.35,32.08,31.12,2212800.0,178458144.0
2014-07-17,31.45,31.45,31.33,31.00,770003.0,60668888.0
2014-07-16,31.78,31.79,31.57,31.15,1393410.0,110417144.0
2014-07-15,30.70,32.08,31.80,30.51,2735957.0,217214896.0
2014-07-14,30.55,30.72,30.70,30.00,987374.0,75540400.0
2014-07-11,30.39,30.71,30.49,30.33,592211.0,45633148.0
2014-07-10,30.37,30.80,30.44,30.35,590808.0,45565672.0
2014-07-09,30.74,30.81,30.51,30.37,1020887.0,78672768.0
2014-07-08,30.75,30.90,30.72,30.58,907986.0,70365504.0
2014-07-07,31.48,31.59,31.00,30.70,1393437.0,109220592.0
2014-07-04,31.59,31.71,31.59,31.24,930017.0,73926304.0
2014-07-03,30.75,31.71,31.57,30.75,1867876.0,148480736.0
2014-07-02,30.78,30.94,30.74,30.44,901257.0,69789336.0
2014-07-01,30.89,30.98,30.83,30.60,787189.0,61207332.0
2014-06-30,29.91,31.05,30.71,29.91,1783672.0,138725520.0
2014-06-27,29.73,30.14,30.05,29.57,1524198.0,114844080.0
2014-06-26,29.32,30.10,29.81,29.32,1249305.0,94189696.0
2014-06-25,29.67,29.87,29.59,29.44,584141.0,44305484.0
2014-06-24,29.41,29.77,29.73,29.29,660917.0,50095600.0
2014-06-23,29.46,29.47,29.41,29.29,381696.0,28713252.0
2014-06-20,28.95,29.47,29.30,28.95,561703.0,42122592.0
2014-06-19,29.28,29.44,28.95,28.87,852064.0,63527000.0
2014-06-18,29.94,30.00,29.44,29.28,861789.0,65299256.0
2014-06-17,29.83,30.25,30.03,29.55,1386929.0,106357328.0
2014-06-16,29.41,29.86,29.85,29.32,1121688.0,85125296.0
2014-06-13,29.12,29.42,29.41,29.09,824365.0,61892564.0
2014-06-12,29.25,29.36,29.12,29.11,655140.0,48996376.0
2014-06-11,29.27,29.27,29.26,29.09,634595.0,47420636.0
2014-06-10,28.97,29.23,29.23,28.94,667576.0,49826968.0
2014-06-09,29.07,29.24,28.98,28.89,448278.0,33368098.0
2014-06-06,29.30,29.32,28.98,28.90,555249.0,41290580.0
2014-06-05,29.10,29.32,29.30,28.73,908762.0,67502640.0
2014-06-04,29.90,29.91,29.16,28.89,1868228.0,139468960.0
2014-06-03,30.16,30.39,29.98,29.91,351247.0,27054204.0
2014-05-30,30.26,30.33,30.12,29.95,503907.0,38855400.0
2014-05-29,30.39,30.64,30.25,30.21,652266.0,50709456.0
2014-05-28,30.06,30.37,30.34,29.94,682171.0,52716956.0
2014-05-27,30.36,30.41,30.13,30.10,537080.0,41562712.0
2014-05-26,30.06,30.53,30.36,29.83,962336.0,74573752.0
2014-05-23,29.68,29.87,29.86,29.64,416836.0,31785880.0
2014-05-22,29.77,30.12,29.66,29.63,577435.0,44126644.0
2014-05-21,29.29,29.67,29.62,29.21,439853.0,33259574.0
2014-05-20,29.48,29.75,29.44,29.35,477269.0,36025960.0
2014-05-19,29.87,30.02,29.32,29.23,711978.0,53728412.0
2014-05-16,30.24,30.24,30.06,29.71,466378.0,35707528.0
2014-05-15,30.41,30.42,29.94,29.93,474818.0,36626536.0
2014-05-14,30.41,30.62,30.37,30.19,473505.0,36842972.0
2014-05-13,30.57,30.73,30.48,30.36,609206.0,47511800.0
2014-05-12,29.70,30.89,30.66,29.70,1561282.0,121657752.0
2014-05-09,30.06,30.33,29.71,29.61,798794.0,60927920.0
2014-05-08,30.32,30.44,30.18,29.98,670952.0,51966952.0
2014-05-07,30.06,30.68,30.25,29.97,1028101.0,80027312.0
2014-05-06,30.00,30.55,30.20,30.00,1205265.0,93602176.0
2014-05-05,29.84,30.25,30.15,29.71,821166.0,62932712.0
2014-04-30,29.75,30.69,30.25,29.75,983005.0,76339848.0
2014-04-29,29.59,29.85,29.61,29.20,922917.0,69639168.0
2014-04-28,29.90,30.14,29.54,29.33,854789.0,64704544.0
2014-04-25,31.64,31.68,30.04,29.87,1587832.0,124231984.0
2014-04-24,31.50,31.61,31.47,31.26,809110.0,65124392.0
2014-04-23,32.44,32.66,31.76,31.27,2012683.0,164698528.0
2014-04-22,32.37,33.28,33.07,32.37,1978597.0,167003696.0
2014-04-21,31.74,33.54,32.33,31.70,2177747.0,183281360.0
2014-04-18,31.92,32.25,32.03,31.70,817282.0,67051860.0
2014-04-17,32.35,32.60,32.01,31.96,1047965.0,86750920.0
2014-04-16,32.21,32.58,32.51,31.69,1987159.0,163338816.0
2014-04-15,32.94,32.98,32.26,32.13,2417672.0,200756880.0
2014-04-14,34.00,34.00,32.94,32.77,3539003.0,301879904.0
2014-04-11,30.45,33.34,33.34,30.36,4646175.0,387113408.0
2014-04-10,30.54,30.55,30.31,29.91,1654232.0,127945408.0
2014-04-09,30.78,30.82,30.54,30.39,1588009.0,124208912.0
2014-04-08,30.06,30.68,30.66,29.87,1581136.0,123070664.0
2014-04-04,30.18,30.47,30.03,29.67,2155706.0,166115808.0
2014-04-03,29.74,30.36,30.23,29.67,1119146.0,86304640.0
2014-04-02,29.98,30.22,29.74,29.57,690399.0,52599432.0
2014-04-01,29.28,30.01,29.85,29.09,1141656.0,86761368.0
2014-03-31,29.83,30.25,29.28,29.03,1746100.0,132209872.0
2014-03-28,30.46,30.76,29.82,29.67,1420156.0,109469976.0
2014-03-27,31.27,31.39,30.44,30.41,1448961.0,114495160.0
2014-03-26,31.10,31.71,31.27,31.10,1230024.0,98927264.0
2014-03-25,31.45,31.74,31.09,30.84,1302754.0,104413208.0
2014-03-24,31.39,31.69,31.51,31.04,1259419.0,101026048.0
2014-03-21,31.74,31.74,31.56,30.18,2716548.0,215694752.0
2014-03-20,32.78,33.03,31.64,31.55,1950519.0,160583696.0
2014-03-19,33.50,33.50,32.81,32.40,2237684.0,187556304.0
2014-03-18,34.34,34.35,33.60,33.58,1714731.0,149080416.0
2014-03-17,34.36,34.62,34.16,33.81,920363.0,79965032.0
2014-03-14,34.58,34.66,34.18,33.91,894360.0,78358536.0
2014-03-13,33.77,34.81,34.79,33.58,1290193.0,113496208.0
2014-03-12,34.46,34.79,33.70,33.62,1445823.0,126459312.0
2014-03-11,33.67,34.75,34.46,32.99,1155513.0,101381504.0
2014-03-10,34.75,34.75,33.67,33.50,1434547.0,124842800.0
2014-03-07,32.48,35.35,35.14,32.48,2289672.0,201813808.0
2014-03-06,33.45,33.71,32.85,32.33,1301086.0,109053240.0
2014-03-05,33.92,34.16,33.52,33.48,606960.0,52307096.0
2014-03-04,34.33,34.33,33.82,33.65,751857.0,65186656.0
2014-03-03,33.75,35.23,34.26,33.35,1166262.0,102565592.0
2014-02-28,33.26,33.77,33.75,33.10,1041794.0,89067936.0
2014-02-27,33.77,34.47,33.26,33.10,1203126.0,103852216.0
2014-02-26,34.90,34.90,34.03,33.53,1260266.0,109417456.0
2014-02-25,36.19,36.78,34.94,34.93,1536584.0,140742912.0
2014-02-24,37.60,37.60,36.22,36.19,1528206.0,143322864.0
2014-02-21,36.89,38.22,37.67,36.50,1743933.0,168172768.0
2014-02-20,35.92,37.67,37.05,35.92,2514624.0,239377648.0
2014-02-19,35.43,36.03,35.84,35.14,868518.0,79417016.0
2014-02-18,35.98,36.05,35.22,35.20,887762.0,80517864.0
2014-02-17,35.92,36.18,35.95,35.49,927898.0,85026944.0
2014-02-14,35.47,35.88,35.80,35.18,765757.0,69926136.0
2014-02-13,36.42,36.42,35.47,35.16,1413332.0,128419104.0
2014-02-12,36.31,36.81,36.09,35.74,1044394.0,96595320.0
2014-02-11,35.48,36.85,36.29,35.14,2135357.0,199307584.0
2014-02-10,33.29,35.54,35.50,33.29,1718000.0,152898800.0
2014-02-07,33.59,33.59,33.29,33.15,1207218.0,102806008.0
2014-01-30,33.58,34.06,33.85,33.22,625057.0,54083392.0
2014-01-29,34.55,34.55,33.54,33.35,1009178.0,87347232.0
2014-01-28,34.35,34.82,34.32,34.16,633454.0,55911152.0
2014-01-27,35.35,35.35,34.54,34.27,800773.0,71008136.0
2014-01-24,34.36,35.88,35.43,34.36,1107470.0,100557840.0
2014-01-23,33.85,35.27,34.52,33.85,1279510.0,113425264.0
2014-01-22,33.18,33.87,33.83,32.64,1335695.0,114033496.0
2014-01-21,32.49,33.42,33.16,32.49,674333.0,57225500.0
2014-01-20,34.76,34.76,33.06,32.53,2359345.0,200411040.0
2014-01-17,36.46,36.57,35.07,34.67,1314659.0,119072752.0
2014-01-16,36.37,36.83,36.45,36.34,422832.0,39569284.0
2014-01-15,36.80,36.88,36.37,36.26,849683.0,79178888.0
2014-01-14,36.80,37.13,36.80,36.23,550150.0,51593256.0
2014-01-13,38.46,38.46,36.84,36.58,915193.0,87208112.0
2014-01-10,38.64,38.64,38.10,37.90,426782.0,41699536.0
2014-01-09,37.90,39.38,38.49,37.90,686447.0,68193848.0
2014-01-08,38.65,38.65,38.14,37.87,512739.0,50324668.0
2014-01-07,37.14,38.49,38.43,37.12,552319.0,54047980.0
2014-01-06,38.79,38.79,38.07,37.71,793096.0,77567608.0
2014-01-03,38.51,39.03,38.79,38.26,664201.0,65824716.0
2014-01-02,36.74,39.04,38.90,36.74,1472703.0,142960144.0
2013-12-31,37.18,37.64,36.82,36.62,825779.0,78505144.0
2013-12-30,37.48,37.71,37.28,37.15,399803.0,38294848.0
2013-12-27,36.69,37.52,37.50,36.69,653695.0,62488452.0
2013-12-26,37.17,37.25,36.72,36.66,467550.0,44144356.0
2013-12-25,36.70,37.38,37.16,36.35,575312.0,54536732.0
2013-12-24,37.10,37.28,36.70,36.65,1297426.0,122696360.0
2013-12-23,37.48,37.48,37.07,36.21,1181206.0,112012648.0
2013-12-20,39.30,39.30,37.85,37.65,740654.0,72559472.0
2013-12-19,39.41,39.61,39.11,39.04,411966.0,41323236.0
2013-12-18,38.64,39.63,39.39,38.27,851292.0,85463504.0
2013-12-17,38.33,38.65,38.38,38.02,355923.0,35083416.0
2013-12-16,38.50,38.96,38.31,38.28,338645.0,33487348.0
2013-12-13,38.01,39.04,38.69,37.95,502694.0,49897424.0
2013-12-12,38.57,39.05,38.67,38.42,345420.0,34284864.0
2013-12-11,38.41,38.82,38.80,37.92,450000.0,44305384.0
2013-12-10,39.28,39.58,38.72,38.26,996870.0,98817808.0
2013-12-09,40.06,40.30,39.38,39.10,753346.0,76354448.0
2013-12-06,39.88,40.32,40.07,39.88,332028.0,34157316.0
2013-12-05,40.52,40.52,40.10,39.81,870253.0,89211216.0
2013-12-04,40.60,41.07,40.63,40.39,721646.0,75409224.0
2013-12-03,40.00,40.93,40.65,39.56,729289.0,75480736.0
2013-12-02,40.54,41.09,40.08,39.72,901758.0,93229520.0
2013-11-29,39.61,41.34,41.06,39.61,1408994.0,147171136.0
2013-11-28,39.28,39.81,39.72,39.06,704111.0,71181008.0
2013-11-27,39.08,39.42,39.28,39.08,495450.0,49860496.0
2013-11-26,38.96,39.15,39.04,38.69,356890.0,35648588.0
2013-11-25,38.26,39.19,38.99,38.07,660593.0,65952176.0
2013-11-22,39.01,39.04,38.64,38.53,404679.0,40125288.0
2013-11-21,38.43,39.03,38.83,38.33,555118.0,54860676.0
2013-11-20,38.65,38.89,38.43,38.18,539060.0,53090260.0
2013-11-19,38.33,38.46,38.42,37.87,1038298.0,101405184.0
2013-11-18,39.20,39.20,38.51,38.07,1875014.0,184764624.0
2013-11-15,39.24,39.58,39.17,38.89,859517.0,86284352.0
2013-11-14,38.72,39.47,39.24,38.31,621151.0,62238704.0
2013-11-13,38.69,38.77,38.68,37.95,518228.0,50975552.0
2013-11-12,38.27,39.13,39.03,38.27,1254558.0,124783616.0
2013-11-11,37.60,38.47,38.23,37.21,1721040.0,167586576.0
2013-11-08,37.70,38.18,37.58,37.50,865147.0,83751432.0
2013-11-07,38.69,38.81,37.98,37.48,1219962.0,118603112.0
2013-11-06,38.98,39.38,38.69,38.58,824835.0,82205744.0
2013-11-05,39.42,39.49,39.43,38.53,1357051.0,135744624.0
2013-11-04,41.77,41.93,39.50,39.01,1891587.0,193329408.0
2013-11-01,40.97,41.77,41.47,40.61,745233.0,78934872.0
2013-10-31,40.95,41.13,41.00,39.90,845648.0,87504864.0
2013-10-30,41.84,41.97,41.00,40.72,1238859.0,130510992.0
2013-10-29,41.50,41.97,41.75,40.72,1851556.0,195265728.0
2013-10-28,43.84,44.10,41.88,41.77,1030328.0,112527184.0
2013-10-25,45.74,46.05,43.85,43.78,1006743.0,114793936.0
2013-10-24,45.77,46.21,45.73,45.60,358640.0,42170584.0
2013-10-23,46.07,46.32,45.77,45.68,509456.0,59990376.0
2013-10-22,46.07,46.56,46.04,45.91,595202.0,70387032.0
2013-10-21,45.68,46.36,46.25,45.55,925635.0,108729280.0
2013-10-18,45.96,46.22,45.82,45.69,585562.0,68841344.0
2013-10-17,46.27,46.84,46.07,45.98,607552.0,71953424.0
2013-10-16,47.15,47.15,46.10,46.07,864766.0,103118336.0
2013-10-15,46.06,47.31,47.16,45.96,1299476.0,155526192.0
2013-10-14,46.58,46.72,46.02,45.85,847369.0,99899904.0
2013-10-11,46.46,46.77,46.49,46.23,588825.0,69980664.0
2013-10-10,46.95,46.96,46.32,45.99,1021652.0,121419224.0
2013-10-09,47.44,47.61,47.35,46.35,864274.0,103754880.0
2013-10-08,47.67,47.94,47.43,47.15,804758.0,97782544.0
2013-09-30,48.61,48.94,47.96,47.64,575340.0,70934640.0
2013-09-27,47.32,48.59,48.56,46.85,1025308.0,126682880.0
2013-09-26,47.13,47.72,47.31,47.08,637530.0,77541872.0
2013-09-25,48.06,48.21,47.32,47.20,470701.0,57332880.0
2013-09-24,47.96,48.18,48.06,47.35,771095.0,94491384.0
2013-09-23,47.99,48.78,47.97,46.61,979361.0,119950432.0
2013-09-18,47.63,49.08,48.06,47.63,1361848.0,168586912.0
2013-09-17,47.16,47.62,47.10,46.85,531847.0,64297468.0
2013-09-16,46.65,47.61,47.32,46.65,795130.0,96244216.0
2013-09-13,45.49,46.65,46.55,45.49,560053.0,66534064.0
2013-09-12,45.63,46.46,46.01,45.63,450490.0,53282384.0
2013-09-11,45.64,46.79,45.96,45.33,816614.0,96319008.0
2013-09-10,46.46,46.46,45.78,45.48,790506.0,92812376.0
2013-09-09,46.50,46.60,46.57,45.42,1077549.0,126404112.0
2013-09-06,46.33,46.82,46.76,46.18,466041.0,55631508.0
2013-09-05,46.85,46.93,46.39,46.01,653523.0,77577704.0
2013-09-04,48.12,48.12,46.95,46.85,771357.0,93332848.0
2013-09-03,46.93,48.18,48.15,46.78,671776.0,81955448.0
2013-09-02,46.07,47.24,46.99,46.07,542007.0,64931024.0
2013-08-30,47.15,47.53,46.51,46.46,674986.0,81166344.0
2013-08-29,47.89,48.33,47.15,47.08,988556.0,120746520.0
2013-08-28,48.99,49.03,48.02,47.71,1212323.0,149429056.0
2013-08-27,49.38,49.50,49.14,48.87,388691.0,48883784.0
2013-08-26,49.18,49.36,49.18,48.76,612415.0,76932600.0
2013-08-23,49.38,49.52,49.01,48.73,720340.0,90786600.0
2013-08-22,49.19,49.58,49.31,49.04,540655.0,68377656.0
2013-08-21,49.19,49.35,49.24,48.76,495886.0,62316252.0
2013-08-20,49.82,49.93,48.99,48.66,856059.0,108130400.0
2013-08-19,49.62,50.13,49.85,49.39,407606.0,51999980.0
2013-08-16,49.74,50.36,49.59,49.41,569920.0,72808824.0
2013-08-15,50.83,50.83,49.78,49.72,757560.0,97443232.0
2013-08-14,51.49,51.61,50.77,50.68,514671.0,67219832.0
2013-08-13,51.53,51.91,51.39,50.65,855432.0,112588488.0
2013-08-12,50.48,51.80,51.40,50.43,1480115.0,194906800.0
2013-08-09,50.36,50.83,50.53,49.47,1289147.0,166254240.0
2013-08-08,49.77,49.82,49.46,49.05,785729.0,99494008.0
2013-08-07,50.87,50.87,49.93,49.76,639556.0,82357544.0
2013-08-06,50.84,50.95,50.78,50.44,627515.0,81583168.0
2013-08-05,49.31,50.81,50.80,49.28,768134.0,98702920.0
2013-08-02,49.97,50.11,49.31,49.11,641884.0,81099200.0
2013-08-01,48.80,49.72,49.70,48.80,842568.0,106129880.0
2013-07-31,50.31,50.94,48.82,48.80,1060121.0,133777992.0
2013-07-30,51.26,51.28,50.30,49.90,579849.0,74745352.0
2013-07-29,50.40,52.12,50.72,50.28,679420.0,89338424.0
2013-07-26,50.84,51.30,50.71,50.57,463680.0,60564336.0
2013-07-25,51.93,52.69,51.20,50.77,777035.0,102733808.0
2013-07-24,50.70,52.17,51.87,50.70,913276.0,120682648.0
2013-07-23,50.40,51.76,51.05,50.40,731499.0,95847248.0
2013-07-22,49.59,50.75,50.53,48.81,636634.0,81941760.0
2013-07-19,50.39,50.74,49.79,49.69,1013204.0,130086216.0
2013-07-18,51.03,51.41,50.69,50.40,858575.0,111803200.0
2013-07-17,51.79,53.05,51.41,51.07,1499139.0,200233584.0
2013-07-16,50.01,51.96,51.63,49.97,1284949.0,168249696.0
2013-07-15,50.64,51.14,50.14,49.94,1065714.0,137454224.0
2013-07-12,49.22,51.30,50.36,48.82,1611088.0,207637008.0
2013-07-11,48.72,49.50,49.04,48.44,995189.0,125061304.0
2013-07-10,49.38,49.74,48.88,48.02,1021407.0,127498856.0
2013-07-09,49.58,50.08,49.40,49.34,801910.0,102025768.0
2013-07-08,49.19,50.66,49.48,48.54,973815.0,124291728.0
2013-07-05,49.80,50.21,49.95,49.02,1164911.0,147963424.0
2013-07-04,50.36,51.53,49.83,49.65,1001260.0,129687408.0
2013-07-03,50.91,51.46,50.68,49.59,1584009.0,204371264.0
2013-07-02,48.80,51.84,50.98,48.50,2070666.0,268604032.0
2013-07-01,46.35,49.37,49.11,45.76,2716444.0,330469984.0
2013-06-20,50.21,50.48,48.34,48.05,1494577.0,207112752.0
2013-06-19,49.39,50.47,50.19,49.04,1360661.0,191448464.0
2013-06-18,48.76,51.14,49.42,48.23,2741342.0,385659680.0
2013-06-17,43.67,48.15,48.15,43.46,2373004.0,306546976.0
2013-06-14,42.04,43.99,43.78,41.87,1644389.0,202067696.0
2013-06-13,41.51,41.86,41.73,41.14,473515.0,55620064.0
2013-06-07,42.43,42.99,42.03,41.41,628932.0,74952608.0
2013-06-06,42.92,43.63,42.54,42.40,799109.0,97214856.0
2013-06-05,41.79,43.02,43.01,41.48,1434236.0,173162896.0
2013-06-04,41.69,41.79,41.46,40.99,531002.0,62125624.0
2013-06-03,42.16,42.16,41.41,41.37,649638.0,76845320.0
2013-05-31,42.18,42.99,42.03,41.93,863715.0,104482256.0
2013-05-30,42.50,42.61,42.17,41.83,497963.0,59817424.0
2013-05-29,42.04,42.62,42.47,41.93,619152.0,74788856.0
2013-05-28,41.51,42.31,42.04,41.51,874923.0,104850320.0
2013-05-27,41.57,41.76,41.43,41.13,752486.0,88687872.0
2013-05-24,41.35,41.84,41.77,41.16,804476.0,95157648.0
2013-05-23,42.11,42.11,41.34,41.07,1468881.0,173737968.0
2013-05-22,42.53,43.10,42.32,42.11,545241.0,66231860.0
2013-05-21,42.11,42.81,42.51,42.11,592176.0,71508440.0
2013-05-20,42.53,43.12,42.28,42.11,922118.0,111193528.0
2013-05-17,43.34,43.44,43.08,42.46,522478.0,63786208.0
2013-05-16,42.98,43.86,42.99,42.71,574062.0,71018880.0
2013-05-15,42.77,42.79,42.67,42.36,301397.0,36574552.0
2013-05-14,42.95,43.11,42.61,42.31,348667.0,42319624.0
2013-05-13,43.79,43.83,43.09,42.75,558212.0,68662360.0
2013-05-10,42.74,44.07,43.79,42.51,864189.0,107375808.0
2013-05-09,42.98,42.98,42.81,42.34,741691.0,90204624.0
2013-05-08,41.74,43.03,42.79,41.34,1293645.0,156656368.0
2013-05-07,42.11,42.11,41.74,40.98,1145042.0,135243008.0
2013-05-06,42.03,43.09,42.07,41.19,1501035.0,179992208.0
2013-05-03,41.79,42.37,41.96,41.43,861117.0,102975744.0
2013-05-02,41.06,42.07,41.85,39.69,1205872.0,141863744.0
2013-04-26,42.81,43.69,42.78,42.50,652455.0,80122616.0
2013-04-25,41.93,43.82,43.03,41.72,1382767.0,169596912.0
2013-04-24,41.06,42.30,42.15,40.73,838460.0,99601896.0
2013-04-23,41.13,41.76,41.36,40.64,608103.0,71557984.0
2013-04-22,41.41,41.72,41.02,40.85,508252.0,59608696.0
2013-04-19,40.88,41.85,41.46,40.78,544401.0,64492712.0
2013-04-18,41.02,41.14,41.03,40.36,470337.0,54744400.0
2013-04-17,39.37,41.49,41.26,39.34,821524.0,94879128.0
2013-04-16,40.18,40.18,39.37,38.73,1134605.0,127122640.0
2013-04-15,40.71,41.16,40.39,40.29,444619.0,51540976.0
2013-04-12,40.84,41.16,40.71,40.56,482528.0,56028712.0
2013-04-11,41.08,41.53,41.05,40.99,272738.0,32034050.0
2013-04-10,41.92,41.92,41.08,40.39,859498.0,100470752.0
2013-04-09,41.59,42.07,41.90,41.38,379521.0,45090880.0
2013-04-08,41.18,42.27,41.88,41.16,569825.0,67848704.0
2013-04-03,42.04,42.29,41.38,41.12,622477.0,73868000.0
2013-04-02,44.07,44.42,41.87,41.51,1624986.0,197004112.0
2013-04-01,44.19,44.39,44.24,43.68,370446.0,46512372.0
2013-03-29,44.18,44.67,44.35,43.92,376112.0,47456836.0
2013-03-28,44.92,45.02,44.45,43.86,857804.0,108405776.0
2013-03-27,44.19,45.23,45.19,43.97,1034574.0,132422976.0
2013-03-26,43.69,44.19,43.92,43.15,542132.0,67309488.0
2013-03-25,44.45,44.66,43.84,43.75,720469.0,90194416.0
2013-03-22,43.51,44.62,44.44,43.34,1084477.0,136681168.0
2013-03-21,43.16,44.07,43.54,42.92,591383.0,73586312.0
2013-03-20,42.29,43.37,43.13,42.11,562281.0,68590992.0
2013-03-19,43.96,43.96,42.29,41.76,824262.0,100061896.0
2013-03-18,43.16,43.97,43.89,43.16,646942.0,80720816.0
2013-03-15,43.33,44.03,43.38,42.95,817157.0,101445840.0
2013-03-14,40.87,43.71,43.46,40.86,1176788.0,141840640.0
2013-03-13,41.21,41.68,40.95,40.66,547017.0,64043076.0
2013-03-12,42.22,42.46,41.24,40.96,749126.0,88666368.0
2013-03-11,42.22,42.77,42.23,41.71,353375.0,42568704.0
2013-03-08,43.27,43.32,42.15,42.07,717934.0,86862816.0
2013-03-07,44.57,44.87,43.07,42.64,1040285.0,128540680.0
2013-03-06,43.92,45.04,44.65,43.91,718272.0,91250264.0
2013-03-05,43.12,43.97,43.91,42.81,550874.0,68252128.0
2013-03-04,42.99,44.22,43.12,42.50,783010.0,96874392.0
2013-03-01,42.56,43.62,43.41,42.56,744049.0,91769056.0
2013-02-28,42.11,42.62,42.56,41.71,484538.0,58207484.0
2013-02-27,42.92,43.67,42.03,41.69,734891.0,88949256.0
2013-02-26,41.48,43.61,42.98,41.48,937650.0,115026368.0
2013-02-25,41.51,42.33,41.99,41.51,393322.0,46928820.0
2013-02-22,42.49,42.81,41.52,41.41,676117.0,80897496.0
2013-02-21,43.34,44.11,42.69,41.83,950535.0,116407344.0
2013-02-20,41.44,43.51,43.51,41.43,1390060.0,170454784.0
2013-02-19,40.96,42.47,41.73,40.74,1467261.0,175419808.0
2013-02-18,41.28,42.14,41.14,40.53,1354000.0,159916896.0
2013-02-08,38.95,41.62,41.32,38.95,1967278.0,228471104.0
2013-02-07,37.47,38.98,38.91,37.39,1122324.0,123012888.0
2013-02-06,37.72,38.07,37.55,37.45,664839.0,71410560.0
2013-02-05,36.87,37.97,37.71,36.87,724889.0,77641656.0
2013-02-04,37.20,37.54,37.29,36.19,968929.0,101613584.0
2013-02-01,37.41,37.94,37.47,37.22,863254.0,92508304.0
2013-01-31,38.07,38.32,37.39,37.16,1260286.0,135669744.0
2013-01-30,38.95,39.20,38.07,37.72,1652016.0,179526400.0
2013-01-29,40.16,40.35,39.53,39.41,1010163.0,114311648.0
2013-01-28,39.55,40.35,40.17,38.95,1699307.0,191529648.0
2013-01-25,37.90,40.16,40.07,37.72,1670769.0,187020240.0
2013-01-24,39.30,39.51,38.01,37.73,744578.0,82023984.0
2013-01-23,38.12,39.37,39.30,37.94,656181.0,72208976.0
2013-01-22,39.52,39.52,38.37,38.09,759872.0,83851088.0
2013-01-21,39.99,40.00,39.42,39.14,925788.0,104526160.0
2013-01-18,37.73,40.00,39.84,37.73,1540793.0,171145504.0
2013-01-17,38.03,38.57,37.86,37.43,659686.0,71121776.0
2013-01-16,37.85,39.11,38.00,37.56,1398562.0,152638256.0
2013-01-15,37.90,38.14,37.88,37.20,1027598.0,110630752.0
2013-01-14,35.91,37.34,37.30,35.86,1319344.0,138414896.0
2013-01-11,36.18,36.62,36.03,35.60,757685.0,77511448.0
2013-01-10,36.21,36.79,36.21,36.06,564132.0,58246976.0
2013-01-09,36.18,36.46,36.27,35.85,710626.0,73354680.0
2013-01-08,35.52,36.36,36.17,35.28,1155238.0,118540544.0
2013-01-07,36.00,36.64,35.46,34.95,1917740.0,193835376.0
2013-01-04,38.60,38.60,36.00,35.45,1960603.0,203582128.0
2012-12-31,37.09,38.60,38.22,36.87,1333527.0,143364304.0
2012-12-28,36.42,37.40,37.06,36.11,953971.0,99945544.0
2012-12-27,36.04,37.08,36.54,35.57,1409524.0,146911136.0
2012-12-26,35.50,36.84,36.11,35.39,992777.0,102361880.0
2012-12-25,35.79,35.95,35.73,35.46,1047470.0,106566912.0
2012-12-24,34.33,35.97,35.61,34.04,1575744.0,159625392.0
2012-12-21,32.98,34.57,34.36,32.86,1402458.0,135859584.0
2012-12-20,33.10,33.10,32.85,32.58,483443.0,45204736.0
2012-12-19,32.76,33.13,33.10,32.68,526529.0,49467308.0
2012-12-18,32.67,32.99,32.64,32.44,707156.0,65954320.0
2012-12-17,33.71,34.04,32.95,32.25,1811464.0,169717184.0
2012-12-14,33.08,33.92,33.88,32.71,969432.0,92441360.0
2012-12-13,33.41,33.56,33.09,32.97,471794.0,44739944.0
2012-12-12,33.41,33.65,33.41,33.30,520290.0,49514996.0
2012-12-11,34.13,34.14,33.68,33.15,818106.0,78213912.0
2012-12-10,34.38,34.39,34.21,33.76,465382.0,45146748.0
2012-12-07,33.66,34.59,34.39,33.64,817876.0,79408576.0
2012-12-06,33.86,33.88,33.76,33.20,672172.0,64241960.0
2012-12-05,32.48,34.04,33.84,32.32,1048621.0,100185360.0
2012-12-04,31.94,32.59,32.56,31.93,653538.0,59837984.0
2012-12-03,32.88,33.15,32.37,32.28,444372.0,41332524.0
2012-11-30,32.11,33.04,32.89,31.99,523318.0,48389488.0
2012-11-29,32.04,32.39,32.07,31.94,450390.0,41327076.0
2012-11-28,31.75,32.64,32.02,31.75,646191.0,59326120.0
2012-11-27,33.65,33.68,32.05,31.94,850942.0,79237064.0
2012-11-26,33.52,33.78,33.65,33.34,437797.0,41883576.0
2012-11-23,33.21,33.83,33.51,33.21,771316.0,73750408.0
2012-11-22,33.69,34.14,33.28,33.10,581662.0,55551008.0
2012-11-21,34.04,34.34,33.95,33.23,753338.0,72279808.0
2012-11-20,34.07,34.35,33.96,33.94,456357.0,44381804.0
2012-11-19,35.17,35.20,34.19,33.86,1097002.0,107399432.0
2012-11-16,35.44,35.65,35.32,35.00,399350.0,40203092.0
2012-11-15,35.27,35.98,35.48,35.09,546087.0,55393732.0
2012-11-14,34.74,35.58,35.48,34.74,380154.0,38222340.0
2012-11-13,35.14,35.42,34.89,34.57,503694.0,50189212.0
2012-11-12,36.14,36.14,35.12,34.88,1024558.0,103265112.0
2012-11-09,36.25,36.92,36.19,36.11,646008.0,67237560.0
2012-11-08,35.87,37.08,36.50,35.86,1051648.0,110079440.0
2012-11-07,36.43,36.43,36.19,35.72,894327.0,91854032.0
2012-11-06,36.50,37.19,36.13,35.79,2308481.0,240121616.0
2012-11-05,35.75,35.90,35.34,35.08,712156.0,71624880.0
2012-11-02,35.44,36.23,35.72,35.44,593982.0,60654504.0
2012-11-01,34.64,35.29,35.25,34.60,543621.0,54281480.0
2012-10-31,34.53,34.91,34.63,34.53,467620.0,46259280.0
2012-10-30,35.07,35.30,34.57,34.28,636826.0,63000776.0
2012-10-29,34.88,35.30,35.11,34.78,578248.0,57807072.0
2012-10-26,34.74,35.44,35.11,34.40,673047.0,67210648.0
2012-10-25,34.78,35.26,35.11,34.60,831699.0,82881784.0
2012-10-24,36.08,36.13,34.87,34.71,1947564.0,195468368.0
2012-10-23,38.43,38.60,36.29,36.21,1844169.0,193994208.0
2012-10-22,37.90,38.52,38.24,37.90,524397.0,56962548.0
2012-10-19,38.60,38.79,38.19,37.86,648950.0,70734400.0
2012-10-18,37.56,38.80,38.56,37.56,852605.0,93199832.0
2012-10-17,37.86,38.19,37.65,37.38,581084.0,62607920.0
2012-10-16,36.99,37.97,37.89,36.78,1078348.0,115647792.0
2012-10-15,36.84,37.03,36.99,36.32,443936.0,46365044.0
2012-10-12,36.70,36.98,36.88,36.15,414189.0,43172228.0
2012-10-11,37.09,37.47,36.63,36.53,538363.0,56696200.0
2012-10-10,37.20,37.55,37.09,37.00,561245.0,59536292.0
2012-10-09,36.00,37.40,37.26,35.97,940928.0,99395520.0
2012-10-08,35.72,36.14,35.94,35.48,549270.0,56187548.0
2012-09-28,35.20,35.97,35.95,34.82,686529.0,69181408.0
2012-09-27,34.43,35.31,35.20,34.28,495001.0,49350284.0
2012-09-26,34.74,35.25,34.61,34.41,339348.0,33660868.0
2012-09-25,34.94,35.34,34.80,34.70,288806.0,28729740.0
2012-09-24,34.62,35.33,35.11,34.05,311578.0,31107540.0
2012-09-21,34.52,35.44,34.68,34.50,384926.0,38386840.0
2012-09-20,35.44,35.53,34.44,34.39,634355.0,63457204.0
2012-09-19,33.59,35.44,35.44,33.59,1675285.0,167588640.0
2012-09-18,33.34,34.25,33.82,33.22,522662.0,50357504.0
2012-09-17,34.92,35.16,33.55,33.34,746442.0,72534256.0
2012-09-14,35.10,35.54,35.16,35.10,301043.0,30228604.0
2012-09-13,35.25,35.60,35.20,35.13,346465.0,34968132.0
2012-09-12,35.58,35.74,35.36,34.88,436953.0,44000200.0
2012-09-11,35.29,35.53,35.40,35.14,428548.0,43204528.0
2012-09-10,35.37,35.76,35.29,35.14,617223.0,62278096.0
2012-09-07,34.52,35.77,35.55,34.07,1239798.0,123913080.0
2012-09-06,34.05,34.60,34.15,33.76,334460.0,32605444.0
2012-09-05,33.25,34.22,34.12,33.16,587624.0,56561012.0
2012-09-04,33.51,33.90,33.25,33.22,489838.0,46834340.0
2012-09-03,32.73,33.53,33.42,32.60,494199.0,46860308.0
2012-08-31,33.14,33.43,32.87,32.70,389019.0,36661516.0
2012-08-30,34.22,34.22,33.14,32.18,1127574.0,105834128.0
2012-08-29,34.35,34.56,34.19,34.07,396612.0,38744592.0
2012-08-28,33.97,34.59,34.55,33.54,510464.0,50034188.0
2012-08-27,34.09,34.64,33.91,33.34,587385.0,56978292.0
2012-08-24,34.35,34.97,34.38,34.27,479408.0,47255072.0
2012-08-23,34.71,35.02,34.35,34.25,780195.0,76636696.0
2012-08-22,35.62,35.94,34.78,34.72,751559.0,75267920.0
2012-08-21,35.17,35.97,35.65,34.91,1026323.0,104174560.0
2012-08-20,34.71,35.51,35.17,34.71,583749.0,58466512.0
2012-08-17,34.76,35.09,35.07,34.22,840295.0,82792264.0
2012-08-16,35.92,36.26,35.14,34.85,1075346.0,108389480.0
2012-08-15,36.32,36.45,35.69,35.37,1103622.0,112568104.0
2012-08-14,36.92,37.20,36.52,35.97,858474.0,89115608.0
2012-08-13,36.69,37.81,36.90,36.50,1339340.0,142010656.0
2012-08-10,36.85,37.37,36.78,36.03,1439647.0,150318256.0
2012-08-09,35.60,37.48,37.42,35.40,1741180.0,182170320.0
2012-08-08,36.78,36.78,35.71,35.44,1246553.0,127920232.0
2012-08-07,36.81,37.41,36.79,36.36,1144711.0,120018160.0
2012-08-06,36.85,37.02,36.94,36.23,1427344.0,148797328.0
2012-08-03,36.50,36.99,36.93,36.14,1595263.0,166385712.0
2012-08-02,34.38,36.77,36.57,34.11,2629650.0,268510496.0
2012-08-01,34.32,35.05,34.49,33.95,1284584.0,125967328.0
2012-07-31,34.29,34.81,34.52,33.69,1076165.0,105459304.0
2012-07-30,34.22,34.74,34.30,34.04,776051.0,76009128.0
2012-07-27,35.10,35.44,34.30,33.86,2077857.0,203446352.0
2012-07-26,36.04,36.60,35.14,35.10,1131433.0,115431160.0
2012-07-25,36.67,36.71,36.12,35.79,1011697.0,104466032.0
2012-07-24,36.14,37.19,36.69,36.04,1447093.0,150926528.0
2012-07-23,35.79,37.02,36.09,35.73,1160741.0,120257456.0
2012-07-20,36.67,37.23,36.36,36.28,1274570.0,133184512.0
2012-07-19,36.30,37.37,36.87,36.11,1601388.0,167091168.0
2012-07-18,38.25,38.43,36.81,35.10,3399801.0,354986880.0
2012-07-17,39.67,40.00,38.18,37.27,3125312.0,340654272.0
2012-07-16,40.28,41.76,40.33,39.61,3135084.0,362016256.0
2012-07-13,38.92,40.64,40.40,38.56,2301998.0,262841312.0
2012-07-12,40.00,41.72,39.66,39.11,4176619.0,479529568.0
2012-07-11,35.62,39.19,39.19,35.62,2952072.0,319342400.0
2012-07-10,36.39,37.12,35.63,35.30,1670117.0,172164432.0
2012-07-09,35.06,38.00,36.94,34.41,2817763.0,293178880.0
2012-07-06,34.21,35.73,35.09,34.04,1758855.0,175087456.0
2012-07-05,33.32,34.39,34.14,32.92,1242297.0,119609264.0
2012-07-04,33.33,34.32,33.34,32.99,1229008.0,117862640.0
2012-07-03,33.69,33.89,33.10,32.92,1650447.0,156773440.0
2012-07-02,32.00,33.86,33.60,31.30,3068076.0,284312256.0
2012-06-28,30.35,31.16,30.84,30.35,841477.0,73936240.0
2012-06-27,30.64,31.39,30.50,30.44,855519.0,75622608.0
2012-06-26,30.88,31.15,30.84,29.72,894996.0,77454672.0
2012-06-25,30.42,32.09,31.15,30.35,1068820.0,95366216.0
2012-06-21,30.87,31.22,30.71,30.01,1155433.0,100306864.0
2012-06-20,32.81,32.81,30.86,30.84,1796223.0,161128976.0
2012-06-19,31.48,33.10,32.81,31.24,1298554.0,120498672.0
2012-06-18,31.54,31.86,31.54,30.89,870829.0,78128752.0
2012-06-15,31.90,32.80,31.24,30.65,1644511.0,147578464.0
2012-06-14,31.99,32.81,31.95,31.72,996827.0,91613152.0
2012-06-13,32.27,32.62,32.04,31.57,1183168.0,107927600.0
2012-06-12,30.46,32.35,32.27,30.20,1110622.0,99730480.0
2012-06-11,28.78,31.23,30.53,28.78,1166601.0,100935288.0
2012-06-08,29.40,29.40,28.94,28.70,825390.0,68158776.0
2012-06-07,30.32,30.32,29.44,28.60,1337074.0,111773912.0
2012-06-06,30.84,30.86,29.86,29.84,695387.0,60103308.0
2012-06-05,29.79,30.73,30.60,29.56,1196299.0,103863000.0
2012-06-04,29.58,30.13,29.79,29.51,991734.0,84381120.0
2012-06-01,28.75,29.89,29.86,28.72,1028338.0,86343824.0
2012-05-31,28.77,29.06,28.72,28.46,503108.0,41338024.0
2012-05-30,28.97,29.57,28.83,28.39,1150582.0,95727576.0
2012-05-29,29.05,29.37,28.97,28.81,1000313.0,83689664.0
2012-05-28,27.44,29.23,29.15,27.19,889389.0,72382864.0
2012-05-25,27.84,28.50,27.54,27.49,854946.0,68863424.0
2012-05-24,28.42,28.98,27.89,27.87,937743.0,76337920.0
2012-05-23,27.31,28.59,28.56,27.14,1764187.0,141619968.0
2012-05-22,27.07,27.70,27.18,26.79,722540.0,56628272.0
2012-05-21,25.79,27.18,27.14,25.79,1274984.0,97368472.0
2012-05-18,26.12,26.49,25.93,25.92,741473.0,55691920.0
2012-05-17,26.01,26.71,26.22,26.01,795857.0,60185848.0
2012-05-16,25.77,26.75,26.00,25.64,1099823.0,82832888.0
2012-05-15,26.27,26.79,25.92,25.62,1293009.0,97030464.0
2012-05-14,26.17,27.24,26.48,25.77,1393759.0,106088384.0
2012-05-11,25.99,26.37,26.05,25.71,1372169.0,103281248.0
2012-05-10,25.03,26.06,25.96,25.03,951496.0,70465160.0
2012-05-09,25.26,25.64,25.07,25.06,658673.0,47934432.0
2012-05-07,24.76,25.84,25.65,24.59,1760637.0,129361320.0
2012-05-04,24.89,24.89,24.80,24.59,830179.0,59081120.0
2012-05-03,24.77,25.13,24.89,24.71,1151847.0,82674488.0
2012-05-02,24.34,25.01,24.77,24.19,1723292.0,121751888.0
2012-04-27,23.76,24.33,24.06,23.71,828610.0,57309524.0
2012-04-26,23.94,23.97,23.68,23.62,436894.0,29751150.0
2012-04-25,23.52,23.96,23.88,23.52,1219094.0,83642584.0
2012-04-24,23.71,23.71,23.32,22.97,657266.0,44008528.0
2012-04-23,23.63,23.80,23.52,23.43,496081.0,33647580.0
2012-04-20,23.51,23.73,23.68,23.34,1159684.0,78389888.0
2012-04-19,24.01,24.12,23.67,23.31,886157.0,60377728.0
2012-04-18,24.09,24.14,24.05,23.72,972170.0,67065160.0
2012-04-17,24.20,24.35,23.97,23.97,583267.0,40343616.0
2012-04-16,24.70,24.70,24.18,24.14,923387.0,64569888.0
2012-04-13,24.68,25.00,24.93,24.43,812459.0,58119520.0
2012-04-12,24.13,24.81,24.67,24.03,884981.0,62436280.0
2012-04-11,23.83,24.39,24.04,23.82,261027.0,18096628.0
2012-04-10,24.25,24.36,24.04,23.66,422708.0,29047170.0
2012-04-09,24.60,24.60,24.32,24.22,265117.0,18550308.0
2012-04-06,24.46,24.70,24.47,24.23,530676.0,37313572.0
2012-04-05,23.66,24.58,24.41,23.66,436314.0,30489882.0
2012-03-30,23.85,24.14,24.03,23.47,542323.0,37088316.0
2012-03-29,24.36,24.53,23.92,23.63,560245.0,38838776.0
2012-03-28,25.13,25.32,24.36,24.11,678729.0,48075696.0
2012-03-27,25.61,25.81,25.41,25.23,759661.0,55637444.0
2012-03-26,23.80,26.10,25.53,23.77,1210046.0,87357768.0
2012-03-23,24.29,24.29,23.85,23.82,434223.0,29959120.0
2012-03-22,24.43,24.69,24.37,24.18,517642.0,36333852.0
2012-03-20,25.20,25.28,24.59,24.58,722435.0,51645776.0
2012-03-19,25.40,25.67,25.26,25.12,662604.0,48260808.0
2012-03-16,25.09,25.35,25.33,24.98,858489.0,62075908.0
2012-03-15,24.37,25.15,25.07,24.37,1265418.0,90449392.0
2012-03-14,24.42,25.05,24.42,24.33,1247929.0,88533216.0
2012-03-13,24.39,24.52,24.38,24.20,403524.0,28207548.0
2012-03-12,24.36,24.51,24.38,24.04,894496.0,62622848.0
2012-03-09,23.35,24.25,24.08,23.31,1020657.0,70245992.0
2012-03-08,22.96,23.41,23.40,22.82,1116406.0,73962568.0
2012-03-07,23.45,23.47,22.96,22.93,1059065.0,70648608.0
2012-03-06,23.97,24.00,23.63,23.62,450596.0,30763328.0
2012-03-05,24.09,24.11,23.87,23.80,598620.0,41081680.0
2012-03-02,23.97,24.10,24.08,23.84,597975.0,41168840.0
2012-03-01,24.36,24.37,23.97,23.84,623925.0,43143168.0
2012-02-29,24.67,24.67,24.36,24.13,388297.0,27176224.0
2012-02-28,24.50,24.70,24.59,24.29,609841.0,43026916.0
2012-02-27,24.29,24.84,24.56,24.17,833342.0,58665676.0
2012-02-24,24.29,24.36,24.26,24.08,678035.0,47131860.0
2012-02-23,24.46,24.47,24.35,24.16,517854.0,36188408.0
2012-02-22,24.32,24.48,24.46,24.11,590795.0,41192600.0
2012-02-21,24.37,24.50,24.31,23.87,317417.0,22037644.0
2012-02-20,24.61,24.63,24.37,24.36,279818.0,19661714.0
2012-02-17,24.38,24.66,24.41,24.26,319004.0,22434988.0
2012-02-16,24.20,24.67,24.53,24.08,674629.0,47362884.0
2012-02-15,24.01,24.21,24.13,23.93,413145.0,28643112.0
2012-02-14,23.87,24.11,24.11,23.77,413824.0,28538196.0
2012-02-13,23.84,24.08,23.89,23.67,306613.0,21042380.0
2012-02-10,24.04,24.04,23.87,23.73,228680.0,15667459.0
2012-02-09,23.92,24.10,23.93,23.79,339331.0,23378740.0
2012-02-08,23.74,24.01,23.94,23.52,358161.0,24474082.0
2012-02-07,23.79,24.08,23.74,23.52,482632.0,33108760.0
2012-02-06,23.04,23.95,23.80,23.04,525498.0,35858136.0
2012-02-03,23.17,23.38,23.27,22.90,422066.0,28079618.0
2012-02-02,23.15,23.27,23.20,22.97,302619.0,20072504.0
2012-02-01,22.85,23.42,23.15,22.83,450673.0,29890344.0
2012-01-31,22.57,23.07,22.94,22.39,485723.0,31906054.0
2012-01-30,22.99,23.13,22.57,22.20,290691.0,18914662.0
2012-01-20,21.75,22.94,22.87,21.64,879459.0,57078832.0
2012-01-19,21.64,22.44,22.37,19.98,2155329.0,129986000.0
2012-01-18,24.74,24.81,22.20,22.20,2160658.0,142957968.0
2012-01-17,24.09,24.70,24.67,23.31,954265.0,65435280.0
2012-01-16,24.60,24.74,24.06,24.05,649298.0,45591576.0
2012-01-13,25.75,25.84,24.96,24.36,713712.0,51329112.0
2012-01-12,25.21,25.78,25.74,25.21,561079.0,41213244.0
2012-01-11,25.06,25.40,25.35,24.91,604954.0,43722400.0
2012-01-10,24.59,25.33,25.05,24.36,1053641.0,75431824.0
2012-01-09,24.38,24.56,24.39,23.97,1092768.0,76322944.0
2012-01-06,23.82,24.53,24.38,23.82,313322.0,21842332.0
2012-01-05,25.40,25.40,24.53,24.29,494404.0,34926216.0
2012-01-04,26.10,26.20,25.41,25.40,309931.0,22818104.0
2011-12-30,25.32,25.82,25.80,25.23,604131.0,44426580.0
2011-12-29,24.71,25.33,25.21,24.67,320082.0,23085760.0
2011-12-28,24.70,24.95,24.85,24.29,665362.0,46744300.0
2011-12-27,25.05,25.23,25.02,24.84,331485.0,23865104.0
2011-12-26,24.89,25.40,25.37,24.65,495431.0,35497460.0
2011-12-23,25.12,25.23,25.10,24.78,613906.0,44206384.0
2011-12-22,25.40,25.67,25.15,24.62,690084.0,49719156.0
2011-12-21,26.23,26.44,25.71,25.68,603871.0,45270504.0
2011-12-20,26.85,27.07,26.09,26.05,1068096.0,81008776.0
2011-12-19,26.53,26.86,26.84,26.33,689382.0,52829456.0
2011-12-16,26.02,26.62,26.52,25.95,452520.0,34121312.0
2011-12-15,25.68,26.39,26.02,25.38,443635.0,33184536.0
2011-12-14,25.42,25.70,25.68,25.23,206032.0,15089850.0
2011-12-13,25.76,25.97,25.57,25.54,293644.0,21701576.0
2011-12-12,26.48,26.67,25.94,25.65,286494.0,21497312.0
2011-12-09,26.20,26.64,26.57,26.20,537166.0,40895260.0
2011-12-08,26.51,26.83,26.44,26.34,1057841.0,80819640.0
2011-12-07,25.57,26.20,26.05,25.41,506800.0,37889268.0
2011-12-06,25.48,25.68,25.55,24.92,614283.0,44464536.0
2011-12-05,26.75,26.80,25.62,25.58,504127.0,37883820.0
2011-12-02,26.33,26.78,26.75,26.21,412590.0,31373708.0
2011-12-01,27.14,27.38,26.62,26.54,828213.0,64082680.0
2011-11-30,26.97,27.14,26.74,25.98,1755441.0,133513560.0
2011-11-29,28.45,28.51,27.30,27.30,2090012.0,165938816.0
2011-11-25,28.84,28.99,28.59,28.05,869892.0,70767080.0
2011-11-24,28.50,28.74,28.71,28.30,529412.0,43561192.0
2011-11-23,28.29,28.61,28.53,28.21,482857.0,39550352.0
2011-11-22,28.36,28.74,28.40,28.03,589340.0,48058568.0
2011-11-21,27.49,28.81,28.36,27.46,1137226.0,92136864.0
2011-11-18,27.36,27.55,27.46,27.14,651961.0,51331496.0
2011-11-17,27.07,27.58,27.45,26.81,604731.0,47275612.0
2011-11-16,27.68,27.82,27.05,26.98,546992.0,42872072.0
2011-11-15,27.13,27.71,27.68,26.95,797085.0,62999944.0
2011-11-14,27.20,27.26,27.05,26.72,792004.0,61278472.0
2011-11-11,26.75,27.58,26.76,26.65,820883.0,63889392.0
2011-11-10,26.27,28.18,26.72,26.25,1479953.0,115756784.0
2011-11-09,25.87,26.03,25.98,25.68,264559.0,19637296.0
2011-11-08,26.03,26.23,25.88,25.66,384219.0,28693704.0
2011-11-07,25.45,25.94,25.93,25.43,361875.0,26824448.0
2011-11-04,25.72,25.92,25.58,25.41,370571.0,27309308.0
2011-11-03,26.07,26.37,25.72,25.64,657610.0,48989416.0
2011-11-02,25.05,26.27,26.07,24.88,661222.0,48766544.0
2011-11-01,25.33,25.65,25.38,25.15,569237.0,41526556.0
2011-10-31,24.94,25.47,25.44,24.90,711308.0,51477312.0
2011-10-28,25.01,25.35,25.05,24.70,573097.0,41291076.0
2011-10-27,24.93,25.36,24.77,24.72,572041.0,41124072.0
2011-10-26,24.61,25.37,24.84,24.61,567241.0,40754936.0
2011-10-25,25.15,25.23,25.03,24.54,834383.0,59707984.0
2011-10-24,24.00,25.28,25.13,23.94,1116206.0,80002560.0
2011-10-21,23.41,24.29,24.11,23.14,1063583.0,72841032.0
2011-10-20,23.31,23.44,23.31,22.72,631567.0,41968548.0
2011-10-19,23.09,23.42,23.36,22.79,431279.0,28640284.0
2011-10-18,23.14,23.40,23.09,22.93,601065.0,39935500.0
2011-10-17,23.49,23.58,23.32,23.07,488226.0,32671046.0
2011-10-14,23.34,23.56,23.39,23.17,722887.0,48579832.0
2011-10-13,22.64,23.63,23.36,22.63,1300195.0,87092160.0
2011-10-12,21.89,23.14,22.96,21.67,1895633.0,122286792.0
2011-10-11,21.56,22.05,21.56,21.43,472272.0,29283410.0
2011-10-10,21.37,21.68,21.32,21.25,230289.0,14253682.0
2011-09-30,21.02,21.28,21.22,20.88,234784.0,14198672.0
2011-09-29,21.34,21.50,21.02,20.87,304021.0,18398668.0
2011-09-28,21.78,21.79,21.55,21.44,222721.0,13814068.0
2011-09-27,21.65,22.14,21.55,21.34,354924.0,21974892.0
2011-09-26,21.99,22.20,21.59,21.57,339868.0,21414106.0
2011-09-23,21.60,22.62,22.13,21.58,484386.0,30649840.0
2011-09-22,22.61,22.61,22.05,21.57,591031.0,37637616.0
2011-09-21,22.20,22.85,22.66,21.92,689156.0,44327308.0
2011-09-20,22.22,22.42,22.21,22.07,498459.0,31786958.0
2011-09-19,22.55,22.55,22.37,22.19,231046.0,14818934.0
2011-09-16,22.54,22.62,22.58,22.40,287478.0,18584180.0
2011-09-15,22.44,22.59,22.39,22.28,182272.0,11749672.0
2011-09-14,22.60,22.89,22.36,22.01,359180.0,23032812.0
2011-09-13,22.50,22.72,22.59,22.08,444641.0,28547724.0
2011-09-09,22.91,23.04,22.76,22.75,199555.0,13141557.0
2011-09-08,23.20,23.45,22.92,22.89,207673.0,13797234.0
2011-09-07,22.78,23.20,23.16,22.78,530355.0,34987772.0
2011-09-06,23.52,23.59,22.77,22.72,401842.0,26685472.0
2011-09-05,24.06,24.06,23.59,23.59,300600.0,20528128.0
2011-09-02,23.97,24.42,24.19,23.97,294297.0,20530636.0
2011-09-01,23.83,24.34,24.20,23.76,385425.0,26678940.0
2011-08-31,24.00,24.32,23.85,23.73,376648.0,25881628.0
2011-08-30,24.36,24.88,24.08,24.02,467898.0,33071300.0
2011-08-29,24.01,24.36,24.29,23.90,339219.0,23481458.0
2011-08-26,24.62,24.62,24.24,24.22,528798.0,37011512.0
2011-08-25,24.34,24.80,24.65,24.08,516796.0,36165624.0
2011-08-24,24.15,24.55,24.27,24.04,427211.0,29868562.0
2011-08-23,24.01,24.28,23.96,23.66,697433.0,47961504.0
2011-08-22,24.69,25.04,24.10,24.03,618118.0,43232484.0
2011-08-18,24.83,25.22,24.58,24.49,714883.0,50988212.0
2011-08-17,25.47,25.61,25.03,24.74,1008461.0,72854680.0
2011-08-16,25.86,26.05,25.52,25.35,913387.0,67203872.0
2011-08-15,25.83,26.09,25.82,25.68,581456.0,43224440.0
2011-08-12,25.99,26.33,25.81,25.72,999739.0,74797504.0
2011-08-11,24.29,25.96,25.93,23.97,1477177.0,108082280.0
2011-08-10,24.93,25.02,24.62,24.57,611744.0,43597140.0
2011-08-09,24.30,24.77,24.57,23.56,892986.0,62099356.0
2011-08-08,25.17,25.47,24.69,23.79,993920.0,70614736.0
2011-08-05,24.47,25.55,25.34,24.46,723936.0,52337232.0
2011-08-04,25.40,25.74,25.30,25.20,347984.0,25373200.0
2011-08-03,24.74,25.61,25.32,24.67,607078.0,44142444.0
2011-08-02,24.63,25.40,25.04,24.63,875887.0,62778832.0
2011-08-01,25.05,25.39,24.86,24.60,1082073.0,77132672.0
2011-07-29,25.78,25.96,25.27,25.23,900449.0,65874060.0
2011-07-28,25.97,26.37,26.04,25.33,1191511.0,88568384.0
2011-07-27,26.06,26.60,26.25,25.68,1293305.0,97166312.0
2011-07-26,25.23,26.10,26.08,25.22,1771050.0,130732784.0
2011-07-25,25.16,26.41,25.21,25.01,2037804.0,150311232.0
2011-07-22,25.23,25.61,25.29,24.88,1357196.0,98528992.0
2011-07-21,24.51,25.57,25.24,24.39,1587294.0,114693312.0
2011-07-20,23.91,24.52,24.51,23.73,861466.0,59519336.0
2011-07-19,24.10,24.10,23.91,23.37,1403505.0,95677688.0
2011-07-18,24.67,25.65,24.14,24.11,1733663.0,123842432.0
2011-07-15,23.66,24.70,24.50,23.47,1757205.0,122144552.0
2011-07-14,23.29,23.73,23.63,23.06,977325.0,65856464.0
2011-07-13,22.81,23.15,23.10,22.75,528030.0,34919504.0
2011-07-12,22.41,23.03,22.87,22.40,841397.0,55053624.0
2011-07-11,22.44,22.74,22.63,22.28,442410.0,28644066.0
2011-07-08,22.89,22.89,22.61,22.58,352956.0,23043000.0
2011-07-07,22.63,23.05,22.75,22.54,550314.0,36123764.0
2011-07-06,22.44,22.89,22.64,22.44,586615.0,38231544.0
2011-07-05,22.67,22.67,22.63,22.44,448937.0,29136356.0
2011-07-04,21.88,22.69,22.63,21.88,761372.0,49080256.0
2011-07-01,21.84,22.06,21.88,21.78,331634.0,20884158.0
2011-06-30,21.70,21.98,21.89,21.70,293447.0,18461270.0
2011-06-29,21.88,22.07,21.73,21.69,417205.0,26309648.0
2011-06-28,21.75,21.91,21.88,21.58,367493.0,23048842.0
2011-06-27,21.47,22.08,21.75,21.47,666959.0,41873984.0
2011-06-24,20.63,21.49,21.36,20.63,632371.0,38561352.0
2011-06-23,20.54,20.67,20.63,20.01,417694.0,24442016.0
2011-06-22,20.36,20.53,20.49,20.19,271214.0,16045861.0
2011-06-21,20.12,20.50,20.34,20.12,260967.0,15401271.0
2011-06-20,20.86,20.86,20.12,20.10,629114.0,37079256.0
2011-06-17,21.49,21.70,20.86,20.85,366290.0,22692356.0
2011-06-16,21.61,21.63,21.51,21.39,305200.0,19047412.0
2011-06-15,21.56,21.84,21.69,21.44,356930.0,22505432.0
2011-06-14,21.32,21.63,21.53,21.32,256309.0,16025210.0
2011-06-13,21.69,21.73,21.43,21.40,287893.0,17997088.0
2011-06-10,21.42,21.72,21.68,21.42,497084.0,31184912.0
2011-06-09,21.29,21.65,21.56,21.29,466024.0,29165388.0
2011-06-08,21.75,21.75,21.39,21.29,524552.0,32647104.0
2011-06-07,21.74,22.00,21.76,21.59,293669.0,18570024.0
2011-06-03,21.49,21.73,21.63,21.28,254285.0,15967612.0
2011-06-02,21.70,21.70,21.29,21.21,332019.0,20597278.0
2011-06-01,21.69,22.01,21.73,21.52,302149.0,19177340.0
2011-05-31,21.48,21.76,21.70,21.21,277369.0,17371332.0
2011-05-30,21.15,21.55,21.20,20.98,346382.0,21473804.0
2011-05-27,21.43,21.70,21.25,21.00,687253.0,42675548.0
2011-05-26,22.57,22.90,21.74,21.32,1311421.0,83830992.0
2011-05-25,22.63,23.21,22.59,22.42,637628.0,42147544.0
2011-05-24,22.83,22.99,22.75,22.25,598056.0,39314324.0
2011-05-23,23.38,23.97,22.83,22.64,1229286.0,83665880.0
2011-05-20,23.56,24.00,23.32,23.22,1073398.0,73657216.0
2011-05-19,22.81,23.72,23.56,22.70,1259786.0,85689856.0
2011-05-18,22.52,22.97,22.79,22.36,539276.0,35690844.0
2011-05-17,22.70,22.73,22.52,22.39,627256.0,41134288.0
2011-05-16,23.14,23.25,22.75,22.70,581274.0,38824996.0
2011-05-13,23.19,23.39,23.08,22.59,981834.0,65487132.0
2011-05-12,23.65,24.02,23.28,23.21,978908.0,67341624.0
2011-05-11,23.45,23.98,23.64,23.06,1194833.0,82031536.0
2011-05-10,23.92,24.03,23.53,23.23,983963.0,67317176.0
2011-05-09,23.35,24.07,23.88,22.99,1898603.0,131046040.0
2011-05-06,22.54,23.62,23.38,22.26,2146772.0,144909760.0
2011-05-05,22.01,22.62,22.60,21.67,990513.0,63978568.0
2011-05-04,22.32,22.68,22.17,22.07,1254605.0,81895328.0
2011-05-03,21.70,22.56,22.33,21.33,1134910.0,72530584.0
2011-04-28,22.78,22.97,21.20,21.19,1750421.0,110651064.0
2011-04-27,22.40,23.90,22.70,22.35,3058093.0,205584544.0
2011-04-26,22.18,22.73,22.52,21.66,1332829.0,86520520.0
2011-04-25,22.32,22.69,22.22,21.94,1397547.0,90816064.0
2011-04-22,21.11,22.52,22.44,20.98,3825976.0,246135968.0
2011-04-21,20.90,21.39,21.00,20.80,1019655.0,62659612.0
2011-04-20,20.58,20.98,20.89,20.21,865349.0,51702440.0
2011-04-19,20.61,20.63,20.62,19.95,812410.0,47959944.0
2011-04-18,20.63,20.80,20.61,20.54,629124.0,37718988.0
2011-04-15,21.31,21.31,20.93,20.84,621237.0,38012520.0
2011-04-14,21.13,21.36,21.34,20.95,902851.0,55692680.0
2011-04-13,20.63,21.21,21.13,20.29,624556.0,37693896.0
2011-04-12,20.84,21.15,20.77,20.70,505933.0,30772900.0
2011-04-11,20.87,21.21,20.83,20.67,866724.0,52874880.0
2011-04-08,20.70,21.11,21.09,20.57,667619.0,40741944.0
2011-04-07,20.14,20.75,20.73,20.14,561522.0,33435754.0
2011-04-06,20.69,20.80,20.13,19.95,818498.0,48287924.0
2011-04-01,20.67,20.83,20.78,20.67,416143.0,25087582.0
2011-03-31,20.71,20.92,20.69,20.64,364418.0,21937458.0
2011-03-30,20.63,20.94,20.71,20.63,630992.0,38113244.0
2011-03-29,21.59,21.59,20.61,20.52,1823574.0,110238272.0
2011-03-28,22.53,22.69,21.68,21.62,1878391.0,119962920.0
2011-03-25,22.75,22.86,22.63,22.49,963954.0,63510284.0
2011-03-24,22.64,23.14,22.78,22.46,837864.0,55740912.0
2011-03-23,22.66,23.03,22.58,22.52,956728.0,63130036.0
2011-03-22,22.97,23.04,22.64,22.46,634923.0,41835448.0
2011-03-21,23.49,23.59,23.00,22.74,850257.0,56738416.0
2011-03-18,23.63,24.10,23.44,23.28,1146270.0,78669224.0
2011-03-17,23.35,23.95,23.49,22.92,2017685.0,138746176.0
2011-03-16,22.36,24.13,23.35,22.36,3189039.0,218360736.0
2011-03-15,22.94,22.94,22.26,22.01,1148811.0,74632800.0
2011-03-14,22.36,23.04,22.93,22.19,1534459.0,100982304.0
2011-03-11,22.70,22.85,22.56,22.24,1490489.0,97678768.0
2011-03-10,21.63,22.82,22.66,21.53,2478618.0,161904512.0
2011-03-09,21.78,21.78,21.61,21.50,485284.0,30443130.0
2011-03-08,21.39,21.66,21.64,21.22,873985.0,54577776.0
2011-03-07,21.42,21.58,21.37,21.08,1060489.0,65756104.0
2011-03-04,21.36,21.51,21.46,21.26,632575.0,39295672.0
2011-03-03,22.35,22.41,21.34,21.29,1425070.0,90419432.0
2011-03-02,22.25,22.42,22.40,22.02,834808.0,54094676.0
2011-03-01,22.34,22.51,22.25,22.15,967525.0,62626576.0
2011-02-28,22.66,22.76,22.31,22.21,1231772.0,80089536.0
2011-02-25,22.98,23.00,22.63,22.52,915781.0,60355420.0
2011-02-24,22.30,23.11,22.92,22.04,1811849.0,118928992.0
2011-02-23,21.88,22.51,22.30,21.67,1328405.0,85796984.0
2011-02-22,22.41,22.59,21.94,21.65,1870118.0,119943288.0
2011-02-21,21.66,22.37,22.35,21.49,1544869.0,98651568.0
2011-02-18,22.01,22.15,21.75,21.72,657159.0,41688064.0
2011-02-17,22.62,22.62,22.15,21.88,1084920.0,69860272.0
2011-02-16,22.44,22.79,22.42,22.23,1075395.0,70239736.0
2011-02-15,22.18,22.45,22.35,21.99,1094245.0,70851352.0
2011-02-14,22.34,22.35,22.26,21.60,1552023.0,99260208.0
2011-02-11,22.19,22.59,22.18,22.01,1314538.0,85301864.0
2011-02-10,21.75,22.31,22.19,21.39,842011.0,54041536.0
2011-02-09,21.06,21.95,21.69,20.77,842459.0,52862384.0
2011-02-01,21.32,21.43,21.39,20.97,608162.0,37647996.0
2011-01-31,20.63,21.49,21.41,20.53,1583733.0,97902280.0
2011-01-28,20.63,20.96,20.53,20.22,934038.0,55601536.0
2011-01-27,20.11,20.66,20.53,19.84,647304.0,38348384.0
2011-01-26,20.00,20.34,20.11,19.91,359305.0,21027472.0
2011-01-25,19.83,20.07,19.98,19.60,412489.0,23809950.0
2011-01-24,21.01,21.18,19.83,19.54,1420958.0,82960728.0
2011-01-21,21.60,21.81,21.01,20.81,1148656.0,70761552.0
2011-01-20,22.52,22.58,21.67,21.39,1071780.0,68283616.0
2011-01-19,21.08,22.52,22.46,21.04,1494139.0,95805272.0
2011-01-18,20.87,21.14,21.04,20.87,420345.0,25642832.0
2011-01-17,21.48,21.82,20.88,20.70,780087.0,47914224.0
2011-01-14,21.52,21.84,21.62,21.52,590186.0,37260080.0
2011-01-13,21.66,21.95,21.67,21.36,588188.0,37220036.0
2011-01-12,21.94,22.00,21.66,20.99,1663174.0,103631688.0
2011-01-11,22.87,22.90,21.83,21.62,2325224.0,148402880.0
2011-01-07,24.03,24.27,23.72,23.49,1215081.0,84213336.0
2011-01-06,24.31,24.69,24.07,24.04,1244829.0,88090800.0
2011-01-05,24.55,24.76,24.14,24.04,1573306.0,111509688.0
2011-01-04,25.07,25.07,24.72,23.75,1469312.0,104180760.0
