date,open,high,close,low,volume,amount
2015-11-27,10.98,11.12,10.28,9.97,52706500.0,564913920.0
2015-11-26,10.82,11.70,11.08,10.68,80876888.0,904114944.0
2015-11-25,10.80,10.94,10.77,10.68,34720556.0,374920032.0
2015-11-24,10.65,10.70,10.64,10.30,29058068.0,305309472.0
2015-11-23,11.15,11.24,10.72,10.63,50873516.0,554457280.0
2015-11-20,11.06,11.18,11.04,10.91,56289136.0,620944832.0
2015-11-19,10.83,11.08,11.06,10.81,37646252.0,413336832.0
2015-11-18,10.90,11.21,10.91,10.65,47234480.0,516779456.0
2015-11-17,10.97,11.37,10.88,10.73,71106456.0,783115456.0
2015-11-16,10.36,11.09,10.93,10.30,42818920.0,462724800.0
2015-11-13,10.76,10.84,10.55,10.41,51667680.0,547440576.0
2015-11-12,11.05,11.44,11.02,10.88,70297208.0,782732480.0
2015-11-11,11.19,11.29,11.04,10.81,79588256.0,876424576.0
2015-11-10,10.31,11.42,11.42,10.26,99817256.0,1079853824.0
2015-11-09,10.38,10.80,10.38,10.18,65134308.0,684877312.0
2015-11-06,10.22,10.53,10.49,10.14,46679180.0,485447520.0
2015-11-05,10.01,10.54,10.22,10.00,56808056.0,585306624.0
2015-11-04,9.71,10.14,10.10,9.68,28059266.0,279925888.0
2015-11-03,9.56,9.72,9.65,9.52,13276446.0,127841456.0
2015-11-02,9.84,9.86,9.54,9.51,22239850.0,215381632.0
2015-10-30,10.05,10.12,9.94,9.81,22998350.0,228924800.0
2015-10-29,10.06,10.32,10.11,10.00,33304800.0,338615168.0
2015-10-28,10.00,10.32,9.99,9.83,39849572.0,401243584.0
2015-10-27,9.92,10.19,10.16,9.66,35927152.0,355709440.0
2015-10-26,10.11,10.45,10.14,9.98,43440960.0,442844224.0
2015-10-23,9.70,10.04,9.91,9.61,38392592.0,379164864.0
2015-10-22,9.44,9.78,9.71,9.35,37415064.0,357460384.0
2015-10-21,10.52,10.61,9.41,9.41,54600592.0,545978240.0
2015-10-20,10.31,10.48,10.46,10.15,34192232.0,351973664.0
2015-10-19,10.51,10.57,10.40,10.20,42769840.0,442893344.0
2015-10-16,10.47,10.91,10.65,10.29,59283528.0,625327424.0
2015-10-15,10.20,10.62,10.49,10.17,38242168.0,398154816.0
2015-10-14,10.35,10.66,10.29,10.16,44399300.0,462600480.0
2015-10-13,10.30,10.58,10.54,10.12,73744752.0,761929152.0
2015-10-12,10.08,10.71,10.71,9.95,94363528.0,987602816.0
2015-10-09,8.84,9.80,9.74,8.84,63624692.0,609793984.0
2015-10-08,8.80,9.06,8.91,8.73,21325028.0,189762976.0
2015-09-30,8.42,8.59,8.47,8.42,8555732.0,72755944.0
2015-09-29,8.55,8.59,8.41,8.38,12207019.0,103359224.0
2015-09-28,8.61,8.74,8.70,8.45,10172646.0,87558912.0
2015-09-25,8.90,9.01,8.59,8.50,14652125.0,128086424.0
2015-09-24,8.91,8.97,8.92,8.75,13759866.0,122022192.0
2015-09-23,8.88,8.95,8.78,8.71,19000960.0,167891920.0
2015-09-22,8.94,9.29,9.13,8.82,25613996.0,232205584.0
2015-09-21,8.53,8.98,8.95,8.42,16944336.0,148044944.0
2015-09-18,8.72,8.84,8.66,8.39,18075680.0,155374512.0
2015-09-17,8.90,9.20,8.57,8.51,27206120.0,245071664.0
2015-09-16,8.33,9.01,8.95,8.21,26922864.0,230654880.0
2015-09-15,8.70,8.89,8.19,8.10,20175240.0,171043168.0
2015-09-14,9.45,9.50,8.99,8.43,31404434.0,280840768.0
2015-09-11,9.50,9.52,9.37,9.22,25071356.0,234396080.0
2015-09-10,9.50,9.80,9.53,9.31,51710740.0,495711136.0
2015-09-09,8.98,8.98,8.98,8.98,2200947.0,19764504.0
2015-08-26,8.98,9.26,8.16,8.06,48298416.0,423571552.0
2015-08-25,8.90,9.27,8.90,8.90,31883854.0,286406976.0
2015-08-24,10.22,10.45,9.89,9.89,34486916.0,343676640.0
2015-08-21,11.81,12.02,10.99,10.99,69317328.0,792926784.0
2015-08-20,11.75,12.21,12.21,11.52,72995400.0,885606272.0
2015-08-19,10.51,11.24,11.10,10.08,42231296.0,450148288.0
2015-08-18,12.24,12.26,11.02,11.02,56268176.0,654260352.0
2015-08-17,11.70,12.25,12.24,11.58,46796840.0,560243136.0
2015-08-14,11.97,12.29,11.76,11.75,52865096.0,634461760.0
2015-08-13,11.29,11.82,11.80,11.26,51689748.0,597716416.0
2015-08-12,11.30,11.51,11.21,11.11,41452584.0,469401344.0
2015-08-11,11.38,11.90,11.54,11.22,63086312.0,733298560.0
2015-08-10,10.75,11.44,11.32,10.75,48560384.0,540313856.0
2015-08-07,10.55,10.88,10.80,10.55,28366024.0,304486080.0
2015-08-06,10.29,10.73,10.48,10.12,21012776.0,220973312.0
2015-08-05,10.68,10.89,10.51,10.44,26955004.0,287842848.0
2015-08-04,10.46,10.95,10.90,10.26,32671040.0,348213984.0
2015-08-03,9.89,10.49,10.47,9.84,36329300.0,366285664.0
2015-07-31,9.90,10.21,10.05,9.71,30821170.0,306736960.0
2015-07-30,10.45,10.75,10.06,9.94,36472776.0,381536256.0
2015-07-29,9.99,10.57,10.51,9.81,37415900.0,376254112.0
2015-07-28,9.77,10.23,9.83,9.17,62638376.0,603461184.0
2015-07-27,11.01,11.23,10.19,10.19,53559352.0,579290752.0
2015-07-24,11.30,11.97,11.32,11.20,77212240.0,890580544.0
2015-07-23,10.90,11.43,11.35,10.76,59393900.0,662104704.0
2015-07-22,10.99,11.15,10.96,10.63,46164280.0,504180864.0
2015-07-21,10.77,11.22,11.02,10.63,42167944.0,463369760.0
2015-07-20,11.05,11.38,10.95,10.76,57664816.0,636987840.0
2015-07-17,10.44,11.17,11.02,10.37,57647620.0,625401088.0
2015-07-16,9.73,10.55,10.37,9.14,58496392.0,586684736.0
2015-07-15,10.49,10.68,9.73,9.73,61886712.0,622822784.0
2015-07-14,11.00,11.59,10.81,10.49,101081248.0,1116373504.0
2015-07-13,10.55,10.80,10.80,10.18,69951624.0,738686080.0
2015-07-10,9.35,9.82,9.82,9.19,41721412.0,405570048.0
2015-07-09,8.13,8.94,8.94,7.89,62190472.0,539498880.0
2015-07-08,8.14,8.47,8.13,8.13,62187932.0,515066848.0
2015-07-07,9.56,9.91,9.03,9.02,80850616.0,751763072.0
2015-07-06,11.52,11.52,10.03,9.46,77912000.0,822180288.0
2015-07-03,11.04,11.85,10.48,10.48,58193688.0,644329536.0
2015-07-02,12.90,13.19,11.64,11.64,57199984.0,711538304.0
2015-07-01,14.08,14.47,12.93,12.93,52689448.0,740766912.0
2015-06-30,13.31,14.47,14.37,12.16,63590832.0,855318592.0
2015-06-29,15.40,15.46,13.49,13.49,62340492.0,905299648.0
2015-06-26,16.52,16.53,14.99,14.99,50630784.0,808076800.0
2015-06-25,17.71,17.89,16.66,16.39,55014064.0,966725376.0
2015-06-24,17.31,18.00,17.93,16.94,73626264.0,1304853120.0
2015-06-23,16.80,17.14,17.07,15.56,41597548.0,700024320.0
2015-06-19,17.59,18.12,16.78,16.45,58751208.0,1044735552.0
2015-06-18,18.70,18.80,17.59,17.53,44227380.0,821870720.0
2015-06-17,17.98,18.83,18.78,17.74,55705052.0,1034194432.0
2015-06-16,18.27,18.68,17.95,17.65,55363536.0,1018888576.0
2015-06-15,19.21,19.23,18.70,18.38,71656456.0,1368628096.0
2015-06-12,19.43,19.56,19.31,18.81,78124672.0,1521064064.0
2015-06-11,19.38,19.89,19.49,19.11,83138672.0,1646708352.0
2015-06-10,18.52,19.98,19.18,18.33,99083392.0,1942142592.0
2015-06-09,18.78,19.33,18.85,18.20,94792872.0,1808785408.0
2015-06-08,18.42,19.45,18.78,18.23,110880560.0,2114767744.0
2015-06-05,18.18,19.11,18.65,17.83,152802736.0,2885079808.0
2015-06-04,16.03,17.59,17.59,15.08,110576720.0,1864478720.0
2015-06-03,16.44,16.64,16.00,15.63,66476472.0,1090207232.0
2015-06-02,16.23,16.65,16.43,15.96,61307188.0,1013990208.0
2015-06-01,15.32,16.15,16.05,15.18,51009660.0,816134912.0
2015-05-29,15.45,15.86,15.26,14.69,55088428.0,854455808.0
2015-05-28,16.79,17.12,15.49,15.49,78983344.0,1324216960.0
2015-05-27,16.93,17.44,17.22,16.42,81397104.0,1393572608.0
2015-05-26,16.86,17.16,16.94,16.38,76108856.0,1298086528.0
2015-05-25,16.18,17.03,16.81,16.07,77159512.0,1296273920.0
2015-05-22,15.98,16.50,16.22,15.74,64614748.0,1057482368.0
2015-05-21,15.48,15.94,15.89,15.42,52141652.0,826843136.0
2015-05-20,15.26,15.64,15.29,15.13,50853060.0,796965440.0
2015-05-19,14.95,15.41,15.35,14.87,34093016.0,526685664.0
2015-05-18,15.22,15.35,15.00,14.96,36664180.0,563692672.0
2015-05-15,15.96,16.01,15.42,15.35,44307288.0,706147136.0
2015-05-14,15.66,16.01,16.00,15.11,58985776.0,932443904.0
2015-05-13,15.56,16.05,15.62,15.52,45386316.0,727015936.0
2015-05-12,15.76,15.80,15.72,15.41,46106016.0,731414976.0
2015-05-11,15.55,15.89,15.81,15.38,55443404.0,878076416.0
2015-05-08,15.13,15.43,15.31,14.77,33029820.0,507933152.0
2015-05-07,14.87,15.56,15.03,14.68,36198184.0,555014784.0
2015-05-06,15.40,15.66,15.03,14.77,44241908.0,688959616.0
2015-05-05,16.14,16.40,15.16,14.90,55919600.0,884321984.0
2015-05-04,16.45,16.68,16.20,15.92,42635488.0,703589952.0
2015-04-30,17.21,17.36,16.37,16.36,59560108.0,1010351744.0
2015-04-29,15.80,17.41,17.18,15.66,94407440.0,1607554176.0
2015-04-28,16.11,16.72,15.87,15.54,78161536.0,1283560064.0
2015-04-27,16.45,16.61,16.12,15.84,71519240.0,1173266688.0
2015-04-24,16.36,16.39,15.97,15.56,79069168.0,1285817856.0
2015-04-23,15.48,16.84,16.50,15.37,106990856.0,1743311488.0
2015-04-22,14.96,15.79,15.40,14.74,80589400.0,1252612352.0
2015-04-21,14.44,14.91,14.85,14.20,69214208.0,1025262208.0
2015-04-20,14.01,14.97,14.43,13.74,118167520.0,1731031936.0
2015-04-17,13.89,14.33,13.98,13.89,87046736.0,1243203072.0
2015-04-16,13.13,13.72,13.54,13.05,35065136.0,479234176.0
2015-04-15,13.59,13.66,13.21,13.14,36944144.0,501540384.0
2015-04-14,13.81,13.89,13.68,13.55,39750892.0,552619008.0
2015-04-13,13.61,14.09,13.87,13.57,47479668.0,666894272.0
2015-04-10,13.37,13.71,13.61,13.31,36144428.0,497587040.0
2015-04-09,13.89,13.90,13.38,13.22,48357528.0,659268736.0
2015-04-08,14.38,14.41,13.80,13.68,53392064.0,757207168.0
2015-04-07,14.07,14.56,14.28,13.95,50515428.0,730778240.0
2015-04-03,13.79,14.09,13.93,13.71,51554776.0,727796800.0
2015-04-02,13.72,14.17,13.99,13.49,60565796.0,845516608.0
2015-04-01,13.54,13.71,13.60,13.30,33238212.0,456626400.0
2015-03-31,13.78,14.03,13.46,13.39,43588352.0,606028736.0
2015-03-30,13.79,13.82,13.70,13.57,42432988.0,589654912.0
2015-03-27,13.48,14.05,13.68,13.41,51928512.0,727109760.0
2015-03-26,13.25,13.58,13.50,13.00,42294900.0,572807552.0
2015-03-25,13.59,13.59,13.23,13.13,41141148.0,555064448.0
2015-03-24,13.38,13.72,13.59,12.90,66190488.0,899795328.0
2015-03-23,13.02,13.74,13.38,12.99,68049760.0,924186496.0
2015-03-20,12.69,12.84,12.76,12.56,40095248.0,516995488.0
2015-03-19,12.76,13.08,12.69,12.51,58612280.0,762382784.0
2015-03-18,12.40,12.76,12.63,12.33,52479476.0,668588032.0
2015-03-17,12.26,12.54,12.40,12.19,44037632.0,552001920.0
2015-03-16,12.16,12.28,12.24,12.02,33370952.0,412263072.0
2015-03-13,11.96,12.30,12.05,11.94,22193396.0,272544256.0
2015-03-12,11.95,12.11,11.95,11.88,19092756.0,232145888.0
2015-03-11,12.11,12.25,11.93,11.87,22265292.0,271967488.0
2015-03-10,12.06,12.24,12.17,11.97,27870928.0,344016064.0
2015-03-09,12.11,12.11,12.07,11.87,28430120.0,345844160.0
2015-03-06,12.10,12.63,12.28,11.85,48628184.0,605821184.0
2015-03-05,11.88,12.44,12.12,11.87,42363772.0,524405888.0
2015-03-04,11.93,12.10,11.97,11.72,30627228.0,370450240.0
2015-03-03,11.43,12.66,11.93,11.38,62898648.0,764626560.0
2015-03-02,11.34,11.70,11.51,11.29,27786056.0,324933280.0
2015-02-27,11.28,11.33,11.21,11.12,14174989.0,161706528.0
2015-02-26,10.84,11.29,11.28,10.83,17562844.0,198015200.0
2015-02-25,11.08,11.08,10.89,10.84,11756418.0,130670360.0
2015-02-17,11.12,11.14,11.08,11.01,8669723.0,97469224.0
2015-02-16,10.97,11.10,11.08,10.96,9652940.0,108034592.0
2015-02-13,10.82,11.07,10.96,10.78,13178870.0,146550960.0
2015-02-12,10.77,10.80,10.75,10.64,8890282.0,96745776.0
2015-02-11,10.83,10.87,10.80,10.75,7424878.0,81499432.0
2015-02-10,10.80,10.89,10.82,10.66,8601135.0,94198832.0
2015-02-09,10.62,10.81,10.66,10.59,8435186.0,91675696.0
2015-02-06,10.94,10.98,10.62,10.59,12817242.0,140434272.0
2015-02-05,11.26,11.33,10.94,10.91,15191256.0,170862080.0
2015-02-04,11.33,11.40,11.09,11.08,12255527.0,140183808.0
2015-02-03,11.16,11.25,11.23,11.04,10426797.0,118105256.0
2015-02-02,11.04,11.18,11.02,10.92,10669666.0,119866008.0
2015-01-30,11.25,11.43,11.19,11.13,12102707.0,138205248.0
2015-01-29,11.31,11.49,11.24,11.11,14811873.0,169872800.0
2015-01-28,11.57,11.71,11.49,11.41,18925520.0,222111264.0
2015-01-27,11.62,11.99,11.76,11.52,29420002.0,350963744.0
2015-01-26,11.44,11.74,11.70,11.39,18107874.0,214341648.0
2015-01-23,11.84,12.02,11.53,11.38,26165966.0,309434624.0
2015-01-22,11.21,11.92,11.70,11.19,41198672.0,489241376.0
2015-01-21,10.90,11.30,11.21,10.82,21417860.0,241430592.0
2015-01-20,10.65,10.91,10.84,10.65,16591778.0,181658176.0
2015-01-19,10.93,11.18,10.60,10.34,23446382.0,259061888.0
2015-01-16,11.28,11.48,11.36,11.25,18362828.0,211862192.0
2015-01-15,11.11,11.23,11.22,10.89,20989144.0,235094160.0
2015-01-14,11.35,11.45,11.11,10.97,17339180.0,197302336.0
2015-01-13,11.41,11.56,11.38,11.30,13333332.0,154579520.0
2015-01-12,11.72,11.72,11.40,11.29,22874496.0,266497440.0
2015-01-09,11.97,12.22,11.84,11.82,22255324.0,272792704.0
2015-01-08,12.29,12.30,12.06,11.88,24989550.0,305830944.0
2015-01-07,12.10,12.61,12.26,12.04,37829920.0,474625152.0
2015-01-06,12.51,12.62,12.17,12.01,52467236.0,655017984.0
2015-01-05,11.49,12.58,12.58,11.45,76113064.0,947287808.0
2014-12-31,11.38,11.49,11.44,11.16,16939340.0,195244976.0
2014-12-30,11.28,11.62,11.29,11.20,18577856.0,214686384.0
2014-12-29,11.53,11.83,11.33,11.24,28082688.0,330390880.0
2014-12-26,11.28,11.57,11.51,11.28,23765096.0,275970272.0
2014-12-25,11.19,11.39,11.35,11.10,18130928.0,207110064.0
2014-12-24,11.45,11.62,11.18,11.00,24286448.0,277003104.0
2014-12-23,11.98,12.00,11.46,11.44,27370184.0,325068672.0
2014-12-22,12.10,12.46,12.11,11.85,46672396.0,576538240.0
2014-12-19,11.80,12.09,11.97,11.62,31475778.0,379613664.0
2014-12-18,11.64,12.16,11.86,11.64,36589324.0,444240704.0
2014-12-17,11.93,11.93,11.62,11.45,30769788.0,365897152.0
2014-12-16,11.88,11.99,11.95,11.73,30045282.0,361769024.0
2014-12-15,12.13,12.13,11.94,11.83,24977116.0,302087136.0
2014-12-12,12.03,12.36,12.16,12.02,31040660.0,384834272.0
2014-12-11,12.06,12.19,12.02,11.84,28648696.0,348514240.0
2014-12-10,11.72,12.10,12.07,11.55,32557704.0,393344832.0
2014-12-09,12.10,12.80,11.66,11.54,69955128.0,874332608.0
2014-12-08,11.94,12.47,12.20,11.68,46434092.0,573128640.0
2014-12-05,12.76,12.76,12.03,11.52,74541744.0,921268160.0
2014-12-04,12.49,12.90,12.75,12.31,90130120.0,1155523968.0
2014-12-03,11.25,12.37,12.37,11.16,104585432.0,1270016512.0
2014-12-02,11.18,11.40,11.25,11.18,30779846.0,352007584.0
2014-12-01,11.03,11.36,11.21,10.98,32443912.0,368760160.0
2014-11-28,11.45,11.46,11.22,10.95,40271476.0,457111488.0
2014-11-27,11.43,11.74,11.45,11.25,40676000.0,473246688.0
2014-11-26,11.62,11.77,11.45,11.33,50370528.0,589206784.0
2014-11-25,11.19,12.00,11.57,11.11,83234288.0,981221056.0
2014-11-24,11.26,11.26,11.26,10.65,101846024.0,1142994176.0
2014-08-19,10.25,10.26,10.23,10.06,22741656.0,234942592.0
2014-08-18,10.19,10.29,10.24,10.14,16411903.0,170167776.0
2014-08-15,10.14,10.22,10.19,10.09,15905672.0,164234096.0
2014-08-14,10.42,10.47,10.14,10.08,31824794.0,332348960.0
2014-08-13,10.46,10.56,10.54,10.30,23631012.0,250843136.0
2014-08-12,10.55,10.55,10.52,10.36,23461104.0,248500656.0
2014-08-11,10.48,10.66,10.59,10.37,21192276.0,226660688.0
2014-08-08,10.43,10.56,10.41,10.34,18384904.0,194848240.0
2014-08-07,10.72,10.72,10.46,10.44,24961786.0,268050400.0
2014-08-06,10.54,10.91,10.77,10.46,34941668.0,379959776.0
2014-08-05,10.99,11.06,10.75,10.57,39973744.0,439130656.0
2014-08-04,10.34,10.69,10.68,10.26,32519948.0,347266080.0
2014-08-01,10.50,10.57,10.33,10.23,32237988.0,339371680.0
2014-07-31,10.45,10.69,10.63,10.42,30135268.0,323417920.0
2014-07-30,10.39,10.58,10.45,10.32,41375276.0,438434752.0
2014-07-29,10.83,11.03,10.72,10.57,58607076.0,644773376.0
2014-07-28,10.54,11.16,10.82,10.50,67618992.0,745126784.0
2014-07-25,10.03,10.67,10.52,9.92,72249336.0,763200384.0
2014-07-24,9.65,10.05,9.93,9.54,47502804.0,474924320.0
2014-07-23,9.60,9.92,9.77,9.51,35945448.0,355774048.0
2014-07-22,9.41,9.81,9.61,9.36,35640856.0,348377952.0
2014-07-21,9.46,9.46,9.21,9.17,22428788.0,210717872.0
2014-07-18,9.58,9.69,9.53,9.48,13318547.0,129491616.0
2014-07-17,9.73,9.92,9.61,9.49,29700154.0,293706080.0
2014-07-16,9.60,9.84,9.68,9.56,30516148.0,301819904.0
2014-07-15,9.60,9.62,9.60,9.43,16507867.0,159567904.0
2014-07-14,9.36,9.75,9.65,9.32,28186860.0,274079552.0
2014-07-11,9.25,9.44,9.31,9.20,12357838.0,116912184.0
2014-07-10,9.27,9.36,9.26,9.16,16467477.0,154472112.0
2014-07-09,9.53,9.59,9.32,9.28,20487864.0,196033552.0
2014-07-08,9.34,9.59,9.55,9.25,20090588.0,192464848.0
2014-07-07,9.41,9.49,9.31,9.28,15288201.0,145176704.0
2014-07-04,9.46,9.66,9.54,9.38,23635356.0,228686112.0
2014-07-03,9.61,9.98,9.51,9.46,47069816.0,468021248.0
2014-07-02,9.12,9.19,9.17,8.92,26377672.0,246748192.0
2014-07-01,9.04,9.83,9.31,9.04,51496696.0,500377440.0
2014-06-30,8.88,8.99,8.93,8.78,22836196.0,208877552.0
2014-06-27,9.00,9.16,8.92,8.88,19920262.0,185031312.0
2014-06-26,8.97,9.16,9.00,8.94,25365040.0,236635808.0
2014-06-25,9.22,9.24,9.02,8.87,34589564.0,321077792.0
2014-06-24,9.34,9.59,9.24,9.06,57619984.0,553577728.0
2014-06-23,8.57,9.45,9.41,8.57,72930400.0,689469760.0
2014-06-20,8.27,8.76,8.58,8.27,28043638.0,248430336.0
2014-06-19,8.39,8.44,8.22,8.17,10836108.0,92612280.0
2014-06-18,8.18,8.56,8.44,8.13,16892880.0,145951792.0
2014-06-17,8.30,8.35,8.18,8.17,6873350.0,58482004.0
2014-06-16,8.35,8.43,8.31,8.29,7125981.0,61380312.0
2014-06-13,8.27,8.46,8.34,8.24,11282950.0,97383208.0
2014-06-12,8.23,8.55,8.35,8.20,14065956.0,121453608.0
2014-06-11,8.20,8.38,8.29,8.13,15229700.0,130217256.0
2014-06-10,8.12,8.22,8.14,8.05,8404421.0,70405608.0
2014-06-09,8.02,8.18,8.03,8.01,6473918.0,54031252.0
2014-06-06,8.14,8.18,8.04,8.03,7404485.0,61821336.0
2014-06-05,8.12,8.21,8.13,8.09,8126086.0,68162912.0
2014-06-04,8.34,8.38,8.13,8.12,6104126.0,51578912.0
2014-06-03,8.32,8.49,8.33,8.29,8156459.0,70662040.0
2014-05-30,8.25,8.39,8.32,8.23,5765825.0,49539748.0
2014-05-29,8.38,8.39,8.25,8.24,4170598.0,35665340.0
2014-05-28,8.28,8.38,8.37,8.25,4264217.0,36566880.0
2014-05-27,8.35,8.40,8.29,8.28,3772175.0,32408614.0
2014-05-26,8.34,8.44,8.39,8.30,5311622.0,45903872.0
2014-05-23,8.25,8.32,8.31,8.23,3833640.0,32714584.0
2014-05-22,8.37,8.45,8.25,8.25,6646874.0,57158968.0
2014-05-21,8.34,8.47,8.39,8.25,6165047.0,53176176.0
2014-05-20,8.54,8.59,8.38,8.35,5246886.0,45652204.0
2014-05-19,8.57,8.57,8.48,8.33,9281358.0,80775800.0
2014-05-16,8.40,8.63,8.57,8.36,9322520.0,81686320.0
2014-05-15,8.59,8.59,8.40,8.40,9307428.0,81439000.0
2014-05-14,8.76,8.77,8.64,8.55,10220829.0,91201824.0
2014-05-13,9.14,9.20,8.72,8.61,29222856.0,266005520.0
2014-05-12,8.42,9.25,9.14,8.42,39045112.0,359166912.0
2014-05-09,8.17,8.63,8.42,8.17,14616498.0,127028200.0
2014-05-08,8.13,8.24,8.15,8.10,4698553.0,39583024.0
2014-05-07,8.07,8.29,8.17,8.02,6520526.0,54923696.0
2014-05-06,8.07,8.19,8.08,8.05,4492648.0,37590632.0
2014-05-05,7.99,8.07,8.06,7.95,4432742.0,36588132.0
2014-04-30,8.05,8.07,7.99,7.96,6135872.0,50552560.0
2014-04-29,8.06,8.14,8.09,8.02,5844844.0,48625460.0
2014-04-28,8.35,8.41,8.04,8.03,10676736.0,90039624.0
2014-04-25,8.56,8.58,8.44,8.44,4854177.0,42489336.0
2014-04-24,8.64,8.64,8.55,8.52,4607919.0,40689168.0
2014-04-23,8.65,8.68,8.63,8.55,4378529.0,38934980.0
2014-04-22,8.61,8.66,8.62,8.51,6101539.0,53846348.0
2014-04-21,8.72,8.72,8.65,8.55,9391698.0,83599920.0
2014-04-18,8.83,8.83,8.77,8.72,7222596.0,65150480.0
2014-04-17,8.88,8.93,8.84,8.83,6127960.0,56047096.0
2014-04-16,8.83,8.94,8.87,8.82,5134852.0,46941212.0
2014-04-15,8.96,9.00,8.86,8.85,11770530.0,107972464.0
2014-04-14,9.10,9.17,9.02,8.92,14877272.0,138433040.0
2014-04-11,8.89,9.14,9.09,8.85,21095718.0,196445168.0
2014-04-10,8.87,8.96,8.90,8.78,16704902.0,152825648.0
2014-04-09,8.80,8.93,8.84,8.76,12978450.0,118232232.0
2014-04-08,8.59,8.87,8.80,8.57,17161516.0,154694272.0
2014-04-04,8.61,8.71,8.64,8.53,12431234.0,110216472.0
2014-04-03,8.75,8.77,8.64,8.60,7156039.0,63969016.0
2014-04-02,8.73,8.78,8.70,8.61,7422676.0,66665704.0
2014-04-01,8.64,8.75,8.70,8.56,4151072.0,37138472.0
2014-03-31,8.60,8.84,8.65,8.60,6300049.0,56517060.0
2014-03-28,8.79,8.82,8.61,8.58,7685910.0,68867432.0
2014-03-27,8.69,8.88,8.72,8.64,13372918.0,121347752.0
2014-03-26,8.76,8.79,8.70,8.63,6408798.0,57512488.0
2014-03-25,8.61,8.85,8.70,8.59,10613355.0,95503536.0
2014-03-24,8.57,8.72,8.65,8.53,8060292.0,71879944.0
2014-03-21,8.36,8.61,8.58,8.26,9148297.0,79763664.0
2014-03-20,8.54,8.59,8.42,8.41,5350693.0,46877748.0
2014-03-19,8.63,8.63,8.54,8.47,6776222.0,59571392.0
2014-03-18,8.67,8.72,8.66,8.62,5668481.0,50673520.0
2014-03-17,8.62,8.72,8.67,8.56,5458728.0,48697424.0
2014-03-14,8.60,8.70,8.60,8.55,5311196.0,47105632.0
2014-03-13,8.70,8.77,8.69,8.60,6645924.0,59467248.0
2014-03-12,8.49,8.86,8.72,8.46,9581476.0,85308240.0
2014-03-11,8.49,8.58,8.55,8.46,4782175.0,42046636.0
2014-03-10,8.66,8.66,8.52,8.50,9526255.0,84113064.0
2014-03-07,8.64,9.00,8.84,8.64,13273492.0,121102672.0
2014-03-06,8.75,8.75,8.67,8.58,6744750.0,60136184.0
2014-03-05,8.84,8.92,8.76,8.74,8679021.0,78941760.0
2014-03-04,8.73,8.99,8.91,8.63,13693399.0,124882352.0
2014-03-03,8.72,8.84,8.77,8.64,8002692.0,72111320.0
2014-02-28,8.55,8.81,8.74,8.50,7901580.0,70324792.0
2014-02-27,8.72,8.77,8.54,8.51,13257048.0,117736176.0
2014-02-26,8.57,8.82,8.75,8.55,8706649.0,77890720.0
2014-02-25,8.85,8.89,8.57,8.55,11056674.0,99554648.0
2014-02-24,9.04,9.04,8.85,8.74,10619984.0,97271144.0
2014-02-21,9.00,9.36,9.13,9.00,13835348.0,131298032.0
2014-02-20,9.12,9.31,9.05,9.05,13050233.0,123531080.0
2014-02-19,9.10,9.19,9.14,8.99,9380790.0,87887120.0
2014-02-18,9.27,9.29,9.06,9.03,10885827.0,102208688.0
2014-02-17,9.31,9.46,9.28,9.21,10264712.0,98261744.0
2014-02-14,9.17,9.21,9.20,9.01,9716224.0,91354048.0
2014-02-13,9.13,9.39,9.15,9.06,13683245.0,130407848.0
2014-02-12,9.24,9.25,9.15,9.08,9419457.0,88621112.0
2014-02-11,9.07,9.29,9.20,8.97,15280189.0,143741984.0
2014-02-10,8.79,9.09,9.04,8.79,13598105.0,126329376.0
2014-02-07,8.76,8.81,8.77,8.62,5717035.0,51478064.0
2014-01-30,8.86,8.90,8.77,8.72,4682416.0,42377880.0
2014-01-29,8.86,8.92,8.88,8.84,5358210.0,49048664.0
2014-01-28,8.81,8.90,8.85,8.80,4612682.0,42088444.0
2014-01-27,8.90,8.91,8.81,8.75,7087020.0,64408412.0
2014-01-24,8.78,9.05,8.93,8.74,11172586.0,103052072.0
2014-01-23,8.93,8.94,8.80,8.80,7701336.0,70180952.0
2014-01-22,8.78,8.98,8.93,8.75,9471910.0,86851600.0
2014-01-21,8.55,8.82,8.75,8.55,4687171.0,42237920.0
2014-01-20,8.79,8.83,8.60,8.59,5395951.0,48352696.0
2014-01-17,8.88,8.91,8.77,8.73,7669542.0,69574568.0
2014-01-16,8.87,9.08,8.96,8.76,14923656.0,137537392.0
2014-01-15,8.87,8.92,8.82,8.73,6546495.0,59449528.0
2014-01-14,8.87,8.96,8.88,8.78,8249712.0,75246752.0
2014-01-13,8.61,9.04,8.87,8.61,17295712.0,158337840.0
2014-01-10,8.47,8.63,8.55,8.47,6723218.0,59235592.0
2014-01-09,8.68,8.78,8.46,8.43,9767843.0,86983728.0
2014-01-08,8.55,8.74,8.69,8.52,10404698.0,92740248.0
2014-01-07,8.50,8.67,8.57,8.42,8497137.0,75147032.0
2014-01-06,8.65,8.65,8.44,8.43,10713487.0,93789136.0
2014-01-03,8.78,8.79,8.68,8.64,12005730.0,107609560.0
2014-01-02,8.93,8.99,8.78,8.71,40772540.0,368984736.0
2013-12-31,8.93,9.21,9.09,8.87,10752758.0,100479488.0
2013-12-30,9.20,9.23,9.03,9.00,8542729.0,80464576.0
2013-12-27,9.01,9.29,9.14,8.92,16580624.0,155328256.0
2013-12-26,9.46,9.46,9.03,8.91,17496526.0,164456032.0
2013-12-25,9.40,9.53,9.46,9.32,5189251.0,50519208.0
2013-12-24,9.41,9.54,9.35,9.20,7402546.0,71485600.0
2013-12-23,9.52,9.58,9.35,9.25,5953778.0,57705636.0
2013-12-20,9.89,9.91,9.52,9.39,9567971.0,94855688.0
2013-12-19,10.07,10.23,9.87,9.84,7025756.0,72521192.0
2013-12-18,9.95,10.27,10.04,9.91,10133888.0,105718296.0
2013-12-17,9.84,9.99,9.90,9.73,6911606.0,70380152.0
2013-12-16,10.07,10.13,9.81,9.78,7519604.0,76700176.0
2013-12-13,9.91,10.17,10.02,9.89,6336032.0,65605216.0
2013-12-12,9.95,10.10,9.99,9.94,7167644.0,74046448.0
2013-12-11,10.37,10.37,9.99,9.97,11595551.0,120177040.0
2013-12-10,10.30,10.59,10.36,10.27,19403486.0,209451680.0
2013-12-09,10.37,10.45,10.30,10.17,12473524.0,132136976.0
2013-12-06,10.40,10.49,10.33,10.26,11029614.0,117488360.0
2013-12-05,10.52,10.64,10.38,10.31,18748156.0,201135776.0
2013-12-04,10.72,10.74,10.61,10.53,25506764.0,279287360.0
2013-12-03,10.55,10.84,10.81,10.35,22232678.0,242605872.0
2013-12-02,10.05,11.13,10.75,9.75,45237264.0,499174400.0
2013-11-29,10.18,10.49,10.20,10.05,35747312.0,377721408.0
2013-11-28,9.25,10.16,10.16,9.24,32832948.0,336463392.0
2013-11-27,9.18,9.24,9.23,9.08,4486026.0,42440020.0
2013-11-26,9.20,9.25,9.10,9.09,3480868.0,32779606.0
2013-11-25,9.26,9.31,9.20,9.17,3321933.0,31653028.0
2013-11-22,9.26,9.33,9.31,9.23,3930888.0,37644088.0
2013-11-21,9.31,9.31,9.25,9.21,4079406.0,38873588.0
2013-11-20,9.37,9.39,9.36,9.23,4369684.0,41918400.0
2013-11-19,9.36,9.36,9.27,9.22,5674586.0,54225912.0
2013-11-18,9.09,9.36,9.35,9.06,7256994.0,69110328.0
2013-11-15,8.93,9.20,9.06,8.93,5196532.0,48759744.0
2013-11-14,8.99,9.01,8.93,8.90,2502127.0,23095908.0
2013-11-13,9.06,9.12,8.92,8.87,3286948.0,30514184.0
2013-11-12,9.06,9.15,9.14,9.01,2823215.0,26405624.0
2013-11-11,9.07,9.14,9.00,8.96,2478025.0,23028072.0
2013-11-08,9.17,9.20,9.05,9.05,2862494.0,26901156.0
2013-11-07,9.36,9.36,9.17,9.15,3630053.0,34527572.0
2013-11-06,9.47,9.51,9.37,9.34,3353395.0,32502580.0
2013-11-05,9.42,9.53,9.51,9.27,3957216.0,38315392.0
2013-11-04,9.68,9.72,9.51,9.48,4384222.0,43191384.0
2013-11-01,9.49,9.67,9.60,9.43,4866137.0,48010920.0
2013-10-31,9.54,9.54,9.43,9.33,3237404.0,31453304.0
2013-10-30,9.41,9.60,9.56,9.32,6500832.0,63766784.0
2013-10-29,9.17,9.33,9.31,8.83,7001292.0,66041600.0
2013-10-28,9.31,9.39,9.15,9.12,3827132.0,36351932.0
2013-10-25,9.51,9.55,9.31,9.21,5365379.0,51727180.0
2013-10-24,9.60,9.66,9.51,9.50,4009530.0,39577104.0
2013-10-23,9.66,9.85,9.64,9.62,6688755.0,67025052.0
2013-10-22,9.70,9.70,9.61,9.53,5865975.0,58075424.0
2013-10-21,9.70,9.76,9.71,9.41,8646511.0,85231048.0
2013-10-18,9.76,9.80,9.69,9.65,4634350.0,46361164.0
2013-10-17,9.96,9.96,9.69,9.66,10223615.0,102753936.0
2013-10-16,10.16,10.16,9.89,9.84,7137412.0,73231936.0
2013-10-15,10.13,10.27,10.19,10.13,7042250.0,74057808.0
2013-10-14,10.18,10.23,10.13,10.06,6397131.0,66652740.0
2013-10-11,10.10,10.22,10.17,10.04,6531437.0,68361856.0
2013-10-10,10.14,10.21,10.09,9.90,8062314.0,83614696.0
2013-10-09,10.12,10.21,10.11,10.04,4729373.0,49254084.0
2013-10-08,10.09,10.24,10.14,9.89,6439104.0,67017112.0
2013-09-30,10.26,10.38,10.22,10.09,5326420.0,56173552.0
2013-09-27,10.00,10.24,10.13,10.00,4880958.0,51076584.0
2013-09-26,10.11,10.30,10.03,9.99,5873296.0,61261860.0
2013-09-25,10.20,10.31,10.15,10.09,5886290.0,61787052.0
2013-09-24,10.47,10.48,10.22,10.18,6958159.0,73452408.0
2013-09-23,10.29,10.51,10.46,10.28,5394930.0,58072544.0
2013-09-18,10.20,10.32,10.32,10.18,4256932.0,44932072.0
2013-09-17,10.37,10.42,10.20,10.18,7703005.0,81492496.0
2013-09-16,10.55,10.66,10.44,10.42,8215012.0,88745664.0
2013-09-13,10.48,10.74,10.59,10.46,7475228.0,81727040.0
2013-09-12,10.71,10.72,10.57,10.50,12370352.0,134907168.0
2013-09-11,10.90,11.25,10.83,10.81,21607730.0,246163104.0
2013-09-10,10.80,10.87,10.81,10.58,14017948.0,155435344.0
2013-09-09,10.27,10.78,10.68,10.27,16074158.0,175193424.0
2013-09-06,10.18,10.31,10.26,10.16,6186778.0,65190676.0
2013-09-05,10.46,10.46,10.20,10.19,11280394.0,119548728.0
2013-09-04,10.49,10.68,10.55,10.42,8684324.0,94577360.0
2013-09-03,10.56,10.60,10.49,10.39,7648500.0,82495288.0
2013-09-02,10.43,10.64,10.51,10.33,7990846.0,86433352.0
2013-08-30,10.72,10.79,10.48,10.38,13169194.0,143086736.0
2013-08-29,11.25,11.25,10.80,10.73,17344440.0,195271360.0
2013-08-28,10.74,11.26,11.24,10.67,27856620.0,316951296.0
2013-08-27,10.76,10.98,10.82,10.75,11112305.0,124328800.0
2013-08-26,10.65,10.89,10.84,10.63,14363084.0,160005184.0
2013-08-23,10.67,10.85,10.59,10.28,15644642.0,170030656.0
2013-08-22,10.64,10.91,10.58,10.48,13658727.0,150674256.0
2013-08-21,10.67,10.81,10.72,10.48,10075162.0,110885288.0
2013-08-20,10.82,10.94,10.65,10.62,18423380.0,204296144.0
2013-08-19,10.31,11.02,10.98,10.19,27545800.0,304221280.0
2013-08-16,10.48,11.02,10.38,10.16,23823732.0,256956192.0
2013-08-15,10.68,10.91,10.48,10.45,17903152.0,196964896.0
2013-08-14,10.65,11.22,10.66,10.50,31548436.0,354054848.0
2013-08-13,10.34,10.74,10.63,10.10,30961412.0,332886304.0
2013-08-12,9.52,10.47,10.33,9.52,33754368.0,350754912.0
2013-08-09,9.36,9.64,9.52,9.22,16524150.0,161574000.0
2013-08-08,9.10,9.33,9.21,9.10,10076114.0,95954912.0
2013-08-07,9.07,9.26,9.09,9.03,7328449.0,69031392.0
2013-08-06,8.93,9.19,9.11,8.87,7854064.0,73160784.0
2013-08-05,8.92,8.98,8.97,8.83,4703144.0,43225696.0
2013-08-02,8.95,9.03,8.91,8.88,5556498.0,51259744.0
2013-08-01,8.86,8.95,8.89,8.74,4679937.0,42805516.0
2013-07-31,8.83,9.00,8.78,8.73,3401554.0,31004494.0
2013-07-30,8.76,8.89,8.75,8.61,4369866.0,39670520.0
2013-07-29,8.72,8.73,8.62,8.58,5813950.0,51705760.0
2013-07-26,8.90,8.94,8.83,8.79,4938996.0,45051436.0
2013-07-25,9.13,9.22,8.93,8.92,5061094.0,47125804.0
2013-07-24,9.16,9.26,9.04,8.93,5055360.0,47197208.0
2013-07-23,8.94,9.37,9.19,8.94,7574029.0,72021600.0
2013-07-22,8.81,8.93,8.93,8.73,3817015.0,34761660.0
2013-07-19,9.09,9.10,8.84,8.82,5476406.0,50499136.0
2013-07-18,9.33,9.33,9.01,9.00,5727333.0,53818952.0
2013-07-17,9.38,9.52,9.29,9.26,5507840.0,53285080.0
2013-07-16,9.39,9.42,9.39,9.21,6787000.0,65104952.0
2013-07-15,9.40,9.56,9.43,9.39,5845539.0,57004520.0
2013-07-12,9.68,9.68,9.40,9.36,9251224.0,90465296.0
2013-07-11,9.31,9.87,9.69,9.31,14219923.0,140660272.0
2013-07-10,8.88,9.34,9.26,8.85,6845378.0,64487944.0
2013-07-09,8.85,9.03,8.87,8.84,3330624.0,30665562.0
2013-07-08,9.17,9.17,8.93,8.89,6017349.0,55815432.0
2013-07-05,9.39,9.59,9.33,9.26,6869903.0,66637280.0
2013-07-04,9.03,9.51,9.36,8.88,9951746.0,95901672.0
2013-07-03,9.29,9.29,9.07,8.94,5972614.0,56819172.0
2013-07-02,9.37,9.42,9.33,9.18,4287805.0,41703576.0
2013-07-01,9.26,9.40,9.33,9.17,5234163.0,50875868.0
2013-06-28,8.77,9.45,9.31,8.61,14379187.0,139513856.0
2013-06-27,8.64,8.99,8.90,8.64,11376847.0,105132464.0
2013-06-26,8.55,9.06,8.85,8.08,16364842.0,146259008.0
2013-06-24,9.41,9.41,8.67,8.48,9292979.0,87509600.0
2013-06-21,9.45,9.49,9.41,9.18,6465211.0,63239612.0
2013-06-20,9.87,9.87,9.55,9.54,6955930.0,70584232.0
2013-06-19,10.01,10.02,9.92,9.74,6244824.0,64536872.0
2013-06-18,10.09,10.13,10.08,9.94,4062976.0,42797816.0
2013-06-17,10.11,10.16,10.03,9.98,4764407.0,50145712.0
2013-06-14,10.08,10.18,10.08,10.00,6368721.0,67142672.0
2013-06-13,10.41,10.42,10.03,9.93,9139066.0,96429088.0
2013-06-07,10.80,10.91,10.51,10.39,9063173.0,100609592.0
2013-06-06,11.07,11.07,10.77,10.74,6753184.0,77075096.0
2013-06-05,11.02,11.11,11.09,10.96,5845357.0,67585104.0
2013-06-04,11.21,11.33,11.01,10.97,9085587.0,105778928.0
2013-06-03,11.33,11.45,11.23,11.19,8666199.0,102510096.0
2013-05-31,11.56,11.59,11.30,11.27,9278807.0,111116760.0
2013-05-30,11.44,11.61,11.46,11.35,10248230.0,123279448.0
2013-05-29,11.56,11.67,11.48,11.43,10484583.0,126307112.0
2013-05-28,11.33,11.62,11.58,11.26,18449576.0,221859600.0
2013-05-27,11.06,11.35,11.33,11.06,11147807.0,131592992.0
2013-05-24,11.10,11.26,11.17,11.03,7195947.0,84030184.0
2013-05-23,11.36,11.38,11.11,11.10,12516688.0,147202928.0
2013-05-22,11.35,11.56,11.46,11.24,16496876.0,196743344.0
2013-05-21,11.37,11.52,11.37,11.25,12872847.0,153156096.0
2013-05-20,11.20,11.36,11.30,11.12,13138173.0,154990736.0
2013-05-17,10.96,11.23,11.18,10.81,11770906.0,135942304.0
2013-05-16,10.84,11.01,10.94,10.61,9579690.0,108298400.0
2013-05-15,10.86,10.94,10.87,10.79,7600379.0,86416224.0
2013-05-14,11.25,11.29,10.86,10.70,11800304.0,134952400.0
2013-05-13,11.37,11.43,11.18,11.06,9225981.0,108052968.0
2013-05-10,11.18,11.45,11.36,11.11,9015189.0,106714048.0
2013-05-09,11.36,11.63,11.34,11.14,17853272.0,213105136.0
2013-05-08,11.19,11.40,11.11,11.04,9903635.0,115727344.0
2013-05-07,10.85,11.58,11.19,10.77,18271816.0,214430640.0
2013-05-06,10.72,10.90,10.89,10.66,12207549.0,138108512.0
2013-05-03,10.50,10.73,10.51,10.45,9109041.0,100763712.0
2013-05-02,10.69,10.69,10.37,10.30,9691158.0,105699472.0
2013-04-26,10.98,11.08,10.82,10.72,6969444.0,79691696.0
2013-04-25,10.80,11.08,10.85,10.74,9619587.0,110215688.0
2013-04-24,10.73,10.98,10.84,10.67,11233411.0,127139536.0
2013-04-23,11.15,11.22,10.70,10.66,12801775.0,147063488.0
2013-04-22,11.09,11.25,11.15,11.03,13504160.0,157317648.0
2013-04-19,10.64,11.27,11.26,10.53,23973494.0,277226496.0
2013-04-18,10.41,10.65,10.45,10.29,6093418.0,66942048.0
2013-04-17,10.55,10.61,10.52,10.44,6331230.0,69703728.0
2013-04-16,10.31,10.63,10.58,10.12,10148719.0,110008912.0
2013-04-15,10.94,10.94,10.47,10.33,12462139.0,137693760.0
2013-04-02,11.28,11.59,11.36,11.17,14507928.0,181552480.0
2013-04-01,11.83,11.83,11.39,11.13,23233786.0,290475872.0
2013-03-29,12.48,12.48,11.86,11.62,11612291.0,152853888.0
2013-03-28,12.50,12.63,12.24,12.20,6015815.0,81509216.0
2013-03-27,12.61,12.83,12.62,12.56,3799050.0,52872160.0
2013-03-26,12.92,12.93,12.62,12.53,6741640.0,93654240.0
2013-03-25,12.84,13.15,13.01,12.75,6191641.0,87914248.0
2013-03-22,12.78,12.93,12.84,12.73,5723608.0,80663088.0
2013-03-21,12.89,12.89,12.79,12.72,7693337.0,108048968.0
2013-03-20,12.63,12.87,12.79,12.37,8635748.0,119940288.0
2013-03-19,12.62,12.80,12.52,12.27,7551302.0,103339976.0
2013-03-18,13.21,13.45,12.58,12.54,10785817.0,151680144.0
2013-03-15,13.32,13.64,13.41,13.14,5665121.0,83172080.0
2013-03-14,13.32,13.74,13.31,13.25,4177246.0,61442320.0
2013-03-13,13.53,13.81,13.51,13.49,5655853.0,84588720.0
2013-03-12,13.78,14.02,13.47,13.30,6495081.0,97298880.0
2013-03-11,13.79,13.98,13.79,13.67,4727149.0,71721784.0
2013-03-08,13.89,14.11,13.79,13.77,6478544.0,99324792.0
2013-03-07,13.76,14.24,14.00,13.57,11724447.0,179605200.0
2013-03-06,13.67,13.89,13.84,13.56,9304639.0,140207440.0
2013-03-05,13.30,13.60,13.56,13.30,7094915.0,105338672.0
2013-03-04,13.49,13.62,13.18,13.12,9058558.0,132633192.0
2013-03-01,13.88,13.88,13.70,13.50,8733492.0,131150656.0
2013-02-28,13.50,13.93,13.88,13.39,9417124.0,141954960.0
2013-02-27,13.48,13.60,13.50,13.36,5776776.0,85486712.0
2013-02-26,13.46,13.57,13.26,13.20,7071734.0,104017888.0
2013-02-25,13.62,13.82,13.54,13.49,5658396.0,84757320.0
2013-02-22,13.49,13.79,13.64,13.39,9812951.0,146273472.0
2013-02-21,14.22,14.22,13.60,13.16,19927410.0,297796576.0
2013-02-20,14.38,14.43,14.41,14.18,5227710.0,82315592.0
2013-02-19,14.45,14.51,14.28,14.12,7602838.0,119070016.0
2013-02-18,14.96,14.96,14.39,14.27,14126896.0,224592144.0
2013-02-08,14.88,15.08,14.96,14.79,9149335.0,149765552.0
2013-02-07,15.13,15.31,14.85,14.74,11451486.0,187463536.0
2013-02-06,15.24,15.55,15.18,15.10,14666323.0,245842848.0
2013-02-05,15.12,15.65,15.24,15.04,18083256.0,303410592.0
2013-02-04,14.66,15.58,15.41,14.62,30717614.0,507403104.0
2013-02-01,14.39,14.64,14.47,14.14,20966748.0,332051392.0
2013-01-31,13.71,14.82,14.56,13.71,37825152.0,605224384.0
2013-01-30,13.41,13.63,13.47,13.37,9639682.0,142895488.0
2013-01-29,13.49,13.53,13.38,13.26,10197919.0,149823712.0
2013-01-28,13.21,13.53,13.49,13.08,13315709.0,195314688.0
2013-01-25,12.81,13.24,13.19,12.81,11827464.0,170539712.0
2013-01-24,13.03,13.21,12.93,12.72,9366293.0,133291248.0
2013-01-23,13.00,13.15,13.04,12.90,5337081.0,76240960.0
2013-01-22,13.05,13.23,13.01,12.93,10638397.0,153049584.0
2013-01-21,13.21,13.25,13.04,12.99,7206600.0,103295264.0
2013-01-18,13.32,13.36,13.12,12.99,5982806.0,86507912.0
2013-01-17,13.34,13.44,12.98,12.97,7984732.0,115262016.0
2013-01-16,13.10,13.77,13.34,13.10,16793444.0,247099584.0
2013-01-15,13.03,13.26,13.15,12.95,10726711.0,154423632.0
2013-01-14,12.62,13.17,13.09,12.58,9245131.0,131214112.0
2013-01-11,12.98,13.12,12.66,12.62,7286757.0,102914912.0
2013-01-10,12.95,13.16,12.98,12.85,6265447.0,89255616.0
2013-01-09,13.15,13.18,12.98,12.75,9130663.0,129888000.0
2013-01-08,13.10,13.25,13.14,12.85,8207232.0,117478200.0
2013-01-07,13.31,13.31,13.13,13.03,8449577.0,121831760.0
2013-01-04,13.06,13.53,13.35,12.97,21612732.0,315265472.0
2012-12-31,12.77,13.07,12.89,12.67,10067043.0,142359552.0
2012-12-28,12.54,12.85,12.74,12.54,8571385.0,119731200.0
2012-12-27,12.64,12.84,12.54,12.53,8086660.0,112572472.0
2012-12-26,12.69,12.95,12.67,12.60,13246899.0,185687504.0
2012-12-25,12.43,12.75,12.63,12.30,7851471.0,108578568.0
2012-12-24,12.48,12.62,12.43,12.37,4895409.0,67047996.0
2012-12-21,12.69,12.79,12.48,12.46,9783874.0,135230656.0
2012-12-20,12.20,12.94,12.75,12.01,15573767.0,214018128.0
2012-12-19,12.24,12.46,12.22,12.19,7005243.0,94598200.0
2012-12-18,12.29,12.57,12.32,12.21,9185049.0,124869048.0
2012-12-17,12.25,12.63,12.34,12.23,10790029.0,147047696.0
2012-12-14,11.80,12.29,12.22,11.73,9913834.0,131977472.0
2012-12-13,12.01,12.01,11.78,11.77,4268090.0,55566304.0
2012-12-12,11.93,12.10,12.02,11.87,5524839.0,72847768.0
2012-12-11,12.11,12.16,11.93,11.84,6219214.0,81799488.0
2012-12-10,12.07,12.18,12.11,12.01,7657139.0,101563752.0
2012-12-07,11.88,12.14,12.03,11.84,6380040.0,84189696.0
2012-12-06,11.84,11.99,11.89,11.81,3748450.0,49000160.0
2012-12-05,11.44,12.10,11.93,11.44,9357530.0,122122192.0
2012-12-04,11.37,11.56,11.51,11.30,3786862.0,47526072.0
2012-12-03,11.29,11.48,11.29,11.21,2928866.0,36527376.0
2012-11-30,11.14,11.52,11.32,11.14,2808293.0,34990624.0
2012-11-29,11.19,11.33,11.13,11.11,2673662.0,32876522.0
2012-11-28,11.53,11.53,11.19,11.19,3625878.0,45217056.0
2012-11-27,11.75,11.81,11.58,11.52,4506559.0,57583872.0
2012-11-26,11.75,11.93,11.77,11.62,4848581.0,62726944.0
2012-11-23,11.66,12.14,11.83,11.55,8336376.0,108375608.0
2012-11-22,11.70,11.70,11.55,11.50,2135102.0,27129008.0
2012-11-21,11.48,11.77,11.68,11.48,3387028.0,43337112.0
2012-11-20,11.66,11.72,11.54,11.52,2408298.0,30757752.0
2012-11-19,11.48,11.70,11.67,11.34,3332930.0,42176840.0
2012-11-16,11.57,11.70,11.59,11.44,3910335.0,49592504.0
2012-11-15,11.65,11.78,11.62,11.61,2970467.0,38080940.0
2012-11-14,11.58,11.88,11.74,11.58,4056219.0,52408200.0
2012-11-13,11.75,11.77,11.63,11.58,3679640.0,47122868.0
2012-11-12,11.84,11.97,11.75,11.71,5557887.0,72001688.0
2012-11-09,11.58,11.65,11.58,11.44,3732964.0,47231376.0
2012-11-08,11.72,11.74,11.58,11.53,3238998.0,41369960.0
2012-11-07,11.77,11.95,11.86,11.71,3645363.0,47385984.0
2012-11-06,11.79,11.89,11.75,11.52,3052591.0,39044460.0
2012-11-05,11.83,11.91,11.80,11.75,2529955.0,32827588.0
2012-11-02,11.86,11.90,11.87,11.75,3542554.0,45968916.0
2012-11-01,11.66,11.93,11.86,11.65,5384555.0,69912112.0
2012-10-31,11.54,11.69,11.68,11.49,3911549.0,49702576.0
2012-10-30,11.56,11.73,11.56,11.47,2886553.0,36676180.0
2012-10-29,11.76,11.78,11.55,11.45,7159772.0,90702016.0
2012-10-26,12.05,12.13,11.73,11.65,8047329.0,104617408.0
2012-10-25,12.38,12.52,12.06,11.93,5362301.0,71814360.0
2012-10-24,12.37,12.52,12.38,12.36,2628192.0,35814440.0
2012-10-23,12.53,12.67,12.50,12.48,3364156.0,46432116.0
2012-10-22,12.39,12.63,12.55,12.33,2403779.0,32979932.0
2012-10-19,12.54,12.69,12.54,12.50,3161209.0,43674908.0
2012-10-18,12.48,12.65,12.54,12.40,4736447.0,65293520.0
2012-10-17,12.45,12.48,12.34,12.30,2817627.0,38310440.0
2012-10-16,12.44,12.57,12.34,12.30,4134862.0,56387044.0
2012-10-15,12.64,12.67,12.44,12.31,3828800.0,52193064.0
2012-10-12,12.75,12.86,12.65,12.49,4002697.0,55655740.0
2012-10-11,12.75,12.93,12.68,12.62,7769518.0,108838520.0
2012-10-10,12.75,12.86,12.85,12.65,6538085.0,91425464.0
2012-10-09,12.62,12.89,12.79,12.59,8329792.0,116602984.0
2012-10-08,12.72,12.83,12.53,12.40,5600301.0,77255440.0
2012-09-28,12.22,12.84,12.75,12.22,13042972.0,181286848.0
2012-09-27,11.97,12.57,12.34,11.97,7360648.0,99584672.0
2012-09-26,12.37,12.45,12.03,11.99,5188813.0,69118216.0
2012-09-25,12.57,12.66,12.37,12.34,7472935.0,102359696.0
2012-09-24,12.09,13.12,12.82,11.84,13282117.0,182896384.0
2012-09-21,11.90,12.44,12.16,11.89,5801798.0,77954576.0
2012-09-20,12.48,12.48,12.08,12.07,4516066.0,60900992.0
2012-09-19,12.22,12.56,12.54,12.13,4411523.0,59844208.0
2012-09-18,12.33,12.46,12.22,12.12,5782926.0,77909224.0
2012-09-17,12.77,13.00,12.54,12.48,11899195.0,167264864.0
2012-09-14,12.98,13.11,12.69,12.57,15037496.0,211667648.0
2012-09-13,12.80,12.85,12.42,12.40,6484749.0,89730616.0
2012-09-12,12.65,13.13,12.75,12.56,12372438.0,174063216.0
2012-09-11,12.46,12.59,12.46,12.16,10283857.0,139543072.0
2012-09-07,12.05,12.85,12.72,12.05,11239252.0,154372480.0
2012-09-06,11.81,11.98,11.97,11.81,2814023.0,36718544.0
2012-09-05,11.75,11.89,11.75,11.64,2362107.0,30484536.0
2012-09-04,11.84,12.12,11.81,11.79,3869360.0,50641312.0
2012-09-03,11.75,11.96,11.86,11.75,4332343.0,56435892.0
2012-08-31,11.81,11.93,11.76,11.66,2470218.0,32003694.0
2012-08-30,11.99,12.12,11.83,11.80,4206198.0,54969928.0
2012-08-29,12.14,12.24,12.06,11.91,3377669.0,44791488.0
2012-08-28,12.12,12.27,12.16,12.02,1785784.0,23847972.0
2012-08-27,12.26,12.41,12.09,12.07,2677127.0,35910512.0
2012-08-24,12.73,12.75,12.26,12.25,4821855.0,65991024.0
2012-08-23,12.60,12.87,12.82,12.60,3601447.0,50531084.0
2012-08-22,12.86,12.90,12.63,12.60,2226965.0,31108342.0
2012-08-21,12.64,12.84,12.80,12.59,2689731.0,37620032.0
2012-08-20,12.57,12.64,12.62,12.38,2253622.0,30900646.0
2012-08-17,12.62,12.69,12.67,12.49,1546017.0,21406656.0
2012-08-16,12.64,12.76,12.62,12.59,1762209.0,24498472.0
2012-08-15,12.90,12.94,12.68,12.65,2739940.0,38278176.0
2012-08-14,12.78,12.92,12.90,12.64,3254681.0,45580984.0
2012-08-13,13.00,13.08,12.75,12.73,3567711.0,50472428.0
2012-08-10,13.11,13.37,13.04,13.03,3870920.0,55841780.0
2012-08-09,12.89,13.14,13.03,12.76,5318412.0,75668480.0
2012-08-08,12.94,13.44,12.90,12.89,7251540.0,104786080.0
2012-08-07,12.75,13.10,12.90,12.71,6271163.0,89203272.0
2012-08-06,12.34,12.94,12.87,12.28,7106630.0,98810544.0
2012-08-03,12.22,12.40,12.37,12.13,3004983.0,40493792.0
2012-08-02,12.28,12.39,12.17,12.05,3249800.0,43622720.0
2012-08-01,11.93,12.20,12.05,11.93,2562485.0,33936980.0
2012-07-31,12.16,12.30,11.92,11.85,2470433.0,32498748.0
2012-07-30,12.30,12.48,12.17,12.16,2433972.0,32888062.0
2012-07-27,12.39,12.52,12.37,12.30,2622643.0,35715312.0
2012-07-26,12.30,12.48,12.23,12.22,2230063.0,30236644.0
2012-07-25,12.30,12.46,12.30,12.28,2023686.0,27422802.0
2012-07-24,12.39,12.56,12.41,12.30,3746462.0,51017012.0
2012-07-23,12.67,12.67,12.51,12.43,3673626.0,50619680.0
2012-07-20,12.85,13.02,12.78,12.76,2788576.0,39478336.0
2012-07-19,12.72,12.99,12.92,12.66,4021606.0,56854212.0
2012-07-18,12.66,12.75,12.73,12.53,2438138.0,33814472.0
2012-07-17,12.58,12.80,12.66,12.52,2957153.0,41200480.0
2012-07-16,12.99,13.07,12.58,12.53,4010062.0,55956480.0
2012-07-13,13.03,13.19,12.95,12.95,3061893.0,43804976.0
2012-07-12,12.95,13.21,13.12,12.66,5176896.0,73955664.0
2012-07-11,12.79,12.98,12.90,12.76,1817308.0,25651632.0
2012-07-10,12.71,12.89,12.79,12.57,3082553.0,43183948.0
2012-07-09,12.94,13.41,12.92,12.91,5525440.0,79852888.0
2012-07-06,12.79,13.16,13.06,12.72,3489270.0,49522060.0
2012-07-05,12.90,13.01,12.69,12.66,3183054.0,44595280.0
2012-07-04,13.08,13.18,13.04,13.03,2443043.0,35093768.0
2012-07-03,13.00,13.20,12.99,12.90,2397754.0,34405008.0
2012-07-02,13.07,13.27,13.00,12.95,5153497.0,74288120.0
2012-06-29,12.48,12.87,12.82,12.45,3267021.0,45556868.0
2012-06-28,12.86,12.98,12.55,12.53,3311396.0,46210324.0
2012-06-27,12.92,13.10,12.76,12.76,3524795.0,49964364.0
2012-06-26,12.75,12.97,12.94,12.62,3640801.0,51096352.0
2012-06-25,13.62,13.62,12.84,12.75,6066931.0,87590352.0
2012-06-21,13.96,13.96,13.62,13.57,3535881.0,53062208.0
2012-06-20,13.95,14.10,13.94,13.90,2474120.0,38387080.0
2012-06-19,14.03,14.05,13.90,13.89,2438099.0,37703628.0
2012-06-18,14.00,14.23,14.06,13.97,5028970.0,78681600.0
2012-06-15,13.80,13.94,13.90,13.69,3935081.0,60403908.0
2012-06-14,13.79,13.91,13.74,13.73,3261848.0,49932632.0
2012-06-13,13.74,13.91,13.82,13.67,2822815.0,43175356.0
2012-06-12,13.83,13.83,13.67,13.64,2922992.0,44402424.0
2012-06-11,13.58,14.01,13.87,13.58,2864920.0,43913152.0
2012-06-08,14.03,14.03,13.65,13.58,3573596.0,54542640.0
2012-06-07,14.16,14.25,13.76,13.75,3698857.0,57159264.0
2012-06-06,13.92,14.13,13.91,13.87,3899939.0,60505216.0
2012-06-05,13.99,14.11,13.90,13.85,3359129.0,51968440.0
2012-06-04,14.21,14.34,13.98,13.95,5913975.0,92762512.0
2012-06-01,14.52,14.68,14.53,14.50,4806327.0,77687624.0
2012-05-31,14.32,14.62,14.51,14.23,5021365.0,80394392.0
2012-05-30,14.51,14.68,14.49,14.45,5395829.0,87003632.0
2012-05-29,14.07,14.79,14.50,14.01,12553982.0,201958816.0
2012-05-28,13.89,14.21,14.06,13.53,5974262.0,91916800.0
2012-05-25,14.13,14.22,13.90,13.81,4308096.0,66665520.0
2012-05-24,14.24,14.25,14.06,13.98,4783592.0,74846704.0
2012-05-23,14.46,14.49,14.28,14.15,4219697.0,66849432.0
2012-05-22,14.43,14.50,14.43,14.33,4397559.0,70307800.0
2012-05-21,14.11,14.41,14.31,13.96,5971726.0,94170208.0
2012-05-18,14.20,14.34,14.11,13.98,5135326.0,80535248.0
2012-05-17,14.15,14.44,14.38,14.13,5072552.0,80544952.0
2012-05-16,14.34,14.51,14.13,14.13,6541361.0,103699512.0
2012-05-15,14.44,14.44,14.26,13.96,8926689.0,140473600.0
2012-05-14,14.88,15.05,14.57,14.55,6600307.0,108034840.0
2012-05-11,14.86,15.22,14.78,14.76,6759254.0,111939104.0
2012-05-10,14.79,15.01,14.89,14.75,6610100.0,109113288.0
2012-05-09,15.15,15.15,14.86,14.79,10354442.0,171504544.0
2012-05-08,15.69,15.86,15.36,15.25,15153651.0,259387440.0
2012-05-04,15.42,15.65,15.55,15.33,9878192.0,169829952.0
2012-05-03,15.51,15.69,15.47,15.43,13679748.0,236015904.0
2012-05-02,15.32,15.97,15.59,15.12,21657456.0,375579648.0
2012-04-27,15.14,15.27,15.09,14.92,9047516.0,151792544.0
2012-04-26,14.88,15.26,15.14,14.76,13661309.0,228665776.0
2012-04-25,14.58,15.02,14.89,14.54,8828363.0,144733760.0
2012-04-24,14.52,14.84,14.53,14.20,6369834.0,102219008.0
2012-04-23,15.00,15.10,14.69,14.66,5936081.0,97698744.0
2012-04-20,14.86,15.28,15.00,14.86,7547973.0,125846416.0
2012-04-19,14.75,14.84,14.78,14.66,6105589.0,99846824.0
2012-04-18,14.40,14.86,14.73,14.39,7716251.0,125680016.0
2012-04-17,14.58,14.80,14.32,14.32,5127405.0,82591120.0
2012-04-16,14.52,14.70,14.58,14.44,4722936.0,76318768.0
2012-04-13,14.43,14.88,14.74,14.28,11134609.0,180334768.0
2012-04-12,14.03,14.36,14.32,14.03,7882406.0,124658640.0
2012-04-11,13.73,14.07,14.03,13.67,6154606.0,95225624.0
2012-04-10,13.76,14.01,13.99,13.47,6187576.0,94260048.0
2012-04-09,13.97,14.13,13.83,13.72,4024218.0,62067336.0
2012-04-06,13.89,14.21,14.01,13.89,7345407.0,114279000.0
2012-04-05,13.52,13.96,13.95,13.44,6179550.0,94221304.0
2012-03-30,13.67,13.91,13.51,13.17,6715079.0,101005312.0
2012-03-29,14.39,14.39,13.67,13.55,8996827.0,138895632.0
2012-03-28,14.84,14.88,14.41,14.34,10331965.0,166841696.0
2012-03-27,15.33,15.49,15.01,15.00,8893635.0,150671072.0
2012-03-26,14.89,15.21,15.14,14.76,7728910.0,128694272.0
2012-03-23,15.05,15.32,14.89,14.73,9487326.0,157669120.0
2012-03-22,15.45,15.51,15.23,15.06,9218885.0,156188944.0
2012-03-21,15.24,15.97,15.55,15.06,26502336.0,457410720.0
2012-03-20,15.30,15.38,15.02,14.88,10455396.0,175091776.0
2012-03-19,14.69,15.44,15.41,14.61,17185636.0,286952256.0
2012-03-16,14.60,15.06,14.76,14.47,14432631.0,237027152.0
2012-03-15,14.92,15.02,14.45,14.17,14371091.0,232152784.0
2012-03-14,15.77,15.97,14.90,14.81,20550334.0,351380928.0
2012-03-13,15.42,15.60,15.60,15.39,9094799.0,156283888.0
2012-03-12,15.38,15.91,15.57,15.38,18884700.0,326702304.0
2012-03-09,15.11,15.48,15.32,14.99,12097909.0,204945728.0
2012-03-08,14.88,15.23,15.02,14.86,9474661.0,157647456.0
2012-03-07,14.89,15.06,14.79,14.78,10232987.0,169249168.0
2012-03-06,15.23,15.33,15.14,14.95,11348021.0,190111200.0
2012-03-05,15.32,15.60,15.33,15.16,13632562.0,232875856.0
2012-03-02,15.10,15.46,15.24,15.10,11715282.0,198415792.0
2012-03-01,14.97,15.14,15.01,14.89,7597621.0,126451040.0
2012-02-29,14.98,15.48,15.11,14.89,12943462.0,218133776.0
2012-02-28,15.17,15.17,14.98,14.86,11845501.0,197013744.0
2012-02-27,15.28,15.64,15.21,15.17,20608488.0,352979552.0
2012-02-24,15.10,15.30,15.23,14.99,15496572.0,260571472.0
2012-02-23,14.90,15.20,15.05,14.86,12407799.0,207123424.0
2012-02-22,14.79,15.00,14.95,14.75,9645835.0,159296720.0
2012-02-21,14.61,14.81,14.78,14.45,8517143.0,138193792.0
2012-02-20,14.90,15.14,14.69,14.68,10339681.0,170809344.0
2012-02-17,14.84,14.88,14.67,14.50,6039026.0,98283376.0
2012-02-16,14.87,14.94,14.70,14.59,9627504.0,157645184.0
2012-02-15,14.61,15.23,14.95,14.52,13485057.0,224034192.0
2012-02-14,14.77,14.78,14.65,14.53,5963751.0,96679208.0
2012-02-13,14.52,14.95,14.77,14.43,8078967.0,131973808.0
2012-02-10,14.87,15.10,14.79,14.66,10214284.0,168490432.0
2012-02-09,14.97,15.28,14.86,14.77,16852920.0,280366336.0
2012-02-08,14.05,15.41,15.18,14.01,23293572.0,382107872.0
2012-02-07,14.03,14.48,14.31,13.53,13113485.0,203540608.0
2012-02-06,14.21,14.37,14.12,13.98,5945981.0,93415056.0
2012-02-03,13.85,14.32,14.18,13.76,7447365.0,116236768.0
2012-02-02,13.64,13.94,13.91,13.58,6092225.0,93110640.0
2012-02-01,14.07,14.24,13.56,13.53,7906721.0,121495536.0
2012-01-31,14.15,14.39,14.21,13.97,4827807.0,75692576.0
2012-01-30,14.62,14.68,14.19,14.16,8735382.0,139466992.0
2012-01-20,14.61,14.67,14.43,14.07,11382413.0,182158816.0
2012-01-19,13.94,14.77,14.57,13.61,17877582.0,283447776.0
2012-01-18,14.41,14.70,13.89,13.79,19153008.0,303148256.0
2012-01-17,12.68,13.92,13.92,12.68,16555856.0,249735504.0
2012-01-16,13.11,13.42,12.65,12.64,6555728.0,94816512.0
2012-01-13,13.52,13.85,13.48,13.00,11335755.0,169298800.0
2012-01-12,13.32,13.93,13.57,13.14,11950996.0,179637472.0
2012-01-11,13.43,13.51,13.39,13.24,11524760.0,170936304.0
2012-01-10,12.49,13.52,13.41,12.36,14505720.0,207602096.0
2012-01-09,11.79,12.51,12.39,11.51,9705611.0,130656312.0
2012-01-06,11.47,11.73,11.69,11.31,3236471.0,41342484.0
2012-01-05,11.59,11.75,11.46,11.40,2836878.0,36400088.0
2012-01-04,12.04,12.08,11.64,11.64,4843427.0,63610848.0
2011-12-30,11.41,11.86,11.79,11.41,4735192.0,61561184.0
2011-12-29,11.45,11.61,11.38,11.36,4031904.0,51279824.0
2011-12-28,11.37,11.55,11.55,11.27,3600952.0,45550300.0
2011-12-27,11.73,11.89,11.44,11.41,3321537.0,42777128.0
2011-12-26,11.74,12.01,11.73,11.56,3068278.0,40242704.0
2011-12-23,11.72,12.09,11.85,11.64,4324804.0,56880960.0
2011-12-22,11.74,12.13,11.83,11.18,6842353.0,87903304.0
2011-12-21,12.27,12.37,11.81,11.80,5153615.0,69317320.0
2011-12-20,12.09,12.25,12.10,11.95,3953889.0,53180540.0
2011-12-19,12.19,12.20,12.10,11.69,5659572.0,74852896.0
2011-12-16,11.86,12.33,12.29,11.81,5362847.0,71498680.0
2011-12-15,12.71,12.71,11.78,11.73,7885185.0,104781688.0
2011-12-14,13.25,13.30,12.75,12.56,5817048.0,83140192.0
2011-12-13,13.54,13.71,13.24,13.19,4830340.0,71846472.0
2011-12-12,13.85,13.99,13.76,13.70,2621814.0,40259288.0
2011-12-09,13.85,14.03,13.85,13.80,2169201.0,33377280.0
2011-12-08,14.07,14.24,14.01,13.71,3352972.0,52069776.0
2011-12-07,14.07,14.16,14.09,13.91,2268252.0,35310920.0
2011-12-06,13.88,14.07,14.05,13.82,3426470.0,52983576.0
2011-12-05,14.22,14.25,13.86,13.85,3878349.0,60158880.0
2011-12-02,14.43,14.43,14.13,14.07,5229148.0,82342160.0
2011-12-01,14.52,15.20,14.52,14.49,12794367.0,208632256.0
2011-11-30,14.71,14.71,13.85,13.80,8551500.0,134294064.0
2011-11-29,14.71,14.79,14.70,14.51,6487817.0,105305008.0
2011-11-28,14.30,14.79,14.58,14.27,8133790.0,131003136.0
2011-11-25,14.19,14.81,14.27,14.07,5688293.0,91152768.0
2011-11-24,14.32,14.42,14.20,14.03,4410567.0,69349472.0
2011-11-23,14.68,14.78,14.48,14.43,3758486.0,60533728.0
2011-11-22,14.62,14.75,14.66,14.43,5129868.0,82810944.0
2011-11-21,14.51,15.25,14.94,14.44,9527314.0,157161984.0
2011-11-18,14.88,14.88,14.46,14.40,6858579.0,110682832.0
2011-11-17,15.20,15.28,14.96,14.88,5739884.0,95663152.0
2011-11-16,15.60,15.65,15.10,15.06,7976854.0,135254352.0
2011-11-15,15.51,15.66,15.60,15.42,6809883.0,117430344.0
2011-11-14,15.46,15.69,15.57,15.36,8094467.0,139388464.0
2011-11-11,15.32,15.51,15.20,15.16,5440340.0,92501832.0
2011-11-10,15.42,15.52,15.32,15.26,8800705.0,150255344.0
2011-11-09,15.69,15.94,15.79,15.34,7592989.0,131482272.0
2011-11-08,15.76,16.01,15.67,15.60,6628701.0,116044304.0
2011-11-07,15.95,16.09,15.76,15.74,8309137.0,146228672.0
2011-11-04,15.83,16.40,16.10,15.83,19325236.0,345525632.0
2011-11-03,15.51,16.19,15.63,15.49,15917486.0,278327072.0
2011-11-02,15.02,15.48,15.46,14.70,10440762.0,173962304.0
2011-11-01,15.34,15.59,15.37,15.18,7617761.0,129700848.0
2011-10-31,15.62,15.83,15.54,15.34,8658040.0,149319472.0
2011-10-28,15.38,15.99,15.62,15.36,14040922.0,243168400.0
2011-10-27,15.02,15.29,14.97,14.77,10654045.0,177396976.0
2011-10-26,14.52,15.57,15.15,14.43,24714568.0,412061440.0
2011-10-24,13.80,14.22,14.15,13.43,8031777.0,123527776.0
2011-10-21,14.22,14.22,13.69,13.62,8538050.0,130464704.0
2011-10-20,15.23,15.23,14.23,14.03,12447026.0,198159184.0
2011-10-19,15.51,15.69,15.25,15.22,6011529.0,102448864.0
2011-10-18,16.42,16.42,15.51,15.42,7874280.0,138667120.0
2011-10-17,16.78,16.81,16.49,16.36,4840718.0,88810312.0
2011-10-14,16.59,16.77,16.65,16.42,3779569.0,69460320.0
2011-10-13,16.61,17.00,16.78,16.51,6898432.0,128100064.0
2011-10-12,15.97,16.72,16.62,15.82,6669985.0,121582040.0
2011-10-11,16.83,16.93,16.14,15.83,5860869.0,106590088.0
2011-10-10,16.44,16.59,16.24,16.11,3960871.0,71769584.0
2011-09-30,16.57,16.57,16.33,16.19,3751882.0,67939872.0
2011-09-29,16.69,16.69,16.31,16.24,5908127.0,107533160.0
2011-09-28,17.20,17.36,16.84,16.75,5090103.0,96353664.0
2011-09-27,16.96,17.19,16.98,16.88,4622049.0,87332080.0
2011-09-26,16.96,17.25,16.80,16.73,5788725.0,108750408.0
2011-09-23,17.12,17.39,17.09,16.91,8177669.0,154769712.0
2011-09-22,17.96,18.02,17.42,17.41,8511722.0,167437664.0
2011-09-21,17.39,18.36,18.20,17.23,11298909.0,224926464.0
2011-09-20,17.16,17.55,17.35,17.14,3607850.0,69348176.0
2011-09-19,17.68,17.94,17.29,17.23,5887249.0,114931920.0
2011-09-16,17.87,17.87,17.68,17.63,4024696.0,79159192.0
2011-09-15,17.68,17.86,17.61,17.57,4940915.0,96996496.0
2011-09-14,17.31,17.63,17.61,17.03,5907523.0,113290536.0
2011-09-13,17.14,17.35,17.24,17.07,4049923.0,77232560.0
2011-09-09,17.81,17.85,17.58,17.41,4605534.0,90030304.0
2011-09-08,17.94,17.94,17.60,17.59,5780138.0,113779024.0
2011-09-07,17.43,17.92,17.81,17.35,7042192.0,137673728.0
2011-09-06,17.36,17.49,17.35,17.14,7595602.0,145676592.0
2011-09-05,17.91,17.93,17.55,17.54,6702194.0,131028480.0
2011-09-02,18.13,18.39,18.09,17.99,5051666.0,101358416.0
2011-09-01,18.47,18.59,18.22,18.18,4525966.0,92085744.0
2011-08-31,18.37,18.49,18.36,18.13,4624737.0,93894968.0
2011-08-30,18.76,18.91,18.37,18.32,7912772.0,163480576.0
2011-08-29,18.82,18.90,18.49,18.40,8779802.0,181307168.0
2011-08-26,18.91,19.17,19.00,18.76,12150382.0,254832096.0
2011-08-25,18.29,19.13,19.10,17.89,16144514.0,334015904.0
2011-08-24,18.47,18.56,18.15,18.04,8078129.0,164115088.0
2011-08-23,18.13,18.30,18.30,17.96,5292119.0,106586272.0
2011-08-22,18.32,18.46,17.94,17.82,8066222.0,161939296.0
2011-08-19,18.47,18.55,18.31,17.95,10671482.0,215199696.0
2011-08-18,18.78,19.20,18.80,18.76,6659826.0,139698288.0
2011-08-17,19.13,19.30,18.88,18.85,5519527.0,116361296.0
2011-08-16,19.38,19.56,19.13,19.05,7247376.0,154833184.0
2011-08-15,19.27,19.35,19.33,18.95,8110925.0,172755280.0
2011-08-12,19.39,19.44,19.09,19.05,10431517.0,222236624.0
2011-08-11,18.24,19.06,19.05,18.13,11809249.0,246448832.0
2011-08-10,19.03,19.30,18.84,18.78,12893241.0,271905824.0
2011-08-09,17.73,18.82,18.62,17.14,18565132.0,370448960.0
2011-08-08,19.29,19.35,18.38,18.04,19191456.0,397174400.0
2011-08-05,19.67,19.94,19.72,19.22,16453361.0,358283840.0
2011-08-04,20.77,20.91,20.56,20.41,6997817.0,160549728.0
2011-08-03,20.52,20.93,20.64,20.29,9165084.0,209780528.0
2011-08-02,20.75,20.83,20.77,20.46,10170692.0,232521568.0
2011-08-01,20.65,21.20,20.97,20.45,10098589.0,234956528.0
2011-07-29,21.00,21.17,20.57,20.49,8010140.0,184303856.0
2011-07-28,20.75,20.98,20.90,20.70,9601248.0,221911984.0
2011-07-27,20.48,21.29,21.09,20.38,14456979.0,336922688.0
2011-07-26,20.66,20.91,20.71,20.08,18426330.0,417162848.0
2011-07-25,22.14,22.14,20.69,20.64,27512342.0,642780800.0
2011-07-22,22.15,22.41,22.29,22.07,15127134.0,373391232.0
2011-07-21,22.10,22.31,22.07,21.92,9926372.0,242975280.0
2011-07-20,22.37,22.55,22.27,21.74,12650896.0,311212928.0
2011-07-19,22.04,22.34,22.03,21.87,12682266.0,310210304.0
2011-07-18,22.64,22.74,22.09,21.96,16475890.0,405380000.0
2011-07-15,22.72,22.87,22.54,22.37,15533729.0,388815744.0
2011-07-14,22.50,23.33,22.72,22.43,28112648.0,712602496.0
2011-07-13,21.83,22.50,22.30,21.83,21516140.0,529910912.0
2011-07-12,22.01,22.06,21.67,21.61,19968546.0,481878912.0
2011-07-11,22.01,22.87,22.35,21.66,19718216.0,489827616.0
2011-07-08,22.69,22.82,22.16,21.92,21463840.0,528795136.0
2011-07-07,22.73,23.33,22.57,22.41,30536568.0,773857664.0
2011-07-06,21.98,23.94,22.81,21.77,42694984.0,1082500608.0
2011-07-05,22.10,22.19,21.99,21.70,32294316.0,786268224.0
2011-07-04,20.20,22.13,22.13,20.20,49490596.0,1195719552.0
2011-07-01,20.02,20.44,20.11,19.84,16362280.0,366316928.0
2011-06-30,19.54,20.02,19.89,19.53,12185076.0,267785712.0
2011-06-29,19.75,20.20,19.42,19.37,17876398.0,392934304.0
2011-06-28,19.25,19.56,19.38,18.99,10787196.0,231682416.0
2011-06-27,19.14,19.44,19.15,19.03,9281373.0,197545552.0
2011-06-24,18.31,19.28,19.05,18.20,14441080.0,302359968.0
2011-06-23,17.98,18.66,18.49,17.59,9415826.0,188805952.0
2011-06-22,18.19,18.22,17.98,17.86,5099930.0,101654760.0
2011-06-21,17.99,18.38,18.11,17.94,6067768.0,121917808.0
2011-06-20,18.13,18.13,17.91,17.65,6031202.0,119294648.0
2011-06-17,19.21,19.35,18.36,18.31,5549023.0,115667096.0
2011-06-16,18.87,19.04,18.89,18.70,6335042.0,174010048.0
2011-06-15,19.42,19.61,19.12,19.07,10163991.0,286490976.0
2011-06-14,19.04,19.52,19.38,18.91,10357888.0,291106144.0
2011-06-13,18.52,19.13,19.01,18.26,7895728.0,215810848.0
2011-06-10,18.47,18.75,18.64,18.11,8427625.0,226891424.0
2011-06-09,19.21,19.30,18.52,18.49,10458987.0,287489472.0
2011-06-08,19.07,19.60,19.29,19.00,14185492.0,400112096.0
2011-06-07,18.31,19.42,19.19,18.22,15220614.0,421172544.0
2011-06-03,18.01,18.70,18.39,17.96,10537296.0,282437184.0
2011-06-02,18.15,18.25,18.05,17.54,8727686.0,228236560.0
2011-06-01,18.34,18.58,18.43,18.19,8733649.0,234369200.0
2011-05-31,18.01,18.43,18.35,17.56,10307363.0,270712736.0
2011-05-30,18.17,18.38,17.84,17.76,8420415.0,222062096.0
2011-05-27,18.56,18.70,18.12,18.11,7578346.0,202683712.0
2011-05-26,18.87,19.13,18.56,18.53,8329188.0,227985216.0
2011-05-25,19.14,19.31,18.57,18.54,9061089.0,250093488.0
2011-05-24,19.26,19.33,19.13,18.66,12723558.0,350852000.0
2011-05-23,20.62,20.62,19.26,19.21,12596383.0,361388928.0
2011-05-20,20.51,20.79,20.59,20.37,4139969.0,124306000.0
2011-05-19,20.86,21.06,20.51,20.46,5899372.0,178275952.0
2011-05-18,20.58,20.89,20.66,20.25,5073646.0,152467744.0
2011-05-17,20.48,21.16,20.75,19.79,10330773.0,309760192.0
2011-05-16,20.72,20.99,20.48,20.41,5845594.0,176866672.0
2011-05-13,20.44,20.97,20.86,19.96,9051153.0,270762432.0
2011-05-12,20.99,21.13,20.33,20.31,9665861.0,291777536.0
2011-05-11,21.78,21.78,21.32,21.21,8091744.0,252992160.0
2011-05-10,21.34,21.78,21.73,21.06,11049505.0,346187616.0
2011-05-09,20.92,21.41,21.06,20.70,7283727.0,223611456.0
2011-05-06,19.90,21.23,20.89,19.79,15688004.0,465315136.0
2011-05-05,20.69,21.26,20.82,20.61,8574454.0,261856416.0
2011-05-04,21.49,21.75,20.68,20.63,11739441.0,362170784.0
2011-05-03,22.07,22.13,21.93,21.28,9977846.0,315940032.0
2011-04-29,21.61,22.30,22.09,21.25,11305266.0,361871232.0
2011-04-28,23.53,23.62,21.67,21.21,24634550.0,797662784.0
2011-04-26,23.84,24.22,23.57,22.98,15107333.0,517531232.0
2011-04-25,25.04,25.04,23.84,23.67,21509118.0,759101376.0
2011-04-22,26.07,26.60,25.52,25.38,14763954.0,557936000.0
2011-04-21,25.04,25.86,25.46,24.70,13716868.0,507603456.0
2011-04-20,24.62,25.17,24.73,24.61,11614748.0,420260640.0
2011-04-19,25.69,25.69,24.56,24.20,25191068.0,912111360.0
2011-04-18,26.42,26.96,26.13,25.93,13838462.0,531372096.0
2011-04-15,26.21,27.00,26.57,25.74,25834426.0,996135232.0
2011-04-14,25.25,26.76,26.20,24.60,26752598.0,1005203456.0
2011-04-13,24.90,25.32,25.24,24.36,19531990.0,704482432.0
2011-04-12,25.80,26.18,25.33,25.11,17670596.0,658876032.0
2011-04-11,26.34,27.02,26.01,25.83,26314860.0,1012082752.0
2011-04-08,24.56,26.42,26.13,24.42,33646728.0,1253791872.0
2011-04-07,24.87,25.10,24.66,24.32,17274444.0,622703168.0
2011-04-06,24.70,25.10,24.82,23.87,24871208.0,890984256.0
2011-04-01,25.69,25.69,24.70,24.02,35117832.0,1262687360.0
2011-03-30,23.59,25.86,24.90,23.38,50360336.0,1802285184.0
2011-03-29,23.05,24.36,23.55,22.92,33462844.0,1158785664.0
2011-03-28,23.43,23.93,23.28,23.12,45322400.0,1552885632.0
2011-03-25,21.34,23.55,23.25,21.34,57316760.0,1903081216.0
2011-03-24,22.50,22.75,21.41,21.25,33851724.0,1083563648.0
2011-03-23,20.73,22.16,21.94,20.64,46160456.0,1453893248.0
2011-03-22,20.64,20.92,20.72,20.09,14268489.0,427930176.0
2011-03-21,20.57,20.75,20.51,20.25,11358220.0,339608768.0
2011-03-18,20.86,20.99,20.56,20.46,12057599.0,364436896.0
2011-03-17,20.24,20.97,20.45,20.03,21802700.0,654543744.0
2011-03-16,19.90,20.94,20.63,19.81,21154768.0,629265856.0
2011-03-15,20.31,20.51,19.92,19.42,14942621.0,433314880.0
2011-03-14,20.24,20.57,20.29,19.90,11923614.0,351222080.0
2011-03-11,20.25,20.97,20.50,20.21,17913708.0,539999360.0
2011-03-10,20.86,20.86,20.40,20.30,22366106.0,667951232.0
2011-03-09,21.47,21.70,21.08,20.97,23687384.0,735258880.0
2011-03-08,21.19,21.78,21.47,20.72,34059308.0,1054717056.0
2011-03-07,20.58,21.30,21.05,20.41,38059984.0,1158266496.0
2011-03-04,19.63,20.48,20.42,19.63,23735840.0,697274304.0
2011-03-03,19.90,20.03,19.63,19.42,12504233.0,359624256.0
2011-03-02,20.17,20.18,19.85,19.62,14382427.0,416931264.0
2011-03-01,20.00,20.44,20.24,19.96,19978096.0,587804416.0
2011-02-28,19.99,20.17,19.93,19.69,14328560.0,416050592.0
2011-02-25,19.55,20.05,19.88,19.14,17590688.0,503919776.0
2011-02-24,19.46,19.85,19.54,19.27,13735132.0,391552032.0
2011-02-23,18.99,19.58,19.36,18.99,14286407.0,402158656.0
2011-02-22,20.27,20.57,19.23,19.21,27659696.0,798791872.0
2011-02-21,19.37,20.24,20.22,19.37,19455514.0,564484672.0
2011-02-18,20.01,20.09,19.62,19.42,25578780.0,736236864.0
2011-02-17,20.62,21.27,20.18,19.96,37287352.0,1113877120.0
2011-02-16,19.90,20.65,20.60,19.69,40387836.0,1191596928.0
2011-02-15,19.88,20.57,19.77,19.68,40433908.0,1187186688.0
2011-02-14,19.17,20.09,19.88,18.94,34879404.0,1003890304.0
2011-02-11,18.94,20.02,19.17,18.81,30458136.0,864341760.0
2011-02-10,18.03,18.98,18.92,17.85,18614652.0,499746656.0
2011-02-09,18.76,19.13,18.33,18.18,22584552.0,613411520.0
2011-02-01,18.17,19.18,19.04,17.91,27302146.0,733324544.0
2011-01-31,18.04,18.31,17.93,17.64,22231376.0,582243008.0
2011-01-28,17.76,18.30,17.95,17.71,15840243.0,415254656.0
2011-01-27,17.23,18.09,17.76,16.95,18013994.0,463595712.0
2011-01-26,17.35,17.49,17.23,16.93,16738728.0,418750976.0
2011-01-25,18.00,18.00,17.30,17.08,16469488.0,416763712.0
2011-01-24,19.64,19.65,18.02,17.97,29861172.0,814872960.0
2011-01-21,19.42,20.07,19.66,18.80,33277694.0,946903744.0
2011-01-20,19.55,20.44,19.50,19.42,46878968.0,1360204672.0
2011-01-19,18.34,20.23,19.88,18.11,52612132.0,1483805824.0
2011-01-18,17.78,19.21,18.66,16.71,26752212.0,688938624.0
2011-01-17,17.84,18.97,18.37,17.84,38727740.0,1044601280.0
2011-01-14,17.95,18.03,17.39,17.30,10004441.0,257720256.0
2011-01-13,18.49,18.87,18.09,17.91,9938960.0,264733232.0
2011-01-12,18.70,19.11,18.40,18.10,10651828.0,289505920.0
2011-01-11,17.97,18.58,18.52,17.84,12460179.0,331407808.0
2011-01-10,18.31,18.63,17.93,17.84,11130926.0,295509888.0
2011-01-07,18.73,18.97,18.36,18.18,15325890.0,415414528.0
2011-01-06,19.21,19.52,19.10,18.76,17411760.0,485394880.0
2011-01-05,18.66,19.59,19.31,18.59,38891592.0,1084581504.0
2011-01-04,17.91,19.39,19.17,17.91,50314260.0,1393551744.0
