date,open,high,close,low,volume,amount
2015-11-27,19.68,19.68,18.97,18.36,35705396.0,684506944.0
2015-11-26,19.68,20.17,19.75,19.49,39447788.0,779377920.0
2015-11-25,19.85,20.25,20.07,19.72,57043128.0,1140109568.0
2015-11-24,19.47,19.47,19.26,19.05,20357556.0,390206240.0
2015-11-23,19.50,19.89,19.45,19.36,26936804.0,527332288.0
2015-11-20,20.00,20.10,19.69,19.57,23462112.0,463569472.0
2015-11-19,19.63,19.76,19.70,19.40,20827506.0,408352960.0
2015-11-18,19.46,19.62,19.50,19.30,22191090.0,431858560.0
2015-11-17,20.00,20.18,19.73,19.62,60753348.0,1213588480.0
2015-11-16,19.93,20.57,20.49,19.80,65693992.0,1325329664.0
2015-11-13,19.38,19.59,19.36,19.01,28457444.0,549867264.0
2015-11-12,19.86,20.18,19.68,19.43,36730756.0,726666304.0
2015-11-11,20.24,20.25,19.92,19.70,54385488.0,1082570112.0
2015-11-10,19.56,21.00,20.67,19.35,82023768.0,1629854976.0
2015-11-09,19.13,19.28,19.13,18.65,46269652.0,880260864.0
2015-11-06,18.86,19.42,19.39,18.63,43976496.0,837129280.0
2015-11-05,18.43,19.22,18.85,18.31,46774084.0,880292864.0
2015-11-04,17.86,18.62,18.59,17.83,31219996.0,572477632.0
2015-11-03,17.99,18.13,18.06,17.83,15120038.0,271788896.0
2015-11-02,18.00,18.15,17.91,17.85,16719418.0,300945664.0
2015-10-30,18.40,18.47,18.25,17.91,24459892.0,445929920.0
2015-10-29,18.70,18.90,18.76,18.55,24750060.0,463142336.0
2015-10-28,18.71,19.51,19.16,18.65,37925088.0,725854336.0
2015-10-27,18.70,18.93,18.88,18.32,21885048.0,407061728.0
2015-10-26,19.03,19.19,18.95,18.70,25638632.0,485628288.0
2015-10-23,18.65,19.14,19.05,18.30,30589144.0,571956032.0
2015-10-22,18.03,18.74,18.73,17.85,33451820.0,612386688.0
2015-10-21,19.80,20.24,18.50,18.39,46948428.0,914795520.0
2015-10-20,19.50,19.74,19.72,19.20,21778532.0,423544224.0
2015-10-19,19.92,19.94,19.64,19.43,28541080.0,561209472.0
2015-10-16,20.00,20.03,19.95,19.50,30236392.0,597666752.0
2015-10-15,20.00,20.20,19.98,19.56,37263992.0,739663168.0
2015-10-14,19.75,20.30,19.48,19.42,34739472.0,690710848.0
2015-10-13,19.50,19.64,19.45,19.10,27131788.0,526248832.0
2015-10-12,19.45,21.00,20.02,19.36,68013472.0,1351684224.0
2015-10-09,17.97,19.83,19.39,17.70,37272924.0,696547712.0
2015-10-08,18.00,18.30,18.03,17.78,27673202.0,498073632.0
2015-09-22,17.24,17.51,17.32,17.07,21852892.0,377822528.0
2015-09-21,16.93,17.37,17.24,16.89,20667856.0,353575232.0
2015-09-18,17.40,17.45,16.76,16.48,23003640.0,390563296.0
2015-09-17,17.18,17.64,16.85,16.80,31783784.0,548421504.0
2015-09-16,15.60,17.14,16.82,15.60,25816144.0,420659296.0
2015-09-15,16.60,16.88,15.73,15.70,23439948.0,378336160.0
2015-09-14,17.31,17.97,17.18,16.06,38742828.0,668357952.0
2015-09-11,17.56,17.71,17.30,17.08,14756752.0,256096192.0
2015-09-10,17.69,17.72,17.37,17.23,29505740.0,516455968.0
2015-09-09,17.55,18.18,18.13,17.38,37225920.0,664140608.0
2015-09-08,16.72,17.28,17.21,16.50,17326564.0,292334112.0
2015-09-07,16.40,17.50,16.88,16.40,26140072.0,446111520.0
2015-09-02,17.11,17.85,17.03,16.55,36875276.0,632920320.0
2015-09-01,17.78,18.35,18.28,16.90,50311280.0,897426304.0
2015-08-31,18.01,18.30,17.66,17.28,30989928.0,549606720.0
2015-08-28,17.64,18.80,18.63,16.88,51675492.0,915124928.0
2015-08-27,16.79,17.81,17.64,15.87,52626968.0,875863616.0
2015-08-26,18.10,19.16,17.27,17.27,66683036.0,1189456384.0
2015-08-25,20.20,22.30,19.19,19.19,65071852.0,1350234496.0
2015-08-24,20.78,23.50,21.32,19.88,97271184.0,2136900608.0
2015-08-21,22.85,23.40,22.08,21.61,81982472.0,1871242752.0
2015-08-20,21.47,22.66,21.68,21.30,57688400.0,1271479040.0
2015-08-19,19.75,21.11,21.02,19.10,45975480.0,920558080.0
2015-08-18,22.80,22.80,20.54,20.54,58840416.0,1277181696.0
2015-08-17,22.47,23.18,22.82,22.33,50212216.0,1140051328.0
2015-08-14,22.80,23.30,22.67,22.40,75811208.0,1724563072.0
2015-08-13,23.70,24.64,23.53,22.53,119826608.0,2824491264.0
2015-08-12,22.99,23.52,23.52,21.92,132311312.0,3026084608.0
2015-08-11,19.60,21.38,21.38,19.47,52782660.0,1084852224.0
2015-08-10,18.47,19.58,19.44,18.41,38962208.0,742480768.0
2015-08-07,18.29,18.55,18.43,18.18,17587616.0,324027776.0
2015-08-06,18.00,18.31,18.11,17.81,11969295.0,216606000.0
2015-08-05,18.42,18.73,18.35,18.10,19101424.0,351694112.0
2015-08-04,18.16,18.77,18.71,17.82,29709340.0,544855936.0
2015-08-03,17.32,18.25,18.22,17.18,32732356.0,578451648.0
2015-07-31,17.00,17.53,17.48,16.69,25911332.0,444164768.0
2015-07-30,18.00,18.17,17.29,17.20,28684458.0,511126816.0
2015-07-29,17.57,18.28,18.16,17.10,30457848.0,534758624.0
2015-07-28,16.81,17.99,17.48,16.06,45462796.0,770127680.0
2015-07-27,18.88,19.37,17.52,17.52,43990828.0,817681280.0
2015-07-24,19.25,20.10,19.47,19.06,65738916.0,1285518336.0
2015-07-23,18.97,19.46,19.38,18.69,48216312.0,923515968.0
2015-07-22,19.10,19.50,18.95,18.58,41067360.0,778184832.0
2015-07-21,18.43,19.82,19.50,18.12,54080944.0,1021045504.0
2015-07-20,19.00,19.65,19.06,18.70,47647040.0,910794112.0
2015-07-17,18.25,19.67,19.39,18.23,35147828.0,664415104.0
2015-07-16,17.94,18.75,18.23,17.00,34682184.0,625539328.0
2015-07-15,19.30,19.59,17.94,17.94,43454676.0,806903040.0
2015-07-14,20.50,21.18,19.93,19.75,56480648.0,1150474496.0
2015-07-13,19.89,21.18,21.18,19.30,71259272.0,1456323200.0
2015-07-10,18.01,19.25,19.25,18.00,48031216.0,911991168.0
2015-07-09,15.91,17.50,17.50,14.58,65910552.0,1093158912.0
2015-07-08,15.91,16.30,15.91,15.91,48398768.0,771518912.0
2015-07-07,18.40,19.00,17.68,17.37,57088828.0,1025011968.0
2015-07-06,20.40,20.40,19.30,17.45,57876316.0,1102425600.0
2015-07-03,20.00,21.08,18.56,18.26,44934792.0,866833664.0
2015-07-02,22.61,23.10,20.28,20.28,46824980.0,994514368.0
2015-07-01,24.46,24.85,22.53,22.38,38811500.0,928791936.0
2015-06-30,23.05,24.96,24.70,20.97,48159044.0,1110182272.0
2015-06-29,26.50,26.76,23.24,23.22,49033012.0,1200395008.0
2015-06-26,27.90,27.90,25.80,25.80,43408984.0,1158417664.0
2015-06-25,30.50,30.70,28.67,28.40,47209920.0,1394924544.0
2015-06-24,30.01,31.40,30.73,29.38,52956000.0,1602493952.0
2015-06-23,30.90,30.98,30.00,28.45,59086796.0,1749338240.0
2015-06-19,32.82,34.36,31.55,31.50,83597264.0,2788954880.0
2015-06-18,32.78,34.50,32.75,32.33,88154024.0,2965597696.0
2015-06-17,31.83,33.18,32.76,31.51,85747536.0,2782472448.0
2015-06-16,30.85,32.25,31.58,30.61,78942720.0,2494258432.0
2015-06-15,30.75,32.00,31.16,30.50,66172404.0,2071205376.0
2015-06-12,31.14,31.15,30.62,30.20,39294424.0,1203788800.0
2015-06-11,30.85,31.40,31.10,30.65,44320440.0,1380274944.0
2015-06-10,31.13,31.28,30.81,30.61,46424520.0,1440725632.0
2015-06-09,31.45,31.89,31.40,30.80,49159228.0,1547358976.0
2015-06-08,30.80,31.46,31.34,30.37,55501552.0,1729140352.0
2015-06-05,29.38,30.98,30.72,29.35,67885024.0,2067687552.0
2015-06-04,29.40,29.53,29.36,27.76,41542440.0,1205716096.0
2015-06-03,29.66,30.39,29.83,29.23,38456580.0,1150807936.0
2015-06-02,29.50,29.68,29.64,29.01,39449472.0,1162422656.0
2015-06-01,28.52,29.67,29.60,28.47,36191548.0,1055569536.0
2015-05-29,28.98,29.39,28.46,27.71,41016328.0,1178235904.0
2015-05-28,31.90,32.02,29.04,29.01,59238304.0,1838481024.0
2015-05-27,32.02,32.39,32.14,31.53,56809536.0,1818519808.0
2015-05-26,31.92,32.49,32.46,31.10,68274232.0,2188349696.0
2015-05-25,31.36,32.00,31.89,31.20,65681880.0,2082667776.0
2015-05-22,30.18,31.52,31.30,29.93,56112288.0,1738961280.0
2015-05-21,30.02,30.20,30.17,29.70,31162586.0,935079424.0
2015-05-20,30.31,30.66,30.08,29.82,41706928.0,1262767104.0
2015-05-19,30.14,31.06,30.66,29.92,33072390.0,1015201088.0
2015-05-18,29.58,30.88,30.65,29.53,32243756.0,976644800.0
2015-05-15,31.40,31.50,29.56,29.36,35715716.0,1082058368.0
2015-05-14,32.18,32.18,31.38,30.70,49188488.0,1540817024.0
2015-05-13,29.37,30.87,30.61,29.25,59505972.0,1802088704.0
2015-05-12,29.46,29.47,29.26,28.89,35435504.0,1036632192.0
2015-05-11,29.26,29.60,29.48,28.73,36037320.0,1057746432.0
2015-05-08,28.80,29.08,28.88,28.21,25941052.0,747126592.0
2015-05-07,28.91,29.20,28.64,28.13,28330148.0,816091648.0
2015-05-06,29.66,29.98,28.49,27.82,36802348.0,1084012160.0
2015-05-05,30.60,31.04,29.54,28.84,49004780.0,1469549440.0
2015-05-04,31.33,31.60,30.60,30.45,58894584.0,1819736448.0
2015-04-30,34.09,34.17,32.32,32.29,96230856.0,3194489344.0
2015-04-29,31.01,34.09,34.09,31.01,88310496.0,2952892672.0
2015-04-28,31.30,31.55,30.99,30.17,74464056.0,2311609600.0
2015-04-27,29.90,31.12,30.73,29.40,73956072.0,2236354304.0
2015-04-24,29.88,30.47,29.92,29.48,48142572.0,1445451008.0
2015-04-23,29.50,30.90,30.48,28.91,79350144.0,2378794240.0
2015-04-22,29.58,30.23,29.90,29.42,59778928.0,1789865984.0
2015-04-21,29.08,29.48,29.42,28.30,60481864.0,1754132224.0
2015-04-20,29.40,30.58,29.48,28.87,85137216.0,2530827520.0
2015-04-17,29.22,29.90,29.22,28.84,88316136.0,2606135808.0
2015-04-16,27.96,29.20,29.19,27.93,81544560.0,2338428928.0
2015-04-15,27.26,28.29,27.93,27.09,74293096.0,2075022080.0
2015-04-14,27.31,27.58,27.37,26.82,43216896.0,1180505984.0
2015-04-13,27.30,27.65,27.40,27.08,38962468.0,1069199872.0
2015-04-10,26.59,27.08,27.05,26.41,30913060.0,832839616.0
2015-04-09,27.44,27.53,26.76,26.43,40908480.0,1103586176.0
2015-04-08,28.24,28.24,27.69,27.31,46173524.0,1281596800.0
2015-04-07,27.61,28.32,28.26,27.47,66599488.0,1870448896.0
2015-04-03,27.20,27.40,27.12,26.87,36840032.0,1001659328.0
2015-04-02,27.60,27.80,27.44,27.01,42572972.0,1168296832.0
2015-04-01,26.71,27.10,26.96,26.53,27872356.0,750463104.0
2015-03-31,26.96,27.27,26.71,26.62,38556580.0,1042416512.0
2015-03-30,27.31,27.41,27.23,26.65,42138572.0,1141458432.0
2015-03-27,28.06,28.41,27.63,27.57,48536480.0,1359383040.0
2015-03-26,27.22,27.64,27.58,26.58,41134680.0,1120777216.0
2015-03-25,27.86,27.86,27.03,26.91,41807704.0,1146019840.0
2015-03-24,26.82,28.79,27.99,26.47,68694096.0,1900846208.0
2015-03-23,26.74,27.11,26.80,26.54,44426380.0,1196382080.0
2015-03-20,26.76,27.06,26.25,26.16,43423232.0,1148719488.0
2015-03-19,26.31,27.40,26.67,26.31,72913120.0,1955626240.0
2015-03-18,25.08,25.91,25.66,24.84,41678652.0,1066119488.0
2015-03-17,24.87,25.26,25.18,24.62,40658048.0,1018319232.0
2015-03-16,24.29,24.90,24.84,24.10,27525960.0,677423168.0
2015-03-13,24.42,24.54,24.28,23.99,21379236.0,520427776.0
2015-03-12,23.76,24.42,24.36,23.52,25154800.0,604145344.0
2015-03-11,23.92,24.13,23.75,23.52,16792530.0,401536416.0
2015-03-10,24.07,24.21,23.96,23.83,15771847.0,379491456.0
2015-03-09,23.42,24.42,24.19,23.42,28282452.0,674863552.0
2015-03-06,24.31,24.91,24.65,24.22,16859968.0,415777792.0
2015-03-05,24.92,24.96,24.52,24.38,20681888.0,509516608.0
2015-03-04,24.90,25.30,25.16,24.50,18844996.0,472062560.0
2015-03-03,25.90,25.90,25.11,25.04,30975184.0,788400512.0
2015-03-02,25.81,26.51,26.11,25.81,28214824.0,741186304.0
2015-02-27,24.92,25.80,25.54,24.62,28594716.0,723173824.0
2015-02-26,23.89,24.99,24.95,23.62,26462052.0,647387264.0
2015-02-25,24.00,24.00,23.91,23.57,18999250.0,452941600.0
2015-02-17,24.39,24.59,24.48,24.32,15836980.0,388388928.0
2015-02-16,24.46,24.55,24.41,24.07,16275271.0,397110976.0
2015-02-13,23.93,24.88,24.36,23.81,27149196.0,663523136.0
2015-02-12,23.66,23.87,23.76,23.29,22075264.0,521822848.0
2015-02-11,23.81,24.49,24.07,23.52,19363772.0,466815200.0
2015-02-10,23.57,24.06,23.95,23.32,19913628.0,476428928.0
2015-02-09,23.64,23.76,23.60,22.73,34328752.0,803246848.0
2015-02-06,25.32,25.32,24.36,24.22,32443276.0,801535168.0
2015-02-05,26.51,26.61,25.56,25.50,24901912.0,649384640.0
2015-02-04,25.80,26.12,26.05,25.70,23148008.0,602265792.0
2015-02-03,26.51,26.53,26.49,25.57,30810928.0,802697728.0
2015-02-02,25.92,26.70,26.45,25.62,36443692.0,962065344.0
2015-01-30,25.25,26.35,25.57,25.22,35865808.0,923780224.0
2015-01-29,26.57,26.57,26.10,25.53,43247272.0,1131101824.0
2015-01-28,27.81,28.26,27.14,27.09,34026928.0,941299904.0
2015-01-27,27.91,28.01,27.63,27.02,55642872.0,1532316032.0
2015-01-26,28.22,29.04,28.51,27.59,42597072.0,1213296512.0
2015-01-23,29.40,29.90,28.19,27.91,74022736.0,2141892352.0
2015-01-22,26.08,29.63,28.49,25.99,93861712.0,2644651008.0
2015-01-21,25.97,27.11,26.94,25.55,76877592.0,2020495616.0
2015-01-20,23.72,25.07,24.90,23.42,63165180.0,1547451648.0
2015-01-19,23.42,25.30,24.08,23.10,88782984.0,2175604992.0
2015-01-16,23.92,23.96,23.42,22.85,70678256.0,1661803008.0
2015-01-15,21.53,21.91,21.87,21.15,22863942.0,495202848.0
2015-01-14,21.96,22.18,21.47,21.08,35341376.0,764272960.0
2015-01-13,23.27,23.70,22.27,21.99,49485344.0,1138738816.0
2015-01-12,22.86,23.11,22.83,22.53,37521192.0,859749376.0
2015-01-09,22.72,23.42,22.53,22.33,43094736.0,989660096.0
2015-01-08,22.93,23.28,22.98,22.55,60138860.0,1383014528.0
2015-01-07,21.83,23.61,23.61,21.83,110581024.0,2573750016.0
2015-01-06,21.18,22.04,21.47,20.80,54585088.0,1171048064.0
2015-01-05,19.80,21.44,21.23,19.59,76007816.0,1586795520.0
2014-12-31,19.47,20.03,19.79,19.46,25448168.0,504352064.0
2014-12-30,19.67,19.76,19.21,19.19,25093372.0,489138752.0
2014-12-29,20.03,20.53,19.92,19.74,27295452.0,552687040.0
2014-12-26,19.62,19.89,19.83,19.60,19964994.0,395441664.0
2014-12-25,19.44,19.70,19.61,19.34,14538108.0,284636160.0
2014-12-24,19.60,19.88,19.42,19.24,19012214.0,371119808.0
2014-12-23,20.18,20.20,19.63,19.54,25174466.0,501521440.0
2014-12-22,20.13,20.80,20.63,20.13,54180892.0,1114481792.0
2014-12-19,19.63,20.05,20.03,19.42,34602556.0,687190400.0
2014-12-18,19.34,19.88,19.65,19.29,24112552.0,475188864.0
2014-12-17,19.92,19.92,19.45,19.16,31019328.0,606845312.0
2014-12-16,19.74,19.96,19.94,19.65,27035808.0,537243776.0
2014-12-15,20.23,20.23,20.03,19.79,22241276.0,445003168.0
2014-12-12,20.41,20.70,20.38,20.24,21704400.0,445347520.0
2014-12-11,20.81,20.82,20.44,20.24,29622928.0,609362624.0
2014-12-10,20.59,20.97,20.78,20.05,54093704.0,1119032576.0
2014-12-09,20.14,21.22,19.78,19.66,61961404.0,1280342400.0
2014-12-08,19.74,20.93,20.35,19.54,46184376.0,932907712.0
2014-12-05,20.93,20.93,20.08,19.42,54700236.0,1110601600.0
2014-12-04,20.73,21.22,20.95,20.33,65551620.0,1364281472.0
2014-12-03,19.04,21.39,20.76,18.93,83729480.0,1705814016.0
2014-12-02,19.70,19.96,19.53,19.26,58457080.0,1144527360.0
2014-12-01,19.24,19.92,18.80,18.75,97104352.0,1879883392.0
2014-11-28,18.15,18.15,18.15,18.15,1924896.0,35052356.0
2014-07-31,16.33,16.60,16.50,16.33,7476927.0,123805056.0
2014-07-30,16.46,16.59,16.37,16.32,16776111.0,276570848.0
2014-07-29,16.73,16.77,16.58,16.46,23209380.0,385735200.0
2014-07-28,16.51,16.90,16.74,16.38,32521458.0,544490496.0
2014-07-25,15.92,16.51,16.33,15.87,31543510.0,514407648.0
2014-07-24,15.75,16.05,16.01,15.71,20295014.0,323902880.0
2014-07-23,15.68,16.06,15.84,15.65,11823215.0,187828576.0
2014-07-22,15.58,15.81,15.73,15.46,12064964.0,189989296.0
2014-07-21,15.65,15.65,15.58,15.50,7753239.0,121076136.0
2014-07-18,15.75,15.94,15.77,15.68,16512090.0,261896256.0
2014-07-17,15.47,15.57,15.50,15.43,4343204.0,67515112.0
2014-07-16,15.54,15.56,15.49,15.45,6040577.0,93862984.0
2014-07-15,15.45,15.57,15.56,15.41,10104419.0,157774912.0
2014-07-14,15.73,15.73,15.69,15.51,8031753.0,126622152.0
2014-07-11,15.70,15.89,15.73,15.65,10804233.0,171868720.0
2014-07-10,15.62,15.65,15.49,15.37,6314326.0,98721016.0
2014-07-09,15.41,15.72,15.55,15.36,8852801.0,138949696.0
2014-07-08,15.47,15.50,15.44,15.33,6184425.0,96051824.0
2014-07-07,15.60,15.60,15.45,15.42,4982898.0,77894536.0
2014-07-04,15.76,15.76,15.63,15.57,5666579.0,89383568.0
2014-07-03,15.70,16.00,15.77,15.67,8864131.0,141732912.0
2014-07-02,15.61,15.81,15.73,15.56,6214916.0,98336848.0
2014-07-01,15.50,16.13,15.73,15.47,16700137.0,266296512.0
2014-06-30,15.30,15.40,15.33,15.23,4524277.0,70076912.0
2014-06-27,15.38,15.42,15.31,15.21,6143256.0,94977800.0
2014-06-26,15.40,15.53,15.40,15.39,5639080.0,88003728.0
2014-06-25,15.54,15.54,15.47,15.30,4738159.0,73814032.0
2014-06-24,15.59,15.59,15.55,15.38,6859500.0,107252272.0
2014-06-23,15.38,15.73,15.59,15.23,10826709.0,169433888.0
2014-06-20,15.67,15.79,15.40,15.38,12857730.0,201434800.0
2014-06-19,15.15,15.20,15.05,14.90,5952049.0,90449048.0
2014-06-18,15.21,15.24,15.14,15.07,5271370.0,80536224.0
2014-06-17,15.38,15.39,15.20,15.19,6408715.0,98856072.0
2014-06-16,15.43,15.49,15.47,15.29,7348755.0,114235592.0
2014-06-13,15.30,15.39,15.34,15.25,7630894.0,118011896.0
2014-06-12,15.30,15.30,15.18,15.17,3706403.0,56996848.0
2014-06-11,15.24,15.27,15.27,15.19,3857406.0,59337692.0
2014-06-10,15.11,15.24,15.24,15.05,4901288.0,74962832.0
2014-06-09,15.21,15.28,15.12,15.10,5014431.0,76769504.0
2014-06-06,15.40,15.45,15.29,15.20,4073711.0,62962092.0
2014-06-05,15.21,15.29,15.28,15.19,4586952.0,70570160.0
2014-06-04,15.35,15.35,15.24,15.20,3634128.0,55959912.0
2014-06-03,15.29,15.39,15.38,15.17,5522697.0,85092320.0
2014-05-30,15.26,15.40,15.31,15.26,3705943.0,57375812.0
2014-05-29,15.50,15.50,15.30,15.29,6310233.0,98003064.0
2014-05-28,15.43,15.53,15.52,15.33,7885856.0,122863120.0
2014-05-27,15.69,15.75,15.63,15.60,3812938.0,60315316.0
2014-05-26,15.80,15.85,15.69,15.65,4340878.0,68803984.0
2014-05-23,15.58,15.77,15.76,15.58,2993222.0,47448292.0
2014-05-22,15.67,15.90,15.64,15.63,3573530.0,56743976.0
2014-05-21,15.63,15.74,15.67,15.51,2936294.0,46404056.0
2014-05-20,15.76,15.83,15.60,15.58,4180357.0,66198544.0
2014-05-19,15.73,15.73,15.67,15.57,3286573.0,51934888.0
2014-05-16,15.76,15.84,15.75,15.65,3710863.0,58973404.0
2014-05-15,16.10,16.20,15.86,15.85,4414778.0,71252960.0
2014-05-14,16.13,16.14,16.00,15.94,3517792.0,56882652.0
2014-05-13,16.35,16.39,16.09,16.03,7389687.0,120757320.0
2014-05-12,15.78,16.46,16.36,15.74,14912189.0,244184416.0
2014-05-09,15.67,15.82,15.73,15.60,5203232.0,82549824.0
2014-05-08,15.53,15.75,15.61,15.38,5662029.0,88992944.0
2014-05-07,15.69,15.84,15.67,15.61,5305768.0,84034912.0
2014-05-06,15.99,16.04,15.84,15.78,5863173.0,94115904.0
2014-05-05,16.00,16.22,15.98,15.88,7465521.0,120811680.0
2014-04-30,15.64,15.92,15.90,15.35,5733791.0,90818024.0
2014-04-29,15.85,15.89,15.77,15.63,5795593.0,92063472.0
2014-04-28,16.42,16.51,15.88,15.76,9324948.0,152039008.0
2014-04-25,16.51,16.64,16.31,16.28,6146437.0,102194304.0
2014-04-24,16.18,16.54,16.42,16.16,7109309.0,117954608.0
2014-04-23,16.25,16.34,16.17,16.13,4237882.0,69387968.0
2014-04-22,16.29,16.35,16.29,16.05,5577160.0,91233384.0
2014-04-21,16.40,16.49,16.33,16.32,6109820.0,101067424.0
2014-04-18,16.44,16.57,16.56,16.38,4682096.0,77896920.0
2014-04-17,16.54,16.67,16.54,16.49,4359331.0,72856248.0
2014-04-16,16.40,16.63,16.56,16.33,8031431.0,133826432.0
2014-04-15,17.13,17.13,16.71,16.67,11729727.0,199345584.0
2014-04-14,17.28,17.39,17.25,17.08,8652720.0,150594944.0
2014-04-11,17.18,17.37,17.15,17.09,11760056.0,204454336.0
2014-04-10,17.19,17.24,17.18,16.97,11715089.0,202345664.0
2014-04-09,17.11,17.29,17.13,16.96,12341215.0,213375216.0
2014-04-08,16.56,17.11,17.09,16.56,13482782.0,229925920.0
2014-04-04,16.60,16.69,16.65,16.41,6363556.0,106354224.0
2014-04-03,16.74,16.96,16.73,16.68,7747229.0,131415680.0
2014-04-02,16.61,16.75,16.69,16.57,5926443.0,99663936.0
2014-04-01,16.40,16.68,16.60,16.34,5558836.0,92636256.0
2014-03-31,16.43,16.69,16.58,16.40,7149535.0,119495256.0
2014-03-28,16.44,16.55,16.39,16.35,9540690.0,158300736.0
2014-03-27,16.74,16.80,16.54,16.48,10792581.0,180964208.0
2014-03-26,16.80,17.08,16.93,16.75,8229508.0,140509296.0
2014-03-25,16.54,16.84,16.81,16.45,10793183.0,181502720.0
2014-03-24,17.03,17.03,16.89,16.65,12493817.0,212091824.0
2014-03-21,16.82,17.16,17.05,16.42,14371005.0,243589440.0
2014-03-20,16.87,17.11,16.87,16.72,16981990.0,290458240.0
2014-03-19,17.75,17.75,17.55,17.43,13069502.0,231374144.0
2014-03-18,18.20,18.20,17.94,17.63,22078328.0,398470848.0
2014-03-17,18.70,18.79,18.70,18.23,16474976.0,308077376.0
2014-03-14,18.48,18.76,18.40,17.99,17353100.0,321641504.0
2014-03-13,18.65,19.02,18.21,18.12,23074900.0,432290912.0
2014-03-12,17.58,18.31,18.28,17.48,25687284.0,466060928.0
2014-03-11,17.12,17.47,17.35,17.00,10913666.0,190295200.0
2014-03-10,17.73,17.73,17.11,16.87,23910812.0,418331616.0
2014-03-07,18.27,18.55,18.34,18.05,23009556.0,425682432.0
2014-03-06,18.05,18.29,17.95,17.73,16942988.0,307659680.0
2014-03-05,18.32,18.32,18.19,17.88,29359208.0,535958240.0
2014-03-04,19.59,19.99,18.75,18.72,49784032.0,976741568.0
2014-03-03,18.97,19.29,19.20,18.47,37126696.0,710042944.0
2014-02-28,17.64,18.98,18.67,17.58,50732984.0,948501120.0
2014-02-27,17.76,17.99,17.78,17.41,40440648.0,722928320.0
2014-02-26,16.61,18.06,18.06,16.50,46462020.0,821183552.0
2014-02-25,16.69,16.92,16.42,16.32,11533063.0,193868624.0
2014-02-24,16.82,16.82,16.46,16.35,8519586.0,141864432.0
2014-02-21,17.03,17.12,16.72,16.55,10092400.0,171708000.0
2014-02-20,17.26,17.32,17.00,16.96,9437033.0,163315376.0
2014-02-19,17.12,17.44,17.31,17.12,11777246.0,205885968.0
2014-02-18,17.64,17.64,17.10,17.08,18440250.0,322782400.0
2014-02-17,17.78,17.83,17.64,17.54,20548524.0,366159584.0
2014-02-14,17.35,17.49,17.21,17.10,13289018.0,231216064.0
2014-02-13,17.01,17.68,17.12,16.97,28756900.0,502474240.0
2014-02-12,17.08,17.28,17.07,16.94,15950604.0,274722240.0
2014-02-11,16.65,17.30,17.08,16.57,23105886.0,395204192.0
2014-02-10,16.11,16.52,16.51,16.00,12081885.0,199104272.0
2014-02-07,16.19,16.19,16.07,15.85,8105974.0,130680784.0
2014-01-30,16.29,16.54,16.33,16.09,8170391.0,134523920.0
2014-01-29,16.04,16.30,16.09,16.00,7242842.0,117991696.0
2014-01-28,16.42,16.52,16.22,16.12,8859681.0,145332768.0
2014-01-27,16.19,16.78,16.57,16.12,16871306.0,280749024.0
2014-01-24,16.02,16.29,16.15,15.87,15553306.0,252753024.0
2014-01-23,15.66,15.91,15.70,15.57,9406267.0,149743552.0
2014-01-22,15.25,15.85,15.71,15.22,10013502.0,158036656.0
2014-01-21,15.21,15.49,15.33,15.20,6076859.0,94332232.0
2014-01-20,15.25,15.44,15.31,15.20,6507095.0,100657736.0
2014-01-17,15.58,15.58,15.18,15.17,9881607.0,153460128.0
2014-01-16,15.61,15.99,15.74,15.39,11948188.0,189455696.0
2014-01-15,16.02,16.04,15.68,15.60,11712313.0,186059776.0
2014-01-14,16.39,16.39,16.09,15.96,11799448.0,191412496.0
2014-01-13,16.42,16.77,16.31,16.26,9831383.0,163874096.0
2014-01-10,16.31,16.64,16.33,16.28,10061679.0,166900768.0
2014-01-09,16.45,16.54,16.30,16.21,9579635.0,158084112.0
2014-01-08,17.08,17.12,16.51,16.46,12227468.0,206184144.0
2014-01-07,17.23,17.32,17.18,17.07,5815874.0,100878392.0
2014-01-06,17.90,18.02,17.31,17.18,8496465.0,151016240.0
2014-01-03,17.93,18.08,17.89,17.78,9168014.0,165706512.0
2014-01-02,17.35,18.17,17.88,17.35,19955194.0,358442592.0
2013-12-25,17.04,17.09,17.08,16.91,5570513.0,95589944.0
2013-12-24,16.94,17.11,17.01,16.88,4810795.0,82634608.0
2013-12-23,17.28,17.33,16.97,16.91,6593053.0,113425208.0
2013-12-20,17.90,17.90,17.26,17.24,15080009.0,265638176.0
2013-12-19,18.32,18.46,18.17,18.15,5842759.0,108044744.0
2013-12-18,18.61,18.61,18.38,18.22,7765903.0,144008368.0
2013-12-17,18.74,18.77,18.62,18.54,5510153.0,103661968.0
2013-12-16,18.90,18.98,18.68,18.56,10646092.0,201617344.0
2013-12-13,18.97,19.00,18.94,18.84,8417392.0,160819904.0
2013-12-12,19.31,19.33,19.18,19.15,7518747.0,145793856.0
2013-12-11,19.57,19.67,19.37,19.33,10453840.0,205887424.0
2013-12-10,19.46,19.49,19.41,19.25,8056843.0,157395760.0
2013-12-09,19.26,19.54,19.42,19.21,7700928.0,150806688.0
2013-12-06,19.23,19.30,19.26,19.14,5981760.0,116129304.0
2013-12-05,19.52,19.58,19.35,19.31,8988309.0,176399760.0
2013-12-04,19.17,19.34,19.31,19.06,9539938.0,185424192.0
2013-12-03,19.01,19.27,19.21,18.96,8467035.0,163120608.0
2013-12-02,19.49,19.54,19.22,19.18,10463459.0,203947696.0
2013-11-29,19.61,19.74,19.55,19.50,9715368.0,191891872.0
2013-11-28,19.41,19.96,19.67,19.32,16705239.0,331790944.0
2013-11-27,19.39,19.44,19.41,19.25,7955386.0,155356992.0
2013-11-26,19.44,19.57,19.45,19.33,5516314.0,108220720.0
2013-11-25,19.46,19.61,19.32,19.28,8891226.0,174895200.0
2013-11-22,19.29,19.92,19.67,19.20,13252666.0,261888976.0
2013-11-21,19.39,19.39,19.31,19.20,9900364.0,192576624.0
2013-11-20,19.79,19.81,19.65,19.55,7040311.0,139559312.0
2013-11-19,19.69,19.74,19.65,19.56,7932701.0,157334256.0
2013-11-18,19.53,19.90,19.87,19.43,11638379.0,230702560.0
2013-11-15,19.29,19.63,19.54,19.28,9405413.0,185197680.0
2013-11-14,19.27,19.35,19.24,19.12,6321368.0,122876104.0
2013-11-13,19.40,19.40,19.21,19.20,5942052.0,115734136.0
2013-11-12,19.43,19.56,19.55,19.28,6649860.0,130472168.0
2013-11-11,19.58,19.58,19.40,19.31,7709566.0,151256288.0
2013-11-08,20.06,20.14,19.82,19.81,6294853.0,126737720.0
2013-11-07,20.08,20.29,20.19,20.04,6288639.0,128058856.0
2013-11-06,20.10,20.18,20.05,19.99,5037490.0,102043176.0
2013-11-05,20.18,20.19,20.18,19.97,4658208.0,94476944.0
2013-11-04,20.14,20.24,20.17,20.04,5489607.0,111631056.0
2013-11-01,20.22,20.29,20.19,19.83,7996758.0,161972640.0
2013-10-31,20.60,20.60,20.36,20.32,8360870.0,172130208.0
2013-10-30,20.60,20.82,20.79,20.45,7168603.0,149412560.0
2013-10-29,21.28,21.33,20.78,20.55,10634326.0,224936720.0
2013-10-28,21.29,21.37,21.23,21.09,5611415.0,120178944.0
2013-10-25,21.71,21.77,21.22,21.15,8747390.0,189090944.0
2013-10-24,21.69,21.71,21.59,21.50,7546872.0,164429856.0
2013-10-23,22.05,22.16,21.80,21.73,13043382.0,288931264.0
2013-10-22,21.84,21.84,21.70,21.60,8802564.0,192659040.0
2013-10-21,21.79,22.01,21.92,21.59,11861893.0,260942816.0
2013-10-18,22.28,22.43,21.89,21.79,14349754.0,319287680.0
2013-10-17,22.06,22.06,21.58,21.51,14351789.0,314200832.0
2013-10-16,21.55,22.55,22.28,21.34,24290928.0,539260864.0
2013-10-15,21.50,21.75,21.65,21.37,10874884.0,236636592.0
2013-10-14,21.44,21.54,21.51,21.32,10974676.0,237351216.0
2013-10-11,21.50,21.75,21.72,21.34,13474318.0,293473600.0
2013-10-10,21.69,21.69,21.58,21.48,11997638.0,261256944.0
2013-10-09,22.04,22.04,21.93,21.79,8544830.0,188735376.0
2013-10-08,21.96,22.05,22.04,21.60,8979051.0,198063984.0
2013-09-30,21.67,22.00,21.96,21.67,6705562.0,148090064.0
2013-09-27,21.70,21.75,21.61,21.49,8311674.0,181421120.0
2013-09-26,22.16,22.26,21.81,21.80,9571455.0,212224000.0
2013-09-25,22.05,22.09,22.08,21.79,12349621.0,273580064.0
2013-09-24,22.51,22.51,21.98,21.93,12409598.0,277237760.0
2013-09-23,22.59,22.72,22.55,22.38,12904831.0,293668160.0
2013-09-18,21.96,22.43,22.29,21.82,9627935.0,214336816.0
2013-09-17,22.68,22.68,22.07,22.05,14228434.0,320416320.0
2013-09-16,22.79,23.14,22.79,22.72,13348797.0,308692800.0
2013-09-13,22.60,22.85,22.69,22.53,18910996.0,432685280.0
2013-09-12,23.52,23.52,23.05,22.96,20283556.0,474106112.0
2013-09-11,23.45,23.72,23.57,23.09,24999396.0,592185472.0
2013-09-10,23.99,24.01,23.86,23.53,23789112.0,568556160.0
2013-09-09,23.94,24.22,24.19,23.59,19705480.0,476413792.0
2013-09-06,23.08,23.87,23.86,22.98,16483650.0,391573280.0
2013-09-05,23.82,23.87,23.57,23.37,20358228.0,484969792.0
2013-09-04,24.57,24.76,24.31,24.11,24064214.0,592970112.0
2013-09-03,24.02,24.25,24.08,23.78,20530784.0,498125120.0
2013-09-02,23.97,24.96,24.65,23.67,30975540.0,764740288.0
2013-08-30,24.86,24.86,24.40,23.77,34203012.0,833299840.0
2013-08-29,25.95,25.95,24.96,24.56,57981464.0,1469410432.0
2013-08-28,23.35,25.04,25.04,23.35,64589036.0,1603371648.0
2013-08-27,22.15,22.77,22.76,22.14,21479388.0,487788736.0
2013-08-26,21.89,22.21,22.10,21.89,11674475.0,260575600.0
2013-08-23,21.81,21.94,21.62,21.22,9325428.0,203311136.0
2013-08-22,21.89,22.02,21.68,21.63,11211980.0,246697888.0
2013-08-21,22.04,22.17,22.11,21.84,8192283.0,182198592.0
2013-08-20,22.25,22.33,21.90,21.81,15371774.0,342328704.0
2013-08-19,22.51,22.67,22.43,22.18,15866590.0,359017856.0
2013-08-16,22.78,23.22,22.44,22.40,33970288.0,782220352.0
2013-08-15,22.43,22.94,22.39,22.35,19277044.0,440249184.0
2013-08-14,22.28,22.53,22.27,22.13,21692594.0,487607168.0
2013-08-13,22.83,22.94,22.63,22.44,20254704.0,463839936.0
2013-08-12,22.12,23.03,22.76,21.72,37532320.0,849469184.0
2013-08-09,21.48,21.96,21.83,21.32,29193296.0,638550144.0
2013-08-08,21.12,21.29,21.19,21.10,8951510.0,191482592.0
2013-08-07,21.09,21.25,21.14,21.01,10609969.0,226356224.0
2013-08-06,21.29,21.38,21.32,21.09,11398406.0,244362208.0
2013-08-05,21.29,21.42,21.41,21.14,10400643.0,223785392.0
2013-08-02,21.38,21.53,21.19,21.19,13273702.0,285592160.0
2013-08-01,21.36,21.67,21.54,21.25,10493790.0,227735600.0
2013-07-31,21.15,21.49,21.28,21.15,6429714.0,138149616.0
2013-07-30,20.98,21.56,21.12,20.98,7771423.0,166475760.0
2013-07-29,21.29,21.34,20.96,20.95,8861322.0,188332816.0
2013-07-26,21.52,21.69,21.49,21.31,8416686.0,182770192.0
2013-07-25,21.47,21.86,21.48,21.19,13741046.0,297168064.0
2013-07-24,22.18,22.40,21.78,21.49,16677093.0,368414656.0
2013-07-23,22.28,23.11,22.26,22.19,28995856.0,660596224.0
2013-07-22,21.11,21.85,21.83,20.96,18246632.0,395269696.0
2013-07-19,21.14,21.34,20.81,20.80,14261226.0,302770912.0
2013-07-18,21.78,21.78,21.14,21.12,18833770.0,404807424.0
2013-07-17,22.20,22.46,21.95,21.91,16259809.0,364122528.0
2013-07-16,22.28,22.28,22.17,21.82,15037891.0,334398560.0
2013-07-15,22.40,22.74,22.39,22.22,16002682.0,362771008.0
2013-07-12,23.07,23.07,22.28,22.17,29602228.0,676947840.0
2013-07-11,22.19,23.37,23.14,21.99,40879896.0,933967872.0
2013-07-10,21.35,21.77,21.71,20.90,24238862.0,521556608.0
2013-07-09,21.38,21.75,21.40,21.20,17330132.0,375995168.0
2013-07-08,22.48,22.62,21.20,21.18,34271748.0,756174464.0
2013-07-05,22.88,23.97,23.41,22.79,35080376.0,829918080.0
2013-07-04,23.03,23.49,23.19,22.67,43844296.0,1021956032.0
2013-07-03,23.08,24.46,23.76,23.08,71539512.0,1705451648.0
2013-07-02,25.64,25.64,25.64,25.64,4279400.0,110793664.0
2013-07-01,28.49,28.49,28.49,28.49,1443300.0,41523740.0
2013-04-02,31.66,32.00,31.64,31.61,4503942.0,145200768.0
2013-04-01,32.21,32.21,31.57,31.43,9627023.0,309665056.0
2013-03-29,32.63,32.63,32.40,32.32,6337032.0,208655520.0
2013-03-28,32.60,33.37,32.84,32.41,12643426.0,423445824.0
2013-03-27,32.79,32.90,32.57,32.53,6419996.0,212860496.0
2013-03-26,33.31,33.34,32.81,32.59,6811200.0,226781456.0
2013-03-25,33.58,33.77,33.30,33.17,5713495.0,193475968.0
2013-03-22,33.66,33.97,33.66,33.48,6624387.0,226589936.0
2013-03-21,33.62,33.67,33.46,33.31,7316236.0,248788000.0
2013-03-20,33.35,33.72,33.64,32.99,10616737.0,359809696.0
2013-03-19,32.79,33.21,33.08,32.77,6936345.0,232118848.0
2013-03-18,32.75,32.99,32.58,32.53,6581785.0,218582032.0
2013-03-15,32.99,33.29,32.70,32.62,7675900.0,256538464.0
2013-03-14,33.34,33.49,32.96,32.95,7273747.0,244605504.0
2013-03-13,33.54,33.83,33.51,33.39,6002396.0,204732912.0
2013-03-12,33.92,34.16,33.34,33.09,9680404.0,330774304.0
2013-03-11,33.88,34.05,33.92,33.73,4885421.0,168067200.0
2013-03-08,34.15,34.15,33.88,33.85,7679951.0,264814240.0
2013-03-07,34.07,34.32,34.21,33.74,11760508.0,406987328.0
2013-03-06,34.20,34.34,34.08,33.88,11533954.0,398520544.0
2013-03-05,34.08,34.18,34.14,33.82,11404824.0,393968384.0
2013-03-04,34.45,34.78,33.81,33.68,12377047.0,429828096.0
2013-03-01,34.37,34.50,34.47,34.25,10928608.0,381334880.0
2013-02-28,34.48,34.82,34.77,34.17,12262578.0,429774944.0
2013-02-27,34.70,34.95,34.57,34.42,8758547.0,307661728.0
2013-02-26,34.82,35.03,34.23,34.19,13719974.0,481497440.0
2013-02-25,34.65,34.76,34.63,34.50,7092949.0,249237392.0
2013-02-22,34.28,34.85,34.68,34.28,10433078.0,366145952.0
2013-02-21,35.06,35.06,34.33,34.17,27238888.0,952068992.0
2013-02-20,35.54,36.00,35.92,35.49,10285865.0,373552096.0
2013-02-19,35.95,36.12,35.58,35.51,18144822.0,658649920.0
2013-02-18,36.43,36.44,36.15,35.88,35936244.0,1320468608.0
2013-02-08,37.73,38.16,37.82,37.50,15187212.0,583310080.0
2013-02-07,37.32,38.20,37.98,37.14,25523932.0,979910144.0
2013-02-06,37.28,37.57,37.22,37.13,12625250.0,478511456.0
2013-02-05,37.08,37.66,37.25,36.91,17728788.0,672074496.0
2013-02-04,36.83,37.37,37.29,36.30,23342346.0,875217088.0
2013-02-01,36.49,36.59,36.53,36.00,15203868.0,559667968.0
2013-01-31,36.98,37.40,36.80,36.76,16556245.0,622849984.0
2013-01-30,36.96,37.00,36.42,36.21,15319386.0,568099392.0
2013-01-29,36.44,37.18,37.03,35.97,19949412.0,740906560.0
2013-01-28,36.16,36.40,36.36,35.83,14038895.0,516259168.0
2013-01-25,35.94,36.44,36.14,35.65,9587577.0,350923456.0
2013-01-24,36.74,37.16,36.10,35.93,17264744.0,639166144.0
2013-01-23,37.36,37.42,37.00,36.59,8793816.0,330008928.0
2013-01-22,37.91,37.91,37.24,36.93,12768462.0,482460736.0
2013-01-21,38.04,38.41,37.84,37.54,13257355.0,509972768.0
2013-01-18,37.82,38.27,37.97,37.43,18975708.0,729686528.0
2013-01-17,38.17,38.22,37.34,37.33,19385476.0,739662656.0
2013-01-16,37.41,38.26,38.11,37.14,36019168.0,1380840320.0
2013-01-15,36.59,37.32,37.09,36.34,24503520.0,917561408.0
2013-01-14,35.46,36.67,36.52,35.34,21223324.0,778965440.0
2013-01-11,36.93,37.02,35.88,35.80,14264629.0,525774272.0
2013-01-10,35.87,36.66,36.44,35.75,16400253.0,603642496.0
2013-01-09,36.25,36.48,36.13,36.00,14085775.0,517511520.0
2013-01-08,35.75,36.13,36.12,35.46,15958480.0,579433600.0
2013-01-07,36.52,36.52,35.97,35.71,27513356.0,1002539776.0
2013-01-04,37.23,37.41,36.58,36.44,24649438.0,921653760.0
2012-12-31,37.21,37.68,37.58,36.94,14760573.0,560911040.0
2012-12-28,36.93,37.54,37.18,36.69,20008040.0,756044224.0
2012-12-27,36.63,37.12,36.95,35.96,22558494.0,838102144.0
2012-12-26,35.90,37.31,36.63,35.73,22132452.0,821399616.0
2012-12-25,35.44,36.07,35.94,35.01,17537300.0,636655424.0
2012-12-24,35.36,35.63,35.54,35.17,10249168.0,368058176.0
2012-12-21,35.11,35.55,35.35,34.95,15148109.0,542113408.0
2012-12-20,35.73,35.74,35.65,34.82,19653532.0,704172032.0
2012-12-19,36.00,36.10,35.98,35.55,16095939.0,585223232.0
2012-12-18,36.54,36.93,36.83,36.24,12198805.0,454027712.0
2012-12-17,36.22,36.81,36.40,35.95,14309301.0,528162464.0
2012-12-14,35.06,36.62,36.37,35.02,19096578.0,699087872.0
2012-12-13,36.74,36.74,35.39,35.36,17645796.0,642782336.0
2012-12-12,35.60,36.83,36.76,35.31,18372568.0,674821056.0
2012-12-11,36.00,36.10,35.58,35.46,8406315.0,304560288.0
2012-12-10,35.85,36.13,36.02,35.45,12010947.0,436069696.0
2012-12-07,34.46,35.92,35.84,34.46,12657946.0,456392928.0
2012-12-06,34.96,35.25,34.45,34.29,7988122.0,280733408.0
2012-12-05,33.68,35.72,35.36,33.66,10252665.0,364364896.0
2012-12-04,34.76,34.76,34.47,33.68,10083065.0,348625280.0
2012-12-03,36.04,36.04,35.01,34.96,8814195.0,316187840.0
2012-11-30,35.97,36.35,36.30,35.87,6303567.0,230735088.0
2012-11-29,35.52,36.24,35.92,35.50,5673490.0,207093328.0
2012-11-28,36.34,36.40,36.23,35.78,6865995.0,251961504.0
2012-11-27,36.93,37.39,36.85,36.77,7556752.0,284313344.0
2012-11-26,36.79,37.31,36.97,36.79,9008313.0,338793216.0
2012-11-23,36.24,36.42,36.28,35.80,4437238.0,163074176.0
2012-11-22,36.19,36.47,36.03,35.85,3915626.0,143906048.0
2012-11-21,35.78,36.19,36.11,35.26,5049678.0,183635072.0
2012-11-20,36.43,36.64,35.90,35.85,5416721.0,199509936.0
2012-11-19,35.66,35.92,35.84,35.46,5344210.0,193548848.0
2012-11-16,36.05,36.05,35.47,35.17,7001217.0,251731392.0
2012-11-15,36.67,36.91,36.24,36.24,4024336.0,149367808.0
2012-11-14,36.51,36.90,36.67,36.39,3814493.0,141792080.0
2012-11-13,37.42,37.42,36.65,36.64,7287131.0,272493760.0
2012-11-12,38.03,38.16,37.69,37.43,6826195.0,261313696.0
2012-11-09,37.97,38.50,37.97,37.83,8404349.0,325574816.0
2012-11-08,37.82,38.51,37.76,37.66,9695204.0,373596352.0
2012-11-07,37.43,38.61,38.30,37.43,20354824.0,786958272.0
2012-11-06,36.58,37.23,37.03,35.95,10116327.0,375428864.0
2012-11-05,36.22,36.74,36.55,35.95,11755628.0,432877472.0
2012-11-02,37.43,37.62,37.34,37.00,7684685.0,290792032.0
2012-11-01,36.93,37.70,37.69,36.80,10140747.0,384077856.0
2012-10-31,37.43,37.43,36.58,35.95,12032961.0,448242368.0
2012-10-30,37.23,37.92,37.56,37.14,6795810.0,258722336.0
2012-10-29,36.94,37.92,37.39,36.94,7829216.0,298439104.0
2012-10-26,38.29,38.29,36.95,36.93,9711154.0,368344992.0
2012-10-25,38.22,38.38,38.15,37.57,8937298.0,344533728.0
2012-10-24,38.00,38.38,38.22,37.89,5260864.0,203727360.0
2012-10-23,38.13,38.97,38.43,38.10,8423249.0,329711968.0
2012-10-22,37.62,38.51,38.30,37.53,8677482.0,335074976.0
2012-10-19,38.85,38.86,38.30,38.23,10380443.0,405540608.0
2012-10-18,38.80,39.23,39.08,38.62,8843171.0,349665568.0
2012-10-17,38.88,39.27,38.80,38.63,8162291.0,322682688.0
2012-10-16,38.09,38.94,38.60,38.08,9693985.0,378734848.0
2012-10-15,39.20,39.24,38.64,38.44,12917423.0,508104576.0
2012-10-12,40.48,40.77,39.99,39.77,9244836.0,376469216.0
2012-10-11,39.89,40.93,40.25,39.69,12617898.0,517636544.0
2012-10-10,39.62,40.80,40.39,39.26,17948772.0,724772544.0
2012-10-09,40.38,40.92,40.38,40.14,12595049.0,517574176.0
2012-10-08,40.87,40.87,40.14,39.75,15061595.0,613870592.0
2012-09-28,39.87,41.37,41.09,39.79,26481126.0,1099093248.0
2012-09-27,37.99,40.38,39.58,37.67,22025276.0,876663552.0
2012-09-26,38.80,38.93,38.39,37.91,13965770.0,544596288.0
2012-09-25,40.28,40.28,39.16,38.85,19387568.0,773937152.0
2012-09-24,40.33,40.68,40.38,39.51,17891556.0,727494656.0
2012-09-21,39.94,42.06,41.04,39.94,26192134.0,1096067968.0
2012-09-20,40.38,41.16,39.90,39.72,28082854.0,1155659264.0
2012-09-19,38.53,41.17,40.95,38.40,29122356.0,1176932480.0
2012-09-18,38.90,39.06,38.37,38.10,18931064.0,741838080.0
2012-09-17,39.28,40.33,39.53,38.99,33049120.0,1336662272.0
2012-09-14,40.09,40.38,39.08,38.61,52172904.0,2094561280.0
2012-09-13,37.87,38.09,37.11,37.10,17341088.0,658485312.0
2012-09-12,38.57,38.90,38.24,37.95,24802704.0,968213184.0
2012-09-11,37.48,38.79,38.19,37.14,23386338.0,905920384.0
2012-09-10,38.41,38.79,37.75,37.43,37735312.0,1464971264.0
2012-09-07,36.24,38.07,37.00,36.16,36200760.0,1362794368.0
2012-09-06,35.85,36.63,36.48,35.79,13573235.0,499288896.0
2012-09-05,34.86,36.81,35.89,34.75,20364288.0,744112896.0
2012-09-04,35.57,35.63,34.99,34.92,9763882.0,348342368.0
2012-09-03,33.79,35.65,35.29,33.79,20468282.0,727620288.0
2012-08-31,32.70,33.27,33.02,32.51,5085195.0,170173568.0
2012-08-30,33.64,33.94,32.94,32.51,10830139.0,365426656.0
2012-08-29,34.46,34.46,34.24,34.00,10097330.0,350961664.0
2012-08-28,34.88,35.45,34.67,34.39,10633963.0,375753184.0
2012-08-27,35.16,36.06,35.32,35.16,14059177.0,509367264.0
2012-08-24,36.00,36.18,35.24,35.21,20998144.0,763907584.0
2012-08-23,35.32,36.19,35.99,35.11,24095264.0,872214528.0
2012-08-22,34.87,35.34,34.63,34.62,10668141.0,378270880.0
2012-08-21,34.58,34.96,34.49,34.42,11569010.0,407987936.0
2012-08-20,34.18,34.59,34.45,34.03,6188995.0,215707072.0
2012-08-17,34.11,34.47,34.46,33.89,8946626.0,311066720.0
2012-08-16,33.50,34.11,33.57,33.50,2754555.0,94253504.0
2012-08-15,33.99,34.14,33.55,33.42,3852345.0,131461024.0
2012-08-14,34.08,34.32,34.26,33.35,5652679.0,194195952.0
2012-08-13,33.98,34.65,34.37,33.76,8112433.0,283012800.0
2012-08-10,34.63,34.67,33.86,33.59,5954878.0,205412864.0
2012-08-09,34.35,34.87,34.47,33.98,7577129.0,264819872.0
2012-08-08,34.12,34.96,34.24,33.99,9276592.0,325001344.0
2012-08-07,33.38,34.99,34.32,33.29,14589692.0,509147808.0
2012-08-06,32.80,33.44,33.37,32.76,10123542.0,340339776.0
2012-08-03,32.62,32.76,32.64,32.37,7688576.0,253929776.0
2012-08-02,32.94,33.07,32.77,32.51,5153890.0,171175312.0
2012-08-01,32.89,33.32,33.29,32.72,7097597.0,238589696.0
2012-07-31,32.54,33.31,32.99,32.54,8539460.0,286490912.0
2012-07-30,32.92,33.48,32.53,32.41,6226680.0,208113968.0
2012-07-27,32.41,32.97,32.89,32.23,10004106.0,331987648.0
2012-07-26,32.18,32.77,32.19,32.01,7894449.0,259877024.0
2012-07-25,31.87,32.11,31.68,31.62,3046491.0,98589432.0
2012-07-24,31.54,32.26,31.94,31.42,3385444.0,109461552.0
2012-07-23,32.28,32.30,31.68,31.63,4492355.0,145545552.0
2012-07-20,32.75,32.75,32.39,32.35,4043379.0,133441520.0
2012-07-19,32.32,32.93,32.76,32.32,6078622.0,201653280.0
2012-07-18,32.80,32.99,32.78,32.26,7749031.0,256492416.0
2012-07-17,31.73,33.07,33.01,31.73,14266248.0,471319424.0
2012-07-16,31.84,32.06,31.68,31.47,5736328.0,184611072.0
2012-07-13,31.52,32.11,31.65,31.24,4940204.0,159022640.0
2012-07-12,31.43,32.01,31.74,30.58,11243934.0,357424800.0
2012-07-11,31.49,31.69,31.58,31.18,4426866.0,141405856.0
2012-07-10,31.81,31.82,31.50,31.36,6247214.0,199997232.0
2012-07-09,32.65,32.86,31.96,31.88,9959829.0,326950592.0
2012-07-06,32.68,33.39,33.32,31.87,8736133.0,289107104.0
2012-07-05,32.80,32.80,32.52,32.38,4697326.0,155069760.0
2012-07-04,33.30,33.43,32.98,32.86,4600547.0,154560864.0
2012-07-03,32.80,33.04,32.82,32.55,4759016.0,158722352.0
2012-07-02,33.04,33.25,32.80,32.53,5763879.0,191851424.0
2012-06-29,31.81,32.47,32.34,31.02,8687658.0,279809728.0
2012-06-28,33.08,33.16,32.30,32.28,6612659.0,218482048.0
2012-06-27,33.15,33.28,33.03,32.62,6425605.0,215069088.0
2012-06-26,32.93,33.49,33.39,32.90,6980747.0,235325280.0
2012-06-25,33.72,33.72,32.88,32.53,11192172.0,374850528.0
2012-06-21,34.62,34.62,34.00,33.72,11072796.0,383179904.0
2012-06-20,35.27,35.46,35.15,35.04,5375721.0,192101392.0
2012-06-19,35.38,35.54,35.51,34.87,8645117.0,308649408.0
2012-06-18,35.31,35.51,35.24,34.94,8091397.0,290569664.0
2012-06-15,35.70,35.77,35.29,34.68,11315810.0,405959104.0
2012-06-14,35.85,36.19,35.50,35.42,11103195.0,403924480.0
2012-06-13,35.80,36.26,35.85,35.46,11166826.0,407671808.0
2012-06-12,35.41,35.96,35.45,35.29,10920038.0,395065504.0
2012-06-11,35.68,36.68,35.98,35.55,16196457.0,596470848.0
2012-06-08,35.69,35.93,35.31,35.00,23148240.0,836725952.0
2012-06-07,37.27,37.27,36.55,36.37,30206812.0,1134283520.0
2012-06-06,35.21,37.90,37.27,35.11,48473868.0,1820113408.0
2012-06-05,35.57,35.73,34.91,34.82,20682124.0,741894336.0
2012-06-04,36.28,36.28,35.61,35.00,47450248.0,1721296000.0
2012-06-01,33.65,33.82,33.68,33.41,7629602.0,261731456.0
2012-05-31,33.51,33.89,33.65,33.36,5735440.0,197222720.0
2012-05-30,33.35,33.74,33.67,33.16,5452108.0,185381808.0
2012-05-29,33.16,33.99,33.74,33.00,11002988.0,377490976.0
2012-05-28,32.82,33.33,33.25,32.38,5722192.0,191665888.0
2012-05-25,32.86,32.97,32.76,32.55,3737953.0,124719128.0
2012-05-24,32.77,33.00,32.79,32.66,3553290.0,118810320.0
2012-05-23,33.27,33.44,32.95,32.72,6389924.0,215251648.0
2012-05-22,33.48,33.86,33.68,33.35,5854109.0,200501952.0
2012-05-21,33.84,33.94,33.68,33.31,5819114.0,199868288.0
2012-05-18,33.40,34.18,33.49,33.26,12857627.0,442257216.0
2012-05-17,32.69,33.44,33.15,32.61,6908794.0,232552544.0
2012-05-16,32.56,32.91,32.60,32.19,6128566.0,203746048.0
2012-05-15,32.35,32.60,32.56,32.06,7554714.0,248365184.0
2012-05-14,33.54,33.84,32.75,32.70,10676047.0,359831168.0
2012-05-11,34.23,34.28,33.51,33.45,9908579.0,339663328.0
2012-05-10,34.13,34.43,34.22,34.04,5882717.0,205242928.0
2012-05-09,34.72,34.72,34.23,33.99,10826728.0,379131360.0
2012-05-08,35.86,35.88,35.41,35.24,9945506.0,359987424.0
2012-05-07,35.25,35.95,35.87,34.92,14295863.0,519651424.0
2012-05-04,34.98,35.49,35.43,34.72,10232559.0,366071072.0
2012-05-03,35.43,35.51,35.20,35.01,9101932.0,326707968.0
2012-05-02,34.80,35.80,35.51,34.57,16982612.0,611661056.0
2012-04-27,34.17,34.81,34.46,34.14,9443800.0,332470304.0
2012-04-26,34.21,34.46,34.14,33.86,9760403.0,340305728.0
2012-04-25,33.33,35.10,34.20,33.15,19839404.0,692200512.0
2012-04-06,32.41,32.41,32.29,32.08,4485720.0,147461728.0
2012-04-05,31.80,32.54,32.46,31.11,9283998.0,301938336.0
2012-03-30,32.51,32.75,32.16,31.41,6686273.0,217886560.0
2012-03-29,32.37,32.86,32.62,31.79,8447046.0,277948320.0
2012-03-28,33.54,33.86,33.34,32.96,6531554.0,222018256.0
2012-03-27,33.59,34.32,33.86,33.59,7614985.0,263744016.0
2012-03-26,33.53,33.62,33.06,32.94,4336867.0,147007184.0
2012-03-23,34.03,34.03,33.19,33.14,7151979.0,243887328.0
2012-03-22,34.05,34.46,34.27,33.76,7676755.0,267518240.0
2012-03-21,33.72,34.42,34.08,33.52,9502767.0,329932288.0
2012-03-20,33.84,34.27,33.66,33.31,7608721.0,261109840.0
2012-03-19,33.45,34.31,34.26,33.15,9539024.0,327190464.0
2012-03-16,33.05,33.67,33.39,33.05,10731706.0,364983872.0
2012-03-15,33.20,33.54,32.93,32.36,17069100.0,571549184.0
2012-03-14,34.92,35.24,33.72,33.60,17294466.0,610445376.0
2012-03-13,34.82,35.19,35.08,34.82,7730122.0,275689408.0
2012-03-12,35.22,35.29,35.01,34.67,8432598.0,300011808.0
2012-03-09,35.01,35.52,35.19,34.83,9399738.0,337305920.0
2012-03-08,33.95,34.59,34.52,33.95,9858921.0,344929376.0
2012-03-07,33.48,34.14,33.74,33.48,10842365.0,373939200.0
2012-03-06,35.55,35.75,34.48,34.33,15041784.0,533394592.0
2012-03-05,36.04,36.09,35.85,35.55,11165322.0,406364640.0
2012-03-02,36.00,36.24,36.09,35.80,12223207.0,448283968.0
2012-03-01,35.60,36.17,36.01,35.21,16448469.0,600364800.0
2012-02-29,36.66,37.75,36.93,36.34,16089419.0,609052096.0
2012-02-28,36.19,36.66,36.39,35.83,11505861.0,425227232.0
2012-02-27,36.29,36.74,36.39,36.10,14564553.0,541438400.0
2012-02-24,36.19,36.45,36.29,36.01,9709646.0,358980864.0
2012-02-23,36.04,36.73,35.99,35.75,13692180.0,505245696.0
2012-02-22,35.46,35.77,35.59,35.41,12129534.0,440447040.0
2012-02-21,34.92,35.11,35.07,34.27,7037717.0,249245440.0
2012-02-20,35.02,35.59,34.92,34.79,9917216.0,355913120.0
2012-02-17,35.09,35.21,34.78,34.57,4943004.0,175573840.0
2012-02-16,35.06,35.06,34.82,34.43,8474594.0,300252128.0
2012-02-15,34.26,35.19,35.06,34.21,11479529.0,407172256.0
2012-02-14,34.44,34.72,34.38,34.23,6031951.0,211583152.0
2012-02-13,34.31,35.29,34.78,34.08,7055676.0,249715856.0
2012-02-10,35.13,35.75,34.73,34.48,9971475.0,355756832.0
2012-02-09,35.11,35.79,35.14,34.74,12977886.0,465744096.0
2012-02-08,34.13,35.80,35.46,33.94,20528156.0,733143616.0
2012-02-07,34.18,34.18,33.88,33.21,11550959.0,395376992.0
2012-02-06,34.52,34.87,34.50,34.18,13421539.0,471770944.0
2012-02-03,33.87,35.16,34.94,33.55,16810912.0,592510208.0
2012-02-02,33.22,33.80,33.77,32.87,11639346.0,395177984.0
2012-02-01,34.33,35.01,32.90,32.46,14988637.0,518342592.0
2012-01-31,34.12,34.81,34.21,33.55,9553077.0,333223776.0
2012-01-30,34.40,35.80,34.26,34.18,21570762.0,767525568.0
2012-01-20,33.35,34.21,33.41,32.36,15198454.0,516655104.0
2012-01-19,31.46,34.68,33.64,31.36,25075990.0,851376192.0
2012-01-18,32.17,32.81,31.62,31.50,19501908.0,636348480.0
2012-01-17,29.21,31.87,31.87,29.21,18097674.0,573441856.0
2012-01-16,29.70,29.90,28.97,28.93,7162016.0,214631776.0
2012-01-13,30.90,31.39,30.26,29.74,9163745.0,285053984.0
2012-01-12,30.57,31.05,30.92,30.36,9081359.0,284869568.0
2012-01-11,30.86,31.23,30.69,30.23,10708524.0,335694336.0
2012-01-10,29.25,30.85,30.76,29.13,14129178.0,433020352.0
2012-01-09,28.43,29.42,29.41,28.05,9676298.0,285701248.0
2012-01-06,27.93,28.30,28.27,27.58,4579737.0,130225320.0
2012-01-05,27.77,28.42,27.93,27.62,5868022.0,167004112.0
2012-01-04,28.42,28.70,27.75,27.74,6145853.0,177139728.0
2011-12-30,27.54,28.00,27.85,27.46,5785433.0,163927424.0
2011-12-29,27.37,27.90,27.45,27.27,4406665.0,123974472.0
2011-12-28,27.76,27.96,27.95,27.17,6230819.0,174619136.0
2011-12-27,28.15,28.47,27.92,27.91,4406826.0,126616888.0
2011-12-26,28.27,28.85,28.29,28.05,4006349.0,116030568.0
2011-12-23,28.03,28.84,28.49,27.95,5362747.0,155462416.0
2011-12-22,28.44,28.50,28.34,27.62,8542145.0,243306080.0
2011-12-21,29.48,29.69,28.82,28.47,6627592.0,198077648.0
2011-12-20,29.00,29.42,29.07,28.76,5594253.0,166242384.0
2011-12-19,29.68,29.69,29.09,28.23,10062774.0,294603680.0
2011-12-16,29.35,29.87,29.65,28.44,13292277.0,396906112.0
2011-12-15,30.48,30.57,29.40,29.31,12233174.0,372033952.0
2011-12-14,32.56,32.71,31.76,31.59,5531793.0,181467120.0
2011-12-13,33.54,33.55,32.75,32.25,9503518.0,317085632.0
2011-12-12,34.72,34.74,34.13,34.13,4275841.0,149715856.0
2011-12-09,34.61,34.91,34.50,34.44,3594039.0,126822808.0
2011-12-08,35.14,35.42,35.01,34.67,3164585.0,113051248.0
2011-12-07,34.67,35.16,34.98,34.67,3280035.0,116625704.0
2011-12-06,35.80,35.80,34.62,34.33,8038552.0,285264608.0
2011-12-05,37.09,37.16,35.79,35.65,6437901.0,237600960.0
2011-12-02,36.83,36.98,36.90,36.24,5507382.0,205781664.0
2011-12-01,36.88,37.72,37.05,36.78,13352157.0,507078240.0
2011-11-30,36.80,36.88,35.60,35.32,6050869.0,222118176.0
2011-11-29,36.78,36.88,36.80,36.28,5935627.0,221255600.0
2011-11-28,36.39,36.61,36.13,35.92,3674798.0,135591520.0
2011-11-25,35.95,36.62,36.06,35.79,3053787.0,112643488.0
2011-11-24,35.90,36.29,35.92,35.62,3728361.0,136432624.0
2011-11-23,37.02,37.02,36.35,36.30,4299400.0,160463312.0
2011-11-22,36.14,36.77,36.74,35.80,4835718.0,177928576.0
2011-11-21,36.88,36.98,36.33,36.19,7153373.0,266141392.0
2011-11-18,37.71,37.71,36.99,36.87,6337177.0,240818976.0
2011-11-17,38.35,38.64,38.33,38.15,3956277.0,154735792.0
2011-11-16,39.56,39.84,38.46,38.45,5995460.0,238393536.0
2011-11-15,39.51,39.68,39.49,39.23,4957792.0,199329952.0
2011-11-14,38.94,39.87,39.61,38.76,10201593.0,411683360.0
2011-11-11,38.25,38.54,38.30,38.08,4203608.0,164163408.0
2011-11-10,38.83,38.83,38.39,38.16,6392573.0,250902160.0
2011-11-09,39.38,39.53,39.30,38.91,7371753.0,294514944.0
2011-11-08,40.21,40.49,39.18,39.09,10441487.0,422942496.0
2011-11-07,39.01,39.61,39.31,38.64,8425243.0,335960384.0
2011-11-04,39.04,39.74,38.97,38.78,12174490.0,486382304.0
2011-11-03,38.02,38.74,38.11,37.77,14095319.0,550527936.0
2011-11-02,36.77,37.76,37.62,36.12,9301865.0,349126176.0
2011-11-01,37.06,37.96,37.30,36.83,5631872.0,214662416.0
2011-10-31,37.96,38.06,37.71,36.76,8998513.0,343211520.0
2011-10-28,37.76,38.43,37.89,37.57,10001154.0,387283552.0
2011-10-27,37.61,37.66,37.05,36.78,10031141.0,379846944.0
2011-10-26,36.01,38.07,37.46,36.01,17597546.0,664637824.0
2011-10-25,34.92,36.05,35.67,34.57,8815196.0,318392512.0
2011-10-24,34.44,34.87,34.84,33.97,6222221.0,218930176.0
2011-10-21,35.79,35.80,34.39,34.18,8798924.0,310677888.0
2011-10-20,37.27,37.47,35.80,35.66,6508035.0,239598192.0
2011-10-19,37.73,38.00,37.46,37.32,3705853.0,142041920.0
2011-10-18,38.94,38.94,37.54,37.45,6148107.0,238159264.0
2011-10-17,39.36,39.59,39.06,38.88,3552773.0,141996608.0
2011-10-14,39.39,39.39,39.22,38.90,4306168.0,171926416.0
2011-10-13,38.82,39.98,39.42,38.59,8847517.0,354462720.0
2011-10-12,37.92,39.03,38.82,37.52,6050997.0,237863552.0
2011-10-11,39.04,39.42,38.06,37.82,5663417.0,222825680.0
2011-10-10,38.15,38.34,37.81,37.64,3608773.0,139659552.0
2011-09-30,37.46,38.15,38.12,37.38,6092075.0,234454656.0
2011-09-29,38.25,38.25,37.36,37.07,9718352.0,371145216.0
2011-09-28,39.73,39.84,39.07,38.94,6884945.0,277073152.0
2011-09-27,39.24,39.49,39.35,38.84,7020411.0,280744512.0
2011-09-26,40.21,40.65,38.94,38.57,14232872.0,575918336.0
2011-09-23,42.17,42.67,41.78,40.37,15559069.0,652583680.0
2011-09-22,43.96,43.96,42.97,42.92,6895162.0,304553888.0
2011-09-21,43.45,44.38,44.29,43.19,5537868.0,248250400.0
2011-09-20,43.19,43.65,43.40,43.09,4878886.0,215241904.0
2011-09-19,44.77,44.92,43.93,43.87,3834909.0,173053568.0
2011-09-16,43.99,44.86,44.76,43.74,10024928.0,454795744.0
2011-09-15,44.04,44.49,44.35,43.74,5861761.0,264045312.0
2011-09-14,44.49,44.68,44.04,43.16,6397488.0,286293888.0
2011-09-13,45.12,45.14,44.24,44.19,7010536.0,317985920.0
2011-09-09,46.28,46.54,45.90,45.74,4458164.0,209161424.0
2011-09-08,46.10,46.39,46.06,45.70,6689875.0,314237184.0
2011-09-07,46.42,46.67,46.40,46.00,6964408.0,328389408.0
2011-09-06,46.69,47.07,46.97,45.90,6716369.0,319482272.0
2011-09-05,46.36,47.04,46.51,46.34,7665645.0,364981600.0
2011-09-02,46.59,46.82,46.11,45.86,5663679.0,266608416.0
2011-09-01,47.09,47.46,46.59,46.59,6206565.0,296976768.0
2011-08-31,47.32,47.46,47.06,46.98,4629233.0,222646112.0
2011-08-30,47.37,47.47,47.03,46.95,7833434.0,376995232.0
2011-08-29,47.56,47.85,47.27,47.08,6594489.0,318849600.0
2011-08-26,47.26,47.83,47.55,47.03,9375418.0,453477344.0
2011-08-25,46.32,47.45,47.25,46.12,17774296.0,847309632.0
2011-08-24,48.75,48.75,47.92,47.60,17476100.0,857089536.0
2011-08-23,50.66,50.77,49.36,49.29,13420791.0,680661696.0
2011-08-22,50.04,50.22,50.16,49.39,13258833.0,674457536.0
2011-08-19,49.91,50.51,49.67,49.33,16236964.0,826541696.0
2011-08-18,49.46,49.83,49.04,48.92,8096596.0,407842048.0
2011-08-17,50.22,50.22,49.47,49.42,8446916.0,427816480.0
2011-08-16,49.47,50.27,50.23,48.94,14475502.0,731370496.0
2011-08-15,49.24,49.53,49.26,48.82,13110707.0,656570880.0
2011-08-12,49.83,50.48,49.82,49.33,16914578.0,858994304.0
2011-08-11,51.98,52.21,50.66,50.61,27816292.0,1450238592.0
2011-08-10,50.39,50.95,50.70,49.54,29095112.0,1493314432.0
2011-08-09,51.26,52.46,50.37,50.18,46692848.0,2436783104.0
2011-08-08,48.26,52.00,51.19,46.96,54601360.0,2780927232.0
2011-08-05,46.98,48.96,48.06,46.59,11888473.0,581869312.0
2011-08-04,48.56,49.62,48.49,48.06,10251280.0,511206368.0
2011-08-03,47.86,48.74,48.50,47.84,13552984.0,667959360.0
2011-08-02,46.93,47.36,47.16,45.76,6722726.0,318998432.0
2011-08-01,46.87,47.36,46.92,46.78,5231542.0,250863744.0
2011-07-29,48.06,48.26,46.85,46.81,9338106.0,449802304.0
2011-07-28,48.19,48.45,48.15,47.55,7159268.0,350137664.0
2011-07-27,48.57,49.31,48.88,48.06,10612736.0,529519136.0
2011-07-26,47.81,48.64,48.39,47.32,8770454.0,429728448.0
2011-07-25,48.35,48.63,47.74,47.52,11512795.0,563557632.0
2011-07-22,47.94,48.04,47.56,47.35,7719347.0,374686848.0
2011-07-21,49.05,49.32,47.92,47.86,9576084.0,471306240.0
2011-07-20,49.83,49.92,48.97,48.65,14476559.0,727231936.0
2011-07-19,49.66,50.69,50.27,49.66,16393938.0,839271232.0
2011-07-18,49.71,49.83,49.32,48.44,11446437.0,573636864.0
2011-07-15,49.12,50.02,48.89,48.63,14053520.0,705053312.0
2011-07-14,50.39,51.08,49.12,49.01,28412996.0,1450143616.0
2011-07-13,47.32,49.04,48.52,47.32,19309644.0,954063296.0
2011-07-12,47.67,47.81,46.84,46.74,11783249.0,567094592.0
2011-07-11,46.83,47.86,47.64,46.83,9200433.0,444284928.0
2011-07-08,47.09,47.52,47.01,46.54,8084378.0,387118304.0
2011-07-07,46.52,47.75,46.97,46.52,15141598.0,728082496.0
2011-07-06,46.29,46.88,46.54,45.93,13134567.0,622554752.0
2011-07-05,46.00,46.29,46.06,45.43,12743403.0,594689856.0
2011-07-04,44.53,46.25,45.98,44.33,19516222.0,912318784.0
2011-07-01,44.37,44.80,44.61,44.30,9990620.0,453732608.0
2011-06-29,44.66,44.85,43.98,43.79,7368735.0,332449440.0
2011-06-28,44.20,45.46,44.68,44.18,13198539.0,604151232.0
2011-06-27,44.04,44.63,44.22,43.75,9718945.0,437852992.0
2011-06-24,43.12,44.79,44.39,42.96,13540902.0,607059648.0
2011-06-23,43.30,43.88,43.70,42.91,5698378.0,251892912.0
2011-06-22,43.68,43.97,43.19,43.05,4825387.0,212852320.0
2011-06-21,43.50,43.84,43.66,43.16,4582708.0,203151648.0
2011-06-20,43.55,43.91,43.24,43.16,4388672.0,194184032.0
2011-06-17,43.94,44.41,43.52,43.50,4296822.0,192549232.0
2011-06-16,44.54,44.57,43.95,43.94,4439324.0,199702752.0
2011-06-15,44.64,45.20,44.57,44.50,6236292.0,284112576.0
2011-06-14,44.22,44.97,44.74,43.87,5479075.0,249088336.0
2011-06-13,44.15,44.63,44.44,43.84,5082065.0,228948560.0
2011-06-10,45.09,45.12,44.75,43.94,8357115.0,378655200.0
2011-06-09,44.72,46.98,45.15,44.58,14074445.0,659057728.0
2011-06-08,45.07,45.09,44.80,44.44,6543416.0,298491392.0
2011-06-07,44.17,45.26,45.17,44.04,10040667.0,458580288.0
2011-06-03,43.65,44.24,43.98,43.45,6173079.0,276530624.0
2011-06-02,43.55,44.26,43.89,43.25,7677665.0,343498848.0
2011-06-01,43.78,43.94,43.68,43.36,5154467.0,229078720.0
2011-05-31,43.25,44.01,43.93,43.20,4702689.0,209157568.0
2011-05-30,43.20,43.93,43.19,42.74,5644279.0,249796576.0
2011-05-27,44.58,44.60,43.11,43.04,9132667.0,404890432.0
2011-05-26,45.58,45.71,44.72,44.53,6310583.0,288986720.0
2011-05-25,44.64,45.58,45.09,44.64,9610839.0,442730944.0
2011-05-24,43.63,45.10,44.85,43.63,8305616.0,375440928.0
2011-05-23,44.60,45.30,43.69,43.65,9528315.0,432343840.0
2011-05-20,44.23,44.53,44.49,43.80,5621599.0,253835776.0
2011-05-19,44.53,44.71,44.31,44.04,5985818.0,270729600.0
2011-05-18,43.55,44.22,44.10,43.39,5676262.0,254805968.0
2011-05-17,43.07,44.58,44.13,42.80,10798184.0,484183840.0
2011-05-16,43.45,43.70,43.13,43.07,7246304.0,320959936.0
2011-05-13,43.43,44.04,43.97,43.02,9411764.0,417897792.0
2011-05-12,44.53,44.56,43.26,43.24,15958462.0,715123008.0
2011-05-11,45.70,45.80,45.36,45.31,8032585.0,374044544.0
2011-05-10,45.14,45.86,45.44,45.02,10109376.0,469176768.0
2011-05-09,44.65,45.51,45.19,44.65,9019103.0,415599360.0
2011-05-06,44.04,45.21,44.58,43.65,17559394.0,794791104.0
2011-05-05,45.78,47.13,46.12,45.51,11086335.0,525095744.0
2011-05-04,46.97,47.46,46.21,46.09,17839872.0,850108800.0
2011-05-03,49.52,49.53,48.17,46.56,19789068.0,968591168.0
2011-04-29,50.07,50.30,50.14,49.56,11334073.0,577916096.0
2011-04-28,50.50,51.05,49.54,49.42,16539550.0,848194560.0
2011-04-27,50.34,50.88,49.37,48.94,15451266.0,785568128.0
2011-04-26,51.57,51.63,49.87,49.71,25398644.0,1311071104.0
2011-04-25,56.27,56.27,52.86,52.27,63810872.0,3530541056.0
2011-04-15,52.16,53.31,52.72,52.16,35947864.0,1939679872.0
2011-04-14,50.59,52.31,51.72,50.25,21976940.0,1154567680.0
2011-04-13,49.92,51.38,51.16,48.91,21332042.0,1091973248.0
2011-04-12,51.38,51.38,50.38,49.91,22489202.0,1161316736.0
2011-04-11,53.29,53.51,51.86,51.82,24011596.0,1290203520.0
2011-04-08,52.10,52.60,52.44,51.23,26186000.0,1391820032.0
2011-04-07,52.94,53.67,52.08,51.92,22656592.0,1219956992.0
2011-04-06,52.26,53.29,52.70,51.67,28993920.0,1554865280.0
2011-04-01,51.96,52.33,51.56,50.77,18756558.0,986026624.0
2011-03-31,52.36,52.61,51.38,50.71,17137112.0,898235776.0
2011-03-30,49.88,52.04,51.93,49.64,28200916.0,1471767168.0
2011-03-29,51.78,52.03,50.02,49.92,27952138.0,1455016704.0
2011-03-28,52.11,53.02,52.27,51.58,36282640.0,1942262400.0
2011-03-25,48.82,53.31,52.27,48.61,70304784.0,3690139392.0
2011-03-24,49.52,50.50,48.93,48.84,24503920.0,1242869504.0
2011-03-23,48.18,49.08,48.54,47.61,20987614.0,1038472384.0
2011-03-22,47.60,48.64,48.24,47.36,20786364.0,1022008768.0
2011-03-21,46.58,47.45,47.29,46.21,18831604.0,904122048.0
2011-03-17,45.94,46.16,45.61,45.41,9283332.0,433441792.0
2011-03-16,45.51,46.76,46.57,45.31,13688168.0,645213504.0
2011-03-15,47.50,47.50,46.07,45.38,16232339.0,766250752.0
2011-03-14,47.51,48.62,47.64,47.46,10035583.0,490179232.0
2011-03-11,46.97,47.95,47.49,46.73,15052427.0,726458240.0
2011-03-10,48.48,48.48,47.62,47.59,11227388.0,549229184.0
2011-03-09,49.03,49.03,48.48,48.28,13136142.0,652325696.0
2011-03-08,49.19,49.85,49.15,48.73,12829079.0,645240640.0
2011-03-07,49.03,49.85,49.32,48.57,17539012.0,882655296.0
2011-03-04,47.95,48.52,48.27,47.46,12677989.0,620605824.0
2011-03-03,50.14,50.14,48.49,48.47,20039960.0,1008454144.0
2011-03-02,48.83,50.90,50.13,48.06,37862276.0,1922226304.0
2011-03-01,48.32,48.44,48.36,47.46,18105220.0,886588288.0
2011-02-28,47.98,48.54,48.46,47.56,15613927.0,765716672.0
2011-02-25,49.38,49.38,48.55,47.77,16572038.0,818418432.0
2011-02-24,50.89,51.11,49.37,48.94,23110792.0,1173595776.0
2011-02-23,47.56,50.73,49.98,47.56,39840992.0,2011872128.0
2011-02-22,48.83,49.64,47.52,47.41,30585326.0,1512761472.0
2011-02-21,47.07,47.85,47.46,46.97,14551484.0,703864064.0
2011-02-18,47.30,48.63,47.09,46.99,23643234.0,1152247296.0
2011-02-17,46.97,47.41,46.89,46.45,16130466.0,772446848.0
2011-02-16,46.11,46.74,46.58,45.52,18089450.0,854489216.0
2011-02-15,45.87,47.04,45.87,45.52,23752606.0,1127105536.0
2011-02-14,44.33,45.79,45.44,44.04,17994928.0,829937344.0
2011-02-11,44.37,44.81,44.36,43.84,10705103.0,484218080.0
2011-02-10,43.79,44.43,44.37,42.72,10151023.0,451727136.0
2011-02-09,45.60,46.35,44.02,43.69,14471984.0,665742208.0
2011-02-01,44.92,45.09,44.98,44.09,13500973.0,616036992.0
2011-01-31,42.85,45.11,45.03,42.67,20050876.0,896622400.0
2011-01-28,41.10,42.03,41.89,40.81,12755061.0,538692672.0
2011-01-27,41.15,42.37,42.12,40.83,14027566.0,600110912.0
2011-01-26,40.95,41.30,41.06,40.51,9374118.0,391737504.0
2011-01-25,42.08,42.08,40.83,40.42,12096524.0,505920864.0
2011-01-24,42.86,43.30,42.27,42.08,6437501.0,280306944.0
2011-01-21,42.40,43.44,42.69,42.14,11416227.0,498211200.0
2011-01-20,45.05,45.05,43.21,43.07,11258361.0,504399584.0
2011-01-19,44.33,45.51,45.33,43.95,11506068.0,527141376.0
2011-01-18,43.22,44.38,44.34,43.06,9416449.0,419328288.0
2011-01-17,44.23,44.62,43.23,43.07,15161166.0,678591616.0
2011-01-14,46.09,46.09,44.93,44.67,14103951.0,649802944.0
2011-01-13,47.27,47.54,46.17,45.99,12725340.0,605761600.0
2011-01-12,47.67,48.06,47.15,46.48,9476463.0,457085440.0
2011-01-11,48.15,48.29,47.41,46.94,12294896.0,594531456.0
2011-01-10,47.94,48.65,48.15,47.85,9514163.0,468166624.0
2011-01-07,48.88,48.88,47.94,47.76,17628644.0,866217280.0
2011-01-06,49.33,49.42,48.98,48.83,12709439.0,636496896.0
2011-01-05,50.40,50.40,49.58,49.23,25901798.0,1312741760.0
2011-01-04,52.04,52.64,51.87,51.64,15241437.0,811093888.0
