date,open,high,close,low,volume,amount
2015-11-27,5.62,5.62,5.10,5.09,38512024.0,206088864.0
2015-11-26,5.61,5.76,5.66,5.53,43756704.0,246987552.0
2015-11-25,5.63,5.64,5.61,5.54,29425094.0,164265536.0
2015-11-24,5.60,5.66,5.57,5.43,32577700.0,180201152.0
2015-11-23,5.75,5.75,5.60,5.58,48947180.0,277475712.0
2015-11-20,5.87,5.88,5.78,5.66,49098824.0,283162464.0
2015-11-19,5.78,5.85,5.83,5.63,37536908.0,214757648.0
2015-11-18,5.79,6.05,5.80,5.78,64470096.0,382617600.0
2015-11-17,5.82,5.93,5.83,5.71,52665168.0,305309632.0
2015-11-16,5.56,5.85,5.78,5.40,45433792.0,254024352.0
2015-11-13,5.71,5.82,5.66,5.51,44074716.0,250116656.0
2015-11-12,6.12,6.19,5.89,5.80,91451240.0,547194816.0
2015-11-11,5.65,5.95,5.92,5.59,72275456.0,419846912.0
2015-11-10,5.56,5.78,5.66,5.54,49615848.0,280821472.0
2015-11-09,5.63,5.72,5.62,5.51,78836712.0,441617920.0
2015-11-06,5.72,5.82,5.76,5.67,40985556.0,235042464.0
2015-11-05,5.84,5.92,5.74,5.64,72754776.0,419523712.0
2015-11-04,5.83,6.03,5.97,5.60,96224784.0,557642432.0
2015-11-03,5.28,5.84,5.83,5.17,84724184.0,475528736.0
2015-11-02,4.85,5.45,5.31,4.72,76315704.0,398330496.0
2015-10-30,4.74,5.21,5.00,4.70,81168880.0,407902208.0
2015-10-29,4.73,4.78,4.74,4.65,19973412.0,94294176.0
2015-10-28,4.88,4.93,4.71,4.66,27452018.0,132021344.0
2015-10-27,4.74,4.93,4.89,4.52,41848460.0,198709568.0
2015-10-26,4.82,4.83,4.75,4.68,31568208.0,149925168.0
2015-10-23,4.61,4.78,4.76,4.58,36118496.0,169797952.0
2015-10-22,4.34,4.64,4.61,4.34,25113572.0,112390312.0
2015-10-21,4.75,4.86,4.41,4.31,41221652.0,191988208.0
2015-10-20,4.65,4.80,4.75,4.56,27685114.0,130135936.0
2015-10-19,4.76,4.76,4.66,4.58,28540066.0,132985160.0
2015-10-16,4.70,4.84,4.75,4.65,33072256.0,156565728.0
2015-10-15,4.48,4.65,4.65,4.44,30702740.0,140926592.0
2015-10-14,4.50,4.67,4.52,4.48,33267912.0,151988800.0
2015-10-13,4.46,4.57,4.53,4.43,27731840.0,124622096.0
2015-10-12,4.34,4.54,4.52,4.30,31183312.0,139001344.0
2015-10-09,4.24,4.33,4.31,4.20,20327644.0,86912096.0
2015-10-08,4.22,4.30,4.25,4.19,18889952.0,79940608.0
2015-09-30,4.07,4.18,4.10,4.05,10904978.0,44767904.0
2015-09-29,4.07,4.12,4.05,4.02,11464416.0,46620864.0
2015-09-28,4.05,4.17,4.14,4.03,11373675.0,46676572.0
2015-09-25,4.32,4.36,4.05,4.01,25940188.0,107856680.0
2015-09-24,4.31,4.40,4.37,4.28,23780468.0,102932992.0
2015-09-23,4.30,4.50,4.32,4.27,32205452.0,141950048.0
2015-09-22,4.28,4.47,4.39,4.24,28485542.0,123723168.0
2015-09-21,4.06,4.36,4.31,4.01,25722296.0,107838912.0
2015-09-18,4.18,4.22,4.12,4.02,15580381.0,64213104.0
2015-09-17,4.23,4.33,4.12,4.10,24856552.0,105135136.0
2015-09-16,3.90,4.28,4.24,3.90,21603416.0,88500080.0
2015-09-15,4.03,4.15,3.89,3.88,17728800.0,71022344.0
2015-09-14,4.58,4.58,4.09,4.09,28617450.0,121799792.0
2015-09-11,4.47,4.62,4.54,4.42,22591512.0,102267896.0
2015-09-10,4.54,4.63,4.45,4.41,24175080.0,108776064.0
2015-09-09,4.38,4.58,4.56,4.30,32333752.0,144390784.0
2015-09-08,4.17,4.35,4.31,4.10,17825996.0,75287696.0
2015-09-07,4.08,4.32,4.13,4.07,23596796.0,99215632.0
2015-09-02,4.01,4.38,4.09,3.98,21973576.0,91838456.0
2015-09-01,4.56,4.57,4.19,4.18,21693458.0,93583136.0
2015-08-31,4.83,4.83,4.61,4.60,28332664.0,133087488.0
2015-08-28,4.56,4.91,4.89,4.46,38514552.0,179550576.0
2015-08-27,4.36,4.69,4.49,4.12,31194968.0,137132560.0
2015-08-26,4.73,4.95,4.31,4.30,45190920.0,207873792.0
2015-08-25,4.78,4.94,4.78,4.78,28260142.0,135757888.0
2015-08-24,5.45,5.56,5.31,5.31,30933900.0,165231392.0
2015-08-21,6.41,6.48,5.90,5.90,105863928.0,648192448.0
2015-08-20,5.90,6.55,6.55,5.83,123971632.0,798376704.0
2015-08-19,5.46,6.02,5.95,5.43,48219348.0,275910848.0
2015-08-18,6.36,6.36,5.70,5.70,58267396.0,350977760.0
2015-08-17,6.08,6.35,6.33,5.98,56108572.0,347198688.0
2015-08-14,6.07,6.39,6.14,6.00,62344296.0,385377952.0
2015-08-13,5.89,6.07,6.06,5.80,34266712.0,204329008.0
2015-08-12,5.96,6.06,5.92,5.91,27226094.0,162597616.0
2015-08-11,6.09,6.15,6.05,5.98,45580784.0,276578496.0
2015-08-10,5.83,6.20,6.11,5.78,56098376.0,335645664.0
2015-08-07,5.75,5.87,5.83,5.69,43235848.0,250296128.0
2015-08-06,5.41,5.86,5.75,5.35,40892084.0,232501184.0
2015-08-05,5.70,5.73,5.55,5.46,27191932.0,152619840.0
2015-08-04,5.48,5.75,5.71,5.36,35633640.0,198356752.0
2015-08-03,5.28,5.51,5.49,5.08,34083076.0,177990976.0
2015-07-31,5.23,5.38,5.28,5.21,23749288.0,125025296.0
2015-07-30,5.59,5.68,5.34,5.30,32323688.0,179005024.0
2015-07-29,5.40,5.65,5.61,5.20,30342864.0,163043056.0
2015-07-28,5.25,5.48,5.31,4.93,50727372.0,263134928.0
2015-07-27,5.90,5.98,5.44,5.44,46368700.0,266333072.0
2015-07-24,6.25,6.32,6.04,6.00,59994280.0,371488768.0
2015-07-23,6.05,6.40,6.30,6.00,62139112.0,387455872.0
2015-07-22,5.98,6.11,6.05,5.81,48313408.0,289900128.0
2015-07-21,5.94,6.06,6.00,5.77,39854808.0,238012304.0
2015-07-20,5.94,6.15,6.00,5.82,49239716.0,295359072.0
2015-07-17,5.67,6.15,5.98,5.64,49485312.0,291608128.0
2015-07-16,5.48,5.82,5.63,4.99,46897524.0,258089632.0
2015-07-15,5.88,5.98,5.48,5.48,50860488.0,288072192.0
2015-07-14,6.16,6.48,6.09,5.85,91348720.0,566477824.0
2015-07-13,5.90,6.03,6.03,5.59,67677328.0,401087808.0
2015-07-10,5.24,5.48,5.48,5.24,34365044.0,186605392.0
2015-07-09,4.34,4.98,4.98,4.34,47862888.0,229881840.0
2015-07-08,4.35,4.84,4.53,4.35,127203464.0,581456320.0
2015-07-07,5.11,5.25,4.83,4.83,49984184.0,247129600.0
2015-07-06,5.70,5.72,5.37,4.70,80363512.0,424515232.0
2015-07-03,5.18,5.94,5.20,5.16,62898004.0,340248352.0
2015-07-02,6.38,6.48,5.72,5.72,66011672.0,396543232.0
2015-07-01,6.72,7.11,6.35,6.29,73142472.0,496643584.0
2015-06-30,6.18,6.91,6.88,5.72,87244800.0,546253056.0
2015-06-29,7.32,7.37,6.35,6.35,75917368.0,503742592.0
2015-06-26,7.70,7.70,7.06,7.06,52711056.0,381503360.0
2015-06-25,8.40,8.47,7.84,7.66,55625816.0,453732672.0
2015-06-24,8.22,8.47,8.39,8.05,61904056.0,513176896.0
2015-06-23,8.30,8.51,8.11,7.57,73104560.0,581506944.0
2015-06-19,9.05,9.24,8.41,8.41,60710272.0,529543072.0
2015-06-18,9.49,9.89,9.34,9.30,65555376.0,627920704.0
2015-06-17,9.65,9.80,9.55,8.92,78800848.0,734565312.0
2015-06-16,10.02,10.29,9.57,9.40,89828928.0,885051584.0
2015-06-15,9.80,10.58,10.28,9.80,112935192.0,1146562176.0
2015-06-12,9.63,10.20,9.88,9.58,109672808.0,1086688000.0
2015-06-11,9.58,9.80,9.64,9.50,68420888.0,658117632.0
2015-06-10,9.54,10.10,9.74,9.28,95766848.0,934232640.0
2015-06-09,9.45,9.65,9.59,9.23,82456480.0,771556352.0
2015-06-08,9.88,9.89,9.56,9.40,116181040.0,1111153024.0
2015-06-05,9.85,10.19,9.92,9.60,185781248.0,1841863936.0
2015-06-04,8.58,9.43,9.43,8.30,183851968.0,1649643136.0
2015-06-03,8.79,8.79,8.57,8.22,107741544.0,920588736.0
2015-06-02,8.81,8.97,8.82,8.50,115550696.0,1008043584.0
2015-06-01,8.61,8.92,8.81,8.46,131206136.0,1139113728.0
2015-05-29,8.00,8.94,8.60,7.55,149968672.0,1244024960.0
2015-05-28,9.19,9.55,8.27,8.10,227902320.0,2054434560.0
2015-05-27,8.15,8.94,8.94,8.15,174691168.0,1533389568.0
2015-05-26,7.39,8.13,8.13,7.25,146163360.0,1143108736.0
2015-05-25,6.92,7.50,7.39,6.79,127200320.0,911849856.0
2015-05-22,7.20,7.20,6.92,6.76,184546672.0,1286423936.0
2015-05-21,6.00,6.60,6.60,5.95,69076784.0,436644128.0
2015-05-20,5.93,6.15,6.00,5.91,79654112.0,482746880.0
2015-05-19,5.78,5.98,5.95,5.75,49343188.0,290006592.0
2015-05-18,5.79,5.82,5.77,5.68,35994424.0,207344912.0
2015-05-15,5.86,5.86,5.76,5.65,38552888.0,221261152.0
2015-05-14,5.95,6.02,5.90,5.81,46178856.0,272664928.0
2015-05-13,5.86,6.02,5.91,5.75,57911276.0,341480064.0
2015-05-12,5.80,5.88,5.84,5.74,42598068.0,247244912.0
2015-05-11,5.62,5.79,5.79,5.53,50609428.0,287718304.0
2015-05-08,5.52,5.57,5.57,5.40,49071244.0,269999296.0
2015-05-07,5.68,5.75,5.47,5.38,47324316.0,261696976.0
2015-05-06,5.92,6.05,5.68,5.60,44151988.0,257853744.0
2015-05-05,6.24,6.24,5.90,5.89,54289088.0,328520960.0
2015-05-04,6.24,6.26,6.21,6.12,40521540.0,250969200.0
2015-04-30,6.31,6.32,6.23,6.14,51121368.0,317411200.0
2015-04-29,6.26,6.35,6.27,6.16,51175196.0,321167456.0
2015-04-28,6.41,6.42,6.22,6.12,58010240.0,361433888.0
2015-04-27,6.33,6.45,6.38,6.27,68921600.0,438880896.0
2015-04-24,6.19,6.45,6.33,6.09,73349848.0,457883904.0
2015-04-23,6.19,6.52,6.27,6.11,87166936.0,550866176.0
2015-04-22,6.04,6.23,6.19,5.97,76621064.0,471668224.0
2015-04-21,5.76,6.05,6.04,5.70,99632072.0,590908480.0
2015-04-20,5.72,5.97,5.92,5.55,89835120.0,514850752.0
2015-04-17,5.82,5.84,5.76,5.70,67221232.0,387952160.0
2015-04-16,5.72,5.87,5.78,5.60,58699648.0,337051648.0
2015-04-15,5.89,5.92,5.64,5.57,53881384.0,309493120.0
2015-04-14,5.67,6.07,5.89,5.62,82490864.0,487888512.0
2015-04-13,5.58,5.73,5.69,5.51,59003196.0,332141824.0
2015-04-10,5.52,5.61,5.57,5.48,42854028.0,238294672.0
2015-04-09,5.66,5.67,5.46,5.28,68486600.0,373612736.0
2015-04-08,5.78,5.81,5.69,5.51,63148424.0,357966688.0
2015-04-07,5.67,5.81,5.78,5.62,62266840.0,356891424.0
2015-04-03,5.50,5.75,5.66,5.42,59136312.0,332595552.0
2015-04-02,5.44,5.65,5.55,5.38,67334728.0,372485696.0
2015-04-01,5.24,5.46,5.42,5.21,79564880.0,424684832.0
2015-03-31,5.25,5.35,5.28,5.14,65292672.0,342788384.0
2015-03-30,5.24,5.34,5.23,5.19,49523740.0,259064656.0
2015-03-27,5.12,5.21,5.20,5.08,36786040.0,189077808.0
2015-03-26,5.18,5.28,5.12,5.10,49836052.0,257138240.0
2015-03-25,5.35,5.35,5.23,5.16,54067540.0,283971968.0
2015-03-24,5.19,5.48,5.35,5.08,102897384.0,544521408.0
2015-03-23,4.89,5.22,5.19,4.89,65149548.0,332019264.0
2015-03-20,4.91,5.10,4.89,4.86,78194776.0,386977024.0
2015-03-19,4.68,4.93,4.90,4.64,82324816.0,397403776.0
2015-03-18,4.50,4.68,4.67,4.49,56059280.0,258555216.0
2015-03-17,4.51,4.59,4.52,4.45,51470716.0,232551232.0
2015-03-16,4.41,4.52,4.49,4.41,34770472.0,155677744.0
2015-03-13,4.38,4.42,4.40,4.33,22271684.0,97314240.0
2015-03-12,4.44,4.51,4.38,4.36,38600476.0,170647952.0
2015-03-11,4.37,4.58,4.47,4.30,55933368.0,247896624.0
2015-03-10,4.27,4.44,4.37,4.25,42187440.0,184535888.0
2015-03-09,4.20,4.30,4.30,4.12,31892064.0,134953824.0
2015-03-06,4.48,4.48,4.23,4.22,66301984.0,288129376.0
2015-03-05,4.20,4.37,4.33,4.15,63878136.0,270147488.0
2015-03-04,4.11,4.23,4.18,4.06,56353772.0,235000624.0
2015-03-03,4.01,4.18,4.13,4.00,61270520.0,252087696.0
2015-03-02,3.98,4.03,4.03,3.96,29188550.0,116920040.0
2015-02-27,3.96,3.99,3.96,3.93,19741532.0,78163944.0
2015-02-26,3.91,4.06,3.95,3.91,30410196.0,120079888.0
2015-02-25,3.89,3.93,3.90,3.86,12440184.0,48427464.0
2015-02-17,3.89,3.93,3.90,3.85,14302800.0,55467428.0
2015-02-16,3.82,3.89,3.89,3.80,16123308.0,62190660.0
2015-02-13,3.75,3.85,3.82,3.73,16437018.0,62590536.0
2015-02-12,3.69,3.74,3.73,3.69,9116708.0,33908836.0
2015-02-11,3.66,3.70,3.69,3.65,9492372.0,34871688.0
2015-02-10,3.64,3.68,3.67,3.58,14819353.0,53696232.0
2015-02-09,3.63,3.67,3.64,3.62,9541665.0,34771672.0
2015-02-06,3.72,3.74,3.65,3.63,12232359.0,45007356.0
2015-02-05,3.79,3.81,3.73,3.73,10953156.0,41228440.0
2015-02-04,3.81,3.83,3.76,3.76,12754918.0,48439804.0
2015-02-03,3.79,3.82,3.81,3.76,10053729.0,38128976.0
2015-02-02,3.79,3.80,3.77,3.74,14273252.0,53779760.0
2015-01-30,3.88,3.92,3.84,3.83,14139863.0,54746244.0
2015-01-29,3.89,3.92,3.89,3.87,12969636.0,50492300.0
2015-01-28,3.92,3.96,3.93,3.88,17219432.0,67566384.0
2015-01-27,3.89,3.95,3.92,3.85,25588164.0,99950080.0
2015-01-26,3.82,3.90,3.89,3.80,18900672.0,73051616.0
2015-01-23,3.86,3.86,3.82,3.80,15930276.0,60966580.0
2015-01-22,3.82,3.87,3.86,3.81,15077056.0,58062832.0
2015-01-21,3.75,3.84,3.84,3.73,18546196.0,70357064.0
2015-01-20,3.63,3.77,3.74,3.63,19172096.0,71209152.0
2015-01-19,3.87,3.87,3.64,3.57,31027466.0,115666400.0
2015-01-16,3.91,3.93,3.91,3.87,16396310.0,63946148.0
2015-01-15,3.86,3.91,3.91,3.82,16651988.0,64395600.0
2015-01-14,3.97,3.97,3.86,3.83,20650666.0,80579384.0
2015-01-13,3.95,3.98,3.97,3.93,12315839.0,48689696.0
2015-01-12,4.02,4.08,3.95,3.93,25844992.0,102644904.0
2015-01-09,4.05,4.12,4.04,4.01,27155930.0,110671784.0
2015-01-08,4.14,4.16,4.06,4.04,28026636.0,114439664.0
2015-01-07,4.20,4.20,4.16,4.12,31236684.0,129995360.0
2015-01-06,4.12,4.22,4.21,4.10,53648936.0,223441312.0
2015-01-05,4.08,4.17,4.15,4.04,48781160.0,200837040.0
2014-12-31,4.13,4.13,4.07,4.01,33845384.0,137706192.0
2014-12-30,3.96,4.12,4.11,3.93,51913208.0,210068544.0
2014-12-29,4.03,4.04,3.97,3.95,25545712.0,101715136.0
2014-12-26,4.07,4.08,4.04,4.01,23280376.0,93876120.0
2014-12-25,4.01,4.07,4.06,4.00,27133462.0,109466176.0
2014-12-24,3.92,4.04,4.00,3.91,26704156.0,106318960.0
2014-12-23,3.95,4.02,3.90,3.90,24924868.0,98774488.0
2014-12-22,4.04,4.12,3.96,3.93,40086032.0,160669536.0
2014-12-19,4.06,4.06,4.04,3.91,31674376.0,126542208.0
2014-12-18,4.10,4.12,4.05,4.03,30890848.0,125497120.0
2014-12-17,4.21,4.21,4.10,4.06,33430922.0,137858096.0
2014-12-16,4.18,4.24,4.21,4.15,34385276.0,144458624.0
2014-12-15,4.11,4.19,4.18,4.07,34915132.0,144510784.0
2014-12-12,4.17,4.19,4.13,4.08,45416560.0,187524176.0
2014-12-11,3.95,4.25,4.18,3.93,87193488.0,357862272.0
2014-12-10,3.85,3.98,3.97,3.84,34573772.0,135465136.0
2014-12-09,3.90,4.10,3.88,3.85,63124576.0,249808336.0
2014-12-08,3.85,3.96,3.92,3.83,37325232.0,145281264.0
2014-12-05,4.07,4.07,3.88,3.80,51636700.0,202706496.0
2014-12-04,4.04,4.07,4.07,4.01,42888120.0,173535568.0
2014-12-03,3.98,4.08,4.05,3.96,50263216.0,201905440.0
2014-12-02,3.95,3.98,3.97,3.92,30968798.0,122558056.0
2014-12-01,3.90,4.05,3.95,3.86,52946152.0,209579888.0
2014-11-28,3.93,3.96,3.91,3.85,31426024.0,122594096.0
2014-11-27,3.95,3.98,3.93,3.89,30617624.0,120478776.0
2014-11-26,3.90,3.99,3.95,3.87,46551272.0,183172544.0
2014-11-25,3.91,3.92,3.90,3.86,26517784.0,103039264.0
2014-11-24,3.87,3.92,3.89,3.84,33035278.0,128356736.0
2014-11-21,3.80,3.86,3.84,3.79,19518564.0,74769304.0
2014-11-20,3.80,3.83,3.81,3.77,14551181.0,55406824.0
2014-11-19,3.79,3.83,3.81,3.77,18635032.0,70894624.0
2014-11-18,3.73,3.82,3.81,3.71,18427416.0,69270824.0
2014-11-17,3.74,3.77,3.74,3.70,11870091.0,44385768.0
2014-11-14,3.76,3.77,3.73,3.70,16477597.0,61481240.0
2014-11-13,3.83,3.85,3.78,3.73,22259060.0,84342152.0
2014-11-12,3.76,3.83,3.83,3.71,19239064.0,72635432.0
2014-11-11,3.87,3.92,3.78,3.73,33303888.0,127323152.0
2014-11-10,3.78,3.88,3.87,3.76,30688358.0,117776896.0
2014-11-07,3.85,3.88,3.74,3.71,28381940.0,107990336.0
2014-11-06,3.83,3.88,3.85,3.79,24089182.0,92421792.0
2014-11-05,3.91,4.00,3.83,3.82,42941828.0,167799104.0
2014-11-04,3.85,3.90,3.90,3.81,40677804.0,156899200.0
2014-11-03,3.77,3.85,3.82,3.75,32410080.0,123710944.0
2014-10-31,3.75,3.79,3.76,3.71,25795868.0,96720200.0
2014-10-30,3.72,3.82,3.75,3.70,29084130.0,109124496.0
2014-10-29,3.68,3.75,3.73,3.63,29357410.0,108532088.0
2014-10-28,3.63,3.69,3.68,3.61,21346312.0,78019144.0
2014-10-27,3.62,3.75,3.73,3.59,19762688.0,71065832.0
2014-10-24,3.61,3.66,3.63,3.59,12150145.0,42928548.0
2014-10-23,3.68,3.70,3.63,3.60,18262188.0,64770756.0
2014-10-22,3.80,3.82,3.71,3.68,18964006.0,69362048.0
2014-10-21,3.83,3.89,3.80,3.79,16362432.0,61263308.0
2014-10-20,3.79,3.86,3.82,3.79,16566196.0,61758700.0
2014-10-17,3.90,3.93,3.78,3.72,28854680.0,107328536.0
2014-10-16,4.00,4.02,3.92,3.91,25966864.0,100601384.0
2014-10-15,4.03,4.06,4.02,3.95,25599624.0,99929344.0
2014-10-14,3.92,4.08,4.05,3.90,48062032.0,186775104.0
2014-10-13,3.91,3.92,3.92,3.81,19474352.0,73510688.0
2014-10-10,3.98,3.99,3.94,3.89,24342176.0,93512704.0
2014-10-09,3.92,4.02,3.97,3.90,39024032.0,150330160.0
2014-10-08,3.87,3.93,3.91,3.81,29187622.0,110540976.0
2014-09-30,3.81,3.86,3.85,3.77,25985512.0,96741456.0
2014-09-29,3.76,3.81,3.80,3.74,22009090.0,81113344.0
2014-09-26,3.74,3.77,3.74,3.69,17143892.0,62394068.0
2014-09-25,3.78,3.83,3.74,3.72,24882790.0,91865512.0
2014-09-24,3.74,3.79,3.78,3.71,22383564.0,81974592.0
2014-09-23,3.68,3.74,3.73,3.67,16156983.0,58418800.0
2014-09-22,3.77,3.79,3.70,3.67,21356038.0,77468784.0
2014-09-19,3.82,3.89,3.80,3.75,22945424.0,85235664.0
2014-09-18,3.79,3.95,3.81,3.76,43704064.0,164216800.0
2014-09-17,3.65,3.81,3.80,3.59,48141708.0,175209376.0
2014-09-16,3.72,3.88,3.66,3.65,63420352.0,233274240.0
2014-09-15,3.68,3.74,3.72,3.66,37850628.0,136401888.0
2014-09-12,3.56,3.69,3.68,3.55,35114516.0,124792192.0
2014-09-11,3.58,3.63,3.57,3.54,22425798.0,78502496.0
2014-09-10,3.60,3.60,3.58,3.53,16422940.0,56990564.0
2014-09-09,3.59,3.63,3.60,3.57,17758620.0,62192536.0
2014-09-05,3.56,3.61,3.60,3.54,24708776.0,85999760.0
2014-09-04,3.55,3.57,3.56,3.53,14610119.0,50556412.0
2014-09-03,3.55,3.57,3.55,3.53,19727060.0,68202600.0
2014-09-02,3.46,3.56,3.55,3.45,21341252.0,73166640.0
2014-09-01,3.43,3.50,3.47,3.41,13497273.0,45642356.0
2014-08-29,3.42,3.48,3.46,3.41,7923509.0,26660564.0
2014-08-28,3.53,3.54,3.42,3.42,11432717.0,38575188.0
2014-08-27,3.41,3.55,3.51,3.40,23038538.0,78665784.0
2014-08-26,3.48,3.51,3.38,3.34,17010180.0,56792208.0
2014-08-25,3.54,3.54,3.49,3.48,10230972.0,34920056.0
2014-08-22,3.52,3.54,3.52,3.50,12664464.0,43424844.0
2014-08-21,3.57,3.58,3.54,3.49,18274464.0,62767024.0
2014-08-20,3.54,3.61,3.58,3.51,30895252.0,107668920.0
2014-08-19,3.57,3.57,3.54,3.50,20021692.0,68767856.0
2014-08-18,3.56,3.60,3.57,3.52,32550196.0,112659064.0
2014-08-15,3.55,3.60,3.58,3.49,52975324.0,183002336.0
2014-08-14,3.58,3.60,3.53,3.51,34628768.0,119624240.0
2014-08-13,3.64,3.67,3.61,3.51,49368660.0,172440496.0
2014-08-12,3.39,3.76,3.68,3.36,108404928.0,381626880.0
2014-08-11,3.25,3.47,3.42,3.25,52846584.0,173742944.0
2014-08-08,3.25,3.27,3.25,3.21,10687595.0,33779336.0
2014-08-07,3.30,3.33,3.24,3.24,16886452.0,54129940.0
2014-08-06,3.26,3.31,3.30,3.23,22078696.0,70711584.0
2014-08-05,3.23,3.27,3.27,3.21,18452238.0,58489664.0
2014-08-04,3.19,3.23,3.23,3.18,11339380.0,35475952.0
2014-08-01,3.23,3.24,3.19,3.18,16306793.0,51114184.0
2014-07-31,3.20,3.27,3.25,3.18,17473580.0,55035856.0
2014-07-30,3.22,3.23,3.20,3.17,11823996.0,36840024.0
2014-07-29,3.20,3.23,3.22,3.20,10944939.0,34296980.0
2014-07-28,3.17,3.22,3.20,3.17,14532663.0,45347180.0
2014-07-25,3.17,3.18,3.17,3.14,7638201.0,23516812.0
2014-07-24,3.14,3.18,3.17,3.13,8834303.0,27155228.0
2014-07-23,3.13,3.21,3.15,3.12,13329563.0,41159448.0
2014-07-22,3.12,3.14,3.14,3.10,6979016.0,21266208.0
2014-07-21,3.11,3.12,3.12,3.09,4152303.0,12568738.0
2014-07-18,3.09,3.12,3.11,3.08,4185999.0,12662601.0
2014-07-17,3.12,3.13,3.09,3.08,5597698.0,16933488.0
2014-07-16,3.13,3.15,3.13,3.11,9416338.0,28705608.0
2014-07-15,3.08,3.23,3.15,3.07,20653968.0,63477024.0
2014-07-14,3.05,3.10,3.08,3.04,6904404.0,20725710.0
2014-07-11,3.01,3.06,3.06,3.00,6636125.0,19680764.0
2014-07-10,3.00,3.04,3.02,2.99,5612709.0,16524167.0
2014-07-09,3.05,3.06,3.01,3.00,5003365.0,14767309.0
2014-07-08,3.06,3.06,3.06,3.02,5547982.0,16439369.0
2014-07-07,3.06,3.07,3.05,3.02,4291173.0,12733414.0
2014-07-04,3.10,3.11,3.05,3.05,5650079.0,16885078.0
2014-07-03,3.06,3.11,3.09,3.04,11073627.0,33288840.0
2014-07-02,3.04,3.07,3.07,3.01,10622947.0,31494538.0
2014-07-01,3.00,3.15,3.08,2.97,19436416.0,58267632.0
2014-06-30,2.96,3.00,2.99,2.95,7225751.0,21004648.0
2014-06-27,2.93,2.98,2.96,2.91,7355153.0,21214316.0
2014-06-26,2.90,2.94,2.93,2.90,5757213.0,16435724.0
2014-06-25,2.92,2.92,2.90,2.89,3213665.0,9102404.0
2014-06-24,2.90,2.93,2.93,2.89,3094821.0,8814203.0
2014-06-23,2.91,2.93,2.91,2.90,4271454.0,12156843.0
2014-06-20,2.90,2.91,2.91,2.87,5011303.0,14152544.0
2014-06-19,3.00,3.01,2.91,2.89,10781781.0,30916800.0
2014-06-18,3.02,3.04,3.00,3.00,4447083.0,13092954.0
2014-06-17,3.05,3.05,3.04,3.02,4341737.0,12851944.0
2014-06-16,3.05,3.06,3.06,3.01,8293624.0,24553030.0
2014-06-13,3.02,3.07,3.05,3.01,7931744.0,23528068.0
2014-06-12,3.04,3.05,3.02,3.01,5189006.0,15314889.0
2014-06-11,3.06,3.06,3.04,3.02,4967760.0,14699518.0
2014-06-10,3.04,3.06,3.06,3.01,4046228.0,12003752.0
2014-06-09,3.02,3.05,3.04,3.01,3231405.0,9546241.0
2014-06-06,3.05,3.05,3.04,3.01,3336349.0,9856529.0
2014-06-05,3.01,3.05,3.05,3.01,3205644.0,9486705.0
2014-06-04,3.04,3.05,3.04,3.01,3938177.0,11622703.0
2014-06-03,3.06,3.06,3.04,3.04,3490398.0,10365136.0
2014-05-30,3.05,3.07,3.06,3.02,3534029.0,10504649.0
2014-05-29,3.08,3.08,3.05,3.04,3736395.0,11132571.0
2014-05-28,3.05,3.08,3.07,3.02,3962344.0,11783242.0
2014-05-27,3.08,3.08,3.05,3.05,3050040.0,9094784.0
2014-05-26,3.09,3.09,3.08,3.06,2755799.0,8256301.0
2014-05-23,3.05,3.08,3.07,3.04,2278319.0,6789663.0
2014-05-22,3.06,3.09,3.04,3.04,2670913.0,7984962.0
2014-05-21,3.04,3.06,3.06,2.99,2735929.0,8085200.0
2014-05-20,3.05,3.07,3.04,3.01,3309110.0,9811340.0
2014-05-19,3.07,3.07,3.04,3.02,2961061.0,8765839.0
2014-05-16,3.05,3.08,3.06,3.04,2073605.0,6174076.0
2014-05-15,3.12,3.12,3.05,3.05,3083936.0,9243876.0
2014-05-14,3.11,3.12,3.11,3.10,2685692.0,8142281.0
2014-05-13,3.13,3.14,3.11,3.10,4204911.0,12780353.0
2014-05-12,3.07,3.13,3.13,3.06,6482042.0,19560922.0
2014-05-09,3.07,3.07,3.04,3.01,4804862.0,14262684.0
2014-05-08,3.05,3.10,3.07,3.05,3156344.0,9467297.0
2014-05-07,3.11,3.11,3.06,3.04,4899840.0,14683128.0
2014-05-06,3.12,3.15,3.12,3.11,2337506.0,7121940.0
2014-05-05,3.08,3.13,3.13,3.07,4386013.0,13300999.0
2014-04-30,3.08,3.09,3.08,3.06,4995702.0,14978239.0
2014-04-29,3.06,3.08,3.08,3.04,4632484.0,13810785.0
2014-04-28,3.15,3.15,3.06,3.04,6444597.0,19342600.0
2014-04-25,3.16,3.20,3.15,3.15,5101114.0,15754310.0
2014-04-24,3.16,3.18,3.16,3.15,4220077.0,13026766.0
2014-04-23,3.17,3.19,3.16,3.14,3785761.0,11669603.0
2014-04-22,3.19,3.21,3.17,3.15,5784350.0,17899248.0
2014-04-21,3.25,3.26,3.19,3.19,7393239.0,23268042.0
2014-04-18,3.26,3.28,3.27,3.25,5131434.0,16313531.0
2014-04-17,3.28,3.29,3.28,3.24,5972711.0,19023188.0
2014-04-16,3.26,3.28,3.27,3.24,6977807.0,22188508.0
2014-04-15,3.30,3.30,3.26,3.25,7485563.0,23871780.0
2014-04-14,3.30,3.31,3.30,3.27,5570280.0,17858188.0
2014-04-11,3.31,3.32,3.31,3.27,7199757.0,23127572.0
2014-04-10,3.30,3.33,3.32,3.28,8328892.0,26872598.0
2014-04-09,3.30,3.32,3.32,3.28,9313585.0,29955278.0
2014-04-08,3.27,3.30,3.29,3.24,7903637.0,25278068.0
2014-04-04,3.28,3.28,3.28,3.23,7363945.0,23388344.0
2014-04-03,3.33,3.34,3.27,3.26,5095308.0,16364298.0
2014-04-02,3.29,3.35,3.33,3.27,6752723.0,21856496.0
2014-04-01,3.25,3.28,3.28,3.24,4342399.0,13824399.0
2014-03-31,3.28,3.31,3.25,3.24,5460515.0,17392746.0
2014-03-28,3.32,3.35,3.28,3.28,7337573.0,23743980.0
2014-03-27,3.33,3.36,3.32,3.30,8274111.0,26880306.0
2014-03-26,3.33,3.39,3.34,3.32,10377947.0,33972880.0
2014-03-25,3.35,3.39,3.32,3.28,12237524.0,39788796.0
2014-03-24,3.31,3.36,3.35,3.31,11105704.0,36178016.0
2014-03-21,3.24,3.32,3.31,3.21,10745377.0,34395048.0
2014-03-20,3.26,3.31,3.25,3.24,9234541.0,29541838.0
2014-03-19,3.25,3.28,3.27,3.20,6578664.0,20763256.0
2014-03-18,3.26,3.32,3.26,3.23,7925601.0,25313054.0
2014-03-17,3.20,3.30,3.26,3.20,8452172.0,26765356.0
2014-03-14,3.23,3.24,3.20,3.19,4033204.0,12628776.0
2014-03-13,3.22,3.27,3.24,3.21,6251789.0,19739648.0
2014-03-12,3.17,3.22,3.22,3.16,5892374.0,18348972.0
2014-03-11,3.17,3.23,3.18,3.15,6800251.0,21150668.0
2014-03-10,3.31,3.31,3.17,3.16,9926996.0,31213924.0
2014-03-07,3.37,3.41,3.32,3.31,8825794.0,28867164.0
2014-03-06,3.34,3.38,3.37,3.30,11189294.0,36461132.0
2014-03-05,3.27,3.48,3.35,3.26,23613044.0,78043824.0
2014-03-04,3.25,3.28,3.27,3.22,7496703.0,23775852.0
2014-03-03,3.23,3.29,3.28,3.21,9113422.0,28985960.0
2014-02-28,3.21,3.24,3.23,3.17,7933572.0,24817216.0
2014-02-27,3.23,3.29,3.21,3.20,10055754.0,31762386.0
2014-02-26,3.23,3.25,3.23,3.14,10946442.0,34153044.0
2014-02-25,3.36,3.39,3.23,3.21,12084836.0,39174980.0
2014-02-24,3.35,3.43,3.37,3.32,9774651.0,32227674.0
2014-02-21,3.45,3.47,3.37,3.34,13858464.0,45863544.0
2014-02-20,3.50,3.52,3.46,3.43,18413548.0,62337300.0
2014-02-19,3.48,3.53,3.49,3.45,18615250.0,63323512.0
2014-02-18,3.53,3.53,3.49,3.45,16188833.0,54706804.0
2014-02-17,3.50,3.55,3.53,3.41,27691210.0,94127128.0
2014-02-14,3.49,3.51,3.50,3.45,20914556.0,71026896.0
2014-02-13,3.63,3.63,3.46,3.45,65681688.0,226308400.0
2014-02-12,3.24,3.57,3.57,3.23,55843008.0,191206224.0
2014-02-11,3.24,3.25,3.24,3.21,9665143.0,30460968.0
2014-02-10,3.19,3.25,3.24,3.18,8937545.0,28141546.0
2014-02-07,3.19,3.20,3.19,3.16,6618100.0,20508332.0
2014-01-30,3.20,3.23,3.20,3.16,5566545.0,17326720.0
2014-01-29,3.15,3.26,3.20,3.15,10319704.0,32325930.0
2014-01-28,3.13,3.14,3.13,3.11,3684821.0,11207838.0
2014-01-27,3.13,3.16,3.12,3.11,7106221.0,21717376.0
2014-01-24,3.13,3.17,3.15,3.11,7141399.0,21848830.0
2014-01-23,3.13,3.16,3.14,3.11,5435065.0,16589591.0
2014-01-22,3.12,3.13,3.13,3.09,9124580.0,27689488.0
2014-01-21,3.04,3.12,3.08,3.01,4502862.0,13515207.0
2014-01-20,3.02,3.05,3.04,2.99,3909224.0,11517566.0
2014-01-17,3.08,3.08,3.04,3.01,3870432.0,11446762.0
2014-01-16,3.09,3.12,3.08,3.07,3840591.0,11580762.0
2014-01-15,3.10,3.11,3.09,3.06,2661472.0,7985842.0
2014-01-14,3.01,3.11,3.11,3.01,4792802.0,14348577.0
2014-01-13,3.00,3.06,3.01,2.99,2906693.0,8550560.0
2014-01-10,3.07,3.08,3.00,2.99,4722684.0,13911227.0
2014-01-09,3.08,3.11,3.07,3.06,6242890.0,18764712.0
2014-01-08,3.09,3.13,3.08,3.07,4793307.0,14445036.0
2014-01-07,3.11,3.12,3.09,3.07,5544767.0,16704230.0
2014-01-06,3.22,3.22,3.11,3.10,7650407.0,23387000.0
2014-01-03,3.25,3.25,3.22,3.20,5656466.0,17737802.0
2014-01-02,3.22,3.26,3.26,3.21,5444301.0,17196242.0
2013-12-31,3.24,3.26,3.24,3.21,6065074.0,19137484.0
2013-12-30,3.25,3.27,3.24,3.22,5313989.0,16774471.0
2013-12-27,3.25,3.27,3.26,3.20,9065962.0,28625892.0
2013-12-26,3.29,3.30,3.24,3.23,6535786.0,20750484.0
2013-12-25,3.28,3.31,3.30,3.24,4914961.0,15681659.0
2013-12-24,3.30,3.31,3.26,3.24,3578623.0,11438975.0
2013-12-23,3.29,3.31,3.28,3.24,3433777.0,10949896.0
2013-12-20,3.34,3.35,3.28,3.26,5552301.0,17830112.0
2013-12-19,3.34,3.39,3.34,3.33,4567951.0,14968202.0
2013-12-18,3.36,3.37,3.34,3.33,3665859.0,11984713.0
2013-12-17,3.37,3.38,3.35,3.35,4127971.0,13548407.0
2013-12-16,3.42,3.45,3.38,3.36,8049854.0,26691128.0
2013-12-13,3.40,3.46,3.46,3.40,6143448.0,20526892.0
2013-12-12,3.40,3.43,3.41,3.38,4006896.0,13332022.0
2013-12-11,3.46,3.46,3.40,3.39,7055552.0,23551016.0
2013-12-10,3.46,3.49,3.47,3.41,8461110.0,28456252.0
2013-12-09,3.45,3.48,3.45,3.43,7335651.0,24702998.0
2013-12-06,3.43,3.47,3.45,3.41,5679924.0,19017596.0
2013-12-05,3.40,3.46,3.45,3.39,9937134.0,33285956.0
2013-12-04,3.35,3.45,3.40,3.33,9366843.0,31097182.0
2013-12-03,3.28,3.36,3.36,3.28,6876420.0,22296336.0
2013-12-02,3.40,3.43,3.29,3.25,13489998.0,44004992.0
2013-11-29,3.46,3.47,3.46,3.42,9568798.0,32180444.0
2013-11-28,3.43,3.49,3.46,3.43,11402140.0,38470448.0
2013-11-27,3.43,3.46,3.45,3.40,7118580.0,23834764.0
2013-11-26,3.45,3.46,3.43,3.41,6444833.0,21567600.0
2013-11-25,3.45,3.50,3.45,3.42,6115846.0,20645364.0
2013-11-22,3.48,3.49,3.46,3.43,6847860.0,23118694.0
2013-11-21,3.48,3.53,3.49,3.46,11628861.0,39575148.0
2013-11-20,3.45,3.47,3.47,3.41,7031630.0,23649536.0
2013-11-19,3.47,3.48,3.45,3.42,10207824.0,34333488.0
2013-11-18,3.49,3.55,3.48,3.43,18347100.0,62090412.0
2013-11-15,3.31,3.41,3.39,3.30,15354342.0,50666464.0
2013-11-14,3.27,3.33,3.32,3.24,7130643.0,22853178.0
2013-11-13,3.33,3.33,3.26,3.26,6080205.0,19570588.0
2013-11-12,3.31,3.34,3.34,3.29,6158959.0,19938420.0
2013-11-11,3.28,3.32,3.31,3.26,5658123.0,18185158.0
2013-11-08,3.33,3.34,3.28,3.27,7266791.0,23416092.0
2013-11-07,3.38,3.38,3.33,3.33,7906859.0,25845960.0
2013-11-06,3.45,3.46,3.39,3.38,10733216.0,35769128.0
2013-11-05,3.43,3.46,3.46,3.37,8715257.0,28991208.0
2013-11-04,3.48,3.48,3.45,3.43,5971235.0,20118052.0
2013-11-01,3.50,3.50,3.46,3.42,7480759.0,25167610.0
2013-10-31,3.49,3.55,3.50,3.45,8588887.0,29235060.0
2013-10-30,3.43,3.52,3.52,3.41,8338240.0,28330824.0
2013-10-29,3.53,3.57,3.43,3.35,12328447.0,41374160.0
2013-10-28,3.56,3.58,3.52,3.50,7818308.0,26835336.0
2013-10-25,3.63,3.66,3.56,3.53,13850252.0,48418088.0
2013-10-24,3.62,3.67,3.63,3.60,11256707.0,39864560.0
2013-10-23,3.76,3.81,3.61,3.61,21124316.0,76308504.0
2013-10-22,3.79,3.87,3.75,3.75,24241612.0,89817624.0
2013-10-21,3.77,3.81,3.79,3.72,26731848.0,98493928.0
2013-10-18,3.69,3.78,3.77,3.67,22428192.0,82059984.0
2013-10-17,3.65,3.74,3.69,3.65,15775894.0,56958884.0
2013-10-16,3.71,3.77,3.65,3.63,21953532.0,79454576.0
2013-10-15,3.74,3.76,3.70,3.67,18215124.0,65962044.0
2013-10-14,3.71,3.85,3.77,3.69,26629752.0,97482032.0
2013-10-11,3.68,3.70,3.69,3.65,13488408.0,48430436.0
2013-10-10,3.67,3.72,3.65,3.63,13266995.0,47521600.0
2013-10-09,3.65,3.69,3.67,3.63,10692520.0,38128104.0
2013-10-08,3.58,3.70,3.67,3.54,15264736.0,54219616.0
2013-09-30,3.58,3.63,3.59,3.54,7532864.0,26326132.0
2013-09-27,3.56,3.60,3.56,3.55,6675260.0,23242664.0
2013-09-26,3.65,3.65,3.55,3.54,10308116.0,35981040.0
2013-09-25,3.73,3.76,3.65,3.64,13510018.0,48747176.0
2013-09-24,3.64,3.75,3.73,3.63,18859100.0,68090544.0
2013-09-23,3.61,3.66,3.66,3.59,10337763.0,36642940.0
2013-09-18,3.59,3.63,3.61,3.55,9086182.0,31805172.0
2013-09-17,3.71,3.72,3.59,3.58,11069763.0,39397404.0
2013-09-16,3.69,3.73,3.70,3.67,9911619.0,35757360.0
2013-09-13,3.76,3.76,3.69,3.67,15785332.0,57031276.0
2013-09-12,3.81,3.81,3.76,3.73,20992816.0,77000016.0
2013-09-11,3.73,3.83,3.81,3.72,31606372.0,116627360.0
2013-09-10,3.70,3.74,3.74,3.65,22964186.0,82935640.0
2013-09-09,3.68,3.72,3.70,3.66,17553276.0,63058664.0
2013-09-06,3.65,3.69,3.68,3.62,18058596.0,64448784.0
2013-09-05,3.58,3.80,3.69,3.57,36567240.0,132320576.0
2013-09-04,3.64,3.65,3.59,3.58,11664203.0,41034440.0
2013-09-03,3.60,3.64,3.64,3.57,11770925.0,41577596.0
2013-09-02,3.58,3.60,3.60,3.53,9863904.0,34298232.0
2013-08-30,3.56,3.59,3.55,3.53,11263436.0,39082552.0
2013-08-29,3.59,3.59,3.56,3.51,11071985.0,38346692.0
2013-08-28,3.62,3.63,3.59,3.57,10692155.0,37486176.0
2013-08-27,3.61,3.65,3.64,3.57,11950371.0,41996652.0
2013-08-26,3.56,3.62,3.61,3.54,10851081.0,37959728.0
2013-08-23,3.61,3.63,3.56,3.49,14027783.0,48703280.0
2013-08-22,3.66,3.66,3.62,3.59,9540338.0,33685348.0
2013-08-21,3.71,3.71,3.65,3.62,10466121.0,37302992.0
2013-08-20,3.59,3.68,3.67,3.57,20260816.0,72139840.0
2013-08-19,3.57,3.61,3.60,3.53,10384013.0,36197980.0
2013-08-16,3.58,3.70,3.59,3.56,12890250.0,45508320.0
2013-08-15,3.62,3.70,3.63,3.62,13133529.0,46787776.0
2013-08-14,3.72,3.72,3.62,3.60,20424560.0,72921560.0
2013-08-13,3.74,3.76,3.71,3.66,21478088.0,77667056.0
2013-08-12,3.75,4.08,3.77,3.69,64071648.0,236924064.0
2013-08-09,3.55,3.81,3.73,3.50,42421124.0,149385568.0
2013-08-08,3.47,3.54,3.54,3.42,28825412.0,98039944.0
2013-08-07,3.43,3.48,3.48,3.40,16896922.0,56804072.0
2013-08-06,3.39,3.45,3.43,3.38,13542697.0,45206096.0
2013-08-05,3.37,3.40,3.39,3.34,10475499.0,34509588.0
2013-08-02,3.41,3.45,3.37,3.36,11017226.0,36383184.0
2013-08-01,3.33,3.40,3.39,3.31,9509288.0,31181894.0
2013-07-31,3.33,3.38,3.33,3.31,7533577.0,24627404.0
2013-07-30,3.38,3.41,3.33,3.26,8465332.0,27480694.0
2013-07-29,3.48,3.53,3.38,3.37,15429441.0,51801668.0
2013-07-26,3.35,3.46,3.41,3.34,16377709.0,54533764.0
2013-07-25,3.33,3.40,3.36,3.30,14669847.0,47948248.0
2013-07-24,3.33,3.39,3.33,3.29,10111567.0,32914160.0
2013-07-23,3.29,3.36,3.35,3.28,11167514.0,36362144.0
2013-07-22,3.25,3.30,3.30,3.21,5628574.0,17909788.0
2013-07-19,3.33,3.37,3.25,3.24,9173658.0,29592880.0
2013-07-18,3.40,3.41,3.32,3.31,7854529.0,25630964.0
2013-07-17,3.48,3.49,3.39,3.38,11226427.0,37636296.0
2013-07-16,3.48,3.58,3.49,3.46,22354996.0,76141424.0
2013-07-15,3.36,3.50,3.43,3.36,12472453.0,41771272.0
2013-07-12,3.48,3.48,3.37,3.36,13477230.0,44935872.0
2013-07-11,3.35,3.49,3.48,3.30,16568139.0,55355928.0
2013-07-10,3.26,3.35,3.35,3.24,6096621.0,19653050.0
2013-07-09,3.28,3.31,3.25,3.23,5443710.0,17353212.0
2013-07-08,3.47,3.47,3.26,3.25,8593727.0,27847892.0
2013-07-05,3.49,3.54,3.48,3.47,7449076.0,25469444.0
2013-07-04,3.47,3.54,3.51,3.42,9720131.0,33015052.0
2013-07-03,3.43,3.51,3.50,3.32,10981687.0,36837656.0
2013-07-02,3.43,3.45,3.43,3.38,6574848.0,21853858.0
2013-07-01,3.40,3.46,3.41,3.36,6078740.0,20217106.0
2013-06-28,3.40,3.49,3.40,3.36,8663993.0,28980060.0
2013-06-27,3.52,3.58,3.42,3.40,9384097.0,32011604.0
2013-06-26,3.50,3.55,3.52,3.41,8290243.0,28206136.0
2013-06-25,3.38,3.53,3.51,3.18,12867778.0,42503324.0
2013-06-24,3.72,3.80,3.48,3.34,15429802.0,54170824.0
2013-06-21,3.45,3.59,3.57,3.45,8117890.0,27981412.0
2013-06-20,3.74,3.74,3.62,3.60,7786157.0,27797528.0
2013-06-19,3.81,3.81,3.75,3.66,8245793.0,29884506.0
2013-06-18,3.81,3.88,3.81,3.80,7138308.0,26685644.0
2013-06-17,3.76,3.87,3.81,3.76,10199513.0,37977448.0
2013-06-14,3.73,3.76,3.75,3.69,5357576.0,19524804.0
2013-06-13,3.78,3.78,3.70,3.60,7733627.0,27793900.0
2013-06-07,3.90,3.93,3.81,3.77,10159191.0,38055352.0
2013-06-06,3.97,3.97,3.88,3.88,11186238.0,42743920.0
2013-06-05,3.95,4.03,4.00,3.92,10870217.0,42005416.0
2013-06-04,4.12,4.12,3.97,3.95,17293062.0,67660688.0
2013-06-03,4.08,4.16,4.10,4.06,16653850.0,66536064.0
2013-05-31,4.20,4.22,4.11,4.10,16506209.0,66862380.0
2013-05-30,4.18,4.23,4.19,4.15,19491716.0,79761792.0
2013-05-29,4.19,4.22,4.19,4.15,20800032.0,84761440.0
2013-05-28,4.08,4.26,4.20,4.07,45589024.0,186078992.0
2013-05-27,4.09,4.14,4.08,4.04,14958052.0,59505284.0
2013-05-24,4.03,4.12,4.10,3.99,20121594.0,79720840.0
2013-05-23,4.14,4.18,4.03,3.96,32994624.0,131634792.0
2013-05-22,4.29,4.35,4.19,4.18,31733602.0,132387848.0
2013-05-21,4.18,4.27,4.27,4.17,35985408.0,148634048.0
2013-05-20,4.12,4.22,4.14,4.11,24077132.0,97640920.0
2013-05-17,4.13,4.18,4.11,4.10,21636988.0,87130416.0
2013-05-16,4.08,4.11,4.10,4.00,23216006.0,91929008.0
2013-05-15,4.10,4.13,4.11,4.05,16953868.0,67733568.0
2013-05-14,4.01,4.18,4.13,3.92,36181508.0,143632048.0
2013-05-13,3.95,4.03,4.00,3.94,16938228.0,65873920.0
2013-05-10,3.90,3.95,3.95,3.85,12988538.0,49373480.0
2013-05-09,3.95,3.95,3.89,3.83,12295277.0,46483940.0
2013-05-08,3.91,3.96,3.95,3.89,13878036.0,53117064.0
2013-05-07,3.91,3.92,3.91,3.86,9639111.0,36499812.0
2013-05-06,3.79,3.94,3.91,3.79,14891059.0,56453020.0
2013-05-03,3.71,3.83,3.77,3.71,9747438.0,36106540.0
2013-05-02,3.72,3.80,3.74,3.69,6812171.0,24894968.0
2013-04-26,3.80,3.82,3.72,3.71,8958848.0,32949068.0
2013-04-25,3.85,3.86,3.76,3.73,12910232.0,47661064.0
2013-04-24,3.78,3.88,3.85,3.78,9913059.0,37071536.0
2013-04-23,4.02,4.05,3.79,3.78,19088240.0,71743816.0
2013-04-22,4.01,4.04,4.02,3.98,12603074.0,49174512.0
2013-04-19,3.94,4.07,4.06,3.94,19881372.0,77487448.0
2013-04-18,4.00,4.04,3.94,3.93,16097985.0,62382888.0
2013-04-17,4.05,4.10,4.04,3.99,13227337.0,51989028.0
2013-04-16,4.05,4.10,4.06,3.95,21918908.0,86311184.0
2013-04-15,3.98,4.18,4.11,3.93,53290128.0,212372112.0
2013-04-12,3.73,3.92,3.91,3.72,23592436.0,88984864.0
2013-04-11,3.74,3.83,3.76,3.74,9429940.0,34846512.0
2013-04-10,3.82,3.86,3.75,3.73,9479128.0,34951624.0
2013-04-09,3.63,3.83,3.77,3.63,12877245.0,47036676.0
2013-04-08,3.67,3.67,3.63,3.53,9765656.0,34301280.0
2013-04-03,3.85,3.86,3.71,3.70,9094895.0,33255098.0
2013-04-02,3.87,3.92,3.81,3.80,9679740.0,36545120.0
2013-04-01,3.78,3.90,3.85,3.72,10210026.0,38312864.0
2013-03-29,3.77,3.87,3.78,3.70,11267396.0,41487808.0
2013-03-28,3.94,3.94,3.74,3.73,16730609.0,62474712.0
2013-03-27,3.97,4.02,3.97,3.92,11362734.0,43961556.0
2013-03-26,4.02,4.03,3.96,3.93,11598042.0,44827976.0
2013-03-25,4.05,4.10,4.03,4.00,11809909.0,46503492.0
2013-03-22,4.15,4.18,4.07,4.05,15137000.0,60519152.0
2013-03-21,4.12,4.19,4.15,4.08,15907139.0,64363024.0
2013-03-20,4.00,4.13,4.10,4.00,15292479.0,60790596.0
2013-03-19,4.00,4.05,4.00,3.86,17939308.0,69036720.0
2013-03-18,4.11,4.19,4.02,4.00,13737141.0,54930524.0
2013-03-15,4.22,4.27,4.15,4.13,17408116.0,71082744.0
2013-03-14,4.11,4.29,4.20,4.06,23182814.0,95284984.0
2013-03-13,4.20,4.21,4.12,4.05,16541333.0,66679320.0
2013-03-12,4.30,4.32,4.17,4.13,20777902.0,85019456.0
2013-03-11,4.27,4.34,4.29,4.13,22730332.0,94081328.0
2013-03-08,4.34,4.38,4.28,4.21,27757716.0,116329976.0
2013-03-07,4.52,4.53,4.34,4.31,50061648.0,213434304.0
2013-03-06,4.69,4.81,4.53,4.52,83004784.0,375112320.0
2013-03-05,4.61,4.80,4.76,4.60,109321592.0,498479040.0
2013-03-04,4.42,4.86,4.77,4.30,118758976.0,524015520.0
2013-03-01,4.41,4.58,4.50,4.40,99729144.0,435934272.0
2013-02-28,4.11,4.55,4.54,4.10,109921560.0,471342720.0
2013-02-27,3.94,4.21,4.14,3.86,60835484.0,240929376.0
2013-02-26,4.13,4.15,3.94,3.93,28361282.0,112277752.0
2013-02-25,4.23,4.33,4.16,4.10,55405408.0,226751344.0
2013-02-22,4.16,4.33,4.26,4.11,63546924.0,262377168.0
2013-02-21,4.13,4.42,4.17,4.07,78675808.0,324012992.0
2013-02-20,4.28,4.41,4.22,4.11,92429904.0,382553600.0
2013-02-19,3.85,4.25,4.25,3.79,95456400.0,384089216.0
2013-02-18,3.79,3.92,3.86,3.74,19536018.0,73315968.0
2013-02-08,3.77,3.82,3.78,3.72,16579162.0,61235808.0
2013-02-07,3.66,3.79,3.76,3.63,29419324.0,106618136.0
2013-02-06,3.54,3.70,3.69,3.53,33534182.0,118789912.0
2013-02-05,3.47,3.56,3.54,3.42,13483267.0,45955408.0
2013-02-04,3.47,3.52,3.49,3.45,11677591.0,39726984.0
2013-02-01,3.45,3.49,3.47,3.42,9671319.0,32664316.0
2013-01-31,3.48,3.48,3.45,3.42,10597825.0,35564424.0
2013-01-30,3.50,3.51,3.49,3.44,16372551.0,55393196.0
2013-01-29,3.52,3.56,3.53,3.49,10459923.0,35923640.0
2013-01-28,3.45,3.52,3.52,3.43,10597597.0,36047148.0
2013-01-25,3.51,3.51,3.45,3.41,11254637.0,37923136.0
2013-01-24,3.61,3.66,3.50,3.49,17880798.0,62411268.0
2013-01-23,3.56,3.64,3.62,3.53,13504041.0,47150208.0
2013-01-22,3.67,3.67,3.57,3.55,14090966.0,49521068.0
2013-01-21,3.64,3.68,3.66,3.63,11116353.0,39625888.0
2013-01-18,3.61,3.68,3.67,3.58,13071374.0,46319692.0
2013-01-17,3.69,3.69,3.62,3.62,8971354.0,31897336.0
2013-01-16,3.70,3.83,3.70,3.60,29362308.0,106735328.0
2013-01-15,3.60,3.95,3.75,3.57,42145724.0,154880384.0
2013-01-14,3.49,3.61,3.59,3.49,15237079.0,52642472.0
2013-01-11,3.66,3.67,3.49,3.48,15650383.0,54357472.0
2013-01-10,3.63,3.70,3.66,3.60,15001717.0,53416880.0
2013-01-09,3.70,3.70,3.64,3.60,15200165.0,53885432.0
2013-01-08,3.69,3.74,3.70,3.60,17867088.0,64250208.0
2013-01-07,3.59,3.73,3.70,3.57,24150856.0,86521488.0
2013-01-04,3.56,3.72,3.63,3.49,27671694.0,97580456.0
2012-12-31,3.48,3.55,3.51,3.47,13398472.0,45927080.0
2012-12-28,3.46,3.54,3.49,3.39,17419240.0,58459680.0
2012-12-27,3.52,3.56,3.46,3.45,15816034.0,53787592.0
2012-12-26,3.52,3.55,3.53,3.46,20853436.0,71140048.0
2012-12-25,3.46,3.53,3.50,3.40,19859376.0,67548112.0
2012-12-24,3.40,3.47,3.47,3.36,9407470.0,31399094.0
2012-12-21,3.41,3.55,3.44,3.39,16446151.0,55605880.0
2012-12-20,3.39,3.57,3.44,3.38,22455960.0,75735376.0
2012-12-19,3.39,3.42,3.37,3.34,9399600.0,30980352.0
2012-12-18,3.42,3.44,3.40,3.34,20028896.0,66173580.0
2012-12-17,3.40,3.63,3.45,3.38,39273236.0,133000600.0
2012-12-14,3.10,3.41,3.41,3.10,32076288.0,104397240.0
2012-12-13,3.15,3.16,3.11,3.10,5341412.0,16245623.0
2012-12-12,3.19,3.19,3.17,3.10,7870530.0,24126360.0
2012-12-11,3.23,3.24,3.18,3.17,6634817.0,20695208.0
2012-12-10,3.13,3.26,3.24,3.13,10751039.0,33609124.0
2012-12-07,3.06,3.17,3.15,3.04,9172464.0,27978840.0
2012-12-06,3.11,3.14,3.07,3.06,6591043.0,19824392.0
2012-12-05,2.97,3.12,3.09,2.95,9321721.0,27793376.0
2012-12-04,2.94,2.98,2.96,2.85,5089241.0,14471201.0
2012-12-03,3.08,3.08,2.95,2.94,3193776.0,9443840.0
2012-11-30,3.04,3.08,3.06,3.00,3407372.0,10133803.0
2012-11-29,3.08,3.12,3.01,3.01,3602997.0,10758841.0
2012-11-28,3.16,3.18,3.08,3.04,4415537.0,13274243.0
2012-11-27,3.33,3.34,3.17,3.16,3857608.0,12177164.0
2012-11-26,3.33,3.36,3.34,3.32,2123175.0,6923864.0
2012-11-23,3.33,3.36,3.33,3.33,2097071.0,6833807.0
2012-11-22,3.36,3.37,3.33,3.31,3569007.0,11636985.0
2012-11-21,3.33,3.39,3.38,3.32,3753940.0,12272311.0
2012-11-20,3.36,3.39,3.34,3.34,3503109.0,11511478.0
2012-11-19,3.36,3.37,3.36,3.31,2710034.0,8834758.0
2012-11-16,3.36,3.36,3.36,3.30,3135531.0,10182276.0
2012-11-15,3.44,3.44,3.36,3.33,4317992.0,14237370.0
2012-11-14,3.45,3.46,3.44,3.40,3589312.0,11990895.0
2012-11-13,3.48,3.53,3.48,3.38,7442558.0,25015708.0
2012-11-12,3.52,3.55,3.49,3.44,5040840.0,17077428.0
2012-11-09,3.59,3.60,3.50,3.49,10081059.0,34624504.0
2012-11-08,3.64,3.77,3.61,3.60,19445388.0,70237648.0
2012-11-07,3.57,3.71,3.69,3.54,14970496.0,53256616.0
2012-11-06,3.62,3.64,3.56,3.52,6750642.0,23424056.0
2012-11-05,3.55,3.67,3.62,3.51,9537595.0,33423374.0
2012-11-02,3.55,3.59,3.56,3.51,5535828.0,19168606.0
2012-11-01,3.50,3.58,3.56,3.49,7603261.0,26271476.0
2012-10-31,3.54,3.58,3.51,3.45,9241810.0,31480316.0
2012-10-30,3.67,3.88,3.64,3.63,15494948.0,56048308.0
2012-10-29,3.60,3.62,3.56,3.53,4446857.0,15422531.0
2012-10-26,3.68,3.70,3.60,3.55,9854042.0,34611920.0
2012-10-25,3.68,3.78,3.69,3.66,21142164.0,76703888.0
2012-10-24,3.55,3.71,3.68,3.54,18731670.0,66767856.0
2012-10-23,3.60,3.64,3.56,3.55,5257217.0,18408994.0
2012-10-22,3.57,3.62,3.61,3.55,5894047.0,20655584.0
2012-10-19,3.55,3.63,3.60,3.54,7110019.0,24817860.0
2012-10-18,3.50,3.67,3.55,3.49,9162526.0,32010412.0
2012-10-17,3.48,3.55,3.50,3.42,5862290.0,19925240.0
2012-10-16,3.50,3.54,3.48,3.45,3568864.0,12148991.0
2012-10-15,3.53,3.54,3.47,3.45,4534908.0,15395125.0
2012-10-12,3.55,3.58,3.51,3.48,4195736.0,14402560.0
2012-10-11,3.57,3.62,3.53,3.52,6430181.0,22421990.0
2012-10-10,3.53,3.63,3.60,3.50,8536019.0,29830844.0
2012-10-09,3.46,3.56,3.54,3.44,6373048.0,21848602.0
2012-10-08,3.49,3.49,3.46,3.44,2882996.0,9709636.0
2012-09-28,3.42,3.51,3.47,3.38,5862018.0,19783642.0
2012-09-27,3.33,3.42,3.40,3.30,5727183.0,18849824.0
2012-09-26,3.39,3.41,3.32,3.31,3756220.0,12288117.0
2012-09-25,3.39,3.45,3.40,3.38,3807538.0,12674108.0
2012-09-24,3.44,3.47,3.44,3.35,5001755.0,16649073.0
2012-09-21,3.50,3.52,3.47,3.45,4924139.0,16719313.0
2012-09-20,3.58,3.58,3.45,3.44,7534528.0,25688952.0
2012-09-19,3.57,3.67,3.61,3.49,10405400.0,36413944.0
2012-09-18,3.56,3.73,3.59,3.52,10870177.0,38504116.0
2012-09-17,3.70,3.73,3.57,3.56,10595787.0,37728400.0
2012-09-14,3.62,3.79,3.76,3.54,17700906.0,63541316.0
2012-09-13,3.67,3.72,3.60,3.60,9642549.0,34519764.0
2012-09-12,3.61,3.72,3.67,3.60,12152086.0,43301172.0
2012-09-11,3.62,3.62,3.59,3.54,6528531.0,22720972.0
2012-09-10,3.59,3.65,3.63,3.57,9378149.0,33028310.0
2012-09-07,3.46,3.64,3.59,3.44,17185618.0,59550032.0
2012-09-06,3.37,3.44,3.44,3.36,7323178.0,24226566.0
2012-09-05,3.40,3.40,3.36,3.31,6355597.0,20814188.0
2012-09-04,3.49,3.49,3.40,3.39,5534695.0,18520700.0
2012-09-03,3.42,3.50,3.48,3.38,6983119.0,23523156.0
2012-08-31,3.55,3.59,3.46,3.38,10978736.0,37105088.0
2012-08-30,3.61,3.66,3.55,3.48,5028098.0,17484514.0
2012-08-29,3.72,3.74,3.66,3.64,3720706.0,13336301.0
2012-08-28,3.67,3.77,3.72,3.67,3976089.0,14440774.0
2012-08-27,3.74,3.82,3.70,3.67,5100125.0,18539944.0
2012-08-24,3.90,3.91,3.83,3.79,4440309.0,16681787.0
2012-08-23,3.90,3.94,3.93,3.85,6223939.0,23626384.0
2012-08-22,3.83,4.05,3.92,3.80,8893452.0,34010248.0
2012-08-21,3.78,3.87,3.87,3.75,4928150.0,18410436.0
2012-08-20,3.79,3.80,3.78,3.70,2686088.0,9836341.0
2012-08-17,3.79,3.82,3.80,3.76,2237469.0,8269673.0
2012-08-16,3.83,3.85,3.81,3.77,2719001.0,10099461.0
2012-08-15,3.90,3.90,3.86,3.80,4067820.0,15238541.0
2012-08-14,3.89,3.93,3.89,3.79,4704551.0,17688320.0
2012-08-13,3.99,3.99,3.89,3.86,4544154.0,17357644.0
2012-08-10,3.99,4.05,3.99,3.93,6599235.0,25618448.0
2012-08-09,3.90,3.99,3.98,3.83,7342477.0,28138520.0
2012-08-08,3.95,3.95,3.90,3.89,4801223.0,18301452.0
2012-08-07,3.87,3.96,3.95,3.87,7229238.0,27584080.0
2012-08-06,3.78,3.87,3.86,3.75,5312166.0,19747616.0
2012-08-03,3.72,3.78,3.77,3.70,4492999.0,16407017.0
2012-08-02,3.91,3.91,3.72,3.71,11131106.0,41033020.0
2012-08-01,3.90,3.97,3.95,3.90,3013117.0,11577420.0
2012-07-31,4.03,4.03,3.91,3.86,3982147.0,15237735.0
2012-07-30,4.11,4.12,4.03,4.00,4232755.0,16653849.0
2012-07-27,4.09,4.12,4.10,4.07,2872678.0,11453369.0
2012-07-26,4.09,4.16,4.09,4.06,3153422.0,12633371.0
2012-07-25,4.13,4.15,4.11,4.05,3311712.0,13262830.0
2012-07-24,4.05,4.23,4.15,4.03,6344759.0,25750260.0
2012-07-23,4.13,4.13,4.08,4.02,4277405.0,16964594.0
2012-07-20,4.18,4.20,4.15,4.12,6154059.0,24908844.0
2012-07-19,4.09,4.18,4.16,4.00,7533809.0,30340800.0
2012-07-18,4.09,4.10,4.08,3.98,5250943.0,20670394.0
2012-07-17,4.13,4.13,4.08,4.01,5384172.0,21266684.0
2012-07-16,4.23,4.25,4.11,4.10,4323722.0,17609616.0
2012-07-13,4.21,4.29,4.25,4.21,2980644.0,12466161.0
2012-07-12,4.24,4.27,4.26,4.16,4914380.0,20354584.0
2012-07-11,4.18,4.31,4.24,4.16,4788147.0,19922246.0
2012-07-10,4.23,4.23,4.18,4.08,6064400.0,24758318.0
2012-07-09,4.42,4.43,4.23,4.21,13069724.0,55047728.0
2012-07-06,4.46,4.48,4.42,4.39,10004245.0,43468796.0
2012-07-05,4.55,4.55,4.42,4.41,5307315.0,23178466.0
2012-07-04,4.60,4.62,4.56,4.53,3957305.0,17742520.0
2012-07-03,4.64,4.66,4.59,4.55,5432960.0,24591212.0
2012-07-02,4.59,4.66,4.63,4.55,9552812.0,43231824.0
2012-06-29,4.65,4.70,4.53,4.51,14882804.0,66852964.0
2012-06-28,4.79,4.83,4.68,4.67,4386199.0,20427456.0
2012-06-27,4.85,4.91,4.78,4.77,4492986.0,21299488.0
2012-06-26,4.90,4.93,4.86,4.81,7492923.0,35882916.0
2012-06-25,4.97,5.01,4.91,4.90,5055498.0,24655368.0
2012-06-21,5.09,5.12,4.98,4.95,5846995.0,28867960.0
2012-06-20,5.15,5.20,5.09,5.08,5762041.0,29014338.0
2012-06-19,5.20,5.22,5.15,5.08,8298500.0,41778960.0
2012-06-18,5.05,5.25,5.19,5.02,21127320.0,107185440.0
2012-06-15,4.97,5.05,5.01,4.97,7204360.0,35442024.0
2012-06-14,4.99,5.04,4.96,4.95,7493243.0,36785172.0
2012-06-13,4.93,5.00,4.99,4.92,4769390.0,23285296.0
2012-06-12,4.89,4.96,4.94,4.83,6533833.0,31612112.0
2012-06-11,4.83,4.91,4.89,4.79,3530880.0,16807220.0
2012-06-08,4.92,4.96,4.83,4.83,3268234.0,15616656.0
2012-06-07,4.88,5.01,4.85,4.85,5428116.0,26251644.0
2012-06-06,4.86,4.90,4.84,4.80,2623479.0,12459975.0
2012-06-05,4.86,4.92,4.85,4.77,3906717.0,18618258.0
2012-06-04,4.97,4.97,4.86,4.85,7801864.0,37515512.0
2012-06-01,5.07,5.15,5.03,4.99,6027245.0,29940072.0
2012-05-31,5.12,5.12,5.05,5.01,7142383.0,35443512.0
2012-05-30,5.07,5.17,5.14,5.05,18794464.0,94759520.0
2012-05-29,4.84,5.20,5.15,4.84,32161360.0,161003376.0
2012-05-28,4.69,4.82,4.82,4.62,5950151.0,27557788.0
2012-05-25,4.84,4.88,4.75,4.72,6724173.0,31538716.0
2012-05-24,4.84,4.98,4.86,4.80,8471086.0,40751704.0
2012-05-23,4.93,4.93,4.84,4.79,5147867.0,24518828.0
2012-05-22,4.83,4.94,4.91,4.83,5642175.0,26977708.0
2012-05-18,4.94,4.94,4.81,4.80,6979883.0,33360860.0
2012-05-17,4.92,4.97,4.96,4.88,6388479.0,30918684.0
2012-05-16,4.94,4.98,4.91,4.90,5486829.0,26600146.0
2012-05-15,4.91,4.92,4.92,4.85,4907355.0,23515170.0
2012-05-14,4.96,5.04,4.94,4.92,5924864.0,28931428.0
2012-05-11,4.97,5.01,4.90,4.88,6213534.0,30196970.0
2012-05-10,4.95,5.02,4.97,4.91,6834508.0,33360336.0
2012-05-09,5.03,5.03,4.96,4.95,8376136.0,40963360.0
2012-05-08,5.08,5.09,5.05,4.98,9701582.0,47924128.0
2012-05-07,5.13,5.17,5.09,5.02,11036198.0,55045884.0
2012-05-04,5.19,5.22,5.16,5.11,8892154.0,44952508.0
2012-05-03,5.22,5.24,5.18,5.15,8886658.0,45121708.0
2012-05-02,5.23,5.28,5.23,5.16,11686759.0,59751084.0
2012-04-27,5.29,5.29,5.18,5.14,14987358.0,76451104.0
2012-04-26,5.19,5.36,5.30,5.16,23117632.0,119978144.0
2012-04-25,5.09,5.22,5.17,5.05,13368351.0,67409328.0
2012-04-24,5.25,5.26,5.11,4.96,16852830.0,84344720.0
2012-04-23,5.27,5.35,5.24,5.22,13548317.0,69994128.0
2012-04-20,5.22,5.31,5.27,5.18,13524472.0,69742376.0
2012-04-19,5.25,5.31,5.24,5.18,11646728.0,59885956.0
2012-04-18,5.16,5.31,5.26,5.09,17980746.0,91986544.0
2012-04-17,5.18,5.24,5.16,5.13,11562874.0,58805776.0
2012-04-16,5.12,5.22,5.19,5.08,8698951.0,44046832.0
2012-04-13,5.19,5.23,5.17,5.13,13697309.0,69539168.0
2012-04-12,5.06,5.19,5.17,5.06,13360964.0,67404320.0
2012-04-11,4.99,5.14,5.06,4.94,9978613.0,49553828.0
2012-04-10,4.85,5.17,5.15,4.74,16639134.0,80793008.0
2012-04-09,5.09,5.28,4.99,4.98,19682568.0,99441128.0
2012-04-06,4.99,5.05,4.93,4.89,12714506.0,61930220.0
2012-04-05,4.77,5.04,4.98,4.77,9839917.0,47311768.0
2012-03-30,4.80,4.86,4.78,4.73,7124697.0,33451570.0
2012-03-29,4.97,4.98,4.80,4.77,9074518.0,43339828.0
2012-03-28,5.26,5.29,4.99,4.89,12427284.0,62074624.0
2012-03-27,5.32,5.35,5.29,5.27,8543632.0,44505928.0
2012-03-26,5.32,5.34,5.30,5.25,5381169.0,27914908.0
2012-03-23,5.40,5.40,5.31,5.28,9461942.0,49520760.0
2012-03-22,5.40,5.51,5.42,5.34,11883291.0,63353372.0
2012-03-21,5.37,5.49,5.41,5.32,15147900.0,80219208.0
2012-03-20,5.55,5.56,5.35,5.32,12853457.0,68424536.0
2012-03-19,5.49,5.55,5.54,5.42,11339233.0,61056840.0
2012-03-16,5.39,5.50,5.49,5.35,13164547.0,70255480.0
2012-03-15,5.60,5.69,5.39,5.31,20267836.0,108613600.0
2012-03-14,6.03,6.04,5.61,5.55,37989796.0,217343696.0
2012-03-13,5.81,6.20,6.04,5.79,43811056.0,257924928.0
2012-03-12,5.90,5.90,5.85,5.77,18901072.0,107925616.0
2012-03-09,5.95,5.99,5.88,5.78,28301606.0,162530480.0
2012-03-08,5.96,6.06,5.95,5.91,38429408.0,226003280.0
2012-03-07,5.77,5.99,5.95,5.71,38290448.0,220747536.0
2012-03-06,5.74,5.84,5.80,5.71,18270010.0,103669184.0
2012-03-05,5.85,5.88,5.77,5.74,20518340.0,116594032.0
2012-03-02,5.73,5.86,5.84,5.72,19496452.0,111091552.0
2012-03-01,5.71,5.79,5.74,5.69,12285910.0,69169664.0
2012-02-29,5.74,5.89,5.74,5.72,20195366.0,115129288.0
2012-02-28,5.73,5.80,5.76,5.68,19284912.0,108518048.0
2012-02-27,5.87,5.91,5.78,5.77,33912284.0,194657168.0
2012-02-24,5.85,5.88,5.86,5.73,34100936.0,194490928.0
2012-02-23,5.82,6.03,5.89,5.78,60844904.0,353257696.0
2012-02-22,5.77,5.86,5.84,5.71,43736428.0,248763584.0
2012-02-21,5.69,5.84,5.82,5.67,67548544.0,381513344.0
2012-02-20,5.29,5.75,5.75,5.25,87659992.0,485899072.0
2012-02-17,5.31,5.34,5.23,5.20,11624366.0,59892104.0
2012-02-16,5.31,5.38,5.30,5.23,15983847.0,83274272.0
2012-02-15,5.16,5.37,5.32,5.12,17459384.0,90366312.0
2012-02-14,5.17,5.23,5.17,5.15,7827854.0,39737824.0
2012-02-13,5.15,5.28,5.19,5.12,12743789.0,65023244.0
2012-02-10,5.18,5.29,5.23,5.14,14386271.0,73848656.0
2012-02-09,5.14,5.25,5.18,5.11,14697411.0,74829976.0
2012-02-08,5.03,5.18,5.14,4.97,10908263.0,54554792.0
2012-02-07,5.13,5.14,5.02,4.97,13342304.0,66066312.0
2012-02-06,4.95,5.24,5.21,4.94,23484754.0,118107792.0
2012-02-03,4.92,5.07,5.00,4.89,15260775.0,74881464.0
2012-02-02,4.82,4.88,4.86,4.77,7949525.0,37735152.0
2012-02-01,4.89,4.93,4.82,4.81,3577492.0,17103308.0
2012-01-31,4.90,4.92,4.88,4.81,4395955.0,20993464.0
2012-01-30,5.00,5.01,4.89,4.88,5341501.0,26027872.0
2012-01-20,4.97,4.99,4.98,4.92,5408766.0,26343048.0
2012-01-19,4.90,5.00,4.94,4.87,6725561.0,32655352.0
2012-01-18,4.99,5.04,4.89,4.86,9868400.0,47772320.0
2012-01-17,4.65,5.02,4.98,4.65,8538607.0,40922980.0
2012-01-16,4.71,4.79,4.71,4.62,4719663.0,21787580.0
2012-01-13,4.98,5.02,4.74,4.69,8407430.0,39820268.0
2012-01-12,4.91,5.11,4.98,4.90,9922250.0,48956976.0
2012-01-11,5.03,5.04,4.94,4.90,9114571.0,44451552.0
2012-01-10,4.79,5.13,5.02,4.74,11710347.0,56868520.0
2012-01-09,4.59,4.78,4.78,4.48,7631398.0,35136560.0
2012-01-06,4.58,4.62,4.59,4.35,8126650.0,35653524.0
2012-01-05,4.69,4.74,4.60,4.59,5622342.0,25575246.0
2012-01-04,4.96,4.96,4.69,4.67,4279455.0,20212956.0
2011-12-30,4.71,4.94,4.85,4.70,6089289.0,28460716.0
2011-12-29,4.73,4.78,4.69,4.67,4365279.0,20264820.0
2011-12-28,4.78,4.78,4.72,4.59,6050161.0,27760268.0
2011-12-27,5.06,5.09,4.81,4.79,5718459.0,27658356.0
2011-12-26,5.14,5.17,5.06,5.03,4155850.0,20795716.0
2011-12-23,5.05,5.21,5.13,4.99,5991364.0,30049228.0
2011-12-21,5.28,5.30,5.07,5.06,5403924.0,27534632.0
2011-12-20,5.21,5.29,5.22,5.18,5565265.0,28663678.0
2011-12-19,5.28,5.28,5.25,5.11,6927963.0,35279048.0
2011-12-16,5.12,5.30,5.28,5.06,6159031.0,31184676.0
2011-12-15,5.25,5.27,5.11,5.02,9254585.0,46435836.0
2011-12-14,5.33,5.40,5.28,5.24,5613983.0,29246128.0
2011-12-13,5.33,5.36,5.33,5.23,9802367.0,50953832.0
2011-12-12,5.39,5.43,5.35,5.34,3376462.0,17803348.0
2011-12-09,5.40,5.46,5.38,5.35,3441301.0,18236082.0
2011-12-08,5.36,5.49,5.43,5.33,6576758.0,34997684.0
2011-12-07,5.41,5.47,5.41,5.38,3759844.0,19986100.0
2011-12-06,5.34,5.56,5.43,5.33,6650259.0,35254776.0
2011-12-05,5.51,5.55,5.37,5.35,6742511.0,35798448.0
2011-12-02,5.57,5.72,5.57,5.48,12436975.0,68299232.0
2011-12-01,5.58,5.71,5.59,5.53,13212242.0,72685488.0
2011-11-30,5.73,5.74,5.39,5.36,13678887.0,74035392.0
2011-11-29,5.68,5.79,5.76,5.63,9935264.0,55786584.0
2011-11-28,5.66,5.71,5.59,5.57,6338126.0,34931584.0
2011-11-25,5.69,5.76,5.66,5.61,5624457.0,31390372.0
2011-11-24,5.72,5.79,5.69,5.63,8068754.0,45111976.0
2011-11-23,5.91,5.99,5.82,5.79,5954890.0,34338360.0
2011-11-22,5.89,5.93,5.91,5.77,7578075.0,43659996.0
2011-11-21,5.89,6.01,5.96,5.82,9275015.0,53841932.0
2011-11-18,6.09,6.11,5.91,5.88,14727917.0,86460008.0
2011-11-17,6.23,6.27,6.14,6.12,13621249.0,82677488.0
2011-11-16,6.41,6.52,6.23,6.14,26904324.0,168442816.0
2011-11-15,6.37,6.50,6.41,6.33,23908744.0,150456384.0
2011-11-14,6.24,6.46,6.42,6.22,28991812.0,179968368.0
2011-11-11,6.12,6.30,6.19,6.11,17361452.0,105654192.0
2011-11-10,6.22,6.22,6.12,6.11,14967398.0,90342776.0
2011-11-09,6.22,6.34,6.28,6.06,20025374.0,121945504.0
2011-11-08,6.21,6.36,6.23,6.20,16642773.0,102229992.0
2011-11-07,6.33,6.37,6.24,6.21,20720922.0,127465928.0
2011-11-04,6.29,6.40,6.38,6.17,64360848.0,397674048.0
2011-11-03,5.73,6.28,6.28,5.73,52633124.0,314320320.0
2011-11-02,5.50,5.78,5.71,5.43,20831188.0,114383240.0
2011-11-01,5.56,5.62,5.61,5.50,10010955.0,54679220.0
2011-10-31,5.66,5.68,5.62,5.56,9781496.0,53970504.0
2011-10-28,5.58,5.71,5.69,5.52,15143783.0,83490088.0
2011-10-27,5.53,5.57,5.48,5.47,9320854.0,50512504.0
2011-10-26,5.43,5.66,5.50,5.40,14094138.0,76433800.0
2011-10-25,5.29,5.53,5.51,5.20,12530646.0,66170816.0
2011-10-24,5.16,5.28,5.27,5.09,8084832.0,41216912.0
2011-10-21,5.35,5.43,5.15,5.13,6808343.0,35266328.0
2011-10-20,5.50,5.55,5.33,5.29,9548753.0,50420352.0
2011-10-19,5.62,5.66,5.56,5.53,4274374.0,23415710.0
2011-10-18,5.80,5.80,5.60,5.58,9611932.0,53444132.0
2011-10-17,5.86,5.95,5.86,5.81,6264601.0,36055472.0
2011-10-14,5.94,5.94,5.84,5.80,8521486.0,48891792.0
2011-10-13,5.77,5.98,5.95,5.73,14105410.0,81168408.0
2011-10-12,5.55,5.78,5.77,5.46,11747440.0,65778512.0
2011-10-11,5.71,5.82,5.58,5.47,6796014.0,37568248.0
2011-10-10,5.62,5.68,5.54,5.52,4524823.0,24745352.0
2011-09-30,5.55,5.62,5.60,5.43,6922885.0,37654544.0
2011-09-29,5.71,5.74,5.52,5.50,8290113.0,45909272.0
2011-09-28,5.95,5.97,5.79,5.72,7681553.0,44161728.0
2011-09-27,5.93,5.98,5.91,5.83,7005579.0,40615344.0
2011-09-26,6.01,6.07,5.87,5.86,8503490.0,49580240.0
2011-09-23,6.01,6.12,6.03,5.94,11062353.0,65287708.0
2011-09-22,6.34,6.35,6.14,6.13,11195470.0,68734304.0
2011-09-21,6.17,6.40,6.39,6.09,14247607.0,87862200.0
2011-09-20,6.14,6.25,6.17,6.11,6630521.0,40080208.0
2011-09-19,6.33,6.33,6.14,6.14,10203156.0,62103620.0
2011-09-16,6.45,6.47,6.36,6.33,9463673.0,59364808.0
2011-09-15,6.43,6.46,6.38,6.37,7253911.0,45676524.0
2011-09-14,6.34,6.41,6.40,6.24,7385336.0,45891712.0
2011-09-13,6.30,6.36,6.31,6.27,6667563.0,41216204.0
2011-09-09,6.40,6.53,6.43,6.38,6101298.0,38562376.0
2011-09-08,6.62,6.66,6.42,6.41,9271344.0,59610384.0
2011-09-07,6.44,6.56,6.55,6.40,10464573.0,66590784.0
2011-09-06,6.45,6.48,6.37,6.33,10486635.0,65655460.0
2011-09-05,6.74,6.74,6.51,6.50,13717097.0,88865944.0
2011-09-02,6.97,7.01,6.83,6.75,10694955.0,71799456.0
2011-09-01,6.98,7.11,6.99,6.95,10510666.0,72481696.0
2011-08-31,7.08,7.11,6.95,6.86,12311445.0,83960368.0
2011-08-30,7.09,7.28,7.08,7.07,10266175.0,72080696.0
2011-08-29,7.23,7.23,7.07,7.05,12898596.0,89989168.0
2011-08-26,7.21,7.29,7.24,7.15,10415143.0,73900400.0
2011-08-25,6.99,7.26,7.22,6.97,15484835.0,108240016.0
2011-08-24,7.11,7.15,7.00,6.98,11490091.0,79592904.0
2011-08-23,6.92,7.03,7.01,6.87,8994017.0,61359416.0
2011-08-22,6.93,7.01,6.87,6.84,8892761.0,60496476.0
2011-08-19,6.89,7.02,6.94,6.83,15081859.0,102250112.0
2011-08-18,7.39,7.43,7.08,7.06,17983292.0,127539584.0
2011-08-17,7.43,7.53,7.39,7.38,11931991.0,87000096.0
2011-08-16,7.45,7.58,7.46,7.42,20068118.0,147696192.0
2011-08-15,7.36,7.47,7.45,7.34,15846733.0,115385048.0
2011-08-12,7.37,7.49,7.34,7.31,20293046.0,147281904.0
2011-08-11,6.97,7.30,7.28,6.90,20846772.0,146707312.0
2011-08-10,7.34,7.41,7.21,7.17,23563674.0,168869744.0
2011-08-09,7.02,7.32,7.18,6.62,26992472.0,185775552.0
2011-08-08,7.64,7.82,7.27,7.19,29925290.0,219839792.0
2011-08-05,7.94,8.06,7.91,7.74,20711536.0,161641552.0
2011-08-04,8.19,8.28,8.22,8.14,14417218.0,116309296.0
2011-08-03,8.09,8.25,8.15,8.00,13787456.0,110283416.0
2011-08-02,8.30,8.30,8.23,8.07,20365912.0,163382160.0
2011-08-01,8.61,8.61,8.40,8.36,26593872.0,220850912.0
2011-07-29,8.41,8.62,8.46,8.34,30918130.0,257247072.0
2011-07-28,8.43,8.60,8.46,8.17,33193936.0,274390720.0
2011-07-27,8.10,8.51,8.44,8.04,27599124.0,224737184.0
2011-07-26,8.00,8.17,8.16,7.95,18997264.0,149923664.0
2011-07-25,8.51,8.51,8.05,7.92,36508664.0,294155296.0
2011-07-22,8.65,8.71,8.55,8.48,23089880.0,194841440.0
2011-07-21,8.83,8.84,8.60,8.55,30261804.0,257713376.0
2011-07-20,9.08,9.12,8.87,8.76,32004558.0,279649728.0
2011-07-19,8.87,9.05,8.96,8.74,38264580.0,333718816.0
2011-07-18,9.07,9.15,8.92,8.88,45640272.0,401241120.0
2011-07-15,9.02,9.16,9.07,8.88,60915792.0,539589824.0
2011-07-14,8.72,9.07,9.05,8.70,67992936.0,591392960.0
2011-07-13,8.42,8.85,8.78,8.42,55766456.0,475275200.0
2011-07-12,8.44,8.58,8.40,8.37,29942946.0,248651664.0
2011-07-11,8.48,8.65,8.52,8.37,28182940.0,236754448.0
2011-07-08,8.63,8.65,8.49,8.39,43296144.0,361459264.0
2011-07-07,8.87,8.94,8.67,8.66,51381144.0,442249824.0
2011-07-06,8.74,9.04,8.88,8.74,75855056.0,663178624.0
2011-07-05,8.69,8.73,8.70,8.56,47128136.0,399618912.0
2011-07-04,8.54,8.78,8.70,8.47,66648060.0,565526016.0
2011-07-01,8.41,8.72,8.48,8.40,46959420.0,393975712.0
2011-06-30,8.29,8.53,8.40,8.27,34792828.0,287281984.0
2011-06-29,8.46,8.58,8.29,8.28,42026016.0,347367360.0
2011-06-28,8.25,8.73,8.56,8.13,71859384.0,600958784.0
2011-06-27,8.16,8.36,8.21,8.06,36395812.0,293947456.0
2011-06-24,7.90,8.29,8.10,7.85,49537968.0,393857792.0
2011-06-23,7.57,8.08,7.96,7.39,36860080.0,281763552.0
2011-06-22,7.84,7.88,7.61,7.51,19072260.0,142910720.0
2011-06-21,7.69,7.85,7.80,7.66,17226024.0,131228040.0
2011-06-20,7.49,7.74,7.66,7.42,20699072.0,153692288.0
2011-06-17,7.80,7.97,7.59,7.56,27116076.0,207070176.0
2011-06-16,8.25,8.27,7.86,7.74,46949408.0,370576768.0
2011-06-15,8.34,8.56,8.38,8.24,49125808.0,405411456.0
2011-06-14,8.28,8.45,8.37,8.20,45857644.0,375596160.0
2011-06-13,8.10,8.61,8.41,8.08,70561680.0,577636352.0
2011-06-10,7.69,8.55,8.25,7.67,91971304.0,746006336.0
2011-06-09,7.67,8.03,7.77,7.59,45812036.0,354701536.0
2011-06-08,7.67,7.73,7.66,7.51,17344978.0,129746496.0
2011-06-07,7.44,7.75,7.74,7.39,24920944.0,185664688.0
2011-06-03,7.54,8.03,7.75,7.44,20650560.0,157866320.0
2011-06-02,7.73,7.78,7.38,7.24,16406141.0,240778784.0
2011-06-01,7.87,7.92,7.88,7.73,10814231.0,166255680.0
2011-05-31,7.73,7.92,7.87,7.65,9923253.0,151874544.0
2011-05-30,7.65,7.89,7.70,7.64,12321745.0,187536944.0
2011-05-27,7.76,7.90,7.59,7.54,12490287.0,189602048.0
2011-05-26,7.99,8.04,7.71,7.68,14592236.0,224085968.0
2011-05-25,8.24,8.25,7.94,7.89,20179716.0,317610784.0
2011-05-24,8.18,8.29,8.22,8.07,15109132.0,242641344.0
2011-05-23,8.76,8.83,8.28,8.26,30217108.0,501517632.0
2011-05-20,8.81,9.11,8.85,8.76,30637592.0,537137920.0
2011-05-19,8.86,8.94,8.85,8.72,30933004.0,535894240.0
2011-05-18,8.23,9.12,8.92,8.23,57221132.0,987907648.0
2011-05-17,8.45,8.50,8.30,8.14,23564984.0,384193312.0
2011-05-13,8.15,8.60,8.50,8.14,27839252.0,458817184.0
2011-05-12,8.26,8.43,8.17,8.15,18461992.0,300903232.0
2011-05-11,8.18,8.45,8.32,8.16,22362316.0,365593152.0
2011-05-10,8.15,8.19,8.14,8.00,13052735.0,207520816.0
2011-05-09,8.04,8.27,8.15,7.92,17771072.0,283505824.0
2011-05-06,7.74,8.05,7.99,7.69,13215724.0,205423456.0
2011-05-05,7.81,7.99,7.80,7.66,10571266.0,162426704.0
2011-05-04,8.03,8.09,7.85,7.78,14018681.0,218225008.0
2011-05-03,7.80,8.13,8.10,7.72,15637345.0,244764336.0
2011-04-29,7.80,7.90,7.86,7.62,17993680.0,274398784.0
2011-04-28,8.45,8.61,7.82,7.80,36548860.0,587552320.0
2011-04-27,8.11,8.79,8.44,8.10,44691040.0,741489664.0
2011-04-26,8.56,8.56,8.06,8.05,32968226.0,532308896.0
2011-04-25,8.51,8.71,8.57,8.36,44483812.0,748029568.0
2011-04-22,8.03,8.57,8.48,8.00,40737016.0,666670976.0
2011-04-21,7.92,8.02,7.99,7.90,8557463.0,133793848.0
2011-04-20,7.91,8.01,7.89,7.82,13708371.0,212829072.0
2011-04-19,8.31,8.31,7.91,7.90,19462080.0,307480960.0
2011-04-18,8.25,8.44,8.31,8.20,20792490.0,340082816.0
2011-04-15,8.17,8.27,8.24,8.07,9765709.0,156616160.0
2011-04-14,8.27,8.29,8.19,8.15,10753279.0,173400352.0
2011-04-13,7.99,8.28,8.26,7.95,17147744.0,275134144.0
2011-04-12,7.90,8.13,8.05,7.90,9453437.0,148853344.0
2011-04-11,8.17,8.19,7.95,7.95,13012496.0,205273520.0
2011-04-08,8.17,8.20,8.15,8.05,9950607.0,158386816.0
2011-04-07,8.14,8.23,8.17,8.09,11316456.0,181272832.0
2011-04-06,7.90,8.15,8.14,7.89,17323252.0,274913440.0
2011-04-01,7.90,7.94,7.94,7.76,6520953.0,100531688.0
2011-03-31,7.87,8.03,7.85,7.78,9567604.0,148364640.0
2011-03-30,7.80,7.96,7.86,7.76,8451077.0,130525208.0
2011-03-29,7.97,7.99,7.83,7.80,12321830.0,190463440.0
2011-03-28,8.12,8.20,8.00,7.90,17680598.0,278471200.0
2011-03-25,8.04,8.23,8.13,7.98,12671306.0,202064752.0
2011-03-24,8.15,8.19,8.04,7.99,15187401.0,240356896.0
2011-03-23,8.07,8.32,8.18,8.05,16051399.0,258476992.0
2011-03-22,8.39,8.42,8.09,8.05,18124688.0,289393568.0
2011-03-21,8.46,8.65,8.34,8.26,21148276.0,349758944.0
2011-03-18,8.31,8.58,8.47,8.15,28162352.0,461582080.0
2011-03-17,8.30,8.63,8.23,8.22,32310682.0,532296032.0
2011-03-16,8.13,8.50,8.41,8.10,34043432.0,557532864.0
2011-03-15,8.23,8.35,8.17,7.82,38739864.0,615439616.0
2011-03-14,8.04,8.44,8.35,8.00,37305124.0,605091840.0
2011-03-11,7.76,8.15,8.05,7.76,24328404.0,381027456.0
2011-03-10,7.93,7.99,7.75,7.74,17963380.0,277191072.0
2011-03-09,8.10,8.10,7.97,7.91,16419266.0,257057248.0
2011-03-08,8.03,8.20,8.10,7.98,19527574.0,310559136.0
2011-03-07,8.02,8.14,8.06,7.95,26036472.0,411162496.0
2011-03-04,7.80,7.97,7.96,7.68,21391502.0,328955712.0
2011-03-03,7.76,7.94,7.77,7.69,19758180.0,303226944.0
2011-03-02,7.76,7.85,7.74,7.66,26598268.0,403993248.0
2011-03-01,8.23,8.23,7.85,7.82,41720320.0,654580928.0
2011-02-28,7.98,8.28,8.23,7.98,31259388.0,500499392.0
2011-02-25,8.03,8.22,7.95,7.90,24963024.0,394241344.0
2011-02-24,8.12,8.15,8.00,7.90,22838356.0,359326560.0
2011-02-23,8.07,8.20,8.18,7.95,29638492.0,470537536.0
2011-02-22,8.26,8.26,8.11,7.80,46059948.0,725523328.0
2011-02-21,8.12,8.40,8.29,8.02,44762404.0,721818432.0
2011-02-18,7.87,8.25,8.16,7.77,55794492.0,883613440.0
2011-02-17,7.70,8.04,7.90,7.69,48559008.0,747204032.0
2011-02-16,7.24,7.89,7.64,7.24,47688540.0,715085056.0
2011-02-15,7.36,7.48,7.23,7.22,21218130.0,306559456.0
2011-02-14,7.36,7.42,7.35,7.24,25854668.0,372687968.0
2011-02-11,7.11,7.39,7.35,7.06,23822132.0,339290048.0
2011-02-10,6.78,7.13,7.12,6.78,13024127.0,179801200.0
2011-02-09,6.82,6.96,6.84,6.77,7262639.0,98062088.0
2011-02-01,7.00,7.02,6.84,6.81,5805612.0,78439856.0
2011-01-31,6.75,6.95,6.92,6.75,9021232.0,121555136.0
2011-01-28,6.53,6.88,6.81,6.50,13442297.0,178352608.0
2011-01-27,6.47,6.62,6.57,6.30,9706034.0,123274344.0
2011-01-26,6.42,6.52,6.50,6.38,4465745.0,56674232.0
2011-01-25,6.72,6.77,6.41,6.32,8274251.0,104608656.0
2011-01-24,6.68,6.88,6.70,6.62,7507601.0,99660960.0
2011-01-21,6.58,6.80,6.68,6.54,6417655.0,83983440.0
2011-01-20,6.90,6.90,6.60,6.59,7341214.0,97136912.0
2011-01-19,6.72,6.93,6.91,6.71,7520187.0,101073224.0
2011-01-18,6.59,6.78,6.74,6.57,5174465.0,67857960.0
2011-01-17,6.71,6.86,6.59,6.56,7891605.0,103924632.0
2011-01-14,7.13,7.13,6.81,6.79,11659297.0,158170400.0
2011-01-13,7.21,7.37,7.16,7.16,12227909.0,173979824.0
2011-01-12,7.21,7.25,7.13,6.99,9318286.0,130592280.0
2011-01-11,7.03,7.22,7.21,7.00,9518795.0,132806144.0
2011-01-10,7.20,7.36,7.10,7.06,11898697.0,168455056.0
2011-01-07,7.32,7.44,7.20,7.13,19231414.0,273659328.0
2011-01-06,7.59,7.67,7.32,7.23,42676136.0,622264640.0
2011-01-05,7.16,7.28,7.23,7.01,14131836.0,199610640.0
2011-01-04,6.93,7.28,7.19,6.91,14704511.0,205986624.0
