date,open,high,close,low,volume,amount
2015-11-27,8.21,8.21,7.34,7.34,71500096.0,552938624.0
2015-11-26,8.20,8.28,8.16,8.03,68990864.0,562173632.0
2015-11-25,7.86,8.24,8.19,7.83,63256728.0,510288992.0
2015-11-24,7.78,7.95,7.93,7.76,30366694.0,238724736.0
2015-11-23,8.00,8.28,7.91,7.82,52643220.0,422125408.0
2015-11-20,8.24,8.24,8.09,8.02,83452752.0,677034944.0
2015-11-19,7.85,8.50,8.31,7.76,117786728.0,960386112.0
2015-11-18,7.79,7.94,7.85,7.62,44858272.0,348017088.0
2015-11-17,8.10,8.20,7.86,7.83,88446720.0,711416576.0
2015-11-16,7.50,8.11,8.10,7.40,84890608.0,670207296.0
2015-11-13,7.71,8.10,7.75,7.63,65773548.0,516574592.0
2015-11-12,8.16,8.16,7.90,7.85,82060752.0,654889024.0
2015-11-11,7.70,8.25,8.14,7.61,114815128.0,912553728.0
2015-11-10,7.50,8.00,7.82,7.40,113505192.0,872814848.0
2015-11-09,7.26,7.68,7.62,7.15,92078376.0,684658688.0
2015-11-06,7.30,7.53,7.43,7.29,75534240.0,559570944.0
2015-11-05,7.57,7.58,7.40,7.29,119454704.0,885747008.0
2015-11-04,7.25,7.82,7.68,7.25,154509232.0,1164660480.0
2015-11-03,7.99,7.99,7.34,7.28,177500880.0,1345080576.0
2015-11-02,8.09,8.09,8.09,7.77,126352088.0,1019192896.0
2015-10-30,7.35,7.35,7.35,7.35,44052072.0,323782720.0
2015-10-29,6.51,6.69,6.68,6.42,35627644.0,234703520.0
2015-10-28,6.59,6.87,6.47,6.40,43541688.0,289419296.0
2015-10-27,6.66,6.76,6.63,6.31,41312160.0,271722080.0
2015-10-26,6.89,6.90,6.80,6.55,65362036.0,437524960.0
2015-10-23,6.58,7.00,6.87,6.51,68855424.0,464007008.0
2015-10-22,6.35,6.66,6.59,6.06,69604968.0,447121376.0
2015-10-21,7.05,7.29,6.35,6.35,82986720.0,569141696.0
2015-10-20,7.02,7.15,7.05,6.86,58182360.0,407705344.0
2015-10-19,6.95,7.30,7.16,6.81,106159720.0,748515840.0
2015-10-16,7.15,7.33,7.06,6.71,134358592.0,939994240.0
2015-10-15,6.10,6.77,6.77,6.06,74574152.0,486531680.0
2015-10-14,6.25,6.30,6.15,6.04,47123348.0,290815808.0
2015-10-13,5.95,6.44,6.34,5.86,80040224.0,499372192.0
2015-10-12,5.62,6.14,6.02,5.61,73800608.0,433546144.0
2015-10-09,5.57,5.64,5.58,5.42,43512808.0,240429984.0
2015-10-08,5.50,5.74,5.59,5.40,59482160.0,331081952.0
2015-09-30,5.50,5.61,5.35,5.19,50961616.0,271820128.0
2015-09-29,5.90,5.95,5.52,5.51,81202128.0,465002464.0
2015-09-28,5.93,6.37,6.12,5.76,112799344.0,682037056.0
2015-09-25,6.00,6.03,5.91,5.64,98174176.0,577634112.0
2015-09-24,5.55,6.16,6.16,5.51,129143312.0,759965376.0
2015-09-23,5.00,5.60,5.60,4.95,47102992.0,253060384.0
2015-09-22,5.09,5.12,5.09,4.93,20062678.0,101147168.0
2015-09-21,4.71,5.10,5.05,4.69,21843042.0,108607872.0
2015-09-18,4.75,4.85,4.80,4.66,14352235.0,68446576.0
2015-09-17,4.78,4.97,4.69,4.67,23900500.0,116174144.0
2015-09-16,4.44,4.83,4.81,4.41,19747204.0,91538512.0
2015-09-15,4.64,4.71,4.39,4.30,17655826.0,79609464.0
2015-09-14,5.20,5.22,4.70,4.66,25294414.0,123542104.0
2015-09-11,5.12,5.33,5.18,5.08,19452084.0,100927112.0
2015-09-10,5.14,5.32,5.12,5.08,21194864.0,110407728.0
2015-09-09,5.07,5.33,5.22,5.04,28019844.0,145177344.0
2015-09-08,4.74,5.05,5.04,4.69,16067027.0,78198936.0
2015-09-07,4.68,4.97,4.74,4.68,18266040.0,87894000.0
2015-09-02,4.67,4.95,4.60,4.51,18700864.0,88018648.0
2015-09-01,5.10,5.11,4.78,4.70,20891300.0,101504584.0
2015-08-31,5.39,5.39,5.11,5.09,21691164.0,113213024.0
2015-08-28,5.18,5.50,5.47,5.03,37741776.0,197575760.0
2015-08-27,4.99,5.12,5.06,4.71,23792876.0,117807160.0
2015-08-26,5.08,5.23,4.82,4.64,30398868.0,151688848.0
2015-08-25,5.09,5.25,5.02,5.02,26075084.0,132270648.0
2015-08-24,5.97,5.97,5.58,5.58,22285936.0,125937304.0
2015-08-21,6.45,6.65,6.20,6.07,26643252.0,169524608.0
2015-08-20,6.81,6.97,6.60,6.56,28652402.0,193751120.0
2015-08-19,6.35,7.05,6.95,6.06,45503516.0,298964544.0
2015-08-18,7.36,7.37,6.67,6.67,49874280.0,348762784.0
2015-08-17,6.95,7.45,7.41,6.81,63061300.0,448425344.0
2015-08-14,7.20,7.20,6.98,6.91,52288668.0,368598528.0
2015-08-13,6.79,7.00,6.99,6.62,49517704.0,338498144.0
2015-08-12,6.73,6.93,6.81,6.67,51378344.0,350699424.0
2015-08-11,6.58,6.95,6.77,6.52,54465400.0,367497024.0
2015-08-10,6.41,6.71,6.60,6.32,50457772.0,328232704.0
2015-08-07,6.06,6.26,6.25,6.03,34963256.0,216160752.0
2015-08-06,5.89,6.07,6.00,5.84,18975614.0,113489488.0
2015-08-05,6.11,6.25,6.01,5.94,34596408.0,210560640.0
2015-08-04,5.62,6.15,6.13,5.62,34217720.0,201381648.0
2015-08-03,5.94,6.01,5.59,5.46,26231566.0,150546400.0
2015-07-31,5.93,6.15,5.97,5.85,24137016.0,144283920.0
2015-07-30,6.25,6.44,6.07,6.00,37003324.0,232132880.0
2015-07-29,6.04,6.35,6.28,5.82,38453064.0,231843392.0
2015-07-28,5.96,6.38,5.91,5.85,59452112.0,357301984.0
2015-07-27,6.98,7.16,6.50,6.50,57033036.0,390951360.0
2015-07-24,7.43,7.69,7.22,7.10,71369160.0,533795584.0
2015-07-23,7.04,7.56,7.51,6.87,73952184.0,542546688.0
2015-07-22,7.14,7.24,7.13,6.82,60491784.0,427848160.0
2015-07-21,6.73,7.16,7.06,6.65,61689636.0,428837408.0
2015-07-20,6.75,7.06,6.89,6.65,52123592.0,357237696.0
2015-07-17,6.42,6.85,6.77,6.24,49637220.0,327656512.0
2015-07-16,5.96,6.77,6.32,5.90,57128220.0,363209760.0
2015-07-15,6.99,7.05,6.56,6.56,54435120.0,364396096.0
2015-07-14,7.50,8.12,7.29,7.20,94279776.0,715822528.0
2015-07-13,7.19,7.63,7.63,6.96,92237416.0,681813184.0
2015-07-10,6.35,6.94,6.94,6.21,66492736.0,449179776.0
2015-07-09,5.17,6.31,6.31,5.17,105224528.0,605242752.0
2015-07-08,5.74,5.74,5.74,5.74,1191100.0,6836914.0
2015-07-07,6.38,6.38,6.38,6.38,3075000.0,19618500.0
2015-07-06,8.50,8.50,7.09,7.09,47553844.0,364911072.0
2015-07-03,7.88,8.40,7.88,7.88,56322248.0,446510784.0
2015-07-02,9.45,9.77,8.75,8.75,55033488.0,505282688.0
2015-07-01,10.67,11.06,9.72,9.69,86134592.0,915983104.0
2015-06-30,9.77,10.80,10.74,8.86,92262288.0,911568256.0
2015-06-29,10.35,10.66,9.84,9.26,74780944.0,737878912.0
2015-06-26,11.00,11.11,10.29,10.03,87713312.0,929834176.0
2015-06-25,10.17,11.14,11.14,9.92,91187288.0,967627264.0
2015-06-24,10.20,10.28,10.13,9.69,45156040.0,454114880.0
2015-06-23,10.55,10.72,9.96,9.51,46278444.0,458292864.0
2015-06-19,11.34,11.74,10.57,10.57,29577828.0,326281408.0
2015-06-18,11.90,12.35,11.74,11.65,36958848.0,444825216.0
2015-06-17,11.25,11.92,11.87,11.19,42103308.0,486827296.0
2015-06-16,12.24,12.24,11.34,11.16,46486200.0,542565440.0
2015-06-15,12.85,13.00,12.37,12.25,51325248.0,649599744.0
2015-06-12,12.41,13.01,12.77,12.20,65809776.0,828537216.0
2015-06-11,12.25,12.50,12.41,12.08,43554872.0,536319936.0
2015-06-10,12.11,12.49,12.25,11.81,45121280.0,553371136.0
2015-06-09,12.13,12.32,12.11,11.79,51748584.0,621631168.0
2015-06-08,13.20,13.20,12.34,12.28,77384944.0,971972672.0
2015-06-05,13.08,14.28,13.36,12.55,137946560.0,1845367424.0
2015-06-04,12.91,13.52,13.52,11.29,110390512.0,1443163136.0
2015-06-03,11.18,12.29,12.29,11.18,42439280.0,506340000.0
2015-06-02,11.12,11.25,11.17,10.79,57053136.0,635520448.0
2015-06-01,10.40,11.09,11.04,10.24,50882732.0,546111168.0
2015-05-29,10.21,10.51,10.40,9.44,49846436.0,508220352.0
2015-05-28,11.06,11.35,10.20,10.13,64352832.0,708049600.0
2015-05-27,11.53,11.54,11.06,10.90,57667608.0,646993792.0
2015-05-26,11.47,11.89,11.56,11.20,59038340.0,682500096.0
2015-05-25,11.22,11.69,11.52,10.98,51701708.0,588393408.0
2015-05-22,11.12,11.42,11.39,10.72,63907440.0,713240448.0
2015-05-21,11.17,11.37,11.11,10.72,69662512.0,777401728.0
2015-05-20,9.76,10.72,10.72,9.76,59416620.0,635815104.0
2015-05-19,9.31,9.86,9.75,9.14,48175336.0,463255008.0
2015-05-18,9.44,9.91,9.36,9.21,48303880.0,464027264.0
2015-05-15,9.25,9.83,9.44,9.13,52130216.0,496465504.0
2015-05-14,8.74,9.63,9.32,8.62,56576968.0,526439552.0
2015-05-13,8.37,9.01,8.77,8.21,49671708.0,432455104.0
2015-05-12,8.49,8.53,8.36,8.24,30917368.0,260576832.0
2015-05-11,8.04,8.42,8.35,8.01,38383320.0,319904480.0
2015-05-08,7.74,7.94,7.91,7.66,28029292.0,220173696.0
2015-05-07,8.14,8.22,7.67,7.64,40550948.0,319675264.0
2015-05-06,8.60,8.82,8.25,7.96,44157900.0,377179520.0
2015-05-05,8.54,9.01,8.60,8.24,75429296.0,664493184.0
2015-05-04,8.24,8.50,8.47,8.09,45519036.0,380302176.0
2015-04-30,8.44,8.54,8.20,8.13,71899176.0,604569792.0
2015-04-29,8.04,8.82,8.62,7.69,119952960.0,988263680.0
2015-04-28,7.45,8.06,8.06,7.45,126977344.0,1015048128.0
2015-04-27,7.18,7.44,7.33,7.18,42966680.0,316002688.0
2015-04-24,7.21,7.24,7.16,7.01,42276096.0,303837440.0
2015-04-23,7.35,7.44,7.29,7.15,45249912.0,331652640.0
2015-04-22,7.10,7.35,7.31,7.10,44778040.0,327320672.0
2015-04-21,6.78,7.07,7.05,6.78,28690812.0,200540880.0
2015-04-20,7.01,7.13,6.78,6.73,45952008.0,321615872.0
2015-04-17,7.06,7.20,7.01,6.94,48043864.0,341297856.0
2015-04-16,6.95,7.21,6.96,6.76,42810960.0,301551584.0
2015-04-15,7.43,7.60,7.03,7.01,40541672.0,297602976.0
2015-04-14,7.45,7.74,7.44,7.31,46314216.0,351918400.0
2015-04-13,7.45,7.50,7.44,7.25,47598304.0,354525376.0
2015-04-10,7.47,7.64,7.45,7.32,40871188.0,307156864.0
2015-04-09,7.35,7.72,7.47,7.05,72310056.0,544720064.0
2015-04-08,6.91,7.54,7.43,6.83,89901120.0,640336384.0
2015-04-07,6.94,7.20,7.02,6.85,58620512.0,414382720.0
2015-04-03,6.65,7.14,6.94,6.60,83372088.0,577202752.0
2015-04-02,6.55,6.97,6.74,6.46,100802712.0,678378816.0
2015-04-01,5.82,6.41,6.41,5.79,67581616.0,417635648.0
2015-03-31,5.97,6.00,5.83,5.83,29609342.0,176228288.0
2015-03-30,5.87,5.97,5.95,5.80,43356796.0,256409984.0
2015-03-27,5.80,5.90,5.85,5.77,24246208.0,142720128.0
2015-03-26,5.77,5.87,5.82,5.69,29595464.0,172546576.0
2015-03-25,5.91,5.92,5.82,5.75,40412232.0,236386384.0
2015-03-24,5.95,6.09,5.94,5.64,50076516.0,297684992.0
2015-03-23,5.77,5.96,5.95,5.73,37482464.0,220954016.0
2015-03-20,5.62,5.83,5.76,5.62,39555560.0,229578064.0
2015-03-19,5.51,5.65,5.64,5.47,34519024.0,193718528.0
2015-03-18,5.45,5.54,5.53,5.42,38610692.0,213115808.0
2015-03-17,5.44,5.50,5.46,5.39,38901816.0,213343328.0
2015-03-16,5.37,5.48,5.42,5.36,27930320.0,152397808.0
2015-03-13,5.38,5.42,5.34,5.30,18784128.0,100892640.0
2015-03-12,5.38,5.46,5.37,5.31,32113820.0,174263152.0
2015-03-11,5.24,5.43,5.37,5.20,39432312.0,211388368.0
2015-03-10,5.23,5.31,5.24,5.20,20956910.0,110697528.0
2015-03-09,5.13,5.29,5.23,5.06,26198916.0,137348048.0
2015-03-06,5.13,5.17,5.14,5.03,25062104.0,129002808.0
2015-03-05,5.10,5.18,5.13,5.08,21294288.0,110207032.0
2015-03-04,4.99,5.13,5.12,4.97,26688940.0,136413184.0
2015-03-03,5.01,5.05,5.00,4.97,23470164.0,118689008.0
2015-03-02,4.99,5.04,5.01,4.94,20693860.0,104123744.0
2015-02-27,4.87,5.00,4.96,4.86,25578070.0,127462472.0
2015-02-26,4.83,4.88,4.87,4.82,15811459.0,77388952.0
2015-02-25,4.83,4.86,4.83,4.81,9558199.0,46569260.0
2015-02-17,4.87,4.88,4.84,4.79,12897430.0,62768408.0
2015-02-16,4.81,4.86,4.85,4.80,11608203.0,56607668.0
2015-02-13,4.72,4.80,4.78,4.71,12685712.0,60946608.0
2015-02-12,4.69,4.73,4.71,4.67,7840005.0,37088488.0
2015-02-11,4.68,4.70,4.69,4.65,10275086.0,48302384.0
2015-02-10,4.66,4.68,4.66,4.63,8816002.0,41308680.0
2015-02-09,4.64,4.70,4.65,4.63,6766718.0,31733468.0
2015-02-06,4.73,4.76,4.64,4.63,13020846.0,61311320.0
2015-02-05,4.83,4.84,4.74,4.73,12883127.0,62154040.0
2015-02-04,4.83,4.85,4.80,4.79,7950270.0,38627808.0
2015-02-03,4.80,4.89,4.84,4.77,11985155.0,58267856.0
2015-02-02,4.83,4.89,4.79,4.77,16957688.0,82415072.0
2015-01-30,4.83,4.95,4.90,4.79,21297262.0,104363152.0
2015-01-29,4.80,4.87,4.82,4.79,10897815.0,53119300.0
2015-01-28,4.89,4.92,4.83,4.82,22055952.0,108445352.0
2015-01-27,4.80,4.92,4.89,4.79,26887400.0,131255552.0
2015-01-26,4.75,4.82,4.82,4.70,19615780.0,94473144.0
2015-01-23,4.79,4.83,4.79,4.75,16358636.0,78830352.0
2015-01-22,4.75,4.83,4.79,4.73,26633736.0,128328120.0
2015-01-21,4.68,4.77,4.75,4.67,18910360.0,90005920.0
2015-01-20,4.58,4.68,4.67,4.57,14272163.0,66656016.0
2015-01-19,4.62,4.67,4.56,4.52,16634145.0,76999376.0
2015-01-16,4.65,4.69,4.69,4.63,10028946.0,47058104.0
2015-01-15,4.62,4.69,4.66,4.62,9208399.0,43161640.0
2015-01-14,4.62,4.66,4.60,4.58,9271364.0,43149308.0
2015-01-13,4.57,4.62,4.61,4.56,8432464.0,38991336.0
2015-01-12,4.71,4.72,4.58,4.56,22294306.0,103122656.0
2015-01-09,4.78,4.83,4.73,4.72,13194559.0,63324372.0
2015-01-08,4.70,4.85,4.78,4.69,33070460.0,159252592.0
2015-01-07,4.69,4.73,4.70,4.65,16567735.0,78166512.0
2015-01-06,4.64,4.72,4.70,4.59,21526508.0,101061624.0
2015-01-05,4.59,4.70,4.66,4.55,24863584.0,115787696.0
2014-12-31,4.57,4.62,4.59,4.53,15784246.0,72827424.0
2014-12-30,4.58,4.65,4.59,4.54,18636416.0,86288696.0
2014-12-29,4.86,4.94,4.64,4.61,72726928.0,343467232.0
2014-12-26,5.09,5.12,5.11,5.06,12533334.0,64264624.0
2014-12-25,5.06,5.12,5.09,5.03,14438636.0,73843656.0
2014-12-24,4.98,5.07,5.06,4.98,10087690.0,51115700.0
2014-12-23,4.96,5.05,4.96,4.94,11561632.0,58234624.0
2014-12-22,5.13,5.16,4.98,4.92,24195636.0,122411728.0
2014-12-19,5.28,5.32,5.16,5.12,23014140.0,120732296.0
2014-12-18,5.28,5.37,5.27,5.26,19809116.0,106249232.0
2014-12-17,5.31,5.39,5.30,5.21,22596316.0,120826456.0
2014-12-16,5.38,5.40,5.33,5.29,19103500.0,102592376.0
2014-12-15,5.31,5.41,5.38,5.27,37098748.0,200191424.0
2014-12-12,5.21,5.32,5.31,5.19,28381924.0,150009360.0
2014-12-11,5.10,5.24,5.23,5.07,29253428.0,151924928.0
2014-12-10,5.02,5.13,5.12,4.95,18351010.0,93476712.0
2014-12-09,5.22,5.22,5.03,5.02,32689102.0,169624912.0
2014-12-08,5.17,5.25,5.22,5.16,20827248.0,109451360.0
2014-12-05,5.39,5.41,5.19,5.13,33216820.0,175584592.0
2014-12-04,5.37,5.42,5.40,5.32,33720564.0,182607552.0
2014-12-03,5.25,5.38,5.36,5.23,37892504.0,202350224.0
2014-12-02,5.19,5.28,5.25,5.16,22480096.0,118938768.0
2014-12-01,5.26,5.27,5.20,5.16,18787812.0,98545920.0
2014-11-28,5.24,5.27,5.23,5.18,18985200.0,99791464.0
2014-11-27,5.17,5.28,5.23,5.17,26132940.0,137557936.0
2014-11-26,5.17,5.18,5.16,5.13,18017222.0,93599960.0
2014-11-25,5.10,5.16,5.16,5.08,19807648.0,102381024.0
2014-11-24,5.12,5.14,5.10,5.06,23096166.0,118728848.0
2014-11-21,5.04,5.10,5.08,5.04,9877451.0,50469616.0
2014-11-20,5.08,5.10,5.04,5.03,8328001.0,42503736.0
2014-11-19,5.09,5.10,5.10,5.05,8035262.0,41126452.0
2014-11-18,5.02,5.10,5.09,5.02,12600194.0,64331336.0
2014-11-17,5.02,5.11,5.03,5.00,13830594.0,70475256.0
2014-11-14,5.02,5.03,5.02,4.95,9684692.0,48753776.0
2014-11-13,5.08,5.09,5.01,4.97,13491091.0,68183904.0
2014-11-12,5.00,5.09,5.08,4.99,14660504.0,74568136.0
2014-11-11,5.25,5.26,5.03,4.98,22366228.0,115517704.0
2014-11-10,5.18,5.30,5.24,5.16,16087522.0,84638072.0
2014-11-07,5.28,5.31,5.18,5.16,17138726.0,90555912.0
2014-11-06,5.26,5.30,5.30,5.21,13365883.0,70774400.0
2014-11-05,5.32,5.33,5.25,5.22,18700648.0,99146232.0
2014-11-04,5.39,5.41,5.31,5.30,19895808.0,107077600.0
2014-11-03,5.34,5.42,5.39,5.34,16445531.0,89120128.0
2014-10-31,5.34,5.38,5.35,5.30,14763927.0,79368688.0
2014-10-30,5.34,5.42,5.33,5.30,17593656.0,94760936.0
2014-10-29,5.32,5.39,5.34,5.28,19972390.0,107422328.0
2014-10-28,5.20,5.32,5.32,5.20,16947008.0,90136200.0
2014-10-27,5.20,5.26,5.25,5.17,7299325.0,38337012.0
2014-10-24,5.20,5.28,5.20,5.17,11817539.0,61971672.0
2014-10-23,5.40,5.40,5.22,5.18,20990446.0,110796808.0
2014-10-22,5.59,5.61,5.41,5.36,25404896.0,139691616.0
2014-10-21,5.73,5.76,5.59,5.58,29368212.0,166289072.0
2014-10-20,5.48,5.73,5.73,5.48,47765964.0,269418848.0
2014-10-17,5.58,5.60,5.48,5.29,37137528.0,203284624.0
2014-10-16,5.38,5.67,5.45,5.35,46007732.0,255351456.0
2014-10-15,5.43,5.46,5.42,5.34,16037435.0,86914424.0
2014-10-14,5.39,5.52,5.45,5.38,23679544.0,129500904.0
2014-10-13,5.45,5.46,5.42,5.34,16060197.0,86904256.0
2014-10-10,5.43,5.56,5.47,5.40,21700488.0,119399656.0
2014-10-09,5.47,5.50,5.45,5.38,22703962.0,124063824.0
2014-10-08,5.48,5.49,5.47,5.39,17413948.0,95122360.0
2014-09-30,5.53,5.56,5.46,5.44,17213604.0,94475168.0
2014-09-29,5.38,5.53,5.52,5.36,34164828.0,187668864.0
2014-09-26,5.28,5.36,5.36,5.24,16404071.0,87624872.0
2014-09-25,5.30,5.37,5.31,5.26,27698020.0,147954640.0
2014-09-24,5.16,5.28,5.27,5.14,21216540.0,111427848.0
2014-09-23,5.10,5.18,5.18,5.10,10554420.0,54520936.0
2014-09-22,5.23,5.23,5.11,5.10,14358432.0,74045584.0
2014-09-19,5.24,5.27,5.23,5.17,13820222.0,72433152.0
2014-09-18,5.20,5.28,5.25,5.17,15376306.0,80601088.0
2014-09-17,5.10,5.23,5.23,5.08,21481096.0,111063744.0
2014-09-16,5.36,5.39,5.12,5.11,40039296.0,210799648.0
2014-09-15,5.43,5.46,5.36,5.34,35707240.0,193136336.0
2014-09-12,5.25,5.41,5.37,5.20,34594056.0,184632576.0
2014-09-11,5.25,5.37,5.25,5.21,44142348.0,234270336.0
2014-09-10,5.08,5.29,5.28,5.05,51711576.0,269265984.0
2014-09-09,5.13,5.15,5.10,5.06,20841876.0,106399224.0
2014-09-05,5.11,5.18,5.13,5.10,18703546.0,96313696.0
2014-09-04,5.07,5.15,5.13,5.03,28547256.0,146318736.0
2014-09-03,5.08,5.12,5.07,5.03,20363338.0,103745016.0
2014-09-02,5.00,5.11,5.06,4.99,32707716.0,166040192.0
2014-09-01,4.81,5.15,5.02,4.81,20733598.0,103008024.0
2014-08-29,4.78,4.82,4.82,4.77,7186537.0,34615768.0
2014-08-28,4.86,4.87,4.77,4.76,12833593.0,61957736.0
2014-08-27,4.85,4.90,4.88,4.81,8986282.0,43807288.0
2014-08-26,4.90,4.94,4.85,4.83,14897879.0,73268520.0
2014-08-25,5.00,5.01,4.91,4.90,15949724.0,79083392.0
2014-08-22,5.00,5.02,5.01,4.96,12109165.0,60638464.0
2014-08-21,5.09,5.09,5.00,4.95,18581932.0,93425336.0
2014-08-20,5.08,5.13,5.08,5.05,20470142.0,104516544.0
2014-08-19,5.13,5.13,5.09,5.05,19263184.0,98306512.0
2014-08-18,5.08,5.15,5.13,5.08,32380232.0,166117136.0
2014-08-15,5.07,5.11,5.08,5.04,15852834.0,80875232.0
2014-08-14,5.10,5.15,5.07,5.06,40486676.0,207591488.0
2014-08-13,4.98,5.15,5.14,4.91,48262656.0,244894944.0
2014-08-12,4.97,5.02,4.97,4.94,12721341.0,63508848.0
2014-08-11,4.92,4.98,4.97,4.91,14013979.0,69771456.0
2014-08-08,4.88,4.93,4.92,4.85,14192104.0,69810672.0
2014-08-07,5.03,5.05,4.89,4.88,31428404.0,156641904.0
2014-08-06,5.08,5.23,5.07,5.02,55906100.0,286617536.0
2014-08-05,5.08,5.10,5.09,5.02,19329160.0,97918800.0
2014-08-04,4.98,5.12,5.09,4.95,46880884.0,237288864.0
2014-08-01,4.98,5.14,5.01,4.91,31282572.0,157653872.0
2014-07-31,4.97,5.07,5.01,4.93,20417536.0,102154816.0
2014-07-30,4.90,5.03,5.01,4.85,50568356.0,251135360.0
2014-07-29,4.88,4.98,4.91,4.78,37210536.0,182474288.0
2014-07-28,4.81,4.99,4.94,4.77,43932140.0,215974720.0
2014-07-25,4.70,4.83,4.81,4.67,25634100.0,123068424.0
2014-07-24,4.63,4.70,4.70,4.59,16305667.0,76292368.0
2014-07-23,4.59,4.67,4.64,4.59,20486982.0,95148680.0
2014-07-22,4.55,4.63,4.61,4.53,9216935.0,42474768.0
2014-07-21,4.60,4.61,4.54,4.54,6251729.0,28641900.0
2014-07-18,4.55,4.61,4.60,4.54,8123866.0,37417308.0
2014-07-17,4.59,4.68,4.59,4.52,14303922.0,66050224.0
2014-07-16,4.59,4.62,4.57,4.57,8593195.0,39605656.0
2014-07-15,4.55,4.62,4.59,4.53,13857610.0,63798788.0
2014-07-14,4.48,4.55,4.55,4.46,9362852.0,42341348.0
2014-07-11,4.44,4.51,4.48,4.41,6999985.0,31443598.0
2014-07-10,4.46,4.48,4.44,4.42,7236725.0,32390406.0
2014-07-09,4.59,4.61,4.47,4.46,9459500.0,43075332.0
2014-07-08,4.59,4.62,4.60,4.55,8001692.0,36875080.0
2014-07-07,4.58,4.58,4.58,4.54,5828627.0,26721292.0
2014-07-04,4.58,4.60,4.55,4.52,6247151.0,28547124.0
2014-07-03,4.60,4.62,4.58,4.56,8119688.0,37445044.0
2014-07-02,4.60,4.63,4.59,4.55,6385333.0,29391536.0
2014-07-01,4.62,4.66,4.60,4.57,12251432.0,56628176.0
2014-06-30,4.54,4.66,4.65,4.51,15386002.0,70961928.0
2014-06-27,4.42,4.58,4.56,4.39,17324686.0,78493336.0
2014-06-26,4.38,4.45,4.42,4.37,8546112.0,37924888.0
2014-06-25,4.39,4.41,4.37,4.35,4004082.0,17585300.0
2014-06-24,4.37,4.42,4.39,4.36,6379556.0,28142016.0
2014-06-23,4.33,4.40,4.34,4.33,5357857.0,23449316.0
2014-06-20,4.37,4.37,4.33,4.32,7351340.0,32018748.0
2014-06-19,4.46,4.48,4.36,4.33,8239460.0,37207516.0
2014-06-18,4.48,4.51,4.46,4.44,8546958.0,39085712.0
2014-06-17,4.58,4.58,4.49,4.45,18373428.0,84613192.0
2014-06-16,4.59,4.62,4.60,4.57,8277100.0,38924592.0
2014-06-13,4.52,4.60,4.58,4.51,8309363.0,38891504.0
2014-06-12,4.57,4.57,4.52,4.51,7936592.0,36877712.0
2014-06-11,4.57,4.61,4.58,4.52,7076633.0,33065220.0
2014-06-10,4.55,4.60,4.58,4.50,10978139.0,51243456.0
2014-06-09,4.61,4.64,4.55,4.54,8007613.0,37654752.0
2014-06-06,4.70,4.70,4.62,4.60,5485207.0,26070156.0
2014-06-05,4.64,4.70,4.69,4.61,4531456.0,21635144.0
2014-06-04,4.77,4.77,4.66,4.61,9047633.0,43359832.0
2014-06-03,4.79,4.81,4.77,4.76,3644483.0,17873028.0
2014-05-30,4.80,4.80,4.78,4.75,4740733.0,23189836.0
2014-05-29,4.85,4.86,4.78,4.77,7126314.0,35074256.0
2014-05-28,4.82,4.87,4.85,4.79,6403830.0,31682984.0
2014-05-27,4.87,4.89,4.81,4.80,6270820.0,31150544.0
2014-05-26,4.88,4.89,4.88,4.84,6135675.0,30589080.0
2014-05-23,4.90,4.91,4.85,4.81,9434895.0,46808312.0
2014-05-22,4.97,5.02,4.91,4.91,13687321.0,69646808.0
2014-05-21,4.98,5.03,5.01,4.98,15798703.0,80956592.0
2014-05-20,4.90,5.08,5.03,4.87,24034224.0,122765480.0
2014-05-19,4.87,4.92,4.90,4.75,14545188.0,72517936.0
2014-05-16,4.83,4.90,4.87,4.78,9975860.0,49606124.0
2014-05-15,4.91,4.95,4.81,4.81,10048446.0,50312284.0
2014-05-14,5.03,5.03,4.93,4.93,22624284.0,115815584.0
2014-05-13,5.11,5.16,5.10,5.06,19804876.0,103266408.0
2014-05-12,5.03,5.13,5.11,5.03,19257010.0,100406480.0
2014-05-09,5.09,5.09,5.02,4.94,14968537.0,76711064.0
2014-05-08,5.02,5.12,5.09,5.01,25167022.0,130948864.0
2014-05-07,5.04,5.10,5.04,4.98,20433308.0,105476272.0
2014-05-06,4.93,5.08,5.07,4.93,31289136.0,160764384.0
2014-05-05,4.96,4.99,4.97,4.90,9726968.0,49445024.0
2014-04-30,4.88,5.01,4.97,4.84,19856086.0,100735152.0
2014-04-29,4.82,4.97,4.90,4.74,17641352.0,87646552.0
2014-04-28,5.13,5.16,4.87,4.86,11799467.0,60121904.0
2014-04-25,5.15,5.24,5.16,5.09,21479736.0,113677976.0
2014-04-24,5.11,5.20,5.13,5.11,8587999.0,45323968.0
2014-04-23,5.06,5.14,5.14,5.06,9460850.0,49432484.0
2014-04-22,5.08,5.15,5.06,4.99,18793092.0,97258256.0
2014-04-21,5.17,5.17,5.11,5.09,10591062.0,55666256.0
2014-04-18,5.23,5.24,5.21,5.15,11066309.0,58799636.0
2014-04-17,5.34,5.34,5.24,5.23,8671855.0,46945656.0
2014-04-16,5.31,5.37,5.32,5.29,6799060.0,37088608.0
2014-04-15,5.36,5.37,5.32,5.30,8254099.0,45124572.0
2014-04-14,5.28,5.37,5.36,5.28,8386701.0,45814984.0
2014-04-11,5.32,5.34,5.30,5.27,10092160.0,54890380.0
2014-04-10,5.37,5.37,5.35,5.32,14766107.0,80804144.0
2014-04-09,5.38,5.41,5.36,5.32,15671957.0,85992440.0
2014-04-08,5.33,5.40,5.37,5.27,11325656.0,62100316.0
2014-04-04,5.38,5.55,5.36,5.29,18205576.0,99887088.0
2014-04-03,5.51,5.57,5.46,5.33,34166028.0,191726352.0
2014-04-02,5.54,5.67,5.58,5.49,38210256.0,217884096.0
2014-04-01,5.38,5.79,5.57,5.34,43974740.0,249505136.0
2014-03-31,5.38,5.46,5.40,5.28,28276282.0,156086352.0
2014-03-28,5.40,5.45,5.39,5.35,14040681.0,77495400.0
2014-03-27,5.39,5.53,5.43,5.27,32433736.0,179110208.0
2014-03-26,5.47,5.50,5.43,5.37,12386456.0,68893472.0
2014-03-25,5.33,5.46,5.44,5.31,14748248.0,81657600.0
2014-03-24,5.25,5.37,5.34,5.21,17260800.0,93316920.0
2014-03-21,5.22,5.29,5.27,5.05,17706740.0,93470032.0
2014-03-20,5.43,5.49,5.22,5.22,19286816.0,105439184.0
2014-03-19,5.40,5.54,5.47,5.37,13032325.0,72997712.0
2014-03-18,5.39,5.49,5.44,5.36,15082779.0,83709432.0
2014-03-17,5.68,5.75,5.47,5.36,31174966.0,174676688.0
2014-03-14,5.84,5.97,5.72,5.68,17353624.0,102594352.0
2014-03-13,5.85,6.03,5.89,5.80,25065596.0,151234784.0
2014-03-12,5.78,5.98,5.90,5.62,28280880.0,168508784.0
2014-03-11,5.75,5.88,5.81,5.64,23095998.0,136451008.0
2014-03-10,5.74,5.98,5.79,5.69,35547496.0,211020432.0
2014-03-07,5.47,5.90,5.78,5.43,27373216.0,158967216.0
2014-03-06,5.44,5.60,5.51,5.30,17305492.0,96627712.0
2014-03-05,5.57,5.61,5.43,5.42,9475876.0,53617452.0
2014-03-04,5.56,5.63,5.57,5.49,9241198.0,52792832.0
2014-03-03,5.47,5.60,5.57,5.43,9444151.0,53449112.0
2014-02-28,5.37,5.46,5.45,5.32,7811224.0,43045620.0
2014-02-27,5.41,5.54,5.37,5.33,13153856.0,73125024.0
2014-02-26,5.54,5.63,5.39,5.23,20290120.0,112642968.0
2014-02-25,5.75,5.80,5.53,5.50,16635159.0,96046272.0
2014-02-24,5.83,5.89,5.73,5.63,18715656.0,109934208.0
2014-02-21,6.23,6.23,5.90,5.78,28415364.0,174244448.0
2014-02-20,6.20,6.33,6.26,6.13,15157247.0,96681992.0
2014-02-19,6.31,6.31,6.18,6.11,18240106.0,115976000.0
2014-02-18,6.39,6.39,6.32,6.17,23637544.0,151664112.0
2014-02-17,6.44,6.56,6.39,6.25,21501596.0,140322448.0
2014-02-14,6.36,6.47,6.39,6.32,9842319.0,64392800.0
2014-02-13,6.29,6.52,6.33,6.28,16372912.0,107420704.0
2014-02-12,6.20,6.35,6.31,6.19,8595802.0,55126736.0
2014-02-11,6.25,6.30,6.25,6.15,11505349.0,73422296.0
2014-02-10,6.08,6.33,6.19,6.05,14288543.0,90876864.0
2014-02-07,5.92,6.10,6.07,5.83,6370781.0,39133304.0
2014-01-30,5.92,6.00,5.93,5.89,4298771.0,26198252.0
2014-01-29,5.92,5.97,5.93,5.92,3440689.0,20955280.0
2014-01-28,5.99,5.99,5.93,5.90,5028203.0,30551080.0
2014-01-27,5.98,6.03,5.97,5.90,7123965.0,43448292.0
2014-01-24,5.95,6.09,6.03,5.94,9973201.0,61434880.0
2014-01-23,5.99,6.05,5.98,5.87,11858199.0,72251408.0
2014-01-22,5.88,5.99,5.99,5.87,6347268.0,38564992.0
2014-01-21,5.81,5.93,5.87,5.81,8502319.0,51181512.0
2014-01-20,5.71,5.88,5.76,5.70,4758692.0,28330466.0
2014-01-17,5.91,5.93,5.67,5.61,8146486.0,48035552.0
2014-01-16,5.92,5.96,5.91,5.85,7545306.0,45515860.0
2014-01-15,6.04,6.04,5.90,5.84,5540771.0,33615224.0
2014-01-14,5.94,6.05,6.03,5.92,3457360.0,21250272.0
2014-01-13,6.05,6.10,5.96,5.94,3611766.0,22253700.0
2014-01-10,6.13,6.13,6.09,5.99,4204273.0,26069200.0
2014-01-09,6.27,6.31,6.06,6.02,7339703.0,46033936.0
2014-01-08,6.32,6.39,6.24,6.21,3390178.0,21782982.0
2014-01-07,6.24,6.33,6.28,6.18,2321647.0,14890747.0
2014-01-06,6.30,6.33,6.21,6.14,3961110.0,25144924.0
2014-01-03,6.50,6.50,6.31,6.30,9743054.0,63541608.0
2014-01-02,6.79,6.79,6.55,6.35,12338291.0,82898696.0
2013-12-31,6.71,6.84,6.81,6.61,15993580.0,110847544.0
2013-12-30,6.68,6.73,6.68,6.40,9647207.0,65221664.0
2013-12-27,6.35,6.64,6.62,6.28,12834900.0,85254344.0
2013-12-26,6.36,6.41,6.33,6.28,4102787.0,26688196.0
2013-12-25,6.23,6.37,6.35,6.19,6446443.0,41563952.0
2013-12-24,6.10,6.32,6.28,6.10,9657307.0,61449704.0
2013-12-23,6.30,6.31,6.03,6.03,9539652.0,59801412.0
2013-12-20,6.37,6.44,6.24,6.21,5200504.0,33676784.0
2013-12-19,6.46,6.57,6.36,6.34,6531315.0,43284872.0
2013-12-18,6.50,6.56,6.49,6.47,2803392.0,18678948.0
2013-12-17,6.49,6.57,6.50,6.44,5803259.0,38814536.0
2013-12-16,6.39,6.60,6.49,6.39,11497045.0,76750536.0
2013-12-13,6.44,6.49,6.41,6.36,6775777.0,44606080.0
2013-12-12,6.61,6.64,6.50,6.49,7894889.0,52917248.0
2013-12-11,6.76,6.76,6.64,6.51,9947711.0,67228160.0
2013-12-10,6.77,6.82,6.78,6.69,8566566.0,59312212.0
2013-12-09,6.79,6.91,6.79,6.73,9624861.0,67196688.0
2013-12-06,6.81,6.90,6.77,6.73,7820640.0,54487464.0
2013-12-05,6.78,6.80,6.77,6.72,6730643.0,46594832.0
2013-12-04,6.67,6.92,6.78,6.64,17265432.0,120125152.0
2013-12-03,6.45,6.75,6.67,6.45,10751800.0,72974568.0
2013-12-02,6.50,6.70,6.53,6.41,18769088.0,125351656.0
2013-11-29,6.77,6.82,6.80,6.72,10915562.0,75656024.0
2013-11-28,6.62,6.86,6.80,6.56,22820628.0,157775136.0
2013-11-27,6.55,6.63,6.60,6.50,9800907.0,65990836.0
2013-11-26,6.49,6.60,6.59,6.42,11366317.0,75873136.0
2013-11-25,6.46,6.58,6.49,6.36,13657438.0,90848664.0
2013-11-22,6.64,6.75,6.46,6.44,19029428.0,127730304.0
2013-11-21,6.84,6.86,6.69,6.59,26260430.0,180631440.0
2013-11-20,6.84,6.96,6.89,6.80,21400760.0,150835632.0
2013-11-19,7.13,7.19,6.93,6.85,44749508.0,321090272.0
2013-11-18,7.42,7.42,7.15,6.93,76493168.0,558743424.0
2013-11-15,6.64,6.98,6.93,6.62,21537208.0,151600000.0
2013-11-14,6.45,6.63,6.62,6.33,7883772.0,52586808.0
2013-11-13,6.60,6.60,6.47,6.41,9401995.0,62665920.0
2013-11-12,6.45,6.70,6.64,6.40,17090942.0,114766048.0
2013-11-11,6.26,6.44,6.38,6.18,6470246.0,42073712.0
2013-11-08,6.30,6.34,6.28,6.19,7371541.0,47026092.0
2013-11-07,6.45,6.48,6.35,6.25,7188245.0,46871940.0
2013-11-06,6.50,6.53,6.47,6.35,7674317.0,50531736.0
2013-11-05,6.33,6.57,6.51,6.30,15426758.0,101656960.0
2013-11-04,6.41,6.49,6.28,6.23,8457406.0,54778800.0
2013-11-01,6.61,6.64,6.40,6.24,20599788.0,134795664.0
2013-10-31,6.90,6.90,6.69,6.58,8133318.0,55793244.0
2013-10-30,6.66,6.97,6.92,6.66,8991232.0,62911092.0
2013-10-29,6.82,7.01,6.83,6.43,28962132.0,201630608.0
2013-10-28,6.57,6.74,6.66,6.52,8068971.0,54870796.0
2013-10-25,6.71,6.81,6.59,6.49,8652049.0,58707528.0
2013-10-24,6.72,6.97,6.78,6.59,9477957.0,66112508.0
2013-10-23,7.22,7.24,6.73,6.54,19803788.0,137906784.0
2013-10-22,7.38,7.47,7.21,7.14,9737825.0,72674784.0
2013-10-21,7.30,7.40,7.38,7.05,16926386.0,125532720.0
2013-10-18,7.32,7.36,7.25,7.11,7470097.0,55210524.0
2013-10-17,7.36,7.44,7.30,7.19,6820582.0,51017740.0
2013-10-16,7.74,7.74,7.28,7.13,14445373.0,109535984.0
2013-10-15,7.81,7.89,7.74,7.56,12357772.0,97342096.0
2013-10-14,7.53,7.96,7.81,7.53,15812673.0,126146408.0
2013-10-11,7.25,7.62,7.53,7.22,15269180.0,116828064.0
2013-10-10,7.30,7.40,7.20,7.18,7374543.0,54920500.0
2013-10-09,7.27,7.32,7.30,7.14,10149178.0,75309808.0
2013-10-08,7.13,7.30,7.24,6.98,13218419.0,97209112.0
2013-09-30,6.76,7.30,7.17,6.67,19976246.0,143939056.0
2013-09-27,6.56,6.82,6.76,6.42,8725139.0,59390716.0
2013-09-26,6.95,6.99,6.62,6.59,8633865.0,59648616.0
2013-09-25,6.92,7.08,6.94,6.84,8693351.0,62078616.0
2013-09-24,6.82,7.12,6.97,6.70,17984692.0,126811352.0
2013-09-23,6.93,6.98,6.87,6.74,7718657.0,53912672.0
2013-09-18,6.70,6.90,6.89,6.55,10742946.0,74799656.0
2013-09-17,6.74,6.83,6.67,6.58,7778141.0,53360472.0
2013-09-16,6.77,7.11,6.68,6.63,13690770.0,95836064.0
2013-09-13,6.83,6.98,6.80,6.69,11107869.0,77634584.0
2013-09-12,6.57,6.93,6.82,6.45,21779908.0,152236208.0
2013-09-11,6.59,6.70,6.62,6.34,19473080.0,130391616.0
2013-09-10,6.64,6.69,6.58,6.51,14962492.0,101027856.0
2013-09-09,6.50,6.84,6.67,6.44,33981020.0,231283968.0
2013-09-06,6.53,6.64,6.48,6.40,18998502.0,126673536.0
2013-09-05,6.55,6.69,6.56,6.29,34787576.0,233093184.0
2013-09-04,5.96,6.56,6.49,5.96,53358664.0,352202336.0
2013-09-03,5.96,5.98,5.97,5.88,5137609.0,31291132.0
2013-09-02,5.89,6.05,5.95,5.83,7098347.0,43067240.0
2013-08-30,6.13,6.30,6.00,5.89,15435694.0,96860456.0
2013-08-29,6.02,6.19,6.14,5.98,11319826.0,70707824.0
2013-08-28,5.98,6.15,6.02,5.89,12016080.0,74233888.0
2013-08-27,5.89,6.06,6.02,5.81,10619346.0,64806624.0
2013-08-26,5.86,5.91,5.88,5.72,5351468.0,32104226.0
2013-08-23,5.89,6.03,5.83,5.66,6903427.0,41538772.0
2013-08-22,5.96,5.98,5.88,5.86,7029990.0,42491088.0
2013-08-21,5.97,6.11,5.96,5.90,7473946.0,45805200.0
2013-08-20,5.73,6.01,5.99,5.72,9987983.0,60287268.0
2013-08-19,5.57,5.76,5.72,5.52,7817979.0,45163224.0
2013-08-16,5.72,5.88,5.65,5.61,6640833.0,39219136.0
2013-08-15,5.68,5.81,5.71,5.67,3992442.0,23414964.0
2013-08-14,5.80,5.86,5.71,5.68,6358527.0,37454920.0
2013-08-13,5.85,5.98,5.85,5.82,4657434.0,28079084.0
2013-08-12,5.81,5.95,5.85,5.80,5889012.0,35398940.0
2013-08-09,5.96,5.98,5.81,5.71,7177627.0,42864200.0
2013-08-08,5.80,6.02,5.95,5.78,8779862.0,53150624.0
2013-08-07,5.98,6.04,5.85,5.83,9414994.0,57080944.0
2013-08-06,6.07,6.11,6.02,5.99,8793102.0,54331528.0
2013-08-05,5.84,6.10,6.06,5.79,14584608.0,89326440.0
2013-08-02,5.82,5.97,5.80,5.75,11611481.0,69679232.0
2013-08-01,5.69,5.89,5.77,5.63,9325159.0,55101372.0
2013-07-31,5.85,5.90,5.75,5.74,7507443.0,44624712.0
2013-07-30,5.73,5.95,5.86,5.52,13977940.0,82505128.0
2013-07-29,5.71,5.84,5.75,5.54,13063452.0,76283320.0
2013-07-26,5.20,5.73,5.73,5.17,22501308.0,128092032.0
2013-07-25,5.31,5.34,5.21,5.14,7494374.0,40211384.0
2013-07-24,5.39,5.42,5.31,5.20,7337134.0,39834488.0
2013-07-23,5.34,5.52,5.40,5.29,8024860.0,44547572.0
2013-07-22,5.16,5.35,5.34,5.08,5849977.0,31463880.0
2013-07-19,5.22,5.37,5.22,5.18,8811642.0,47859520.0
2013-07-18,5.25,5.32,5.22,5.14,6755117.0,36287856.0
2013-07-17,5.33,5.34,5.27,5.18,11210588.0,60537344.0
2013-07-16,5.32,5.39,5.38,5.13,20838184.0,111743968.0
2013-07-15,5.44,5.47,5.34,5.26,13216848.0,72416624.0
2013-07-12,5.58,5.62,5.44,5.42,7502123.0,42484488.0
2013-07-11,5.35,5.68,5.57,5.35,12204133.0,69582544.0
2013-07-10,5.25,5.54,5.44,5.25,8857566.0,49131468.0
2013-07-09,5.22,5.37,5.32,4.97,18315304.0,96873112.0
2013-07-08,5.61,5.61,5.23,5.22,17173652.0,95211992.0
2013-07-05,5.69,5.80,5.64,5.57,9721386.0,56439308.0
2013-07-04,5.76,5.94,5.69,5.65,12304071.0,73414192.0
2013-07-03,5.86,6.04,5.82,5.69,15073919.0,90666160.0
2013-07-02,5.92,5.98,5.86,5.77,15196563.0,91460800.0
2013-07-01,5.45,5.88,5.86,5.45,26162524.0,153980448.0
2013-06-28,5.27,5.57,5.46,5.19,7564800.0,42061140.0
2013-06-27,5.37,5.72,5.32,5.25,12423552.0,70196488.0
2013-06-26,5.14,5.49,5.40,5.14,10971967.0,60046384.0
2013-06-25,5.04,5.31,5.14,4.74,8782249.0,45837740.0
2013-06-24,5.42,5.47,5.10,4.97,11800420.0,62388404.0
2013-06-21,5.32,5.47,5.40,5.15,10546556.0,57802648.0
2013-06-20,5.37,5.49,5.35,5.28,7758502.0,42648728.0
2013-06-19,5.03,5.42,5.42,5.01,18362320.0,98403864.0
2013-06-18,5.14,5.14,5.11,4.97,6854791.0,35381920.0
2013-06-17,5.10,5.23,5.14,5.05,6367024.0,33551950.0
2013-06-14,4.96,5.15,5.09,4.91,8982634.0,46392948.0
2013-06-13,5.01,5.01,4.94,4.74,8528301.0,42579936.0
2013-06-07,5.32,5.37,5.05,4.97,12454040.0,65339444.0
2013-06-06,5.26,5.40,5.32,5.19,7754612.0,42280908.0
2013-06-05,5.27,5.36,5.28,5.16,13392586.0,72056160.0
2013-06-04,5.49,5.66,5.32,5.16,16426034.0,89973768.0
2013-06-03,5.44,5.57,5.47,5.41,8718739.0,49574808.0
2013-05-31,5.49,5.59,5.44,5.43,9824361.0,56184744.0
2013-05-30,5.56,5.56,5.50,5.42,10969879.0,62700696.0
2013-05-29,5.48,5.64,5.58,5.38,20409408.0,117162400.0
2013-05-28,5.26,5.72,5.51,5.24,40765716.0,232488944.0
2013-05-27,5.04,5.28,5.24,5.00,26131842.0,140217008.0
2013-05-24,4.87,5.10,5.05,4.86,16434398.0,85450072.0
2013-05-23,4.88,4.98,4.87,4.82,10759398.0,55100360.0
2013-05-22,4.95,5.00,4.91,4.90,12534479.0,64445084.0
2013-05-21,4.90,4.99,4.95,4.87,11253118.0,57714552.0
2013-05-20,4.80,4.93,4.90,4.80,13866229.0,70486632.0
2013-05-17,4.89,4.92,4.86,4.74,11573941.0,58251276.0
2013-05-16,4.87,4.96,4.90,4.81,14235229.0,72874144.0
2013-05-15,4.72,4.88,4.86,4.67,16174169.0,80906240.0
2013-05-14,4.74,4.74,4.70,4.64,8084342.0,39517844.0
2013-05-13,4.64,4.73,4.70,4.56,12000805.0,58097256.0
2013-05-10,4.59,4.73,4.66,4.54,14227117.0,68687088.0
2013-05-09,4.71,4.73,4.58,4.54,14732275.0,70769048.0
2013-05-08,4.74,4.79,4.72,4.66,12120877.0,59359688.0
2013-05-07,4.66,4.83,4.74,4.61,28185842.0,139332336.0
2013-05-06,4.50,4.67,4.65,4.41,20009412.0,94437992.0
2013-05-03,4.49,4.61,4.54,4.40,16682289.0,78322416.0
2013-05-02,4.26,4.51,4.49,4.25,17200792.0,79379360.0
2013-04-26,4.27,4.33,4.25,4.25,4130092.0,18364940.0
2013-04-25,4.24,4.33,4.29,4.22,7811809.0,34791152.0
2013-04-24,4.24,4.36,4.28,4.17,11027871.0,49123572.0
2013-04-23,4.29,4.39,4.26,4.24,13053716.0,58754352.0
2013-04-22,4.23,4.36,4.33,4.13,13940567.0,61503848.0
2013-04-19,4.23,4.35,4.25,4.19,12075902.0,53544256.0
2013-04-18,4.03,4.26,4.23,3.99,12334996.0,53211396.0
2013-04-17,4.00,4.06,4.04,3.99,4814825.0,20174578.0
2013-04-16,3.91,4.01,4.00,3.88,4344191.0,17900484.0
2013-04-15,4.01,4.01,3.92,3.90,4216654.0,17372864.0
2013-04-12,4.01,4.07,4.01,3.97,6261066.0,26229282.0
2013-04-11,4.04,4.08,3.97,3.95,4978468.0,20718088.0
2013-04-10,3.98,4.05,4.03,3.96,6656029.0,27754992.0
2013-04-09,3.99,4.03,3.99,3.96,6995959.0,29052418.0
2013-04-08,3.94,3.99,3.97,3.86,6217870.0,25407676.0
2013-04-03,4.06,4.06,3.98,3.94,6055237.0,25129262.0
2013-04-02,4.08,4.20,4.04,3.99,11761193.0,50142432.0
2013-04-01,4.16,4.18,4.05,4.04,5515561.0,23548414.0
2013-03-29,4.13,4.22,4.13,4.10,4564751.0,19720994.0
2013-03-28,4.27,4.31,4.23,3.94,15910372.0,68485736.0
2013-03-27,4.23,4.37,4.31,4.20,9352165.0,42053656.0
2013-03-26,4.25,4.27,4.24,4.13,5291278.0,23179728.0
2013-03-25,4.31,4.36,4.26,4.22,5824850.0,25854618.0
2013-03-22,4.35,4.39,4.31,4.27,6080331.0,27375556.0
2013-03-21,4.31,4.36,4.35,4.28,7374435.0,33244408.0
2013-03-20,4.14,4.29,4.28,4.14,8227267.0,36368984.0
2013-03-19,4.14,4.19,4.14,4.08,6682422.0,28729440.0
2013-03-18,4.24,4.26,4.14,4.14,7059424.0,30793372.0
2013-03-15,4.36,4.39,4.26,4.22,10244805.0,45839188.0
2013-03-14,4.33,4.39,4.37,4.30,6112926.0,27627100.0
2013-03-13,4.41,4.41,4.35,4.28,5416958.0,24380380.0
2013-03-12,4.51,4.55,4.40,4.27,10155064.0,46315076.0
2013-03-11,4.61,4.61,4.50,4.49,8612124.0,40499312.0
2013-03-08,4.76,4.77,4.63,4.51,12848702.0,61862164.0
2013-03-07,4.57,4.74,4.74,4.55,23238288.0,112811800.0
2013-03-06,4.54,4.70,4.57,4.50,19513556.0,93318648.0
2013-03-05,4.42,4.53,4.51,4.40,6853854.0,31958906.0
2013-03-04,4.50,4.51,4.42,4.32,10722224.0,49610748.0
2013-03-01,4.50,4.57,4.55,4.44,11478481.0,53860620.0
2013-02-28,4.39,4.52,4.50,4.35,10648558.0,49554144.0
2013-02-27,4.43,4.52,4.39,4.30,16087425.0,73338992.0
2013-02-26,4.53,4.60,4.43,4.38,11443435.0,53385688.0
2013-02-25,4.64,4.72,4.58,4.50,11546840.0,55130156.0
2013-02-22,4.70,4.80,4.69,4.42,12173523.0,58714592.0
2013-02-21,4.91,4.95,4.70,4.69,13432313.0,66951528.0
2013-02-20,4.86,4.98,4.97,4.86,7427881.0,37970544.0
2013-02-19,5.09,5.12,4.97,4.94,6324070.0,33027032.0
2013-02-18,5.00,5.15,5.12,4.83,11269698.0,58866664.0
2013-02-08,5.07,5.29,5.04,5.03,9066137.0,48542796.0
2013-02-07,5.03,5.09,5.08,4.96,5993342.0,31426624.0
2013-02-06,5.02,5.14,5.03,4.89,11618674.0,60485008.0
2013-02-05,5.03,5.04,5.03,4.85,15009333.0,77269088.0
2013-02-04,5.03,5.28,5.04,4.88,22463276.0,118804400.0
2013-02-01,4.69,5.21,5.07,4.67,29855768.0,155355520.0
2013-01-31,4.79,4.80,4.74,4.68,8797490.0,43303756.0
2013-01-30,4.86,4.88,4.82,4.61,19156666.0,94794120.0
2013-01-29,4.89,4.94,4.87,4.80,12574216.0,63752716.0
2013-01-28,4.74,4.94,4.89,4.63,20230888.0,102044816.0
2013-01-25,4.78,4.96,4.76,4.66,19729120.0,98337768.0
2013-01-24,4.60,5.02,4.78,4.53,54319496.0,270708992.0
2013-01-23,4.18,4.63,4.56,4.14,40543772.0,191196288.0
2013-01-22,4.36,4.36,4.21,4.18,8397886.0,37273608.0
2013-01-21,4.37,4.37,4.36,4.27,7780089.0,35034008.0
2013-01-18,4.27,4.37,4.36,4.25,9927868.0,44570120.0
2013-01-17,4.48,4.50,4.28,4.22,17512308.0,79574216.0
2013-01-16,4.48,4.56,4.51,4.32,12677679.0,58470208.0
2013-01-15,4.33,4.50,4.46,4.31,12243879.0,56408404.0
2013-01-14,4.32,4.40,4.33,4.23,15093747.0,67828728.0
2013-01-11,4.35,4.43,4.24,4.14,12446185.0,55107532.0
2013-01-10,4.39,4.48,4.34,4.28,12296578.0,56474152.0
2013-01-09,4.18,4.43,4.39,4.18,21359624.0,96604664.0
2013-01-08,4.18,4.27,4.23,4.15,8129707.0,35653712.0
2013-01-07,4.23,4.27,4.23,4.10,14098122.0,61467564.0
2013-01-04,4.47,4.47,4.24,4.18,19190932.0,85023216.0
2012-12-31,4.22,4.50,4.45,4.19,20026616.0,90553840.0
2012-12-28,4.14,4.23,4.22,4.14,5813783.0,25424216.0
2012-12-27,4.22,4.24,4.20,4.12,9795082.0,42538116.0
2012-12-26,4.07,4.28,4.22,4.03,22027916.0,96061800.0
2012-12-25,3.96,4.14,4.07,3.93,14895373.0,62797352.0
2012-12-24,3.72,4.09,4.01,3.72,26685912.0,111331160.0
2012-12-21,3.74,3.77,3.72,3.71,2659058.0,10348915.0
2012-12-20,3.73,3.78,3.74,3.69,3551701.0,13786386.0
2012-12-19,3.72,3.76,3.75,3.69,4285048.0,16602746.0
2012-12-18,3.74,3.78,3.72,3.70,7266374.0,28309256.0
2012-12-17,3.77,3.86,3.75,3.71,9733041.0,38199408.0
2012-12-14,3.63,3.78,3.75,3.63,9414432.0,36554576.0
2012-12-13,3.69,3.71,3.63,3.63,1916715.0,7310965.0
2012-12-12,3.78,3.79,3.73,3.67,2906746.0,11225321.0
2012-12-11,3.73,3.80,3.78,3.71,4968431.0,19505848.0
2012-12-10,3.67,3.75,3.74,3.65,3913649.0,15065927.0
2012-12-07,3.52,3.68,3.67,3.51,6645774.0,24874092.0
2012-12-06,3.52,3.57,3.54,3.49,4053026.0,14858047.0
2012-12-05,3.41,3.60,3.53,3.41,3823205.0,14022825.0
2012-12-04,3.39,3.46,3.44,3.36,1888402.0,6709824.0
2012-12-03,3.49,3.49,3.41,3.40,2859877.0,10254248.0
2012-11-30,3.52,3.52,3.49,3.44,2378114.0,8576842.0
2012-11-29,3.55,3.58,3.48,3.47,1484200.0,5420220.0
2012-11-28,3.55,3.59,3.52,3.48,1160949.0,4251239.0
2012-11-27,3.65,3.65,3.56,3.52,3315576.0,12286192.0
2012-11-26,3.67,3.72,3.66,3.66,518423.0,1988511.0
2012-11-23,3.68,3.74,3.68,3.67,1341732.0,5177536.0
2012-11-22,3.76,3.76,3.70,3.67,732998.0,2841106.0
2012-11-21,3.76,3.79,3.78,3.67,1232590.0,4793538.0
2012-11-20,3.82,3.82,3.75,3.74,1776002.0,6956521.0
2012-11-19,3.59,3.84,3.80,3.58,5297782.0,20463184.0
2012-11-16,3.79,3.79,3.67,3.46,5589444.0,21222798.0
2012-11-15,3.84,3.85,3.81,3.73,1778808.0,7047306.0
2012-11-14,3.84,3.86,3.85,3.77,1618488.0,6460466.0
2012-11-13,3.85,3.92,3.83,3.81,1971799.0,7894115.0
2012-11-12,3.85,3.90,3.90,3.83,2061132.0,8289904.0
2012-11-09,3.85,3.87,3.85,3.77,2840780.0,11318142.0
2012-11-08,3.90,3.92,3.85,3.84,1767751.0,7131764.0
2012-11-07,3.93,3.96,3.92,3.90,1300254.0,5320411.0
2012-11-06,3.95,3.98,3.94,3.84,3160670.0,12843118.0
2012-11-05,4.05,4.05,3.96,3.94,4099432.0,16997650.0
2012-11-02,4.02,4.07,4.05,3.99,3794757.0,15923524.0
2012-11-01,3.97,4.04,4.02,3.96,3971216.0,16602353.0
2012-10-31,3.84,3.98,3.94,3.84,2546209.0,10371010.0
2012-10-30,3.97,4.00,3.87,3.84,5282472.0,21494896.0
2012-10-29,4.11,4.11,4.01,3.84,3633752.0,15143946.0
2012-10-26,4.09,4.16,4.11,4.01,5957966.0,25235338.0
2012-10-25,4.17,4.19,4.08,4.06,3632091.0,15558722.0
2012-10-24,4.19,4.24,4.17,4.08,5402718.0,23433232.0
2012-10-23,4.29,4.32,4.25,4.24,3539219.0,15750923.0
2012-10-22,4.32,4.32,4.27,4.20,5563644.0,24617882.0
2012-10-19,4.33,4.39,4.33,4.26,6575525.0,29639896.0
2012-10-18,4.32,4.37,4.33,4.27,5992922.0,26990724.0
2012-10-17,4.30,4.40,4.31,4.25,3239771.0,14553571.0
2012-10-16,4.35,4.39,4.30,4.25,6601159.0,29705044.0
2012-10-15,4.25,4.49,4.40,4.07,13730159.0,61736988.0
2012-10-12,4.26,4.39,4.29,4.25,5351497.0,24060260.0
2012-10-11,4.26,4.37,4.26,4.24,7804552.0,35002240.0
2012-10-10,4.19,4.34,4.30,4.13,10437217.0,46115280.0
2012-10-09,4.18,4.26,4.22,4.12,11314820.0,49211952.0
2012-10-08,4.18,4.27,4.04,4.03,5084970.0,21981788.0
2012-09-28,4.07,4.20,4.17,4.02,5395563.0,23157678.0
2012-09-27,3.95,4.13,4.11,3.95,6900714.0,29362218.0
2012-09-26,4.00,4.07,3.95,3.91,3059452.0,12646252.0
2012-09-25,4.17,4.18,4.00,3.99,4522706.0,19139028.0
2012-09-24,4.16,4.21,4.18,4.06,4994407.0,21588364.0
2012-09-21,4.15,4.25,4.19,4.11,6352950.0,27727720.0
2012-09-20,4.31,4.34,4.23,4.19,5794525.0,25524092.0
2012-09-19,4.30,4.35,4.33,4.24,4392685.0,19694296.0
2012-09-18,4.21,4.35,4.28,4.08,7714101.0,34220916.0
2012-09-17,4.30,4.36,4.21,4.19,6712660.0,29783014.0
2012-09-14,4.13,4.37,4.28,4.13,11568023.0,51182212.0
2012-09-13,4.24,4.29,4.12,4.11,9388553.0,40798232.0
2012-09-12,4.35,4.52,4.24,4.21,14452742.0,65411096.0
2012-09-11,4.36,4.41,4.35,4.30,6248263.0,28195656.0
2012-09-10,4.30,4.44,4.41,4.25,10339487.0,46999176.0
2012-09-07,4.26,4.40,4.32,4.21,19171868.0,85663208.0
2012-09-06,4.08,4.25,4.23,4.08,11623582.0,50812936.0
2012-09-05,3.97,4.16,4.09,3.97,14423002.0,61494560.0
2012-09-04,3.92,4.01,3.99,3.91,9172529.0,38004996.0
2012-09-03,3.86,3.93,3.92,3.85,2850238.0,11589384.0
2012-08-31,3.82,3.90,3.86,3.82,2929294.0,11811389.0
2012-08-30,3.83,3.88,3.82,3.78,3357256.0,13386511.0
2012-08-29,3.79,3.89,3.83,3.79,2700402.0,10818409.0
2012-08-28,3.77,3.84,3.81,3.77,1786742.0,7079464.0
2012-08-27,3.79,3.84,3.79,3.70,5814926.0,22661056.0
2012-08-24,3.89,3.91,3.84,3.83,4032653.0,16250561.0
2012-08-23,3.82,3.91,3.91,3.80,3720510.0,14972714.0
2012-08-22,3.91,3.91,3.88,3.86,2468023.0,9973603.0
2012-08-21,3.87,3.92,3.91,3.86,3435174.0,13931399.0
2012-08-20,3.85,3.90,3.87,3.77,2393588.0,9564773.0
2012-08-17,3.88,3.89,3.86,3.81,5651992.0,22622608.0
2012-08-16,3.91,3.91,3.88,3.84,4102663.0,16541640.0
2012-08-15,3.98,3.98,3.91,3.88,4269898.0,17376902.0
2012-08-14,3.89,3.98,3.98,3.81,8528303.0,34494076.0
2012-08-13,3.99,4.00,3.90,3.87,7557930.0,30813344.0
2012-08-10,3.90,4.03,3.98,3.90,15132009.0,62582312.0
2012-08-09,3.84,3.92,3.89,3.82,7296951.0,29391764.0
2012-08-08,3.84,3.89,3.82,3.77,6125834.0,24417792.0
2012-08-07,3.70,3.86,3.85,3.68,10057982.0,39697528.0
2012-08-06,3.60,3.72,3.70,3.57,6743252.0,25709608.0
2012-08-03,3.47,3.64,3.63,3.39,6175284.0,22859644.0
2012-08-02,3.51,3.53,3.47,3.44,3433099.0,12395888.0
2012-08-01,3.47,3.54,3.51,3.44,4811493.0,17572480.0
2012-07-31,3.57,3.59,3.44,3.43,6079215.0,22126024.0
2012-07-30,3.66,3.68,3.59,3.57,2554650.0,9649239.0
2012-07-27,3.77,3.82,3.67,3.64,4792338.0,18477968.0
2012-07-26,3.84,3.84,3.75,3.67,4484319.0,17501328.0
2012-07-25,3.81,3.87,3.82,3.81,1632502.0,6528470.0
2012-07-24,3.77,3.89,3.84,3.77,3685097.0,14748042.0
2012-07-23,3.84,3.84,3.81,3.78,2035051.0,8067047.0
2012-07-20,3.92,3.94,3.87,3.87,3043602.0,12372921.0
2012-07-19,3.85,3.95,3.91,3.85,5021788.0,20458522.0
2012-07-18,3.81,3.89,3.89,3.76,3622940.0,14413814.0
2012-07-17,3.78,3.83,3.82,3.75,2730998.0,10802347.0
2012-07-16,3.89,3.91,3.78,3.75,5998000.0,23763016.0
2012-07-13,3.91,3.95,3.90,3.86,4811198.0,19574092.0
2012-07-12,3.86,3.94,3.90,3.80,7119827.0,28821520.0
2012-07-11,3.92,3.92,3.86,3.77,7882013.0,31407218.0
2012-07-10,3.73,3.92,3.89,3.72,12196661.0,48561572.0
2012-07-09,3.72,3.72,3.63,3.61,6699929.0,25542352.0
2012-07-06,3.60,3.77,3.71,3.54,4411853.0,16667461.0
2012-07-05,3.73,3.73,3.59,3.55,4789594.0,18024372.0
2012-07-04,3.75,3.78,3.74,3.72,1615941.0,6307274.0
2012-07-03,3.70,3.82,3.77,3.69,4782775.0,18670984.0
2012-07-02,3.75,3.78,3.75,3.66,3100506.0,12043656.0
2012-06-29,3.63,3.82,3.75,3.53,4883541.0,18635980.0
2012-06-28,3.76,3.77,3.63,3.56,2679591.0,10315083.0
2012-06-27,3.77,3.83,3.74,3.74,2513550.0,9906881.0
2012-06-26,3.79,3.82,3.78,3.74,1979075.0,7786043.0
2012-06-25,3.89,3.89,3.79,3.79,2788311.0,11114085.0
2012-06-21,3.86,3.94,3.86,3.82,4582379.0,18503652.0
2012-06-20,4.03,4.03,3.89,3.83,11608088.0,47123820.0
2012-06-19,4.13,4.13,4.02,3.98,6724077.0,28166948.0
2012-06-18,4.15,4.19,4.13,4.08,2833900.0,12161677.0
2012-06-15,4.22,4.23,4.14,4.03,3317631.0,14249126.0
2012-06-14,4.27,4.30,4.22,4.21,5270498.0,23280592.0
2012-06-13,4.19,4.34,4.34,4.13,5511376.0,24393944.0
2012-06-12,4.13,4.19,4.14,4.12,2521128.0,21947580.0
2012-06-11,4.08,4.17,4.13,4.08,1927801.0,16655239.0
2012-06-08,4.20,4.21,4.09,4.05,2173096.0,18727668.0
2012-06-07,4.22,4.25,4.15,4.14,2076879.0,18243484.0
2012-06-06,4.26,4.32,4.17,4.13,3153191.0,27917780.0
2012-06-05,4.25,4.32,4.19,4.16,1659819.0,14761089.0
2012-06-04,4.29,4.34,4.26,4.26,2215653.0,19951748.0
2012-06-01,4.23,4.41,4.37,4.21,5458877.0,49618220.0
2012-05-31,4.23,4.25,4.22,4.20,1708359.0,15119002.0
2012-05-30,4.25,4.28,4.24,4.23,1262032.0,11255731.0
2012-05-29,4.24,4.28,4.27,4.23,1924566.0,17179488.0
2012-05-28,4.16,4.27,4.26,4.12,1667728.0,14708371.0
2012-05-25,4.14,4.20,4.15,4.12,985700.0,8577843.0
2012-05-24,4.16,4.20,4.15,4.13,1345407.0,11733900.0
2012-05-23,4.21,4.23,4.17,4.12,1713090.0,14974299.0
2012-05-22,4.26,4.26,4.23,4.20,2331378.0,20627336.0
2012-05-18,4.36,4.37,4.21,4.17,4269542.0,37962696.0
2012-05-17,4.29,4.36,4.34,4.26,2313806.0,20920000.0
2012-05-16,4.34,4.35,4.29,4.25,2006963.0,18072800.0
2012-05-15,4.23,4.34,4.33,4.18,1546739.0,13878033.0
2012-05-14,4.32,4.35,4.26,4.24,2407968.0,21662954.0
2012-05-11,4.31,4.36,4.27,4.27,1596000.0,14410188.0
2012-05-10,4.36,4.39,4.32,4.28,3258568.0,29541932.0
2012-05-09,4.37,4.43,4.36,4.35,2417522.0,22202232.0
2012-05-08,4.47,4.48,4.41,4.37,2895474.0,26780672.0
2012-05-07,4.40,4.47,4.47,4.36,3849409.0,35531876.0
2012-05-04,4.38,4.42,4.40,4.34,3664286.0,33588612.0
2012-05-03,4.37,4.42,4.39,4.35,2782957.0,25497496.0
2012-05-02,4.33,4.45,4.36,4.31,4588815.0,42041912.0
2012-04-27,4.31,4.35,4.29,4.27,3628723.0,32686516.0
2012-04-26,4.35,4.41,4.29,4.28,5367230.0,48744092.0
2012-04-25,4.42,4.51,4.41,4.32,10784788.0,99594976.0
2012-04-24,4.31,4.37,4.31,3.99,7398190.0,65032640.0
2012-04-23,4.43,4.46,4.30,4.29,5574900.0,50703576.0
2012-04-20,4.14,4.41,4.38,4.11,8783424.0,79060432.0
2012-04-19,4.18,4.34,4.18,4.16,5148070.0,45815704.0
2012-04-18,4.17,4.24,4.20,4.05,5812884.0,50572292.0
2012-04-17,4.11,4.21,4.17,4.09,9048087.0,78532680.0
2012-04-16,4.06,4.20,4.15,3.99,3872534.0,33410312.0
2012-04-13,4.14,4.20,4.08,4.04,6516251.0,56091580.0
2012-04-12,4.02,4.23,4.19,3.97,11790892.0,101999632.0
2012-04-11,3.91,4.09,4.03,3.90,7504756.0,63025552.0
2012-04-10,3.81,3.95,3.94,3.77,3590919.0,28985836.0
2012-04-09,3.82,4.01,3.86,3.79,4715885.0,38495144.0
2012-04-06,3.82,3.85,3.81,3.75,1569717.0,12536978.0
2012-04-05,3.62,3.86,3.82,3.61,4765566.0,37613752.0
2012-03-30,3.61,3.64,3.62,3.58,892927.0,6730330.0
2012-03-29,3.68,3.70,3.61,3.58,1584634.0,12085449.0
2012-03-28,3.82,3.82,3.70,3.69,2775249.0,21789882.0
2012-03-27,3.82,3.87,3.80,3.78,1144157.0,9150599.0
2012-03-26,3.82,3.84,3.81,3.76,896299.0,7135394.0
2012-03-23,3.84,3.89,3.81,3.81,2141765.0,17190506.0
2012-03-22,3.87,3.87,3.83,3.79,2052545.0,16466570.0
2012-03-21,3.94,3.98,3.87,3.85,1941855.0,15780732.0
2012-03-20,3.97,4.06,3.94,3.94,4445547.0,37264604.0
2012-03-19,3.99,4.05,3.99,3.94,2144792.0,17884862.0
2012-03-16,3.88,4.03,3.99,3.88,1986844.0,16538077.0
2012-03-15,3.93,3.96,3.91,3.73,1915393.0,15569513.0
2012-03-14,4.03,4.16,3.95,3.86,5751343.0,48198840.0
2012-03-13,3.92,4.08,4.05,3.92,3886227.0,32729388.0
2012-03-12,3.92,4.01,3.95,3.89,5023160.0,41592340.0
2012-03-09,3.82,3.98,3.92,3.82,5389123.0,44246484.0
2012-03-08,3.84,3.89,3.81,3.78,2551715.0,20477710.0
2012-03-07,3.78,3.90,3.83,3.75,5629091.0,45435684.0
2012-03-06,3.74,3.84,3.82,3.74,4692526.0,37294200.0
2012-03-05,3.73,3.80,3.74,3.71,4092968.0,32109060.0
2012-03-02,3.72,3.84,3.73,3.71,6892551.0,54225008.0
2012-03-01,3.54,3.76,3.73,3.54,6161173.0,47247528.0
2012-02-29,3.57,3.63,3.58,3.52,3446545.0,25701892.0
2012-02-28,3.60,3.62,3.55,3.53,3578781.0,26669354.0
2012-02-27,3.60,3.68,3.60,3.60,3319313.0,25246120.0
2012-02-24,3.60,3.61,3.59,3.53,1686697.0,12610852.0
2012-02-23,3.58,3.61,3.58,3.54,1644588.0,12302270.0
2012-02-22,3.52,3.59,3.58,3.51,2430509.0,18091160.0
2012-02-21,3.47,3.54,3.52,3.43,1781180.0,12998647.0
2012-02-20,3.55,3.55,3.50,3.49,1221502.0,9004333.0
2012-02-17,3.53,3.53,3.51,3.45,775747.0,5667666.0
2012-02-16,3.53,3.58,3.50,3.49,1553489.0,11474225.0
2012-02-15,3.46,3.53,3.53,3.42,2013231.0,14702236.0
2012-02-14,3.49,3.51,3.46,3.44,883699.0,6428505.0
2012-02-13,3.45,3.51,3.50,3.41,1228149.0,8950803.0
2012-02-10,3.51,3.52,3.45,3.45,1101002.0,8014117.0
2012-02-09,3.44,3.54,3.47,3.42,1432316.0,10467881.0
2012-02-08,3.36,3.49,3.45,3.36,1382129.0,9935143.0
2012-02-07,3.39,3.42,3.35,3.35,531814.0,3751646.0
2012-02-06,3.40,3.45,3.41,3.37,1143332.0,8182621.0
2012-02-03,3.35,3.42,3.41,3.35,881717.0,6263705.0
2012-02-02,3.31,3.38,3.37,3.31,458187.0,3211370.0
2012-02-01,3.32,3.39,3.30,3.30,839001.0,5864447.0
2012-01-31,3.35,3.37,3.33,3.31,623523.0,4354063.0
2012-01-30,3.38,3.39,3.35,3.33,765615.0,5395371.0
2012-01-20,3.25,3.41,3.38,3.25,1958546.0,13825737.0
2012-01-19,3.22,3.30,3.26,3.18,1165045.0,7937180.0
2012-01-18,3.34,3.35,3.21,3.20,1062538.0,7287469.0
2012-01-17,3.19,3.37,3.31,3.16,2423502.0,16629731.0
2012-01-16,3.30,3.30,3.18,3.16,435766.0,2938838.0
2012-01-13,3.36,3.41,3.30,3.28,997201.0,6931604.0
2012-01-12,3.41,3.52,3.40,3.38,1654119.0,11950375.0
2012-01-11,3.43,3.44,3.41,3.37,958960.0,6840438.0
2012-01-10,3.28,3.45,3.43,3.27,1876976.0,13363747.0
2012-01-09,3.18,3.32,3.30,3.14,874933.0,5951824.0
2012-01-06,3.17,3.24,3.16,3.10,1137648.0,7518424.0
2012-01-05,3.20,3.23,3.18,3.17,815910.0,5464294.0
2012-01-04,3.32,3.33,3.23,3.23,339020.0,2316578.0
2011-12-30,3.20,3.33,3.30,3.20,657098.0,4503177.0
2011-12-29,3.20,3.22,3.19,3.17,354113.0,2367211.0
2011-12-28,3.18,3.20,3.19,3.14,326590.0,2170815.0
2011-12-27,3.17,3.25,3.20,3.15,395890.0,2662659.0
2011-12-26,3.23,3.26,3.20,3.19,170780.0,1155020.0
2011-12-23,3.18,3.27,3.24,3.18,318198.0,2165543.0
2011-12-22,3.12,3.31,3.23,3.12,940689.0,6403311.0
2011-12-21,3.42,3.43,3.25,3.24,629401.0,4393709.0
2011-12-20,3.36,3.41,3.37,3.35,817818.0,5785917.0
2011-12-19,3.34,3.37,3.35,3.27,518347.0,3620800.0
2011-12-16,3.28,3.38,3.37,3.25,989683.0,6867757.0
2011-12-15,3.33,3.33,3.30,3.23,2063858.0,14136022.0
2011-12-14,3.51,3.53,3.33,3.26,897701.0,6368589.0
2011-12-13,3.64,3.67,3.51,3.50,969005.0,7255421.0
2011-12-12,3.68,3.73,3.66,3.65,503100.0,3872215.0
2011-12-09,3.70,3.75,3.71,3.68,864822.0,6725042.0
2011-12-08,3.68,3.75,3.73,3.65,808110.0,6272635.0
2011-12-07,3.73,3.74,3.70,3.68,638727.0,4964622.0
2011-12-06,3.75,3.76,3.73,3.69,890630.0,6938452.0
2011-12-05,3.84,3.85,3.74,3.74,856825.0,6809626.0
2011-12-02,3.85,3.89,3.86,3.82,816063.0,6583026.0
2011-12-01,3.91,3.94,3.87,3.87,1197351.0,9801007.0
2011-11-30,3.94,3.94,3.82,3.74,1493511.0,11991367.0
2011-11-29,3.92,3.96,3.95,3.88,1533561.0,12600665.0
2011-11-28,3.91,3.93,3.87,3.84,1000442.0,8138545.0
2011-11-25,3.90,4.02,3.90,3.90,1867395.0,15415126.0
2011-11-24,3.89,3.93,3.91,3.83,1154977.0,9425934.0
2011-11-23,3.99,4.03,3.94,3.92,1393671.0,11566144.0
2011-11-22,3.97,4.02,3.99,3.93,1869219.0,15574728.0
2011-11-21,3.92,4.17,4.04,3.91,4061417.0,34546452.0
2011-11-18,4.01,4.04,3.90,3.88,1233465.0,10197817.0
2011-11-17,4.00,4.06,4.01,3.97,1013874.0,8522865.0
2011-11-16,4.14,4.17,4.01,4.01,1413194.0,12054886.0
2011-11-15,4.16,4.18,4.16,4.12,1431566.0,12431995.0
2011-11-14,4.20,4.25,4.17,4.16,2124082.0,18665390.0
2011-11-11,4.11,4.20,4.16,4.11,2353543.0,20448584.0
2011-11-10,4.00,4.20,4.15,3.96,4461665.0,38342864.0
2011-11-09,4.06,4.10,4.04,4.00,1912170.0,16133356.0
2011-11-08,4.07,4.16,4.04,4.02,1392469.0,11894213.0
2011-11-07,4.11,4.16,4.10,4.08,1283947.0,11085706.0
2011-11-04,4.13,4.16,4.13,4.05,2187923.0,18845328.0
2011-11-03,4.11,4.18,4.13,4.05,4171822.0,35827068.0
2011-11-02,4.05,4.16,4.11,4.01,2216632.0,19016908.0
2011-11-01,4.05,4.14,4.09,4.04,2204405.0,18885012.0
2011-10-31,3.97,4.14,4.10,3.96,3903446.0,33126226.0
2011-10-28,3.92,3.99,3.96,3.88,2351026.0,19429876.0
2011-10-27,3.89,3.99,3.88,3.87,1825861.0,15017058.0
2011-10-26,3.77,3.93,3.87,3.77,2212977.0,17929362.0
2011-10-25,3.73,3.83,3.79,3.71,1109935.0,8826161.0
2011-10-24,3.69,3.75,3.72,3.59,628068.0,4856494.0
2011-10-21,3.74,3.77,3.68,3.68,602400.0,4673805.0
2011-10-20,3.84,3.84,3.77,3.73,1400090.0,11034996.0
2011-10-19,3.84,3.89,3.84,3.82,715347.0,5766072.0
2011-10-18,3.87,3.90,3.84,3.82,1374237.0,11068174.0
2011-10-17,3.89,3.94,3.90,3.87,834456.0,6822294.0
2011-10-14,3.89,3.92,3.89,3.85,694157.0,5639330.0
2011-10-13,3.86,3.95,3.93,3.86,1400373.0,11492634.0
2011-10-12,3.75,3.93,3.91,3.69,2742732.0,22227064.0
2011-10-11,3.81,3.86,3.76,3.64,1010011.0,7926434.0
2011-10-10,3.73,3.79,3.72,3.71,661600.0,5173245.0
2011-09-30,3.82,3.82,3.72,3.70,1426628.0,11226990.0
2011-09-29,3.85,3.87,3.78,3.77,1538631.0,12294865.0
2011-09-28,3.94,3.94,3.86,3.84,964279.0,7877236.0
2011-09-27,3.89,3.98,3.92,3.87,1670980.0,13706271.0
2011-09-26,3.99,4.01,3.86,3.83,2297850.0,18787962.0
2011-09-23,3.94,4.01,3.98,3.92,1308427.0,10868636.0
2011-09-22,4.06,4.10,4.01,4.01,1901090.0,16133277.0
2011-09-21,3.99,4.15,4.10,3.94,2130412.0,18151876.0
2011-09-20,3.96,4.01,3.97,3.92,736022.0,6103634.0
2011-09-19,4.03,4.03,3.96,3.96,1149950.0,9560450.0
2011-09-16,4.10,4.10,4.03,4.03,1202622.0,10261248.0
2011-09-15,4.05,4.19,4.05,4.05,2121864.0,18228950.0
2011-09-14,4.05,4.06,4.05,3.94,1241528.0,10394063.0
2011-09-13,3.94,4.03,4.02,3.92,1489081.0,12407624.0
2011-09-09,4.01,4.09,3.97,3.97,1464601.0,12310696.0
2011-09-08,4.09,4.21,4.05,4.04,4301089.0,37289632.0
2011-09-07,3.91,4.18,4.12,3.91,3555392.0,30211336.0
2011-09-06,3.94,3.94,3.90,3.88,989672.0,8085919.0
2011-09-05,4.03,4.03,3.94,3.92,1871454.0,15495254.0
2011-09-02,3.98,4.07,4.04,3.92,2820766.0,23489616.0
2011-09-01,4.05,4.09,4.02,4.01,1868940.0,15846330.0
2011-08-31,4.16,4.18,4.05,4.01,3315732.0,28209760.0
2011-08-30,4.20,4.35,4.18,4.15,7644834.0,67317968.0
2011-08-29,4.22,4.37,4.22,4.13,10827212.0,95764184.0
2011-08-26,4.07,4.27,4.22,4.07,7720055.0,67874408.0
2011-08-25,3.95,4.16,4.14,3.91,5925475.0,49861468.0
2011-08-24,3.89,3.98,3.94,3.89,3483589.0,28720732.0
2011-08-23,3.84,3.88,3.87,3.84,1830536.0,14779637.0
2011-08-22,3.85,3.90,3.82,3.81,2171577.0,17525576.0
2011-08-19,3.94,3.94,3.84,3.81,4412153.0,35549108.0
2011-08-18,4.03,4.10,4.00,3.99,1850497.0,15581272.0
2011-08-17,4.09,4.13,4.01,4.00,2328881.0,19855784.0
2011-08-16,4.19,4.20,4.11,4.09,3289421.0,28429430.0
2011-08-15,4.16,4.22,4.19,4.15,7853142.0,68743960.0
2011-08-12,4.05,4.24,4.18,4.03,9080475.0,78912312.0
2011-08-11,3.82,4.19,4.03,3.75,5267863.0,43941064.0
2011-08-10,3.88,3.98,3.92,3.86,4998319.0,41025416.0
2011-08-09,3.82,3.89,3.81,3.59,4910335.0,38763736.0
2011-08-08,4.11,4.17,3.91,3.86,4811252.0,40452992.0
2011-08-05,4.20,4.26,4.21,4.11,3055737.0,26907962.0
2011-08-04,4.27,4.35,4.32,4.27,2694221.0,24373680.0
2011-08-03,4.31,4.31,4.26,4.20,2846415.0,25361582.0
2011-08-02,4.38,4.42,4.31,4.22,3293656.0,29549176.0
2011-07-29,4.45,4.48,4.37,4.37,3005744.0,27830866.0
2011-07-28,4.53,4.53,4.45,4.43,3104920.0,29079168.0
2011-07-27,4.58,4.59,4.58,4.52,9158826.0,87220240.0
2011-07-26,4.37,4.63,4.60,4.35,11850905.0,112668304.0
2011-07-25,4.49,4.55,4.38,4.34,5195086.0,48095536.0
2011-07-22,4.50,4.54,4.51,4.46,3568035.0,33607868.0
2011-07-21,4.49,4.56,4.49,4.49,2816230.0,26659404.0
2011-07-20,4.56,4.59,4.55,4.53,4250210.0,40535540.0
2011-07-19,4.60,4.64,4.55,4.52,5145998.0,49309292.0
2011-07-18,4.72,4.73,4.65,4.64,6076072.0,59337144.0
2011-07-15,4.69,4.78,4.70,4.67,6816801.0,67439672.0
2011-07-14,4.69,4.70,4.69,4.64,5396013.0,52843104.0
2011-07-13,4.58,4.69,4.69,4.58,6336985.0,61847588.0
2011-07-12,4.61,4.70,4.60,4.57,6279176.0,60942672.0
2011-07-11,4.51,4.66,4.65,4.48,6143512.0,59298348.0
2011-07-08,4.58,4.60,4.53,4.52,4177732.0,39747368.0
2011-07-07,4.59,4.66,4.58,4.57,5377819.0,51867536.0
2011-07-06,4.67,4.67,4.63,4.58,4980332.0,48041776.0
2011-07-05,4.68,4.70,4.66,4.63,8254161.0,80573368.0
2011-07-04,4.62,4.68,4.66,4.60,8663497.0,84332008.0
2011-07-01,4.66,4.69,4.60,4.59,3991783.0,38722912.0
2011-06-30,4.57,4.75,4.65,4.57,7473189.0,73336368.0
2011-06-29,4.62,4.65,4.58,4.56,3480051.0,33469456.0
2011-06-28,4.68,4.69,4.63,4.58,5716813.0,55300544.0
2011-06-27,4.68,4.84,4.71,4.64,14275499.0,141502832.0
2011-06-24,4.35,4.77,4.74,4.30,12283964.0,117737248.0
2011-06-23,4.32,4.41,4.36,4.16,8249447.0,73747136.0
2011-06-22,4.55,4.58,4.34,4.28,5441567.0,50186004.0
2011-06-21,4.53,4.58,4.55,4.50,2183727.0,20742508.0
2011-06-20,4.51,4.55,4.53,4.48,2278275.0,21546460.0
2011-06-17,4.49,4.62,4.52,4.49,4049009.0,38558956.0
2011-06-16,4.68,4.70,4.55,4.54,5439203.0,52387476.0
2011-06-15,4.74,4.81,4.76,4.71,7510318.0,75003776.0
2011-06-14,4.68,4.80,4.76,4.64,3843518.0,38193384.0
2011-06-13,4.73,4.74,4.69,4.56,3293749.0,32046070.0
2011-06-10,4.77,4.84,4.75,4.63,6398394.0,63096644.0
2011-06-09,4.81,4.91,4.83,4.75,17161404.0,174634592.0
2011-06-08,4.79,4.85,4.83,4.72,6469123.0,65108680.0
2011-06-07,4.60,4.92,4.83,4.57,10089360.0,100080712.0
2011-06-03,4.55,4.65,4.62,4.53,4142136.0,39905460.0
2011-06-02,4.57,4.61,4.56,4.47,4932730.0,46981472.0
2011-06-01,4.64,4.69,4.67,4.61,3884326.0,37766712.0
2011-05-31,4.63,4.69,4.69,4.56,7697278.0,74943592.0
2011-05-30,4.58,4.69,4.65,4.55,7394443.0,71990928.0
2011-05-27,4.65,4.79,4.66,4.51,5512998.0,53003876.0
2011-05-26,4.66,4.73,4.67,4.62,6399394.0,62910760.0
2011-05-25,4.59,4.73,4.71,4.51,8718192.0,84336240.0
2011-05-24,4.57,4.63,4.56,4.50,3416446.0,32663340.0
2011-05-23,4.78,4.78,4.61,4.54,7788084.0,75261576.0
2011-05-20,4.85,4.89,4.80,4.77,4641940.0,46723380.0
2011-05-19,4.81,4.94,4.87,4.79,7857184.0,80140104.0
2011-05-18,4.76,4.82,4.81,4.73,3241384.0,32431416.0
2011-05-17,4.82,4.85,4.75,4.71,5095360.0,50937296.0
2011-05-16,4.78,4.90,4.85,4.78,9895130.0,100741264.0
2011-05-13,4.68,4.81,4.79,4.68,6405351.0,63589544.0
2011-05-12,4.78,4.85,4.77,4.73,7275186.0,72854976.0
2011-05-11,4.90,4.90,4.83,4.75,5731534.0,57898748.0
2011-05-10,4.87,4.96,4.88,4.83,10571892.0,108663176.0
2011-05-09,4.74,4.89,4.82,4.73,13467934.0,136002144.0
2011-05-06,4.58,4.82,4.79,4.46,11521344.0,112305496.0
2011-05-05,4.55,4.64,4.59,4.55,4571099.0,44087424.0
2011-05-04,4.78,4.82,4.56,4.54,11905563.0,116373888.0
2011-05-03,4.73,4.91,4.84,4.69,7834341.0,79131488.0
2011-04-29,4.63,4.75,4.74,4.58,5034555.0,49494840.0
2011-04-28,4.90,4.90,4.64,4.55,9720148.0,95822472.0
2011-04-27,4.96,4.98,4.85,4.78,7850047.0,80046376.0
2011-04-26,5.12,5.13,4.89,4.85,13427467.0,139599568.0
2011-04-25,5.65,5.65,5.17,5.17,29387108.0,328000288.0
2011-04-22,5.66,5.83,5.74,5.59,20706510.0,246902048.0
2011-04-21,5.49,5.80,5.69,5.45,32301556.0,384060512.0
2011-04-20,5.54,5.62,5.44,5.42,15699891.0,180302128.0
2011-04-19,5.54,5.71,5.58,5.42,23237388.0,272015552.0
2011-04-18,5.55,5.71,5.58,5.49,26585408.0,311754944.0
2011-04-15,5.40,5.54,5.52,5.34,15087918.0,172097360.0
2011-04-14,5.56,5.61,5.41,5.40,25635556.0,296085920.0
2011-04-13,5.34,5.67,5.60,5.29,20737692.0,238278640.0
2011-04-12,5.33,5.46,5.38,5.26,18354688.0,205594720.0
2011-04-11,5.44,5.61,5.37,5.35,28943858.0,331440160.0
2011-04-08,5.42,5.54,5.47,5.37,30888856.0,352752352.0
2011-04-07,5.13,5.52,5.50,5.10,37290816.0,416557472.0
2011-04-06,5.19,5.24,5.17,5.09,11921707.0,129343152.0
2011-04-01,5.16,5.24,5.22,5.05,16461928.0,178018192.0
2011-03-31,5.06,5.18,5.15,5.03,16476223.0,176525440.0
2011-03-30,5.13,5.18,5.06,5.01,12951125.0,137848992.0
2011-03-29,5.30,5.40,5.15,5.14,20343410.0,224290000.0
2011-03-28,5.21,5.47,5.34,5.08,29139132.0,321448544.0
2011-03-25,5.22,5.30,5.20,5.14,21449452.0,234152960.0
2011-03-24,5.12,5.32,5.20,5.10,28799684.0,314831776.0
2011-03-23,5.01,5.22,5.17,4.95,27598516.0,295613248.0
2011-03-22,5.04,5.05,5.01,4.90,9731329.0,101574528.0
2011-03-21,4.99,5.12,5.06,4.93,23542184.0,248510608.0
2011-03-18,4.87,5.06,5.02,4.86,26809348.0,279564128.0
2011-03-17,4.80,4.97,4.89,4.74,10836726.0,109865480.0
2011-03-16,4.77,4.89,4.85,4.77,8159938.0,82956488.0
2011-03-15,4.86,4.86,4.79,4.74,9886615.0,99491240.0
2011-03-14,4.90,4.93,4.87,4.80,12521511.0,127869296.0
2011-03-11,4.90,5.07,4.95,4.90,16959792.0,178249568.0
2011-03-10,5.04,5.04,4.90,4.90,7615752.0,79424368.0
2011-03-09,5.00,5.09,5.04,4.92,11560895.0,121718768.0
2011-03-08,5.05,5.05,5.01,4.96,9397658.0,98869952.0
2011-03-07,4.99,5.10,5.07,4.94,16399704.0,173227568.0
2011-03-04,4.92,5.01,4.98,4.86,8288240.0,86066568.0
2011-03-03,4.90,5.03,4.92,4.90,12010948.0,125447360.0
2011-03-02,4.90,4.93,4.90,4.80,10497720.0,107625840.0
2011-03-01,5.00,5.17,4.97,4.95,27683732.0,294156352.0
2011-02-28,4.84,5.13,5.03,4.78,15986069.0,166512464.0
2011-02-25,4.78,4.89,4.85,4.71,10898533.0,109481944.0
2011-02-24,4.74,4.80,4.79,4.71,6824127.0,68245832.0
2011-02-23,4.72,4.79,4.74,4.68,6865522.0,68498240.0
2011-02-22,4.96,4.96,4.74,4.73,14680985.0,149257056.0
2011-02-21,4.87,5.03,4.98,4.86,21977058.0,228769200.0
2011-02-18,4.90,4.95,4.92,4.79,15166098.0,155368080.0
2011-02-17,4.84,4.92,4.90,4.75,16758647.0,170613248.0
2011-02-16,4.68,4.86,4.82,4.66,14531966.0,145792064.0
2011-02-15,4.89,4.92,4.68,4.67,19715536.0,198725328.0
2011-02-11,4.52,4.74,4.73,4.49,15866727.0,154847872.0
2011-02-10,4.35,4.59,4.54,4.29,7508537.0,70047608.0
2011-02-09,4.32,4.41,4.34,4.31,3677908.0,33701344.0
2011-02-01,4.49,4.49,4.36,4.35,5202078.0,48254984.0
2011-01-31,4.40,4.52,4.47,4.39,11794080.0,110845456.0
2011-01-28,4.28,4.48,4.45,4.24,8349876.0,76654296.0
2011-01-27,4.32,4.38,4.28,4.23,8602012.0,77762008.0
2011-01-26,4.52,4.59,4.39,4.34,12844966.0,121131456.0
2011-01-25,4.56,4.56,4.52,4.42,3614222.0,34142400.0
2011-01-24,4.66,4.66,4.51,4.46,5336652.0,50875368.0
2011-01-21,4.38,4.70,4.61,4.26,14030953.0,130901328.0
2011-01-20,4.75,4.76,4.50,4.37,10278155.0,98810312.0
2011-01-19,4.73,4.82,4.78,4.69,13214484.0,132188280.0
2011-01-18,4.63,4.75,4.74,4.58,5218687.0,51365556.0
2011-01-17,4.67,4.68,4.65,4.52,8978262.0,86659808.0
2011-01-14,4.78,4.80,4.71,4.70,6259919.0,62271224.0
2011-01-13,4.90,4.94,4.83,4.78,7262523.0,73949312.0
2011-01-12,4.96,5.06,4.93,4.89,10621192.0,110872128.0
2011-01-11,4.89,4.98,4.96,4.69,9934423.0,101428176.0
2011-01-10,5.04,5.09,4.89,4.87,12773589.0,134341264.0
2011-01-07,5.07,5.21,5.05,4.97,14652117.0,157740768.0
2011-01-06,5.00,5.14,5.12,4.92,12079729.0,128310864.0
2011-01-05,4.96,5.19,5.04,4.92,22773428.0,243581488.0
2011-01-04,4.97,5.03,5.00,4.83,20725526.0,215090304.0
