date,open,high,close,low,volume,amount
2015-11-27,9.95,9.99,9.24,9.15,46468272.0,447052608.0
2015-11-26,10.07,10.11,10.00,9.99,29970540.0,301217440.0
2015-11-25,9.99,10.13,10.05,9.95,33602000.0,337937152.0
2015-11-24,10.04,10.06,9.94,9.81,30072448.0,297709088.0
2015-11-23,10.11,10.14,10.03,10.00,29259940.0,294791968.0
2015-11-20,10.14,10.17,10.11,10.01,32332336.0,326613728.0
2015-11-19,10.08,10.17,10.15,10.00,27576774.0,277803136.0
2015-11-18,10.10,10.25,10.07,10.00,27445644.0,277740480.0
2015-11-17,10.25,10.43,10.13,10.08,44107620.0,453001728.0
2015-11-16,9.89,10.21,10.20,9.89,30216804.0,303193344.0
2015-11-13,10.24,10.36,10.07,10.03,36330048.0,370789760.0
2015-11-12,10.53,10.54,10.33,10.30,44398184.0,461896608.0
2015-11-11,10.60,10.71,10.54,10.43,46052592.0,485613280.0
2015-11-10,10.43,10.69,10.54,10.34,58016248.0,608992896.0
2015-11-09,10.35,10.82,10.53,10.32,84634496.0,893948096.0
2015-11-06,10.23,10.60,10.48,10.14,83790128.0,867792064.0
2015-11-05,9.97,10.55,10.30,9.93,95893392.0,986991424.0
2015-11-04,9.62,10.06,10.00,9.59,39643700.0,390575040.0
2015-11-03,9.61,9.73,9.54,9.50,19027280.0,182975344.0
2015-11-02,9.84,9.91,9.60,9.59,31409866.0,305944704.0
2015-10-30,9.96,10.10,9.93,9.84,33225904.0,330830816.0
2015-10-29,10.19,10.25,10.08,9.98,29587716.0,299013120.0
2015-10-28,10.40,10.45,10.08,10.04,59482384.0,610494400.0
2015-10-27,10.28,10.63,10.56,10.15,90333960.0,938718464.0
2015-10-26,10.36,10.36,10.20,10.13,52191232.0,534471232.0
2015-10-23,10.23,10.28,10.24,10.02,55241848.0,562960704.0
2015-10-22,9.96,10.30,10.22,9.89,52650412.0,530929376.0
2015-10-21,10.31,10.50,10.19,9.62,99226240.0,1006680256.0
2015-10-20,10.10,10.37,10.34,9.99,58842456.0,598841152.0
2015-10-19,10.30,10.33,10.09,9.98,56761184.0,577296512.0
2015-10-16,10.21,10.46,10.32,10.13,88684760.0,913556160.0
2015-10-15,9.88,10.27,10.17,9.88,55227504.0,558372480.0
2015-10-14,9.97,10.16,9.93,9.88,43606572.0,436777824.0
2015-10-13,9.91,10.03,9.98,9.85,37515044.0,373696160.0
2015-10-12,9.60,10.23,10.04,9.60,66619440.0,667072832.0
2015-10-09,9.50,9.74,9.68,9.45,37140280.0,357309952.0
2015-10-08,9.71,9.96,9.50,9.45,40160732.0,386948416.0
2015-09-30,9.06,9.18,9.05,9.03,15563378.0,141672912.0
2015-09-29,9.17,9.25,9.01,9.00,23818568.0,216763232.0
2015-09-28,9.45,9.53,9.34,9.03,24920660.0,231241008.0
2015-09-25,9.79,10.05,9.53,9.27,41687112.0,403904896.0
2015-09-24,9.71,9.85,9.76,9.61,25523256.0,248764576.0
2015-09-23,9.90,10.02,9.66,9.62,47863372.0,469677376.0
2015-09-22,10.12,10.43,10.14,10.06,59636196.0,609854976.0
2015-09-21,9.77,10.10,10.04,9.65,41230924.0,409531648.0
2015-09-18,10.08,10.20,9.93,9.74,50862516.0,507160832.0
2015-09-17,9.90,10.59,9.90,9.81,93946176.0,959497408.0
2015-09-16,9.31,10.28,10.04,9.18,69992112.0,681542656.0
2015-09-15,9.52,9.84,9.43,9.05,58071440.0,546436672.0
2015-09-14,9.85,10.05,9.87,8.99,96746112.0,938935808.0
2015-09-11,9.65,9.88,9.69,9.52,38548820.0,373915136.0
2015-09-10,9.54,9.94,9.75,9.47,52491360.0,508309472.0
2015-09-09,9.50,9.95,9.77,9.39,67743192.0,656315584.0
2015-09-08,9.05,9.42,9.38,8.74,45595960.0,415191232.0
2015-09-07,9.62,10.08,9.12,9.07,74426208.0,711230016.0
2015-09-02,9.04,9.72,9.53,8.91,108415888.0,1029076672.0
2015-09-01,9.50,9.68,9.63,8.82,108370744.0,1015549184.0
2015-08-31,9.35,9.63,9.59,8.91,94958696.0,871312768.0
2015-08-28,9.13,9.49,9.42,9.00,99343296.0,916795648.0
2015-08-27,8.50,8.80,8.76,8.01,81419912.0,689087936.0
2015-08-26,9.04,9.23,8.20,8.17,100347936.0,882972160.0
2015-08-25,8.94,9.36,8.93,8.93,99529104.0,894457600.0
2015-08-24,10.39,10.58,9.92,9.92,81390288.0,814504576.0
2015-08-21,11.89,12.18,11.02,10.99,92195552.0,1068802304.0
2015-08-20,11.61,12.68,11.90,11.45,106235896.0,1274376832.0
2015-08-19,11.31,12.10,11.88,10.80,113664320.0,1305748864.0
2015-08-18,13.30,13.39,11.96,11.96,129309216.0,1624190976.0
2015-08-17,13.23,13.45,13.29,12.92,94209920.0,1238451968.0
2015-08-14,13.30,13.94,13.40,13.22,121131904.0,1643826176.0
2015-08-13,12.88,13.39,13.28,12.80,91097072.0,1195158400.0
2015-08-12,13.12,13.59,13.06,13.01,121435872.0,1612434944.0
2015-08-11,12.93,14.15,13.60,12.55,224768416.0,3002482944.0
2015-08-10,12.50,13.12,12.86,12.22,156304912.0,1980892672.0
2015-08-07,11.75,12.15,11.96,11.71,59054692.0,705487104.0
2015-08-06,11.55,11.85,11.61,11.45,43557272.0,507804064.0
2015-08-05,12.30,12.46,11.87,11.81,77279920.0,937223360.0
2015-08-04,11.64,12.33,12.31,11.64,81468632.0,979794880.0
2015-08-03,11.40,11.74,11.68,11.06,72859464.0,831233088.0
2015-07-31,11.62,12.05,11.61,11.30,97489336.0,1134733184.0
2015-07-30,11.99,12.77,11.85,11.72,137801312.0,1696749184.0
2015-07-29,11.52,12.32,12.26,11.34,144898848.0,1697823232.0
2015-07-28,11.30,12.21,11.25,11.00,176268704.0,1993669248.0
2015-07-27,13.00,13.43,12.22,12.22,219051104.0,2818340864.0
2015-07-24,13.10,13.89,13.58,12.96,329094208.0,4490122240.0
2015-07-23,12.40,12.76,12.63,12.21,158947872.0,1987479296.0
2015-07-22,11.76,12.87,12.62,11.69,180702528.0,2214908928.0
2015-07-21,11.59,12.10,11.88,11.42,113508800.0,1345898880.0
2015-07-20,11.60,12.19,11.79,11.48,130790848.0,1546025088.0
2015-07-17,11.18,11.95,11.76,11.14,113270856.0,1309657216.0
2015-07-16,10.95,11.56,11.14,10.41,108543360.0,1209500416.0
2015-07-15,11.40,11.65,10.95,10.54,163121760.0,1780596224.0
2015-07-14,12.26,12.64,11.71,11.54,203501344.0,2465452544.0
2015-07-13,12.06,12.83,12.69,11.75,248983952.0,3082609664.0
2015-07-10,11.12,11.83,11.83,10.80,197454416.0,2306217728.0
2015-07-09,9.77,10.75,10.75,9.10,183552848.0,1890688384.0
2015-07-08,9.77,10.36,9.77,9.77,290883456.0,2867075584.0
2015-07-07,11.60,11.60,10.86,10.86,250975760.0,2737393920.0
2015-07-06,14.60,14.60,12.07,12.07,300226464.0,3801937664.0
2015-07-03,13.41,14.10,13.41,13.41,151398880.0,2041038208.0
2015-07-02,15.59,16.42,14.90,14.90,278570528.0,4295947264.0
2015-07-01,16.00,17.88,16.56,15.55,424330816.0,7176065024.0
2015-06-30,17.09,17.49,16.66,15.38,468136448.0,7578440192.0
2015-06-29,16.00,17.09,17.09,15.54,458754080.0,7594999296.0
2015-06-26,15.61,16.98,15.54,14.67,390565856.0,6328190976.0
2015-06-25,16.64,17.29,16.22,15.84,358739168.0,6011284480.0
2015-06-24,16.09,17.35,17.08,15.85,451454528.0,7556076032.0
2015-06-23,14.41,15.77,15.77,13.81,255786496.0,3827853568.0
2015-06-19,14.40,15.50,14.34,14.14,190971968.0,2845730560.0
2015-06-18,14.69,15.88,14.90,14.59,202021440.0,3098533632.0
2015-06-17,14.48,14.95,14.81,14.01,120145376.0,1738411136.0
2015-06-16,15.20,15.22,14.48,14.21,143370128.0,2110376448.0
2015-06-15,16.02,16.13,15.37,15.35,205726896.0,3244223232.0
2015-06-12,15.09,16.38,16.04,14.90,261016144.0,4071291392.0
2015-06-11,15.25,15.45,14.94,14.74,136897520.0,2045192576.0
2015-06-10,15.27,15.64,15.32,15.17,155743664.0,2435553792.0
2015-06-09,15.17,15.76,15.65,14.83,250476352.0,3917698816.0
2015-06-08,14.95,15.59,15.30,14.49,259438688.0,3976346880.0
2015-06-05,14.28,15.15,14.95,14.03,253217696.0,3733756672.0
2015-06-04,13.90,14.16,14.02,12.92,120744824.0,1676323072.0
2015-06-03,14.27,14.37,13.90,13.72,121712864.0,1734182656.0
2015-06-02,13.72,14.57,14.27,13.67,141644800.0,2039324800.0
2015-06-01,13.02,13.67,13.67,13.02,112965784.0,1539284608.0
2015-05-29,13.34,13.55,13.02,12.66,143029056.0,1900091136.0
2015-05-28,14.95,14.95,13.45,13.45,213758240.0,3096665856.0
2015-05-27,14.78,15.15,14.95,14.62,197733296.0,2989893120.0
2015-05-26,14.78,14.88,14.74,14.35,184049472.0,2738808064.0
2015-05-25,14.22,14.95,14.74,14.22,190356640.0,2803735808.0
2015-05-22,13.99,14.38,14.22,13.84,179053632.0,2572752896.0
2015-05-21,13.37,13.69,13.68,13.29,134742320.0,1841818880.0
2015-05-20,13.37,13.77,13.37,13.31,146892128.0,2014254720.0
2015-05-19,12.88,13.34,13.28,12.85,107240864.0,1433949568.0
2015-05-18,12.64,13.10,12.84,12.58,75749280.0,989086144.0
2015-05-15,13.15,13.15,12.79,12.72,93538648.0,1225370368.0
2015-05-14,13.18,13.44,13.25,12.81,116189120.0,1547167744.0
2015-05-13,13.48,13.53,13.22,13.10,113604728.0,1533501568.0
2015-05-12,13.37,13.61,13.58,13.15,126747440.0,1722100096.0
2015-05-11,13.20,13.38,13.32,12.91,124107248.0,1659945088.0
2015-05-08,12.81,13.08,13.03,12.51,125009776.0,1630720000.0
2015-05-07,13.58,13.83,12.69,12.68,155023568.0,2066439808.0
2015-05-06,14.63,14.85,13.88,13.54,208224288.0,3006466560.0
2015-05-05,14.58,15.45,14.56,14.38,349146816.0,5346850816.0
2015-05-04,13.89,14.26,14.04,13.59,120584504.0,1710098944.0
2015-04-30,14.08,14.26,13.88,13.87,108156672.0,1536534144.0
2015-04-29,13.94,14.34,14.08,13.67,137895664.0,1952603136.0
2015-04-28,15.08,15.27,14.11,13.97,277714016.0,4111943168.0
2015-04-27,14.69,15.76,15.46,14.56,308316512.0,4785509888.0
2015-04-24,14.59,15.07,14.62,14.40,212452720.0,3169337856.0
2015-04-23,15.39,15.86,15.18,15.05,203395200.0,3172771072.0
2015-04-22,15.16,15.97,15.38,15.07,214463072.0,3378667264.0
2015-04-21,14.85,15.44,15.15,14.50,220861360.0,3336747008.0
2015-04-20,15.43,16.02,15.05,14.65,478890944.0,7505872384.0
2015-04-17,13.95,15.07,15.07,13.77,276441504.0,4083809280.0
2015-04-16,12.91,13.97,13.70,12.69,233583584.0,3193220864.0
2015-04-15,13.44,13.59,12.82,12.70,174861040.0,2328074496.0
2015-04-14,12.93,13.98,13.40,12.80,214536000.0,2921442048.0
2015-04-13,12.84,13.13,12.96,12.66,161741376.0,2126684416.0
2015-04-10,12.57,12.87,12.70,12.51,133808320.0,1726736640.0
2015-04-09,13.05,13.05,12.58,12.30,186249648.0,2394913024.0
2015-04-08,12.73,13.31,13.19,12.63,244574368.0,3241458688.0
2015-04-07,12.60,12.87,12.66,12.54,161006688.0,2073177984.0
2015-04-03,12.42,12.57,12.41,12.28,142249824.0,1789113600.0
2015-04-02,12.76,12.84,12.56,12.37,159786080.0,2037273728.0
2015-04-01,12.57,12.89,12.65,12.37,179796544.0,2307012608.0
2015-03-31,13.49,13.57,12.53,12.46,300094144.0,3899608320.0
2015-03-30,12.00,13.04,13.04,11.83,202050688.0,2568389120.0
2015-03-27,12.16,12.49,11.86,11.75,339222144.0,4161136640.0
2015-03-26,10.58,11.68,11.68,10.49,262200912.0,2978695680.0
2015-03-25,10.16,10.72,10.62,10.07,179596016.0,1894861824.0
2015-03-24,10.40,10.44,10.16,9.98,132144360.0,1365634560.0
2015-03-23,10.27,10.47,10.39,10.27,105752608.0,1113635328.0
2015-03-20,10.22,10.30,10.22,10.14,90251432.0,936073792.0
2015-03-19,10.15,10.53,10.26,10.10,140128704.0,1470115968.0
2015-03-18,10.02,10.18,10.17,9.95,123828384.0,1265802112.0
2015-03-17,9.92,10.03,10.02,9.85,132985544.0,1340345344.0
2015-03-16,9.84,9.93,9.90,9.77,108373224.0,1085415808.0
2015-03-13,9.84,9.89,9.76,9.69,76500576.0,759223872.0
2015-03-12,9.53,9.80,9.79,9.46,109902544.0,1077937024.0
2015-03-11,9.49,9.58,9.46,9.42,48051012.0,463928480.0
2015-03-10,9.54,9.61,9.52,9.46,63660940.0,616660480.0
2015-03-09,9.30,9.57,9.55,9.25,86642320.0,831704960.0
2015-03-06,9.28,9.37,9.30,9.23,41331008.0,390409024.0
2015-03-05,9.40,9.42,9.27,9.16,58092456.0,547540032.0
2015-03-04,9.31,9.48,9.42,9.28,54183628.0,517790048.0
2015-03-03,9.53,9.53,9.33,9.32,73411368.0,701684736.0
2015-03-02,9.60,9.61,9.56,9.44,64805248.0,627050240.0
2015-02-27,9.50,9.63,9.54,9.46,74178456.0,718504896.0
2015-02-26,9.29,9.57,9.55,9.19,74716912.0,714365824.0
2015-02-25,9.37,9.46,9.31,9.29,65404008.0,623426752.0
2015-02-17,9.26,9.33,9.32,9.20,48173440.0,452919680.0
2015-02-16,9.19,9.25,9.24,9.14,40415516.0,377603968.0
2015-02-13,9.12,9.27,9.21,9.07,56557296.0,527766816.0
2015-02-12,9.04,9.10,9.05,8.88,38926376.0,355425472.0
2015-02-11,9.04,9.11,9.04,8.98,35364328.0,324366944.0
2015-02-10,8.98,9.11,9.04,8.94,35587360.0,326109472.0
2015-02-09,8.86,9.01,8.94,8.81,33169720.0,301270688.0
2015-02-06,9.17,9.23,8.89,8.86,65033020.0,593468288.0
2015-02-05,9.53,9.56,9.16,9.15,80401032.0,760855360.0
2015-02-04,9.53,9.68,9.43,9.42,75669024.0,735358656.0
2015-02-03,9.50,9.54,9.45,9.28,52903660.0,506418336.0
2015-02-02,9.34,9.53,9.36,9.31,48725688.0,466610944.0
2015-01-30,9.40,9.55,9.37,9.36,43233436.0,415105856.0
2015-01-29,9.42,9.50,9.37,9.29,54263688.0,517270592.0
2015-01-28,9.71,9.71,9.54,9.53,51392004.0,500724416.0
2015-01-27,9.70,9.78,9.73,9.54,74414096.0,730695104.0
2015-01-26,9.53,9.68,9.68,9.46,59519632.0,578013376.0
2015-01-23,9.69,9.75,9.56,9.48,79860128.0,781356608.0
2015-01-22,9.57,9.80,9.68,9.49,95952912.0,938187520.0
2015-01-21,9.24,9.59,9.55,9.14,113656200.0,1085710720.0
2015-01-20,9.10,9.38,9.28,9.10,90785984.0,852730240.0
2015-01-19,9.70,9.84,9.13,9.12,150586160.0,1444429184.0
2015-01-16,10.19,10.24,10.13,10.03,81539512.0,840405568.0
2015-01-15,10.06,10.24,10.22,9.97,83173032.0,853657856.0
2015-01-14,9.91,10.03,9.92,9.80,52652908.0,530079776.0
2015-01-13,9.83,10.06,9.85,9.80,69424432.0,699767104.0
2015-01-12,10.12,10.20,9.91,9.81,116572672.0,1181779072.0
2015-01-09,10.39,10.80,10.28,10.22,189906416.0,2015839488.0
2015-01-08,10.48,10.60,10.11,10.08,134854944.0,1409279616.0
2015-01-07,10.40,10.59,10.50,10.26,134595136.0,1424945664.0
2015-01-06,10.72,10.82,10.60,10.35,158112160.0,1702996480.0
2015-01-05,10.41,11.14,10.93,10.25,225168736.0,2464717568.0
2014-12-31,10.27,10.53,10.37,10.02,140696224.0,1472228864.0
2014-12-30,10.41,10.67,10.23,10.13,153157792.0,1607724928.0
2014-12-29,10.81,11.13,10.55,10.34,222428112.0,2442693888.0
2014-12-26,10.76,10.85,10.72,10.53,200694064.0,2180151040.0
2014-12-25,10.48,11.10,10.84,10.41,299960416.0,3280024832.0
2014-12-24,9.89,10.72,10.52,9.67,280542080.0,2926308352.0
2014-12-23,10.24,10.43,9.81,9.75,203642528.0,2083252736.0
2014-12-22,10.44,11.03,10.52,10.05,374429824.0,3989289216.0
2014-12-19,9.91,10.62,10.29,9.73,479221216.0,4962097664.0
2014-12-18,8.80,9.65,9.65,8.76,253939568.0,2359730944.0
2014-12-17,9.01,9.01,8.77,8.64,131646496.0,1179467904.0
2014-12-16,8.89,9.16,9.00,8.77,173072176.0,1577619968.0
2014-12-15,8.67,8.94,8.92,8.47,139435872.0,1227747712.0
2014-12-12,8.81,8.98,8.76,8.67,112420816.0,1004575808.0
2014-12-11,8.81,9.04,8.86,8.64,159731056.0,1434053120.0
2014-12-10,8.47,8.99,8.92,8.37,180034400.0,1590492672.0
2014-12-09,8.54,9.22,8.48,8.32,295391136.0,2659384832.0
2014-12-08,8.33,8.72,8.63,8.20,211717408.0,1842787200.0
2014-12-05,8.66,8.77,8.36,8.13,266875248.0,2294949376.0
2014-12-04,8.23,8.92,8.71,8.14,312420320.0,2691851008.0
2014-12-03,7.93,8.24,8.21,7.88,244382816.0,2006095360.0
2014-12-02,7.83,7.95,7.93,7.79,124269232.0,994971648.0
2014-12-01,7.78,7.93,7.78,7.73,127236264.0,1011759360.0
2014-11-28,7.88,7.88,7.84,7.70,159263584.0,1259650816.0
2014-11-27,8.03,8.12,8.00,7.94,86657072.0,704790656.0
2014-11-26,8.00,8.05,8.03,7.87,91612632.0,739254720.0
2014-11-25,7.81,8.00,7.99,7.79,86121728.0,690643840.0
2014-11-24,7.86,7.88,7.82,7.75,73158920.0,580935744.0
2014-11-21,7.70,7.74,7.74,7.64,47158388.0,368674016.0
2014-11-20,7.64,7.70,7.64,7.59,33054548.0,256577392.0
2014-11-19,7.63,7.69,7.63,7.59,33356796.0,258442816.0
2014-11-18,7.77,7.77,7.64,7.60,64402180.0,501642880.0
2014-11-17,7.90,7.95,7.80,7.78,47683408.0,380628064.0
2014-11-14,7.90,7.93,7.84,7.77,55246120.0,439480928.0
2014-11-13,8.04,8.12,7.99,7.93,75668104.0,615601408.0
2014-11-12,7.87,8.11,8.08,7.79,89112416.0,721567936.0
2014-11-11,7.99,8.05,7.86,7.78,93950248.0,756900160.0
2014-11-10,7.74,7.99,7.99,7.70,78653536.0,627692288.0
2014-11-07,7.77,7.85,7.71,7.68,51598688.0,407275488.0
2014-11-06,7.83,7.89,7.78,7.66,62593880.0,493395488.0
2014-11-05,8.10,8.14,7.88,7.86,92637344.0,747814336.0
2014-11-04,7.89,8.12,8.07,7.83,108429800.0,882696512.0
2014-11-03,7.83,7.98,7.92,7.77,83005112.0,665524416.0
2014-10-31,7.78,7.83,7.81,7.67,75975664.0,598359040.0
2014-10-30,7.78,7.78,7.73,7.64,82351552.0,644548288.0
2014-10-29,7.74,7.81,7.80,7.63,51562612.0,404837600.0
2014-10-28,7.63,7.72,7.71,7.61,35392004.0,275808416.0
2014-10-27,7.49,7.67,7.62,7.46,29919464.0,230413072.0
2014-10-24,7.46,7.55,7.50,7.46,21039158.0,160037952.0
2014-10-23,7.59,7.62,7.46,7.41,39529756.0,300727776.0
2014-10-22,7.64,7.69,7.62,7.59,30058360.0,232749216.0
2014-10-21,7.76,7.79,7.61,7.59,52839636.0,411614912.0
2014-10-20,7.79,7.86,7.81,7.70,40457896.0,318927584.0
2014-10-17,7.94,7.95,7.78,7.72,58900840.0,466507232.0
2014-10-16,8.03,8.10,7.95,7.95,58321872.0,473389152.0
2014-10-15,8.07,8.12,8.09,7.99,35313048.0,288459392.0
2014-10-14,8.21,8.22,8.09,8.03,49899752.0,411861664.0
2014-10-13,8.28,8.32,8.22,8.16,65873784.0,549624320.0
2014-10-10,8.09,8.23,8.15,8.06,62363040.0,515888928.0
2014-10-09,8.15,8.17,8.11,8.04,45690396.0,375425504.0
2014-10-08,8.04,8.17,8.16,8.03,48542464.0,398536448.0
2014-09-30,8.04,8.07,8.04,8.00,34297684.0,279444352.0
2014-09-29,8.04,8.12,8.04,8.01,44582072.0,363592448.0
2014-09-26,8.05,8.12,8.03,7.98,36051708.0,293204256.0
2014-09-25,8.18,8.22,8.09,8.07,40860424.0,337268352.0
2014-09-24,8.01,8.17,8.16,8.00,43826008.0,359903968.0
2014-09-23,8.00,8.07,8.06,7.94,36835260.0,298681856.0
2014-09-22,8.10,8.19,7.97,7.96,41423176.0,338930752.0
2014-09-19,8.19,8.24,8.14,8.02,44984344.0,370425280.0
2014-09-18,8.27,8.35,8.21,8.15,40111080.0,334233888.0
2014-09-17,8.16,8.37,8.26,8.11,53495408.0,446708576.0
2014-09-16,8.34,8.57,8.14,8.12,92519976.0,784806080.0
2014-09-15,8.17,8.28,8.25,8.13,65886324.0,549019328.0
2014-09-12,8.07,8.34,8.18,8.01,109573504.0,911249280.0
2014-09-11,8.00,8.09,7.97,7.93,57967856.0,470658336.0
2014-09-10,8.14,8.15,8.03,7.95,51152236.0,416459968.0
2014-09-09,8.19,8.20,8.14,8.08,37758696.0,311129376.0
2014-09-05,8.03,8.21,8.17,8.02,89971224.0,742280384.0
2014-09-04,8.09,8.11,8.03,7.96,67097840.0,544948480.0
2014-09-03,8.01,8.21,8.09,7.99,75004528.0,615973440.0
2014-09-02,8.07,8.09,8.03,7.94,69697912.0,565655488.0
2014-09-01,8.26,8.32,8.04,7.96,100630024.0,824963456.0
2014-08-29,7.81,7.99,7.89,7.80,43546260.0,348652768.0
2014-08-28,7.81,8.01,7.81,7.79,63849640.0,512273376.0
2014-08-27,7.68,7.89,7.86,7.63,80360024.0,634756352.0
2014-08-26,7.73,7.77,7.65,7.58,40818476.0,316761024.0
2014-08-25,7.52,7.84,7.74,7.50,104523448.0,815275264.0
2014-08-22,7.46,7.48,7.47,7.43,23370974.0,176654368.0
2014-08-21,7.54,7.56,7.46,7.42,24425512.0,185239568.0
2014-08-20,7.53,7.64,7.56,7.49,39930244.0,307296192.0
2014-08-19,7.50,7.58,7.57,7.40,53960864.0,410708736.0
2014-08-18,7.46,7.51,7.47,7.44,29483188.0,223163328.0
2014-08-15,7.41,7.48,7.45,7.39,28945372.0,218429392.0
2014-08-14,7.46,7.49,7.42,7.40,20367928.0,153632320.0
2014-08-13,7.52,7.60,7.47,7.40,35061196.0,266102368.0
2014-08-12,7.60,7.60,7.53,7.51,27082804.0,207313728.0
2014-08-11,7.51,7.60,7.59,7.46,30212038.0,231348064.0
2014-08-08,7.54,7.56,7.49,7.46,22267032.0,169230592.0
2014-08-07,7.64,7.70,7.53,7.49,41343992.0,318787520.0
2014-08-06,7.49,7.65,7.62,7.40,49719088.0,380796320.0
2014-08-05,7.48,7.55,7.49,7.40,25747746.0,194813104.0
2014-08-04,7.36,7.49,7.49,7.34,24718810.0,186530944.0
2014-08-01,7.39,7.51,7.36,7.35,37336248.0,281771904.0
2014-07-31,7.45,7.49,7.43,7.34,34782492.0,260820848.0
2014-07-30,7.38,7.63,7.42,7.38,61473488.0,469018688.0
2014-07-29,7.40,7.45,7.41,7.36,30946146.0,232250112.0
2014-07-28,7.31,7.46,7.39,7.28,52333900.0,391673056.0
2014-07-25,7.20,7.29,7.28,7.16,29296876.0,214748528.0
2014-07-24,7.09,7.20,7.18,7.04,26096344.0,188710016.0
2014-07-23,7.05,7.14,7.09,7.05,18373498.0,132108784.0
2014-07-22,7.02,7.11,7.05,7.01,15201148.0,108898512.0
2014-07-21,7.15,7.16,7.02,6.99,19561216.0,139951168.0
2014-07-18,7.15,7.21,7.16,7.13,12081546.0,87865856.0
2014-07-17,7.24,7.26,7.18,7.10,16748588.0,121897608.0
2014-07-16,7.21,7.24,7.19,7.17,15325423.0,111841528.0
2014-07-15,7.30,7.31,7.21,7.18,21171798.0,155091632.0
2014-07-14,7.26,7.29,7.28,7.20,18603378.0,136790976.0
2014-07-11,7.17,7.25,7.25,7.14,14020745.0,102498280.0
2014-07-10,7.17,7.19,7.16,7.12,11742788.0,85186608.0
2014-07-09,7.29,7.29,7.16,7.16,23618234.0,172864672.0
2014-07-08,7.35,7.39,7.30,7.19,21832730.0,161090112.0
2014-07-07,7.36,7.44,7.36,7.32,16547708.0,123691056.0
2014-07-04,7.44,7.47,7.38,7.31,26469636.0,197377152.0
2014-07-03,7.45,7.64,7.40,7.38,63852440.0,483810688.0
2014-07-02,7.24,7.37,7.29,7.24,15964382.0,118257408.0
2014-07-01,7.29,7.32,7.25,7.24,10725626.0,79083376.0
2014-06-30,7.15,7.30,7.27,7.15,20612866.0,151502192.0
2014-06-27,7.17,7.22,7.19,7.11,11973325.0,86924672.0
2014-06-26,7.24,7.28,7.19,7.17,12087822.0,88388056.0
2014-06-25,7.15,7.24,7.21,7.12,16910810.0,123291304.0
2014-06-24,7.13,7.18,7.15,7.11,9121346.0,66112348.0
2014-06-23,7.15,7.17,7.14,7.10,11590808.0,83870384.0
2014-06-20,6.96,7.17,7.15,6.95,22190620.0,160039248.0
2014-06-19,7.04,7.09,6.96,6.94,9496199.0,67566184.0
2014-06-18,7.02,7.11,7.04,6.99,13761869.0,98305352.0
2014-06-17,7.16,7.25,7.08,7.06,33578040.0,244091568.0
2014-06-16,7.02,7.18,7.12,7.01,28223808.0,206411648.0
2014-06-13,6.90,7.02,6.99,6.87,16678034.0,119385768.0
2014-06-12,6.93,6.93,6.90,6.88,9937834.0,70492168.0
2014-06-11,6.94,6.98,6.95,6.91,7521592.0,53663048.0
2014-06-10,6.87,6.96,6.94,6.84,11073164.0,78739968.0
2014-06-09,6.86,6.93,6.86,6.83,10867880.0,76751216.0
2014-06-06,6.96,6.96,6.86,6.81,17155412.0,121129560.0
2014-06-05,6.91,6.98,6.98,6.85,13085814.0,93086744.0
2014-06-04,7.08,7.10,6.91,6.79,27247370.0,193069456.0
2014-06-03,7.15,7.22,7.12,7.08,16456579.0,120718848.0
2014-05-30,7.20,7.24,7.13,7.09,23527420.0,172826880.0
2014-05-29,7.02,7.26,7.25,6.97,52382936.0,384691424.0
2014-05-28,6.90,7.00,7.00,6.86,24623852.0,175580048.0
2014-05-27,6.95,6.95,6.89,6.86,13162431.0,93226128.0
2014-05-26,6.94,6.99,6.95,6.91,14327819.0,102273728.0
2014-05-23,6.91,6.95,6.94,6.88,10719738.0,76189904.0
2014-05-22,6.93,7.00,6.91,6.91,10377981.0,74194464.0
2014-05-21,6.87,6.93,6.92,6.83,10108583.0,71547128.0
2014-05-20,6.90,6.93,6.86,6.84,9435825.0,66718600.0
2014-05-19,6.92,6.93,6.85,6.82,11662130.0,82123864.0
2014-05-16,6.94,6.97,6.93,6.84,11897583.0,84433600.0
2014-05-15,7.15,7.16,6.94,6.91,15169989.0,109350272.0
2014-05-14,7.21,7.25,7.16,7.13,8485393.0,62602820.0
2014-05-13,7.19,7.30,7.21,7.17,14736971.0,109537840.0
2014-05-12,7.14,7.20,7.18,7.06,15673545.0,115222528.0
2014-05-09,7.05,7.21,7.05,7.00,16859020.0,122915184.0
2014-05-08,6.97,7.16,7.02,6.95,8434559.0,61088184.0
2014-05-07,7.10,7.12,6.99,6.99,9090171.0,65922620.0
2014-05-06,7.06,7.18,7.13,7.00,13957847.0,102183816.0
2014-05-05,7.06,7.06,7.06,6.97,10437840.0,75343104.0
2014-04-30,6.98,7.09,7.07,6.93,13406033.0,96681152.0
2014-04-29,6.93,7.02,7.00,6.83,16580209.0,118036552.0
2014-04-28,7.08,7.11,6.96,6.84,18650444.0,133217872.0
2014-04-25,7.23,7.26,7.09,7.05,14874502.0,108920256.0
2014-04-24,7.18,7.27,7.23,7.17,9296098.0,68899592.0
2014-04-23,7.27,7.28,7.18,7.14,17517836.0,129602704.0
2014-04-22,7.34,7.41,7.28,7.18,20554380.0,154001696.0
2014-04-21,7.48,7.51,7.35,7.34,16852136.0,128949944.0
2014-04-18,7.44,7.52,7.46,7.39,17815448.0,136524048.0
2014-04-17,7.59,7.61,7.48,7.47,18680834.0,144259360.0
2014-04-16,7.59,7.64,7.60,7.55,12322509.0,96049800.0
2014-04-15,7.68,7.74,7.63,7.62,10919895.0,86193864.0
2014-04-14,7.70,7.75,7.72,7.62,13991522.0,110310544.0
2014-04-11,7.76,7.82,7.69,7.65,19075032.0,151573472.0
2014-04-10,7.74,7.83,7.77,7.69,24937064.0,199307360.0
2014-04-09,7.75,7.84,7.71,7.66,26076960.0,207765664.0
2014-04-08,7.52,7.81,7.77,7.48,32486854.0,256881264.0
2014-04-04,7.51,7.57,7.55,7.47,12379986.0,95516536.0
2014-04-03,7.54,7.62,7.49,7.48,20254872.0,157251328.0
2014-04-02,7.57,7.57,7.54,7.49,9898001.0,76513952.0
2014-04-01,7.44,7.54,7.54,7.41,12601582.0,97382872.0
2014-03-31,7.39,7.54,7.44,7.35,12526098.0,95824768.0
2014-03-28,7.43,7.55,7.40,7.36,23238370.0,178644240.0
2014-03-27,7.58,7.58,7.46,7.44,15119544.0,116494840.0
2014-03-26,7.65,7.69,7.60,7.58,13558531.0,106097008.0
2014-03-25,7.54,7.70,7.65,7.53,25761804.0,202290432.0
2014-03-24,7.49,7.61,7.56,7.41,22464292.0,173722784.0
2014-03-21,7.31,7.52,7.49,7.29,29105324.0,221419312.0
2014-03-20,7.47,7.58,7.31,7.29,31513246.0,240481808.0
2014-03-19,7.75,7.75,7.55,7.38,40465736.0,312987104.0
2014-03-18,7.93,7.96,7.74,7.72,33010108.0,265519072.0
2014-03-17,7.68,7.94,7.93,7.66,30158180.0,241992528.0
2014-03-14,7.50,7.63,7.63,7.48,15825529.0,123177720.0
2014-03-13,7.49,7.59,7.54,7.48,15137691.0,117312288.0
2014-03-12,7.47,7.56,7.51,7.38,20701872.0,159104512.0
2014-03-11,7.39,7.48,7.47,7.34,15661867.0,119363824.0
2014-03-10,7.54,7.55,7.39,7.37,18200196.0,139459984.0
2014-03-07,7.59,7.73,7.60,7.54,20861804.0,163961024.0
2014-03-06,7.37,7.62,7.57,7.37,24616432.0,189969808.0
2014-03-05,7.83,7.83,7.57,7.55,24660180.0,194752640.0
2014-03-04,7.71,7.84,7.79,7.68,17757426.0,141768640.0
2014-03-03,7.64,7.84,7.75,7.60,29282948.0,233473664.0
2014-02-28,7.82,7.87,7.63,7.53,38662448.0,304305056.0
2014-02-27,7.94,8.11,7.82,7.77,48406700.0,394155104.0
2014-02-26,7.78,7.99,7.94,7.69,37742336.0,305219232.0
2014-02-25,7.94,8.07,7.77,7.69,40582056.0,331343872.0
2014-02-24,8.07,8.07,7.89,7.88,31944496.0,261752512.0
2014-02-21,8.21,8.30,8.14,7.98,51851136.0,432354944.0
2014-02-20,8.40,8.64,8.31,8.28,82784160.0,721844928.0
2014-02-19,8.50,8.50,8.31,8.27,49653976.0,425889824.0
2014-02-18,8.48,8.56,8.53,8.41,66810724.0,584170304.0
2014-02-17,8.46,8.49,8.46,8.33,45904760.0,397801536.0
2014-02-14,8.44,8.49,8.44,8.32,28223216.0,243315024.0
2014-02-13,8.48,8.62,8.34,8.33,42228132.0,366673952.0
2014-02-12,8.53,8.73,8.56,8.49,52215256.0,462569024.0
2014-02-11,8.52,8.61,8.53,8.37,48612832.0,424661952.0
2014-02-10,8.36,8.57,8.54,8.28,47055404.0,409072800.0
2014-02-07,8.13,8.34,8.27,8.01,25179680.0,212008288.0
2014-01-30,8.33,8.38,8.19,8.08,20922180.0,175802640.0
2014-01-29,8.24,8.40,8.36,8.19,20676924.0,177010064.0
2014-01-28,8.17,8.29,8.23,8.11,20747620.0,175069120.0
2014-01-27,8.28,8.32,8.17,8.16,25744168.0,217742816.0
2014-01-24,8.40,8.51,8.36,8.34,40878320.0,354202304.0
2014-01-23,8.32,8.46,8.40,8.22,35853352.0,307001312.0
2014-01-22,8.12,8.50,8.34,8.08,46583656.0,396747232.0
2014-01-21,7.93,8.26,8.12,7.90,37452308.0,313101120.0
2014-01-20,7.88,7.98,7.93,7.78,19919276.0,161469968.0
2014-01-17,7.97,7.97,7.93,7.78,26607064.0,215249840.0
2014-01-16,8.15,8.24,8.01,8.00,27931432.0,232967408.0
2014-01-15,8.07,8.22,8.11,8.02,32798926.0,273711168.0
2014-01-14,7.79,8.26,8.12,7.73,55101336.0,456566752.0
2014-01-13,7.98,8.18,7.79,7.71,57935168.0,475085088.0
2014-01-10,7.98,8.27,7.92,7.88,166576384.0,1387639296.0
2014-01-09,7.74,7.74,7.74,7.74,24711542.0,196703872.0
2014-01-08,7.00,7.06,7.04,6.91,23361356.0,167902672.0
2014-01-07,6.93,7.06,6.98,6.88,32159780.0,230377584.0
2014-01-06,7.16,7.16,6.99,6.92,27451822.0,197715648.0
2014-01-03,7.39,7.39,7.23,7.16,23623876.0,175852720.0
2014-01-02,7.54,7.58,7.39,7.32,28001772.0,213079600.0
2013-12-31,7.39,7.63,7.55,7.35,21260192.0,165287056.0
2013-12-30,7.48,7.51,7.44,7.37,13017453.0,99558976.0
2013-12-27,7.29,7.45,7.41,7.27,18275864.0,138949552.0
2013-12-26,7.54,7.54,7.31,7.27,18550652.0,140812944.0
2013-12-25,7.47,7.56,7.54,7.38,15503404.0,119049928.0
2013-12-24,7.41,7.50,7.48,7.36,17208296.0,131607808.0
2013-12-23,7.33,7.44,7.41,7.18,24131672.0,181750992.0
2013-12-20,7.60,7.64,7.32,7.29,27688020.0,211863184.0
2013-12-19,7.65,7.75,7.57,7.55,16717359.0,131497512.0
2013-12-18,7.59,7.76,7.63,7.59,21604586.0,170454096.0
2013-12-17,7.78,7.82,7.57,7.55,33028040.0,259239520.0
2013-12-16,7.96,7.99,7.77,7.74,37191124.0,299800832.0
2013-12-13,7.94,8.03,7.96,7.91,21416580.0,175496944.0
2013-12-12,8.03,8.10,8.02,7.92,34083332.0,280825952.0
2013-12-11,8.15,8.21,8.07,8.00,28815016.0,238976160.0
2013-12-10,8.23,8.29,8.22,8.15,29227160.0,246553024.0
2013-12-09,8.37,8.44,8.24,8.17,35640660.0,302853440.0
2013-12-06,8.47,8.48,8.37,8.33,23844976.0,205536576.0
2013-12-05,8.35,8.47,8.44,8.23,32062336.0,275383648.0
2013-12-04,8.32,8.49,8.32,8.27,53039040.0,457759104.0
2013-12-03,7.98,8.30,8.27,7.97,44397168.0,373488864.0
2013-12-02,7.98,8.27,7.97,7.88,43559952.0,359597120.0
2013-11-29,8.23,8.24,8.12,8.08,31589000.0,264568080.0
2013-11-28,8.15,8.32,8.24,8.07,38134520.0,322530560.0
2013-11-27,8.00,8.26,8.16,7.95,38080780.0,318532672.0
2013-11-26,8.17,8.29,8.00,7.94,55737212.0,461716768.0
2013-11-25,8.56,8.56,8.23,8.20,55387524.0,477914336.0
2013-11-22,8.69,8.81,8.61,8.59,46349104.0,413441824.0
2013-11-21,8.41,8.82,8.72,8.31,84854240.0,752729216.0
2013-11-20,8.46,8.53,8.45,8.31,47250376.0,407501248.0
2013-11-19,8.46,8.65,8.47,8.38,60434936.0,528614784.0
2013-11-18,8.20,8.60,8.55,8.20,88411552.0,760947968.0
2013-11-15,8.15,8.49,8.16,8.10,96588232.0,825806336.0
2013-11-14,8.32,8.38,8.18,8.05,82630816.0,693584256.0
2013-11-13,8.29,8.51,8.39,8.15,60541164.0,520076704.0
2013-11-12,8.65,8.65,8.42,8.25,80718368.0,697611456.0
2013-11-11,8.44,8.76,8.71,8.39,63991080.0,566276736.0
2013-11-08,8.91,8.99,8.61,8.54,82062472.0,733915904.0
2013-11-07,9.04,9.15,8.98,8.75,101611520.0,933657216.0
2013-11-06,8.61,9.42,9.04,8.56,172235392.0,1600107008.0
2013-11-05,8.36,8.65,8.63,8.33,89253888.0,782271616.0
2013-11-04,7.93,8.72,8.47,7.90,161466912.0,1396074112.0
2013-11-01,7.90,7.99,7.93,7.68,52979932.0,427504320.0
2013-10-31,8.05,8.05,7.93,7.82,76853496.0,626559616.0
2013-10-30,7.62,8.14,8.05,7.55,100531872.0,816569536.0
2013-10-29,7.69,7.87,7.61,7.40,56131360.0,441382976.0
2013-10-28,7.53,7.83,7.72,7.49,34272436.0,270810080.0
2013-10-25,7.69,7.78,7.49,7.41,33851500.0,263417376.0
2013-10-24,7.56,7.76,7.72,7.55,33044012.0,260902128.0
2013-10-23,7.98,8.06,7.62,7.58,52595332.0,421394528.0
2013-10-22,7.83,8.02,7.95,7.75,70680000.0,575084992.0
2013-10-21,7.54,7.85,7.82,7.53,56569664.0,451077408.0
2013-10-18,7.45,7.63,7.56,7.40,27430488.0,212738864.0
2013-10-17,7.47,7.56,7.36,7.35,18668008.0,143284720.0
2013-10-16,7.53,7.59,7.44,7.34,32973540.0,252070448.0
2013-10-15,7.78,7.79,7.62,7.57,32177608.0,252952624.0
2013-10-14,7.66,7.84,7.79,7.59,58318224.0,462571584.0
2013-10-11,7.50,7.68,7.64,7.44,46492784.0,364207456.0
2013-10-10,7.59,7.62,7.42,7.39,34104296.0,262408416.0
2013-10-09,7.37,7.71,7.67,7.30,73184232.0,571024640.0
2013-10-08,7.20,7.39,7.36,7.11,29547376.0,221873568.0
2013-09-30,7.10,7.25,7.20,7.06,19723394.0,144962640.0
2013-09-27,7.19,7.25,7.08,7.07,21752784.0,159007664.0
2013-09-26,7.15,7.31,7.17,7.08,27653156.0,204356320.0
2013-09-25,7.23,7.31,7.18,7.16,18145728.0,134681968.0
2013-09-24,7.29,7.30,7.24,7.15,20989496.0,155571216.0
2013-09-23,7.20,7.34,7.29,7.18,21213256.0,158720704.0
2013-09-18,7.13,7.23,7.21,7.08,23086038.0,170121248.0
2013-09-17,7.44,7.45,7.16,7.15,40310696.0,300499488.0
2013-09-16,7.48,7.51,7.44,7.37,22145590.0,169336544.0
2013-09-13,7.58,7.61,7.44,7.37,38246276.0,292819008.0
2013-09-12,7.63,7.73,7.59,7.54,38799520.0,303921056.0
2013-09-11,7.59,7.93,7.67,7.54,88360816.0,701603840.0
2013-09-10,7.29,7.99,7.63,7.21,106662520.0,833866880.0
2013-09-09,7.20,7.34,7.27,7.10,42891412.0,319289408.0
2013-09-06,7.15,7.20,7.17,7.10,16689423.0,122541008.0
2013-09-05,7.28,7.28,7.15,7.09,36190080.0,265775568.0
2013-09-04,7.38,7.39,7.30,7.27,20011088.0,150690416.0
2013-09-03,7.24,7.41,7.36,7.14,32424444.0,242895280.0
2013-09-02,7.13,7.23,7.19,7.05,22786764.0,167491280.0
2013-08-30,7.42,7.46,7.17,7.10,46070048.0,344744000.0
2013-08-29,7.42,7.48,7.38,7.25,35525260.0,269321792.0
2013-08-28,7.08,7.42,7.40,7.01,51023284.0,382247840.0
2013-08-27,7.13,7.17,7.13,7.00,25602264.0,186770608.0
2013-08-26,7.00,7.17,7.14,6.97,22461066.0,163953312.0
2013-08-23,7.25,7.29,6.97,6.92,43084152.0,312252000.0
2013-08-22,7.19,7.31,7.22,7.15,17947762.0,133737440.0
2013-08-21,7.20,7.26,7.21,7.13,18262684.0,135005792.0
2013-08-20,7.22,7.47,7.22,7.14,34147632.0,256466592.0
2013-08-19,7.05,7.26,7.22,7.03,23766796.0,174036512.0
2013-08-16,7.20,7.98,7.14,7.13,47913520.0,360824000.0
2013-08-15,7.45,7.54,7.26,7.20,31763056.0,239836256.0
2013-08-14,7.55,7.61,7.46,7.42,26234464.0,201992384.0
2013-08-13,7.63,7.63,7.55,7.49,20818698.0,161628320.0
2013-08-12,7.27,7.62,7.59,7.27,45441600.0,349914720.0
2013-08-09,7.29,7.38,7.26,7.21,25913320.0,193703264.0
2013-08-08,7.35,7.40,7.29,7.23,25573420.0,192353888.0
2013-08-07,7.54,7.63,7.40,7.36,26445936.0,204038096.0
2013-08-06,7.56,7.63,7.58,7.47,29658756.0,229924768.0
2013-08-05,7.47,7.59,7.58,7.43,34173036.0,263705760.0
2013-08-02,7.47,7.57,7.43,7.35,33292156.0,255516304.0
2013-08-01,7.38,7.53,7.44,7.28,49774700.0,378893024.0
2013-07-31,7.20,7.31,7.15,7.10,18926676.0,140092256.0
2013-07-30,7.05,7.33,7.17,6.96,25840980.0,190243936.0
2013-07-29,7.31,7.35,7.08,7.05,30119440.0,222447904.0
2013-07-26,7.36,7.50,7.42,7.28,22333306.0,169715296.0
2013-07-25,7.28,7.63,7.40,7.25,56156120.0,430855552.0
2013-07-24,7.27,7.34,7.28,7.12,35335028.0,263198352.0
2013-07-23,7.06,7.29,7.27,6.98,44167080.0,326916320.0
2013-07-22,6.86,7.03,6.95,6.82,23739416.0,169504832.0
2013-07-19,7.10,7.23,6.94,6.91,39786160.0,290341536.0
2013-07-18,6.96,7.07,7.03,6.92,38400664.0,276057888.0
2013-07-17,7.20,7.24,7.02,6.91,44668596.0,325089088.0
2013-07-16,7.33,7.36,7.26,7.12,34670720.0,256809088.0
2013-07-15,7.18,7.37,7.33,7.04,44031584.0,328117696.0
2013-07-12,7.25,7.34,7.14,7.06,82509216.0,610159744.0
2013-07-11,7.02,7.10,7.10,7.00,85730880.0,624454016.0
2013-07-10,6.18,6.49,6.46,6.16,29909750.0,193943072.0
2013-07-09,6.23,6.33,6.18,6.03,28536428.0,180808080.0
2013-07-08,6.61,6.61,6.28,6.26,33968236.0,225230272.0
2013-07-05,6.72,6.80,6.73,6.65,28844220.0,198862240.0
2013-07-04,6.38,6.87,6.74,6.34,51082328.0,349820064.0
2013-07-03,6.53,6.55,6.47,6.32,33397622.0,219985536.0
2013-07-02,6.50,6.61,6.56,6.40,30245460.0,202639776.0
2013-07-01,6.22,6.54,6.48,6.21,32643276.0,215421296.0
2013-06-28,6.20,6.47,6.29,6.03,40742896.0,261573616.0
2013-06-27,6.60,6.71,6.21,6.13,41667168.0,276727872.0
2013-06-26,6.53,6.65,6.57,6.42,32219990.0,216987840.0
2013-06-25,6.47,6.59,6.53,5.90,48590444.0,315395264.0
2013-06-24,6.89,6.89,6.51,6.42,27261290.0,186489568.0
2013-06-21,6.84,6.95,6.92,6.63,23101446.0,162184784.0
2013-06-20,7.00,7.09,6.92,6.87,18683990.0,134184080.0
2013-06-19,7.27,7.27,7.12,6.92,24338088.0,177104160.0
2013-06-18,7.25,7.46,7.28,7.20,25268584.0,189958672.0
2013-06-17,7.25,7.31,7.17,7.15,21132552.0,157365136.0
2013-06-14,7.20,7.31,7.23,7.15,27427498.0,204106560.0
2013-06-13,7.13,7.26,7.19,6.71,28298992.0,205479280.0
2013-06-07,7.54,7.62,7.26,7.20,35796576.0,271467808.0
2013-06-06,7.59,7.70,7.51,7.49,21830910.0,170660800.0
2013-06-05,7.57,7.70,7.61,7.51,21388540.0,167093488.0
2013-06-04,7.83,7.87,7.59,7.42,54753668.0,429636672.0
2013-06-03,7.84,8.11,7.89,7.76,41220564.0,335992096.0
2013-05-31,7.90,8.00,7.80,7.76,40403176.0,327541280.0
2013-05-30,8.02,8.14,7.93,7.90,40063856.0,329809568.0
2013-05-29,8.19,8.23,8.09,8.02,35463988.0,296443328.0
2013-05-28,8.08,8.20,8.19,7.85,59172600.0,491429504.0
2013-05-27,7.54,8.22,8.14,7.50,82690048.0,677276992.0
2013-05-24,7.50,7.58,7.54,7.38,30289356.0,232885936.0
2013-05-23,7.29,7.67,7.47,7.27,59055588.0,455062848.0
2013-05-22,7.27,7.37,7.28,7.16,25868448.0,192932512.0
2013-05-21,7.26,7.43,7.28,7.16,38498216.0,290021792.0
2013-05-20,6.96,7.31,7.25,6.96,51391264.0,378971296.0
2013-05-17,6.77,6.97,6.95,6.65,53483848.0,378535712.0
2013-05-16,6.68,6.79,6.77,6.59,26820936.0,185651488.0
2013-05-15,6.78,6.78,6.71,6.65,17584658.0,121610672.0
2013-05-14,6.68,6.85,6.75,6.65,24938800.0,173521424.0
2013-05-13,6.57,6.80,6.70,6.55,41365464.0,285419328.0
2013-05-10,6.51,6.61,6.57,6.49,14544885.0,98228448.0
2013-05-09,6.58,6.64,6.56,6.47,25223264.0,170459456.0
2013-05-08,6.37,6.59,6.58,6.37,39448568.0,265496592.0
2013-05-07,6.32,6.40,6.34,6.31,13236128.0,86907240.0
2013-05-06,6.38,6.43,6.35,6.32,26010702.0,171601552.0
2013-05-03,6.21,6.40,6.31,6.20,29468520.0,192388064.0
2013-05-02,6.14,6.23,6.21,6.03,17373188.0,109877584.0
2013-04-26,6.10,6.25,6.14,6.10,30215808.0,193139872.0
2013-04-25,6.08,6.08,6.04,5.99,14741347.0,91692136.0
2013-04-24,6.06,6.12,6.09,5.99,16835320.0,105260736.0
2013-04-23,6.25,6.25,6.03,6.02,14263759.0,89839768.0
2013-04-22,6.17,6.31,6.23,6.15,18533418.0,118997024.0
2013-04-19,6.07,6.28,6.26,6.03,24049968.0,154160032.0
2013-04-18,6.05,6.12,6.07,6.02,8075966.0,50523932.0
2013-04-17,6.06,6.14,6.06,6.03,10757808.0,67454296.0
2013-04-16,6.13,6.13,6.05,5.96,23042394.0,143403552.0
2013-04-15,6.24,6.28,6.18,6.10,15882482.0,101357800.0
2013-04-12,6.42,6.45,6.30,6.26,27130276.0,177674640.0
2013-04-11,6.23,6.35,6.34,6.16,20566292.0,132630400.0
2013-04-10,6.12,6.21,6.21,6.12,10451084.0,66562288.0
2013-04-09,6.10,6.27,6.14,6.10,21587014.0,138079664.0
2013-04-08,6.11,6.16,6.06,6.02,22860540.0,143596224.0
2013-04-03,6.27,6.33,6.21,6.20,11028912.0,71074184.0
2013-04-02,6.33,6.43,6.25,6.24,16898168.0,110222344.0
2013-04-01,6.30,6.39,6.37,6.30,11035832.0,72487760.0
2013-03-29,6.28,6.42,6.37,6.25,14866500.0,97026312.0
2013-03-28,6.36,6.43,6.27,6.26,20725152.0,135377552.0
2013-03-27,6.46,6.57,6.42,6.37,19914144.0,133004944.0
2013-03-26,6.42,6.54,6.50,6.32,27317328.0,181694224.0
2013-03-25,6.61,6.61,6.42,6.36,30691840.0,204368080.0
2013-03-22,6.68,6.68,6.57,6.52,36231196.0,246534944.0
2013-03-21,6.52,6.78,6.67,6.51,61730128.0,426316736.0
2013-03-20,6.47,6.62,6.54,6.44,41660832.0,279917088.0
2013-03-19,6.55,6.62,6.48,6.40,35244012.0,235833120.0
2013-03-18,6.47,6.68,6.55,6.37,59513992.0,403654240.0
2013-03-15,6.40,6.52,6.42,6.33,30583244.0,203182560.0
2013-03-14,6.34,6.62,6.46,6.32,61409856.0,409917856.0
2013-03-13,6.13,6.69,6.38,6.07,87885584.0,582915392.0
2013-03-12,6.05,6.20,6.09,6.00,24079988.0,151476080.0
2013-03-11,6.04,6.11,6.07,6.02,9535014.0,59604704.0
2013-03-08,6.12,6.25,6.09,6.08,17645088.0,111770936.0
2013-03-07,6.08,6.19,6.10,6.03,21554048.0,136086464.0
2013-03-06,6.02,6.10,6.08,5.96,16797840.0,104731304.0
2013-03-05,5.92,6.01,6.00,5.86,12174802.0,74908824.0
2013-03-04,6.08,6.11,5.90,5.83,30216924.0,186056096.0
2013-03-01,6.08,6.13,6.11,6.02,18293620.0,114847688.0
2013-02-28,6.01,6.15,6.09,5.96,27454444.0,171466048.0
2013-02-27,5.96,6.03,5.98,5.90,18141100.0,111495104.0
2013-02-26,6.06,6.08,5.93,5.91,25643784.0,158828240.0
2013-02-25,6.07,6.14,6.09,6.03,12912517.0,80991912.0
2013-02-22,6.04,6.11,6.03,6.01,16526382.0,102994480.0
2013-02-21,6.30,6.32,6.06,5.98,37780108.0,240015904.0
2013-02-20,6.31,6.41,6.38,6.23,28421276.0,185265184.0
2013-02-19,6.51,6.51,6.31,6.24,28325802.0,185814896.0
2013-02-18,6.50,6.57,6.51,6.39,26595276.0,177690112.0
2013-02-08,6.56,6.57,6.45,6.43,26271826.0,175694144.0
2013-02-07,6.30,6.64,6.54,6.30,45977408.0,307873856.0
2013-02-06,6.30,6.44,6.31,6.28,29476378.0,193646496.0
2013-02-05,6.01,6.47,6.30,6.01,50186768.0,324394496.0
2013-02-04,6.11,6.17,6.05,6.01,25659988.0,160606400.0
2013-02-01,6.09,6.23,6.11,6.05,40892972.0,259168672.0
2013-01-31,5.89,6.16,6.10,5.88,53505252.0,334015040.0
2013-01-30,5.97,5.98,5.89,5.82,24985328.0,151560624.0
2013-01-29,6.03,6.05,5.97,5.92,25895448.0,159381360.0
2013-01-28,5.92,6.05,6.01,5.88,41894060.0,257991584.0
2013-01-25,5.78,5.90,5.90,5.77,27036940.0,163545200.0
2013-01-24,5.81,5.97,5.76,5.73,47611860.0,286666944.0
2013-01-23,5.77,6.14,5.91,5.63,116943704.0,709635968.0
2013-01-22,5.60,5.60,5.58,5.53,18785168.0,107884856.0
2013-01-21,5.59,5.63,5.60,5.52,24165696.0,139078720.0
2013-01-18,5.54,5.68,5.59,5.48,32594804.0,187928768.0
2013-01-17,5.47,5.49,5.43,5.39,19636942.0,110062992.0
2013-01-16,5.59,5.62,5.47,5.39,31106074.0,176085392.0
2013-01-15,5.55,5.63,5.60,5.52,23017394.0,132711216.0
2013-01-14,5.40,5.58,5.56,5.39,19724544.0,111935192.0
2013-01-11,5.51,5.54,5.42,5.38,18182184.0,102604232.0
2013-01-10,5.49,5.56,5.49,5.45,18763988.0,106527776.0
2013-01-09,5.59,5.63,5.52,5.46,14088083.0,80637560.0
2013-01-08,5.63,5.64,5.59,5.54,14550835.0,83902968.0
2013-01-07,5.66,5.69,5.63,5.57,12925455.0,75095584.0
2013-01-04,5.70,5.74,5.66,5.58,15698230.0,91598056.0
2012-12-31,5.61,5.70,5.69,5.53,16428718.0,95612560.0
2012-12-28,5.60,5.64,5.59,5.53,8859968.0,51075076.0
2012-12-27,5.58,5.66,5.56,5.50,13718366.0,78717504.0
2012-12-26,5.42,5.75,5.58,5.39,30254176.0,173582528.0
2012-12-25,5.33,5.44,5.41,5.28,19955688.0,110983912.0
2012-12-24,5.23,5.38,5.35,5.20,15839755.0,86812912.0
2012-12-21,5.28,5.35,5.23,5.19,9189112.0,50007424.0
2012-12-20,5.28,5.35,5.28,5.24,11307749.0,61884640.0
2012-12-19,5.23,5.30,5.26,5.23,7724470.0,41992768.0
2012-12-18,5.28,5.36,5.23,5.21,17900948.0,97368448.0
2012-12-17,5.26,5.40,5.26,5.23,26969904.0,147695952.0
2012-12-14,5.00,5.34,5.24,4.99,30738584.0,164898064.0
2012-12-13,5.05,5.05,5.00,4.99,5984390.0,30939032.0
2012-12-12,5.06,5.10,5.05,5.01,6925124.0,36020408.0
2012-12-11,5.10,5.13,5.06,5.05,7611972.0,39978084.0
2012-12-10,5.04,5.18,5.09,5.04,14931494.0,78459712.0
2012-12-07,4.94,5.02,5.01,4.90,11251402.0,57879896.0
2012-12-06,4.96,4.99,4.94,4.92,5315210.0,27155532.0
2012-12-05,4.84,4.99,4.96,4.80,10875643.0,55307192.0
2012-12-04,4.83,4.84,4.84,4.78,5637098.0,27999404.0
2012-12-03,4.86,4.87,4.80,4.78,4066142.0,20258706.0
2012-11-30,4.82,4.87,4.86,4.80,6071028.0,30340476.0
2012-11-29,4.84,4.90,4.81,4.80,6101513.0,30481944.0
2012-11-28,4.89,4.93,4.86,4.84,5773240.0,29056972.0
2012-11-27,5.00,5.02,4.89,4.86,7134216.0,36222120.0
2012-11-26,4.99,5.05,5.03,4.98,4104020.0,21237624.0
2012-11-23,5.03,5.07,5.01,4.99,4044945.0,20988376.0
2012-11-22,5.11,5.11,4.99,4.96,6713949.0,34783488.0
2012-11-21,5.08,5.11,5.11,5.05,4929955.0,25868910.0
2012-11-20,5.03,5.11,5.04,5.03,4887208.0,25580924.0
2012-11-19,5.02,5.05,5.03,4.99,3803790.0,19686760.0
2012-11-16,5.02,5.06,5.05,4.97,5412245.0,27910920.0
2012-11-15,5.11,5.11,5.02,5.02,5251007.0,27355736.0
2012-11-14,5.14,5.16,5.11,5.07,5118302.0,26944642.0
2012-11-13,5.24,5.27,5.14,5.13,6539965.0,34978584.0
2012-11-12,5.23,5.27,5.26,5.19,5753961.0,31060516.0
2012-11-09,5.24,5.27,5.22,5.20,6623823.0,35713208.0
2012-11-08,5.32,5.33,5.24,5.23,7492147.0,40770892.0
2012-11-07,5.30,5.38,5.36,5.29,9757679.0,53720712.0
2012-11-06,5.34,5.36,5.29,5.25,10629630.0,58225192.0
2012-11-05,5.26,5.36,5.34,5.23,12020663.0,65872364.0
2012-11-02,5.28,5.29,5.27,5.20,9060743.0,49067456.0
2012-11-01,5.26,5.32,5.27,5.22,13673936.0,74510384.0
2012-10-31,5.27,5.28,5.23,5.21,6172859.0,33315836.0
2012-10-30,5.30,5.32,5.28,5.21,15360983.0,83442656.0
2012-10-22,5.34,5.37,5.36,5.31,5323682.0,29332576.0
2012-10-19,5.37,5.40,5.38,5.34,8247458.0,45731412.0
2012-10-18,5.32,5.37,5.36,5.30,11814677.0,65092848.0
2012-10-17,5.39,5.39,5.30,5.28,10158361.0,55679164.0
2012-10-16,5.35,5.42,5.36,5.29,8425261.0,46466696.0
2012-10-15,5.38,5.38,5.33,5.29,5916992.0,32468036.0
2012-10-12,5.41,5.44,5.36,5.34,8123456.0,45022156.0
2012-10-11,5.42,5.42,5.39,5.36,7153953.0,39763292.0
2012-10-10,5.43,5.43,5.42,5.38,8272074.0,46184232.0
2012-10-09,5.37,5.45,5.43,5.37,9466314.0,52996840.0
2012-10-08,5.36,5.39,5.35,5.32,5277801.0,29122412.0
2012-09-28,5.26,5.38,5.36,5.25,9416925.0,51902528.0
2012-09-27,5.23,5.37,5.28,5.22,11532720.0,63081208.0
2012-09-26,5.30,5.33,5.21,5.19,6044984.0,32776472.0
2012-09-25,5.30,5.35,5.31,5.28,5504099.0,30165964.0
2012-09-24,5.37,5.38,5.30,5.30,10774537.0,59244528.0
2012-09-21,5.38,5.41,5.38,5.32,10596907.0,58634504.0
2012-09-20,5.49,5.51,5.39,5.38,12165006.0,68510024.0
2012-09-19,5.56,5.63,5.54,5.50,15383853.0,88220944.0
2012-09-18,5.48,5.66,5.55,5.43,12826116.0,73701640.0
2012-09-17,5.62,5.64,5.49,5.44,7536354.0,43169396.0
2012-09-14,5.62,5.68,5.64,5.60,9612677.0,55927680.0
2012-09-13,5.66,5.70,5.60,5.59,7471967.0,43522924.0
2012-09-12,5.67,5.73,5.69,5.63,9780680.0,57297448.0
2012-09-11,5.67,5.74,5.63,5.61,10379369.0,60536584.0
2012-09-10,5.66,5.75,5.69,5.62,13959916.0,81814992.0
2012-09-07,5.49,5.70,5.66,5.47,21839076.0,126701184.0
2012-09-06,5.39,5.47,5.46,5.39,5559849.0,31222980.0
2012-09-05,5.37,5.42,5.39,5.31,5654019.0,31341260.0
2012-09-04,5.43,5.47,5.38,5.37,6411252.0,35870944.0
2012-09-03,5.41,5.53,5.45,5.38,8145959.0,45761696.0
2012-08-31,5.41,5.47,5.42,5.38,9648816.0,54025132.0
2012-08-30,5.38,5.44,5.35,5.29,10907636.0,60302328.0
2012-08-29,5.52,5.57,5.42,5.38,8672646.0,48771324.0
2012-08-28,5.49,5.58,5.51,5.47,9045918.0,51553084.0
2012-08-27,5.39,5.69,5.53,5.37,15269896.0,86744488.0
2012-08-24,5.47,5.47,5.43,5.38,9759325.0,54610824.0
2012-08-23,5.52,5.56,5.48,5.43,7635980.0,43297864.0
2012-08-22,5.52,5.56,5.53,5.49,6609854.0,37696252.0
2012-08-21,5.52,5.60,5.51,5.48,11005532.0,62861592.0
2012-08-20,5.47,5.54,5.51,5.42,7703611.0,43612432.0
2012-08-17,5.52,5.58,5.52,5.47,7748717.0,44165076.0
2012-08-16,5.58,5.63,5.50,5.47,11801057.0,67614216.0
2012-08-15,5.82,5.82,5.63,5.60,16169047.0,94741056.0
2012-08-14,5.72,5.85,5.81,5.64,19867310.0,118229328.0
2012-08-13,5.80,5.81,5.70,5.68,10369768.0,61469232.0
2012-08-10,5.81,5.90,5.81,5.79,13102402.0,79059232.0
2012-08-09,5.70,5.81,5.80,5.67,10541460.0,62489964.0
2012-08-08,5.80,5.82,5.69,5.65,12978334.0,76632336.0
2012-08-07,5.81,5.87,5.80,5.77,9490378.0,56944400.0
2012-08-06,5.73,5.83,5.81,5.69,12292928.0,73134560.0
2012-08-03,5.68,5.74,5.73,5.68,12398509.0,73254624.0
2012-08-02,5.72,5.76,5.67,5.66,5639611.0,33159108.0
2012-08-01,5.66,5.78,5.72,5.65,7849652.0,46414400.0
2012-07-31,5.64,5.72,5.67,5.64,5798234.0,33958484.0
2012-07-30,5.67,5.73,5.69,5.63,9102329.0,53361408.0
2012-07-27,5.72,5.80,5.67,5.62,23992744.0,140829248.0
2012-07-26,5.88,5.92,5.80,5.79,17686472.0,106834952.0
2012-07-25,5.99,6.04,5.90,5.89,17620892.0,108501576.0
2012-07-24,5.89,6.07,6.01,5.88,28397280.0,176075024.0
2012-07-23,5.82,6.00,5.92,5.74,13862762.0,84439624.0
2012-07-20,5.90,6.01,5.88,5.87,15042490.0,92147696.0
2012-07-19,5.93,6.00,5.94,5.87,18201000.0,111710648.0
2012-07-18,5.79,5.96,5.92,5.77,16361196.0,99594456.0
2012-07-17,5.69,5.85,5.83,5.68,12255391.0,73364064.0
2012-07-16,5.89,5.92,5.71,5.68,19658262.0,117575480.0
2012-07-13,5.95,6.04,5.89,5.86,15570243.0,95419008.0
2012-07-12,5.92,6.01,5.96,5.84,19459956.0,119223608.0
2012-07-11,5.94,6.09,5.97,5.86,26937548.0,166613664.0
2012-07-10,5.86,6.05,5.96,5.83,35189912.0,216318784.0
2012-07-09,5.91,5.99,5.89,5.86,28657550.0,174951360.0
2012-07-06,5.79,5.94,5.93,5.72,22649022.0,136843312.0
2012-07-05,5.78,5.92,5.77,5.72,19771978.0,118482816.0
2012-07-04,5.87,5.95,5.80,5.72,24928828.0,149535984.0
2012-07-03,5.91,6.04,5.89,5.86,33652280.0,206995024.0
2012-07-02,5.91,5.96,5.87,5.82,21206156.0,128770672.0
2012-06-29,5.59,5.94,5.90,5.58,44310644.0,266003696.0
2012-06-28,5.72,5.81,5.65,5.59,39001696.0,229046432.0
2012-06-27,5.46,5.92,5.78,5.40,83308824.0,499310400.0
2012-06-26,5.22,5.42,5.38,5.21,14668146.0,81354536.0
2012-06-25,5.48,5.49,5.23,5.22,21074492.0,115996736.0
2012-06-21,5.61,5.61,5.48,5.47,8457474.0,48124752.0
2012-06-20,5.66,5.68,5.61,5.60,5771421.0,33534012.0
2012-06-19,5.66,5.68,5.64,5.59,8914979.0,51864160.0
2012-06-18,5.59,5.68,5.66,5.59,15640071.0,91167832.0
2012-06-15,5.56,5.61,5.58,5.53,6423618.0,36910096.0
2012-06-14,5.58,5.61,5.53,5.53,6811843.0,39163300.0
2012-06-13,5.53,5.63,5.60,5.52,12757065.0,73419624.0
2012-06-12,5.57,5.58,5.52,5.49,5810245.0,33132534.0
2012-06-11,5.52,5.64,5.59,5.48,10618192.0,61001488.0
2012-06-08,5.58,5.59,5.51,5.47,9432638.0,53889816.0
2012-06-07,5.54,5.60,5.53,5.48,8797649.0,50424736.0
2012-06-06,5.68,5.70,5.50,5.46,13709933.0,78621032.0
2012-06-05,5.66,5.77,5.66,5.62,12899411.0,75722856.0
2012-06-04,5.74,5.76,5.62,5.58,17303704.0,102146368.0
2012-06-01,5.93,5.97,5.82,5.79,14365749.0,87469896.0
2012-05-31,5.95,6.00,5.93,5.91,10599563.0,65494320.0
2012-05-30,5.98,6.03,5.99,5.92,15530108.0,96627696.0
2012-05-29,5.87,6.04,5.99,5.85,24557634.0,152289040.0
2012-05-28,5.82,5.89,5.88,5.73,12018897.0,72506512.0
2012-05-25,5.85,5.90,5.83,5.78,15466409.0,93561800.0
2012-05-24,5.90,5.97,5.87,5.85,11525457.0,70724528.0
2012-05-23,5.91,5.96,5.94,5.85,15147060.0,92901640.0
2012-05-22,5.93,5.95,5.93,5.87,11111396.0,68274072.0
2012-05-21,5.83,5.94,5.92,5.83,16576361.0,101359744.0
2012-05-18,5.79,5.90,5.83,5.75,22966628.0,139081264.0
2012-05-17,5.73,5.82,5.80,5.69,13327547.0,79752704.0
2012-05-16,5.81,5.91,5.72,5.71,14985010.0,90428720.0
2012-05-15,5.70,5.84,5.83,5.70,20418556.0,122292904.0
2012-05-14,5.86,5.90,5.78,5.76,42295520.0,255697088.0
2012-05-10,6.05,6.10,5.96,5.91,31113486.0,194017536.0
2012-05-09,5.91,6.21,5.99,5.83,66548344.0,418776800.0
2012-05-08,5.97,6.10,5.95,5.90,46933208.0,291954752.0
2012-05-07,5.91,5.95,5.94,5.80,27468848.0,167788768.0
2012-05-04,5.91,5.97,5.96,5.84,32023156.0,197047440.0
2012-05-03,5.81,6.02,5.92,5.81,34010812.0,209714224.0
2012-05-02,5.86,5.87,5.86,5.74,29516876.0,178587984.0
2012-04-27,5.66,5.91,5.76,5.62,44309620.0,267179104.0
2012-04-26,5.62,5.76,5.66,5.57,29806298.0,175607120.0
2012-04-25,5.35,5.62,5.61,5.32,33959696.0,195318992.0
2012-04-24,5.45,5.54,5.40,5.31,21214432.0,119121528.0
2012-04-23,5.58,5.60,5.48,5.45,14927592.0,85852896.0
2012-04-20,5.55,5.60,5.58,5.51,16994812.0,98299296.0
2012-04-19,5.54,5.59,5.55,5.51,14586109.0,84044128.0
2012-04-18,5.45,5.57,5.55,5.44,21377312.0,122392016.0
2012-04-17,5.48,5.50,5.42,5.41,12628895.0,71335104.0
2012-04-16,5.44,5.49,5.48,5.43,9371335.0,53163936.0
2012-04-13,5.48,5.54,5.49,5.45,16895148.0,96307032.0
2012-04-12,5.39,5.47,5.47,5.37,16270376.0,91954328.0
2012-04-11,5.39,5.46,5.41,5.36,9583885.0,53819936.0
2012-04-10,5.32,5.46,5.46,5.29,14742994.0,81983248.0
2012-04-09,5.39,5.42,5.34,5.33,10390713.0,58004104.0
2012-04-06,5.39,5.42,5.40,5.33,11025192.0,61653172.0
2012-04-05,5.31,5.43,5.42,5.30,16347699.0,91323792.0
2012-03-30,5.32,5.40,5.35,5.25,19234128.0,106489680.0
2012-03-29,5.29,5.31,5.20,5.19,15053299.0,81920656.0
2012-03-28,5.42,5.44,5.31,5.28,19613354.0,108755760.0
2012-03-27,5.55,5.58,5.44,5.42,17636392.0,100360448.0
2012-03-26,5.62,5.63,5.52,5.49,14073398.0,81308736.0
2012-03-23,5.72,5.72,5.62,5.58,24804004.0,145111568.0
2012-03-22,5.89,5.96,5.77,5.73,29551524.0,178006672.0
2012-03-21,5.82,5.84,5.75,5.65,26328738.0,156503936.0
2012-03-20,5.85,6.02,5.78,5.75,54448408.0,333012736.0
2012-03-19,5.84,5.84,5.78,5.69,25799784.0,154069184.0
2012-03-16,5.69,5.85,5.84,5.68,24902144.0,149074880.0
2012-03-15,5.77,5.84,5.70,5.67,25106172.0,149631472.0
2012-03-14,6.07,6.09,5.78,5.73,49772612.0,306020064.0
2012-03-13,5.97,6.07,6.03,5.89,44697540.0,278206080.0
2012-03-12,5.87,5.95,5.94,5.84,26442952.0,161887136.0
2012-03-09,5.85,5.88,5.87,5.80,16019068.0,97131568.0
2012-03-08,5.75,5.86,5.83,5.71,17686792.0,106554728.0
2012-03-07,5.71,5.82,5.71,5.67,20192980.0,120554256.0
2012-03-06,5.85,5.86,5.76,5.75,21448180.0,129013400.0
2012-03-05,5.97,5.99,5.85,5.84,27307392.0,167534416.0
2012-03-02,5.90,6.06,5.97,5.90,33249344.0,206431968.0
2012-03-01,5.83,5.92,5.85,5.81,19334872.0,117609120.0
2012-02-29,5.89,5.91,5.84,5.82,21356672.0,129866320.0
2012-02-28,5.91,5.95,5.92,5.85,34813256.0,213244464.0
2012-02-27,5.98,6.14,5.94,5.93,68094256.0,426948704.0
2012-02-24,5.72,6.10,5.97,5.72,86347600.0,529081152.0
2012-02-23,5.67,5.82,5.73,5.65,48301540.0,287892320.0
2012-02-22,5.66,5.69,5.67,5.59,33260000.0,195273264.0
2012-02-21,5.58,5.64,5.63,5.51,20994400.0,121563648.0
2012-02-20,5.67,5.72,5.58,5.58,26437370.0,154991568.0
2012-02-17,5.72,5.72,5.59,5.57,21896576.0,127687560.0
2012-02-16,5.64,5.74,5.67,5.59,33724620.0,198409312.0
2012-02-15,5.59,5.66,5.65,5.52,33588272.0,195499664.0
2012-02-14,5.61,5.83,5.61,5.58,59929096.0,353946080.0
2012-02-13,5.46,5.58,5.56,5.43,35620664.0,204752960.0
2012-02-10,5.51,5.57,5.49,5.46,28500192.0,163024768.0
2012-02-09,5.47,5.58,5.51,5.43,41267748.0,235986336.0
2012-02-08,5.37,5.58,5.47,5.37,36119512.0,205102128.0
2012-02-07,5.42,5.53,5.36,5.35,34010036.0,192602096.0
2012-02-06,5.41,5.51,5.47,5.34,41634536.0,235207904.0
2012-02-03,5.30,5.44,5.42,5.25,35820128.0,198984448.0
2012-02-02,5.36,5.39,5.33,5.20,32365856.0,177743392.0
2012-02-01,5.48,5.53,5.34,5.33,19958204.0,112547448.0
2012-01-31,5.50,5.53,5.50,5.40,14504915.0,82406864.0
2012-01-30,5.51,5.64,5.54,5.44,29760496.0,171666272.0
2012-01-20,5.54,5.56,5.48,5.44,27634580.0,157437408.0
2012-01-19,5.50,5.57,5.50,5.39,29620278.0,168689536.0
2012-01-18,5.60,5.63,5.53,5.47,32546752.0,187183568.0
2012-01-17,5.32,5.64,5.60,5.28,32082728.0,183258688.0
2012-01-16,5.38,5.47,5.33,5.32,15237139.0,85223424.0
2012-01-13,5.45,5.57,5.42,5.32,22719996.0,128568264.0
2012-01-12,5.52,5.62,5.45,5.43,28373448.0,161972528.0
2012-01-11,5.65,5.66,5.57,5.54,31468284.0,182650512.0
2012-01-10,5.59,5.75,5.66,5.53,42984760.0,251507472.0
2012-01-09,5.43,5.60,5.58,5.36,33793728.0,194064608.0
2012-01-06,5.36,5.48,5.42,5.12,23614920.0,130712464.0
2012-01-05,5.27,5.52,5.37,5.21,27782232.0,155788960.0
2012-01-04,5.39,5.78,5.31,5.30,31733914.0,180684624.0
2011-12-30,5.31,5.38,5.30,5.27,14483668.0,79937152.0
2011-12-29,5.25,5.42,5.28,5.21,24873636.0,137452720.0
2011-12-28,4.99,5.51,5.30,4.95,34361776.0,185600512.0
2011-12-27,5.02,5.06,5.01,4.95,13456249.0,69804696.0
2011-12-26,5.01,5.12,5.02,4.96,12050910.0,63025480.0
2011-12-23,4.93,5.14,5.07,4.93,17161804.0,89810960.0
2011-12-22,4.96,5.07,4.99,4.80,21090892.0,107873432.0
2011-12-21,5.20,5.28,5.01,4.99,17980378.0,95715656.0
2011-12-20,5.19,5.33,5.16,5.12,19600968.0,106586560.0
2011-12-19,5.12,5.24,5.22,5.00,22543756.0,119473400.0
2011-12-16,5.00,5.18,5.18,4.95,19885888.0,104642152.0
2011-12-15,5.26,5.26,5.01,4.99,31648272.0,168134656.0
2011-12-14,5.41,5.55,5.34,5.28,40519888.0,228262352.0
2011-12-13,5.28,5.45,5.39,5.23,38572616.0,215237632.0
2011-12-12,5.18,5.51,5.32,5.17,31340580.0,174095824.0
2011-12-09,5.19,5.25,5.18,5.15,9304285.0,50198860.0
2011-12-08,5.17,5.27,5.22,5.05,18015008.0,96658200.0
2011-12-07,5.16,5.23,5.19,5.14,12306487.0,66195472.0
2011-12-06,5.27,5.30,5.16,5.08,19547032.0,104885488.0
2011-12-05,5.45,5.49,5.27,5.25,15230519.0,84529592.0
2011-12-02,5.49,5.53,5.46,5.38,15224061.0,86226344.0
2011-12-01,5.66,5.71,5.55,5.54,29228496.0,170589152.0
2011-11-30,5.78,5.85,5.46,5.37,34707348.0,202312784.0
2011-11-29,5.73,5.77,5.76,5.64,18203204.0,107956336.0
2011-11-28,5.75,5.80,5.66,5.61,18920642.0,111589392.0
2011-11-25,5.88,5.95,5.75,5.75,21166572.0,128226056.0
2011-11-24,5.94,5.98,5.91,5.83,29421736.0,180204992.0
2011-11-23,6.17,6.20,6.00,5.97,23017024.0,144804544.0
2011-11-22,6.15,6.24,6.17,6.03,26138752.0,166674112.0
2011-11-21,6.07,6.22,6.21,6.03,32701796.0,208371952.0
2011-11-18,6.02,6.06,6.03,5.95,25712444.0,160353312.0
2011-11-17,6.07,6.18,6.10,6.05,28349724.0,180119840.0
2011-11-16,6.24,6.26,6.04,5.92,44796344.0,282427680.0
2011-11-14,6.21,6.29,6.23,6.13,37900504.0,244230768.0
2011-11-11,6.32,6.35,6.12,6.09,46949760.0,301738272.0
2011-11-10,6.53,6.58,6.30,6.29,62616468.0,417618784.0
2011-11-09,6.61,6.81,6.65,6.53,61938388.0,427233280.0
2011-11-08,6.72,6.85,6.60,6.59,49036192.0,341928352.0
2011-11-07,6.62,6.78,6.69,6.56,45190384.0,313653728.0
2011-11-04,6.62,6.69,6.61,6.55,41739876.0,286371328.0
2011-11-03,6.56,6.88,6.62,6.49,97830544.0,679363136.0
2011-11-02,6.36,6.60,6.59,6.30,50635568.0,339033920.0
2011-11-01,6.28,6.71,6.49,6.28,70057496.0,474317984.0
2011-10-31,6.36,6.39,6.38,6.24,40406708.0,265151360.0
2011-10-28,6.45,6.55,6.39,6.23,63378688.0,419026816.0
2011-10-27,6.46,6.53,6.31,6.24,55746416.0,368547968.0
2011-10-26,6.44,6.71,6.50,6.41,73307496.0,498204928.0
2011-10-25,6.38,6.64,6.54,6.32,74115800.0,499592064.0
2011-10-24,6.11,6.60,6.44,5.98,73395312.0,481888576.0
2011-10-21,6.20,6.38,6.08,6.07,40026984.0,257830384.0
2011-10-20,6.13,6.35,6.28,5.94,60028252.0,381718432.0
2011-10-19,6.18,6.44,6.23,6.12,61869016.0,405396928.0
2011-10-18,6.36,6.41,6.16,6.15,56971376.0,371065568.0
2011-10-17,6.55,6.61,6.44,6.36,61726124.0,413856032.0
2011-10-14,6.52,6.64,6.54,6.40,72692520.0,492635904.0
2011-10-13,6.64,6.68,6.55,6.44,131565256.0,895614272.0
2011-10-12,5.78,6.45,6.45,5.73,80032240.0,524077536.0
2011-10-11,6.07,6.16,5.86,5.79,47020380.0,290307424.0
2011-10-10,5.73,5.85,5.84,5.55,30357190.0,180405552.0
2011-09-30,5.82,5.87,5.69,5.63,40189000.0,239874128.0
2011-09-29,5.64,5.93,5.82,5.54,56188032.0,338297120.0
2011-09-28,5.68,5.88,5.71,5.64,50302896.0,301312800.0
2011-09-27,5.65,5.82,5.64,5.59,42799180.0,254154608.0
2011-09-26,5.79,5.83,5.61,5.49,57179336.0,336309632.0
2011-09-23,5.54,5.87,5.85,5.51,85007680.0,504736480.0
2011-09-22,5.75,5.82,5.65,5.63,93931216.0,557486016.0
2011-09-21,5.15,5.68,5.68,5.07,56227072.0,322534304.0
2011-09-20,5.21,5.25,5.16,5.04,20587472.0,109527616.0
2011-09-19,5.30,5.44,5.28,5.26,25282466.0,140126672.0
2011-09-16,5.19,5.35,5.23,5.18,17831648.0,97684240.0
2011-09-15,5.16,5.25,5.14,5.10,10623554.0,57081192.0
2011-09-14,5.10,5.18,5.18,5.00,10801374.0,57119332.0
2011-09-13,5.13,5.13,5.07,5.04,7749849.0,40863188.0
2011-09-09,5.17,5.34,5.20,5.13,11531379.0,62635436.0
2011-09-08,5.26,5.28,5.12,5.12,9849757.0,53125360.0
2011-09-07,5.10,5.27,5.24,5.10,12063474.0,65035844.0
2011-09-06,5.01,5.11,5.10,5.00,8765552.0,46099984.0
2011-09-05,5.07,5.17,5.04,5.03,11244375.0,59250008.0
2011-09-02,5.22,5.26,5.17,5.10,10436617.0,56002176.0
2011-09-01,5.30,5.37,5.22,5.18,15114375.0,82359848.0
2011-08-31,5.37,5.40,5.32,5.23,12703137.0,70080488.0
2011-08-30,5.57,5.60,5.37,5.36,25668792.0,145850368.0
2011-08-29,5.54,5.62,5.51,5.50,18163222.0,104691824.0
2011-08-26,5.56,5.65,5.59,5.52,24617924.0,142325312.0
2011-08-25,5.48,5.62,5.61,5.41,38018204.0,219533936.0
2011-08-24,5.38,5.63,5.47,5.35,40320116.0,230241120.0
2011-08-23,5.29,5.37,5.35,5.21,21790166.0,120227720.0
2011-08-22,5.14,5.48,5.31,5.11,37214888.0,204872176.0
2011-08-19,5.08,5.15,5.09,5.02,19729184.0,104194696.0
2011-08-18,5.40,5.41,5.23,5.20,16659143.0,91530368.0
2011-08-17,5.32,5.46,5.40,5.31,19038900.0,106690120.0
2011-08-16,5.42,5.44,5.36,5.32,27692314.0,154535088.0
2011-08-15,5.55,5.66,5.47,5.40,58525536.0,334777536.0
2011-08-12,4.93,5.40,5.40,4.90,42315580.0,230548352.0
2011-08-11,4.78,4.95,4.91,4.73,20685670.0,104277472.0
2011-08-10,5.03,5.06,4.86,4.84,25353604.0,130008376.0
2011-08-09,4.73,4.91,4.90,4.68,31505086.0,156823088.0
2011-08-05,5.25,5.25,5.20,5.15,12746528.0,68998040.0
2011-08-04,5.42,5.45,5.40,5.37,7913613.0,44408512.0
2011-08-03,5.35,5.42,5.39,5.30,8833886.0,49366424.0
2011-08-02,5.48,5.48,5.39,5.31,12633958.0,70426656.0
2011-08-01,5.51,5.54,5.49,5.45,9974367.0,56948664.0
2011-07-29,5.59,5.63,5.54,5.49,11826383.0,68164440.0
2011-07-28,5.63,5.63,5.58,5.57,13199155.0,76684648.0
2011-07-27,5.65,5.70,5.69,5.60,10473705.0,61535828.0
2011-07-26,5.59,5.66,5.64,5.59,8622771.0,50463120.0
2011-07-25,5.75,5.76,5.59,5.57,17277216.0,101510792.0
2011-07-22,5.81,5.84,5.79,5.76,13378045.0,80433904.0
2011-07-21,5.89,5.92,5.81,5.80,14309014.0,86560448.0
2011-07-20,5.98,6.02,5.91,5.87,17684152.0,108810616.0
2011-07-19,6.04,6.04,5.96,5.95,13931697.0,86537408.0
2011-07-18,6.06,6.11,6.07,6.04,17362604.0,109573568.0
2011-07-15,6.03,6.07,6.06,5.96,15592949.0,97563432.0
2011-07-14,5.98,6.11,6.05,5.97,16940508.0,106213408.0
2011-07-13,5.90,6.02,5.98,5.90,16273085.0,100881768.0
2011-07-12,6.11,6.12,5.92,5.90,27838616.0,173002256.0
2011-07-11,6.12,6.21,6.16,6.11,11679124.0,74629264.0
2011-07-08,6.19,6.23,6.17,6.11,11044954.0,70704176.0
2011-07-07,6.26,6.32,6.20,6.18,23563736.0,152505968.0
2011-07-06,6.31,6.35,6.29,6.22,21298604.0,138946016.0
2011-07-05,6.24,6.41,6.35,6.21,32406724.0,212808800.0
2011-07-04,6.11,6.27,6.25,6.11,21802208.0,140676816.0
2011-07-01,6.19,6.20,6.12,6.11,17500666.0,111719216.0
2011-06-30,6.14,6.30,6.18,6.14,26415660.0,170769936.0
2011-06-29,6.15,6.22,6.14,6.11,15349831.0,98282624.0
2011-06-28,6.24,6.31,6.17,6.11,26433624.0,169885504.0
2011-06-27,6.01,6.28,6.23,5.97,46251856.0,296487936.0
2011-06-24,5.75,6.06,5.98,5.69,33241278.0,204317792.0
2011-06-23,5.66,5.81,5.78,5.56,18895808.0,111870208.0
2011-06-22,5.82,5.85,5.68,5.66,15755585.0,93599240.0
2011-06-21,5.78,5.84,5.81,5.72,11870448.0,71174296.0
2011-06-20,5.93,5.97,5.76,5.71,14601647.0,88277064.0
2011-06-17,5.96,6.03,5.93,5.90,9130954.0,56573456.0
2011-06-16,6.04,6.05,5.96,5.94,13109723.0,81533208.0
2011-06-15,6.15,6.20,6.11,6.02,14341564.0,91027896.0
2011-06-14,6.07,6.18,6.15,6.04,17419416.0,110860336.0
2011-06-13,5.98,6.10,6.08,5.92,10439877.0,65218632.0
2011-06-10,5.98,6.04,6.01,5.93,11696389.0,72645728.0
2011-06-09,6.14,6.15,5.99,5.99,13353624.0,83932928.0
2011-06-08,6.23,6.23,6.17,6.04,17272776.0,109718088.0
2011-06-07,6.19,6.25,6.23,6.17,9483214.0,61213312.0
2011-06-03,6.14,6.28,6.23,6.11,13536130.0,87206840.0
2011-06-02,6.16,6.21,6.14,6.04,15437954.0,98306680.0
2011-06-01,6.11,6.30,6.24,6.07,18155456.0,116179040.0
2011-05-31,6.03,6.12,6.11,5.98,12003347.0,75587584.0
2011-05-30,6.01,6.08,6.00,5.96,11571080.0,72485424.0
2011-05-27,6.20,6.20,6.01,5.98,20312244.0,128408200.0
2011-05-26,6.53,6.59,6.18,6.16,32366626.0,213188736.0
2011-05-25,6.57,6.61,6.50,6.48,10893871.0,73874208.0
2011-05-24,6.52,6.59,6.55,6.45,12694416.0,85943424.0
2011-05-23,6.70,6.72,6.51,6.50,17767556.0,121475616.0
2011-05-20,6.81,6.85,6.72,6.69,14632770.0,102774272.0
2011-05-19,6.93,6.96,6.82,6.81,12606031.0,89866912.0
2011-05-18,6.90,6.97,6.91,6.86,14176159.0,101580712.0
2011-05-17,6.81,7.01,6.90,6.71,25736984.0,184021696.0
2011-05-16,6.74,6.88,6.81,6.69,20583568.0,145473904.0
2011-05-13,6.61,6.76,6.76,6.57,18986760.0,131159072.0
2011-05-12,6.72,6.75,6.60,6.58,18393776.0,127463288.0
2011-05-11,6.84,6.86,6.78,6.72,13746245.0,96766528.0
2011-05-10,6.89,6.89,6.81,6.74,13174751.0,93022192.0
2011-05-09,6.66,6.88,6.82,6.65,24726588.0,174707744.0
2011-05-06,6.76,6.77,6.64,6.55,28913178.0,198964400.0
2011-05-05,6.81,6.88,6.83,6.75,16563980.0,117190520.0
2011-05-04,7.10,7.10,6.83,6.79,30064346.0,215036624.0
2011-05-03,7.13,7.19,7.11,7.05,16216723.0,119577528.0
2011-04-29,6.98,7.10,7.08,6.98,12651042.0,92577704.0
2011-04-28,7.21,7.25,6.98,6.97,25532872.0,187821264.0
2011-04-27,7.47,7.54,7.19,7.08,46630344.0,351176960.0
2011-04-26,7.44,7.59,7.51,7.38,21935800.0,170638048.0
2011-04-25,7.72,7.72,7.44,7.43,28270208.0,220000608.0
2011-04-21,7.63,7.80,7.75,7.62,32995912.0,265067776.0
2011-04-20,7.51,7.64,7.60,7.51,24855416.0,195620240.0
2011-04-19,7.61,7.61,7.51,7.43,38197584.0,297385280.0
2011-04-18,7.77,7.80,7.64,7.60,50440416.0,400379360.0
2011-04-15,7.95,7.99,7.81,7.75,45576672.0,370724928.0
2011-04-14,7.96,8.04,7.97,7.93,29085560.0,240691488.0
2011-04-13,8.00,8.01,7.94,7.86,43161316.0,355301920.0
2011-04-12,8.08,8.17,8.04,7.98,39613424.0,330925408.0
2011-04-11,8.28,8.43,8.11,8.07,49645368.0,425114784.0
2011-04-08,8.08,8.32,8.28,8.01,43651876.0,370308352.0
2011-04-07,8.15,8.26,8.09,7.99,39801860.0,335230432.0
2011-04-06,8.09,8.16,8.10,7.93,28342128.0,237190352.0
2011-04-01,8.20,8.25,8.15,7.80,39770800.0,331614208.0
2011-03-31,8.17,8.24,8.20,8.07,27202772.0,229764720.0
2011-03-30,8.34,8.44,8.17,8.05,49256492.0,420115520.0
2011-03-29,8.49,8.55,8.41,8.34,46810340.0,409265216.0
2011-03-28,8.82,8.87,8.54,8.45,57260872.0,514193792.0
2011-03-25,8.76,8.88,8.79,8.72,34717280.0,316974560.0
2011-03-24,8.81,8.89,8.75,8.73,27845288.0,254012688.0
2011-03-23,8.66,8.93,8.79,8.66,56382444.0,516132448.0
2011-03-22,8.57,8.66,8.61,8.35,31440800.0,278311904.0
2011-03-21,8.47,8.57,8.53,8.44,23228182.0,205085600.0
2011-03-18,8.52,8.62,8.47,8.38,28524108.0,251242064.0
2011-03-17,8.57,8.71,8.47,8.30,43797376.0,387738144.0
2011-03-16,8.65,8.84,8.71,8.55,39759736.0,358833152.0
2011-03-15,8.81,8.82,8.66,8.47,65262264.0,584072064.0
2011-03-14,8.91,9.22,8.86,8.74,80653280.0,753104128.0
2011-03-11,8.80,9.30,8.96,8.77,109832728.0,1038959296.0
2011-03-10,8.96,9.00,8.85,8.82,68997600.0,636622464.0
2011-03-09,8.59,9.06,9.04,8.59,152390640.0,1406323712.0
2011-03-08,8.57,8.59,8.48,8.43,38000508.0,335497600.0
2011-03-07,8.44,8.62,8.56,8.41,43246648.0,383221152.0
2011-03-04,8.37,8.45,8.40,8.30,34408208.0,299381376.0
2011-03-03,8.64,8.71,8.35,8.27,55010568.0,482533952.0
2011-03-02,8.58,8.81,8.60,8.44,47792048.0,426197088.0
2011-03-01,8.79,8.82,8.66,8.57,46293124.0,417552128.0
2011-02-28,8.43,8.82,8.78,8.43,62257104.0,559150976.0
2011-02-25,8.43,8.45,8.39,8.26,34858248.0,302632352.0
2011-02-24,8.34,8.54,8.45,8.33,40463248.0,355570208.0
2011-02-23,8.39,8.50,8.37,8.26,41450100.0,361252032.0
2011-02-22,8.87,8.94,8.39,8.33,87029752.0,772360640.0
2011-02-21,8.63,8.91,8.80,8.57,53520360.0,485604192.0
2011-02-18,8.84,8.92,8.68,8.65,48756396.0,442508544.0
2011-02-17,8.98,9.03,8.86,8.71,54465900.0,499687392.0
2011-02-16,8.86,9.04,8.96,8.76,75113056.0,694924416.0
2011-02-15,8.71,9.07,8.82,8.66,108596560.0,999951680.0
2011-02-14,8.38,8.86,8.76,8.34,106523720.0,957414528.0
2011-02-11,8.56,8.80,8.45,8.44,64489732.0,576352256.0
2011-02-10,8.44,8.63,8.59,8.30,58520332.0,514373696.0
2011-02-09,8.41,8.61,8.50,8.34,51405932.0,452519520.0
2011-02-01,8.76,8.92,8.54,8.45,60106448.0,538554496.0
2011-01-31,8.31,8.76,8.68,8.31,108443344.0,964983360.0
2011-01-28,8.26,8.55,8.31,8.21,103965512.0,905451776.0
2011-01-27,7.82,8.66,8.43,7.77,171486432.0,1488513664.0
2011-01-26,7.81,7.95,7.90,7.66,37726900.0,306937184.0
2011-01-25,7.76,7.89,7.82,7.65,34746380.0,279805312.0
2011-01-24,7.50,8.17,7.80,7.45,82137176.0,670715392.0
2011-01-21,7.07,7.62,7.51,7.04,53177440.0,409873312.0
2011-01-20,7.35,7.36,7.08,7.07,21918056.0,163721184.0
2011-01-19,7.13,7.40,7.40,7.05,29185322.0,220090288.0
2011-01-18,7.13,7.21,7.11,7.01,20186930.0,148700544.0
2011-01-17,7.56,7.61,7.14,7.12,38687352.0,294346880.0
2011-01-14,7.78,7.80,7.65,7.62,24090700.0,192803696.0
2011-01-13,7.85,7.92,7.84,7.70,27328164.0,222022432.0
2011-01-12,7.89,7.92,7.83,7.66,22918306.0,185224448.0
2011-01-11,7.63,7.91,7.85,7.59,34953640.0,281782592.0
2011-01-10,7.76,7.92,7.69,7.64,31921138.0,257768864.0
2011-01-07,7.94,7.98,7.78,7.69,50878696.0,413139904.0
2011-01-06,7.99,8.11,7.98,7.92,36269096.0,301137920.0
2011-01-05,7.80,8.12,8.04,7.73,74039608.0,614245504.0
2011-01-04,7.89,7.92,7.84,7.72,41376036.0,336449312.0
