date,open,high,close,low,volume,amount
2015-11-27,13.79,14.17,12.77,12.59,15411934.0,207120864.0
2015-11-26,13.60,14.58,13.99,13.51,19576084.0,275181696.0
2015-11-25,13.48,13.85,13.77,13.42,13172038.0,179328944.0
2015-11-24,13.25,13.37,13.30,12.86,8236071.0,107704984.0
2015-11-23,13.60,13.85,13.21,13.10,14171811.0,192088528.0
2015-11-20,13.58,13.94,13.60,13.46,18723800.0,256668048.0
2015-11-19,12.90,13.41,13.39,12.90,11991923.0,158133824.0
2015-11-18,12.94,13.34,12.96,12.79,11390574.0,148452048.0
2015-11-17,12.80,13.33,12.97,12.77,17336656.0,226109440.0
2015-11-16,12.35,12.90,12.87,12.30,10200916.0,128944104.0
2015-11-13,12.85,12.85,12.41,12.39,12773514.0,161258480.0
2015-11-12,12.98,13.38,13.06,12.87,17555900.0,230110224.0
2015-11-11,13.06,13.14,13.05,12.80,17994658.0,233428048.0
2015-11-10,12.59,13.47,13.30,12.48,26784624.0,348169952.0
2015-11-09,12.59,12.78,12.69,12.33,17768498.0,223742608.0
2015-11-06,12.30,12.80,12.79,12.27,17887832.0,224763632.0
2015-11-05,12.18,12.60,12.38,12.18,18801716.0,232854592.0
2015-11-04,11.55,12.20,12.20,11.55,11612347.0,139219264.0
2015-11-03,11.68,11.79,11.59,11.47,7057149.0,82181808.0
2015-11-02,11.75,12.13,11.64,11.60,9869745.0,117000456.0
2015-10-30,12.08,12.33,12.09,11.80,11661690.0,140997568.0
2015-10-29,12.20,12.45,12.24,12.00,13615331.0,166779808.0
2015-10-28,12.38,12.60,12.20,12.02,17096918.0,210870448.0
2015-10-27,12.40,12.51,12.40,11.76,16455337.0,200647920.0
2015-10-26,12.53,12.98,12.64,12.12,24806524.0,310469536.0
2015-10-23,11.89,12.58,12.55,11.73,19770408.0,239315488.0
2015-10-22,11.40,11.82,11.80,11.18,15798902.0,182208672.0
2015-10-21,12.25,12.65,11.40,11.08,24057484.0,291947392.0
2015-10-20,11.96,12.23,12.21,11.80,13565194.0,163242640.0
2015-10-19,12.23,12.29,12.04,11.91,12236361.0,147654976.0
2015-10-16,12.20,12.31,12.22,11.95,15670603.0,189687664.0
2015-10-15,12.01,12.26,12.24,11.81,16877860.0,202790560.0
2015-10-14,11.81,12.30,11.86,11.75,14891609.0,178788144.0
2015-10-13,11.75,11.93,11.85,11.56,13660734.0,160646704.0
2015-10-12,11.55,12.48,12.06,11.35,19990362.0,236661296.0
2015-10-09,10.59,11.50,11.37,10.52,15314052.0,169256160.0
2015-10-08,10.70,10.73,10.57,10.51,8856702.0,93896312.0
2015-09-30,10.20,10.27,10.11,10.09,3982682.0,40509700.0
2015-09-29,10.13,10.26,10.14,9.96,4876692.0,49374464.0
2015-09-28,10.10,10.47,10.40,9.96,5264063.0,53821580.0
2015-09-25,10.72,10.88,10.23,9.90,9764290.0,101854616.0
2015-09-24,10.25,10.66,10.64,10.25,7749508.0,81063896.0
2015-09-23,10.27,10.39,10.21,10.13,7165738.0,73497568.0
2015-09-22,10.43,10.70,10.57,10.25,10097742.0,105898408.0
2015-09-21,9.90,10.47,10.41,9.82,7796256.0,79759440.0
2015-09-18,10.12,10.24,10.10,9.82,5362170.0,53956368.0
2015-09-17,10.11,10.48,9.98,9.96,11344234.0,116080136.0
2015-09-16,9.25,10.01,10.01,9.18,7963771.0,76313576.0
2015-09-15,9.43,9.77,9.10,9.03,8661365.0,81796584.0
2015-09-14,10.97,11.03,9.77,9.77,10248701.0,105356816.0
2015-09-11,10.75,10.98,10.86,10.60,5228742.0,56500832.0
2015-09-10,10.80,11.03,10.69,10.58,6949543.0,75296904.0
2015-09-09,10.52,11.20,11.07,10.51,11897776.0,129663832.0
2015-09-08,9.80,10.51,10.49,9.75,8995752.0,91004112.0
2015-09-07,9.60,10.05,9.79,9.60,8821042.0,86977648.0
2015-09-02,9.45,10.35,9.41,9.30,9004048.0,86959824.0
2015-09-01,10.88,10.98,10.02,9.92,8899849.0,91885600.0
2015-08-31,11.30,11.31,10.80,10.78,8601591.0,94595552.0
2015-08-28,10.85,11.43,11.42,10.60,13836902.0,151663776.0
2015-08-27,10.32,10.65,10.56,9.81,10591535.0,109010672.0
2015-08-26,11.35,11.56,10.17,10.17,16688642.0,180506480.0
2015-08-25,11.33,11.86,11.30,11.30,7481039.0,85795952.0
2015-08-24,12.99,13.47,12.55,12.55,15041211.0,191367632.0
2015-08-21,15.35,15.50,13.94,13.60,12909822.0,190302672.0
2015-08-20,15.07,15.66,14.97,14.84,14339079.0,219640400.0
2015-08-19,14.38,15.13,14.98,13.59,15260336.0,218823264.0
2015-08-18,16.52,16.76,14.79,14.79,17612906.0,278295264.0
2015-08-17,15.95,16.56,16.43,15.88,12848946.0,210229472.0
2015-08-14,16.58,16.59,16.17,16.14,15667820.0,256274288.0
2015-08-13,16.16,16.73,16.56,15.90,18182524.0,297718656.0
2015-08-12,16.29,17.19,16.53,15.67,28479796.0,466248448.0
2015-08-11,15.68,16.93,16.47,15.31,28939128.0,468909312.0
2015-08-10,14.79,15.74,15.48,14.70,19187244.0,292045728.0
2015-08-07,14.06,14.77,14.58,13.93,18195902.0,262766304.0
2015-08-06,13.63,14.25,13.88,13.48,11003092.0,152710544.0
2015-08-05,14.61,14.85,14.01,13.91,15319217.0,221125616.0
2015-08-04,14.08,14.88,14.85,13.82,17922704.0,258471152.0
2015-08-03,13.45,14.40,14.06,13.00,14859153.0,206655152.0
2015-07-31,13.71,14.30,13.53,13.21,13540819.0,187083184.0
2015-07-30,15.01,15.18,14.20,14.00,20002876.0,296746016.0
2015-07-29,14.95,15.30,15.22,13.55,22161008.0,320221760.0
2015-07-28,14.72,15.60,14.72,14.72,24869580.0,369321696.0
2015-07-27,17.86,17.86,16.35,16.35,19991470.0,343297728.0
2015-07-24,17.98,18.77,18.17,17.76,33984964.0,620496256.0
2015-07-23,17.65,18.49,18.04,17.25,25983456.0,462048352.0
2015-07-22,17.99,18.19,17.52,17.13,25936584.0,457931616.0
2015-07-21,16.45,18.13,18.05,16.31,26054286.0,450917376.0
2015-07-20,17.15,17.56,16.93,16.53,29576060.0,504887904.0
2015-07-17,16.49,17.97,17.56,16.14,33615360.0,578175872.0
2015-07-16,16.90,18.50,16.90,16.90,41167768.0,705168064.0
2015-07-15,18.78,19.49,18.78,18.78,11718929.0,221166784.0
2015-07-14,21.00,22.00,20.87,20.87,41572432.0,880698112.0
2015-07-13,22.30,25.89,23.19,22.30,78102360.0,1798013568.0
2015-07-03,24.78,24.78,24.78,24.78,564100.0,13978398.0
2015-06-10,25.42,28.02,27.53,24.67,21503638.0,576288640.0
2015-06-09,25.79,25.99,25.49,24.60,10962028.0,278208160.0
2015-06-08,24.91,26.35,26.00,24.74,16433374.0,423728832.0
2015-06-05,24.57,25.35,25.26,23.85,19109620.0,473488992.0
2015-06-04,24.97,25.12,24.15,22.15,15256141.0,361724800.0
2015-06-03,22.98,24.59,24.55,22.40,21612448.0,513075552.0
2015-06-02,22.37,23.55,23.26,21.77,16320356.0,369357216.0
2015-06-01,20.26,22.23,22.23,20.16,12007058.0,254035008.0
2015-05-29,20.72,21.06,20.22,18.99,10984479.0,223911712.0
2015-05-28,23.14,23.27,20.88,20.86,12666451.0,281927744.0
2015-05-27,22.78,23.52,23.18,22.07,16560632.0,376443392.0
2015-05-26,23.07,23.84,23.03,22.00,15804695.0,362833504.0
2015-05-25,21.57,23.34,23.14,21.27,13887869.0,314903456.0
2015-05-22,21.12,22.07,21.88,20.48,16763623.0,357787360.0
2015-05-21,20.07,21.49,21.31,19.59,14023616.0,282954272.0
2015-05-20,19.68,20.85,20.05,19.58,17008204.0,346054720.0
2015-05-19,19.32,19.98,19.82,18.98,15845923.0,311241952.0
2015-05-18,18.89,19.66,19.24,18.57,12561267.0,238787808.0
2015-05-15,18.58,19.54,18.99,18.45,19319164.0,368907200.0
2015-05-14,18.93,19.12,18.71,18.19,12093484.0,225269408.0
2015-05-13,17.50,18.83,18.39,17.43,17466584.0,320194432.0
2015-05-12,17.58,17.66,17.49,17.09,8436711.0,146695520.0
2015-05-11,17.10,17.57,17.57,17.09,7145012.0,124069824.0
2015-05-08,16.54,16.96,16.95,16.52,6643884.0,111281272.0
2015-05-07,16.65,16.93,16.43,16.25,6688149.0,111235480.0
2015-05-06,17.53,17.84,16.78,16.58,8477206.0,147847344.0
2015-05-05,18.13,18.36,17.47,17.25,9642903.0,171438304.0
2015-05-04,18.56,18.64,18.14,17.56,10085993.0,182611808.0
2015-04-30,19.66,19.68,18.69,18.67,16683010.0,319767392.0
2015-04-29,18.34,20.18,19.92,18.17,24726384.0,483141120.0
2015-04-28,18.98,19.88,18.67,18.39,24586556.0,469915296.0
2015-04-27,18.28,18.58,18.43,18.09,16396328.0,301213184.0
2015-04-24,18.33,18.58,18.17,17.78,15048193.0,274120256.0
2015-04-23,18.28,19.16,18.75,17.89,22782400.0,423840224.0
2015-04-22,17.75,18.85,18.24,17.58,20209464.0,367836384.0
2015-04-21,17.08,17.77,17.74,17.01,16141105.0,281332416.0
2015-04-20,16.94,17.92,17.35,16.88,22223100.0,386859584.0
2015-04-17,17.21,17.98,17.18,16.90,24020976.0,418465088.0
2015-04-16,16.18,16.83,16.82,16.01,15886998.0,264092128.0
2015-04-15,16.38,16.64,16.20,15.99,10335746.0,169453904.0
2015-04-14,16.78,16.78,16.48,16.20,10554321.0,174068624.0
2015-04-13,16.61,16.86,16.78,16.36,11579885.0,193021536.0
2015-04-10,15.87,16.49,16.33,15.87,9973838.0,162160080.0
2015-04-09,16.80,16.92,15.97,15.74,13202656.0,213255904.0
2015-04-08,17.41,17.42,16.79,16.50,11875081.0,201108048.0
2015-04-07,17.08,17.56,17.33,16.88,15512563.0,267983504.0
2015-04-03,16.78,17.03,16.81,16.60,10827153.0,182227136.0
2015-04-02,16.79,17.18,16.98,16.39,14589487.0,244607984.0
2015-04-01,16.28,16.66,16.55,16.28,7890672.0,130431416.0
2015-03-31,16.66,16.71,16.40,16.18,8375396.0,138203152.0
2015-03-30,16.53,16.71,16.67,16.38,8692420.0,144093968.0
2015-03-27,17.12,17.21,16.61,16.57,10536188.0,177231744.0
2015-03-26,16.72,17.07,16.84,16.34,10660123.0,178588288.0
2015-03-25,16.78,16.95,16.76,16.44,12803300.0,213609376.0
2015-03-24,17.33,17.51,17.04,16.33,25303960.0,431141216.0
2015-03-23,15.75,17.01,17.01,15.75,24049066.0,399840576.0
2015-03-20,15.73,15.84,15.46,15.36,7929857.0,122806192.0
2015-03-19,15.51,16.27,15.57,15.41,14690172.0,231411856.0
2015-03-18,15.22,15.42,15.37,15.08,9029461.0,137902960.0
2015-03-17,15.38,15.44,15.22,15.06,10066439.0,153474544.0
2015-03-16,14.83,15.32,15.31,14.75,10213270.0,154276192.0
2015-03-13,14.69,15.06,14.85,14.53,9860309.0,146541312.0
2015-03-12,14.44,14.71,14.63,14.35,6228959.0,90796496.0
2015-03-11,14.39,14.63,14.44,14.29,6347014.0,92013640.0
2015-03-10,14.54,14.54,14.33,14.25,5500949.0,79324720.0
2015-03-09,14.35,14.46,14.44,14.10,5655751.0,80662616.0
2015-03-06,14.46,14.80,14.57,14.02,12669892.0,184045312.0
2015-03-05,14.28,14.44,14.38,14.18,4784856.0,68579192.0
2015-03-04,14.28,14.38,14.33,14.13,6560801.0,93470296.0
2015-03-03,14.14,14.70,14.28,14.03,11358124.0,163884352.0
2015-03-02,13.89,14.29,14.19,13.89,6849600.0,97033288.0
2015-02-27,13.78,13.94,13.81,13.62,4084214.0,56348780.0
2015-02-26,13.30,13.80,13.77,13.26,3652577.0,49716132.0
2015-02-25,13.51,13.52,13.31,13.21,2690421.0,35926088.0
2015-02-17,13.53,13.64,13.52,13.48,2389675.0,32392550.0
2015-02-16,13.29,13.56,13.52,13.29,2437057.0,32919916.0
2015-02-13,13.28,13.56,13.38,13.28,2842367.0,38240536.0
2015-02-12,13.11,13.53,13.22,12.94,2646318.0,34788876.0
2015-02-11,13.06,13.18,13.10,13.01,1805675.0,23707356.0
2015-02-10,12.95,13.11,13.07,12.80,2068183.0,26858484.0
2015-02-09,13.19,13.20,12.92,12.79,2572605.0,33373108.0
2015-02-06,13.43,13.56,13.19,13.11,3469896.0,46430376.0
2015-02-05,14.18,14.18,13.65,13.64,4052691.0,56392544.0
2015-02-04,14.20,14.29,13.99,13.92,3645313.0,51506348.0
2015-02-03,13.93,14.13,14.13,13.93,2884615.0,40557120.0
2015-02-02,14.03,14.16,14.02,13.88,2797322.0,39284744.0
2015-01-30,14.28,14.46,14.08,14.03,4918752.0,70085456.0
2015-01-29,13.97,14.47,14.44,13.91,6706973.0,95670504.0
2015-01-28,14.18,14.25,14.10,14.03,4214720.0,59641692.0
2015-01-27,14.26,14.46,14.15,13.93,6610477.0,93846320.0
2015-01-26,14.09,14.45,14.37,14.03,5785686.0,82808704.0
2015-01-23,14.72,14.82,14.21,14.12,9627754.0,139165760.0
2015-01-22,13.89,14.94,14.41,13.74,15565007.0,225426800.0
2015-01-21,13.69,14.09,14.00,13.55,9029888.0,125084808.0
2015-01-20,13.09,13.42,13.38,12.99,4506665.0,59767108.0
2015-01-19,13.49,14.10,13.10,12.76,8486513.0,115614696.0
2015-01-16,13.72,14.18,13.58,13.49,6078345.0,83922328.0
2015-01-15,13.08,13.30,13.29,13.02,2674271.0,35232808.0
2015-01-14,13.37,13.47,13.09,12.95,4125148.0,54379740.0
2015-01-13,13.45,13.66,13.47,13.37,2586966.0,34966504.0
2015-01-12,13.80,13.81,13.39,13.28,3870867.0,52098768.0
2015-01-09,13.96,14.11,13.80,13.79,3905773.0,54700788.0
2015-01-08,14.28,14.28,14.00,13.88,6493448.0,91454064.0
2015-01-07,14.31,15.02,14.44,14.11,13143121.0,191860576.0
2015-01-06,14.28,14.44,14.00,13.78,9110511.0,128313184.0
2015-01-05,13.36,14.68,14.47,13.24,14957747.0,211522896.0
2014-12-31,13.28,13.56,13.39,13.19,3560113.0,47664140.0
2014-12-30,13.20,13.54,13.17,13.05,4607606.0,61085412.0
2014-12-29,13.77,13.83,13.34,13.19,6250074.0,84742016.0
2014-12-26,13.43,13.74,13.70,13.36,5366281.0,72885056.0
2014-12-25,13.26,13.48,13.48,13.20,3824667.0,51178456.0
2014-12-24,13.10,13.36,13.28,13.10,3862288.0,51077760.0
2014-12-23,14.03,14.06,13.10,12.86,8550899.0,114126712.0
2014-12-22,14.86,15.29,14.29,14.16,10969090.0,160541328.0
2014-12-19,14.94,15.33,14.85,14.37,8813508.0,130820304.0
2014-12-18,14.68,15.40,14.93,14.58,10467834.0,158290736.0
2014-12-17,14.98,14.98,14.73,14.46,7949923.0,117629376.0
2014-12-16,14.77,15.17,15.12,14.59,9742673.0,145379840.0
2014-12-15,15.08,15.08,14.89,14.58,8146937.0,120317216.0
2014-12-12,14.96,15.47,15.13,14.92,7828253.0,119297240.0
2014-12-11,15.16,15.34,15.04,14.80,9472061.0,142779696.0
2014-12-10,14.81,15.43,15.20,14.81,11399577.0,172467328.0
2014-12-09,15.28,16.31,14.69,14.44,22685832.0,352799232.0
2014-12-08,15.18,16.07,15.47,15.13,19577874.0,304411616.0
2014-12-05,16.04,16.17,15.54,15.08,27715856.0,436338816.0
2014-12-04,15.79,16.50,16.50,15.78,41551548.0,672133888.0
2014-12-03,13.48,15.00,15.00,13.41,17254524.0,250041408.0
2014-12-02,13.83,14.13,13.63,13.48,10197208.0,140100640.0
2014-12-01,13.63,13.63,13.34,13.01,7431730.0,99365376.0
2014-11-28,13.93,14.38,13.61,13.28,12151439.0,167981008.0
2014-11-27,13.65,14.26,13.81,13.58,11176915.0,155474480.0
2014-11-26,13.68,13.88,13.57,13.39,10028798.0,136683152.0
2014-11-25,12.94,13.98,13.88,12.88,15444049.0,209314416.0
2014-11-24,12.88,13.13,12.98,12.80,8729965.0,113516512.0
2014-11-21,12.50,12.72,12.68,12.48,2732990.0,34581184.0
2014-11-20,12.66,12.79,12.50,12.45,2861000.0,36155416.0
2014-11-19,12.65,12.80,12.68,12.57,2248662.0,28561320.0
2014-11-18,12.62,12.68,12.66,12.43,3093220.0,38909136.0
2014-11-17,13.01,13.17,12.63,12.58,4986810.0,64204976.0
2014-11-14,13.11,13.11,12.77,12.58,4624116.0,59497312.0
2014-11-13,12.35,13.16,13.14,12.07,9386090.0,119759288.0
2014-11-12,12.16,12.48,12.44,12.10,2824526.0,34842640.0
2014-11-11,12.92,12.98,12.17,11.98,6631599.0,82767368.0
2014-11-10,12.78,13.05,12.94,12.78,4352854.0,56400372.0
2014-11-07,12.96,13.03,12.71,12.65,3830546.0,49204136.0
2014-11-06,12.76,12.93,12.91,12.59,3077131.0,39416072.0
2014-11-05,13.22,13.28,12.77,12.73,5261049.0,68237256.0
2014-11-04,13.16,13.29,13.22,13.01,4854299.0,63937948.0
2014-11-03,13.06,13.20,13.18,12.86,5441638.0,71008360.0
2014-10-31,12.68,13.38,13.15,12.51,9173855.0,118972264.0
2014-10-30,12.77,13.08,12.83,12.66,5884806.0,76200568.0
2014-10-29,12.71,12.93,12.80,12.59,5633846.0,72004248.0
2014-10-28,12.51,12.73,12.69,12.49,5209138.0,65860116.0
2014-10-27,12.39,13.15,12.98,12.34,8174543.0,101814224.0
2014-10-24,12.06,12.53,12.32,12.04,4778129.0,57414992.0
2014-10-23,12.39,12.50,12.06,12.03,5831638.0,69590640.0
2014-10-22,13.23,13.45,12.61,12.56,10644218.0,134470880.0
2014-10-15,13.77,13.93,13.90,13.43,5794231.0,77143968.0
2014-10-14,14.17,14.17,13.75,13.73,6001126.0,81253848.0
2014-10-13,14.06,14.23,14.15,13.73,6155243.0,83597888.0
2014-10-10,14.34,14.48,14.06,14.01,10086990.0,139314832.0
2014-10-09,14.02,14.63,14.55,13.70,15405475.0,212129664.0
2014-10-08,14.03,14.04,14.04,13.67,8124487.0,109583520.0
2014-09-30,13.54,14.37,14.11,13.54,14210224.0,194159552.0
2014-09-29,13.48,13.70,13.53,13.44,5587159.0,73513472.0
2014-09-26,13.21,13.55,13.48,13.12,4522398.0,58871056.0
2014-09-25,13.57,13.76,13.34,13.24,7302222.0,95871800.0
2014-09-24,13.16,13.61,13.51,13.06,6970435.0,90598576.0
2014-09-23,13.02,13.30,13.20,13.01,4165010.0,53333360.0
2014-09-22,13.64,13.65,13.07,13.06,7755806.0,100120632.0
2014-09-19,13.98,14.13,13.76,13.62,8543501.0,114682408.0
2014-09-18,13.92,14.03,13.93,13.52,13948797.0,186612128.0
2014-09-17,12.87,14.11,13.86,12.69,18378932.0,241002928.0
2014-09-16,13.39,13.55,12.82,12.76,8430026.0,108400376.0
2014-09-15,12.93,13.42,13.39,12.83,9408171.0,120692232.0
2014-09-12,12.74,12.96,12.93,12.71,4240179.0,52991012.0
2014-09-11,12.74,12.95,12.87,12.64,5492067.0,68383776.0
2014-09-10,12.80,12.83,12.77,12.54,7063067.0,87171496.0
2014-09-09,13.22,13.30,13.09,12.93,6980124.0,88733312.0
2014-09-05,13.31,13.55,13.37,13.20,9165736.0,119325536.0
2014-09-04,13.24,13.24,13.19,12.97,6420155.0,81699472.0
2014-09-03,13.15,13.51,13.19,13.06,10340520.0,133620320.0
2014-09-02,12.81,13.16,13.15,12.70,9090141.0,114198560.0
2014-09-01,12.65,12.80,12.80,12.60,5562543.0,68792592.0
2014-08-29,12.58,12.72,12.70,12.44,3542816.0,43301132.0
2014-08-28,12.54,12.74,12.58,12.24,4889373.0,59450856.0
2014-08-27,12.50,12.73,12.54,12.44,3962920.0,48455456.0
2014-08-26,12.95,12.95,12.50,12.49,9230846.0,113637744.0
2014-08-25,13.68,13.73,13.00,12.97,10853032.0,139152272.0
2014-08-22,13.78,13.79,13.68,13.42,13450200.0,178130128.0
2014-08-21,13.57,14.84,14.06,13.57,26122350.0,363996800.0
2014-08-20,13.76,13.76,13.49,13.42,9565074.0,126085152.0
2014-08-19,13.32,13.83,13.80,13.15,18334488.0,241387920.0
2014-08-18,13.09,13.47,13.33,13.06,8910671.0,115013008.0
2014-08-15,12.95,13.27,13.20,12.90,7443849.0,94743016.0
2014-08-14,13.22,13.40,13.01,12.98,10181729.0,130656104.0
2014-08-13,13.47,13.83,13.46,13.01,13208053.0,172528096.0
2014-08-12,13.48,13.57,13.52,13.28,12239815.0,159916224.0
2014-08-11,13.01,13.76,13.68,13.01,18119470.0,236996880.0
2014-08-08,13.06,13.33,13.11,12.90,10897855.0,139290224.0
2014-08-07,13.47,13.54,13.06,12.95,11623541.0,148317056.0
2014-08-06,12.92,13.54,13.41,12.85,16083786.0,206699680.0
2014-08-05,13.73,13.98,13.24,13.05,20980608.0,275322528.0
2014-08-04,13.18,13.62,13.52,13.10,20810358.0,271295936.0
2014-08-01,13.26,13.40,13.34,12.87,22195952.0,283425472.0
2014-07-31,13.65,14.01,13.68,13.37,27040310.0,360531040.0
2014-07-30,13.29,13.76,13.61,13.26,30770222.0,403824736.0
2014-07-29,12.95,13.91,13.91,12.73,36762696.0,480491904.0
2014-07-28,11.93,12.65,12.65,11.49,34858392.0,419983328.0
2014-07-25,10.38,11.49,11.49,10.33,28321688.0,306559520.0
2014-07-24,10.18,10.54,10.45,9.97,11057743.0,110413584.0
2014-07-23,10.05,10.49,10.29,9.96,11765269.0,117463648.0
2014-07-22,9.77,10.18,10.08,9.75,7902942.0,76876464.0
2014-07-21,9.98,9.99,9.81,9.71,4482394.0,42703892.0
2014-07-18,9.99,10.13,10.02,9.90,4778170.0,46545132.0
2014-07-17,9.82,9.95,9.89,9.77,2783048.0,26666848.0
2014-07-16,10.02,10.05,9.82,9.79,4442321.0,42832384.0
2014-07-15,10.12,10.14,10.06,9.98,4355497.0,42564384.0
2014-07-14,9.97,10.23,10.22,9.95,5394923.0,53082744.0
2014-07-11,9.90,10.02,9.97,9.87,3721246.0,36008064.0
2014-07-10,9.82,9.93,9.83,9.76,2994177.0,28601024.0
2014-07-09,10.00,10.03,9.85,9.82,3688137.0,35562760.0
2014-07-08,9.96,10.05,10.01,9.92,2470604.0,24010024.0
2014-07-07,10.11,10.11,9.96,9.87,2865782.0,27778080.0
2014-07-04,10.17,10.26,10.15,9.98,4255981.0,41869032.0
2014-07-03,10.47,10.69,10.31,10.20,7471258.0,75463864.0
2014-07-02,10.11,10.20,10.18,9.92,3764429.0,36728728.0
2014-07-01,9.89,10.51,10.13,9.85,7521072.0,74728664.0
2014-06-30,9.83,9.96,9.82,9.75,2774840.0,26557444.0
2014-06-27,9.83,9.90,9.89,9.67,4019584.0,38228168.0
2014-06-26,9.78,10.05,9.84,9.77,3817278.0,36757656.0
2014-06-25,10.08,10.08,9.78,9.71,4879211.0,46925964.0
2014-06-24,10.09,10.23,10.10,9.91,7111385.0,69637248.0
2014-06-23,9.56,10.53,10.19,9.44,9495725.0,92035112.0
2014-06-20,9.62,9.93,9.75,9.53,8454750.0,79838968.0
2014-06-19,9.42,9.53,9.26,9.17,2508473.0,22742302.0
2014-06-18,9.16,9.64,9.48,9.15,4514888.0,41483480.0
2014-06-17,9.25,9.30,9.17,9.15,1557309.0,13943343.0
2014-06-16,9.38,9.44,9.31,9.21,2166958.0,19606268.0
2014-06-13,9.24,9.44,9.38,9.22,3230939.0,29375174.0
2014-06-12,9.07,9.36,9.24,9.02,2734652.0,24478674.0
2014-06-11,9.06,9.19,9.13,8.99,1671914.0,14815972.0
2014-06-10,8.88,9.04,9.04,8.87,928626.0,8106863.0
2014-06-09,8.92,9.06,8.90,8.86,766355.0,6704244.0
2014-06-06,8.94,9.05,8.99,8.89,887191.0,7733680.0
2014-06-05,8.85,8.95,8.94,8.84,692447.0,6001261.0
2014-06-04,9.05,9.05,8.85,8.82,1525951.0,13199200.0
2014-06-03,9.05,9.20,9.05,9.02,1348145.0,11944156.0
2014-05-30,8.94,9.13,9.07,8.92,1289573.0,11374781.0
2014-05-29,9.12,9.12,8.94,8.91,2403511.0,21026788.0
2014-05-28,9.15,9.21,9.15,9.03,2892467.0,25577396.0
2014-05-27,9.30,9.37,9.22,9.21,1176888.0,10640116.0
2014-05-26,9.39,9.49,9.37,9.25,1656072.0,15067104.0
2014-05-23,9.42,9.47,9.42,9.29,926531.0,8439276.0
2014-05-22,9.51,9.59,9.32,9.30,1937701.0,17811080.0
2014-05-21,9.48,9.66,9.56,9.36,2013225.0,18664520.0
2014-05-20,9.60,9.71,9.48,9.42,3229413.0,30054528.0
2014-05-19,9.25,9.63,9.60,9.09,3714533.0,34191476.0
2014-05-16,9.01,9.39,9.36,8.97,2927746.0,26203564.0
2014-05-15,9.31,9.50,9.12,9.08,2945212.0,26564028.0
2014-05-14,9.48,9.53,9.41,9.28,3734416.0,34079764.0
2014-05-13,9.82,10.28,9.59,9.48,10774786.0,103712712.0
2014-05-12,8.86,9.74,9.74,8.81,9365301.0,86895312.0
2014-05-09,8.58,9.10,8.85,8.55,2142555.0,18474612.0
2014-05-08,8.62,8.70,8.63,8.48,898386.0,7500553.0
2014-05-07,8.89,8.89,8.63,8.62,966190.0,8190057.0
2014-05-06,8.88,8.89,8.87,8.78,874416.0,7521385.0
2014-05-05,8.68,8.89,8.83,8.64,859673.0,7329727.0
2014-04-30,8.77,8.77,8.68,8.54,590154.0,4972494.0
2014-04-29,8.97,8.97,8.77,8.67,1145525.0,9767986.0
2014-04-28,8.79,8.89,8.72,8.57,993162.0,8370942.0
2014-04-25,8.97,9.00,8.79,8.77,601790.0,5210785.0
2014-04-24,8.99,9.05,8.97,8.95,393435.0,3440017.0
2014-04-23,9.00,9.05,9.03,8.94,434882.0,3801396.0
2014-04-22,9.00,9.10,9.01,8.94,622739.0,5462849.0
2014-04-21,9.10,9.10,9.00,8.99,789053.0,6932256.0
2014-04-18,9.15,9.15,9.12,9.08,379866.0,3369187.0
2014-04-17,9.10,9.20,9.12,9.10,579668.0,5157817.0
2014-04-16,9.20,9.25,9.12,9.08,824582.0,7331955.0
2014-04-15,9.40,9.40,9.27,9.21,756022.0,6827366.0
2014-04-14,9.40,9.46,9.42,9.36,854873.0,7825502.0
2014-04-11,9.37,9.41,9.39,9.31,709059.0,6456976.0
2014-04-10,9.38,9.42,9.36,9.30,696478.0,6339132.0
2014-04-09,9.34,9.41,9.37,9.28,881686.0,8005815.0
2014-04-08,9.25,9.36,9.32,9.16,1176656.0,10622510.0
2014-04-04,9.18,9.22,9.21,9.06,586534.0,5211854.0
2014-04-03,9.11,9.22,9.21,9.05,1060636.0,9456225.0
2014-04-02,9.06,9.15,9.10,9.05,459417.0,4057699.0
2014-04-01,8.96,9.19,9.08,8.94,455490.0,4025805.0
2014-03-31,8.84,9.19,9.02,8.84,639977.0,5633820.0
2014-03-28,9.12,9.12,8.93,8.91,898784.0,7855911.0
2014-03-27,9.24,9.24,9.07,9.05,813466.0,7218086.0
2014-03-26,9.27,9.32,9.26,9.22,944625.0,8511966.0
2014-03-25,9.28,9.35,9.27,9.22,906488.0,8178582.0
2014-03-24,9.20,9.40,9.35,9.13,1143381.0,10327108.0
2014-03-21,8.98,9.20,9.18,8.90,903282.0,7977130.0
2014-03-20,9.17,9.30,9.05,9.03,1188580.0,10614837.0
2014-03-19,9.30,9.50,9.34,9.27,973274.0,8872583.0
2014-03-18,9.46,9.49,9.36,9.34,1066464.0,9735568.0
2014-03-17,9.43,9.60,9.52,9.43,656832.0,6060939.0
2014-03-14,9.41,9.51,9.43,9.36,602693.0,5531426.0
2014-03-13,9.57,9.57,9.41,9.36,1112634.0,10246838.0
2014-03-12,9.21,9.49,9.42,9.17,1359188.0,12373377.0
2014-03-11,9.12,9.41,9.19,9.10,1209158.0,10846323.0
2014-03-10,9.46,9.47,9.13,9.11,1868607.0,16889048.0
2014-03-07,9.77,9.86,9.61,9.58,1864415.0,17616514.0
2014-03-06,9.39,9.92,9.65,9.39,3205846.0,30230332.0
2014-03-05,9.64,9.65,9.45,9.39,2695211.0,24889660.0
2014-03-04,9.92,10.16,9.85,9.78,3580504.0,34741840.0
2014-03-03,9.87,9.91,9.86,9.67,2366591.0,22519574.0
2014-02-28,9.42,9.92,9.75,9.40,3081257.0,29164552.0
2014-02-27,9.66,9.74,9.49,9.47,2479240.0,23144624.0
2014-02-26,9.31,9.97,9.94,9.28,4134798.0,38929448.0
2014-02-25,9.65,9.77,9.36,9.27,2847206.0,26470248.0
2014-02-24,9.66,9.67,9.55,9.38,2105244.0,19439754.0
2014-02-21,9.87,9.99,9.71,9.68,1910877.0,18240920.0
2014-02-20,10.05,10.12,9.84,9.79,2486580.0,23993308.0
2014-02-19,10.17,10.20,10.05,9.94,3220645.0,31489450.0
2014-02-18,10.28,10.57,10.14,10.06,6695899.0,67170016.0
2014-02-17,10.59,10.75,10.28,10.14,7367487.0,74013768.0
2014-02-14,9.66,9.92,9.79,9.63,3505267.0,33310318.0
2014-02-13,9.58,10.10,9.66,9.56,8380182.0,80170656.0
2014-02-12,9.38,9.41,9.40,9.25,3083954.0,28029888.0
2014-02-11,9.24,9.43,9.38,9.15,4008397.0,36252416.0
2014-02-10,9.05,9.66,9.26,9.05,4931883.0,44484248.0
2014-02-07,8.91,9.19,9.09,8.80,1650536.0,14433999.0
2014-01-30,9.01,9.09,9.00,8.85,1403063.0,12172766.0
2014-01-29,9.05,9.14,9.00,8.92,1783523.0,15613890.0
2014-01-28,9.00,9.25,9.16,8.96,3026210.0,26639058.0
2014-01-27,9.46,9.57,9.20,9.05,6982884.0,62942052.0
2014-01-24,8.56,9.34,9.34,8.54,7215268.0,64350496.0
2014-01-23,8.54,8.57,8.48,8.46,1089528.0,9025402.0
2014-01-22,8.38,8.58,8.55,8.35,1285004.0,10616873.0
2014-01-21,8.37,8.43,8.38,8.33,584538.0,4766325.0
2014-01-20,8.29,8.43,8.37,8.29,733525.0,5967681.0
2014-01-17,8.44,8.44,8.32,8.31,761761.0,6188055.0
2014-01-16,8.33,8.58,8.50,8.26,1476963.0,12137312.0
2014-01-15,8.44,8.46,8.37,8.24,1356175.0,10984557.0
2014-01-14,8.41,8.51,8.46,8.33,877574.0,7174540.0
2014-01-13,8.35,8.59,8.39,8.35,1209628.0,9971888.0
2014-01-10,8.33,8.52,8.32,8.28,1026775.0,8351347.0
2014-01-09,8.51,8.61,8.36,8.35,773957.0,6391858.0
2014-01-08,8.65,8.74,8.53,8.51,1221954.0,10223304.0
2014-01-07,8.53,8.72,8.71,8.47,1403184.0,11769464.0
2014-01-06,9.03,9.04,8.57,8.54,2422607.0,20647250.0
2014-01-03,9.26,9.26,9.01,8.95,3629156.0,32058284.0
2014-01-02,9.43,9.43,9.23,8.94,5714953.0,50906424.0
2013-12-31,9.35,9.94,9.54,9.35,8991431.0,85657168.0
2013-12-30,9.38,9.44,9.04,9.03,2955617.0,26578028.0
2013-12-27,9.36,9.44,9.39,9.30,1171429.0,10664495.0
2013-12-26,9.09,9.54,9.39,8.99,2520100.0,22862050.0
2013-12-25,9.05,9.13,9.09,8.98,945307.0,8343881.0
2013-12-24,8.89,9.05,9.02,8.86,1105796.0,9656185.0
2013-12-23,8.95,9.05,8.86,8.74,1625003.0,14054488.0
2013-12-20,9.39,9.39,9.00,8.94,1989928.0,17614866.0
2013-12-19,9.41,9.49,9.36,9.35,703283.0,6432248.0
2013-12-18,9.55,9.55,9.41,9.38,764501.0,7032753.0
2013-12-17,9.63,9.63,9.51,9.46,781841.0,7229245.0
2013-12-16,9.74,9.74,9.51,9.49,946744.0,8811048.0
2013-12-13,9.64,9.77,9.68,9.56,1184211.0,11128948.0
2013-12-12,9.68,9.74,9.66,9.58,1050732.0,9865761.0
2013-12-11,9.93,9.94,9.69,9.63,1607814.0,15348687.0
2013-12-10,9.86,9.92,9.89,9.73,1230168.0,11740196.0
2013-12-09,9.81,9.89,9.84,9.74,1130962.0,10790125.0
2013-12-06,9.76,9.87,9.82,9.71,1440818.0,13739565.0
2013-12-05,9.78,9.84,9.75,9.71,1232781.0,11695613.0
2013-12-04,9.49,9.81,9.71,9.48,1849465.0,17419480.0
2013-12-03,9.42,9.58,9.57,9.36,1234410.0,11414408.0
2013-12-02,9.82,9.86,9.47,9.46,2375337.0,22269210.0
2013-11-29,9.88,9.94,9.93,9.78,2278851.0,21797224.0
2013-11-28,9.61,10.08,9.96,9.57,4882417.0,46959216.0
2013-11-27,9.66,9.66,9.61,9.52,1455422.0,13562467.0
2013-11-26,9.62,9.69,9.61,9.58,828724.0,7759097.0
2013-11-25,9.66,9.71,9.61,9.57,1387573.0,12989165.0
2013-11-22,9.61,9.90,9.77,9.60,2180114.0,20687390.0
2013-11-21,9.67,9.76,9.66,9.60,1403004.0,13188664.0
2013-11-20,9.72,9.86,9.77,9.72,1311563.0,12458392.0
2013-11-19,9.66,9.75,9.71,9.60,1696198.0,15962776.0
2013-11-18,9.56,9.69,9.68,9.46,1870174.0,17481296.0
2013-11-15,9.42,9.57,9.52,9.38,1789311.0,16549537.0
2013-11-14,9.31,9.39,9.37,9.28,813949.0,7389747.0
2013-11-13,9.46,9.46,9.31,9.27,1280091.0,11625128.0
2013-11-12,9.44,9.51,9.49,9.40,1198699.0,11030972.0
2013-11-11,9.56,9.56,9.44,9.34,1092636.0,10011549.0
2013-11-08,9.84,9.84,9.60,9.59,1157597.0,10897974.0
2013-11-07,9.78,9.92,9.89,9.72,1356766.0,12993154.0
2013-11-06,9.73,9.87,9.79,9.65,1252284.0,11899279.0
2013-11-05,9.68,9.74,9.73,9.59,862807.0,8123671.0
2013-11-04,9.64,9.76,9.68,9.57,722698.0,6808456.0
2013-11-01,9.65,9.75,9.69,9.52,926826.0,8715812.0
2013-10-31,9.79,9.79,9.67,9.59,1013251.0,9520477.0
2013-10-30,9.73,9.82,9.80,9.62,1113679.0,10558938.0
2013-10-29,10.02,10.04,9.75,9.46,2135702.0,20304544.0
2013-10-28,10.12,10.25,10.09,10.06,1140650.0,11250912.0
2013-10-25,10.52,10.52,10.12,10.08,1688654.0,16862180.0
2013-10-24,10.59,10.61,10.46,10.40,1330278.0,13568335.0
2013-10-23,10.90,10.95,10.66,10.61,2204437.0,23127550.0
2013-10-22,10.79,10.79,10.73,10.64,1594315.0,16603444.0
2013-10-21,10.77,10.84,10.82,10.61,2020663.0,21087726.0
2013-10-18,10.88,10.99,10.77,10.74,1650612.0,17419860.0
2013-10-17,10.90,10.91,10.71,10.66,2606213.0,27293828.0
2013-10-16,10.90,11.31,11.00,10.59,4929469.0,52544220.0
2013-10-15,10.82,10.96,10.89,10.74,1616672.0,17065764.0
2013-10-14,10.89,10.91,10.84,10.74,2259632.0,23784588.0
2013-10-11,10.82,11.01,10.95,10.82,2013526.0,21430976.0
2013-10-10,10.91,11.02,10.85,10.79,1923454.0,20362170.0
2013-10-09,10.81,11.13,11.03,10.77,3010179.0,32174824.0
2013-10-08,10.78,10.79,10.77,10.65,1336296.0,13954854.0
2013-09-30,10.59,10.79,10.70,10.59,949955.0,9865669.0
2013-09-27,10.50,10.78,10.60,10.50,1424929.0,14705221.0
2013-09-26,10.97,11.03,10.69,10.67,1636002.0,17249936.0
2013-09-25,10.84,11.08,10.96,10.84,1842499.0,19609256.0
2013-09-24,11.10,11.16,10.96,10.95,1529795.0,16363873.0
2013-09-23,10.99,11.14,11.10,10.98,1959823.0,21094088.0
2013-09-18,10.79,10.99,10.94,10.71,1441749.0,15208415.0
2013-09-17,11.11,11.11,10.87,10.83,2305331.0,24486146.0
2013-09-16,11.21,11.26,11.15,11.12,1840367.0,20009600.0
2013-09-13,11.31,11.31,11.11,11.05,4345562.0,47195760.0
2013-09-12,11.61,11.61,11.42,11.40,3452041.0,38471244.0
2013-09-11,11.41,11.78,11.71,11.27,6759966.0,76306296.0
2013-09-10,11.52,11.56,11.54,11.36,3975264.0,44239076.0
2013-09-09,11.64,11.71,11.59,11.45,3870996.0,43557968.0
2013-09-06,11.26,11.48,11.47,11.15,2652800.0,29286388.0
2013-09-05,11.39,11.49,11.38,11.27,3967202.0,43863392.0
2013-09-04,11.82,11.92,11.70,11.64,4774848.0,54621668.0
2013-09-03,11.67,11.72,11.67,11.51,3998029.0,45076120.0
2013-09-02,11.39,11.82,11.80,11.18,5163487.0,58092532.0
2013-08-30,11.66,11.66,11.44,11.31,5715198.0,63427904.0
2013-08-29,12.09,12.13,11.75,11.66,9003808.0,103764280.0
2013-08-28,11.42,12.35,12.35,11.41,16535222.0,193948864.0
2013-08-27,11.20,11.27,11.23,11.03,3503559.0,38064248.0
2013-08-26,11.06,11.27,11.22,11.01,4281126.0,46360588.0
2013-08-23,11.10,11.12,10.73,10.58,3446211.0,36416260.0
2013-08-22,11.35,11.36,11.02,10.35,5468260.0,58541488.0
2013-08-21,11.37,11.55,11.49,11.32,2925917.0,32543380.0
2013-08-20,11.58,11.70,11.35,11.21,6304007.0,70018928.0
2013-08-19,11.41,12.01,11.80,11.41,5453668.0,62344968.0
2013-08-16,12.08,12.44,11.64,11.62,9900177.0,115616968.0
2013-08-15,11.19,12.17,11.70,11.19,13602669.0,156413600.0
2013-08-14,11.23,11.41,11.06,11.00,5867892.0,63896948.0
2013-08-13,11.33,11.40,11.38,11.06,6837437.0,74455688.0
2013-08-12,10.96,11.30,11.24,10.73,9042529.0,97308432.0
2013-08-09,10.67,10.86,10.73,10.59,7839722.0,81851392.0
2013-08-08,10.36,10.47,10.36,10.33,2559569.0,25904986.0
2013-08-07,10.38,10.51,10.33,10.28,3442205.0,34722764.0
2013-08-06,10.25,10.59,10.49,10.18,4106605.0,41577244.0
2013-08-05,10.23,10.33,10.31,10.18,2147660.0,21462254.0
2013-08-02,10.34,10.39,10.22,10.16,3157279.0,31548532.0
2013-08-01,10.11,10.36,10.33,10.08,2810358.0,28030720.0
2013-07-31,10.20,10.41,10.16,10.05,2337832.0,23177652.0
2013-07-30,9.99,10.36,10.28,9.99,3348247.0,33289388.0
2013-07-29,10.27,10.27,9.96,9.93,2187273.0,21369568.0
2013-07-26,10.41,10.52,10.30,10.23,3409677.0,34313328.0
2013-07-25,10.84,10.94,10.60,10.58,4192325.0,43852072.0
2013-07-24,10.90,11.07,11.01,10.66,9047287.0,95842320.0
2013-07-23,10.29,10.99,10.99,10.28,7846559.0,83276384.0
2013-07-22,9.75,10.02,9.99,9.66,1629690.0,15649258.0
2013-07-19,10.03,10.15,9.65,9.65,1697696.0,16312230.0
2013-07-18,10.24,10.33,10.02,9.97,1831138.0,18003112.0
2013-07-17,10.40,10.63,10.35,10.24,2330761.0,23739210.0
2013-07-16,10.33,10.40,10.40,10.18,1711574.0,17127260.0
2013-07-15,10.26,10.54,10.35,10.26,2087938.0,21087104.0
2013-07-12,10.57,10.62,10.30,10.29,2950762.0,29953638.0
2013-07-11,10.29,10.86,10.64,10.29,5306269.0,54548448.0
2013-07-10,9.73,10.16,10.13,9.56,2818453.0,27096304.0
2013-07-09,9.55,9.85,9.75,9.55,1450339.0,13696208.0
2013-07-08,10.08,10.08,9.52,9.51,2261455.0,21387340.0
2013-07-05,10.20,10.61,10.30,10.12,3455508.0,34921044.0
2013-07-04,9.84,10.54,10.30,9.73,3810925.0,37623564.0
2013-07-03,9.80,10.13,10.02,9.60,2894475.0,27832460.0
2013-07-02,9.88,9.96,9.87,9.72,1528209.0,14602271.0
2013-07-01,9.84,9.89,9.85,9.66,1727864.0,16478901.0
2013-06-28,9.48,9.93,9.71,9.25,2171846.0,20301010.0
2013-06-27,9.77,9.94,9.59,9.57,1990959.0,18981364.0
2013-06-26,9.95,10.01,9.85,9.62,1981412.0,18862584.0
2013-06-25,10.19,10.27,9.91,9.30,2577445.0,24558448.0
2013-06-24,10.95,11.19,10.18,10.13,2142089.0,22045996.0
2013-06-21,10.79,11.44,11.19,10.69,1836001.0,19608656.0
2013-06-20,11.68,11.68,11.26,11.21,1228764.0,13726434.0
2013-06-19,12.05,12.05,11.84,11.50,1926899.0,21959792.0
2013-06-18,12.24,12.30,12.09,12.03,1114587.0,13116559.0
2013-06-17,12.36,12.36,12.22,12.19,837325.0,9997202.0
2013-06-14,12.31,12.44,12.33,12.10,1158080.0,13810375.0
2013-06-13,12.93,12.93,12.30,12.24,1755541.0,21159468.0
2013-06-07,13.29,13.37,12.98,12.97,1540783.0,19674788.0
2013-06-06,13.44,13.44,13.22,13.21,1866662.0,24165358.0
2013-06-05,13.44,13.50,13.44,13.33,1545151.0,20139348.0
2013-06-04,13.75,13.76,13.44,13.42,1863338.0,24545336.0
2013-06-03,13.73,13.77,13.60,13.55,2186072.0,29120512.0
2013-05-31,14.15,14.23,13.82,13.81,2941197.0,40164916.0
2013-05-30,13.84,14.10,13.96,13.76,3163217.0,43044288.0
2013-05-29,13.90,13.93,13.84,13.78,2787775.0,37677296.0
2013-05-28,13.55,13.96,13.94,13.47,4405456.0,59300580.0
2013-05-27,13.67,13.67,13.54,13.53,2179870.0,28897356.0
2013-05-24,13.82,13.90,13.70,13.63,1967927.0,26371688.0
2013-05-23,13.84,14.03,13.82,13.67,2603657.0,35134656.0
2013-05-22,13.87,14.11,13.99,13.72,3785385.0,51421824.0
2013-05-21,13.89,13.94,13.87,13.71,2451854.0,33105316.0
2013-05-20,13.52,13.93,13.84,13.51,4241333.0,56822616.0
2013-05-17,13.45,13.63,13.60,13.25,2987654.0,39174560.0
2013-05-16,13.40,13.50,13.45,13.13,2405308.0,31276812.0
2013-05-15,13.47,13.55,13.42,13.31,1949832.0,25518838.0
2013-05-14,14.01,14.02,13.51,13.48,2555725.0,33984412.0
2013-05-13,14.25,14.26,14.05,13.98,2072647.0,28545768.0
2013-05-10,14.04,14.42,14.38,14.03,2404411.0,33541628.0
2013-05-09,14.12,14.33,14.27,13.99,2785853.0,38578264.0
2013-05-08,14.29,14.34,14.17,13.85,3523105.0,48408860.0
2013-05-07,13.45,14.65,14.22,13.43,5373369.0,74385360.0
2013-05-06,13.45,13.60,13.52,13.44,1269832.0,16764041.0
2013-05-03,13.19,13.33,13.23,13.16,1123366.0,14537340.0
2013-05-02,13.48,13.48,13.05,13.03,1315477.0,16841348.0
2013-04-26,13.69,13.91,13.49,13.48,1553077.0,20740484.0
2013-04-25,13.67,13.70,13.48,13.45,1017581.0,13494090.0
2013-04-24,13.50,13.68,13.61,13.39,1244891.0,16473000.0
2013-04-23,13.85,13.85,13.47,13.40,1308170.0,17335364.0
2013-04-22,13.83,13.93,13.85,13.67,1651171.0,22205680.0
2013-04-19,13.56,13.96,13.95,13.56,2423136.0,32667558.0
2013-04-18,13.33,13.59,13.55,13.32,1408039.0,18514358.0
2013-04-17,13.69,13.74,13.55,13.42,1921838.0,25461392.0
2013-04-16,13.29,13.92,13.76,13.08,2851140.0,37356340.0
2013-04-15,14.34,14.42,13.98,13.88,3501024.0,48289148.0
2013-04-12,15.15,15.15,14.95,14.93,854605.0,12552320.0
2013-04-11,15.22,15.31,15.10,15.02,1327113.0,19614012.0
2013-04-10,15.38,15.56,15.36,15.24,1660474.0,24970780.0
2013-04-09,15.00,15.33,15.20,14.90,1477442.0,21928988.0
2013-04-08,15.00,15.41,15.10,14.56,1721864.0,25378884.0
2013-04-03,15.11,15.16,15.06,14.93,1200574.0,17648516.0
2013-04-02,15.44,15.51,15.23,15.22,1057421.0,15835901.0
2013-04-01,15.28,15.46,15.29,15.17,753085.0,11288032.0
2013-03-29,15.57,15.67,15.35,15.31,1309656.0,19695644.0
2013-03-28,15.69,16.06,15.57,15.52,2155574.0,33106432.0
2013-03-27,15.88,15.96,15.81,15.77,1120179.0,17356676.0
2013-03-26,16.15,16.23,15.87,15.74,1688477.0,26219202.0
2013-03-25,15.99,16.25,16.09,15.99,1622048.0,25507372.0
2013-03-22,16.08,16.15,16.06,15.94,1431127.0,22434080.0
2013-03-21,16.08,16.08,15.97,15.88,1502202.0,23434700.0
2013-03-20,15.75,16.07,16.04,15.68,1693175.0,26349404.0
2013-03-19,15.58,15.77,15.77,15.51,1062760.0,16243537.0
2013-03-18,16.04,16.16,15.58,15.55,1953496.0,30133458.0
2013-03-15,16.18,16.37,16.13,16.04,1181749.0,18702732.0
2013-03-14,16.35,16.44,16.12,16.04,1408777.0,22234562.0
2013-03-13,16.24,16.54,16.35,16.24,2033010.0,32543930.0
2013-03-12,16.37,16.59,16.19,16.05,2068882.0,33000434.0
2013-03-11,16.27,16.44,16.33,16.17,1126435.0,17941236.0
2013-03-08,16.39,16.50,16.30,16.28,1602924.0,25628276.0
2013-03-07,16.42,16.59,16.42,16.17,2783864.0,44511468.0
2013-03-06,16.34,16.47,16.40,16.29,1698519.0,27150692.0
2013-03-05,16.00,16.57,16.33,16.00,1678201.0,26754772.0
2013-03-04,16.59,16.59,16.00,15.85,2793149.0,44192240.0
2013-03-01,16.72,16.72,16.66,16.48,2452961.0,39773240.0
2013-02-28,16.55,16.87,16.80,16.51,1922022.0,31376454.0
2013-02-27,16.66,16.78,16.57,16.49,1317686.0,21399708.0
2013-02-26,16.70,16.84,16.49,16.46,1819894.0,29641014.0
2013-02-25,16.78,16.87,16.75,16.59,1320031.0,21541376.0
2013-02-22,16.63,16.85,16.77,16.61,1771307.0,28921584.0
2013-02-21,17.10,17.10,16.63,16.42,4142184.0,67735576.0
2013-02-20,17.28,17.38,17.36,17.11,1997826.0,33709800.0
2013-02-19,17.36,17.46,17.18,17.10,2436391.0,40984232.0
2013-02-18,17.64,17.71,17.38,17.36,5324541.0,90896464.0
2013-02-08,17.81,18.11,18.04,17.80,4121663.0,72345360.0
2013-02-07,18.29,18.30,18.07,17.97,3849421.0,68263536.0
2013-02-06,18.02,18.27,18.22,17.92,3829364.0,67703944.0
2013-02-05,17.82,18.09,17.96,17.74,3917801.0,68732616.0
2013-02-04,18.09,18.23,18.08,17.71,5922629.0,104316416.0
2013-02-01,17.62,17.88,17.82,17.42,4078064.0,70193104.0
2013-01-31,17.56,18.42,17.88,17.56,8637966.0,151906496.0
2013-01-30,17.43,17.60,17.37,17.28,2832051.0,48220544.0
2013-01-29,17.09,17.68,17.47,16.98,3514088.0,59402916.0
2013-01-28,16.75,17.04,17.02,16.75,1806263.0,29878578.0
2013-01-25,16.78,17.10,16.77,16.66,1658518.0,27306160.0
2013-01-24,17.34,17.52,16.81,16.78,3157820.0,52883956.0
2013-01-23,17.29,17.53,17.36,17.05,2383251.0,40212632.0
2013-01-22,17.56,17.62,17.28,17.20,2535823.0,43106440.0
2013-01-21,17.61,17.70,17.56,17.44,2409316.0,41302768.0
2013-01-18,17.48,17.68,17.59,17.20,2903896.0,49647944.0
2013-01-17,17.77,17.78,17.37,17.35,3723597.0,63656472.0
2013-01-16,17.73,18.28,17.86,17.62,7368452.0,128879472.0
2013-01-15,17.41,17.74,17.69,17.33,5444593.0,93469680.0
2013-01-14,16.76,17.39,17.36,16.76,2922938.0,49037192.0
2013-01-11,17.60,17.62,16.92,16.90,3109062.0,52293808.0
2013-01-10,17.23,17.51,17.42,17.21,3681190.0,62433320.0
2013-01-09,17.24,17.30,17.26,17.05,2741409.0,46035004.0
2013-01-08,17.23,17.28,17.21,17.00,2465124.0,41265996.0
2013-01-07,17.21,17.34,17.23,17.01,2366513.0,39594608.0
2013-01-04,17.72,17.91,17.35,17.26,4374938.0,74663816.0
2012-12-31,17.25,17.56,17.54,17.11,3710709.0,63065900.0
2012-12-28,16.99,17.36,17.25,16.95,3015455.0,50630580.0
2012-12-27,17.21,17.36,16.99,16.96,3856607.0,64399304.0
2012-12-26,16.99,17.51,17.30,16.85,5581719.0,93943888.0
2012-12-25,16.59,17.14,16.95,16.42,3923990.0,64570488.0
2012-12-24,16.53,16.77,16.61,16.46,1438751.0,23270976.0
2012-12-21,16.49,17.01,16.61,16.41,2738469.0,44551008.0
2012-12-20,16.39,16.92,16.78,16.06,3687705.0,59484172.0
2012-12-19,16.62,16.67,16.52,16.42,2638840.0,42590936.0
2012-12-18,16.79,16.99,16.80,16.59,3028888.0,49799696.0
2012-12-17,16.52,17.19,16.78,16.43,4141349.0,67937960.0
2012-12-14,15.87,16.66,16.51,15.87,3916079.0,62799388.0
2012-12-13,16.49,16.49,16.03,16.01,2822318.0,44768052.0
2012-12-12,16.02,16.67,16.63,15.94,4710791.0,75252016.0
2012-12-11,16.27,16.32,16.02,15.92,2576116.0,40530856.0
2012-12-10,15.86,16.16,16.14,15.86,1977291.0,30976484.0
2012-12-07,15.46,16.26,15.88,15.46,1797228.0,27918768.0
2012-12-06,15.74,15.79,15.53,15.48,1448769.0,22052092.0
2012-12-05,14.91,16.27,15.76,14.76,2352377.0,36093568.0
2012-12-04,14.83,15.09,15.05,14.42,1288754.0,18529964.0
2012-12-03,15.59,15.59,14.84,14.75,1133068.0,16946480.0
2012-11-30,15.42,15.66,15.55,15.36,942908.0,14307232.0
2012-11-29,15.81,15.96,15.34,15.28,1191650.0,18227004.0
2012-11-28,16.59,16.59,15.83,15.77,1778024.0,27748022.0
2012-11-27,17.26,17.40,16.65,16.64,1454427.0,24115068.0
2012-11-26,17.44,17.55,17.29,17.26,1344943.0,22861404.0
2012-11-23,17.21,17.43,17.20,17.17,756343.0,12777665.0
2012-11-22,17.49,17.51,17.26,17.21,821845.0,13962677.0
2012-11-21,17.21,17.54,17.49,17.11,1224341.0,20764440.0
2012-11-20,18.03,18.09,17.37,17.36,1638511.0,28208856.0
2012-11-19,17.35,17.50,17.45,17.13,1239146.0,20997194.0
2012-11-16,16.97,18.23,17.45,16.77,2101552.0,35218268.0
2012-11-15,17.02,17.26,16.97,16.96,983702.0,16426692.0
2012-11-14,17.07,17.28,17.23,17.00,1067366.0,17881762.0
2012-11-13,17.61,17.61,17.09,17.00,2224198.0,37316584.0
2012-11-12,17.59,17.76,17.63,17.52,1303423.0,22401272.0
2012-11-09,17.62,17.86,17.57,17.47,1241688.0,21423102.0
2012-11-08,17.94,18.01,17.54,17.46,2454288.0,42435816.0
2012-11-07,17.95,18.54,18.24,17.95,3700096.0,65846120.0
2012-11-06,17.64,17.90,17.87,17.44,1976116.0,34116440.0
2012-11-05,17.56,17.74,17.71,17.51,1889901.0,32533012.0
2012-11-02,18.18,18.28,17.94,17.86,2197515.0,38589304.0
2012-11-01,17.77,18.41,18.19,17.75,2785706.0,49179464.0
2012-10-31,17.77,17.82,17.66,17.42,1367187.0,23502500.0
2012-10-30,17.53,17.89,17.65,17.53,1087038.0,18788230.0
2012-10-29,17.61,17.86,17.71,17.59,1331282.0,23063748.0
2012-10-26,18.55,18.55,17.59,17.55,3653543.0,63646008.0
2012-10-25,18.31,18.53,18.47,18.16,2413731.0,43225576.0
2012-10-24,18.41,18.57,18.32,18.23,2479373.0,44487072.0
2012-10-23,18.64,18.90,18.55,18.53,2165288.0,39461120.0
2012-10-22,18.44,18.65,18.63,18.34,2200453.0,39750360.0
2012-10-19,18.95,19.00,18.70,18.66,2887768.0,52958232.0
2012-10-18,18.82,19.19,19.03,18.78,3161368.0,58457768.0
2012-10-17,18.70,18.93,18.81,18.65,2923761.0,53613128.0
2012-10-16,18.44,18.87,18.66,18.33,3134075.0,57204112.0
2012-10-15,19.04,19.05,18.70,18.45,5737013.0,105124056.0
2012-10-12,19.90,20.07,19.40,19.15,6671546.0,127210096.0
2012-10-11,19.61,20.33,19.82,19.51,8989363.0,175196640.0
2012-10-10,19.50,19.93,19.87,19.36,8211140.0,157076224.0
2012-10-09,19.80,20.27,19.89,19.68,7853296.0,152562576.0
2012-10-08,20.09,20.35,19.66,19.48,8053172.0,155379792.0
2012-09-28,20.05,20.94,20.50,19.99,12844935.0,257193616.0
2012-09-27,19.15,20.64,20.04,19.02,13992511.0,272165856.0
2012-09-26,20.20,20.23,19.21,19.01,10779704.0,206236528.0
2012-09-25,20.59,20.81,20.35,20.16,12543167.0,250592832.0
2012-09-24,20.69,21.47,21.13,20.18,24474472.0,497798048.0
2012-09-21,18.69,20.76,20.76,18.69,18017860.0,358351872.0
2012-09-20,19.07,19.72,18.88,18.84,9355685.0,176778032.0
2012-09-19,18.35,19.45,19.38,18.13,6184628.0,114015280.0
2012-09-18,18.19,18.61,18.33,18.13,4125798.0,73895720.0
2012-09-17,19.11,19.72,19.02,19.00,8009590.0,151474288.0
2012-09-14,19.54,19.92,19.00,18.95,9133224.0,172273040.0
2012-09-13,18.72,18.82,18.38,18.36,3378386.0,61088052.0
2012-09-12,18.94,19.32,18.86,18.72,4521258.0,83913944.0
2012-09-11,18.62,18.92,18.76,18.46,3591762.0,65649112.0
2012-09-10,19.15,19.44,18.90,18.84,6619213.0,123343728.0
2012-09-07,18.13,19.03,18.67,18.04,8147887.0,147241760.0
2012-09-06,17.77,18.13,18.10,17.64,2595672.0,45324620.0
2012-09-05,17.45,17.93,17.69,17.44,2593309.0,45057672.0
2012-09-04,17.77,17.81,17.66,17.50,2003126.0,34539296.0
2012-09-03,17.62,17.97,17.70,17.51,2868911.0,49803088.0
2012-08-31,16.90,17.26,17.18,16.85,1225712.0,20369230.0
2012-08-30,17.40,17.55,17.00,16.62,1810995.0,30238740.0
2012-08-29,17.41,17.90,17.39,17.31,1469154.0,25136186.0
2012-08-28,17.93,18.02,17.67,17.21,3632523.0,62425140.0
2012-08-27,18.38,18.79,18.03,17.97,3650389.0,65639472.0
2012-08-24,19.05,19.14,18.39,18.38,5395872.0,98710240.0
2012-08-23,18.76,19.34,19.24,18.75,11294676.0,209408272.0
2012-08-22,18.74,18.82,18.51,18.44,1947251.0,35393132.0
2012-08-21,18.34,18.97,18.58,18.14,2583322.0,47070224.0
2012-08-20,18.04,18.19,18.14,17.82,1070799.0,18826868.0
2012-08-17,18.01,18.41,18.13,17.94,1072884.0,18994546.0
2012-08-16,17.92,18.12,17.95,17.91,980861.0,17233188.0
2012-08-15,18.34,18.34,18.02,17.95,1289219.0,22724288.0
2012-08-14,18.23,18.64,18.39,17.90,1806084.0,32060164.0
2012-08-13,18.79,19.04,18.35,18.31,1787342.0,32593862.0
2012-08-10,19.05,19.10,18.72,18.69,1567505.0,28787178.0
2012-08-09,19.02,19.05,19.00,18.64,2674511.0,49267220.0
2012-08-08,18.74,19.56,19.04,18.74,5290889.0,99113456.0
2012-08-07,18.59,19.05,18.92,18.50,3958028.0,72999728.0
2012-08-06,18.10,18.63,18.58,17.93,2223681.0,39928984.0
2012-08-03,17.92,18.05,18.02,17.77,1280836.0,22425338.0
2012-08-02,18.55,18.63,17.85,17.74,3247815.0,57126396.0
2012-08-01,18.45,18.95,18.76,18.45,1930835.0,35194856.0
2012-07-31,18.84,19.02,18.56,18.53,1191999.0,21704750.0
2012-07-30,19.20,19.42,18.84,18.81,1672561.0,31085100.0
2012-07-27,19.55,19.56,19.31,19.17,1109777.0,20936816.0
2012-07-26,19.10,19.62,19.24,19.05,2624533.0,49785184.0
2012-07-25,18.93,19.46,19.01,18.93,998697.0,18707012.0
2012-07-24,18.86,19.22,19.10,18.86,713038.0,13267418.0
2012-07-23,19.31,19.31,19.02,18.94,1057394.0,19653084.0
2012-07-20,19.44,19.56,19.37,19.31,1507867.0,28578238.0
2012-07-19,19.20,19.85,19.42,19.11,3685119.0,70389312.0
2012-07-18,18.87,19.36,19.21,18.74,1680082.0,31242504.0
2012-07-17,18.54,19.43,19.10,18.45,2510618.0,46678900.0
2012-07-16,19.02,19.25,18.53,18.47,2263816.0,41551612.0
2012-07-13,19.33,19.81,19.31,19.25,1976420.0,37659896.0
2012-07-12,18.86,19.89,19.53,18.65,3537176.0,66806148.0
2012-07-11,18.64,19.31,19.00,18.59,1259530.0,23225900.0
2012-07-10,18.82,18.91,18.66,18.53,1108158.0,20223484.0
2012-07-09,19.12,19.38,18.89,18.86,1805751.0,33709376.0
2012-07-06,19.16,19.66,19.55,18.91,1989744.0,37539920.0
2012-07-05,19.46,19.46,19.00,18.90,1752508.0,32779800.0
2012-07-04,19.77,19.85,19.52,19.46,2078108.0,39749896.0
2012-07-03,19.23,19.76,19.51,19.23,1527928.0,29057920.0
2012-07-02,19.51,19.77,19.36,19.25,2268794.0,43243492.0
2012-06-29,18.55,19.19,19.03,18.52,1861693.0,34355920.0
2012-06-28,19.20,19.62,18.87,18.74,1324813.0,24769428.0
2012-06-27,19.46,19.48,19.12,19.11,1426612.0,26854366.0
2012-06-26,19.15,19.77,19.48,19.15,1974887.0,37499992.0
2012-06-25,19.36,19.97,19.13,19.08,2219481.0,41886144.0
2012-06-21,20.13,20.13,19.66,19.64,2758920.0,53273092.0
2012-06-20,20.43,20.57,20.28,20.19,1857044.0,36847092.0
2012-06-19,20.74,20.74,20.43,20.37,3392600.0,67897880.0
2012-06-18,20.67,21.03,20.85,20.66,4603607.0,93552776.0
2012-06-15,20.74,20.89,20.67,20.32,2451255.0,49293976.0
2012-06-14,20.71,21.16,20.68,20.64,5065326.0,103284464.0
2012-06-13,20.39,20.53,20.47,20.23,2569746.0,51268152.0
2012-06-12,20.36,20.38,20.27,20.08,1882064.0,37152580.0
2012-06-11,20.26,20.58,20.51,20.26,2108521.0,42076876.0
2012-06-08,20.59,20.61,20.14,20.09,2933166.0,58112952.0
2012-06-07,21.19,21.25,20.52,20.43,3598098.0,73130016.0
2012-06-06,20.48,21.30,20.78,20.48,5008403.0,102371488.0
2012-06-05,20.65,20.86,20.37,20.18,3668552.0,73153760.0
2012-06-04,21.71,21.87,20.74,20.72,6876170.0,143169184.0
2012-06-01,21.30,21.71,21.35,21.21,4608754.0,96649464.0
2012-05-31,21.15,21.90,21.43,21.05,4223559.0,88640312.0
2012-05-30,21.48,21.50,21.27,21.17,4436130.0,92276328.0
2012-05-29,21.20,21.91,21.62,21.05,7604515.0,160650960.0
2012-05-28,20.53,21.49,21.34,20.18,3707189.0,75644552.0
2012-05-25,21.00,21.14,20.70,20.59,2378746.0,48345672.0
2012-05-24,21.30,21.30,20.98,20.90,3053203.0,62847868.0
2012-05-23,21.51,21.73,21.29,21.10,3594192.0,75450296.0
2012-05-22,21.60,21.90,21.71,21.36,3912049.0,82736912.0
2012-05-21,21.25,21.91,21.47,20.89,4624033.0,97187528.0
2012-05-18,21.40,21.81,21.06,20.95,4630798.0,97175640.0
2012-05-17,20.97,21.68,21.56,20.90,5606431.0,117557216.0
2012-05-16,21.03,21.38,20.89,20.82,4507860.0,92934688.0
2012-05-15,20.89,21.24,21.19,20.52,6667886.0,136423088.0
2012-05-14,22.22,22.22,21.36,21.24,8140375.0,172439296.0
2012-05-10,22.40,22.63,22.12,21.86,7694562.0,167934960.0
2012-05-09,22.63,22.93,22.60,22.15,8425913.0,186362416.0
2012-05-08,23.75,23.75,23.27,23.03,13180493.0,301051872.0
2012-05-07,22.12,24.34,23.97,21.94,20275848.0,463546656.0
2012-05-04,21.40,22.35,22.24,21.01,13229494.0,283357664.0
2012-05-03,21.00,21.44,21.39,20.90,8210624.0,170617216.0
2012-05-02,21.25,21.69,21.15,20.71,9150213.0,190849328.0
2012-04-27,20.58,20.73,20.55,20.33,3018617.0,60885332.0
2012-04-26,20.22,20.88,20.58,20.14,5596684.0,112982576.0
2012-04-25,19.99,20.58,20.20,19.99,3648012.0,72654248.0
2012-04-24,19.57,20.07,19.74,19.16,2478860.0,47521868.0
2012-04-23,20.38,20.51,19.81,19.75,2604638.0,51422776.0
2012-04-20,20.23,20.84,20.47,20.13,2947764.0,59183800.0
2012-04-19,20.25,20.47,20.26,20.08,2955963.0,58756856.0
2012-04-18,19.95,20.89,20.46,19.62,6556015.0,130182184.0
2012-04-17,19.55,20.00,19.68,19.48,2646735.0,51067888.0
2012-04-16,19.62,19.77,19.68,19.33,4020463.0,76995592.0
2012-04-13,20.06,20.23,20.04,19.79,3340635.0,65720444.0
2012-04-12,19.36,19.94,19.87,19.36,3289393.0,63510700.0
2012-04-11,18.99,19.54,19.51,18.75,2765947.0,52564368.0
2012-04-10,19.06,19.31,19.27,18.59,2145288.0,39987072.0
2012-04-09,19.16,19.38,19.12,19.06,1674598.0,31576564.0
2012-04-06,19.19,19.46,19.25,18.98,2100998.0,39649616.0
2012-04-05,18.81,19.32,19.26,18.36,2892480.0,53932808.0
2012-03-30,18.79,19.14,18.85,18.43,1965215.0,36190896.0
2012-03-29,19.52,19.52,18.79,18.65,2973837.0,55449872.0
2012-03-28,20.78,20.78,19.76,19.67,3597157.0,70960088.0
2012-03-27,21.20,21.30,20.86,20.73,2631165.0,54390016.0
2012-03-26,20.77,20.90,20.71,20.47,2643035.0,53693672.0
2012-03-23,21.19,21.19,20.64,20.38,3683355.0,75035056.0
2012-03-22,21.75,21.86,21.32,21.20,3693482.0,77899376.0
2012-03-21,21.36,22.20,21.71,21.16,7303101.0,155803120.0
2012-03-20,21.51,21.56,21.08,21.02,3144412.0,65482432.0
2012-03-19,20.89,21.71,21.69,20.81,4328159.0,90487248.0
2012-03-16,20.71,21.12,21.10,20.66,3163268.0,65023136.0
2012-03-15,20.90,21.15,20.58,20.23,4804299.0,97357128.0
2012-03-14,22.21,22.58,21.28,21.10,8202571.0,177075424.0
2012-03-13,22.01,22.24,22.20,21.81,3471255.0,75053872.0
2012-03-12,21.95,22.52,22.17,21.76,6263563.0,135871792.0
2012-03-09,21.51,22.00,21.73,21.45,3842468.0,81743072.0
2012-03-08,20.87,21.91,21.40,20.87,5735085.0,120947616.0
2012-03-07,20.68,21.09,20.74,20.54,3951010.0,80545040.0
2012-03-06,21.61,21.61,21.13,21.00,4637231.0,96564432.0
2012-03-05,21.89,22.22,21.72,21.61,5229762.0,112281584.0
2012-03-02,21.61,22.30,21.87,21.61,5020884.0,107830792.0
2012-03-01,21.05,21.98,21.57,20.92,8268742.0,174266592.0
2012-02-29,21.12,22.93,22.16,21.12,16600450.0,359643232.0
2012-02-28,20.90,21.09,20.88,20.59,5452718.0,111256608.0
2012-02-27,21.51,21.91,21.03,21.00,8571942.0,180229648.0
2012-02-24,21.59,21.69,21.38,21.20,6670271.0,139976064.0
2012-02-23,20.88,21.77,21.41,20.76,11214960.0,234279984.0
2012-02-22,20.81,20.98,20.74,20.54,5970142.0,121503176.0
2012-02-21,20.03,20.87,20.58,19.91,6792629.0,136588608.0
2012-02-20,20.29,20.41,19.99,19.98,3350775.0,66464096.0
2012-02-17,20.08,20.26,19.96,19.80,2151948.0,42250008.0
2012-02-16,20.28,20.28,20.02,19.87,3334341.0,65601500.0
2012-02-15,19.94,20.56,20.27,19.93,4819913.0,95894544.0
2012-02-14,20.08,20.24,19.93,19.72,3572997.0,69797912.0
2012-02-13,19.87,20.37,20.13,19.73,3857975.0,76100128.0
2012-02-10,20.38,20.58,20.16,19.98,5047254.0,100466840.0
2012-02-09,20.54,20.60,20.37,20.22,6783646.0,135869248.0
2012-02-08,19.49,21.25,20.78,19.45,9753653.0,194188272.0
2012-02-07,19.38,19.49,19.34,18.94,3072265.0,57855720.0
2012-02-06,19.62,19.85,19.62,19.42,3178398.0,61083360.0
2012-02-03,19.45,20.36,19.81,19.36,5124203.0,99996608.0
2012-02-02,18.98,19.38,19.36,18.80,2818686.0,52955492.0
2012-02-01,19.46,19.68,18.73,18.63,3330170.0,62712836.0
2012-01-31,19.63,19.72,19.53,19.26,2960907.0,56528044.0
2012-01-30,20.16,20.69,19.63,19.60,6219959.0,122758848.0
2012-01-20,20.01,20.01,19.57,19.24,4825720.0,92799288.0
2012-01-19,18.91,20.63,19.97,18.62,8435256.0,163897552.0
2012-01-18,19.59,20.67,19.06,18.86,10557713.0,204768000.0
2012-01-17,16.59,19.10,19.10,16.49,8385776.0,150244320.0
2012-01-13,17.82,18.29,17.37,17.13,4057034.0,70138680.0
2012-01-12,17.63,18.34,17.92,17.41,4282883.0,75293848.0
2012-01-11,17.73,17.94,17.72,17.38,3997649.0,69340864.0
2012-01-10,16.74,18.02,17.87,16.53,5720875.0,96465048.0
2012-01-09,15.45,16.81,16.74,15.40,3844713.0,61445584.0
2012-01-06,15.34,15.64,15.61,15.04,1597317.0,24035024.0
2012-01-05,15.62,15.94,15.33,15.29,1402403.0,21484792.0
2012-01-04,16.36,16.45,15.73,15.68,1944639.0,30793874.0
2011-12-30,15.62,16.05,16.04,15.59,2036905.0,31767288.0
2011-12-29,15.59,15.70,15.51,15.41,1577703.0,24113708.0
2011-12-28,15.68,15.78,15.70,15.30,1236462.0,18806776.0
2011-12-27,15.81,16.10,15.67,15.54,959907.0,14879816.0
2011-12-26,15.29,16.12,15.81,15.29,1278849.0,19941324.0
2011-12-23,15.70,16.28,16.04,15.64,1702249.0,26736772.0
2011-12-22,15.65,16.18,15.82,15.25,1874731.0,28691498.0
2011-12-21,16.54,16.68,15.99,15.97,1794019.0,28836788.0
2011-12-20,16.07,16.46,16.31,16.06,2005760.0,32075178.0
2011-12-19,16.18,16.18,16.11,15.62,1475132.0,23016710.0
2011-12-16,15.79,16.30,16.28,15.69,1561529.0,24501096.0
2011-12-15,16.32,16.61,15.78,15.76,2682659.0,42216228.0
2011-12-14,17.32,17.41,16.97,16.92,1794560.0,30158220.0
2011-12-13,18.15,18.23,17.39,17.33,2253709.0,39056612.0
2011-12-12,18.60,18.72,18.46,18.45,1054448.0,19239538.0
2011-12-09,18.57,18.84,18.55,18.45,1848032.0,33748004.0
2011-12-08,18.91,19.26,18.98,18.57,1501293.0,27842126.0
2011-12-07,18.86,19.08,19.02,18.80,782176.0,14549542.0
2011-12-06,18.92,19.36,18.84,18.59,1495455.0,27647750.0
2011-12-05,19.55,19.62,18.92,18.88,1775395.0,33311424.0
2011-12-02,19.88,19.88,19.63,19.36,1975944.0,37962504.0
2011-12-01,19.98,20.67,20.02,19.95,5070462.0,100838632.0
2011-11-30,20.37,20.37,19.21,18.86,3250024.0,62480144.0
2011-11-29,20.18,20.50,20.39,20.03,2791543.0,55567220.0
2011-11-28,20.04,20.17,19.92,19.75,1503680.0,29388310.0
2011-11-25,19.72,20.08,19.71,19.69,1353253.0,26374994.0
2011-11-24,19.38,19.97,19.72,19.38,1363879.0,26324380.0
2011-11-23,20.16,20.31,19.98,19.98,1582519.0,31251232.0
2011-11-22,19.91,20.01,19.95,19.67,1468677.0,28617536.0
2011-11-21,19.88,20.38,20.17,19.84,1732070.0,34152292.0
2011-11-18,20.24,20.28,19.97,19.95,2669723.0,52701556.0
2011-11-17,20.99,21.19,20.65,20.38,3140339.0,63996112.0
2011-11-16,21.81,21.86,21.06,21.02,3182809.0,66752824.0
2011-11-15,21.67,21.83,21.82,21.44,2748255.0,58321720.0
2011-11-14,21.39,21.79,21.71,21.37,3370565.0,71563456.0
2011-11-11,21.22,21.38,21.15,21.00,2583676.0,53647268.0
2011-11-10,21.59,21.79,21.22,21.22,4215910.0,88621784.0
2011-11-09,21.96,22.22,22.07,21.56,3250247.0,69695184.0
2011-11-08,22.59,22.78,21.92,21.91,4660850.0,101611984.0
2011-11-07,22.30,22.37,22.35,21.77,4212879.0,91289504.0
2011-11-04,22.19,22.73,22.16,22.01,6827300.0,149673152.0
2011-11-03,21.61,22.36,21.67,21.51,6800731.0,146034976.0
2011-11-02,20.58,21.45,21.43,20.40,3767368.0,77166144.0
2011-11-01,21.00,21.27,21.10,20.80,2652445.0,54717920.0
2011-10-31,21.25,21.48,21.23,21.02,4057451.0,84543392.0
2011-10-28,21.39,21.62,21.38,21.12,6331256.0,132904176.0
2011-10-27,21.10,21.10,20.56,20.38,4681176.0,95365568.0
2011-10-26,20.49,21.58,20.99,20.43,7625513.0,157397632.0
2011-10-25,19.77,21.07,20.64,19.57,6284939.0,125859104.0
2011-10-24,19.03,19.52,19.45,18.56,2524222.0,47320408.0
2011-10-21,19.38,19.52,18.84,18.80,2081822.0,38997380.0
2011-10-20,20.10,20.11,19.38,19.36,2271399.0,43684876.0
2011-10-19,20.54,20.69,20.31,20.22,1568653.0,31469862.0
2011-10-18,21.51,21.51,20.48,20.42,3069104.0,62749320.0
2011-10-17,21.79,22.12,21.66,21.53,1914077.0,40923576.0
2011-10-14,22.01,22.01,21.79,21.57,2291489.0,48901520.0
2011-10-13,21.49,22.18,21.95,21.25,4430404.0,95097528.0
2011-10-12,20.70,21.61,21.56,20.28,3712278.0,77277424.0
2011-10-11,21.39,21.56,20.87,20.59,2074086.0,43008508.0
2011-10-10,21.31,21.31,20.76,20.69,1414435.0,29050400.0
2011-09-30,21.05,21.19,21.07,20.64,1855686.0,38122100.0
2011-09-29,21.61,21.61,20.89,20.87,2451328.0,50862560.0
2011-09-28,22.27,22.38,21.91,21.81,2307741.0,50059080.0
2011-09-27,22.12,22.27,21.95,21.40,2475657.0,53250008.0
2011-09-26,22.29,22.69,21.81,21.73,3698750.0,80524344.0
2011-09-23,23.00,23.23,22.89,22.62,3166447.0,70945984.0
2011-09-22,24.14,24.33,23.54,23.50,2359945.0,55353048.0
2011-09-21,23.74,24.58,24.36,23.62,3062599.0,72730032.0
2011-09-20,23.46,23.89,23.58,23.29,1734855.0,40046192.0
2011-09-19,24.11,24.24,23.83,23.81,1857050.0,43704980.0
2011-09-16,23.90,24.33,24.09,23.80,2298054.0,54420928.0
2011-09-15,24.26,24.44,23.94,23.90,2025209.0,48146292.0
2011-09-14,24.46,24.58,24.22,23.51,2545881.0,59965676.0
2011-09-13,24.57,24.61,24.28,24.03,2572858.0,61195816.0
2011-09-09,25.60,25.79,25.20,25.17,2192491.0,54662944.0
2011-09-08,25.95,25.95,25.55,25.48,3078372.0,77458912.0
2011-09-07,25.66,25.97,25.95,25.34,3625554.0,91360840.0
2011-09-06,25.89,26.17,25.95,25.07,4063087.0,102342208.0
2011-09-05,26.35,26.78,25.90,25.87,3297094.0,85410768.0
2011-09-02,26.89,27.09,26.25,26.11,4300174.0,111484144.0
2011-09-01,27.43,27.65,27.00,26.99,3353823.0,89777576.0
2011-08-31,27.46,27.68,27.47,27.31,3196007.0,86216312.0
2011-08-30,27.42,27.52,27.23,27.17,3844249.0,103118344.0
2011-08-29,27.71,27.85,27.33,27.19,4009612.0,108191960.0
2011-08-26,27.42,27.77,27.59,27.31,5510701.0,149133824.0
2011-08-25,27.01,27.72,27.57,26.70,10117896.0,269792992.0
2011-08-24,28.59,28.59,27.73,27.63,11106441.0,305205184.0
2011-08-23,29.49,29.55,28.78,28.61,10248732.0,290844160.0
2011-08-22,29.56,29.75,29.44,28.77,11786696.0,338459968.0
2011-08-19,29.09,29.35,28.99,28.59,17096548.0,486661888.0
2011-08-18,28.42,30.03,28.90,28.23,20731700.0,592761024.0
2011-08-17,28.23,28.44,27.98,27.96,4846093.0,133900336.0
2011-08-16,28.26,28.61,28.58,27.55,9981347.0,275513184.0
2011-08-15,28.34,28.48,28.14,27.75,7516854.0,206827936.0
2011-08-12,28.09,28.84,28.54,27.84,8661311.0,241228112.0
2011-08-11,28.84,29.15,28.34,28.21,9791594.0,274446112.0
2011-08-10,28.12,28.63,28.44,27.88,9451976.0,262501952.0
2011-08-09,28.03,29.07,27.88,27.21,11829683.0,327196672.0
2011-08-08,27.63,29.61,28.67,26.01,18529100.0,513915488.0
2011-08-05,26.70,28.21,27.58,26.51,6122007.0,165342848.0
2011-08-04,28.55,28.90,28.10,27.95,6200561.0,172637120.0
2011-08-03,27.31,28.42,28.36,27.31,9375361.0,257268112.0
2011-08-02,26.71,27.19,27.17,25.99,5081745.0,132321056.0
2011-08-01,26.81,27.37,26.91,26.81,2635117.0,70053696.0
2011-07-29,27.62,27.71,26.91,26.85,3791176.0,100927208.0
2011-07-28,27.82,27.82,27.61,27.03,4351571.0,117395856.0
2011-07-27,27.69,28.41,28.25,27.45,6226396.0,172091296.0
2011-07-26,27.53,27.71,27.69,26.91,5069906.0,135810752.0
2011-07-25,28.53,28.70,27.70,27.47,6854889.0,188877008.0
2011-07-22,28.11,28.49,28.07,27.88,3768081.0,104067840.0
2011-07-21,29.05,29.06,28.25,28.05,5296975.0,148010704.0
2011-07-20,29.54,29.54,28.91,28.55,8239847.0,234952384.0
2011-07-19,29.56,30.15,29.85,29.56,10519264.0,307572224.0
2011-07-18,29.56,29.73,29.29,28.84,6544792.0,187822992.0
2011-07-15,28.89,29.46,29.06,28.79,8323402.0,237695984.0
2011-07-14,29.45,30.37,29.14,29.05,17003840.0,494981536.0
2011-07-13,27.54,29.25,28.72,27.54,13612557.0,382591296.0
2011-07-12,27.53,27.78,27.13,27.11,5233894.0,140793296.0
2011-07-11,27.64,28.10,27.94,27.03,5765444.0,155947296.0
2011-07-08,27.89,28.21,27.72,27.49,5055346.0,137861216.0
2011-07-07,27.80,28.29,27.70,27.63,7922625.0,217049824.0
2011-07-06,27.70,28.48,27.94,27.31,11038694.0,302731712.0
2011-07-05,28.23,28.25,27.53,27.30,12436308.0,336852768.0
2011-07-04,25.48,27.92,27.92,25.48,14432231.0,385776512.0
2011-07-01,25.29,25.58,25.38,25.19,4893324.0,121918528.0
2011-06-30,24.62,25.37,25.27,24.62,5013352.0,123723216.0
2011-06-29,25.17,25.35,24.47,24.46,3584002.0,87559040.0
2011-06-28,24.92,25.46,25.17,24.82,4394980.0,108684872.0
2011-06-27,24.79,25.25,24.90,24.61,4319663.0,105629304.0
2011-06-24,23.75,24.99,24.89,23.68,6029558.0,144895200.0
2011-06-23,23.54,24.31,24.13,23.43,3718610.0,87249656.0
2011-06-22,23.75,23.92,23.51,23.34,1987762.0,45929904.0
2011-06-21,23.33,23.70,23.69,23.17,2305028.0,53041820.0
2011-06-20,23.44,23.75,23.18,22.92,2696563.0,61682744.0
2011-06-17,24.20,24.62,23.57,23.45,2903924.0,68871736.0
2011-06-16,25.15,25.15,24.45,24.44,3734139.0,90510392.0
2011-06-15,25.63,25.91,25.32,25.31,3242143.0,81398792.0
2011-06-14,25.14,25.94,25.77,25.00,4218579.0,105959792.0
2011-06-13,25.02,25.41,25.19,24.67,2481646.0,60905096.0
2011-06-10,25.58,25.72,25.37,24.87,3567393.0,88604216.0
2011-06-09,25.88,26.75,25.56,25.55,6105326.0,156819872.0
2011-06-08,26.23,26.24,26.03,25.58,4416564.0,112165728.0
2011-06-07,25.36,26.25,26.23,25.32,5755074.0,146196848.0
2011-06-03,24.93,25.63,25.48,24.83,3910206.0,97174424.0
2011-06-02,25.13,25.42,25.07,24.66,2994808.0,73489848.0
2011-06-01,25.22,25.49,25.37,24.96,3377763.0,84173752.0
2011-05-31,24.72,25.32,25.30,24.55,3749102.0,92300256.0
2011-05-30,24.85,25.27,24.64,24.45,2958419.0,72466320.0
2011-05-27,25.88,25.98,24.85,24.83,4578165.0,113679000.0
2011-05-26,26.52,26.68,26.02,25.95,4184087.0,108338808.0
2011-05-25,26.47,26.74,25.94,25.88,4729648.0,122847696.0
2011-05-24,25.68,26.54,26.33,25.05,5050801.0,128689648.0
2011-05-23,27.67,27.67,26.06,26.04,6220845.0,163931728.0
2011-05-20,27.41,27.88,27.70,27.00,3700840.0,100047616.0
2011-05-19,28.12,28.32,27.52,27.45,5444183.0,149669792.0
2011-05-18,27.29,27.64,27.56,26.99,4337295.0,117227848.0
2011-05-17,26.99,28.03,27.52,26.84,6834899.0,185459136.0
2011-05-16,27.20,27.34,26.99,26.90,4266899.0,113973744.0
2011-05-13,26.93,27.66,27.62,26.56,6198794.0,165575456.0
2011-05-12,27.20,27.46,26.60,26.56,7412869.0,198011088.0
2011-05-11,28.42,28.69,28.19,28.04,7640567.0,213535712.0
2011-05-09,27.49,28.11,27.72,27.49,6155511.0,168588848.0
2011-05-06,27.00,27.91,27.33,26.71,9066768.0,243157968.0
2011-05-05,28.12,28.94,28.36,27.93,7191271.0,200833040.0
2011-05-04,29.54,29.86,28.94,28.93,9659532.0,278853088.0
2011-05-03,30.87,30.87,30.52,29.39,10181639.0,301759392.0
2011-04-29,31.27,31.94,31.83,30.78,4925940.0,152760608.0
2011-04-28,32.14,32.67,31.37,31.06,7448571.0,233611392.0
2011-04-27,32.63,32.98,31.20,30.96,9305621.0,292452352.0
2011-04-26,34.01,34.09,32.50,32.03,13969926.0,455445152.0
2011-04-25,35.02,36.19,35.41,33.95,20275396.0,704672960.0
2011-04-22,34.17,35.02,34.75,33.92,14852519.0,506346976.0
2011-04-21,34.01,34.40,33.91,33.66,9216962.0,308829568.0
2011-04-20,32.67,33.89,33.50,32.67,8667744.0,285640512.0
2011-04-19,33.29,33.90,32.64,32.58,9958807.0,326068384.0
2011-04-18,34.56,34.92,33.64,33.42,10080064.0,337499328.0
2011-04-15,35.32,35.63,34.44,34.11,13214089.0,453854208.0
2011-04-14,34.28,35.18,35.09,33.51,14862628.0,504662432.0
2011-04-13,34.01,34.48,34.31,33.30,11359192.0,379121216.0
2011-04-12,35.02,35.58,34.68,33.86,20104724.0,689977664.0
2011-04-11,36.34,37.55,35.87,35.63,30282362.0,1091788544.0
2011-04-08,34.59,36.00,35.39,34.21,23972420.0,828582144.0
2011-04-07,35.02,35.29,34.57,34.16,18718772.0,640284096.0
2011-04-06,33.85,35.21,34.92,33.38,29868788.0,1014683968.0
2011-04-01,34.02,34.19,33.24,32.49,11691954.0,382368544.0
2011-03-31,32.76,33.95,33.49,32.36,17523164.0,573321280.0
2011-03-30,31.97,33.49,32.79,31.68,13870798.0,445677056.0
2011-03-29,33.60,33.62,32.10,32.08,18725948.0,606159488.0
2011-03-28,33.70,34.51,34.11,32.99,20656952.0,688880704.0
2011-03-25,32.69,34.30,33.59,32.48,20715674.0,686316288.0
2011-03-24,34.26,35.30,33.15,33.05,27077258.0,912794880.0
2011-03-23,33.29,33.97,33.77,32.67,21174620.0,697398464.0
2011-03-22,32.23,34.01,33.69,31.67,30752440.0,1006529792.0
2011-03-21,32.04,32.46,31.97,31.52,12425041.0,392135008.0
2011-03-18,32.44,32.88,31.50,31.48,12456418.0,393336736.0
2011-03-17,31.16,32.06,31.24,30.45,13976734.0,429855616.0
2011-03-16,29.68,32.06,31.63,29.28,18609148.0,569509824.0
2011-03-15,31.06,31.14,29.98,28.61,12331049.0,362422016.0
2011-03-14,31.66,32.13,30.89,30.66,11534120.0,353659552.0
2011-03-11,30.82,31.97,31.62,30.61,9574009.0,294870208.0
2011-03-10,32.27,32.27,31.34,31.14,11234612.0,349555968.0
2011-03-09,32.89,32.96,32.47,32.16,10817177.0,345487328.0
2011-03-08,33.20,33.27,32.88,32.58,12723143.0,412048192.0
2011-03-07,32.00,33.50,33.49,31.97,19766428.0,641155712.0
2011-03-04,31.25,31.77,31.44,30.74,9498394.0,291557504.0
2011-03-03,33.37,33.37,31.56,31.47,14057638.0,447581408.0
2011-03-02,33.48,34.10,33.24,32.28,23674750.0,777345472.0
2011-03-01,32.33,33.60,33.44,31.66,21346796.0,683824320.0
2011-02-28,32.46,33.19,32.13,31.56,13913819.0,440024352.0
2011-02-25,31.60,32.78,31.95,31.26,16294659.0,516343968.0
2011-02-24,33.55,33.80,32.21,31.83,16552762.0,530085664.0
2011-02-23,31.57,33.76,32.93,31.06,27345788.0,882004352.0
2011-02-22,31.97,33.90,32.27,31.37,29815608.0,958017088.0
2011-02-21,30.76,31.47,30.90,30.33,17467714.0,530584544.0
2011-02-18,29.64,30.90,30.33,29.46,19203060.0,570216000.0
2011-02-17,29.54,29.62,29.10,28.49,10422066.0,298213856.0
2011-02-16,28.73,29.54,29.33,28.73,10385771.0,297760736.0
2011-02-15,28.32,29.93,28.77,27.92,17135184.0,490766528.0
2011-02-14,26.80,28.42,28.13,26.65,13623728.0,372638720.0
2011-02-11,27.41,27.71,27.01,26.91,8670357.0,233124112.0
2011-02-10,26.09,26.89,26.79,25.41,7890994.0,203230624.0
2011-02-09,27.27,28.21,26.54,26.14,10284014.0,274939040.0
2011-02-01,26.21,26.88,26.71,25.90,8581792.0,223630432.0
2011-01-31,25.05,26.75,26.41,25.05,11019932.0,281458240.0
2011-01-28,24.16,24.65,24.46,23.85,6695788.0,159569216.0
2011-01-27,23.63,24.86,24.59,23.36,8187558.0,196930240.0
2011-01-26,23.35,23.78,23.69,23.20,4638277.0,107480384.0
2011-01-25,23.24,23.61,23.14,22.64,4987893.0,113484800.0
2011-01-24,24.97,25.22,23.75,23.67,4994669.0,119371264.0
2011-01-21,24.67,25.60,24.70,24.17,7219598.0,176373280.0
2011-01-20,26.98,27.15,25.11,25.08,8323414.0,213802448.0
2011-01-19,26.39,27.60,27.39,26.34,7927702.0,210727888.0
2011-01-18,26.24,26.64,26.60,25.59,6157639.0,158473056.0
2011-01-17,27.13,27.61,26.16,25.84,8353354.0,219051072.0
2011-01-14,29.45,29.45,27.70,27.43,12620778.0,350354816.0
2011-01-13,31.16,31.26,29.89,29.80,8000553.0,237689888.0
2011-01-12,31.77,31.97,30.86,30.41,8743445.0,267328480.0
2011-01-11,31.04,31.48,31.45,30.51,7252693.0,222230800.0
2011-01-10,30.97,31.79,30.94,30.55,7908532.0,243258128.0
2011-01-07,32.30,32.30,31.17,30.66,16444677.0,508543776.0
2011-01-06,32.61,32.95,32.56,32.16,9527957.0,304887136.0
2011-01-05,32.99,33.24,32.70,32.23,19873420.0,639053824.0
2011-01-04,34.63,35.13,34.31,33.68,20348172.0,690176000.0
