date,open,high,close,low,volume,amount
2015-11-27,23.79,24.21,21.44,21.44,10293931.0,233966704.0
2015-11-26,24.50,24.72,23.82,23.80,7267084.0,175068512.0
2015-11-25,24.41,25.20,24.61,24.15,6513920.0,160459296.0
2015-11-24,24.44,24.53,24.34,23.70,5586874.0,134517440.0
2015-11-23,25.45,25.83,24.51,24.25,11036732.0,275024000.0
2015-11-20,24.59,26.07,25.45,24.25,12186974.0,307709248.0
2015-11-19,24.80,25.00,24.70,23.92,8306089.0,202800112.0
2015-11-18,23.92,25.19,24.32,23.92,10948281.0,269019456.0
2015-11-17,23.50,24.81,24.14,23.35,12355290.0,297315072.0
2015-11-16,22.61,23.49,23.43,22.36,5792307.0,133698216.0
2015-11-13,24.10,24.12,23.10,23.00,9427877.0,221450512.0
2015-11-12,24.06,24.98,24.35,23.50,12287829.0,296495680.0
2015-11-11,23.92,24.34,24.05,23.49,11749125.0,280642272.0
2015-11-10,22.20,24.00,23.97,22.00,14879256.0,347230272.0
2015-11-09,22.39,22.82,22.48,21.60,10435289.0,232716080.0
2015-11-06,22.41,22.90,22.78,22.15,8289077.0,186704016.0
2015-11-05,22.68,23.20,22.45,22.35,7736169.0,175480416.0
2015-11-04,21.62,22.66,22.65,21.62,6145445.0,136510592.0
2015-11-03,21.49,21.75,21.59,20.90,4611350.0,98333368.0
2015-11-02,21.90,22.50,21.40,21.30,5505408.0,120364968.0
2015-10-30,22.80,22.97,22.46,22.21,5180392.0,117035744.0
2015-10-29,22.72,23.20,22.80,22.57,4826012.0,110357976.0
2015-10-28,23.40,23.80,22.88,22.70,6512481.0,151129024.0
2015-10-27,23.59,23.86,23.77,22.36,8871099.0,205520544.0
2015-10-26,24.46,24.46,23.72,23.36,11474827.0,274446688.0
2015-10-23,22.61,24.30,23.74,22.46,13374129.0,316881984.0
2015-10-22,22.00,22.70,22.49,21.49,9381017.0,208459552.0
2015-10-21,24.00,24.08,21.75,21.75,15065653.0,345978912.0
2015-10-20,22.40,24.80,24.17,22.25,16119958.0,382439040.0
2015-10-19,23.03,23.28,22.56,22.46,10289943.0,234962000.0
2015-10-16,23.11,23.30,23.00,22.30,11891631.0,271907424.0
2015-10-15,22.25,23.18,23.00,22.10,10094541.0,230172128.0
2015-10-14,22.90,23.77,22.52,22.40,12135061.0,278513824.0
2015-10-13,22.22,23.82,23.19,22.02,13667520.0,311237504.0
2015-10-12,21.65,22.78,22.58,21.65,13907313.0,310497024.0
2015-10-09,21.66,21.80,21.63,21.08,9105754.0,195445840.0
2015-10-08,21.85,22.07,21.66,21.46,11082487.0,241113184.0
2015-09-30,20.70,21.50,20.77,20.69,7997704.0,168438816.0
2015-09-29,21.50,21.69,20.55,20.51,11704153.0,248060864.0
2015-09-28,21.77,22.10,22.05,20.27,13827900.0,294175232.0
2015-09-25,21.40,22.47,21.45,20.69,23169590.0,499425952.0
2015-09-24,19.21,20.97,20.97,19.21,14567283.0,293241664.0
2015-09-23,19.40,19.60,19.06,18.80,10257037.0,197400560.0
2015-09-22,20.45,20.79,20.02,19.76,11983024.0,242734768.0
2015-09-21,19.10,20.21,20.19,18.75,10057606.0,198717296.0
2015-09-18,19.30,20.00,19.54,19.00,10239078.0,199400928.0
2015-09-17,19.75,21.00,19.05,18.99,17121696.0,345322080.0
2015-09-16,17.55,20.01,19.96,17.55,15048199.0,284292288.0
2015-09-15,19.02,19.99,18.19,18.19,15612539.0,293381664.0
2015-09-14,22.66,23.34,20.21,20.21,25639176.0,563947072.0
2015-09-11,20.98,23.00,22.46,20.00,20984734.0,445258816.0
2015-09-10,20.90,22.29,21.34,20.18,24638440.0,528875776.0
2015-09-09,18.25,20.57,20.57,17.92,22150568.0,432024384.0
2015-09-08,18.00,18.96,18.70,16.45,18986400.0,327253600.0
2015-09-07,19.27,20.70,18.28,18.14,15764912.0,309406240.0
2015-09-02,18.96,22.96,19.16,18.96,27017276.0,551136000.0
2015-09-01,21.69,21.69,21.07,21.07,7008350.0,149171984.0
2015-08-31,24.70,25.06,23.41,23.41,20213940.0,486138432.0
2015-08-28,25.62,27.40,26.01,24.00,31035626.0,802105280.0
2015-08-27,24.30,25.36,25.36,23.12,28929696.0,702688448.0
2015-08-26,21.00,23.05,23.05,20.96,22419462.0,505971776.0
2015-08-25,17.55,21.41,20.95,17.55,29783118.0,601495168.0
2015-08-24,18.17,21.30,19.46,18.17,32818094.0,656711936.0
2015-08-21,18.68,20.11,19.88,18.66,24827796.0,481595744.0
2015-08-20,18.35,19.09,18.28,17.80,7330585.0,136718320.0
2015-08-19,17.03,19.07,18.73,17.03,8409518.0,152544752.0
2015-08-18,19.30,19.35,17.49,17.42,9856167.0,180994544.0
2015-08-17,19.22,19.37,19.35,18.79,6417941.0,122391760.0
2015-08-14,19.99,20.20,19.24,18.99,10677993.0,208643520.0
2015-08-13,19.20,19.88,19.81,19.11,8468830.0,166136832.0
2015-08-12,19.60,19.99,19.31,19.21,9107515.0,178461408.0
2015-08-11,18.39,20.01,19.75,18.38,18062528.0,348195648.0
2015-08-10,17.10,18.39,18.39,16.90,9885742.0,174772816.0
2015-08-07,16.13,16.73,16.72,16.13,6486363.0,106823616.0
2015-08-06,15.60,16.48,16.01,15.45,4402099.0,70483496.0
2015-08-05,16.15,16.82,16.02,15.70,6940744.0,113073408.0
2015-08-04,15.18,16.20,16.15,15.10,6565268.0,102736472.0
2015-08-03,15.00,15.68,14.95,14.50,5256886.0,78616040.0
2015-07-31,15.43,16.14,15.29,14.96,4684130.0,72908264.0
2015-07-30,16.40,16.88,15.79,15.73,6398761.0,105416848.0
2015-07-29,15.51,16.56,16.50,15.17,6943709.0,108629512.0
2015-07-28,15.15,16.55,15.19,14.79,10558905.0,163268400.0
2015-07-27,17.70,18.20,16.43,16.43,8121966.0,141990208.0
2015-07-24,19.44,19.49,18.25,18.00,10228813.0,192108768.0
2015-07-23,18.65,19.00,18.97,18.21,9409105.0,176009376.0
2015-07-22,17.68,18.90,18.54,17.68,11746516.0,214944528.0
2015-07-21,17.33,18.20,17.98,17.06,9353345.0,165739904.0
2015-07-20,17.42,18.20,17.69,17.15,10030338.0,177341888.0
2015-07-17,16.80,17.86,17.43,16.50,7977430.0,138371344.0
2015-07-16,14.59,16.81,16.62,14.41,10479121.0,168092560.0
2015-07-15,16.98,16.98,15.63,15.63,11540758.0,186282960.0
2015-07-14,17.70,18.68,17.37,16.88,17333704.0,308586880.0
2015-07-13,16.88,17.14,17.14,16.53,12370085.0,209404176.0
2015-07-10,15.00,15.58,15.58,14.66,5650182.0,87110392.0
2015-07-09,11.58,14.16,14.16,11.58,10550241.0,138692400.0
2015-07-08,12.87,12.87,12.87,12.87,1844300.0,23736140.0
2015-07-07,15.23,15.29,14.30,14.30,5731451.0,83821848.0
2015-07-06,18.85,19.03,15.89,15.58,7335522.0,125099024.0
2015-07-03,18.11,19.52,17.30,16.84,6498331.0,137709200.0
2015-07-02,20.77,21.08,18.71,18.69,6666607.0,160397504.0
2015-07-01,21.34,21.76,20.77,19.97,7757771.0,197862544.0
2015-06-30,19.15,21.08,21.04,18.45,8234264.0,195674688.0
2015-06-29,20.18,20.24,19.16,17.61,7887308.0,182728752.0
2015-06-26,20.93,21.18,19.54,19.54,6516086.0,158158592.0
2015-06-25,22.92,22.99,21.71,21.18,4952916.0,132887800.0
2015-06-24,22.44,23.09,22.89,22.14,5352259.0,146022816.0
2015-06-23,21.97,22.42,22.26,20.51,5746563.0,149646688.0
2015-06-19,23.59,24.08,21.85,21.72,5404055.0,149136976.0
2015-06-18,25.49,25.65,24.13,23.93,5078585.0,153192176.0
2015-06-17,25.28,25.70,25.42,23.63,7127278.0,212211584.0
2015-06-16,27.48,27.48,25.28,24.90,8395604.0,263252704.0
2015-06-15,27.08,28.47,27.65,27.07,8848270.0,296118624.0
2015-06-12,27.03,27.68,27.01,26.58,7721192.0,252468496.0
2015-06-11,25.98,27.37,27.13,25.65,8719918.0,278723360.0
2015-06-10,25.17,26.37,25.92,25.02,6246479.0,194067472.0
2015-06-09,25.11,25.73,25.60,24.80,5485753.0,167154736.0
2015-06-08,26.01,26.09,25.17,24.82,7673257.0,232538512.0
2015-06-05,26.16,27.07,25.99,25.75,7867590.0,249192944.0
2015-06-04,26.53,26.53,25.94,24.08,7625902.0,234483824.0
2015-06-03,27.50,27.84,26.57,26.16,7531883.0,244276320.0
2015-06-02,25.79,27.42,27.37,25.27,10082972.0,320765088.0
2015-06-01,23.59,25.90,25.74,23.59,8425479.0,256639632.0
2015-05-29,23.34,24.49,23.58,22.52,8451070.0,241216608.0
2015-05-28,25.03,26.12,23.56,23.00,9819392.0,294124384.0
2015-05-27,25.55,25.62,25.24,24.79,6436166.0,194766144.0
2015-05-26,25.35,26.05,25.54,24.79,7660203.0,235525856.0
2015-05-25,23.45,25.81,25.35,23.15,13076864.0,388740800.0
2015-05-22,23.67,23.92,23.46,22.84,8682924.0,243004256.0
2015-05-21,22.92,23.55,23.48,22.76,7020321.0,196957520.0
2015-05-20,22.41,23.18,22.99,22.26,8542054.0,234927968.0
2015-05-19,22.17,22.55,22.44,22.00,6132093.0,164064416.0
2015-05-18,22.82,23.09,22.40,22.30,7518815.0,204624784.0
2015-05-15,22.45,22.50,22.34,21.42,6236644.0,165134240.0
2015-05-14,21.65,22.47,22.41,21.65,6152820.0,163870224.0
2015-05-13,21.68,22.13,21.78,21.26,6216770.0,162019072.0
2015-05-12,21.58,22.30,21.78,21.44,6052981.0,159304784.0
2015-05-11,20.35,21.56,21.52,20.35,5914171.0,151128368.0
2015-05-08,20.43,20.75,20.73,20.10,4078438.0,100530400.0
2015-05-07,21.23,21.23,20.10,19.68,4742585.0,116205760.0
2015-05-06,22.00,22.34,21.24,20.93,4677914.0,122628344.0
2015-05-05,22.57,23.02,21.99,21.88,4054009.0,109177072.0
2015-05-04,22.55,22.61,22.56,21.80,4011197.0,107057936.0
2015-04-30,22.80,23.35,22.44,22.41,5050348.0,138393152.0
2015-04-29,22.34,23.30,22.99,22.00,5720666.0,157526528.0
2015-04-28,23.14,23.75,22.64,22.12,6162069.0,168474096.0
2015-04-27,23.74,24.62,23.22,22.88,8446609.0,239926160.0
2015-04-24,22.79,24.77,23.53,22.42,9917107.0,281633440.0
2015-04-23,22.67,23.39,22.89,22.42,12973353.0,357772416.0
2015-04-22,19.64,21.68,21.68,19.64,5663767.0,144574240.0
2015-04-21,19.10,19.78,19.71,19.10,4147644.0,97386664.0
2015-04-20,19.39,20.10,19.18,19.10,5566482.0,131604608.0
2015-04-17,19.69,20.35,19.71,19.60,4845479.0,115788048.0
2015-04-16,19.37,19.93,19.69,18.85,4178591.0,97948384.0
2015-04-15,20.36,20.40,19.56,19.32,5133907.0,122620704.0
2015-04-14,20.98,21.22,20.58,20.35,6267229.0,156540880.0
2015-04-13,20.02,21.09,20.95,19.93,6683138.0,167168848.0
2015-04-10,19.38,20.35,20.07,19.26,4888092.0,117605304.0
2015-04-09,20.18,20.18,19.62,18.27,5444703.0,127843304.0
2015-04-08,21.04,21.49,20.21,19.96,7036154.0,172981408.0
2015-04-07,20.29,21.14,21.04,20.18,5398989.0,135653056.0
2015-04-03,20.42,20.69,20.31,20.14,4910936.0,120305064.0
2015-04-02,20.43,20.92,20.41,20.16,6261167.0,154426944.0
2015-04-01,20.14,20.60,20.41,19.78,7056890.0,172053792.0
2015-03-31,19.21,20.64,20.08,19.17,9485743.0,228227440.0
2015-03-30,19.27,19.34,19.27,18.84,4717503.0,108583896.0
2015-03-27,19.38,19.96,19.13,19.07,6272103.0,147304960.0
2015-03-26,18.85,19.38,19.29,18.47,6798482.0,156221184.0
2015-03-25,18.69,19.31,18.92,18.31,6608753.0,148684256.0
2015-03-24,19.43,19.50,18.79,18.27,7008176.0,159154080.0
2015-03-23,18.77,19.51,19.46,18.70,6831504.0,156549776.0
2015-03-20,18.86,19.07,18.79,18.64,5422301.0,122729976.0
2015-03-19,19.05,19.05,18.84,18.57,5725889.0,129288328.0
2015-03-18,19.52,19.52,19.21,18.94,5552833.0,127780624.0
2015-03-17,19.15,19.75,19.42,18.77,8024146.0,185023456.0
2015-03-16,18.60,19.83,19.21,18.28,6487954.0,149178560.0
2015-03-13,18.19,18.68,18.25,18.01,4371422.0,96227064.0
2015-03-12,18.20,18.71,18.01,17.78,6023187.0,131593592.0
2015-03-11,16.78,18.60,18.53,16.73,11774432.0,257300464.0
2015-03-10,16.81,17.04,16.91,16.49,4167262.0,84451192.0
2015-03-09,15.51,17.11,16.81,15.36,6940963.0,138018128.0
2015-03-06,16.23,16.30,15.61,15.60,3926952.0,74976416.0
2015-03-05,16.19,16.55,16.27,16.07,3266135.0,63979744.0
2015-03-04,15.80,16.57,16.19,15.74,5170140.0,101052448.0
2015-03-03,15.70,15.91,15.82,15.54,4626203.0,87583808.0
2015-03-02,15.45,15.75,15.70,15.35,4031267.0,75568744.0
2015-02-27,15.36,15.55,15.43,15.35,2305622.0,42831552.0
2015-02-26,15.53,15.61,15.46,15.28,2166393.0,40278568.0
2015-02-25,15.28,15.78,15.61,15.12,3723440.0,69776288.0
2015-02-17,15.51,15.56,15.14,15.12,1993821.0,36585752.0
2015-02-16,15.17,15.33,15.31,15.10,2442448.0,44797540.0
2015-02-13,14.82,15.24,15.14,14.74,3427178.0,62174928.0
2015-02-12,14.45,14.78,14.72,14.45,1696318.0,29834132.0
2015-02-11,14.49,14.53,14.43,14.30,1587687.0,27515732.0
2015-02-10,14.25,14.42,14.36,14.25,1136514.0,19623764.0
2015-02-09,14.20,14.48,14.28,14.12,1162273.0,20032508.0
2015-02-06,14.43,14.44,14.19,14.05,1935864.0,33086520.0
2015-02-05,14.82,14.88,14.40,14.34,2673770.0,47274644.0
2015-02-04,14.99,15.05,14.82,14.72,2352893.0,41993464.0
2015-02-03,14.82,15.09,15.06,14.71,1610686.0,28981952.0
2015-02-02,14.56,14.94,14.85,14.56,1882253.0,33567944.0
2015-01-30,14.82,15.02,14.81,14.79,1519801.0,27234008.0
2015-01-29,15.28,15.28,14.94,14.78,2827004.0,50982724.0
2015-01-28,15.28,15.45,15.30,15.21,2089512.0,38581212.0
2015-01-27,15.46,15.54,15.25,15.21,2576061.0,47531696.0
2015-01-26,15.20,15.49,15.46,15.09,3228635.0,59526788.0
2015-01-23,15.74,15.84,15.31,15.24,4421565.0,82201408.0
2015-01-22,15.12,15.77,15.53,15.12,5640029.0,105180488.0
2015-01-21,14.85,15.07,14.98,14.62,4242076.0,75812000.0
2015-01-20,14.69,14.95,14.87,14.53,4707012.0,83648208.0
2015-01-19,14.40,15.05,14.60,14.22,7215854.0,127943280.0
2015-01-16,14.21,14.39,14.30,14.03,2364036.0,40416716.0
2015-01-15,13.67,14.09,14.03,13.66,1701327.0,28481464.0
2015-01-14,13.70,13.90,13.66,13.58,1313823.0,21749318.0
2015-01-13,13.54,13.77,13.74,13.45,2255257.0,36906536.0
2015-01-12,13.82,13.94,13.56,13.45,2495565.0,41162816.0
2015-01-09,14.36,14.62,14.07,14.05,2721421.0,47065352.0
2015-01-08,14.42,14.51,14.37,14.30,1631702.0,28291332.0
2015-01-07,14.52,14.52,14.42,14.26,1881600.0,32579394.0
2015-01-06,14.21,14.84,14.54,14.12,3409622.0,59596160.0
2015-01-05,14.12,14.27,14.21,13.88,1971669.0,33451564.0
2014-12-31,14.05,14.10,13.97,13.79,1252645.0,21036000.0
2014-12-30,13.85,14.27,14.04,13.74,1459068.0,24651010.0
2014-12-29,14.15,14.25,13.93,13.83,2301943.0,38650120.0
2014-12-26,14.33,14.34,14.26,14.14,1908553.0,32685604.0
2014-12-25,14.50,14.50,14.37,14.11,2015922.0,34689236.0
2014-12-24,14.10,14.43,14.34,14.10,1990776.0,34206000.0
2014-12-23,14.19,14.46,14.06,13.95,2123490.0,36269396.0
2014-12-22,15.02,15.02,14.14,13.74,4411102.0,75086056.0
2014-12-19,15.95,15.97,14.95,14.54,6313458.0,115627256.0
2014-12-18,16.55,16.56,15.93,15.74,4984021.0,96302264.0
2014-12-17,16.86,16.86,16.54,16.49,4515198.0,90409728.0
2014-12-16,16.59,16.99,16.93,16.36,6267709.0,126142384.0
2014-12-15,16.11,16.65,16.59,16.11,4441498.0,87485032.0
2014-12-12,15.94,16.42,16.15,15.81,4837682.0,94303672.0
2014-12-11,15.47,16.03,15.92,15.47,4226559.0,80381888.0
2014-12-10,14.95,15.48,15.47,14.95,2430116.0,44778904.0
2014-12-09,15.57,15.74,15.02,14.98,4422432.0,81840064.0
2014-12-08,15.71,15.78,15.56,15.43,4330971.0,81166992.0
2014-12-05,15.92,16.10,15.77,15.39,5027607.0,95167576.0
2014-12-04,15.75,16.11,15.95,15.67,6021446.0,115830752.0
2014-12-03,15.26,15.70,15.67,14.98,4769398.0,88002648.0
2014-12-02,14.95,15.12,15.01,14.87,2278041.0,41064280.0
2014-12-01,15.30,15.48,14.92,14.74,3350614.0,60443764.0
2014-11-28,15.37,15.61,15.39,15.28,3285581.0,61010964.0
2014-11-27,15.78,16.07,15.52,15.41,6656903.0,125631128.0
2014-11-26,15.26,15.26,15.17,15.05,2069493.0,37725800.0
2014-11-25,15.16,15.26,15.22,15.07,2104542.0,38451112.0
2014-11-24,15.29,15.36,15.16,15.02,1892259.0,34424256.0
2014-11-21,15.12,15.24,15.17,14.97,2054982.0,37411584.0
2014-11-20,14.97,15.11,15.10,14.87,1482757.0,26810792.0
2014-11-19,14.72,15.09,14.96,14.63,1913854.0,34374544.0
2014-11-18,14.82,15.04,14.76,14.67,2234710.0,39981204.0
2014-11-17,14.62,14.82,14.77,14.41,4098640.0,71748456.0
2014-11-14,14.64,14.85,14.46,14.41,2490508.0,43584288.0
2014-11-13,14.89,14.89,14.70,14.44,2166784.0,38103296.0
2014-11-12,14.92,15.02,14.89,14.63,1857576.0,33019204.0
2014-11-11,15.64,15.64,14.92,14.55,2275624.0,41219872.0
2014-11-10,15.34,15.65,15.51,15.31,1827597.0,34132748.0
2014-11-07,15.53,15.71,15.32,15.24,1866571.0,34982368.0
2014-11-06,15.66,15.75,15.54,15.47,2053482.0,38488856.0
2014-11-05,15.55,15.82,15.70,15.27,1831395.0,34532928.0
2014-11-04,16.22,16.22,15.54,15.51,2721433.0,51600360.0
2014-11-03,15.91,16.12,16.11,15.90,2650660.0,51101468.0
2014-10-31,16.19,16.32,15.91,15.64,2731057.0,52425764.0
2014-10-30,16.02,16.29,15.98,15.80,2150867.0,41617976.0
2014-10-29,15.82,16.03,16.00,15.64,2622857.0,49759064.0
2014-10-28,15.45,15.75,15.73,15.42,2052391.0,38496940.0
2014-10-27,15.17,15.47,15.44,14.90,1175821.0,21666228.0
2014-10-24,15.08,15.35,15.16,15.06,1575460.0,28822372.0
2014-10-23,15.35,15.54,15.06,14.98,2560411.0,46635156.0
2014-10-22,15.67,15.76,15.43,15.40,2063936.0,38678944.0
2014-10-21,16.11,16.11,15.56,15.46,3299624.0,62203176.0
2014-10-20,16.03,16.11,16.06,15.86,1879810.0,36139084.0
2014-10-17,16.24,16.62,15.90,15.72,3161191.0,60777216.0
2014-10-16,16.79,17.55,16.41,16.37,3623461.0,73938360.0
2014-10-15,16.25,17.05,16.83,16.14,3694278.0,74207872.0
2014-10-14,16.47,16.62,16.31,16.22,2205170.0,43557220.0
2014-10-13,16.55,16.87,16.50,16.15,2962333.0,58284968.0
2014-10-10,16.39,16.76,16.53,16.19,4391410.0,87637512.0
2014-10-09,16.05,16.54,16.41,15.72,3823428.0,73874904.0
2014-10-08,15.66,16.14,15.97,15.64,2259750.0,43292136.0
2014-09-30,15.73,15.87,15.71,15.56,2192678.0,41474592.0
2014-09-29,15.02,16.01,15.74,15.02,4394671.0,82836056.0
2014-09-26,15.11,15.24,15.10,14.96,1611374.0,29270648.0
2014-09-25,15.41,15.71,15.20,15.09,2536874.0,46812664.0
2014-09-24,15.31,15.52,15.38,15.14,2835571.0,52293388.0
2014-09-23,14.62,15.53,15.39,14.62,6082826.0,110968360.0
2014-09-22,14.67,14.82,14.62,14.42,3522914.0,62095652.0
2014-09-19,14.55,14.74,14.64,14.40,2981664.0,52375832.0
2014-09-18,14.39,14.60,14.52,14.26,2998323.0,52082988.0
2014-09-17,14.17,14.31,14.30,13.99,2445041.0,41583672.0
2014-09-16,14.85,14.86,14.17,14.14,4695416.0,81877944.0
2014-09-15,14.39,14.94,14.85,14.39,7275442.0,128707096.0
2014-09-12,14.25,14.33,14.29,14.17,1968946.0,33755496.0
2014-09-11,14.37,14.77,14.23,14.17,4918702.0,85473600.0
2014-09-10,14.50,14.50,14.37,14.25,3081897.0,53201512.0
2014-09-09,14.17,14.56,14.55,14.04,5020975.0,86584768.0
2014-09-05,14.31,14.36,14.17,14.07,3719142.0,63197720.0
2014-09-04,14.22,14.37,14.29,14.05,3696416.0,63179268.0
2014-09-03,14.22,14.37,14.18,14.06,4121162.0,70289048.0
2014-09-02,14.22,14.52,14.21,14.17,5366030.0,92307336.0
2014-09-01,14.31,14.52,14.17,13.99,3815217.0,64957636.0
2014-08-29,14.12,14.25,14.19,13.91,4376711.0,74153112.0
2014-08-28,13.47,14.14,14.12,13.47,5820050.0,97161080.0
2014-08-27,13.37,13.73,13.51,13.37,1289199.0,20937280.0
2014-08-26,13.54,13.76,13.45,13.27,2706860.0,43996672.0
2014-08-25,13.58,13.64,13.47,13.42,1596097.0,25909330.0
2014-08-22,13.61,13.73,13.55,13.47,1865207.0,30523906.0
2014-08-21,13.49,13.63,13.61,13.39,1829318.0,29630184.0
2014-08-20,13.68,13.72,13.54,13.49,2029891.0,33090432.0
2014-08-19,13.89,14.02,13.71,13.59,2758173.0,45638912.0
2014-08-18,13.73,14.11,13.92,13.73,2984966.0,50072148.0
2014-08-15,13.73,13.90,13.73,13.58,2379184.0,39102800.0
2014-08-14,13.89,14.14,13.78,13.73,4205304.0,70720360.0
2014-08-13,13.90,13.93,13.78,13.61,1911516.0,31683080.0
2014-08-12,13.92,13.95,13.89,13.71,2409898.0,40052300.0
2014-08-11,13.43,14.01,13.94,13.38,4881402.0,81052280.0
2014-08-08,13.03,13.47,13.38,13.02,3001068.0,47913440.0
2014-08-07,13.21,13.36,13.03,13.03,1890116.0,29982512.0
2014-08-06,13.31,13.36,13.26,13.09,1858878.0,29537948.0
2014-08-05,13.31,13.48,13.31,13.17,5124127.0,81859824.0
2014-08-04,13.00,13.43,13.34,12.91,5777208.0,91804912.0
2014-08-01,12.81,13.27,12.92,12.77,6020177.0,94599304.0
2014-07-31,12.75,12.85,12.81,12.69,1912170.0,29329796.0
2014-07-30,12.63,12.79,12.74,12.59,3209127.0,49050904.0
2014-07-29,12.55,12.64,12.64,12.50,3536098.0,53472804.0
2014-07-28,12.41,12.57,12.55,12.41,2149904.0,32315994.0
2014-07-25,12.34,12.39,12.34,12.24,991337.0,14695789.0
2014-07-24,12.35,12.38,12.29,12.14,1039762.0,15291859.0
2014-07-23,12.52,12.54,12.30,12.25,1504671.0,22304540.0
2014-07-22,12.51,12.56,12.51,12.48,1358043.0,20445136.0
2014-07-21,12.42,12.54,12.48,12.39,953433.0,14278509.0
2014-07-18,12.38,12.56,12.43,12.38,1034863.0,15512573.0
2014-07-17,12.64,12.66,12.46,12.40,1335086.0,20001320.0
2014-07-16,12.64,12.75,12.63,12.49,2412365.0,36678492.0
2014-07-15,12.56,12.59,12.52,12.41,1571887.0,23649702.0
2014-07-14,12.39,12.59,12.58,12.34,2530093.0,37903612.0
2014-07-11,12.25,12.39,12.39,12.23,2302018.0,34055768.0
2014-07-10,12.48,12.54,12.27,12.23,3263019.0,48323132.0
2014-07-09,12.48,12.67,12.48,12.40,5315881.0,80003160.0
2014-07-08,13.31,13.31,12.48,12.35,12003764.0,180247456.0
2014-07-07,13.68,13.68,13.36,13.31,1191387.0,19174348.0
2014-07-04,13.62,13.73,13.63,13.47,1156935.0,18908280.0
2014-07-03,13.50,13.83,13.79,13.38,1893997.0,31119226.0
2014-07-02,13.24,13.51,13.49,13.14,1558667.0,25036828.0
2014-07-01,13.33,13.38,13.15,13.14,1025177.0,16277380.0
2014-06-30,12.89,13.41,13.38,12.85,1304604.0,20531936.0
2014-06-27,12.89,13.12,12.89,12.77,470583.0,7314757.0
2014-06-26,12.46,13.18,12.94,12.40,784437.0,12074373.0
2014-06-25,12.68,12.68,12.47,12.39,579141.0,8701895.0
2014-06-24,12.58,12.69,12.66,12.58,359057.0,5449953.0
2014-06-23,12.56,12.67,12.64,12.56,372493.0,5644856.0
2014-06-20,12.56,12.64,12.56,12.48,289149.0,4354351.0
2014-06-19,13.01,13.03,12.49,12.35,461355.0,7031621.0
2014-06-18,13.08,13.18,12.88,12.85,594289.0,9259096.0
2014-06-17,13.31,13.33,13.15,13.13,363861.0,5780064.0
2014-06-16,13.33,13.44,13.34,13.23,618968.0,9903330.0
2014-06-13,13.13,13.34,13.26,13.08,574801.0,9136217.0
2014-06-12,12.97,13.13,13.11,12.94,502201.0,7887186.0
2014-06-11,12.98,13.13,13.01,12.84,494739.0,7704180.0
2014-06-10,12.97,13.22,13.01,12.90,633405.0,9945567.0
2014-06-09,13.14,13.14,12.97,12.89,765895.0,11957822.0
2014-06-06,13.18,13.19,13.09,12.98,286883.0,4505485.0
2014-06-05,12.95,13.21,13.18,12.94,234338.0,3699893.0
2014-06-04,13.38,13.55,13.10,12.89,730701.0,11540672.0
2014-06-03,13.31,13.49,13.43,13.23,765574.0,12354012.0
2014-05-30,13.23,13.36,13.28,13.23,410358.0,6549995.0
2014-05-29,13.40,13.43,13.28,13.23,321779.0,5158727.0
2014-05-28,13.28,13.47,13.41,13.25,751913.0,12112464.0
2014-05-27,13.46,13.62,13.26,13.20,526563.0,8438633.0
2014-05-26,13.17,13.50,13.48,13.16,808593.0,12995265.0
2014-05-23,12.95,13.10,13.06,12.85,508230.0,7903099.0
2014-05-22,12.96,13.14,13.01,12.95,340950.0,5358525.0
2014-05-21,12.89,13.08,12.99,12.89,223645.0,3491821.0
2014-05-20,12.98,13.18,12.95,12.94,246882.0,3866150.0
2014-05-19,13.15,13.24,12.98,12.98,335700.0,5277910.0
2014-05-16,13.15,13.29,13.18,13.08,298037.0,4723379.0
2014-05-15,13.38,13.38,13.15,13.08,396133.0,6289279.0
2014-05-14,13.63,13.69,13.38,13.30,454513.0,7333312.0
2014-05-13,13.53,13.76,13.63,13.39,378365.0,6203998.0
2014-05-12,13.22,13.63,13.54,13.22,342895.0,5545237.0
2014-05-09,13.35,13.61,13.18,13.13,321874.0,5137511.0
2014-05-08,13.38,13.73,13.47,13.05,439413.0,7183253.0
2014-05-07,13.41,13.79,13.45,13.39,490945.0,7998618.0
2014-05-06,13.56,13.63,13.54,13.32,427912.0,6938846.0
2014-05-05,12.81,13.59,13.56,12.81,789101.0,12675288.0
2014-04-30,12.79,13.13,12.97,12.79,600087.0,9316896.0
2014-04-29,12.16,12.98,12.76,12.16,650714.0,9887934.0
2014-04-28,12.94,13.21,12.14,12.06,1247774.0,18808148.0
2014-04-25,13.97,14.18,13.10,13.10,1347231.0,21791236.0
2014-04-24,14.12,14.22,14.05,13.97,513120.0,8711464.0
2014-04-23,13.88,14.12,14.10,13.73,336994.0,5675653.0
2014-04-22,14.12,14.28,13.83,13.68,811982.0,13566203.0
2014-04-21,14.32,14.47,14.21,14.19,623952.0,10776737.0
2014-04-18,14.06,14.36,14.32,13.93,554689.0,9516176.0
2014-04-17,14.21,14.21,14.01,13.97,566549.0,9544278.0
2014-04-16,14.22,14.33,14.21,14.13,438895.0,7496966.0
2014-04-15,14.47,14.47,14.20,14.14,562035.0,9615790.0
2014-04-14,14.02,14.52,14.47,14.02,587774.0,10123739.0
2014-04-11,14.72,14.78,14.12,13.97,1398835.0,23906760.0
2014-04-10,14.74,14.92,14.72,14.49,923801.0,16234572.0
2014-04-09,14.71,15.05,14.78,14.56,1033129.0,18308966.0
2014-04-08,13.96,14.87,14.70,13.96,1312663.0,23037528.0
2014-04-04,14.00,14.08,14.04,13.84,395655.0,6659090.0
2014-04-03,13.86,14.12,13.99,13.74,637388.0,10686634.0
2014-04-02,13.89,14.18,13.93,13.81,873288.0,14668894.0
2014-04-01,13.23,13.97,13.86,13.23,1527395.0,25165666.0
2014-03-31,14.19,14.19,13.23,13.10,2350955.0,38006720.0
2014-03-28,15.76,15.78,14.20,14.20,2640716.0,47010024.0
2014-03-27,15.61,16.05,15.78,15.52,2613532.0,49595484.0
2014-03-26,15.51,16.64,16.10,15.29,5456806.0,104666392.0
2014-03-25,14.56,15.36,15.36,14.56,3443037.0,63423656.0
2014-03-24,14.22,14.31,13.97,13.94,387916.0,6555999.0
2014-03-21,13.85,14.34,14.22,13.64,1079107.0,18077016.0
2014-03-20,14.64,14.87,13.96,13.89,739815.0,12890506.0
2014-03-19,14.77,14.88,14.64,14.40,670771.0,11724537.0
2014-03-18,14.52,14.96,14.91,14.48,1099246.0,19534378.0
2014-03-17,14.78,14.78,14.64,14.22,1021720.0,17729404.0
2014-03-14,14.64,14.89,14.62,14.41,1314802.0,23113776.0
2014-03-13,13.96,14.74,14.68,13.86,1452041.0,25069744.0
2014-03-12,13.73,14.27,13.85,13.65,814027.0,13736287.0
2014-03-11,13.93,14.15,13.68,13.48,840970.0,13877352.0
2014-03-10,14.22,14.55,14.03,13.90,1495387.0,25617756.0
2014-03-07,13.90,14.41,14.32,13.90,787865.0,13438835.0
2014-03-06,13.90,14.12,13.97,13.65,763190.0,12738467.0
2014-03-05,14.47,14.47,13.97,13.88,1173031.0,19843040.0
2014-03-04,14.38,14.52,14.26,14.17,1253436.0,21511906.0
2014-03-03,13.68,14.39,14.38,13.54,2339477.0,39793968.0
2014-02-28,13.60,13.85,13.63,13.29,1935611.0,31571684.0
2014-02-27,14.57,14.58,13.80,13.71,3415703.0,57743844.0
2014-02-26,14.54,14.97,14.61,14.18,4079119.0,70879520.0
2014-02-25,14.47,15.38,14.76,14.15,5246944.0,93047872.0
2014-02-24,13.53,14.82,14.63,13.50,4918978.0,84008080.0
2014-02-21,13.14,13.81,13.53,12.96,2810930.0,45795880.0
2014-02-20,13.39,13.57,13.10,12.92,2217472.0,35226388.0
2014-02-19,12.44,13.58,13.38,12.44,4707652.0,74620256.0
2014-02-18,12.19,12.68,12.47,12.05,2164890.0,32175636.0
2014-02-17,12.21,12.24,12.21,12.00,930126.0,13541369.0
2014-02-14,12.00,12.37,12.19,11.82,1480605.0,21607672.0
2014-02-13,12.00,12.19,11.98,11.86,1375793.0,19919306.0
2014-02-12,12.11,12.12,12.00,11.85,1304081.0,18807064.0
2014-02-11,11.82,12.06,12.00,11.80,1529032.0,21991000.0
2014-02-10,11.43,11.92,11.80,11.43,1583005.0,22477124.0
2014-02-07,11.23,11.46,11.42,11.15,555200.0,7592369.0
2014-01-30,11.62,11.62,11.27,11.24,761417.0,10392027.0
2014-01-29,11.94,11.94,11.62,11.55,897394.0,12572842.0
2014-01-28,11.75,11.75,11.74,11.45,1292799.0,18059708.0
2014-01-27,11.71,11.94,11.75,11.45,3563938.0,50159496.0
2014-01-24,10.79,11.01,10.99,10.77,677656.0,8915269.0
2014-01-23,10.73,11.02,10.86,10.58,1029634.0,13532741.0
2014-01-22,10.31,10.69,10.64,10.29,495189.0,6282546.0
2014-01-21,10.22,10.42,10.34,10.22,234582.0,2921136.0
2014-01-20,10.56,10.61,10.21,10.15,426954.0,5316205.0
2014-01-17,10.65,10.65,10.47,10.40,217329.0,2740838.0
2014-01-16,10.67,10.80,10.65,10.63,305751.0,3940719.0
2014-01-15,10.60,10.71,10.66,10.49,387254.0,4939167.0
2014-01-14,10.29,10.63,10.60,10.22,489994.0,6142481.0
2014-01-13,10.64,10.64,10.36,10.28,542110.0,6789746.0
2014-01-10,10.90,11.05,10.56,10.41,569560.0,7316286.0
2014-01-09,10.95,11.02,10.91,10.89,519911.0,6841698.0
2014-01-08,10.98,11.12,10.95,10.89,435779.0,5766737.0
2014-01-07,10.86,10.98,10.91,10.82,254260.0,3340636.0
2014-01-06,11.20,11.20,10.89,10.86,562734.0,7405198.0
2014-01-03,11.32,11.38,11.26,11.06,704202.0,9485635.0
2014-01-02,11.33,11.38,11.35,11.17,522958.0,7093148.0
2013-12-31,11.11,11.35,11.33,10.99,652818.0,8771296.0
2013-12-30,11.05,11.18,11.11,11.02,565648.0,7553873.0
2013-12-27,10.84,11.01,10.98,10.83,600657.0,7905834.0
2013-12-26,11.18,11.18,10.91,10.89,922386.0,12159377.0
2013-12-25,11.21,11.25,11.12,11.04,1072638.0,14336794.0
2013-12-24,11.49,11.65,11.19,11.13,1434888.0,19431570.0
2013-12-23,11.17,12.00,11.60,10.96,1397480.0,19378528.0
2013-12-20,11.56,11.56,11.17,11.13,678989.0,9240677.0
2013-12-19,11.67,11.70,11.49,11.47,354454.0,4917995.0
2013-12-18,11.50,11.68,11.55,11.50,301200.0,4195201.0
2013-12-17,11.60,11.65,11.55,11.52,358413.0,4981742.0
2013-12-16,11.75,11.81,11.54,11.47,663094.0,9244348.0
2013-12-13,11.70,11.80,11.75,11.61,400938.0,5654707.0
2013-12-12,11.85,11.85,11.78,11.62,637311.0,8981755.0
2013-12-11,12.00,12.06,11.78,11.66,715594.0,10145756.0
2013-12-10,11.91,12.29,12.02,11.91,806358.0,11743838.0
2013-12-09,11.87,12.00,11.99,11.87,468271.0,6729069.0
2013-12-06,11.86,12.01,11.86,11.82,369480.0,5277716.0
2013-12-05,11.88,12.03,11.95,11.80,782848.0,11187994.0
2013-12-04,11.80,12.04,11.88,11.70,656986.0,9419691.0
2013-12-03,11.52,11.82,11.80,11.52,558416.0,7838068.0
2013-12-02,12.02,12.18,11.50,11.40,1153514.0,16284341.0
2013-11-29,12.31,12.46,12.35,12.29,647026.0,9619967.0
2013-11-28,12.29,12.44,12.34,12.25,959458.0,14232804.0
2013-11-27,12.27,12.31,12.29,12.14,870767.0,12797731.0
2013-11-26,12.25,12.39,12.21,12.19,952999.0,14047391.0
2013-11-25,12.66,12.69,12.39,12.31,976395.0,14575301.0
2013-11-22,12.24,13.33,12.64,12.24,3004222.0,46179132.0
2013-11-20,12.18,12.21,12.14,12.06,662043.0,9647711.0
2013-11-19,12.19,12.37,12.09,12.05,973604.0,14205437.0
2013-11-18,11.87,12.19,12.18,11.85,1118968.0,16195627.0
2013-11-15,11.60,11.95,11.85,11.60,1049115.0,14956761.0
2013-11-14,11.60,11.73,11.65,11.42,588312.0,8182886.0
2013-11-13,11.91,11.91,11.70,11.69,412051.0,5819466.0
2013-11-12,11.60,12.00,11.91,11.60,963885.0,13752521.0
2013-11-11,11.50,11.70,11.66,11.33,570951.0,7949131.0
2013-11-08,11.81,11.81,11.42,11.40,739768.0,10234339.0
2013-11-07,11.83,11.89,11.51,11.50,1219388.0,17108334.0
2013-11-06,12.16,12.16,11.97,11.95,841583.0,12187817.0
2013-11-05,12.10,12.14,12.11,11.88,849399.0,12270420.0
2013-11-04,12.24,12.24,12.12,11.98,538353.0,7801020.0
2013-11-01,12.06,12.09,12.00,11.82,767818.0,11055185.0
2013-10-31,12.32,12.32,12.02,11.95,1083973.0,15728612.0
2013-10-30,12.08,12.24,12.12,11.95,1394799.0,20301340.0
2013-10-29,12.99,13.01,12.13,11.72,2058824.0,30608904.0
2013-10-28,13.23,13.50,12.90,12.85,1388197.0,21713696.0
2013-10-25,13.64,13.87,13.24,13.23,1636826.0,26472468.0
2013-10-24,13.74,14.21,13.79,13.70,2722802.0,45703768.0
2013-10-23,13.80,14.12,14.08,13.14,3695303.0,60230152.0
2013-10-22,14.56,14.57,13.79,13.74,4230767.0,71351664.0
2013-10-21,13.96,14.77,14.49,13.92,5713029.0,99002352.0
2013-10-18,13.87,14.06,13.76,13.49,1954947.0,32152580.0
2013-10-17,13.77,14.28,13.84,13.38,4460055.0,74270616.0
2013-10-16,13.87,13.87,13.09,12.94,2513893.0,40218488.0
2013-10-15,13.54,14.04,13.92,13.54,3804161.0,63395864.0
2013-10-14,13.60,13.76,13.55,13.44,1659470.0,26993768.0
2013-10-11,13.23,13.60,13.60,13.23,2303368.0,37283416.0
2013-10-10,13.31,13.52,13.21,13.17,1708715.0,27372914.0
2013-10-09,12.91,13.35,13.23,12.91,1268972.0,20136444.0
2013-10-08,12.94,13.13,13.02,12.86,709598.0,11102174.0
2013-09-30,13.03,13.22,12.99,12.86,677416.0,10554214.0
2013-09-27,12.76,13.25,13.07,12.76,851228.0,13365209.0
2013-09-26,13.04,13.21,12.91,12.64,1124135.0,17339388.0
2013-09-25,13.12,13.39,13.09,13.07,1358180.0,21608234.0
2013-09-24,13.18,13.20,13.09,12.97,1075455.0,16904270.0
2013-09-23,12.91,13.22,13.18,12.89,1622846.0,25498572.0
2013-09-18,12.81,12.96,12.90,12.77,726694.0,11260835.0
2013-09-17,13.36,13.38,12.81,12.80,1675073.0,26260280.0
2013-09-16,13.29,13.56,13.40,13.19,1369469.0,22064340.0
2013-09-13,13.47,13.58,13.23,13.18,1349979.0,21563768.0
2013-09-12,13.31,13.62,13.47,13.23,1714738.0,27713058.0
2013-09-11,13.89,13.89,13.47,13.32,2580338.0,41918332.0
2013-09-10,13.55,14.24,13.92,13.41,3809922.0,63441232.0
2013-09-09,13.56,13.81,13.55,13.35,2695148.0,43841336.0
2013-09-06,13.27,14.06,13.76,13.18,4552987.0,74847680.0
2013-09-05,13.18,13.28,13.09,12.99,1320550.0,20772608.0
2013-09-04,13.31,13.42,13.22,13.10,1589915.0,25293136.0
2013-09-03,13.18,13.41,13.30,13.08,1524681.0,24282020.0
2013-09-02,13.55,13.68,13.19,12.89,2421292.0,38320528.0
2013-08-30,14.22,14.54,13.72,13.64,5338629.0,90692888.0
2013-08-29,13.95,13.95,13.70,13.55,3178663.0,52281448.0
2013-08-28,13.29,14.61,14.07,12.86,7331353.0,120152248.0
2013-08-27,12.96,13.89,13.38,12.76,5465675.0,88411648.0
2013-08-26,12.42,12.86,12.84,12.42,1455326.0,22311976.0
2013-08-23,12.55,12.74,12.42,12.31,1114121.0,16733102.0
2013-08-22,12.70,12.81,12.62,12.60,823808.0,12556127.0
2013-08-21,12.39,12.86,12.79,12.39,1467816.0,22365884.0
2013-08-20,12.48,12.59,12.36,12.17,764866.0,11400359.0
2013-08-19,12.34,12.52,12.50,12.14,871163.0,12973021.0
2013-08-16,12.64,12.94,12.34,12.32,1457182.0,22092032.0
2013-08-15,13.14,13.28,12.76,12.69,2199884.0,33999064.0
2013-08-14,13.07,13.75,13.26,13.06,3927694.0,63489800.0
2013-08-13,12.97,13.14,13.09,12.81,1312218.0,20360108.0
2013-08-12,12.73,12.94,12.90,12.65,1375109.0,21134030.0
2013-08-09,13.06,13.09,12.73,12.48,1339331.0,20529692.0
2013-08-08,12.77,12.94,12.93,12.63,1604476.0,24787488.0
2013-08-07,12.64,12.89,12.69,12.60,1562860.0,23912368.0
2013-08-06,12.59,13.13,12.84,12.59,2456342.0,38153040.0
2013-08-05,12.59,12.60,12.58,12.42,1352601.0,20357606.0
2013-08-02,12.39,12.57,12.51,12.24,1587638.0,23705840.0
2013-08-01,12.35,12.39,12.36,12.07,1236138.0,18223028.0
2013-07-31,12.22,12.27,12.14,12.07,772199.0,11279632.0
2013-07-30,12.14,12.29,12.22,11.91,1055467.0,15421692.0
2013-07-29,12.19,12.26,12.00,11.90,910574.0,13163275.0
2013-07-26,12.43,12.44,12.18,12.00,1696960.0,24869852.0
2013-07-25,12.43,13.21,12.54,12.34,3475971.0,53507440.0
2013-07-24,12.27,12.42,12.30,12.06,2387510.0,35223344.0
2013-07-23,11.70,12.02,11.93,11.70,1019622.0,14576227.0
2013-07-22,11.36,11.71,11.68,11.35,809423.0,11292051.0
2013-07-19,12.08,12.19,11.53,11.48,1141744.0,16196256.0
2013-07-18,11.98,12.19,12.04,11.82,994589.0,14400814.0
2013-07-17,12.40,12.48,11.99,11.92,1547031.0,22567810.0
2013-07-16,12.06,12.42,12.41,12.01,1679378.0,24793028.0
2013-07-15,12.02,12.41,12.19,11.91,1399463.0,20601388.0
2013-07-12,12.23,12.23,11.94,11.89,1690099.0,24546728.0
2013-07-11,12.00,12.33,12.16,11.88,2337866.0,34218680.0
2013-07-10,11.45,12.19,12.00,11.32,1464300.0,20792004.0
2013-07-09,11.25,11.59,11.45,11.24,698686.0,9585525.0
2013-07-08,11.92,11.92,11.44,11.40,1339978.0,18645038.0
2013-07-05,11.95,12.17,11.98,11.92,1648035.0,23851792.0
2013-07-04,12.00,12.46,12.16,11.75,3033228.0,44197708.0
2013-07-03,12.29,12.31,12.21,11.91,3319730.0,48448896.0
2013-07-02,11.23,12.31,12.31,11.06,3125297.0,44061332.0
2013-07-01,10.87,11.21,11.19,10.82,735324.0,9763231.0
2013-06-28,11.04,11.29,10.93,10.81,872259.0,11572750.0
2013-06-27,11.38,11.51,11.04,11.00,1446325.0,19602708.0
2013-06-26,10.90,11.73,11.40,10.69,1783700.0,24135294.0
2013-06-25,10.56,10.94,10.81,9.90,1693754.0,21430340.0
2013-06-24,11.83,11.86,10.91,10.66,1147572.0,15572216.0
2013-06-21,11.98,11.98,11.80,11.42,1028430.0,14449011.0
2013-06-20,12.48,12.59,12.12,12.10,879411.0,13069134.0
2013-06-19,12.61,12.61,12.55,12.34,879545.0,13187439.0
2013-06-18,12.73,12.73,12.62,12.49,830520.0,12589523.0
2013-06-17,12.77,12.85,12.68,12.44,1124587.0,17094900.0
2013-06-14,12.66,12.86,12.74,12.39,936220.0,14238736.0
2013-06-13,12.88,12.88,12.61,11.90,1192551.0,17757188.0
2013-06-07,13.58,13.73,12.94,12.73,1793184.0,28530524.0
2013-06-06,13.97,14.13,13.61,13.60,1071492.0,17875400.0
2013-06-05,13.81,14.03,14.03,13.64,1073646.0,17894126.0
2013-06-04,14.22,14.35,13.83,13.68,1924582.0,32279346.0
2013-06-03,14.55,14.71,14.36,14.31,1779128.0,30853404.0
2013-05-31,14.43,15.06,14.55,14.43,3740349.0,66427504.0
2013-05-30,14.43,14.58,14.47,14.28,2038105.0,35341700.0
2013-05-29,14.46,14.60,14.50,14.23,2959065.0,51248904.0
2013-05-28,14.03,15.31,14.60,14.03,6155912.0,108731168.0
2013-05-27,13.74,14.02,13.99,13.73,1713729.0,28539262.0
2013-05-24,13.77,13.97,13.88,13.56,1940002.0,31965538.0
2013-05-23,13.98,14.22,13.85,13.77,1728711.0,29095928.0
2013-05-22,14.09,14.32,13.96,13.94,2510152.0,42566384.0
2013-05-21,13.93,14.35,14.07,13.82,3361547.0,56855140.0
2013-05-20,13.77,14.06,14.04,13.53,2525488.0,41796552.0
2013-05-17,13.75,13.94,13.80,13.64,2197045.0,36355164.0
2013-05-16,13.49,14.14,13.93,13.36,3696475.0,61448020.0
2013-05-15,13.39,13.62,13.53,13.35,1954660.0,31713662.0
2013-05-14,13.60,13.88,13.41,13.33,3386381.0,55017028.0
2013-05-13,14.27,14.62,13.88,13.82,8416480.0,144072256.0
2013-05-10,12.48,13.66,13.66,12.42,3409696.0,54874116.0
2013-05-09,12.64,12.69,12.42,12.37,1172600.0,17615348.0
2013-05-08,12.55,12.69,12.63,12.55,901530.0,13687926.0
2013-05-07,12.57,12.64,12.55,12.44,854130.0,12853131.0
2013-05-06,12.39,12.55,12.54,12.29,1032789.0,15477158.0
2013-05-03,12.19,12.42,12.36,12.19,905461.0,13433315.0
2013-05-02,12.45,12.48,12.18,12.07,1105801.0,16283194.0
2013-04-26,13.21,13.21,12.51,12.48,1433071.0,22078272.0
2013-04-25,13.04,13.41,13.27,12.84,2705509.0,42944484.0
2013-04-24,12.99,13.11,13.03,12.79,1218947.0,19064110.0
2013-04-23,13.23,13.36,13.15,12.39,1790729.0,27735236.0
2013-04-22,13.14,13.29,13.24,13.11,1208712.0,19176200.0
2013-04-19,12.87,13.27,13.18,12.83,1676045.0,26424876.0
2013-04-18,12.89,12.99,12.87,12.81,902667.0,13993852.0
2013-04-17,12.83,13.04,12.95,12.72,920945.0,14291270.0
2013-04-16,12.69,12.95,12.81,12.14,1043486.0,15788986.0
2013-04-15,12.88,13.06,12.73,12.69,772528.0,11891688.0
2013-04-12,13.41,13.48,12.88,12.87,1793614.0,28172888.0
2013-04-11,13.40,13.54,13.46,13.39,731755.0,11835729.0
2013-04-10,13.67,13.71,13.48,13.39,1008637.0,16335539.0
2013-04-09,13.80,13.92,13.66,13.57,1180100.0,19351014.0
2013-04-08,13.48,14.04,13.78,13.31,2144051.0,35435172.0
2013-04-03,13.40,13.63,13.51,13.33,1006510.0,16296571.0
2013-04-02,13.66,13.83,13.40,13.32,1334938.0,21716936.0
2013-04-01,13.52,13.80,13.78,13.52,1251861.0,20618836.0
2013-03-29,13.35,13.53,13.47,13.35,870834.0,14080611.0
2013-03-28,13.82,13.82,13.33,13.31,1493653.0,24089260.0
2013-03-27,13.94,14.07,13.82,13.72,1676867.0,27977612.0
2013-03-26,14.41,14.41,13.97,13.78,2253542.0,37880448.0
2013-03-25,14.07,14.55,14.41,13.98,2588197.0,44666924.0
2013-03-22,13.89,14.24,14.13,13.85,2123378.0,36008704.0
2013-03-21,14.06,14.25,13.97,13.73,2409970.0,40482484.0
2013-03-20,13.52,13.98,13.97,13.44,2233843.0,36997448.0
2013-03-19,13.64,13.86,13.42,13.31,1973968.0,32007684.0
2013-03-18,14.23,14.37,13.75,13.73,2606912.0,43785280.0
2013-03-15,14.42,14.62,14.30,14.25,2217099.0,38413376.0
2013-03-14,14.26,14.50,14.42,14.26,1994413.0,34498216.0
2013-03-13,14.81,14.81,14.24,14.22,3192390.0,55113252.0
2013-03-12,15.35,15.48,14.89,14.59,5486122.0,98635864.0
2013-03-11,15.97,17.13,15.57,15.40,10285795.0,200507536.0
2013-03-08,15.76,15.83,15.83,14.82,8950821.0,165962592.0
2013-02-28,14.25,14.43,14.39,14.22,1853328.0,31934128.0
2013-02-27,14.66,14.79,14.22,14.14,2854955.0,49369848.0
2013-02-26,14.72,15.00,14.68,14.49,2581177.0,45757568.0
2013-02-25,14.59,14.85,14.77,14.59,1970460.0,34919132.0
2013-02-22,14.85,14.96,14.59,14.52,2695885.0,47511672.0
2013-02-21,14.89,15.47,15.01,14.64,6081932.0,110373120.0
2013-02-20,14.72,14.96,14.87,14.47,3259428.0,57893140.0
2013-02-19,14.13,15.46,14.80,14.13,6526997.0,116871872.0
2013-02-18,14.06,14.14,14.13,13.89,1467763.0,24789360.0
2013-02-08,13.85,14.12,14.01,13.83,1226751.0,20643352.0
2013-02-07,14.13,14.14,13.83,13.81,1650744.0,27644024.0
2013-02-06,13.91,14.25,14.22,13.73,2022442.0,34008664.0
2013-02-05,13.62,13.92,13.83,13.33,1405105.0,23138292.0
2013-02-04,14.18,14.38,13.71,13.63,2849472.0,47281768.0
2013-02-01,14.27,14.39,14.23,14.14,1477967.0,25287626.0
2013-01-31,14.49,14.49,14.22,14.14,1493160.0,25572598.0
2013-01-30,14.39,14.52,14.51,14.06,2573677.0,44356652.0
2013-01-29,14.44,14.62,14.39,14.29,1779818.0,30798540.0
2013-01-28,13.97,14.46,14.39,13.97,2297857.0,39471372.0
2013-01-25,14.06,14.38,14.12,14.00,2288817.0,38938772.0
2013-01-24,15.54,15.55,14.40,14.03,6054520.0,108014872.0
2013-01-23,15.19,15.64,15.55,14.97,7175651.0,132499408.0
2013-01-22,14.89,15.22,15.21,14.43,6600870.0,118589088.0
2013-01-21,15.02,15.29,14.87,14.74,3900585.0,69920680.0
2013-01-18,14.47,14.91,14.90,14.23,4895905.0,85775632.0
2013-01-17,14.61,15.11,14.64,14.58,6431517.0,114802872.0
2013-01-16,14.35,14.65,14.58,14.14,4142262.0,72126072.0
2013-01-15,14.27,14.72,14.52,14.22,4787493.0,83402008.0
2013-01-14,13.81,14.37,14.35,13.73,3392112.0,57884744.0
2013-01-11,14.43,14.45,13.87,13.83,3313043.0,56104776.0
2013-01-10,14.30,14.53,14.42,14.26,3548443.0,61381660.0
2013-01-09,14.29,14.52,14.30,14.15,4397101.0,75522368.0
2013-01-08,14.40,15.03,14.57,14.38,5684735.0,100289968.0
2013-01-07,14.08,15.12,14.68,14.08,8798182.0,155621008.0
2013-01-04,14.28,14.35,14.04,13.87,3497945.0,58964528.0
2012-12-31,14.00,14.37,14.25,13.98,4368723.0,74469776.0
2012-12-28,14.07,14.39,14.17,13.81,6249767.0,105935600.0
2012-12-27,15.11,15.25,14.27,14.23,8552051.0,149588768.0
2012-12-26,15.22,15.71,14.97,14.51,16021791.0,291870176.0
2012-12-25,13.71,14.60,14.60,13.58,11044474.0,189678976.0
2012-12-24,12.89,13.27,13.27,12.73,3654886.0,58017736.0
2012-12-21,12.03,12.29,12.06,12.00,2511757.0,36743244.0
2012-12-20,12.06,12.14,12.03,11.73,2151372.0,30926824.0
2012-12-19,12.18,12.27,12.14,11.99,2170641.0,31657526.0
2012-12-18,12.33,12.61,12.29,12.18,3162482.0,46984136.0
2012-12-17,12.32,12.39,12.34,12.14,3237450.0,47624116.0
2012-12-14,11.91,12.34,12.32,11.61,4249444.0,62092616.0
2012-12-13,11.88,12.55,11.97,11.81,3331836.0,48918284.0
2012-12-12,12.04,12.04,11.91,11.72,1870511.0,26659624.0
2012-12-11,11.81,12.23,12.05,11.70,3022670.0,43463800.0
2012-12-10,11.49,12.38,12.05,11.35,4851582.0,70637936.0
2012-12-07,11.15,11.50,11.49,10.88,2900755.0,39369632.0
2012-12-06,11.44,11.44,11.19,11.11,2052002.0,27704140.0
2012-12-05,11.06,11.55,11.45,10.85,3181296.0,43358632.0
2012-12-04,10.93,11.11,11.10,10.30,2527248.0,32278510.0
2012-12-03,11.02,11.35,11.01,10.95,2199089.0,29404072.0
2012-11-30,10.81,11.14,10.96,10.66,1956721.0,25830502.0
2012-11-29,11.02,11.19,10.67,10.60,1800016.0,23744182.0
2012-11-28,11.80,11.88,11.05,10.63,2960267.0,39661744.0
2012-11-27,12.10,12.12,11.80,11.73,2061634.0,29456636.0
2012-11-26,12.64,12.83,12.24,12.19,2609588.0,39004616.0
2012-11-23,12.86,13.14,12.84,12.64,3159626.0,48936184.0
2012-11-22,13.53,13.53,13.02,12.77,5563472.0,87032344.0
2012-11-21,11.97,13.10,13.10,11.97,6461346.0,99945856.0
2012-11-20,11.78,12.04,11.91,11.78,786801.0,11290264.0
2012-11-19,12.05,12.11,11.90,11.82,863245.0,12375431.0
2012-11-16,12.06,12.14,12.00,11.81,858880.0,12326837.0
2012-11-15,12.31,12.31,12.02,11.98,1206669.0,17534372.0
2012-11-14,12.53,12.64,12.41,12.10,1227874.0,18279052.0
2012-11-13,12.60,12.88,12.59,12.48,1437389.0,21925772.0
2012-11-12,12.49,12.76,12.60,12.48,1034540.0,15631848.0
2012-11-09,12.40,12.98,12.68,12.40,1799054.0,27658360.0
2012-11-08,12.98,12.98,12.56,12.44,1860132.0,28316714.0
2012-11-07,13.28,13.28,13.03,12.93,1808324.0,28268084.0
2012-11-06,13.60,13.60,13.21,13.03,1790521.0,28515292.0
2012-11-05,13.58,13.60,13.49,13.37,1563205.0,25346756.0
2012-11-02,13.55,13.67,13.45,13.33,1762213.0,28525588.0
2012-11-01,13.23,13.58,13.56,13.08,2296154.0,37142284.0
2012-10-31,13.21,13.60,13.27,13.14,1358346.0,21687170.0
2012-10-30,13.23,13.62,13.42,13.23,1909244.0,30908502.0
2012-10-29,13.31,13.54,13.25,12.99,2238040.0,35488392.0
2012-10-26,14.09,14.29,13.68,13.53,2747405.0,45938392.0
2012-10-25,13.97,14.19,13.77,13.73,2562452.0,42632724.0
2012-10-24,13.57,14.52,14.13,13.57,3804393.0,65127808.0
2012-10-23,14.52,14.63,13.97,13.94,4138005.0,70609864.0
2012-10-22,14.47,14.56,14.39,14.19,5107084.0,88193672.0
2012-10-19,13.48,14.87,14.80,13.44,10581639.0,184142560.0
2012-10-18,13.33,13.70,13.53,13.33,3524719.0,57407272.0
2012-10-17,13.49,13.80,13.58,13.31,4017557.0,65359556.0
2012-10-16,13.39,13.96,13.87,13.23,5790823.0,95336176.0
2012-10-15,13.81,14.54,14.24,13.60,5433962.0,92833304.0
2012-10-12,14.36,14.51,13.78,13.44,4856180.0,81072144.0
2012-10-11,14.17,15.06,14.26,13.93,5887763.0,102854040.0
2012-10-10,14.39,15.17,14.51,13.85,8289070.0,145514720.0
2012-10-09,13.46,14.52,14.51,13.31,9927946.0,167459536.0
2012-10-08,12.05,13.19,13.19,12.00,7114384.0,111425960.0
2012-09-28,11.81,12.04,12.00,11.56,1935006.0,27691752.0
2012-09-27,11.52,11.88,11.82,11.43,2318668.0,32668184.0
2012-09-26,12.06,12.10,11.55,11.50,1316817.0,18690224.0
2012-09-25,12.02,12.22,12.14,11.90,1283734.0,18627306.0
2012-09-24,11.98,12.30,12.13,11.74,1731662.0,25099298.0
2012-09-21,12.27,12.40,12.05,11.99,1823818.0,26566408.0
2012-09-20,13.18,13.18,12.39,12.21,2434704.0,37111528.0
2012-09-19,13.31,13.43,13.18,13.10,1207091.0,19225332.0
2012-09-18,13.19,13.52,13.26,13.16,1693635.0,27088034.0
2012-09-17,13.89,13.96,13.11,13.10,3052271.0,49205752.0
2012-09-14,14.57,14.64,14.00,13.93,3458327.0,58654000.0
2012-09-13,14.51,14.74,14.53,14.43,3751416.0,65807452.0
2012-09-12,14.31,14.64,14.51,14.22,3161049.0,54905208.0
2012-09-11,14.47,14.47,14.27,14.14,2555295.0,43777752.0
2012-09-10,14.77,14.77,14.51,14.15,3838198.0,66612672.0
2012-09-07,14.13,15.19,14.62,14.02,5992400.0,105197584.0
2012-09-06,14.02,14.27,14.08,13.85,3161428.0,53209872.0
2012-09-05,14.15,14.50,14.18,13.96,3839071.0,65504208.0
2012-09-04,13.56,14.31,14.07,13.49,5827524.0,98280016.0
2012-09-03,13.23,13.66,13.60,12.74,4324541.0,70040688.0
2012-08-31,13.43,13.61,13.26,12.98,3645231.0,57815000.0
2012-08-30,14.64,14.74,13.56,13.02,4883606.0,80188528.0
2012-08-29,14.89,14.96,14.41,14.40,3279312.0,57341724.0
2012-08-28,14.82,15.35,15.00,14.81,2434574.0,43920240.0
2012-08-27,15.18,15.18,14.82,14.65,2899583.0,51766224.0
2012-08-24,15.83,15.99,15.31,15.28,3201923.0,59700896.0
2012-08-23,16.15,16.37,15.93,15.75,3468191.0,66459072.0
2012-08-22,16.38,16.73,16.25,16.05,3918762.0,76719880.0
2012-08-21,15.72,16.79,16.38,15.64,6360039.0,125313552.0
2012-08-20,15.56,15.89,15.64,15.17,4012133.0,74906480.0
2012-08-17,16.38,16.75,15.97,15.19,6063702.0,116897520.0
2012-08-16,16.53,17.02,16.71,16.10,5248150.0,105474392.0
2012-08-15,17.18,17.18,16.54,16.51,4604419.0,92705416.0
2012-08-14,17.39,17.84,17.20,16.80,5445250.0,112600208.0
2012-08-13,17.47,17.97,17.49,17.04,5889014.0,123921600.0
2012-08-10,17.54,18.13,17.39,17.22,6222119.0,131983312.0
2012-08-09,17.30,18.65,17.85,16.87,11434962.0,244066224.0
2012-08-08,17.51,19.28,18.02,17.14,16062952.0,356357952.0
2012-08-07,17.52,17.72,17.61,17.00,9807706.0,204685888.0
2012-08-06,17.43,17.95,17.75,17.19,9299292.0,196339936.0
2012-08-03,17.97,18.43,17.74,17.34,10068981.0,214858560.0
2012-08-02,17.30,18.63,18.23,17.09,13769855.0,299769952.0
2012-08-01,17.44,18.04,17.53,16.64,12718394.0,265730944.0
2012-07-31,15.34,17.44,17.44,15.24,13617164.0,272896960.0
2012-07-30,15.63,16.36,15.85,14.70,6758767.0,127531008.0
2012-07-27,16.14,16.22,15.63,15.37,6743317.0,127720224.0
2012-07-26,15.71,17.09,16.36,15.48,10031045.0,199167056.0
2012-07-25,16.64,16.98,15.88,15.81,10181079.0,197909824.0
2012-07-24,16.64,18.20,17.09,16.51,16866460.0,353313376.0
2012-07-23,14.93,16.63,16.63,14.64,14197977.0,271922432.0
2012-07-20,16.22,16.36,15.11,15.08,9942949.0,188004800.0
2012-07-19,16.33,16.60,16.25,15.87,10341085.0,201731440.0
2012-07-18,17.22,17.27,16.30,15.93,11724074.0,231523584.0
2012-07-17,17.52,18.29,17.25,16.30,13802478.0,285557312.0
2012-07-16,16.46,18.03,17.94,16.46,16455797.0,348934912.0
2012-07-13,14.53,16.39,16.39,14.31,13276509.0,253365504.0
2012-07-12,13.64,15.21,14.90,13.13,12940150.0,224756400.0
2012-07-11,12.89,14.12,13.91,12.73,10231893.0,168166608.0
2012-07-10,13.64,13.64,12.84,12.70,6467859.0,101079504.0
2012-07-09,13.43,14.55,13.73,13.40,10821641.0,182074064.0
2012-07-06,13.27,13.71,13.66,13.02,7677312.0,124080504.0
2012-07-05,13.94,13.94,13.19,13.15,10407374.0,168528512.0
2012-07-04,14.89,15.12,14.39,14.31,10418827.0,184502000.0
2012-07-03,14.43,15.22,15.13,14.11,13744963.0,241751392.0
2012-07-02,14.31,15.06,14.65,14.02,14427209.0,252988320.0
2012-06-29,14.57,14.81,14.42,14.04,12399418.0,213285632.0
2012-06-28,16.56,17.05,14.97,14.90,18775478.0,353059488.0
2012-06-27,14.43,15.88,15.88,14.43,6226074.0,116943600.0
2012-06-26,13.57,14.43,14.43,13.57,12205659.0,205997200.0
2012-06-25,11.73,13.12,13.12,11.50,8415959.0,129245248.0
2012-06-21,11.40,12.98,11.93,11.32,10522315.0,153205472.0
2012-06-20,11.01,12.08,12.08,10.82,14691997.0,206616544.0
2012-06-19,9.98,10.98,10.98,9.92,8220426.0,107103944.0
2012-06-18,9.73,10.01,9.98,9.73,2784813.0,33049838.0
2012-06-15,9.52,9.95,9.82,9.50,2635279.0,30973204.0
2012-06-14,9.73,9.80,9.53,9.47,1925844.0,22296972.0
2012-06-13,9.67,9.90,9.82,9.65,2083997.0,24572866.0
2012-06-12,9.65,9.86,9.64,9.49,1802644.0,21002496.0
2012-06-11,9.51,9.84,9.81,9.41,2156298.0,24856674.0
2012-06-08,9.92,9.96,9.54,9.49,1909889.0,22260320.0
2012-06-07,9.86,10.02,9.80,9.70,2772080.0,32760588.0
2012-06-06,10.34,10.38,9.81,9.72,4190714.0,50346488.0
2012-06-05,10.36,10.58,10.26,10.15,3116956.0,38824120.0
2012-06-04,10.80,10.80,10.37,10.26,3939346.0,49944256.0
2012-06-01,11.30,11.52,11.07,10.95,4178285.0,56316076.0
2012-05-31,11.73,11.73,11.30,11.19,6891730.0,94535968.0
2012-05-30,10.48,11.75,11.75,10.40,12264224.0,167630032.0
2012-05-29,10.41,10.86,10.68,10.28,4699096.0,59757800.0
2012-05-28,10.59,11.40,10.62,9.79,6419544.0,80152128.0
2012-05-25,10.28,11.32,10.80,10.17,7097039.0,91858960.0
2012-05-24,10.64,10.73,10.36,10.07,5225355.0,65267004.0
2012-05-23,10.82,11.01,10.76,10.57,5381110.0,69515472.0
2012-05-22,10.44,11.25,11.06,10.19,7155682.0,92237264.0
2012-05-21,10.47,10.79,10.43,10.17,7366691.0,91712768.0
2012-05-17,11.35,11.35,11.30,10.82,13538089.0,181808944.0
2012-05-16,10.32,10.32,10.32,10.32,612855.0,7605531.0
2012-05-15,9.38,9.38,9.38,9.38,337082.0,3802285.0
2012-05-14,8.53,8.53,8.53,8.53,47517.0,487049.0
2012-05-11,7.75,7.75,7.75,7.75,29203.0,272172.0
2012-02-03,6.90,7.15,7.05,6.90,1158869.0,9788957.0
2012-02-02,6.72,7.22,7.05,6.60,1866813.0,15706413.0
2012-02-01,6.65,6.73,6.65,6.56,497758.0,3989516.0
2012-01-31,6.55,6.66,6.65,6.50,585228.0,4618632.0
2012-01-30,6.78,6.78,6.56,6.49,696598.0,5577522.0
2012-01-20,6.47,6.70,6.65,6.47,634091.0,5039588.0
2012-01-19,6.41,6.65,6.47,6.41,829639.0,6516829.0
2012-01-18,6.55,6.77,6.55,6.47,743931.0,5935851.0
2012-01-17,6.30,6.65,6.62,6.16,820617.0,6344093.0
2012-01-16,6.43,6.55,6.16,6.16,654360.0,5028111.0
2012-01-13,6.87,6.89,6.52,6.51,975231.0,7823701.0
2012-01-12,6.79,7.02,6.90,6.75,1167399.0,9682813.0
2012-01-11,6.65,6.92,6.90,6.64,1733632.0,14181039.0
2012-01-10,6.49,6.97,6.80,6.46,2852769.0,23081952.0
2012-01-09,5.81,6.39,6.39,5.66,1739681.0,12931978.0
2012-01-06,5.91,5.91,5.81,5.45,1059468.0,7278758.0
2012-01-05,6.49,6.55,5.88,5.88,1162358.0,8598897.0
2012-01-04,6.82,6.82,6.54,6.52,476298.0,3854100.0
2011-12-30,6.75,6.83,6.79,6.68,843329.0,6871158.0
2011-12-29,6.74,6.81,6.77,6.60,670556.0,5432091.0
2011-12-28,6.82,6.93,6.78,6.46,704621.0,5646325.0
2011-12-27,7.05,7.14,6.89,6.80,601599.0,5037917.0
2011-12-26,6.99,7.17,7.14,6.99,460740.0,3933336.0
2011-12-23,7.00,7.24,7.11,7.00,786830.0,6751432.0
2011-12-22,7.31,7.31,7.10,6.86,1241443.0,10585898.0
2011-12-21,7.79,7.79,7.36,7.34,582936.0,5328926.0
2011-12-20,7.68,7.85,7.72,7.63,751005.0,6989287.0
2011-12-19,7.88,7.94,7.76,7.42,1206805.0,11033828.0
2011-12-16,7.75,7.89,7.85,7.40,1226397.0,11237435.0
2011-12-15,8.29,8.34,7.78,7.69,1175737.0,11218628.0
2011-12-14,8.68,8.82,8.29,8.20,496847.0,5104621.0
2011-12-13,8.97,8.97,8.76,8.71,669202.0,7069281.0
2011-12-12,8.93,9.08,9.07,8.91,461847.0,4992131.0
2011-12-09,9.09,9.13,9.10,8.73,678346.0,7267760.0
2011-12-08,9.03,9.27,9.13,8.87,488412.0,5318113.0
2011-12-07,9.08,9.20,9.14,8.86,353047.0,3869895.0
2011-12-06,8.98,9.20,9.15,8.75,396224.0,4314057.0
2011-12-05,9.23,9.26,9.05,8.91,386998.0,4230847.0
2011-12-02,9.28,9.43,9.25,9.16,589983.0,6568896.0
2011-12-01,9.44,9.69,9.46,9.28,1146916.0,13073865.0
2011-11-30,9.55,9.62,9.15,8.90,1277419.0,14269192.0
2011-11-29,9.37,9.61,9.54,9.37,968279.0,11088568.0
2011-11-28,9.19,9.35,9.28,9.15,611144.0,6817914.0
2011-11-25,9.57,9.67,9.28,9.24,1094200.0,12430283.0
2011-11-24,9.47,9.63,9.60,9.40,603074.0,6924922.0
2011-11-23,9.69,9.73,9.52,9.51,556578.0,6412658.0
2011-11-22,9.61,9.78,9.71,9.47,797335.0,9162140.0
2011-11-21,9.82,9.88,9.70,9.42,1349319.0,15531299.0
2011-11-18,9.98,10.19,9.84,9.70,1546088.0,18515772.0
2011-11-17,9.99,10.09,9.90,9.86,1116400.0,13370141.0
2011-11-16,10.44,10.44,10.02,9.99,2085939.0,25529220.0
2011-11-15,10.39,10.51,10.45,10.29,2400926.0,30036764.0
2011-11-14,10.23,10.44,10.39,10.21,1572467.0,19524590.0
2011-11-11,10.15,10.25,10.22,10.05,1198092.0,14579312.0
2011-11-10,10.40,10.48,10.15,10.13,1779653.0,22030200.0
2011-11-09,10.13,10.52,10.49,10.06,2591212.0,32093084.0
2011-11-08,10.15,10.22,10.07,9.91,1695866.0,20544828.0
2011-11-07,10.31,10.44,10.15,10.10,1731371.0,21296304.0
2011-11-04,10.41,10.41,10.36,10.23,2256256.0,27966176.0
2011-11-03,10.13,10.56,10.38,10.11,4522836.0,56215992.0
2011-11-02,10.14,10.14,10.12,9.76,2562555.0,30649950.0
2011-11-01,10.07,10.36,10.24,10.00,2579082.0,31653120.0
2011-10-31,10.00,10.23,10.12,10.00,2093720.0,25465778.0
2011-10-28,9.98,10.08,10.00,9.82,2020458.0,24200244.0
2011-10-27,9.74,10.13,9.92,9.74,2034117.0,24361208.0
2011-10-26,9.89,10.12,9.77,9.76,1918502.0,22980662.0
2011-10-25,9.92,10.13,10.05,9.71,1880071.0,22460756.0
2011-10-24,9.64,9.97,9.90,9.55,1279128.0,15063112.0
2011-10-21,9.57,9.73,9.65,9.40,1073068.0,12368811.0
2011-10-20,10.08,10.08,9.68,9.62,1249086.0,14723370.0
2011-10-19,10.28,10.30,10.11,9.78,2269103.0,27241736.0
2011-10-18,10.98,11.04,10.16,10.11,3059665.0,38986200.0
2011-10-17,10.94,11.22,11.09,10.81,3246127.0,42891000.0
2011-10-14,10.42,11.06,10.99,10.42,3773319.0,48943368.0
2011-10-13,10.44,10.86,10.55,10.41,2633678.0,33469130.0
2011-10-12,10.13,10.64,10.51,10.03,2523996.0,31566818.0
2011-10-11,10.19,10.43,10.23,10.07,2313580.0,28475210.0
2011-10-10,10.19,10.22,10.04,9.78,1667110.0,20068176.0
2011-09-30,10.91,10.94,10.11,10.02,3772880.0,46918188.0
2011-09-29,11.95,12.02,11.00,10.94,4815055.0,67145568.0
2011-09-28,11.73,12.13,12.10,11.52,6931112.0,99283072.0
2011-09-27,11.16,11.78,11.67,10.98,4776021.0,65848848.0
2011-09-26,11.30,11.55,11.06,10.96,2782784.0,37751592.0
2011-09-23,10.71,11.63,11.46,10.55,4673018.0,62766912.0
2011-09-22,11.31,11.63,10.93,10.90,3188365.0,43359312.0
2011-09-21,11.06,11.55,11.45,11.06,3272303.0,44837616.0
2011-09-20,11.05,11.23,11.20,10.86,2520523.0,33541292.0
2011-09-19,11.67,11.98,11.05,11.02,4088760.0,55713952.0
2011-09-16,12.16,12.44,12.00,11.83,4178866.0,60892796.0
2011-09-15,12.23,12.46,12.16,12.08,5332095.0,78545472.0
2011-09-14,11.83,12.47,12.39,11.50,6407762.0,92003696.0
2011-09-13,12.06,12.14,11.77,11.52,4910139.0,69573264.0
2011-09-09,12.23,12.64,12.31,11.99,5978736.0,88647696.0
2011-09-08,12.73,12.79,12.31,12.27,7332684.0,110597840.0
2011-09-07,12.35,13.02,12.96,12.10,10982280.0,165987568.0
2011-09-06,12.07,12.96,12.45,11.80,12528966.0,186089904.0
2011-09-05,10.60,11.91,11.91,10.33,5622798.0,76619816.0
2011-09-02,11.40,11.62,10.83,10.81,3701989.0,49965248.0
2011-09-01,11.17,11.77,11.55,11.00,5260960.0,72037392.0
2011-08-31,10.49,11.55,11.31,10.49,5239384.0,70289768.0
2011-08-30,10.86,10.91,10.56,10.55,1612985.0,20831612.0
2011-08-29,11.02,11.35,10.71,10.65,3211626.0,42566972.0
2011-08-26,11.06,11.30,11.14,10.96,2388256.0,31853922.0
2011-08-25,10.86,11.30,11.18,10.56,2966997.0,38787824.0
2011-08-24,10.81,11.05,10.86,10.67,2316490.0,30202636.0
2011-08-23,10.56,11.01,10.90,10.28,3555783.0,45591660.0
2011-08-22,11.38,11.60,10.75,10.23,4350510.0,58456260.0
2011-08-19,10.81,11.39,11.32,10.66,3226002.0,42670540.0
2011-08-18,11.56,11.72,11.25,11.15,3775085.0,51743336.0
2011-08-17,10.65,11.84,11.77,10.59,8590827.0,118158440.0
2011-08-16,10.46,10.83,10.76,10.32,2726873.0,34529196.0
2011-08-15,10.41,10.59,10.53,10.17,3118751.0,38971880.0
2011-08-12,10.32,10.76,10.55,10.31,5294684.0,66918204.0
2011-08-11,9.61,10.54,10.54,9.59,6834271.0,83863056.0
2011-08-10,8.80,9.58,9.58,8.80,1021895.0,11547564.0
2011-08-09,8.71,8.85,8.71,8.32,582192.0,5971496.0
2011-08-08,9.62,9.62,8.88,8.83,688400.0,7574657.0
2011-08-05,9.66,9.77,9.67,9.57,526811.0,6132529.0
2011-08-04,9.88,9.94,9.90,9.77,527688.0,6272520.0
2011-08-03,9.57,9.80,9.75,9.53,523728.0,6104298.0
2011-08-02,9.82,9.86,9.69,9.48,770644.0,8890864.0
2011-08-01,9.75,9.94,9.87,9.75,408739.0,4853857.0
2011-07-29,9.89,9.89,9.85,9.73,583933.0,6895908.0
2011-07-28,9.98,9.98,9.86,9.75,834289.0,9857676.0
2011-07-27,9.95,10.09,10.06,9.90,513193.0,6172799.0
2011-07-26,9.77,9.98,9.95,9.77,413633.0,4941060.0
2011-07-25,10.48,10.59,9.89,9.77,980856.0,11886050.0
2011-07-22,10.46,10.64,10.57,10.40,748386.0,9457609.0
2011-07-21,10.74,10.89,10.59,10.46,921785.0,11869567.0
2011-07-20,10.81,10.91,10.76,10.65,855904.0,11113562.0
2011-07-19,10.87,10.96,10.78,10.70,778035.0,10097874.0
2011-07-18,10.94,11.06,10.96,10.86,1037292.0,13642991.0
2011-07-15,10.56,11.17,10.94,10.55,1871968.0,24593516.0
2011-07-14,10.46,10.64,10.62,10.40,799427.0,10132668.0
2011-07-13,10.29,10.51,10.46,10.28,700927.0,8757089.0
2011-07-12,10.61,10.61,10.31,10.29,820435.0,10300487.0
2011-07-11,10.56,10.71,10.66,10.49,722644.0,9234180.0
2011-07-08,10.36,10.67,10.65,10.22,1030922.0,13025961.0
2011-07-07,10.42,10.56,10.36,10.33,802327.0,10034136.0
2011-07-06,10.30,10.52,10.46,10.22,1317394.0,16489978.0
2011-07-05,10.27,10.35,10.34,10.17,784142.0,9651367.0
2011-07-04,10.07,10.31,10.27,10.04,1062420.0,13060056.0
2011-07-01,10.01,10.13,10.06,9.95,541274.0,6545011.0
2011-06-30,9.96,10.07,10.00,9.84,614856.0,7361495.0
2011-06-29,10.08,10.12,9.87,9.86,618754.0,7432716.0
2011-06-27,9.91,10.19,10.08,9.91,718200.0,8691893.0
2011-06-24,9.80,10.10,10.02,9.74,1074526.0,12837356.0
2011-06-23,9.58,9.89,9.79,9.52,517024.0,6043918.0
2011-06-22,9.77,9.77,9.62,9.57,423860.0,4916885.0
2011-06-21,9.62,9.77,9.75,9.57,362097.0,4211430.0
2011-06-20,9.62,9.77,9.60,9.45,344621.0,3989754.0
2011-06-17,9.72,9.98,9.57,9.55,487599.0,5720013.0
2011-06-16,10.12,10.13,9.72,9.67,681850.0,8124391.0
2011-06-15,10.29,10.44,10.26,10.11,691810.0,8556818.0
2011-06-14,10.07,10.36,10.28,10.07,657781.0,8105852.0
2011-06-13,9.98,10.23,10.18,9.98,735678.0,8947237.0
2011-06-10,10.02,10.60,10.28,9.88,1558449.0,19229596.0
2011-06-09,10.27,10.27,9.92,9.88,455206.0,5528876.0
2011-06-08,10.27,10.39,10.18,9.96,598713.0,7270967.0
2011-06-07,10.10,10.27,10.18,10.08,488986.0,5988795.0
2011-06-03,10.15,10.26,10.12,10.02,859252.0,10473381.0
2011-06-02,9.80,10.13,10.06,9.64,763809.0,9095941.0
2011-06-01,9.85,10.07,9.94,9.79,482913.0,5748355.0
2011-05-31,9.67,9.90,9.83,9.57,668269.0,7846352.0
2011-05-30,9.89,9.95,9.67,9.65,664700.0,7824509.0
2011-05-27,10.22,10.39,9.89,9.82,1066420.0,12863379.0
2011-05-26,10.20,10.71,10.30,10.09,1313725.0,16435668.0
2011-05-25,10.07,10.21,10.08,9.95,570736.0,6942910.0
2011-05-24,10.19,10.27,10.15,9.82,1052955.0,12644844.0
2011-05-23,11.10,11.11,10.28,10.24,1141129.0,14522705.0
2011-05-20,11.16,11.16,11.03,10.94,616538.0,8180371.0
2011-05-19,11.12,11.17,11.16,10.97,1091560.0,14533584.0
2011-05-18,10.83,11.15,11.11,10.76,1167370.0,15458025.0
2011-05-17,10.66,10.98,10.84,10.66,735130.0,9588971.0
2011-05-16,10.77,10.90,10.81,10.76,425052.0,5531726.0
2011-05-13,10.66,10.79,10.79,10.61,742111.0,9541853.0
2011-05-12,11.11,11.11,10.66,10.66,1053989.0,13764988.0
2011-05-11,11.15,11.22,11.16,10.98,875593.0,11677945.0
2011-05-10,10.84,11.21,11.18,10.75,1708229.0,22675012.0
2011-05-09,10.80,10.91,10.83,10.71,589644.0,7676428.0
2011-05-06,10.69,10.81,10.76,10.61,515436.0,6634986.0
2011-05-05,10.76,10.84,10.81,10.68,479509.0,6194820.0
2011-05-04,10.98,10.98,10.81,10.56,734818.0,9487739.0
2011-05-03,10.67,10.96,10.95,10.61,742517.0,9640019.0
2011-04-29,10.80,10.80,10.69,10.49,939296.0,11985457.0
2011-04-28,10.85,11.05,10.67,10.65,849201.0,11079773.0
2011-04-27,11.05,11.06,10.96,10.71,969484.0,12693990.0
2011-04-26,11.23,11.30,10.85,10.80,1218610.0,16104582.0
2011-04-25,12.00,12.00,11.25,11.23,1943604.0,26844926.0
2011-04-22,12.18,12.30,11.96,11.81,1838570.0,26602104.0
2011-04-21,12.04,12.22,12.21,11.83,2430084.0,35172872.0
2011-04-20,11.89,12.14,12.04,11.65,2071537.0,29680094.0
2011-04-19,11.95,12.24,12.04,11.73,2627473.0,37750152.0
2011-04-18,11.60,12.09,12.07,11.49,2870071.0,41229396.0
2011-04-15,11.48,11.85,11.60,11.40,2375687.0,33311400.0
2011-04-14,11.54,11.54,11.47,11.34,989832.0,13604536.0
2011-04-13,11.29,11.55,11.54,11.15,1509694.0,20696470.0
2011-04-12,11.26,11.30,11.27,11.11,1590144.0,21417618.0
2011-04-11,11.50,11.50,11.25,11.16,1396773.0,18894192.0
2011-04-08,11.40,11.50,11.49,11.27,1146648.0,15743673.0
2011-04-07,11.35,11.46,11.38,11.19,1181315.0,16108850.0
2011-04-06,11.24,11.44,11.31,11.23,998651.0,13610458.0
2011-04-01,11.26,11.47,11.44,11.07,1127023.0,15397850.0
2011-03-31,11.55,11.55,11.15,10.98,1237792.0,16714124.0
2011-03-30,11.38,11.48,11.37,11.06,1553611.0,21158504.0
2011-03-29,12.09,12.14,11.39,11.34,3245712.0,45601784.0
2011-03-28,12.34,12.46,12.15,11.98,2353282.0,34352456.0
2011-03-25,12.44,12.46,12.34,12.14,2328520.0,34420828.0
2011-03-24,12.19,12.61,12.43,12.08,4302415.0,64265756.0
2011-03-23,11.92,12.21,12.09,11.85,2202204.0,31927244.0
2011-03-22,11.97,12.05,11.95,11.65,2169543.0,30878364.0
2011-03-21,12.21,12.37,11.97,11.88,2031567.0,29470656.0
2011-03-18,12.15,12.44,12.29,12.00,2459312.0,36189160.0
2011-03-17,12.37,12.37,12.07,11.99,2316274.0,33915416.0
2011-03-16,12.19,12.61,12.48,12.02,3966740.0,58913328.0
2011-03-15,12.48,12.49,12.25,11.81,3671937.0,53635032.0
2011-03-14,12.24,12.60,12.51,12.15,4300811.0,64120372.0
2011-03-11,12.24,12.63,12.24,12.11,5593424.0,82760136.0
2011-03-10,12.81,13.05,12.48,12.44,5709398.0,87185112.0
2011-03-09,12.64,13.13,13.12,12.64,8314084.0,128077280.0
2011-03-08,12.20,13.09,13.09,12.09,13541464.0,209082560.0
2011-03-07,11.74,12.45,11.90,11.65,7404325.0,106504824.0
2011-03-04,10.55,11.61,11.54,10.53,4886372.0,66044248.0
2011-03-03,10.76,10.91,10.58,10.50,1066076.0,13783302.0
2011-03-02,10.74,10.84,10.80,10.61,1383102.0,17759664.0
2011-03-01,10.89,10.98,10.77,10.70,1229790.0,16078206.0
2011-02-28,10.84,11.00,10.92,10.62,1170409.0,15290578.0
2011-02-25,10.71,10.94,10.79,10.71,875703.0,11385856.0
2011-02-24,10.40,10.81,10.73,10.36,1113119.0,14247236.0
2011-02-23,10.42,10.58,10.46,10.34,919075.0,11534729.0
2011-02-22,10.94,10.94,10.41,10.40,1104298.0,14136473.0
2011-02-21,10.72,10.87,10.83,10.66,1128977.0,14637468.0
2011-02-18,10.84,11.08,10.70,10.68,1355558.0,17714712.0
2011-02-17,11.02,11.02,10.91,10.81,1357847.0,17799536.0
2011-02-16,10.65,11.15,11.09,10.58,2438459.0,31864652.0
2011-02-15,10.48,10.97,10.80,10.35,2577343.0,33092896.0
2011-02-14,9.97,10.73,10.60,9.92,1797823.0,22295640.0
2011-02-11,9.96,10.03,9.99,9.86,623955.0,7476772.0
2011-02-10,9.75,9.96,9.95,9.71,918637.0,10901648.0
2011-02-09,9.75,9.77,9.75,9.60,394850.0,4602492.0
2011-02-01,9.80,9.80,9.75,9.65,506590.0,5915292.0
2011-01-31,9.63,9.78,9.76,9.62,435100.0,5082742.0
2011-01-28,9.82,9.82,9.71,9.61,440982.0,5134082.0
2011-01-27,9.56,9.69,9.62,9.40,560863.0,6456161.0
2011-01-26,9.48,9.57,9.56,9.43,328054.0,3749095.0
2011-01-25,9.50,9.58,9.50,9.42,372245.0,4242320.0
2011-01-24,9.51,9.55,9.54,9.40,301381.0,3439704.0
2011-01-21,9.40,9.52,9.45,9.37,292100.0,3318863.0
2011-01-20,9.69,9.77,9.34,9.32,407961.0,4665283.0
2011-01-19,9.63,9.80,9.75,9.59,259561.0,3030927.0
2011-01-18,9.64,9.65,9.64,9.49,333650.0,3843944.0
2011-01-17,10.12,10.13,9.58,9.46,694335.0,8171883.0
2011-01-14,10.24,10.24,10.02,9.98,621703.0,7555703.0
2011-01-13,10.12,10.31,10.23,10.03,614926.0,7507448.0
2011-01-12,10.13,10.19,10.00,9.88,391758.0,4704464.0
2011-01-11,10.13,10.22,9.98,9.86,583059.0,6988890.0
2011-01-10,10.13,10.33,10.12,10.12,771493.0,9499332.0
2011-01-07,10.25,10.38,10.14,10.01,820354.0,10087569.0
2011-01-06,10.47,10.51,10.27,10.18,511101.0,6341065.0
2011-01-05,10.24,10.56,10.47,10.24,745679.0,9364287.0
2011-01-04,10.30,10.35,10.34,10.23,829535.0,10254672.0
