date,open,high,close,low,volume,amount
2015-11-27,39.65,41.63,38.87,38.00,16696901.0,670886784.0
2015-11-26,40.10,40.52,39.77,39.59,10310320.0,412584064.0
2015-11-25,37.81,40.76,40.04,37.74,15852224.0,627621440.0
2015-11-24,37.70,37.93,37.90,37.18,4596142.0,172636400.0
2015-11-23,38.37,38.38,37.68,37.53,7278054.0,276131392.0
2015-11-20,38.00,38.67,38.33,37.77,6975176.0,266267328.0
2015-11-19,37.54,38.06,38.03,37.37,4969677.0,187360448.0
2015-11-18,37.89,38.16,37.33,37.25,5972245.0,224714000.0
2015-11-17,38.41,38.95,38.08,37.88,9121408.0,350960960.0
2015-11-16,37.41,38.20,38.14,37.00,8733667.0,328545472.0
2015-11-13,39.03,39.65,38.21,37.90,13362577.0,516347616.0
2015-11-12,37.90,39.83,39.65,37.90,14833498.0,575334912.0
2015-11-11,37.51,37.84,37.82,37.43,7334724.0,275964480.0
2015-11-10,37.76,38.55,37.84,37.31,9864349.0,375237248.0
2015-11-09,37.61,37.94,37.71,36.91,14058953.0,527715040.0
2015-11-06,36.76,37.98,37.54,36.68,12282340.0,460804768.0
2015-11-05,35.88,37.33,36.82,35.72,15972324.0,585078016.0
2015-11-04,34.66,36.23,36.04,34.63,9484971.0,336647936.0
2015-11-03,35.00,35.28,34.55,34.35,6308526.0,218551840.0
2015-11-02,35.29,35.83,35.13,35.00,4807270.0,170343744.0
2015-10-30,35.91,36.00,35.65,35.13,5490979.0,195388432.0
2015-10-29,36.09,36.25,36.15,35.60,5921155.0,212696992.0
2015-10-28,36.53,36.93,35.90,35.77,12671518.0,460819744.0
2015-10-27,37.70,37.85,37.77,36.42,6592132.0,245234608.0
2015-10-26,37.10,38.16,37.94,36.81,12402981.0,465803968.0
2015-10-23,35.95,36.65,36.62,35.82,9263795.0,335404768.0
2015-10-22,35.03,36.10,35.79,34.75,7251723.0,256354304.0
2015-10-21,37.04,37.54,34.92,34.75,10637801.0,385916704.0
2015-10-20,36.50,37.20,37.04,36.13,10407970.0,382601568.0
2015-10-19,36.92,37.09,36.56,36.17,8331882.0,305345312.0
2015-10-16,36.64,37.07,37.05,36.09,8856781.0,324242624.0
2015-10-15,35.30,36.50,36.43,35.21,7285034.0,262495744.0
2015-10-14,35.95,36.08,35.39,35.36,6511755.0,232162048.0
2015-10-13,36.10,36.20,36.17,35.50,7611960.0,273286080.0
2015-10-12,34.67,36.50,36.20,34.60,10677649.0,380639072.0
2015-10-09,33.90,34.61,34.43,33.81,5747317.0,196977504.0
2015-10-08,34.70,34.98,33.92,33.71,12400326.0,426493376.0
2015-09-30,33.89,33.99,33.63,33.57,1497597.0,50553948.0
2015-09-29,33.68,33.95,33.62,33.40,1441602.0,48482992.0
2015-09-28,33.76,34.28,34.11,33.16,1597332.0,54010128.0
2015-09-25,34.80,34.92,33.75,33.23,3123498.0,106590960.0
2015-09-24,34.47,35.18,34.81,34.47,2585813.0,90143592.0
2015-09-23,34.90,35.19,34.46,34.31,3028211.0,105105336.0
2015-09-22,35.12,35.92,35.41,34.93,5037588.0,178530080.0
2015-09-21,33.82,35.31,35.19,33.50,3085460.0,107038736.0
2015-09-18,34.32,34.88,34.40,33.80,2675996.0,91525016.0
2015-09-17,34.85,35.51,34.20,34.19,4419769.0,153624320.0
2015-09-16,32.48,35.47,34.90,32.48,4238807.0,143909616.0
2015-09-15,33.20,33.67,32.30,32.07,3385510.0,111305168.0
2015-09-14,36.00,36.77,33.59,33.33,4727629.0,166676256.0
2015-09-11,35.65,36.19,35.77,35.50,2450230.0,87833248.0
2015-09-10,36.00,36.30,35.70,35.48,3777274.0,135503824.0
2015-09-09,36.00,37.41,36.54,35.51,8575214.0,313219776.0
2015-09-08,34.03,35.98,35.75,33.31,6194321.0,213298688.0
2015-09-07,33.55,35.20,33.55,33.00,5869066.0,202562000.0
2015-09-02,31.57,33.72,33.58,31.00,8426678.0,277241152.0
2015-09-01,34.39,34.39,32.53,32.01,5460805.0,181139904.0
2015-08-31,35.48,35.48,34.37,34.00,5282736.0,182523872.0
2015-08-28,34.50,35.85,35.80,34.02,8282833.0,287739456.0
2015-08-27,32.38,33.79,33.73,31.62,7250450.0,237489056.0
2015-08-26,31.20,33.25,31.55,30.75,10038666.0,318586304.0
2015-08-25,32.82,33.95,30.95,30.95,16194009.0,513083680.0
2015-08-24,36.20,36.80,34.39,34.38,15780016.0,545094208.0
2015-08-21,38.85,40.13,38.20,37.90,6078814.0,237454496.0
2015-08-20,41.50,42.27,40.13,40.05,5328915.0,219619312.0
2015-08-19,40.82,42.78,42.41,39.03,7745898.0,318587328.0
2015-08-18,46.80,46.88,42.15,42.15,10439001.0,463087680.0
2015-08-17,45.70,46.97,46.83,44.73,6182651.0,282951040.0
2015-08-14,46.11,46.99,45.97,45.61,6967688.0,322977088.0
2015-08-13,45.60,46.17,46.11,44.00,8799424.0,398270976.0
2015-08-12,47.13,47.50,45.56,45.51,13688338.0,637179392.0
2015-08-11,45.50,48.69,48.69,45.50,23588304.0,1135945728.0
2015-08-10,42.51,44.68,44.26,42.31,9889615.0,429857984.0
2015-08-07,41.25,42.37,42.29,41.07,6908261.0,289843648.0
2015-08-06,40.06,42.18,40.99,40.04,4648572.0,191997120.0
2015-08-05,41.90,42.62,41.23,41.09,5006609.0,209298848.0
2015-08-04,39.35,42.10,42.04,39.35,6249948.0,254970368.0
2015-08-03,41.10,41.48,39.15,38.50,7152584.0,283083008.0
2015-07-31,41.82,42.99,41.65,41.00,3606232.0,151790912.0
2015-07-30,43.80,44.50,43.00,42.85,4926918.0,216286576.0
2015-07-29,42.80,44.35,44.28,41.00,4433479.0,188519328.0
2015-07-28,43.00,44.27,42.45,40.10,11956513.0,502379968.0
2015-07-27,48.05,48.05,43.90,43.90,8153351.0,376866240.0
2015-07-24,48.55,50.50,48.78,48.48,9923081.0,491463296.0
2015-07-23,47.00,49.13,48.84,46.41,7536587.0,359764128.0
2015-07-22,47.00,47.30,46.97,45.68,5901272.0,275021056.0
2015-07-21,48.18,48.18,47.33,46.60,7828059.0,369804352.0
2015-07-20,47.21,50.00,48.38,47.03,7423460.0,358610304.0
2015-07-17,44.70,47.77,47.01,44.28,5364705.0,247025344.0
2015-07-16,43.29,45.80,44.27,40.01,8422387.0,363465280.0
2015-07-15,46.33,47.10,43.29,43.20,7925530.0,356228768.0
2015-07-14,46.00,51.52,47.64,45.06,13203023.0,643946880.0
2015-07-13,46.30,46.84,46.84,43.88,11832599.0,545514048.0
2015-07-10,41.02,42.58,42.58,41.02,4923834.0,208051856.0
2015-07-09,35.19,38.71,38.71,35.10,9800971.0,369271360.0
2015-07-08,35.19,41.97,35.19,35.19,36877792.0,1348160128.0
2015-07-07,41.18,42.50,39.10,39.10,12578550.0,503713248.0
2015-07-06,46.18,46.18,43.44,37.80,13541455.0,563431040.0
2015-07-03,43.00,46.67,41.99,40.51,8953191.0,383188608.0
2015-07-02,50.51,51.50,45.00,44.96,8865320.0,418842336.0
2015-07-01,54.00,56.09,49.95,49.75,8068023.0,437895808.0
2015-06-30,51.55,55.55,55.28,47.11,9894075.0,502899872.0
2015-06-29,59.37,59.41,52.34,52.34,9394958.0,508665664.0
2015-06-26,63.17,63.17,58.01,58.01,8372816.0,507936416.0
2015-06-25,65.79,67.85,64.46,64.06,7756244.0,524297440.0
2015-06-24,62.98,65.50,65.25,62.03,7229086.0,469153824.0
2015-06-23,61.47,63.45,62.56,56.64,6485193.0,402262400.0
2015-06-19,63.86,66.88,61.47,61.21,7871669.0,518311680.0
2015-06-18,64.11,69.33,64.98,62.82,10159503.0,689123776.0
2015-06-17,64.94,65.29,64.06,61.03,7654778.0,494086272.0
2015-06-16,68.63,68.74,64.41,63.49,9647889.0,646838720.0
2015-06-15,68.15,70.39,67.88,67.38,11312605.0,798627264.0
2015-06-12,68.56,69.79,67.80,66.89,10618346.0,739716352.0
2015-06-11,68.35,70.30,68.35,68.06,8674117.0,613250048.0
2015-06-10,68.82,69.53,68.08,66.53,8500746.0,594417024.0
2015-06-09,66.50,69.73,69.36,63.95,16964708.0,1160906240.0
2015-06-08,65.91,66.25,65.43,63.08,12551506.0,827043648.0
2015-06-05,67.87,68.65,65.87,65.23,15074238.0,1027972608.0
2015-06-04,63.47,68.10,66.93,61.01,18367150.0,1233845888.0
2015-06-03,61.53,64.78,64.78,61.37,24567702.0,1605838976.0
2015-06-02,56.64,59.08,58.89,55.86,10216557.0,597918400.0
2015-06-01,54.00,56.75,56.59,53.71,8501606.0,482209984.0
2015-05-29,55.35,56.17,53.85,52.05,14099193.0,779498624.0
2015-05-28,61.42,61.47,55.41,55.41,16766557.0,1011765056.0
2015-05-27,62.83,64.11,61.56,60.48,13131800.0,832667712.0
2015-05-26,62.74,63.25,62.86,60.99,16486771.0,1044340544.0
2015-05-25,60.98,63.85,62.62,60.55,10975758.0,704333376.0
2015-05-22,61.66,61.91,61.54,59.96,10666501.0,665382080.0
2015-05-21,60.74,61.32,61.04,59.37,11635154.0,720563968.0
2015-05-20,57.12,61.13,60.82,56.41,17628154.0,1058004800.0
2015-05-19,54.10,56.93,56.41,54.05,8210741.0,466481248.0
2015-05-18,53.71,54.49,53.85,53.30,6383042.0,352183392.0
2015-05-15,56.15,56.15,54.50,53.71,6341800.0,354401312.0
2015-05-14,57.32,57.97,56.28,55.67,9473553.0,548336064.0
2015-05-13,55.01,58.20,57.40,54.45,13234973.0,766152128.0
2015-05-12,55.81,55.86,55.15,54.80,8396637.0,475150656.0
2015-05-11,55.15,55.86,55.78,54.70,7583067.0,428772448.0
2015-05-08,53.14,54.75,54.69,53.14,5966823.0,329775200.0
2015-05-07,53.09,53.36,52.58,51.64,4445469.0,238295888.0
2015-05-06,54.81,55.65,53.12,52.73,5989717.0,333171776.0
2015-05-05,57.12,57.55,54.76,54.69,7346348.0,419497056.0
2015-05-04,57.81,58.10,57.51,55.64,6130189.0,359245920.0
2015-04-30,57.22,59.91,57.79,57.22,11132622.0,668332864.0
2015-04-29,55.46,56.98,56.89,54.60,8334950.0,479308832.0
2015-04-28,56.46,56.92,55.25,54.29,8802221.0,498090976.0
2015-04-27,55.91,57.17,56.37,55.66,10903469.0,628921344.0
2015-04-24,54.69,56.44,55.90,53.75,17302132.0,980857088.0
2015-04-23,59.62,59.66,58.17,58.07,10418043.0,623327168.0
2015-04-22,58.49,61.35,59.67,58.47,10061193.0,618529024.0
2015-04-21,55.45,58.47,58.39,55.45,9203827.0,539999296.0
2015-04-20,58.59,58.64,55.44,54.68,12584677.0,734864000.0
2015-04-17,59.36,60.33,58.69,58.57,10243809.0,620068992.0
2015-04-16,58.96,60.64,58.94,56.53,14726881.0,883248064.0
2015-04-15,64.80,65.11,61.46,61.46,16858992.0,1080620544.0
2015-04-14,70.29,70.87,68.29,67.87,8250722.0,584768448.0
2015-04-13,68.15,71.29,69.90,66.20,9017998.0,637152640.0
2015-04-10,61.50,67.36,66.44,60.76,8450974.0,562582912.0
2015-04-09,59.57,62.15,61.57,54.68,12317309.0,745838208.0
2015-04-08,60.71,61.84,59.84,58.62,11383474.0,701846656.0
2015-04-07,58.10,61.84,60.68,58.00,12154241.0,750179712.0
2015-04-03,54.66,59.43,58.13,54.37,12211410.0,717063488.0
2015-04-02,53.40,55.37,55.36,52.97,8966803.0,499479936.0
2015-04-01,52.10,53.70,52.88,52.10,6814734.0,369000256.0
2015-03-31,54.68,55.85,52.13,51.61,11800976.0,645592448.0
2015-03-30,51.78,55.63,54.11,50.78,11740059.0,641166784.0
2015-03-27,48.04,51.22,50.66,48.04,11459365.0,586894784.0
2015-03-26,47.70,48.98,47.93,47.25,7635551.0,376400448.0
2015-03-25,48.92,49.22,47.64,47.40,11591542.0,570447552.0
2015-03-24,46.18,48.61,48.55,46.18,16995570.0,828718400.0
2015-03-23,45.85,46.74,45.97,45.71,13468538.0,636725952.0
2015-03-20,46.80,46.84,45.77,45.72,9724761.0,459317760.0
2015-03-19,47.76,47.82,46.72,46.41,6536816.0,314314912.0
2015-03-18,47.21,47.81,47.75,47.21,5362809.0,261387904.0
2015-03-17,47.94,47.95,47.38,47.22,6825704.0,332388480.0
2015-03-16,47.45,47.85,47.76,46.50,5913885.0,285159936.0
2015-03-13,47.25,47.85,47.06,46.58,4120382.0,198960160.0
2015-03-12,46.12,47.26,47.08,45.70,5213580.0,247833472.0
2015-03-11,46.87,47.35,46.19,45.39,6708064.0,317982240.0
2015-03-10,43.14,47.47,47.20,42.98,10659648.0,496146016.0
2015-03-09,42.88,43.40,43.15,42.28,4484899.0,197281840.0
2015-03-06,43.47,44.18,42.99,42.92,3572524.0,159168576.0
2015-03-05,43.97,44.18,43.47,43.30,4970731.0,222826976.0
2015-03-04,43.55,43.94,43.84,42.90,5003186.0,221887504.0
2015-03-03,45.07,45.07,43.71,43.24,5590803.0,252376336.0
2015-03-02,45.38,46.17,45.06,44.83,4969568.0,230801952.0
2015-02-27,45.21,45.31,44.91,44.53,3297600.0,151645936.0
2015-02-26,43.68,45.38,45.19,43.42,2697693.0,122951816.0
2015-02-25,44.59,44.92,43.73,43.64,2235308.0,100576208.0
2015-02-17,44.14,45.59,44.46,43.94,4051430.0,186800864.0
2015-02-16,44.22,44.41,44.08,42.99,3141698.0,140739936.0
2015-02-13,44.72,44.89,44.06,43.94,4124348.0,187291408.0
2015-02-12,42.84,45.06,44.61,42.56,4639735.0,209227984.0
2015-02-11,41.60,43.40,42.91,41.46,3060474.0,133883424.0
2015-02-10,40.67,41.63,41.48,40.67,2692231.0,114035632.0
2015-02-09,42.43,42.43,40.83,40.65,6186806.0,261916864.0
2015-02-06,41.87,42.73,42.43,41.12,3385222.0,144765280.0
2015-02-05,43.26,43.50,41.93,41.79,3702867.0,161217472.0
2015-02-04,44.22,44.33,42.64,42.48,4005994.0,177042736.0
2015-02-03,43.07,44.31,44.06,42.97,4083077.0,182872832.0
2015-02-02,43.06,43.46,42.74,42.18,3863129.0,168957984.0
2015-01-30,44.92,45.47,44.01,43.45,4678558.0,212013920.0
2015-01-29,45.97,46.38,45.03,44.95,3673448.0,172386912.0
2015-01-28,46.31,47.34,46.55,46.19,3456433.0,165831872.0
2015-01-27,46.99,47.00,46.54,45.97,3685815.0,175399024.0
2015-01-26,46.40,47.37,46.98,45.97,3600333.0,171859840.0
2015-01-23,47.30,47.72,46.53,46.24,3375364.0,162940608.0
2015-01-22,46.87,47.51,47.39,46.01,4373582.0,209287680.0
2015-01-21,45.39,46.86,46.78,44.94,5348228.0,254064304.0
2015-01-20,44.97,46.06,45.36,44.79,6207824.0,289058624.0
2015-01-19,46.87,47.49,44.46,43.72,7767638.0,362786528.0
2015-01-16,48.98,49.30,48.57,47.95,3840834.0,190352240.0
2015-01-15,48.81,49.09,48.89,47.85,2950543.0,146499696.0
2015-01-14,47.95,50.19,48.73,47.55,4521940.0,226944288.0
2015-01-13,46.14,48.14,47.95,45.70,4102525.0,196994752.0
2015-01-12,47.08,47.85,46.46,45.52,4536460.0,216017840.0
2015-01-09,46.73,48.70,47.01,46.41,4936941.0,241568608.0
2015-01-08,48.16,48.97,46.89,46.82,5987938.0,292478016.0
2015-01-07,49.61,50.58,48.60,48.58,5843764.0,295121312.0
2015-01-06,49.24,51.06,49.76,48.92,6738483.0,344203296.0
2015-01-05,46.85,51.28,49.87,45.97,10626255.0,533191424.0
2014-12-31,47.07,47.34,46.80,45.46,6401684.0,304695936.0
2014-12-30,46.87,48.63,46.96,46.53,10295771.0,499791552.0
2014-12-29,45.41,48.32,46.76,45.20,12495705.0,597008448.0
2014-12-26,40.85,44.88,44.58,40.83,11247668.0,500762976.0
2014-12-25,40.48,41.21,40.85,40.15,4970323.0,207695088.0
2014-12-24,41.26,41.50,40.05,39.06,7862274.0,322940224.0
2014-12-23,42.28,42.28,40.98,40.87,6184753.0,262151664.0
2014-12-22,42.87,43.41,42.29,40.82,7839439.0,335954176.0
2014-12-19,42.48,43.42,42.48,41.02,8528066.0,369377440.0
2014-12-18,42.38,43.44,41.99,41.61,5243829.0,227811888.0
2014-12-17,42.17,43.20,42.42,41.81,6243005.0,271276352.0
2014-12-16,42.92,43.44,42.27,41.83,7745129.0,335480384.0
2014-12-15,42.80,44.18,43.04,41.98,9378816.0,414652864.0
2014-12-12,44.65,45.18,42.90,42.48,9428872.0,421489920.0
2014-12-11,40.38,44.72,44.09,39.74,14770897.0,643799104.0
2014-12-10,39.60,41.11,40.83,39.34,11519670.0,476495072.0
2014-12-09,39.06,42.12,38.88,38.28,32270580.0,1332167680.0
2014-12-08,34.76,38.31,38.29,34.33,21034264.0,808548352.0
2014-12-05,34.65,35.52,34.82,33.96,17804122.0,629430208.0
2014-12-04,33.83,34.69,34.51,33.70,10913846.0,382949504.0
2014-12-03,34.09,34.57,33.81,33.40,14390912.0,500130912.0
2014-12-02,33.68,34.26,34.08,33.53,9668120.0,335471584.0
2014-12-01,33.43,34.24,33.64,33.10,12847409.0,443711136.0
2014-11-28,33.38,33.87,33.29,33.01,9439055.0,322185216.0
2014-11-27,32.51,33.40,33.36,32.33,10842481.0,366253280.0
2014-11-26,32.50,32.56,32.36,32.15,6456491.0,213547168.0
2014-11-25,32.13,32.45,32.41,31.93,7998134.0,263425744.0
2014-11-24,31.89,32.32,32.18,31.76,8087124.0,265543264.0
2014-11-21,31.58,31.71,31.63,31.36,4548464.0,146843968.0
2014-11-20,31.85,31.88,31.55,31.26,4441987.0,143246768.0
2014-11-19,32.24,32.24,31.85,31.64,4604075.0,150339872.0
2014-11-18,32.22,32.42,32.22,32.06,4438412.0,146417296.0
2014-11-17,32.03,32.56,32.31,31.67,6324532.0,207753184.0
2014-11-14,32.14,32.16,31.81,31.52,5887615.0,191330960.0
2014-11-13,32.48,32.69,32.19,31.78,6487086.0,213577392.0
2014-11-12,31.93,32.65,32.57,31.44,7464018.0,245191696.0
2014-11-11,32.81,33.92,32.02,32.00,15868379.0,536117696.0
2014-11-10,32.82,33.07,32.77,32.24,7911145.0,264536352.0
2014-11-07,32.23,32.68,32.55,31.94,7418117.0,245832672.0
2014-11-06,32.13,32.50,32.15,31.72,4692435.0,154176080.0
2014-11-05,31.76,32.27,32.10,31.52,5212975.0,170313616.0
2014-11-04,32.22,32.79,31.90,31.59,9310123.0,306297696.0
2014-11-03,32.60,33.40,32.31,32.16,11570210.0,388667680.0
2014-10-31,32.01,32.56,32.37,31.90,9206740.0,303940416.0
2014-10-30,31.47,32.00,31.88,31.32,8841383.0,286796480.0
2014-10-29,31.54,32.01,31.32,31.10,11224797.0,362782592.0
2014-10-28,30.76,31.40,31.23,30.64,9335615.0,297292000.0
2014-10-27,30.56,30.65,30.37,30.06,4287301.0,132578544.0
2014-10-24,30.23,30.90,30.54,30.07,5937465.0,184651152.0
2014-10-23,30.95,31.30,30.29,29.99,9429486.0,293543776.0
2014-10-22,30.77,31.55,31.14,30.77,9945530.0,316870720.0
2014-10-21,30.18,31.89,30.84,30.09,14862736.0,472591680.0
2014-10-20,29.36,30.27,30.18,29.24,9644973.0,293754880.0
2014-10-17,29.53,29.87,29.27,28.80,5944763.0,177121696.0
2014-10-16,29.35,30.25,29.40,29.21,8656678.0,263603920.0
2014-10-15,29.01,29.54,29.50,28.79,5022438.0,149817328.0
2014-10-14,28.88,29.47,29.00,28.77,5449855.0,161604512.0
2014-10-13,29.20,29.20,28.93,28.61,5422075.0,159598448.0
2014-10-10,29.61,29.95,29.33,29.29,6983555.0,210627936.0
2014-10-09,29.89,30.33,29.83,29.67,6076728.0,185984368.0
2014-10-08,29.87,30.00,29.91,29.50,5730035.0,173841168.0
2014-09-30,29.84,30.06,29.80,29.60,4805780.0,146218560.0
2014-09-29,29.93,30.35,29.78,29.53,6857399.0,209653856.0
2014-09-26,29.00,30.06,29.80,28.91,6802981.0,206041232.0
2014-09-25,29.26,29.69,29.04,28.92,6587247.0,197465696.0
2014-09-24,28.79,29.25,29.20,28.54,4960897.0,146945808.0
2014-09-23,28.33,28.84,28.68,28.33,4157166.0,121301608.0
2014-09-22,29.33,29.33,28.42,28.20,5420582.0,158779440.0
2014-09-19,28.82,29.56,29.34,28.78,4378887.0,130514984.0
2014-09-18,28.81,28.97,28.77,28.60,4174030.0,122388248.0
2014-09-17,28.91,29.06,28.77,28.45,5511301.0,161418752.0
2014-09-16,30.16,30.33,28.89,28.76,10336109.0,310020480.0
2014-09-15,29.78,30.45,30.19,29.78,7696537.0,236702368.0
2014-09-12,29.74,30.11,29.78,29.56,7015334.0,213331600.0
2014-09-11,29.26,30.53,29.93,29.17,12371348.0,378539776.0
2014-09-10,28.92,29.27,29.17,28.81,6691283.0,198364032.0
2014-09-09,28.21,29.37,29.07,28.10,11663370.0,343935904.0
2014-09-05,28.13,28.20,28.09,27.84,5622164.0,160855184.0
2014-09-04,27.78,28.11,28.03,27.78,4825669.0,137696688.0
2014-09-03,27.99,28.16,27.81,27.64,8244066.0,235418256.0
2014-09-02,27.68,28.00,27.89,27.65,6411345.0,182348608.0
2014-09-01,27.25,27.80,27.65,27.23,5691795.0,159920272.0
2014-08-29,26.86,27.26,27.22,26.86,3439388.0,95034216.0
2014-08-28,26.95,27.14,26.84,26.73,3287807.0,90214992.0
2014-08-27,27.11,27.22,26.94,26.92,3748995.0,103408736.0
2014-08-26,27.30,27.39,27.08,26.95,5520100.0,152793360.0
2014-08-25,27.61,27.88,27.35,27.33,6029474.0,169909808.0
2014-08-22,27.96,27.96,27.62,27.39,8345836.0,235222704.0
2014-08-21,27.48,28.20,27.97,27.48,8980288.0,255585840.0
2014-08-20,27.49,27.66,27.50,27.27,4300756.0,120361792.0
2014-08-19,27.27,27.68,27.46,27.10,6864317.0,192114336.0
2014-08-18,26.86,27.28,27.15,26.86,4988242.0,137895680.0
2014-08-15,26.65,26.97,26.81,26.65,4823080.0,132116536.0
2014-08-14,27.11,27.14,26.65,26.57,5239836.0,143442832.0
2014-08-13,27.11,27.35,27.09,26.91,5010986.0,138584160.0
2014-08-12,27.30,27.30,27.13,27.01,4352080.0,120377152.0
2014-08-11,26.69,27.40,27.38,26.69,6212751.0,171397472.0
2014-08-08,26.76,26.84,26.66,26.58,4232936.0,115183512.0
2014-08-07,27.25,27.40,26.76,26.74,5934811.0,163878592.0
2014-08-06,26.77,27.70,27.32,26.58,8374993.0,232389040.0
2014-08-05,26.77,26.94,26.77,26.67,4547739.0,124273536.0
2014-08-04,26.52,26.77,26.73,26.39,6137509.0,166699168.0
2014-08-01,26.67,26.84,26.44,26.44,7135071.0,194093680.0
2014-07-31,26.30,26.89,26.71,26.30,5278305.0,143694960.0
2014-07-30,26.39,26.44,26.29,26.15,5106017.0,136988448.0
2014-07-29,26.46,26.80,26.42,26.36,6633973.0,179444784.0
2014-07-28,26.08,26.59,26.45,26.03,7677927.0,206977920.0
2014-07-25,25.74,25.88,25.84,25.60,4846019.0,127348584.0
2014-07-24,25.21,25.79,25.68,25.21,7655380.0,199481088.0
2014-07-23,25.31,25.41,25.20,25.17,4119984.0,106302360.0
2014-07-22,25.37,25.40,25.35,25.15,3936702.0,101589896.0
2014-07-21,25.18,25.43,25.36,25.17,2706300.0,69879200.0
2014-07-18,25.03,25.31,25.17,25.02,2252291.0,57930860.0
2014-07-17,25.36,25.38,25.08,24.99,3058496.0,78496072.0
2014-07-16,25.22,25.67,25.37,25.20,4706486.0,122204568.0
2014-07-15,25.26,25.32,25.25,25.07,3279126.0,84273808.0
2014-07-14,24.94,25.35,25.26,24.90,4833605.0,124264976.0
2014-07-11,24.67,24.95,24.88,24.62,2280968.0,57807052.0
2014-07-10,24.61,24.87,24.68,24.61,2577822.0,65040212.0
2014-07-09,24.98,25.03,24.67,24.65,3128345.0,79241184.0
2014-07-08,24.79,25.07,25.06,24.79,2931149.0,74596504.0
2014-07-07,25.11,25.18,24.86,24.79,3907959.0,99434480.0
2014-07-04,25.28,25.32,25.11,25.07,3252729.0,83458000.0
2014-07-03,25.23,25.57,25.26,25.14,5659277.0,146257696.0
2014-07-02,24.94,25.07,25.05,24.84,2980945.0,75851808.0
2014-07-01,25.06,25.08,24.94,24.87,2688309.0,68428752.0
2014-06-30,24.91,25.10,25.02,24.89,2920430.0,74518968.0
2014-06-27,24.82,25.07,24.93,24.72,3116997.0,79187896.0
2014-06-26,24.74,24.94,24.81,24.74,3197666.0,81040032.0
2014-06-25,24.85,24.86,24.74,24.69,1850452.0,46719616.0
2014-06-24,24.59,24.89,24.88,24.56,2485864.0,62793776.0
2014-06-23,24.73,24.78,24.62,24.53,3231722.0,81233280.0
2014-06-20,24.64,24.75,24.68,24.52,2222916.0,55902920.0
2014-06-19,24.94,25.19,24.61,24.53,3230679.0,81980424.0
2014-06-18,25.27,25.32,24.88,24.85,3756627.0,95960488.0
2014-06-17,25.83,25.87,25.31,25.28,4795681.0,124424776.0
2014-06-16,25.73,25.86,25.79,25.57,5656311.0,155475616.0
2014-06-13,25.37,25.75,25.69,25.37,5470861.0,149687760.0
2014-06-12,25.46,25.59,25.40,25.30,2983381.0,81054176.0
2014-06-11,25.05,25.58,25.52,24.99,6312182.0,171310912.0
2014-06-10,24.78,25.01,24.99,24.74,2791762.0,74288568.0
2014-06-09,24.79,24.91,24.77,24.73,2429267.0,64394012.0
2014-06-06,24.80,25.03,24.79,24.70,4366602.0,116103064.0
2014-06-05,24.63,24.82,24.80,24.55,2236732.0,58990028.0
2014-06-04,24.89,24.92,24.63,24.54,2534764.0,66799712.0
2014-06-03,24.93,25.10,24.89,24.87,3160380.0,84404336.0
2014-05-30,24.86,25.01,24.95,24.63,3814735.0,101243056.0
2014-05-29,25.25,25.33,24.94,24.92,2398106.0,64272064.0
2014-05-28,25.16,25.28,25.24,24.95,2664758.0,71569384.0
2014-05-27,25.30,25.40,25.15,25.08,2549558.0,68725968.0
2014-05-26,25.23,25.34,25.31,25.06,3153680.0,84987384.0
2014-05-23,25.13,25.22,25.17,24.88,2044347.0,54725112.0
2014-05-22,25.24,25.46,25.08,25.06,2649129.0,71599360.0
2014-05-21,24.84,25.25,25.22,24.78,2003362.0,53647940.0
2014-05-20,24.96,25.27,24.92,24.86,2631485.0,70327584.0
2014-05-19,25.15,25.15,24.84,24.71,2529423.0,67138984.0
2014-05-16,24.96,25.22,25.17,24.89,2271270.0,60777908.0
2014-05-15,25.57,25.62,25.08,25.06,2867794.0,77580576.0
2014-05-14,25.54,25.72,25.57,25.43,2323225.0,63419384.0
2014-05-13,25.73,25.77,25.55,25.42,3284080.0,89801808.0
2014-05-12,25.55,25.80,25.74,25.29,5213986.0,142572640.0
2014-05-09,25.50,25.55,25.35,25.14,2911017.0,78843656.0
2014-05-08,25.64,25.73,25.43,25.37,4759905.0,129887096.0
2014-05-07,26.20,26.20,25.66,25.64,3833745.0,105989544.0
2014-05-06,26.31,26.60,26.32,26.20,3968633.0,111942400.0
2014-05-05,26.42,26.47,26.36,25.97,5214423.0,145802320.0
2014-04-30,26.58,26.90,26.47,26.34,5245206.0,149245280.0
2014-04-29,26.39,26.67,26.57,26.02,6051004.0,170603200.0
2014-04-28,25.88,26.95,26.30,25.88,7574492.0,213758112.0
2014-04-25,25.99,26.67,26.08,25.92,7362173.0,207080528.0
2014-04-24,25.48,26.20,25.96,25.36,5025468.0,139125120.0
2014-04-23,25.69,25.79,25.43,25.36,3198315.0,87302944.0
2014-04-22,25.75,25.96,25.69,25.42,3211804.0,88202128.0
2014-04-21,25.87,26.16,25.84,25.74,4132812.0,114603752.0
2014-04-18,25.75,26.03,26.00,25.67,4484015.0,124145824.0
2014-04-17,26.18,26.29,25.86,25.83,3515099.0,97493840.0
2014-04-16,25.97,26.15,26.05,25.86,3435672.0,95499208.0
2014-04-15,26.67,26.67,25.90,25.86,6873951.0,191986368.0
2014-04-14,26.59,27.02,26.59,26.44,6629839.0,189263568.0
2014-04-11,25.92,26.95,26.54,25.92,10036813.0,285524288.0
2014-04-10,26.48,26.49,25.92,25.84,9929906.0,277882464.0
2014-04-09,25.98,26.29,26.07,25.79,6111320.0,170131184.0
2014-04-08,25.62,26.05,25.87,25.60,6006236.0,165561376.0
2014-04-04,25.00,25.72,25.62,24.86,4859324.0,132132848.0
2014-04-03,25.26,25.38,25.00,24.89,3284836.0,88154200.0
2014-04-02,25.13,25.23,25.23,24.98,2970784.0,79798288.0
2014-04-01,24.89,25.15,25.09,24.77,3239999.0,86661832.0
2014-03-31,24.68,25.13,24.92,24.59,4313805.0,114761704.0
2014-03-28,24.52,24.70,24.58,24.39,2805397.0,73662608.0
2014-03-27,24.67,24.81,24.54,24.48,2438014.0,64218212.0
2014-03-26,24.57,24.78,24.76,24.44,2777257.0,73041272.0
2014-03-25,24.60,24.76,24.55,24.47,3228806.0,84912608.0
2014-03-24,24.52,24.70,24.68,24.26,4119889.0,107800120.0
2014-03-21,23.85,24.56,24.45,23.75,3905213.0,100975704.0
2014-03-20,23.99,24.47,23.91,23.88,3005224.0,77654568.0
2014-03-19,24.19,24.21,24.05,23.86,2956479.0,75765224.0
2014-03-18,24.42,24.44,24.26,24.15,2715803.0,70511232.0
2014-03-17,24.49,24.49,24.41,24.12,2451676.0,63686128.0
2014-03-14,24.04,24.50,24.31,23.99,2585685.0,66914040.0
2014-03-13,24.00,24.31,24.20,23.78,3289053.0,84728856.0
2014-03-12,23.82,24.10,24.00,23.68,2566637.0,65546444.0
2014-03-11,23.85,24.12,23.92,23.65,2467288.0,62829876.0
2014-03-10,24.52,24.53,23.80,23.75,4606088.0,118360056.0
2014-03-07,24.94,25.06,24.71,24.70,2823493.0,74961880.0
2014-03-06,25.04,25.04,24.87,24.64,3015529.0,79937016.0
2014-03-05,24.99,25.22,24.99,24.69,3394738.0,90392224.0
2014-03-04,24.94,25.03,24.89,24.63,3136624.0,83291056.0
2014-03-03,24.89,25.26,25.04,24.69,4188479.0,111976384.0
2014-02-28,24.41,24.86,24.84,24.41,2982005.0,78509672.0
2014-02-27,24.99,24.99,24.42,24.39,3952831.0,104140944.0
2014-02-26,24.52,24.87,24.84,24.35,3399775.0,89461432.0
2014-02-25,25.20,25.54,24.55,24.36,5584573.0,149996528.0
2014-02-24,25.69,25.82,25.18,25.15,5659176.0,153231680.0
2014-02-21,26.45,26.60,25.97,25.62,6145689.0,170902336.0
2014-02-20,26.05,27.03,26.46,26.05,11772067.0,334770592.0
2014-02-19,25.73,26.08,26.05,25.47,4872386.0,134259552.0
2014-02-18,26.22,26.25,25.80,25.69,5169795.0,142859664.0
2014-02-17,25.83,26.21,26.18,25.81,6436624.0,178848208.0
2014-02-14,25.46,25.85,25.76,25.39,4815614.0,132017312.0
2014-02-13,26.03,26.06,25.46,25.43,6441914.0,176969856.0
2014-02-12,26.20,26.40,26.03,25.70,6798767.0,188543968.0
2014-02-11,26.06,26.53,26.09,25.86,6265538.0,175529600.0
2014-02-10,25.57,26.15,25.94,25.57,5421480.0,150010016.0
2014-02-07,25.37,25.70,25.51,25.04,4331031.0,117334464.0
2014-01-30,25.74,26.20,25.55,25.51,4103593.0,113181352.0
2014-01-29,25.45,26.43,26.08,25.41,9505554.0,263277632.0
2014-01-28,24.70,25.17,25.14,24.52,4206684.0,111529608.0
2014-01-27,24.67,24.98,24.74,24.62,4304273.0,114063688.0
2014-01-24,24.56,25.03,24.92,24.33,6190298.0,164376928.0
2014-01-23,24.61,24.87,24.68,24.51,4933745.0,130052096.0
2014-01-22,24.07,24.77,24.74,24.04,6799657.0,177814496.0
2014-01-21,24.05,24.28,24.05,23.91,5509164.0,141568256.0
2014-01-20,24.22,24.28,23.89,23.88,3330532.0,85454496.0
2014-01-17,24.64,24.64,24.19,24.03,3706013.0,95874744.0
2014-01-16,24.65,24.89,24.70,24.55,2933858.0,77372848.0
2014-01-15,24.90,25.00,24.61,24.49,3010240.0,79278456.0
2014-01-14,24.50,24.94,24.92,24.43,2466426.0,65047448.0
2014-01-13,24.41,24.74,24.53,24.29,2445777.0,63905412.0
2014-01-10,24.58,24.70,24.40,24.24,3008978.0,78660944.0
2014-01-09,25.29,25.40,24.77,24.69,4446531.0,119127832.0
2014-01-08,25.29,25.59,25.35,25.06,3415019.0,92398136.0
2014-01-07,25.15,25.52,25.18,24.96,3534883.0,95185104.0
2014-01-06,26.21,26.21,25.28,25.25,4191799.0,114191600.0
2014-01-03,26.68,26.82,26.22,26.12,4233066.0,119124824.0
2014-01-02,26.95,27.13,26.86,26.71,2889603.0,83114992.0
2013-12-31,26.91,27.26,27.03,26.76,3269146.0,94351616.0
2013-12-30,27.04,27.12,27.10,26.67,4330514.0,124464976.0
2013-12-27,26.26,26.83,26.73,26.20,3563391.0,101352512.0
2013-12-26,26.96,26.96,26.29,26.18,3385993.0,95815904.0
2013-12-25,26.25,27.00,26.96,26.18,4195614.0,119396352.0
2013-12-24,26.15,26.68,26.32,26.04,4069203.0,114541368.0
2013-12-23,26.04,26.30,26.06,25.73,3828613.0,106308072.0
2013-12-20,26.75,26.86,25.95,25.90,4794140.0,134668640.0
2013-12-19,27.23,27.37,26.75,26.67,3563026.0,102762528.0
2013-12-18,27.43,27.66,27.10,26.97,3068457.0,89812224.0
2013-12-17,27.42,27.59,27.39,27.14,3564539.0,104346264.0
2013-12-16,28.37,28.49,27.45,27.43,4574623.0,136066000.0
2013-12-13,28.19,28.62,28.32,28.02,4247369.0,128619672.0
2013-12-12,28.29,28.73,28.42,28.16,5038864.0,152922608.0
2013-12-11,28.82,28.96,28.40,28.03,6705463.0,204158464.0
2013-12-10,28.41,29.36,29.02,28.36,8395427.0,259933856.0
2013-12-09,28.28,28.60,28.38,27.98,5809906.0,175357648.0
2013-12-06,28.63,29.18,28.41,28.28,8174269.0,251415712.0
2013-12-05,28.34,28.73,28.58,28.10,5497058.0,166997760.0
2013-12-04,28.29,28.92,28.30,28.16,8732094.0,266673520.0
2013-12-03,27.28,28.54,28.29,27.28,8926994.0,266910016.0
2013-12-02,26.95,27.98,27.29,26.64,7129431.0,208153312.0
2013-11-29,27.17,27.51,27.23,27.09,4396117.0,128119432.0
2013-11-28,26.65,27.34,27.13,26.65,4284910.0,124125832.0
2013-11-27,26.36,26.76,26.67,26.33,3445093.0,97801432.0
2013-11-26,26.69,26.89,26.43,26.18,3974816.0,112294448.0
2013-11-25,27.12,27.48,26.76,26.67,3843684.0,111611112.0
2013-11-22,27.03,27.61,27.21,26.87,4239064.0,123708472.0
2013-11-21,27.02,27.12,27.00,26.58,2583499.0,73963800.0
2013-11-20,27.05,27.40,27.00,26.68,2729710.0,78358976.0
2013-11-19,26.77,27.32,27.02,26.68,4384191.0,126246776.0
2013-11-18,26.23,26.81,26.76,26.20,5538412.0,156530032.0
2013-11-15,25.69,26.38,26.09,25.53,3792840.0,105834184.0
2013-11-14,25.54,25.94,25.61,25.19,2498531.0,68292976.0
2013-11-13,26.56,26.56,25.54,25.52,3281563.0,91073000.0
2013-11-12,26.48,26.81,26.63,26.31,1971009.0,55889216.0
2013-11-11,26.35,26.67,26.44,26.23,1456970.0,41234924.0
2013-11-08,26.67,26.88,26.48,26.34,1979274.0,56243428.0
2013-11-07,26.91,27.06,26.69,26.67,1833753.0,52562628.0
2013-11-06,27.57,27.60,26.96,26.95,2540688.0,74128248.0
2013-11-05,27.16,27.62,27.61,26.76,2874086.0,83527304.0
2013-11-04,27.51,27.62,27.23,27.16,1789169.0,52305080.0
2013-11-01,27.72,27.89,27.37,27.03,2555365.0,74800896.0
2013-10-31,27.56,28.21,27.65,27.42,3145553.0,93454712.0
2013-10-30,26.95,27.72,27.70,26.67,3050536.0,88608232.0
2013-10-29,27.46,27.79,26.90,26.33,4577831.0,132360272.0
2013-10-28,28.40,28.68,27.50,27.44,4573080.0,136868384.0
2013-10-25,27.55,28.91,28.00,27.55,8094896.0,244149664.0
2013-10-24,26.67,26.98,26.74,26.31,2785986.0,79276520.0
2013-10-23,27.52,27.78,26.69,26.54,4533052.0,130646960.0
2013-10-22,28.11,28.72,27.47,27.37,3881393.0,115723512.0
2013-10-21,27.78,28.30,28.16,27.62,3532950.0,105755264.0
2013-10-18,27.46,27.76,27.62,27.14,2686550.0,78932056.0
2013-10-17,28.10,28.40,27.57,27.42,4266134.0,127084208.0
2013-10-16,29.12,29.65,27.97,27.63,6901659.0,209611760.0
2013-10-15,29.69,29.81,29.20,29.07,5010497.0,156932048.0
2013-10-14,29.57,30.41,29.71,29.18,8173704.0,260625520.0
2013-10-11,28.45,29.65,29.37,28.44,8180845.0,256349536.0
2013-10-10,27.61,29.10,28.23,27.61,6167184.0,187318656.0
2013-10-09,27.37,27.93,27.81,27.15,3991078.0,117676368.0
2013-10-08,27.23,27.97,27.52,26.76,4354328.0,127834184.0
2013-09-30,27.28,27.56,27.34,27.15,3119973.0,91221856.0
2013-09-27,27.51,27.97,27.25,27.00,4130285.0,120609040.0
2013-09-26,28.26,28.73,27.45,27.41,5789822.0,173253984.0
2013-09-25,26.76,29.35,28.76,26.76,12302475.0,373706016.0
2013-09-24,26.94,26.94,26.71,26.23,3978765.0,112840568.0
2013-09-23,26.59,27.03,26.94,26.58,4149472.0,118806336.0
2013-09-18,26.16,26.67,26.56,25.92,3361273.0,94890792.0
2013-09-17,26.62,27.25,26.18,26.13,5611506.0,160009648.0
2013-09-16,27.03,27.03,26.68,26.30,6555181.0,186557584.0
2013-09-13,27.32,28.03,27.06,26.95,10748721.0,316950336.0
2013-09-12,26.58,27.61,27.27,26.31,11358638.0,328477728.0
2013-09-11,25.28,26.73,26.64,25.28,11995723.0,334710624.0
2013-09-10,24.95,25.24,25.21,24.84,4190772.0,112531840.0
2013-09-09,24.66,25.14,24.99,24.42,5198726.0,137630736.0
2013-09-06,24.70,24.84,24.62,24.46,2988335.0,78481024.0
2013-09-05,24.60,24.89,24.74,24.51,3459403.0,91256056.0
2013-09-04,24.76,24.76,24.61,24.52,3510366.0,92260352.0
2013-09-03,24.32,24.81,24.76,24.24,3908890.0,102465440.0
2013-09-02,24.31,24.45,24.26,24.06,2692954.0,69656440.0
2013-08-30,23.93,24.50,24.32,23.82,4478283.0,116054192.0
2013-08-29,24.55,24.55,23.93,23.84,7868351.0,202250816.0
2013-08-28,25.57,25.57,24.70,24.66,7463503.0,198944032.0
2013-08-27,25.83,25.97,25.69,25.57,4298446.0,118117912.0
2013-08-26,25.83,26.00,25.95,25.43,3689745.0,101508640.0
2013-08-23,26.21,26.32,25.74,25.55,5176196.0,142706800.0
2013-08-22,26.30,26.64,26.42,26.15,3358723.0,94802272.0
2013-08-21,25.75,26.39,26.38,25.66,3248723.0,90636832.0
2013-08-20,25.78,26.06,25.67,25.61,2583145.0,71281336.0
2013-08-19,25.41,26.05,25.88,25.41,2799846.0,77330640.0
2013-08-16,25.45,26.19,25.40,25.27,3441611.0,94442112.0
2013-08-15,25.87,26.19,25.64,25.58,2766138.0,76511720.0
2013-08-14,26.40,26.54,25.93,25.84,3694008.0,103312896.0
2013-08-13,26.18,26.45,26.41,25.99,3545558.0,99584472.0
2013-08-12,25.73,26.14,26.14,25.68,4764124.0,132462168.0
2013-08-09,25.45,25.81,25.60,25.18,2906986.0,79470232.0
2013-08-08,25.47,25.65,25.42,25.13,2517003.0,68214088.0
2013-08-07,25.81,26.18,25.44,25.36,3862672.0,106431040.0
2013-08-06,25.47,26.15,25.92,25.36,4956733.0,136449536.0
2013-08-05,24.51,25.71,25.67,24.36,5747933.0,155972912.0
2013-08-02,24.70,24.95,24.47,24.43,3069254.0,80800352.0
2013-08-01,24.28,24.80,24.62,24.19,3106962.0,81762288.0
2013-07-31,24.40,24.57,24.16,24.13,2264318.0,58735724.0
2013-07-30,23.97,24.48,24.16,23.72,2828633.0,72872048.0
2013-07-29,24.73,24.73,24.00,23.96,3140731.0,81080400.0
2013-07-26,25.03,25.13,24.73,24.50,2828497.0,74964328.0
2013-07-25,25.55,25.63,25.13,25.03,3584147.0,96679856.0
2013-07-24,26.11,26.11,25.60,25.13,5517300.0,150637472.0
2013-07-23,25.83,26.30,26.13,25.53,6032435.0,167502080.0
2013-07-22,25.24,25.89,25.75,25.08,4356265.0,119255288.0
2013-07-19,24.82,26.11,25.50,24.62,7434921.0,202039984.0
2013-07-18,25.08,25.24,24.75,24.72,4257802.0,113243440.0
2013-07-17,25.65,25.76,25.22,25.09,4417859.0,120069520.0
2013-07-16,25.41,25.75,25.73,24.94,5578072.0,151084832.0
2013-07-15,24.97,25.43,25.42,24.84,5346283.0,143871024.0
2013-07-12,25.90,25.97,24.97,24.81,7152135.0,193525616.0
2013-07-11,25.13,26.34,25.91,24.89,6667716.0,182819584.0
2013-07-10,24.54,25.16,25.10,23.97,5875271.0,154716064.0
2013-07-09,24.91,25.37,24.46,24.34,4683311.0,123532360.0
2013-07-08,26.72,26.72,25.17,25.15,6261362.0,172924720.0
2013-07-05,27.76,27.98,27.20,27.09,4779787.0,140063504.0
2013-07-04,27.51,28.30,27.87,27.11,5755625.0,170734208.0
2013-07-03,26.50,27.59,27.55,26.29,9922749.0,286590304.0
2013-07-02,26.20,27.03,26.50,26.11,7860111.0,221960656.0
2013-07-01,26.00,26.76,26.33,25.23,7291667.0,204256864.0
2013-06-28,26.67,28.05,27.07,25.55,7254791.0,206506640.0
2013-06-27,28.59,28.91,27.09,27.04,10709666.0,318246848.0
2013-06-26,28.07,29.46,28.58,27.81,6642737.0,201703552.0
2013-06-25,28.38,28.98,28.06,26.30,5221211.0,154240880.0
2013-06-24,29.74,30.50,28.48,28.05,4318283.0,135235712.0
2013-06-21,29.80,30.13,29.71,28.96,3735903.0,118347632.0
2013-06-20,30.81,31.61,30.20,29.99,3658483.0,120187640.0
2013-06-19,32.39,32.39,31.11,30.81,5695345.0,190423840.0
2013-06-18,32.70,33.32,32.47,31.71,6319691.0,225459744.0
2013-06-17,33.61,34.07,32.88,32.67,5432956.0,198438896.0
2013-06-14,34.07,35.56,33.91,32.80,11247249.0,426574720.0
2013-06-05,33.02,33.44,32.52,32.38,4131798.0,149556496.0
2013-06-04,32.98,33.34,33.02,32.41,4629370.0,167947968.0
2013-06-03,32.13,33.69,33.22,31.58,8383390.0,304102848.0
2013-05-31,33.72,33.89,32.35,32.34,8199328.0,296664576.0
2013-05-30,33.79,34.52,33.60,33.50,6596246.0,245839872.0
2013-05-29,34.50,34.51,34.22,33.09,11558356.0,431402272.0
2013-05-28,36.97,36.97,34.64,34.16,28753536.0,1121323392.0
2013-02-08,31.98,34.14,33.70,31.98,9685838.0,358383520.0
2013-02-07,32.41,32.41,31.32,31.05,5292469.0,183172656.0
2013-02-06,32.41,32.94,32.22,32.05,3434407.0,122716704.0
2013-02-05,31.95,32.89,32.33,31.60,5531775.0,196060416.0
2013-02-04,31.37,32.12,31.98,31.37,6746601.0,236114560.0
2013-02-01,30.98,31.49,31.07,30.71,5885533.0,201938272.0
2013-01-31,31.44,32.07,30.78,30.52,9772647.0,334429568.0
2013-01-30,29.84,29.93,29.66,29.39,3486967.0,113626600.0
2013-01-29,29.95,30.14,29.81,29.50,4575054.0,149854304.0
2013-01-28,29.06,29.93,29.91,29.02,4789367.0,155496464.0
2013-01-25,28.16,29.38,29.06,27.98,4375927.0,139294528.0
2013-01-24,28.80,29.15,28.19,28.00,4743217.0,149485552.0
2013-01-23,28.45,28.84,28.77,28.01,3912705.0,122749520.0
2013-01-22,29.26,29.28,28.49,28.34,5896843.0,185943216.0
2013-01-21,29.39,29.45,29.26,29.04,4601989.0,147921584.0
2013-01-18,29.00,29.47,29.39,28.80,6517322.0,209296528.0
2013-01-17,30.42,30.42,29.06,29.00,7264124.0,235339200.0
2013-01-16,31.14,31.16,30.32,29.99,4114811.0,138450000.0
2013-01-15,31.60,31.60,31.13,30.93,5206804.0,178498720.0
2013-01-14,30.54,31.68,31.50,30.54,4169294.0,142985360.0
2013-01-11,31.10,31.16,30.83,30.34,3044187.0,103222440.0
2013-01-10,30.43,31.15,31.11,30.21,3586425.0,121225184.0
2013-01-09,30.60,31.07,30.58,30.18,3333219.0,112787712.0
2013-01-08,30.17,30.71,30.60,29.98,3710504.0,124295864.0
2013-01-07,29.98,31.12,30.16,29.87,4916231.0,165014352.0
2013-01-04,32.07,32.21,30.44,29.99,7063717.0,238089664.0
2012-12-31,31.80,32.62,32.04,31.24,5830809.0,204408624.0
2012-12-28,30.20,32.00,31.97,29.99,5908155.0,203516256.0
2012-12-27,29.92,30.30,30.21,29.37,2381740.0,78310040.0
2012-12-26,28.61,30.14,29.75,28.51,3261013.0,105012520.0
2012-12-25,28.16,28.92,28.53,27.87,2266722.0,71220560.0
2012-12-24,28.08,28.98,28.23,27.98,2804548.0,87961536.0
2012-12-21,27.42,28.49,28.21,27.34,3174240.0,97226048.0
2012-12-20,27.39,27.86,27.41,27.16,2444864.0,73863488.0
2012-12-19,27.68,27.93,27.46,27.23,1063131.0,32179144.0
2012-12-18,27.27,28.30,27.61,27.22,1834688.0,55872840.0
2012-12-17,27.23,28.14,27.31,27.21,2334092.0,70719432.0
2012-12-14,26.01,27.44,27.29,25.85,2623130.0,77517536.0
2012-12-13,26.53,26.53,26.02,25.72,1045601.0,30066666.0
2012-12-12,26.60,26.74,26.54,26.07,1094198.0,31802156.0
2012-12-11,26.83,26.84,26.63,26.38,1360216.0,39809952.0
2012-12-10,26.45,27.07,26.85,26.45,1911923.0,56510960.0
2012-12-07,25.76,26.75,26.62,25.54,3826274.0,110861512.0
2012-12-06,25.67,26.30,25.67,25.45,2252006.0,64101012.0
2012-12-05,24.08,25.89,25.72,23.93,4720993.0,131373128.0
2012-12-04,23.80,24.39,24.27,22.98,3507732.0,90423032.0
2012-12-03,24.77,24.98,23.81,23.64,2097471.0,56364140.0
2012-11-30,24.98,25.23,24.82,24.43,1788025.0,48715016.0
2012-11-29,25.07,25.48,25.09,24.91,1861990.0,51623464.0
2012-11-28,26.02,26.34,25.07,24.96,2595481.0,72602672.0
2012-11-27,26.42,26.70,26.29,26.03,1137503.0,33074488.0
2012-11-26,26.80,26.94,26.62,26.44,896960.0,26309720.0
2012-11-23,26.51,27.14,26.80,26.34,1260872.0,37155040.0
2012-11-22,26.79,26.86,26.48,26.16,1663006.0,48330992.0
2012-11-21,26.89,27.33,26.93,25.97,2379952.0,69685952.0
2012-11-20,28.15,28.45,26.90,26.89,3240772.0,97884216.0
2012-11-19,27.46,28.30,28.15,27.46,1519924.0,46751672.0
2012-11-16,27.91,28.33,27.96,27.73,1872508.0,57841048.0
2012-11-15,28.98,29.14,27.91,27.81,2644601.0,82829336.0
2012-11-14,29.44,29.68,29.19,28.96,1987269.0,63820044.0
2012-11-13,29.98,30.04,29.70,28.77,4085022.0,132084640.0
2012-11-12,32.12,32.12,29.97,29.87,2877551.0,97353072.0
2012-11-09,31.46,32.23,31.97,31.46,1426679.0,50232084.0
2012-11-08,32.48,32.48,31.63,31.61,1592321.0,56003536.0
2012-11-07,32.46,33.11,32.71,32.30,1492622.0,53696000.0
2012-11-06,31.77,32.51,32.42,31.61,2107878.0,74583560.0
2012-11-05,32.33,32.33,31.98,31.30,2426745.0,85045424.0
2012-11-02,31.93,32.57,32.46,31.85,2715752.0,96363784.0
2012-11-01,31.98,32.46,31.91,31.71,2729895.0,96560736.0
2012-10-31,32.48,32.48,32.17,30.90,4990990.0,172362592.0
2012-10-30,32.42,32.70,32.34,31.98,2314097.0,82330440.0
2012-10-29,32.07,33.15,32.16,31.81,3469935.0,124669752.0
2012-10-26,32.69,33.07,32.52,31.70,6653366.0,236328592.0
2012-10-25,35.43,35.43,33.03,32.57,12184034.0,445548640.0
2012-10-24,36.35,37.60,36.18,35.68,2515710.0,101292352.0
2012-10-23,38.49,38.75,36.64,36.38,2475517.0,101506968.0
2012-10-22,38.69,39.02,38.49,38.04,1418486.0,59923652.0
2012-10-19,38.28,39.24,38.87,38.08,2002962.0,85422904.0
2012-10-18,37.70,38.75,38.28,37.56,3041253.0,128608120.0
2012-10-17,36.88,37.70,37.47,36.46,2043178.0,83534256.0
2012-10-16,37.58,37.88,36.74,36.35,1703707.0,69671192.0
2012-10-15,36.84,38.48,37.61,36.71,2497208.0,102797072.0
2012-10-12,36.97,37.52,36.78,36.47,1606234.0,65553032.0
2012-10-11,36.47,37.06,36.52,36.05,1496166.0,60164512.0
2012-10-10,36.33,37.24,36.48,35.97,1854594.0,75021664.0
2012-10-09,34.81,36.47,36.33,34.77,3293513.0,130045840.0
2012-10-08,35.00,35.34,34.63,34.34,1243513.0,47636280.0
2012-09-28,33.66,35.43,35.01,33.55,2736056.0,102682184.0
2012-09-27,33.99,34.70,34.00,33.79,2325414.0,87557440.0
2012-09-26,35.42,35.42,34.01,33.78,908621.0,34278960.0
2012-09-25,35.47,35.72,35.06,34.98,1156035.0,45017112.0
2012-09-24,34.95,36.21,35.57,34.68,1617482.0,63667568.0
2012-09-21,33.75,34.87,34.80,33.70,1675165.0,63595064.0
2012-09-20,33.99,34.81,33.92,33.69,1576609.0,59285088.0
2012-09-19,34.07,34.92,34.38,33.81,2304718.0,87284424.0
2012-09-18,34.26,34.29,33.94,33.61,1484407.0,55384508.0
2012-09-17,35.97,35.99,34.48,34.07,2303708.0,88677088.0
2012-09-14,36.32,36.34,35.70,35.44,1473007.0,58007840.0
2012-09-13,36.16,36.61,35.74,35.70,1907545.0,75901680.0
2012-09-12,36.43,37.05,36.22,35.57,1776543.0,70547456.0
2012-09-11,35.43,36.41,36.14,35.34,3202224.0,127406984.0
2012-09-10,34.97,35.75,35.68,34.80,3260920.0,126510136.0
2012-09-07,34.52,35.68,35.19,34.23,3009177.0,116030536.0
2012-09-06,34.42,34.69,34.17,33.63,1751493.0,65580352.0
2012-09-05,33.62,34.41,34.37,33.30,2396012.0,89890624.0
2012-09-04,34.36,34.68,33.82,33.16,3695592.0,136946944.0
2012-09-03,34.16,35.25,34.40,34.06,1957975.0,74915248.0
2012-08-31,34.57,35.07,34.18,33.89,2131984.0,80674384.0
2012-08-30,35.60,35.84,34.63,34.61,1563574.0,60555608.0
2012-08-29,35.32,36.43,35.42,34.79,2025233.0,80000448.0
2012-08-28,35.44,36.24,35.74,34.07,3411598.0,131004600.0
2012-08-27,35.46,36.73,35.78,35.16,2821665.0,112230976.0
2012-08-24,39.06,39.85,35.83,35.61,6300795.0,257897488.0
2012-08-23,38.47,39.11,37.92,37.34,3747527.0,157594160.0
2012-08-22,38.69,38.81,38.08,37.73,2746864.0,115254048.0
2012-08-21,36.58,38.75,38.69,36.58,6584591.0,276761024.0
2012-08-20,36.87,37.26,36.51,36.14,2873597.0,116500752.0
2012-08-17,36.02,37.42,36.87,35.64,3754480.0,151649440.0
2012-08-16,35.30,36.04,35.97,35.07,2647312.0,104558224.0
2012-08-15,35.61,35.87,35.47,34.98,2811971.0,109708952.0
2012-08-14,34.67,35.42,35.22,34.46,3186055.0,122929616.0
2012-08-13,33.79,35.03,34.64,33.33,3425390.0,129584720.0
2012-08-10,33.66,34.41,33.80,33.37,1339045.0,49901768.0
2012-08-09,33.19,33.69,33.64,33.19,1173992.0,43238124.0
2012-08-08,33.42,33.95,33.47,33.20,1352555.0,50056656.0
2012-08-07,34.07,34.25,33.37,33.17,1488498.0,54967028.0
2012-08-06,32.98,34.03,33.96,32.98,1963176.0,72236600.0
2012-08-03,33.59,33.70,33.52,33.10,1035532.0,38046936.0
2012-08-02,33.76,33.97,33.71,33.20,1449378.0,53252728.0
2012-08-01,33.52,34.05,33.76,33.18,2150989.0,79833048.0
2012-07-31,33.66,34.84,33.53,32.99,2818656.0,104776984.0
2012-07-30,34.52,34.98,33.57,32.98,4038732.0,150265744.0
2012-07-27,32.23,34.77,34.66,31.25,8583231.0,318173440.0
2012-07-26,31.97,32.52,32.00,31.70,1336023.0,47333472.0
2012-07-25,32.14,33.09,32.25,32.05,2265161.0,81066536.0
2012-07-24,30.98,32.31,32.19,30.89,3080681.0,107896560.0
2012-07-23,29.82,31.14,31.06,29.39,1779674.0,60407888.0
2012-07-20,30.19,30.42,30.29,30.04,1089066.0,36155672.0
2012-07-19,30.29,30.52,30.17,29.87,598529.0,19899248.0
2012-07-18,30.01,30.39,30.17,29.53,2101636.0,69637840.0
2012-07-17,30.44,30.89,30.06,29.63,1491206.0,49577256.0
2012-07-16,31.18,31.55,30.78,30.18,967681.0,32681872.0
2012-07-13,31.40,31.61,31.18,30.98,979672.0,33743776.0
2012-07-12,31.34,31.70,31.42,31.11,1580287.0,54687208.0
2012-07-11,30.15,31.39,31.37,30.00,1140827.0,38803456.0
2012-07-10,29.96,30.22,30.17,29.80,785041.0,25959372.0
2012-07-09,30.71,30.75,30.06,30.00,2254237.0,75356576.0
2012-07-06,30.73,30.98,30.88,29.99,1637578.0,55271452.0
2012-07-05,31.34,31.45,30.75,30.54,1000870.0,34029432.0
2012-07-04,30.95,31.79,31.53,30.95,1522217.0,52650232.0
2012-07-03,29.98,31.20,30.95,29.90,2281694.0,77340672.0
2012-07-02,30.39,30.61,30.04,29.87,1216498.0,40363532.0
2012-06-29,29.76,30.61,30.39,29.34,1482231.0,48543800.0
2012-06-28,30.34,30.34,29.97,29.69,1342613.0,44393288.0
2012-06-27,30.41,30.41,30.34,29.79,953795.0,31617168.0
2012-06-26,30.19,30.41,30.41,29.71,726767.0,24023664.0
2012-06-25,30.57,30.96,30.19,29.80,1232110.0,41238904.0
2012-06-21,30.62,30.85,30.64,30.10,1190341.0,39820656.0
2012-06-20,30.87,31.34,30.71,30.46,1525911.0,52076568.0
2012-06-19,30.88,31.04,30.88,30.25,1330330.0,44971696.0
2012-06-18,30.57,31.42,30.88,30.57,1493224.0,50887568.0
2012-06-15,31.53,31.53,30.57,30.43,1528726.0,51785496.0
2012-06-14,31.59,31.84,31.35,30.90,2086710.0,72016328.0
2012-06-13,30.94,31.61,31.57,30.94,1284892.0,44358684.0
2012-06-12,30.80,31.01,30.88,30.57,1103865.0,37443408.0
2012-06-11,30.57,31.04,31.01,30.42,2340559.0,79037816.0
2012-06-08,30.44,30.75,30.47,30.39,1839703.0,61846296.0
2012-06-07,30.00,30.68,30.37,30.00,1980473.0,66362280.0
2012-06-06,29.72,29.94,29.90,29.48,1698883.0,55679076.0
2012-06-05,29.50,29.94,29.71,29.35,924962.0,30165736.0
2012-06-04,30.03,30.07,29.54,29.26,1571209.0,51305912.0
2012-06-01,30.00,30.95,30.61,29.98,3379583.0,113741296.0
2012-05-31,29.71,29.95,29.86,29.34,1292874.0,42257804.0
2012-05-30,30.52,30.61,29.75,29.71,2437641.0,80280728.0
2012-05-29,30.55,30.96,30.53,30.23,1996839.0,67022000.0
2012-05-28,30.07,30.93,30.79,29.35,1825069.0,60597876.0
2012-05-25,30.98,31.16,29.86,29.28,4139558.0,136672768.0
2012-05-24,30.80,31.32,31.01,30.64,1705412.0,58557960.0
2012-05-23,30.80,30.93,30.74,30.34,1694244.0,57606524.0
2012-05-22,30.87,31.03,30.70,30.45,2497585.0,85133488.0
2012-05-21,30.73,30.98,30.60,30.17,1731852.0,58675920.0
2012-05-18,31.49,31.49,30.70,30.63,1715000.0,58885620.0
2012-05-17,30.71,31.80,31.68,30.71,1615981.0,56368312.0
2012-05-16,30.78,31.81,30.73,30.57,3089706.0,106751784.0
2012-05-15,30.79,31.09,30.77,30.57,1980093.0,67686432.0
2012-05-14,31.72,31.92,31.12,31.07,2661146.0,92786824.0
2012-05-11,31.98,32.23,31.67,31.61,2294030.0,81096600.0
2012-05-10,32.92,33.16,32.31,32.10,2676263.0,96553688.0
2012-05-09,33.69,33.81,32.92,32.80,2278609.0,84123840.0
2012-05-08,33.21,34.39,33.96,33.10,3875428.0,145237632.0
2012-05-07,32.91,33.50,33.13,32.87,4602159.0,169455984.0
2012-05-04,32.35,33.59,33.44,31.69,4427114.0,160158576.0
2012-05-03,32.35,32.48,32.32,31.79,4016799.0,143441088.0
2012-05-02,33.32,33.93,32.53,31.23,13982498.0,500050336.0
2012-04-26,34.87,34.87,34.70,32.60,21856648.0,832045952.0
2012-04-25,31.70,31.70,31.70,31.70,757425.0,26661360.0
2012-04-24,29.02,29.44,28.82,27.87,4924687.0,156450400.0
2012-04-23,29.49,29.90,29.44,29.19,2262285.0,74523408.0
2012-04-20,29.36,30.43,29.63,29.36,2951836.0,98049200.0
2012-04-19,29.30,29.81,29.61,29.09,2475157.0,81449488.0
2012-04-18,27.99,29.70,29.45,27.97,3782485.0,123015816.0
2012-04-17,27.88,28.11,27.82,27.46,1989711.0,61407692.0
2012-04-16,27.82,28.09,27.82,27.28,1369505.0,42098812.0
2012-04-13,27.99,28.46,27.83,27.73,2886539.0,90317024.0
2012-04-12,27.83,28.26,27.94,27.37,4082454.0,126499712.0
2012-04-11,27.27,28.38,27.83,26.96,5359378.0,166455632.0
2012-04-10,26.38,27.45,27.32,26.11,5627221.0,166523392.0
2012-04-09,26.33,27.13,26.33,26.03,7228787.0,214613696.0
2012-04-06,25.84,26.64,26.37,25.61,3442169.0,100337096.0
2012-04-05,25.54,25.99,25.92,25.54,3257871.0,92878768.0
2012-03-30,24.89,25.56,25.47,24.89,2250092.0,63035524.0
2012-03-29,25.47,25.47,24.83,24.72,1442169.0,39968784.0
2012-03-28,25.93,26.19,25.47,25.12,3525827.0,100762112.0
2012-03-27,25.32,26.36,26.00,25.32,3856769.0,111065296.0
2012-03-26,25.10,25.48,25.30,25.10,2427030.0,68084544.0
2012-03-23,25.44,25.56,25.04,24.76,2811551.0,78434088.0
2012-03-22,25.30,26.12,25.46,25.04,7410431.0,210491696.0
2012-03-21,27.15,27.37,25.48,24.64,12601586.0,355630944.0
2012-03-20,28.08,28.70,27.37,27.33,2121823.0,65874872.0
2012-03-19,28.23,28.91,28.37,27.88,4110807.0,128928048.0
2012-03-16,28.82,28.90,28.35,27.73,6219433.0,195111120.0
2012-03-15,28.60,29.03,28.82,28.18,4096782.0,130261232.0
2012-03-14,28.86,29.70,28.62,28.10,4891860.0,157574064.0
2012-03-13,28.53,28.91,28.82,28.07,1671028.0,52837988.0
2012-03-12,27.69,28.68,28.47,27.69,3380783.0,106436552.0
2012-03-09,26.88,27.78,27.72,26.83,2051568.0,62231344.0
2012-03-08,26.63,27.01,26.74,26.47,1485329.0,44196740.0
2012-03-07,26.97,26.99,26.58,26.41,2490346.0,73851912.0
2012-03-06,27.73,27.90,27.01,26.73,1889797.0,56857008.0
2012-03-05,27.68,28.00,27.73,27.63,2102823.0,65025728.0
2012-03-02,27.46,27.71,27.65,27.13,1414586.0,43122160.0
2012-03-01,27.26,27.59,27.33,27.02,693212.0,21065744.0
2012-02-29,27.70,27.70,27.27,27.15,962652.0,29216452.0
2012-02-28,27.84,28.09,27.70,27.39,1698448.0,52235464.0
2012-02-27,28.17,28.63,27.82,27.73,2825497.0,88389432.0
2012-02-24,27.73,28.25,28.17,27.55,2305471.0,71530816.0
2012-02-23,27.23,27.97,27.81,27.02,3050983.0,93672184.0
2012-02-22,26.74,27.10,27.07,26.55,3166840.0,94309384.0
2012-02-21,26.88,26.88,26.79,26.47,847259.0,25040216.0
2012-02-20,27.19,27.19,26.72,26.64,2117416.0,63188420.0
2012-02-17,27.37,27.46,26.73,26.64,828923.0,24748476.0
2012-02-16,27.18,27.58,27.08,26.75,1558407.0,46775552.0
2012-02-15,26.44,27.36,27.28,26.17,2268630.0,67656800.0
2012-02-14,26.56,26.69,26.44,26.37,947875.0,27900016.0
2012-02-13,25.57,26.65,26.56,25.57,1465003.0,42773440.0
2012-02-10,25.99,26.55,26.10,25.93,1591461.0,46296688.0
2012-02-09,26.24,26.47,26.17,25.97,1230557.0,35770320.0
2012-02-08,25.96,26.51,26.23,25.58,1656410.0,47774908.0
2012-02-07,25.99,26.26,25.96,25.75,1100785.0,31683452.0
2012-02-06,25.40,26.55,26.02,25.40,2947384.0,85675616.0
2012-02-03,25.21,25.52,25.39,25.03,1288028.0,36232808.0
2012-02-02,24.95,25.32,25.21,24.27,834927.0,23181496.0
2012-02-01,25.05,25.57,24.98,24.87,856418.0,24067348.0
2012-01-31,25.34,25.47,25.30,24.86,640983.0,17893064.0
2012-01-30,25.53,25.65,25.36,24.31,2050589.0,57086248.0
2012-01-20,24.71,25.48,25.36,24.49,1114637.0,31051720.0
2012-01-19,23.86,24.75,24.49,23.86,1468394.0,39937368.0
2012-01-18,24.31,24.75,23.85,23.78,1680647.0,45632284.0
2012-01-17,22.69,25.01,24.48,22.69,3131027.0,82592384.0
2012-01-16,24.75,24.75,23.07,22.83,5180462.0,135557104.0
2012-01-13,26.34,26.60,25.05,24.80,4726201.0,132943512.0
2012-01-12,27.79,27.81,26.55,26.38,4137357.0,123510384.0
2012-01-10,27.21,28.43,27.98,26.92,3618256.0,111124696.0
2012-01-09,26.25,27.28,27.19,26.25,1337384.0,39775996.0
2012-01-06,27.01,27.18,26.73,25.39,1418900.0,41695152.0
2012-01-05,28.83,28.83,27.28,27.18,1187435.0,36718996.0
2012-01-04,29.90,29.92,28.83,28.73,1038350.0,33762328.0
2011-12-30,29.07,31.16,29.97,28.82,3455457.0,113342656.0
2011-12-29,28.80,29.18,29.01,28.51,1207794.0,38758240.0
2011-12-28,28.63,29.54,28.99,27.55,2791405.0,86978328.0
2011-12-27,28.60,29.34,28.38,27.91,1744128.0,56047344.0
2011-12-26,28.65,28.81,28.62,27.01,1282005.0,40241616.0
2011-12-23,28.82,29.11,28.99,28.37,1822311.0,57989112.0
2011-12-22,28.31,28.99,28.84,27.12,2335563.0,72691344.0
2011-12-21,29.54,29.61,28.31,28.26,789417.0,25311672.0
2011-12-20,28.23,29.54,29.39,28.23,1718272.0,55772616.0
2011-12-19,28.82,28.95,28.64,28.23,2291657.0,72552232.0
2011-12-16,28.84,29.15,28.95,28.23,2258264.0,71773048.0
2011-12-15,29.44,29.46,28.84,28.74,676975.0,21801776.0
2011-12-14,29.16,29.84,29.22,28.98,1689854.0,55457796.0
2011-12-13,29.63,29.95,29.47,29.00,1251768.0,40953464.0
2011-12-12,30.10,30.10,29.72,29.45,2211711.0,73091280.0
2011-12-09,30.93,31.30,30.11,29.00,7203976.0,238690992.0
2011-12-08,32.01,32.18,31.32,31.30,2671436.0,93673600.0
2011-12-07,32.49,32.62,31.98,31.52,694317.0,24819084.0
2011-12-06,32.58,32.60,32.44,32.06,1632846.0,58648964.0
2011-12-05,34.20,34.20,32.72,32.17,1279830.0,46846348.0
2011-12-02,34.81,35.10,33.91,33.62,1919927.0,72581688.0
2011-12-01,35.39,36.11,35.13,35.12,2339469.0,92531904.0
2011-11-30,35.29,35.65,35.14,34.85,1159429.0,45381144.0
2011-11-29,35.31,35.69,35.58,35.14,528860.0,20820760.0
2011-11-28,35.75,35.75,35.29,35.13,536233.0,21071824.0
2011-11-25,35.47,36.00,35.45,35.44,818181.0,32417638.0
2011-11-23,35.99,36.18,35.70,35.30,796054.0,31594124.0
2011-11-22,36.65,36.65,35.99,35.93,486183.0,19482998.0
2011-11-21,36.16,36.56,36.25,35.84,677664.0,27245388.0
2011-11-18,35.84,36.34,36.18,35.77,1117578.0,44672280.0
2011-11-17,36.15,36.41,36.01,35.97,1125782.0,45242536.0
2011-11-16,36.74,36.83,36.21,35.91,1494083.0,60018312.0
2011-11-15,37.61,37.78,36.89,36.51,1690036.0,69127456.0
2011-11-14,37.81,38.09,37.61,37.55,1759718.0,73635184.0
2011-11-11,37.78,37.87,37.69,37.38,360651.0,15133204.0
2011-11-10,37.22,38.07,37.68,37.22,534528.0,22419528.0
2011-11-09,37.55,38.25,37.85,37.53,798959.0,33565424.0
2011-11-08,38.16,38.16,37.56,37.37,867159.0,36238212.0
2011-11-07,37.10,38.27,37.80,37.10,1136445.0,47491732.0
2011-11-04,38.09,38.72,38.12,37.53,1871112.0,78573648.0
2011-11-03,39.01,39.34,37.50,37.29,2591381.0,110543800.0
2011-11-02,37.81,39.15,39.05,37.20,1982516.0,83659352.0
2011-11-01,37.41,38.09,37.97,36.92,2161380.0,90803152.0
2011-10-31,36.49,38.09,37.22,36.49,1718890.0,71393776.0
2011-10-28,37.09,37.78,36.95,36.02,1423122.0,57906896.0
2011-10-27,36.60,36.91,36.53,36.18,597967.0,24138148.0
2011-10-26,35.49,36.83,36.60,35.35,1872385.0,75469952.0
2011-10-25,34.76,35.93,35.28,34.03,1010410.0,39042424.0
2011-10-24,33.52,35.30,34.85,33.52,1256869.0,48244976.0
2011-10-21,33.81,35.01,33.58,33.41,845597.0,31888286.0
2011-10-20,34.49,35.23,33.81,33.68,618034.0,23416932.0
2011-10-19,35.76,36.02,35.31,35.12,446487.0,17610656.0
2011-10-18,36.13,36.24,35.60,35.32,643828.0,25555040.0
2011-10-17,35.93,36.27,36.21,35.49,320742.0,12788880.0
2011-10-14,35.61,36.28,35.87,35.30,360789.0,14349214.0
2011-10-13,35.75,36.24,36.01,35.40,1567905.0,62562360.0
2011-10-12,34.23,36.91,36.29,34.23,968004.0,38173736.0
2011-10-11,35.58,35.88,34.83,33.39,2140940.0,82190904.0
2011-10-10,36.20,36.46,34.92,34.33,1387115.0,53715064.0
2011-09-30,36.75,37.47,36.20,36.16,925313.0,37811620.0
2011-09-29,38.01,38.01,37.03,36.92,749756.0,31158672.0
2011-09-28,38.01,38.82,38.01,37.37,1650840.0,70221712.0
2011-09-27,38.09,38.61,37.87,37.64,807684.0,34156200.0
2011-09-26,37.02,38.86,37.84,37.01,697776.0,29759264.0
2011-09-23,38.45,39.58,38.48,36.04,1006301.0,42397576.0
2011-09-22,39.79,39.97,38.82,38.73,381376.0,16648858.0
2011-09-21,39.02,40.31,39.83,38.72,986758.0,43401608.0
2011-09-20,38.90,39.43,39.02,38.64,507998.0,22044820.0
2011-09-19,39.17,39.62,39.39,38.77,577647.0,25090572.0
2011-09-16,39.76,39.87,39.39,39.17,200680.0,8791469.0
2011-09-15,39.11,39.96,39.31,38.84,482146.0,21092000.0
2011-09-14,39.35,39.71,39.30,38.41,860606.0,37261180.0
2011-09-13,38.92,39.98,39.90,38.27,1415201.0,61174984.0
2011-09-09,39.80,40.48,39.78,38.90,714825.0,31440472.0
2011-09-08,39.77,40.51,39.47,39.46,447409.0,19894616.0
2011-09-07,39.62,40.39,40.17,38.86,964139.0,42328340.0
2011-09-06,39.62,40.32,39.25,38.72,924277.0,40523008.0
2011-09-05,39.90,40.50,40.12,39.53,1486603.0,65897820.0
2011-09-02,40.97,41.44,40.35,40.11,997697.0,45129120.0
2011-09-01,41.86,42.66,40.96,40.88,3147538.0,146594496.0
2011-08-31,41.42,41.85,41.50,40.84,551791.0,25255178.0
2011-08-30,41.97,42.59,41.58,41.24,1443190.0,67748280.0
2011-08-29,40.07,42.73,42.16,39.95,2619767.0,120175928.0
2011-08-26,41.33,41.50,40.57,40.43,1633774.0,74304440.0
2011-08-25,39.85,41.50,41.33,39.61,2771282.0,126454584.0
2011-08-24,39.89,40.70,39.63,39.62,929586.0,41250520.0
2011-08-23,40.18,40.33,39.87,39.62,767934.0,33998216.0
2011-08-22,42.22,42.22,40.18,39.74,2874267.0,128892528.0
2011-08-19,40.89,42.57,42.32,40.43,1849970.0,84275184.0
2011-08-18,40.95,42.17,41.71,40.83,985876.0,45552056.0
2011-08-17,41.42,41.42,41.24,40.61,907201.0,41354112.0
2011-08-16,41.82,42.25,41.49,41.11,2545450.0,117182904.0
2011-08-15,41.51,42.73,42.26,41.06,4683241.0,220334608.0
2011-08-12,41.42,41.99,41.51,40.84,2826574.0,130007888.0
2011-08-11,39.33,41.17,41.16,38.72,6731205.0,302293920.0
2011-08-10,40.97,41.78,39.30,39.22,10921381.0,491370912.0
2011-08-09,36.94,39.53,39.22,36.02,5026821.0,213919776.0
2011-08-08,37.22,39.26,38.08,36.81,7167752.0,305017472.0
2011-08-05,36.92,37.97,37.53,36.54,2647164.0,110048040.0
2011-08-04,38.26,38.26,37.45,37.14,1321889.0,54918012.0
2011-08-03,36.74,38.23,38.05,36.63,987947.0,41449856.0
2011-08-02,36.75,37.26,37.02,36.52,1496375.0,61309244.0
2011-08-01,37.36,37.81,37.25,36.90,1383542.0,57360704.0
2011-07-29,37.99,38.53,37.54,36.92,1093461.0,45657464.0
2011-07-28,37.24,38.36,38.20,36.93,1407883.0,59585224.0
2011-07-27,36.88,38.00,37.59,36.88,1377885.0,57164200.0
2011-07-26,37.60,38.09,37.69,37.38,1444103.0,60641164.0
2011-07-25,37.95,38.35,37.81,36.92,2765855.0,115724672.0
2011-07-22,39.10,39.34,38.71,38.12,1191368.0,51077012.0
2011-07-21,39.41,39.60,39.10,38.62,2062792.0,89271848.0
2011-07-20,40.07,40.07,39.20,38.89,1341557.0,58717024.0
2011-07-19,39.44,39.89,39.62,38.81,1076384.0,47185756.0
2011-07-18,38.99,40.02,39.63,38.99,2638261.0,116379736.0
2011-07-15,38.72,39.78,39.31,38.32,3156432.0,137487712.0
2011-07-14,37.65,38.41,38.14,37.65,3559479.0,150617744.0
2011-07-13,36.64,38.23,37.65,36.64,2178984.0,91091728.0
2011-07-12,37.46,37.46,36.82,36.66,1863152.0,76298120.0
2011-07-11,36.83,37.98,37.63,36.29,1406769.0,58421148.0
2011-07-08,36.45,37.10,36.76,36.45,1404365.0,57548880.0
2011-07-07,35.94,37.53,36.74,35.71,2304935.0,94182312.0
2011-07-06,36.00,36.00,35.79,34.85,968557.0,38240248.0
2011-07-05,35.89,36.02,35.76,35.48,1128289.0,44913320.0
2011-07-04,34.61,35.71,35.66,34.58,1772542.0,69781000.0
2011-07-01,34.66,34.79,34.41,34.07,1562778.0,59543808.0
2011-06-30,34.25,34.99,34.43,34.09,1551089.0,59530336.0
2011-06-29,34.61,34.75,34.32,34.18,837121.0,31934494.0
2011-06-28,35.05,35.10,34.61,34.07,1131095.0,43344496.0
2011-06-27,34.69,35.06,35.02,34.35,2188536.0,84428576.0
2011-06-24,34.04,34.80,34.57,33.81,1742471.0,66690272.0
2011-06-23,33.32,34.40,34.03,33.06,1177955.0,44292364.0
2011-06-22,33.21,33.93,33.55,32.78,1432565.0,53057880.0
2011-06-21,32.74,33.66,33.37,32.04,2399285.0,87109888.0
2011-06-20,33.33,33.88,32.62,32.34,2739982.0,99853248.0
2011-06-17,33.76,34.07,33.89,33.52,1475700.0,55397040.0
2011-06-16,34.49,34.76,34.47,32.33,5690103.0,211395856.0
2011-06-15,35.82,36.01,34.69,34.65,4045473.0,157606176.0
2011-06-14,36.02,36.37,35.83,35.62,3515392.0,140214432.0
2011-06-13,36.54,36.54,36.21,35.57,648734.0,25922052.0
2011-06-10,36.57,37.05,36.72,36.30,1268876.0,51910464.0
2011-06-09,36.81,37.09,36.57,36.22,770958.0,31264660.0
2011-06-08,36.92,37.08,36.81,36.38,1105294.0,45112008.0
2011-06-07,36.93,37.34,37.08,36.83,854402.0,35087440.0
2011-06-03,36.02,37.64,37.30,35.59,1194290.0,48683792.0
2011-06-02,35.88,36.50,36.15,35.50,1340423.0,53490652.0
2011-06-01,36.02,36.39,36.19,35.66,1203804.0,48231012.0
2011-05-31,35.61,36.38,36.14,35.23,1759336.0,69743192.0
2011-05-30,36.00,36.29,36.23,35.48,1037798.0,41541672.0
2011-05-27,36.56,36.73,36.16,35.01,2379570.0,94347960.0
2011-05-26,37.61,37.72,36.47,36.18,1458353.0,59494928.0
2011-05-25,37.14,37.74,37.25,37.14,1239267.0,51537016.0
2011-05-24,38.86,38.91,37.90,36.06,1775996.0,74534976.0
2011-05-23,38.54,39.35,38.86,38.28,1593809.0,68395072.0
2011-05-20,38.73,39.25,39.03,38.29,998359.0,43192288.0
2011-05-19,39.56,39.71,38.98,38.54,1872256.0,81349232.0
2011-05-18,39.17,39.76,39.62,38.90,2718368.0,118148496.0
2011-05-17,40.53,40.54,39.54,39.49,3571365.0,157719728.0
2011-05-16,40.58,41.69,40.68,40.52,2720163.0,124710784.0
2011-05-13,41.15,41.38,41.04,40.52,2415108.0,109531256.0
2011-05-12,40.53,42.33,41.43,40.08,4252685.0,195245888.0
2011-05-11,41.15,41.55,41.03,40.00,3931856.0,177416256.0
2011-05-10,42.01,42.58,41.40,40.98,2552003.0,117674512.0
2011-05-09,40.97,42.21,41.81,40.70,3009845.0,139298592.0
2011-05-06,40.67,42.22,41.22,40.11,3568693.0,164819200.0
2011-05-05,40.97,41.69,41.05,40.52,4376023.0,200668080.0
2011-05-04,39.71,41.85,41.43,39.41,5825734.0,263637152.0
2011-05-03,40.16,40.34,40.26,38.98,2054742.0,90557888.0
2011-04-29,39.47,40.51,40.05,38.27,2548754.0,111733904.0
2011-04-28,40.25,40.43,39.70,39.42,2797663.0,123717808.0
2011-04-27,39.55,41.33,40.47,38.75,8661071.0,387302400.0
2011-04-26,39.62,40.78,40.08,39.20,14421265.0,641908224.0
2011-04-25,38.80,38.80,38.80,38.27,10854829.0,467646880.0
2011-04-22,36.27,36.28,35.27,34.76,4345091.0,170910352.0
2011-04-21,36.78,36.91,36.28,36.08,2178475.0,88103880.0
2011-04-20,36.82,36.99,36.78,36.29,1783371.0,72401736.0
2011-04-18,36.44,37.01,36.82,36.16,2064685.0,83983264.0
2011-04-15,36.45,36.74,36.52,35.93,2387096.0,96196576.0
2011-04-14,36.38,36.70,36.60,35.93,3685057.0,148905536.0
2011-04-13,35.93,36.35,36.28,35.87,3879064.0,155915136.0
2011-04-12,35.60,36.02,35.91,35.49,1861017.0,73857968.0
2011-04-11,35.75,36.27,35.42,35.30,2465406.0,97801032.0
2011-04-08,35.48,36.08,35.79,35.35,3712410.0,146876960.0
2011-04-07,35.24,36.22,35.55,34.85,2571790.0,102192008.0
2011-04-06,35.91,36.02,35.22,34.89,1891506.0,73885896.0
2011-04-01,36.68,36.74,36.00,35.66,1387885.0,55471696.0
2011-03-31,35.97,36.87,36.60,35.82,2021092.0,81122192.0
2011-03-30,36.33,36.33,35.98,35.85,1726273.0,69061968.0
2011-03-29,36.53,36.62,36.37,35.86,2938433.0,118074408.0
2011-03-28,38.27,38.52,36.39,36.20,4239934.0,173805536.0
2011-03-25,38.71,38.72,38.18,37.76,2486838.0,105161272.0
2011-03-24,38.99,39.09,38.58,38.45,1209711.0,51930760.0
2011-03-23,38.91,39.17,38.96,38.54,1399414.0,60199216.0
2011-03-22,38.50,39.22,38.92,38.37,735323.0,31812084.0
2011-03-21,38.96,39.86,38.68,38.45,1506344.0,65166008.0
2011-03-18,39.43,39.66,38.86,38.56,1384913.0,60151328.0
2011-03-17,40.22,40.22,38.90,38.44,1828406.0,79875040.0
2011-03-16,40.08,40.70,40.56,39.65,1036186.0,46080772.0
2011-03-15,41.25,41.25,40.06,39.44,1569454.0,69723720.0
2011-03-14,40.03,41.29,41.28,40.03,2017566.0,91011728.0
2011-03-11,40.54,41.06,40.10,40.03,1214689.0,54665208.0
2011-03-10,41.62,41.62,40.54,40.34,1988670.0,90006024.0
2011-03-09,41.23,41.92,41.75,40.88,1883892.0,86928480.0
2011-03-08,40.21,41.02,40.87,40.15,1879678.0,84963920.0
2011-03-07,40.67,40.89,40.17,39.98,2794376.0,125256080.0
2011-03-04,40.85,40.96,40.67,40.23,1269002.0,57150264.0
2011-03-03,40.35,41.46,40.91,39.94,3001828.0,136306880.0
2011-03-02,40.34,40.70,40.50,39.11,1891316.0,84077224.0
2011-03-01,38.59,40.34,40.33,38.18,3138605.0,138980304.0
2011-02-28,38.00,38.68,38.63,37.92,1815894.0,77289296.0
2011-02-25,38.86,38.86,38.14,37.73,3701518.0,156225296.0
2011-02-24,39.45,39.89,38.66,38.59,1585157.0,68868008.0
2011-02-23,39.26,40.04,39.60,39.17,1063394.0,46874604.0
2011-02-22,39.71,40.04,39.56,38.72,1422515.0,62405284.0
2011-02-21,39.08,39.89,39.77,39.02,1791969.0,78516656.0
2011-02-18,40.44,40.45,39.60,39.35,1605100.0,70847792.0
2011-02-17,40.46,40.70,40.40,40.07,2048049.0,91772072.0
2011-02-16,40.61,40.86,40.28,39.79,1672904.0,74618640.0
2011-02-15,41.76,41.87,40.68,40.60,2552956.0,116274656.0
2011-02-14,40.79,41.89,41.82,40.12,1636043.0,74686720.0
2011-02-11,39.81,41.67,40.70,39.80,1982701.0,89707064.0
2011-02-09,39.35,40.22,39.81,39.09,725068.0,31782048.0
2011-02-01,39.53,40.38,39.75,39.26,549071.0,24331458.0
2011-01-31,38.09,39.77,39.61,37.98,1114533.0,48525720.0
2011-01-28,38.14,38.72,38.54,37.87,1733418.0,73963440.0
2011-01-27,37.83,38.68,38.38,36.76,2784996.0,116664560.0
2011-01-26,36.95,37.98,37.80,36.74,2359020.0,98228144.0
2011-01-25,39.38,39.39,37.32,36.16,4512331.0,187319136.0
2011-01-24,41.24,41.68,39.52,37.82,2622349.0,115049976.0
2011-01-21,42.77,43.20,41.61,41.43,1706435.0,79973224.0
2011-01-20,43.95,43.95,42.60,42.16,1448375.0,69251936.0
2011-01-19,42.32,43.94,43.93,41.87,2380294.0,114371152.0
2011-01-18,41.40,43.21,42.52,41.25,1443565.0,66635568.0
2011-01-17,42.27,44.35,42.13,41.24,2012125.0,96320168.0
2011-01-14,42.86,43.49,42.88,42.41,1061953.0,50659576.0
2011-01-13,42.24,43.27,43.00,41.69,971386.0,46064408.0
2011-01-12,42.57,42.71,42.12,41.60,1055422.0,49366212.0
2011-01-11,42.40,43.22,42.55,41.85,1284479.0,60547628.0
2011-01-10,43.93,44.12,42.69,42.37,1408627.0,67016748.0
2011-01-07,43.67,45.01,43.88,43.49,1197598.0,59054112.0
2011-01-06,44.13,45.02,44.31,43.23,1582369.0,77243432.0
2011-01-05,43.72,44.48,44.32,43.06,1594392.0,77222496.0
2011-01-04,42.50,44.15,44.13,41.78,2816631.0,133184232.0
