date,amount,close,high,low,open,volume
2015-08-21,193333568.0,26.03,28.49,25.18,27.64,7295557.0
2015-08-20,124931784.0,27.98,29.88,27.77,29.88,4341043.0
2015-08-19,264802752.0,29.79,30.48,26.66,28.19,9287988.0
2015-08-18,242155088.0,29.33,33.30,29.32,32.18,7782982.0
2015-08-17,148646080.0,32.58,33.40,31.47,33.40,4578919.0
2015-08-14,279005056.0,33.13,34.60,32.78,34.40,8360671.0
2015-08-13,289859072.0,34.35,34.50,32.75,34.00,8684783.0
2015-08-12,157315872.0,34.23,35.50,34.15,34.96,4536301.0
2015-08-11,269679136.0,35.23,36.03,34.08,34.56,7634684.0
2015-08-10,300808768.0,34.55,34.99,32.04,33.86,8909907.0
2015-08-07,150320480.0,31.81,32.28,30.91,31.01,4759481.0
2015-08-06,103309480.0,30.67,31.93,30.10,30.92,3323716.0
2015-08-05,290520512.0,31.51,33.00,30.16,30.80,9194347.0
2015-08-04,220082032.0,30.77,30.96,27.52,28.98,7486839.0
2015-08-03,261707520.0,28.41,31.20,28.26,31.20,9022922.0
2015-07-31,251330560.0,31.40,33.55,30.40,32.65,7893308.0
2015-07-30,383467264.0,33.02,35.18,32.00,32.00,11373106.0
2015-07-29,278449344.0,32.39,33.30,29.20,30.60,8894948.0
2015-07-28,340961664.0,30.33,32.99,30.33,30.60,10970410.0
2015-07-27,277031840.0,33.70,37.28,33.70,36.10,7788234.0
2015-07-24,350417152.0,37.44,38.86,36.78,38.83,9224921.0
2015-07-23,388553184.0,38.34,39.51,38.12,38.85,10064443.0
2015-07-22,419511392.0,38.77,39.30,37.01,37.75,10985262.0
2015-07-21,351994464.0,37.25,38.39,33.50,35.05,9630613.0
2015-07-20,337486496.0,35.25,37.30,34.86,35.61,9435667.0
2015-07-17,329676000.0,35.30,36.01,32.60,33.53,9473907.0
2015-07-16,308922208.0,32.94,33.72,28.28,29.99,9690553.0
2015-07-15,627404864.0,31.27,36.19,30.80,36.19,18730252.0
2015-07-14,3767050.0,32.90,32.90,32.90,32.90,114500.0
2015-07-13,10185641.0,29.91,29.91,29.91,29.91,340543.0
2015-07-07,160811456.0,27.19,29.49,27.19,29.22,5880486.0
2015-07-06,496396352.0,30.21,36.93,30.21,36.93,15076680.0
2015-07-03,528265568.0,33.57,38.00,31.98,33.96,15688163.0
2015-07-02,436517600.0,35.53,41.35,35.53,40.00,11541051.0
2015-07-01,436827040.0,39.48,43.80,38.30,41.50,10488436.0
2015-06-30,565161024.0,42.55,42.99,36.53,39.50,14064848.0
2015-06-29,647657472.0,39.08,39.20,32.08,36.45,18067628.0
2015-06-26,467649408.0,35.64,38.58,35.44,38.58,12754208.0
2015-06-25,205859856.0,39.38,41.50,38.70,41.30,5081113.0
2015-06-24,262112160.0,41.27,41.88,39.21,40.20,6455412.0
2015-06-23,279801408.0,39.87,42.50,37.31,41.45,7076291.0
2015-06-19,405174496.0,41.45,45.00,41.00,44.02,9505951.0
2015-06-18,188697712.0,45.02,47.58,44.58,47.07,4063406.0
2015-06-17,355778336.0,46.76,46.97,44.00,45.00,7835994.0
2015-06-16,310304992.0,44.67,48.89,44.60,48.60,6699151.0
2015-06-15,470673600.0,48.14,51.63,47.46,51.61,9567039.0
2015-06-12,414020576.0,51.63,52.79,51.10,51.89,7965535.0
2015-06-11,430578880.0,51.70,52.98,49.51,50.30,8372306.0
2015-06-10,436539808.0,50.49,51.49,49.30,49.90,8660918.0
2015-06-09,332603136.0,49.70,51.45,48.00,49.20,6725964.0
2015-06-08,363685184.0,49.71,52.25,48.84,51.80,7292836.0
2015-06-05,469414944.0,50.87,53.35,49.55,52.28,9189503.0
2015-06-04,483056928.0,51.77,54.99,48.00,52.30,9477297.0
2015-06-03,520043936.0,52.98,55.87,51.60,54.95,9790588.0
2015-06-02,488626624.0,54.15,54.15,49.25,49.30,9524222.0
2015-06-01,581404608.0,49.23,49.23,44.60,44.60,12052258.0
2015-05-29,643385152.0,44.75,46.16,41.11,43.11,14607447.0
2015-05-28,638419136.0,43.10,48.20,42.53,47.10,13818646.0
2015-05-27,608373312.0,47.04,48.00,42.25,44.25,13578702.0
2015-05-26,612774784.0,44.21,44.96,40.60,44.82,14014637.0
2015-05-25,594731904.0,45.01,46.26,43.00,44.33,13154129.0
2015-05-22,784156096.0,44.33,44.33,39.10,40.11,18443676.0
2015-05-21,548499328.0,40.30,41.10,35.50,36.97,14032134.0
2015-05-20,589280128.0,37.36,40.10,36.80,40.08,15390887.0
2015-05-19,104714424.0,36.66,36.66,34.00,34.00,2923302.0
2015-05-18,319960512.0,33.33,33.33,30.11,30.11,9867601.0
2015-05-15,307160352.0,30.30,30.50,28.25,29.10,10484737.0
2015-05-14,256578960.0,29.36,29.99,29.28,29.99,8695928.0
2015-05-13,266451200.0,30.05,30.78,29.98,30.32,8794862.0
2015-05-12,287604032.0,30.00,30.45,29.26,29.26,9604630.0
2015-05-11,293053536.0,29.26,29.48,27.81,27.88,10193063.0
2015-05-08,199222656.0,27.86,27.98,26.11,26.35,7403342.0
2015-05-07,158506048.0,26.08,27.30,25.80,27.12,6021101.0
2015-05-06,198385392.0,26.77,27.83,26.50,27.26,7286672.0
2015-05-05,198378208.0,27.25,28.59,27.13,27.90,7178108.0
2015-05-04,198484096.0,27.93,28.62,27.50,27.78,7034360.0
2015-04-30,204531808.0,27.78,28.58,27.72,28.50,7249056.0
2015-04-29,156286672.0,27.79,28.12,26.86,27.46,5645374.0
2015-04-28,321921760.0,27.49,28.88,26.65,28.81,11651814.0
2015-04-27,469923040.0,28.67,30.50,27.82,29.66,16180471.0
2015-04-24,367363424.0,28.68,28.68,25.62,25.85,13244725.0
2015-04-23,383138976.0,26.07,26.68,25.26,25.45,14607758.0
2015-04-22,322726112.0,25.23,25.50,24.01,24.02,12982873.0
2015-04-21,158561360.0,24.01,24.39,23.25,23.30,6678414.0
2015-04-20,265561504.0,23.33,24.48,23.17,23.81,11151744.0
2015-04-17,233453664.0,23.78,24.85,23.74,23.91,9650638.0
2015-04-16,156985712.0,23.88,24.35,23.02,23.31,6542154.0
2015-04-15,177780320.0,23.86,24.47,23.34,24.39,7439773.0
2015-04-14,191842144.0,24.60,25.17,24.11,24.89,7815366.0
2015-04-13,269347328.0,24.79,25.09,24.15,24.79,10911082.0
2015-04-10,254339392.0,24.71,25.28,23.79,23.99,10246542.0
2015-04-09,309066656.0,24.09,24.39,22.17,23.39,13279898.0
2015-04-08,363123808.0,23.22,23.89,22.80,23.89,15562125.0
2015-04-07,243728480.0,24.02,24.57,23.81,24.49,10118403.0
2015-04-03,192829152.0,24.46,24.71,23.49,23.89,8014981.0
2015-04-02,247545504.0,24.04,24.45,23.75,23.89,10301558.0
2015-04-01,285462144.0,23.76,24.53,22.69,22.97,11999598.0
2015-03-31,322274144.0,22.97,23.23,22.00,22.21,14213931.0
2015-03-30,307734112.0,22.10,22.24,21.19,21.40,14097402.0
2015-03-27,127947952.0,21.28,21.42,20.83,21.03,6021082.0
2015-03-26,203525296.0,21.09,21.49,20.78,21.34,9606150.0
2015-03-25,247872320.0,21.30,21.44,20.95,21.19,11706926.0
2015-03-24,453658272.0,21.47,21.99,20.75,21.99,21231676.0
2015-03-23,499654016.0,22.13,23.48,21.69,23.16,22480754.0
2015-03-20,26658948.0,22.54,22.54,22.54,22.54,1182215.0
2015-03-12,240754288.0,20.49,20.79,19.15,20.27,12017832.0
2015-03-11,339708256.0,20.18,21.65,19.98,21.49,16564323.0
2015-03-10,321476288.0,21.29,22.64,21.22,22.11,14720048.0
2015-03-09,205121424.0,21.55,21.66,20.14,20.97,9740501.0
2015-03-06,348722112.0,21.20,22.18,20.68,21.76,16351826.0
2015-03-05,260815152.0,21.65,21.76,20.31,20.31,12416421.0
2015-03-04,162932480.0,20.20,20.72,19.89,19.99,8044682.0
2015-03-03,317661696.0,19.99,21.27,19.77,20.69,15445028.0
2015-03-02,257468032.0,20.70,20.98,19.39,19.74,12709355.0
2015-02-27,226813904.0,19.75,19.87,18.82,18.82,11752093.0
2015-02-26,123811888.0,18.69,18.94,18.31,18.65,6659228.0
2015-02-25,122495640.0,18.64,19.17,18.39,18.99,6560911.0
2015-02-17,290890944.0,18.77,19.29,17.39,17.54,15764091.0
2015-02-16,182209808.0,17.55,17.56,16.79,16.89,10553600.0
2015-02-13,143959888.0,16.98,17.09,16.57,16.57,8511069.0
2015-02-12,63617560.0,16.48,16.66,16.13,16.13,3852908.0
2015-02-11,95572432.0,16.35,16.76,16.12,16.24,5785220.0
2015-02-10,138762288.0,16.28,16.49,15.48,16.19,8727139.0
2015-02-09,174840784.0,16.28,17.04,16.23,16.84,10533040.0
2015-02-06,322755040.0,16.91,16.94,15.83,15.89,19502640.0
2015-02-05,133989296.0,15.99,16.09,15.54,15.83,8435941.0
2015-02-04,102581960.0,15.71,16.18,15.65,15.78,6431958.0
2015-02-03,72957616.0,15.81,15.94,15.60,15.88,4629321.0
2015-02-02,135718016.0,15.81,15.94,14.89,15.01,8688104.0
2015-01-30,90368344.0,15.12,15.37,14.88,15.01,5968289.0
2015-01-29,112831616.0,15.24,15.37,15.00,15.18,7429433.0
2015-01-28,116762520.0,15.53,15.98,15.50,15.68,7421230.0
2015-01-27,247161328.0,15.84,16.19,15.29,15.67,15635195.0
2015-01-26,174464208.0,15.45,15.58,14.87,14.94,11357910.0
2015-01-23,344506592.0,15.04,16.03,15.00,15.15,22259656.0
2015-01-22,143806752.0,14.77,14.85,14.00,14.07,9921038.0
2015-01-21,131920736.0,14.15,14.35,13.66,13.84,9344843.0
2015-01-20,139502816.0,13.86,13.94,13.28,13.28,10154690.0
2015-01-19,99965968.0,13.19,13.74,12.84,13.19,7493362.0
2015-01-16,72796544.0,13.39,13.45,13.15,13.29,5468116.0
2015-01-15,87700624.0,13.43,13.74,13.29,13.34,6502618.0
2015-01-14,95193472.0,13.33,13.59,13.20,13.58,7112018.0
2015-01-13,132563248.0,13.66,13.85,13.40,13.73,9725383.0
2015-01-12,235265056.0,13.80,13.84,13.08,13.30,17379722.0
2015-01-09,177303504.0,12.95,13.67,12.77,12.88,13384134.0
2015-01-08,105215992.0,12.84,12.98,12.56,12.69,8201816.0
2015-01-07,67105508.0,12.65,12.69,12.47,12.60,5328613.0
2015-01-06,108759088.0,12.67,12.79,12.18,12.44,8694277.0
2015-01-05,86512144.0,12.41,12.53,12.00,12.06,7050199.0
2014-12-31,53652488.0,12.05,12.17,11.89,12.04,4456151.0
2014-12-30,53032888.0,12.04,12.36,11.97,12.01,4366705.0
2014-12-29,98729056.0,12.02,12.50,11.94,12.49,8164425.0
2014-12-26,75673048.0,12.49,12.66,12.29,12.46,6051495.0
2014-12-25,84945504.0,12.40,12.58,12.24,12.27,6849899.0
2014-12-24,92332704.0,12.33,12.43,12.11,12.24,7510426.0
2014-12-23,137390704.0,11.96,12.49,11.75,12.49,11330862.0
2014-12-22,165618336.0,12.82,13.92,12.82,13.92,12801047.0
2014-12-19,407397088.0,14.25,15.19,14.09,14.99,27765064.0
2014-12-18,618982464.0,15.45,15.45,14.39,14.39,40389108.0
2014-12-17,140875888.0,14.04,14.74,14.00,14.59,9759795.0
2014-12-16,95990432.0,14.67,14.89,14.54,14.89,6541954.0
2014-12-15,90328240.0,14.89,14.94,14.55,14.66,6095302.0
2014-12-12,97970064.0,14.74,14.86,14.44,14.81,6691952.0
2014-12-11,118805200.0,14.79,14.84,14.10,14.27,8170314.0
2014-12-10,138500592.0,14.32,14.37,13.81,14.06,9809703.0
2014-12-09,181052704.0,14.06,14.90,13.96,14.89,12390393.0
2014-12-08,146420288.0,14.97,15.12,14.63,14.81,9789418.0
2014-12-05,178218528.0,14.97,15.67,14.50,15.67,11777100.0
2014-12-04,174712496.0,15.59,15.69,15.43,15.49,11208121.0
2014-12-03,175153328.0,15.58,15.67,15.00,15.34,11401814.0
2014-12-02,149240096.0,15.37,15.59,15.17,15.28,9665394.0
2014-12-01,223717280.0,15.38,16.05,15.29,16.05,14342524.0
2014-11-28,338234784.0,16.21,16.67,16.00,16.54,20694880.0
2014-11-27,333179616.0,16.16,16.26,15.61,15.80,20915614.0
2014-11-26,554735168.0,15.97,16.58,15.84,16.19,34177156.0
2014-11-25,200059408.0,15.73,15.74,15.27,15.44,12828959.0
2014-11-24,198608752.0,15.42,15.79,15.20,15.47,12817978.0
2014-11-21,117161480.0,15.36,15.38,14.94,15.08,7699439.0
2014-11-20,109104432.0,15.06,15.22,14.94,15.19,7236721.0
2014-11-19,331226144.0,15.39,15.98,15.36,15.49,21189856.0
2014-11-18,202985744.0,15.45,15.76,15.18,15.39,13124925.0
2014-11-17,332290912.0,15.49,15.77,14.81,14.81,21579998.0
2014-11-14,89595264.0,14.89,15.17,14.74,14.74,5972941.0
2014-11-13,76301776.0,14.81,14.98,14.59,14.84,5150630.0
2014-11-12,95745072.0,14.91,14.99,14.51,14.59,6485156.0
2014-11-11,162484992.0,14.50,15.26,14.36,15.26,10991290.0
2014-11-10,99850080.0,15.30,15.34,14.99,15.09,6562147.0
2014-11-07,231030400.0,15.46,15.92,15.24,15.29,14846877.0
2014-11-06,83800952.0,15.35,15.46,15.15,15.15,5476629.0
2014-11-05,164352032.0,15.32,15.55,14.85,15.14,10830842.0
2014-11-04,218294816.0,15.31,16.06,15.29,15.88,13900918.0
2014-11-03,269142880.0,15.70,15.95,15.34,15.48,17141666.0
2014-10-31,158271984.0,15.43,15.62,15.11,15.53,10314621.0
2014-10-30,263865248.0,15.52,16.04,15.43,15.59,16769893.0
2014-10-29,287863136.0,15.74,16.09,15.54,15.87,18259212.0
2014-10-28,185228368.0,15.70,15.74,15.25,15.38,11950744.0
2014-10-27,82351184.0,15.38,15.45,14.86,15.00,5448291.0
2014-10-24,79547376.0,15.08,15.37,15.05,15.14,5278712.0
2014-10-23,134269056.0,15.22,15.38,14.95,15.22,8952986.0
2014-10-22,314490176.0,15.32,16.12,15.29,15.62,20300092.0
2014-10-21,205875664.0,15.62,15.64,15.30,15.48,13407651.0
2014-10-20,171271088.0,15.48,15.54,15.26,15.29,11224683.0
2014-10-17,310039136.0,15.33,16.66,15.29,16.63,19863272.0
2014-10-16,302590304.0,16.73,17.27,16.66,16.97,18030452.0
2014-10-15,295230624.0,17.07,17.46,16.96,17.22,17309940.0
2014-10-14,468300928.0,17.22,17.56,16.72,16.91,27534624.0
2014-10-13,225893120.0,16.94,17.03,16.20,16.45,13757813.0
2014-10-10,174443728.0,16.45,16.81,16.41,16.71,10625798.0
2014-10-09,449198048.0,16.85,17.13,16.22,16.54,27205436.0
2014-10-08,474128928.0,16.56,16.88,15.84,16.17,29265172.0
2014-09-30,503123648.0,17.11,18.27,17.01,17.82,28871666.0
2014-09-29,395837728.0,17.43,17.75,16.96,17.07,22940296.0
2014-09-26,161422960.0,17.09,17.17,16.66,16.66,9607515.0
2014-09-25,236207168.0,16.88,17.31,16.81,17.16,13945255.0
2014-09-24,305125024.0,17.18,17.56,16.70,16.87,17973332.0
2014-09-23,280751040.0,17.12,17.31,16.59,16.95,16689048.0
2014-09-22,286295648.0,17.09,17.33,16.54,16.86,16948372.0
2014-09-19,212284864.0,17.03,17.10,16.69,16.73,12666508.0
2014-09-18,344433056.0,16.79,16.99,16.31,16.93,20892254.0
2014-09-17,263233024.0,16.94,17.13,16.66,16.98,15742120.0
2014-09-16,601877120.0,16.98,18.53,16.92,18.53,34494368.0
2014-09-15,353001568.0,18.56,18.70,18.23,18.30,19278636.0
2014-09-12,320296832.0,18.35,18.43,17.97,18.32,17740568.0
2014-09-11,524997792.0,18.39,18.66,18.18,18.18,28812818.0
2014-09-10,754992320.0,18.34,18.78,17.93,18.69,41693700.0
2014-09-09,443324896.0,19.58,20.17,19.30,19.79,22757526.0
2014-09-05,510076896.0,19.22,19.79,18.84,19.55,26722716.0
2014-09-04,839249600.0,19.72,20.07,19.19,19.99,43185512.0
2014-09-03,1012944064.0,20.61,21.67,19.74,19.90,49829476.0
2014-09-02,834800320.0,20.27,20.35,19.63,20.06,42152592.0
2014-09-01,925948800.0,20.21,20.39,18.73,19.17,47771472.0
2014-08-29,1155398016.0,18.79,21.19,18.27,19.24,59510128.0
2014-08-28,675582400.0,19.58,20.53,19.30,19.63,34122188.0
2014-08-27,938756800.0,19.75,20.89,19.67,20.09,46768072.0
2014-08-26,1098635264.0,20.38,20.46,18.24,18.73,57286880.0
2014-08-25,1010230336.0,18.67,19.02,16.97,17.16,56250140.0
2014-08-22,1400998400.0,17.38,17.38,16.69,17.16,82056888.0
2014-08-21,33407524.0,15.80,15.80,15.80,15.80,2134666.0
2014-08-20,40083520.0,14.36,14.36,14.36,14.36,2816832.0
2014-08-19,60466964.0,13.06,13.06,13.06,13.06,4672872.0
2014-08-18,44231040.0,11.87,11.87,11.87,11.87,3761143.0
2014-08-15,16048191.0,10.79,10.79,10.79,10.79,1501234.0
2014-08-14,5105226.0,9.81,9.81,9.81,9.81,525229.0
2014-08-13,2557695.0,8.92,8.92,8.92,8.92,289332.0
2014-08-12,1408431.0,8.12,8.12,8.12,8.12,175178.0
2014-04-24,22098152.0,7.38,7.53,7.36,7.44,3003755.0
2014-04-23,30776330.0,7.47,7.59,7.32,7.40,4154467.0
2014-04-22,29113348.0,7.41,7.42,7.22,7.32,4015214.0
2014-04-21,26679788.0,7.33,7.60,7.31,7.45,3605750.0
2014-04-18,36684932.0,7.54,7.56,7.42,7.52,4949045.0
2014-04-17,74227312.0,7.58,7.84,7.56,7.61,9698405.0
2014-04-16,55476816.0,7.60,7.64,7.46,7.51,7383716.0
2014-04-15,21822978.0,7.48,7.54,7.44,7.54,2940941.0
2014-04-14,45423928.0,7.56,7.57,7.36,7.41,6105364.0
2014-04-11,30389298.0,7.42,7.43,7.34,7.39,4147482.0
2014-04-10,45741112.0,7.38,7.50,7.37,7.49,6222265.0
2014-04-09,49408420.0,7.48,7.66,7.42,7.55,6639447.0
2014-04-08,48050728.0,7.56,7.60,7.49,7.55,6416750.0
2014-04-04,54817196.0,7.58,7.63,7.45,7.50,7321049.0
2014-04-03,113594352.0,7.58,7.78,7.30,7.33,15094451.0
2014-04-02,22045710.0,7.32,7.41,7.28,7.39,3034428.0
2014-04-01,32564376.0,7.38,7.41,7.26,7.37,4463980.0
2014-03-31,37540844.0,7.42,7.45,7.27,7.33,5127468.0
2014-03-28,33294278.0,7.35,7.45,7.24,7.27,4570497.0
2014-03-27,35848344.0,7.32,7.49,7.29,7.44,4889900.0
2014-03-26,86114024.0,7.42,7.48,7.21,7.22,11730995.0
2014-03-25,26371610.0,7.21,7.28,7.08,7.11,3690825.0
2014-03-24,17186186.0,7.12,7.12,7.02,7.06,2442500.0
2014-03-21,14577105.0,7.10,7.11,6.87,6.89,2101528.0
2014-03-20,13088734.0,6.94,7.12,6.88,7.07,1872557.0
2014-03-19,10817039.0,7.07,7.09,6.99,7.07,1549087.0
2014-03-18,13624827.0,7.08,7.09,6.98,7.01,1952278.0
2014-03-17,12654584.0,7.02,7.04,6.91,6.96,1824085.0
2014-03-14,11565313.0,6.97,7.00,6.86,6.93,1681063.0
2014-03-13,10047782.0,6.98,7.02,6.90,6.91,1451248.0
2014-03-12,13816206.0,6.94,6.94,6.82,6.86,2021820.0
2014-03-11,13124821.0,6.90,6.97,6.82,6.91,1914738.0
2014-03-10,28371376.0,6.94,7.21,6.92,7.19,4054409.0
2014-03-07,20744592.0,7.24,7.33,7.22,7.25,2879240.0
2014-03-06,22217382.0,7.27,7.31,7.15,7.26,3099724.0
2014-03-05,28788728.0,7.26,7.47,7.23,7.44,3960125.0
2014-03-04,50517404.0,7.38,7.55,7.24,7.38,6906228.0
2014-03-03,67929680.0,7.45,7.46,7.20,7.34,9282911.0
2014-02-28,35991388.0,7.27,7.38,7.08,7.31,5006209.0
2014-02-27,58376960.0,7.40,7.45,7.08,7.14,8069106.0
2014-02-26,20449344.0,7.13,7.14,6.93,7.07,2926786.0
2014-02-25,52510008.0,7.09,7.40,7.04,7.29,7301588.0
2014-02-24,39423376.0,7.30,7.34,7.05,7.09,5487798.0
2014-02-21,24897440.0,7.13,7.22,7.03,7.21,3522796.0
2014-02-20,57520448.0,7.23,7.41,7.22,7.25,7917248.0
2014-02-19,33738036.0,7.26,7.31,7.11,7.11,4692883.0
2014-02-18,22035076.0,7.15,7.21,7.08,7.21,3105097.0
2014-02-17,24673592.0,7.23,7.29,7.16,7.22,3447719.0
2014-02-14,22509026.0,7.22,7.22,6.98,6.98,3194335.0
2014-02-13,29402896.0,7.00,7.15,6.97,7.12,4203350.0
2014-02-12,19078464.0,7.16,7.20,7.08,7.13,2690012.0
2014-02-11,28588426.0,7.13,7.16,6.97,7.05,4065288.0
2014-02-10,26361686.0,7.04,7.05,6.83,6.84,3809689.0
2014-02-07,11621231.0,6.83,6.86,6.71,6.77,1726571.0
2014-01-30,5990113.0,6.82,6.87,6.81,6.85,882287.0
2014-01-29,7300515.0,6.85,6.88,6.81,6.81,1074811.0
2014-01-28,8190288.0,6.84,6.90,6.81,6.84,1204683.0
2014-01-27,14774162.0,6.85,7.01,6.80,6.86,2165268.0
2014-01-24,12629796.0,6.88,6.91,6.80,6.80,1853785.0
2014-01-23,7785264.0,6.82,6.84,6.76,6.83,1153153.0
2014-01-22,15055765.0,6.83,6.84,6.72,6.73,2231763.0
2014-01-21,8759954.0,6.73,6.73,6.66,6.66,1317077.0
2014-01-20,7857861.0,6.67,6.69,6.56,6.64,1197109.0
2014-01-17,12301967.0,6.70,6.75,6.57,6.65,1859584.0
2014-01-16,8695763.0,6.63,6.70,6.60,6.63,1316469.0
2014-01-15,6788836.0,6.68,6.71,6.57,6.68,1027394.0
2014-01-14,8832365.0,6.68,6.70,6.49,6.60,1349900.0
2014-01-13,9424654.0,6.59,6.74,6.44,6.44,1454579.0
2014-01-10,10617829.0,6.49,6.61,6.44,6.59,1639318.0
2014-01-09,19696826.0,6.61,6.72,6.56,6.61,2986351.0
2014-01-08,18037276.0,6.60,6.73,6.55,6.68,2742273.0
2014-01-07,17155244.0,6.67,6.75,6.57,6.59,2596643.0
2014-01-06,20767920.0,6.64,6.90,6.61,6.87,3118106.0
2014-01-03,13457136.0,6.94,7.01,6.89,6.99,1951670.0
2014-01-02,20251792.0,6.97,6.99,6.89,6.99,2939289.0
2013-12-31,14798789.0,6.99,7.00,6.88,6.92,2144550.0
2013-12-30,38280528.0,6.97,7.14,6.90,7.09,5524063.0
2013-12-27,36257184.0,7.08,7.26,7.07,7.12,5111039.0
2013-12-26,23576104.0,7.15,7.39,7.15,7.34,3284109.0
2013-12-25,28501810.0,7.35,7.43,7.27,7.39,3916532.0
2013-12-24,43484224.0,7.44,7.52,7.37,7.44,5884334.0
2013-12-23,48771388.0,7.45,7.50,7.11,7.29,6655710.0
2013-12-20,24157874.0,7.29,7.41,7.20,7.26,3331486.0
2013-12-19,17295690.0,7.25,7.37,7.21,7.31,2391532.0
2013-12-18,23606022.0,7.37,7.44,7.27,7.36,3239440.0
2013-12-17,53314276.0,7.31,7.49,7.17,7.19,7294556.0
2013-12-16,23112920.0,7.19,7.36,7.15,7.31,3229801.0
2013-12-13,19815836.0,7.31,7.36,7.22,7.26,2741008.0
2013-12-12,53536764.0,7.31,7.47,7.26,7.30,7336747.0
2013-12-11,55187680.0,7.29,7.33,7.17,7.17,7669388.0
2013-12-10,82042376.0,7.26,7.28,6.90,6.91,11555745.0
2013-12-09,10803482.0,6.91,6.93,6.87,6.92,1576719.0
2013-12-06,12268425.0,6.88,6.92,6.82,6.85,1799256.0
2013-12-05,11213231.0,6.86,6.89,6.81,6.85,1647271.0
2013-12-04,14701968.0,6.84,6.89,6.72,6.75,2163191.0
2013-12-03,15279945.0,6.78,6.83,6.61,6.63,2288069.0
2013-12-02,28625500.0,6.66,6.95,6.61,6.95,4258671.0
2013-11-29,19343420.0,7.07,7.12,6.99,7.00,2762185.0
2013-11-28,19704172.0,7.03,7.04,6.94,6.97,2837896.0
2013-11-27,11903718.0,6.96,6.97,6.89,6.91,1729502.0
2013-11-26,10016861.0,6.92,6.95,6.83,6.85,1460455.0
2013-11-25,8196285.0,6.87,6.92,6.84,6.89,1199463.0
2013-11-22,11300113.0,6.89,6.94,6.84,6.86,1654111.0
2013-11-21,17205600.0,6.88,6.95,6.83,6.95,2524091.0
2013-11-20,10581940.0,6.95,7.01,6.86,6.97,1539825.0
2013-11-19,10250682.0,6.95,6.98,6.92,6.95,1486716.0
2013-11-18,16017416.0,6.95,6.96,6.85,6.85,2332377.0
2013-11-15,14472669.0,6.87,6.89,6.72,6.73,2130517.0
2013-11-14,6122419.0,6.72,6.79,6.59,6.63,917252.0
2013-11-13,5888803.0,6.69,6.81,6.68,6.80,879936.0
2013-11-12,6075092.0,6.80,6.83,6.70,6.71,903271.0
2013-11-11,6419221.0,6.71,6.74,6.55,6.58,973418.0
2013-11-08,9057486.0,6.60,6.69,6.55,6.68,1379032.0
2013-11-07,11086564.0,6.68,6.82,6.65,6.80,1660481.0
2013-11-06,11624208.0,6.83,6.95,6.81,6.89,1699102.0
2013-11-05,7323230.0,6.88,6.90,6.76,6.88,1078714.0
2013-11-04,9637448.0,6.88,6.90,6.77,6.78,1420699.0
2013-11-01,8237701.0,6.78,6.85,6.74,6.80,1220696.0
2013-10-31,15521666.0,6.86,6.89,6.63,6.81,2321317.0
2013-10-30,9849861.0,6.80,6.84,6.72,6.84,1465738.0
2013-10-29,22350672.0,6.73,7.12,6.58,7.07,3312502.0
2013-10-28,11789229.0,7.07,7.12,6.99,7.04,1681482.0
2013-10-25,18843668.0,7.04,7.22,6.96,7.17,2679338.0
2013-10-24,21976984.0,7.17,7.32,7.15,7.30,3064089.0
2013-10-23,33601640.0,7.31,7.58,7.30,7.46,4553832.0
2013-10-22,28872514.0,7.46,7.57,7.43,7.51,3883222.0
2013-10-21,30616680.0,7.50,7.53,7.38,7.42,4128927.0
2013-10-18,15009912.0,7.41,7.45,7.32,7.35,2047675.0
2013-10-17,21647360.0,7.39,7.51,7.34,7.37,2936499.0
2013-10-16,31862092.0,7.35,7.57,7.26,7.57,4337963.0
2013-10-15,56762400.0,7.60,7.74,7.51,7.51,7517998.0
2013-10-14,32533684.0,7.47,7.51,7.36,7.47,4404067.0
2013-10-11,28014872.0,7.47,7.50,7.38,7.41,3797548.0
2013-10-10,30486244.0,7.37,7.53,7.36,7.51,4138384.0
2013-10-09,26656080.0,7.49,7.51,7.43,7.49,3602085.0
2013-10-08,37947916.0,7.54,7.59,7.42,7.51,5103033.0
2013-09-30,36690368.0,7.54,7.61,7.43,7.46,4912896.0
2013-09-27,53622464.0,7.48,7.55,7.16,7.16,7263324.0
2013-09-26,22034912.0,7.21,7.36,7.20,7.33,3054509.0
2013-09-25,37560920.0,7.36,7.42,7.21,7.28,5174566.0
2013-09-24,21841974.0,7.27,7.28,7.16,7.23,3045372.0
2013-09-23,15121337.0,7.22,7.23,7.14,7.15,2118253.0
2013-09-18,19140590.0,7.15,7.21,7.07,7.15,2698800.0
2013-09-17,34879192.0,7.15,7.50,7.12,7.44,4815753.0
2013-09-16,53253520.0,7.44,7.49,7.25,7.28,7234940.0
2013-09-13,24929476.0,7.24,7.31,7.19,7.30,3474140.0
2013-09-12,30835428.0,7.26,7.34,7.14,7.15,4278260.0
2013-09-11,32430652.0,7.22,7.29,7.11,7.23,4545848.0
2013-09-10,31899484.0,7.20,7.26,7.11,7.15,4463321.0
2013-09-09,33379726.0,7.16,7.19,7.03,7.12,4731787.0
2013-09-06,19406224.0,7.13,7.15,7.07,7.13,2746545.0
2013-09-05,23202684.0,7.14,7.20,7.05,7.12,3278446.0
2013-09-04,21228538.0,7.14,7.20,7.06,7.12,3002484.0
2013-09-03,13716471.0,7.12,7.12,6.97,6.97,1957492.0
2013-09-02,12360857.0,7.01,7.03,6.95,6.95,1783043.0
2013-08-30,35543892.0,6.97,7.23,6.93,7.17,5047723.0
2013-08-29,33047200.0,7.21,7.28,7.13,7.15,4604982.0
2013-08-28,29915516.0,7.10,7.22,7.06,7.22,4236468.0
2013-08-27,27804060.0,7.24,7.28,7.09,7.14,3885798.0
2013-08-26,22628956.0,7.13,7.15,6.94,7.06,3210017.0
2013-08-23,17466316.0,7.00,7.13,6.91,7.08,2509149.0
2013-08-22,20283260.0,7.08,7.13,6.97,7.01,2892310.0
2013-08-21,14518466.0,7.02,7.02,6.90,6.96,2096332.0
2013-08-20,17614864.0,6.98,7.12,6.95,7.01,2525648.0
2013-08-19,15461819.0,7.05,7.06,6.86,6.90,2228535.0
2013-08-16,30140788.0,6.87,7.19,6.86,6.98,4311547.0
2013-08-15,27453614.0,7.08,7.27,7.06,7.15,3864150.0
2013-08-14,31974476.0,7.15,7.34,7.10,7.26,4471434.0
2013-08-13,55825252.0,7.30,7.34,7.00,7.05,7818216.0
2013-08-12,35183576.0,7.05,7.09,6.91,6.95,5044884.0
2013-08-09,25114356.0,7.00,7.05,6.88,7.03,3628560.0
2013-08-08,34420772.0,7.00,7.10,6.88,6.89,4944466.0
2013-08-07,47526824.0,6.95,7.15,6.80,6.87,6894879.0
2013-08-06,55970252.0,6.95,7.02,6.76,6.85,8127351.0
2013-08-05,83760168.0,6.96,7.10,6.48,6.50,12238210.0
2013-08-02,17972180.0,6.47,6.54,6.43,6.48,2793659.0
2013-08-01,15561526.0,6.48,6.49,6.29,6.33,2436962.0
2013-07-31,8656361.0,6.32,6.40,6.29,6.38,1375131.0
2013-07-30,11522622.0,6.32,6.38,6.18,6.31,1847474.0
2013-07-29,13390030.0,6.25,6.39,6.24,6.37,2144151.0
2013-07-26,14492551.0,6.38,6.51,6.37,6.44,2273445.0
2013-07-25,19391584.0,6.48,6.64,6.43,6.63,2995375.0
2013-07-24,19606196.0,6.57,6.60,6.45,6.46,3032385.0
2013-07-23,17860824.0,6.52,6.55,6.33,6.37,2781712.0
2013-07-22,10799596.0,6.37,6.40,6.15,6.19,1723227.0
2013-07-19,15417547.0,6.19,6.46,6.18,6.43,2446409.0
2013-07-18,12866657.0,6.40,6.50,6.37,6.44,2019727.0
2013-07-17,20917848.0,6.45,6.67,6.45,6.62,3217674.0
2013-07-16,23350460.0,6.65,6.68,6.46,6.47,3580828.0
2013-07-15,38550136.0,6.54,6.65,6.28,6.30,5963101.0
2013-07-12,22953894.0,6.25,6.40,6.22,6.33,3662910.0
2013-07-11,23360834.0,6.32,6.42,6.16,6.17,3727294.0
2013-07-10,14350565.0,6.17,6.19,5.95,5.95,2375333.0
2013-07-09,9322620.0,5.99,6.02,5.91,5.96,1576896.0
2013-07-08,20775842.0,5.94,6.19,5.92,6.19,3459426.0
2013-07-05,19123000.0,6.27,6.43,6.27,6.37,3034441.0
2013-07-04,22699468.0,6.37,6.46,6.18,6.27,3592183.0
2013-07-03,15683064.0,6.33,6.36,6.18,6.36,2523787.0
2013-07-02,18369360.0,6.38,6.39,6.23,6.27,2929187.0
2013-07-01,10541956.0,6.25,6.28,6.14,6.22,1707048.0
2013-06-28,14654428.0,6.22,6.28,6.05,6.12,2388715.0
2013-06-27,27563088.0,6.20,6.48,6.18,6.37,4381856.0
2013-06-26,23283720.0,6.42,6.44,6.16,6.33,3726536.0
2013-06-25,35558884.0,6.32,6.50,5.77,6.40,5830205.0
2013-06-24,29227728.0,6.40,6.85,6.30,6.84,4474055.0
2013-06-21,24694724.0,6.85,6.88,6.65,6.70,3676070.0
2013-06-20,30576674.0,6.86,7.10,6.83,7.03,4443047.0
2013-06-19,28596560.0,7.05,7.11,6.94,7.11,4106816.0
2013-06-18,24855364.0,7.15,7.23,7.10,7.15,3496138.0
2013-06-17,34804792.0,7.12,7.26,6.95,7.17,4925974.0
2013-06-14,42689420.0,7.16,7.27,7.03,7.07,6025246.0
2013-06-13,51422332.0,7.07,7.23,6.80,7.15,7391890.0
2013-06-07,91382792.0,7.25,7.80,7.20,7.75,12360268.0
2013-06-06,84343528.0,7.80,7.99,7.71,7.86,10845255.0
2013-06-05,164280976.0,8.01,8.04,7.44,7.54,20952792.0
2013-06-04,66251288.0,7.55,7.78,7.41,7.75,8788413.0
2013-06-03,133778104.0,7.80,7.93,7.50,7.54,17315136.0
2013-05-31,137856096.0,7.56,7.99,7.37,7.41,18121096.0
2013-05-30,60956524.0,7.41,7.47,7.25,7.29,8306417.0
2013-05-29,40031600.0,7.32,7.39,7.28,7.35,5498369.0
2013-05-28,45286808.0,7.32,7.40,7.24,7.39,6234449.0
2013-05-27,89971712.0,7.41,7.48,7.21,7.31,12289734.0
2013-05-24,49878100.0,7.19,7.29,7.05,7.05,6969074.0
2013-05-23,29538732.0,7.05,7.19,7.03,7.17,4180111.0
2013-05-22,40187148.0,7.16,7.27,7.13,7.16,5616583.0
2013-05-21,40841400.0,7.19,7.19,7.07,7.12,5761353.0
2013-05-20,49516088.0,7.17,7.21,7.08,7.18,6975534.0
2013-05-17,50321368.0,7.19,7.30,7.05,7.11,7035318.0
2013-05-16,52199980.0,7.15,7.24,6.97,6.99,7348607.0
2013-05-15,73844352.0,7.06,7.18,6.95,7.12,10556872.0
2013-05-14,163565840.0,7.19,7.46,6.95,7.03,22689980.0
2013-05-10,36365720.0,6.78,6.82,6.59,6.64,5445988.0
2013-05-09,33206848.0,6.66,6.82,6.62,6.82,4984843.0
2013-05-08,23947488.0,6.85,6.89,6.79,6.81,3519952.0
2013-05-07,18114198.0,6.78,6.82,6.73,6.81,2693954.0
2013-05-06,19263692.0,6.81,6.81,6.71,6.73,2864787.0
2013-05-03,17802566.0,6.73,6.77,6.65,6.69,2662694.0
2013-05-02,13340675.0,6.64,6.75,6.60,6.67,2020387.0
2013-04-26,25424892.0,6.61,6.86,6.59,6.79,3825641.0
2013-04-25,30025172.0,6.80,7.03,6.80,6.96,4358338.0
2013-04-24,27764360.0,6.97,7.08,6.87,6.90,4017244.0
2013-04-23,53166884.0,6.93,7.30,6.92,7.30,7580170.0
2013-04-22,133031480.0,7.35,7.61,7.25,7.61,18095876.0
2013-04-19,20757532.0,6.92,6.95,6.75,6.82,3027974.0
2013-04-18,14828325.0,6.82,6.93,6.81,6.87,2172551.0
2013-04-17,12720539.0,6.93,6.94,6.76,6.84,1865020.0
2013-04-16,18167808.0,6.82,6.84,6.64,6.79,2714285.0
2013-04-15,14633527.0,6.90,7.12,6.89,7.02,2111081.0
2013-04-12,20300784.0,7.01,7.16,6.99,7.16,2889604.0
2013-04-11,19658600.0,7.17,7.23,7.11,7.17,2765475.0
2013-04-10,38660432.0,7.17,7.30,7.10,7.26,5426118.0
2013-04-09,91397536.0,7.35,7.80,7.32,7.63,12148561.0
2013-04-08,59219352.0,7.49,7.51,7.19,7.32,8076502.0
2013-04-03,31595512.0,7.15,7.35,7.03,7.11,4418668.0
2013-04-02,18681746.0,7.02,7.25,6.98,7.18,2643671.0
2013-04-01,16532011.0,7.22,7.36,7.19,7.24,2288784.0
2013-03-29,13255225.0,7.17,7.25,7.09,7.10,1858091.0
2013-03-28,22406674.0,7.10,7.30,7.10,7.30,3141855.0
2013-03-27,16398242.0,7.35,7.39,7.25,7.33,2252726.0
2013-03-26,18709848.0,7.34,7.45,7.23,7.44,2577198.0
2013-03-25,19594052.0,7.45,7.55,7.38,7.47,2647881.0
2013-03-22,34160856.0,7.44,7.52,7.35,7.37,4626145.0
2013-03-21,72725792.0,7.47,7.67,7.17,7.18,9822466.0
2013-03-20,28334848.0,7.13,7.16,6.97,6.99,4038799.0
2013-03-19,43534908.0,6.99,7.37,6.82,7.33,6219997.0
2013-03-18,37473408.0,7.33,7.66,7.31,7.45,5034996.0
2013-03-15,37021840.0,7.46,7.55,7.26,7.31,5009742.0
2013-03-14,15076749.0,7.31,7.38,7.26,7.32,2077175.0
2013-03-13,15128553.0,7.32,7.35,7.21,7.35,2092390.0
2013-03-12,36132472.0,7.41,7.55,7.21,7.53,4932267.0
2013-03-11,37384656.0,7.52,7.53,7.15,7.24,5074621.0
2013-03-08,21164276.0,7.24,7.40,7.19,7.36,2930451.0
2013-03-07,40481044.0,7.33,7.53,7.21,7.41,5536358.0
2013-03-06,81058328.0,7.46,7.68,7.29,7.30,10827947.0
2013-03-05,39375016.0,7.31,7.32,7.10,7.14,5453018.0
2013-03-04,37321116.0,7.11,7.31,7.00,7.23,5220001.0
2013-03-01,28477884.0,7.23,7.24,7.07,7.11,4003230.0
2013-02-28,23398032.0,7.10,7.13,6.94,7.10,3342316.0
2013-02-27,26227760.0,7.05,7.24,7.02,7.19,3714113.0
2013-02-26,41332676.0,7.18,7.38,7.07,7.11,5729837.0
2013-02-25,18719088.0,7.13,7.22,7.06,7.13,2646682.0
2013-02-22,27614410.0,7.13,7.28,7.11,7.15,3869604.0
2013-02-21,66197760.0,7.15,7.47,7.05,7.23,9177244.0
2013-02-20,46069812.0,7.21,7.24,6.94,6.99,6491473.0
2013-02-19,20397804.0,6.94,7.03,6.90,7.01,2938898.0
2013-02-18,25082284.0,7.03,7.05,6.92,6.99,3610340.0
2013-02-08,16658838.0,6.96,7.00,6.87,6.87,2410580.0
2013-02-07,11770515.0,6.87,6.92,6.82,6.89,1726051.0
2013-02-06,18665262.0,6.93,6.94,6.81,6.83,2726790.0
2013-02-05,19020336.0,6.84,6.85,6.71,6.79,2829756.0
2013-02-04,20057468.0,6.80,6.97,6.79,6.94,2942367.0
2013-02-01,17377588.0,6.94,6.99,6.85,6.92,2520555.0
2013-01-31,18302916.0,6.92,7.00,6.85,6.96,2667874.0
2013-01-30,30442894.0,7.01,7.09,6.84,6.98,4405989.0
2013-01-29,30694220.0,6.97,7.10,6.91,6.94,4401928.0
2013-01-28,32471550.0,6.98,7.03,6.86,6.93,4702640.0
2013-01-25,36099700.0,6.91,6.92,6.64,6.66,5321633.0
2013-01-24,36330776.0,6.77,7.02,6.60,6.74,5321747.0
2013-01-23,21588022.0,6.80,6.86,6.59,6.64,3219024.0
2013-01-22,16934524.0,6.69,6.86,6.64,6.81,2526487.0
2013-01-21,16161654.0,6.82,6.82,6.74,6.82,2397328.0
2013-01-18,14327686.0,6.78,6.80,6.70,6.72,2135381.0
2013-01-17,18273994.0,6.72,6.85,6.69,6.85,2723162.0
2013-01-16,27924026.0,6.86,6.86,6.72,6.85,4140885.0
2013-01-15,35046264.0,6.87,6.97,6.71,6.79,5152648.0
2013-01-14,33921888.0,6.75,6.76,6.50,6.50,5125272.0
2013-01-11,22341660.0,6.50,6.67,6.49,6.61,3410564.0
2013-01-10,17926854.0,6.61,6.63,6.51,6.51,2741276.0
2013-01-09,16450484.0,6.54,6.63,6.49,6.55,2523913.0
2013-01-08,24241376.0,6.61,6.66,6.50,6.52,3708462.0
2013-01-07,27958368.0,6.55,6.57,6.39,6.39,4322093.0
2013-01-04,15342135.0,6.37,6.50,6.33,6.48,2418104.0
2012-12-31,17258324.0,6.46,6.48,6.36,6.38,2703972.0
2012-12-28,12218287.0,6.38,6.39,6.30,6.38,1930624.0
2012-12-27,15616502.0,6.34,6.46,6.34,6.42,2467526.0
2012-12-26,17024154.0,6.42,6.43,6.32,6.38,2690424.0
2012-12-25,21899980.0,6.38,6.41,6.28,6.30,3466592.0
2012-12-24,15507107.0,6.29,6.38,6.19,6.19,2476125.0
2012-12-21,13222725.0,6.24,6.31,6.19,6.20,2129713.0
2012-12-20,9316741.0,6.21,6.23,6.14,6.20,1516323.0
2012-12-19,8819341.0,6.21,6.24,6.18,6.24,1430653.0
2012-12-18,16336118.0,6.24,6.31,6.19,6.27,2632543.0
2012-12-17,19307532.0,6.24,6.28,6.15,6.21,3136422.0
2012-12-14,21663542.0,6.23,6.29,5.97,6.01,3537345.0
2012-12-13,9429686.0,6.01,6.07,5.94,5.95,1579639.0
2012-12-12,6765956.0,6.04,6.11,5.95,6.09,1132907.0
2012-12-11,10220737.0,6.05,6.12,6.02,6.12,1695821.0
2012-12-10,12493879.0,6.13,6.20,6.05,6.05,2049174.0
2012-12-07,8711932.0,6.11,6.12,5.92,5.94,1450464.0
2012-12-06,5715137.0,5.97,6.01,5.87,5.99,969789.0
2012-12-05,9189178.0,5.98,6.02,5.74,5.74,1558452.0
2012-12-04,5334736.0,5.78,5.78,5.56,5.64,949950.0
2012-12-03,6776584.0,5.73,6.13,5.72,6.10,1149000.0
2012-11-30,3074386.0,6.12,6.13,6.03,6.05,509041.0
2012-11-29,2965365.0,6.04,6.18,5.95,6.04,491351.0
2012-11-28,6602733.0,6.04,6.25,6.02,6.19,1088395.0
2012-11-27,8096409.0,6.25,6.56,6.23,6.51,1285653.0
2012-11-26,8768630.0,6.53,6.74,6.50,6.73,1334447.0
2012-11-23,3291427.0,6.71,6.75,6.67,6.71,492471.0
2012-11-22,4004909.0,6.70,6.80,6.69,6.74,596670.0
2012-11-21,5532315.0,6.79,6.82,6.65,6.71,825821.0
2012-11-20,3416204.0,6.74,6.82,6.74,6.79,507326.0
2012-11-19,4093332.0,6.78,6.80,6.66,6.72,613299.0
2012-11-16,6628939.0,6.72,6.74,6.64,6.74,999212.0
2012-11-15,8305214.0,6.71,6.86,6.65,6.82,1232112.0
2012-11-14,7718294.0,6.82,6.91,6.72,6.83,1143893.0
2012-11-13,11800888.0,6.87,7.07,6.85,7.04,1718690.0
2012-11-12,12721589.0,7.02,7.03,6.92,6.92,1837550.0
2012-11-09,23900400.0,6.99,7.12,6.92,7.05,3429242.0
2012-11-08,34459960.0,7.14,7.37,7.14,7.24,4797913.0
2012-11-07,70661144.0,7.33,7.70,7.12,7.16,9562159.0
2012-11-06,16867202.0,7.15,7.17,7.02,7.09,2388134.0
2012-11-05,23613480.0,7.14,7.22,6.99,7.03,3331739.0
2012-11-02,9638238.0,7.04,7.06,6.97,7.01,1382120.0
2012-11-01,13279151.0,6.99,7.04,6.83,6.86,1918052.0
2012-10-31,5601381.0,6.84,6.89,6.79,6.89,824480.0
2012-10-30,4407189.0,6.86,6.94,6.84,6.87,643411.0
2012-10-29,8165774.0,6.84,6.97,6.81,6.97,1196563.0
2012-10-26,15684543.0,6.97,7.08,6.90,6.95,2256464.0
2012-10-25,11198416.0,6.96,7.09,6.95,7.01,1602902.0
2012-10-24,12039330.0,7.02,7.05,6.96,7.03,1728762.0
2012-10-23,17462304.0,7.04,7.07,6.95,7.02,2503060.0
2012-10-22,34407092.0,7.03,7.25,6.84,6.84,4871847.0
2012-10-19,8081837.0,6.89,6.96,6.88,6.96,1175400.0
2012-10-18,12021959.0,6.94,7.00,6.85,6.87,1743497.0
2012-10-17,4922134.0,6.88,6.92,6.80,6.91,722609.0
2012-10-16,9049014.0,6.89,6.94,6.78,6.84,1320869.0
2012-10-15,4831173.0,6.84,6.86,6.76,6.84,713546.0
2012-10-12,5569422.0,6.85,6.94,6.81,6.89,815135.0
2012-10-11,7527311.0,6.89,7.00,6.89,7.00,1091969.0
2012-10-10,10645721.0,6.99,7.01,6.92,6.96,1537743.0
2012-10-09,13552743.0,6.95,6.96,6.83,6.83,1970517.0
2012-10-08,11349645.0,6.84,6.90,6.79,6.87,1670002.0
2012-09-28,33933324.0,6.91,6.94,6.76,6.90,4989342.0
2012-09-27,17171108.0,6.94,6.97,6.74,6.81,2514306.0
2012-09-26,9068771.0,6.82,6.85,6.65,6.79,1350060.0
2012-09-25,6017968.0,6.85,6.89,6.72,6.83,888049.0
2012-09-24,6745400.0,6.84,6.86,6.64,6.74,1002508.0
2012-09-21,6080680.0,6.84,6.86,6.67,6.73,902548.0
2012-09-20,9438196.0,6.78,6.98,6.65,6.98,1400671.0
2012-09-19,4891070.0,6.99,7.00,6.92,6.94,705873.0
2012-09-18,7062051.0,6.99,7.00,6.85,6.94,1027086.0
2012-09-17,13330363.0,6.99,7.09,6.82,7.05,1926033.0
2012-09-14,8538901.0,7.05,7.09,6.95,7.00,1224776.0
2012-09-13,7470545.0,6.97,7.08,6.96,7.06,1069750.0
2012-09-12,10253674.0,7.06,7.09,6.99,7.05,1465045.0
2012-09-11,8071445.0,7.05,7.05,6.95,7.03,1159218.0
2012-09-10,10498006.0,7.07,7.09,7.00,7.04,1499333.0
2012-09-07,17632922.0,7.04,7.18,6.88,6.89,2524946.0
2012-09-06,4579916.0,6.87,6.87,6.82,6.86,672848.0
2012-09-05,4790127.0,6.84,6.85,6.71,6.71,709048.0
2012-09-04,5387452.0,6.77,6.87,6.70,6.84,800745.0
2012-09-03,4261325.0,6.83,6.83,6.69,6.74,631598.0
2012-08-31,3512865.0,6.74,6.77,6.65,6.70,526239.0
2012-08-30,7620191.0,6.72,6.84,6.57,6.82,1141629.0
2012-08-29,4537749.0,6.78,6.89,6.76,6.84,670366.0
2012-08-28,3611079.0,6.85,6.90,6.78,6.78,531342.0
2012-08-27,7905481.0,6.78,6.94,6.74,6.94,1163600.0
2012-08-24,9260530.0,6.94,7.07,6.92,7.05,1334912.0
2012-08-23,5519804.0,7.10,7.12,7.02,7.10,783947.0
2012-08-22,7557305.0,7.09,7.21,7.05,7.17,1067307.0
2012-08-21,13356899.0,7.21,7.25,7.11,7.11,1865344.0
2012-08-20,6818236.0,7.07,7.12,6.93,7.03,978290.0
2012-08-17,3859942.0,7.07,7.09,6.96,7.03,553603.0
2012-08-16,6192945.0,7.03,7.16,6.97,7.09,879950.0
2012-08-15,6072767.0,7.13,7.25,7.11,7.25,852600.0
2012-08-14,9237705.0,7.24,7.24,7.12,7.12,1292523.0
2012-08-13,10948187.0,7.09,7.36,7.09,7.31,1532161.0
2012-08-10,11030821.0,7.29,7.31,7.17,7.31,1532718.0
2012-08-09,20861034.0,7.31,7.35,7.11,7.11,2898043.0
2012-08-08,9532311.0,7.14,7.22,7.08,7.19,1343395.0
2012-08-07,13086598.0,7.19,7.22,7.12,7.18,1835733.0
2012-08-06,9168313.0,7.18,7.19,7.01,7.03,1294122.0
2012-08-03,7349987.0,7.08,7.11,6.94,6.97,1052173.0
2012-08-02,9143623.0,6.99,7.11,6.88,6.98,1319171.0
2012-08-01,5120487.0,7.00,7.03,6.88,6.90,737705.0
2012-07-31,7608899.0,6.92,6.93,6.77,6.87,1117668.0
2012-07-30,10580065.0,6.90,7.16,6.84,7.14,1527431.0
2012-07-27,17258442.0,7.12,7.37,7.06,7.31,2427722.0
2012-07-26,19806620.0,7.29,7.52,7.14,7.36,2704998.0
2012-07-25,11554830.0,7.37,7.51,7.36,7.47,1565185.0
2012-07-24,18500988.0,7.49,7.50,7.26,7.31,2512292.0
2012-07-23,11187339.0,7.36,7.40,7.23,7.28,1533125.0
2012-07-20,9354225.0,7.34,7.40,7.27,7.30,1284487.0
2012-07-19,13379588.0,7.30,7.37,7.19,7.22,1843490.0
2012-07-18,13417590.0,7.30,7.38,7.12,7.23,1871238.0
2012-07-17,18446068.0,7.35,7.37,7.09,7.23,2580796.0
2012-07-16,30400852.0,7.31,7.73,7.29,7.67,4054555.0
2012-07-13,37021880.0,7.74,7.85,7.44,7.52,4880748.0
2012-07-12,33093468.0,7.52,7.68,7.33,7.40,4414347.0
2012-07-11,8473762.0,7.38,7.38,7.19,7.30,1170912.0
2012-07-10,18619068.0,7.34,7.39,7.06,7.30,2596342.0
2012-07-09,28756300.0,7.38,7.59,7.37,7.45,3862647.0
2012-07-06,18533358.0,7.52,7.57,7.22,7.35,2507281.0
2012-07-05,11849729.0,7.30,7.38,7.19,7.38,1638449.0
2012-07-04,10195637.0,7.38,7.43,7.30,7.37,1394219.0
2012-07-03,15082001.0,7.38,7.55,7.31,7.47,2035928.0
2012-07-02,16039498.0,7.45,7.53,7.34,7.34,2167556.0
2012-06-29,12217072.0,7.34,7.38,7.13,7.22,1686900.0
2012-06-28,8526833.0,7.23,7.34,7.14,7.26,1188198.0
2012-06-27,6741035.0,7.23,7.31,7.18,7.21,935527.0
2012-06-26,8545228.0,7.23,7.30,7.08,7.15,1196704.0
2012-06-25,9367669.0,7.24,7.37,7.23,7.36,1294055.0
2012-06-21,14559881.0,7.37,7.47,7.31,7.47,1990836.0
2012-06-20,25696944.0,7.48,7.82,7.47,7.80,3397549.0
2012-06-19,24281412.0,7.78,7.92,7.75,7.85,3111646.0
2012-06-18,27341728.0,7.86,7.91,7.68,7.73,3512586.0
2012-06-15,17461940.0,7.69,7.74,7.57,7.57,2289527.0
2012-06-14,10787092.0,7.56,7.69,7.55,7.66,1425326.0
2012-06-13,14725209.0,7.68,7.78,7.47,7.49,1941580.0
2012-06-12,11092614.0,7.49,7.55,7.43,7.48,1489154.0
2012-06-11,7103579.0,7.47,7.48,7.32,7.40,963215.0
2012-06-08,7678411.0,7.37,7.55,7.35,7.55,1040909.0
2012-06-07,8336680.0,7.43,7.55,7.39,7.51,1122543.0
2012-06-06,12845596.0,7.46,7.64,7.43,7.64,1722509.0
2012-06-05,15430525.0,7.59,7.69,7.48,7.48,2043324.0
2012-06-04,18517668.0,7.48,7.61,7.46,7.55,2473481.0
2012-06-01,35251992.0,7.67,7.91,7.63,7.89,4576761.0
2012-05-31,26066032.0,7.90,7.94,7.74,7.79,3326768.0
2012-05-30,48473316.0,7.84,7.96,7.67,7.88,6222215.0
2012-05-25,23408828.0,8.03,8.15,7.91,8.11,2941967.0
2012-05-24,39008260.0,8.11,8.33,8.08,8.32,4789900.0
2012-05-23,63016592.0,8.36,8.40,8.07,8.15,7699934.0
2012-05-22,39626596.0,8.17,8.18,7.91,7.91,4918678.0
2012-05-21,17956712.0,7.94,8.05,7.85,7.87,2275455.0
2012-05-18,42688808.0,7.96,8.15,7.82,8.10,5394457.0
2012-05-17,52476512.0,8.18,8.31,8.09,8.14,6427549.0
2012-05-16,68386128.0,8.23,8.44,7.85,7.90,8442496.0
2012-05-15,55834384.0,7.95,8.13,7.85,8.10,7066596.0
2012-05-14,144968432.0,8.26,8.75,8.10,8.19,17405186.0
2012-05-11,86561392.0,8.17,8.24,7.70,7.73,10829290.0
2012-05-10,17228604.0,7.77,7.86,7.66,7.66,2234568.0
2012-05-09,22268978.0,7.72,7.79,7.62,7.77,2914482.0
2012-05-08,17879100.0,7.83,7.94,7.77,7.88,2300876.0
2012-05-07,19468336.0,7.90,7.92,7.78,7.90,2498078.0
2012-05-04,27101378.0,7.92,8.05,7.88,8.03,3434729.0
2012-05-03,36265024.0,8.07,8.12,7.84,7.91,4558070.0
2012-05-02,26218144.0,7.95,8.10,7.78,8.05,3333219.0
2012-04-27,30005402.0,7.89,8.04,7.87,7.88,3795954.0
2012-04-26,43412324.0,7.86,8.08,7.74,7.75,5493961.0
2012-04-25,28066000.0,7.84,7.85,7.62,7.62,3646555.0
2012-04-24,39845892.0,7.79,7.82,7.17,7.75,5296245.0
2012-04-23,34867344.0,7.78,7.90,7.71,7.72,4489877.0
2012-04-20,35659376.0,7.71,7.83,7.65,7.75,4645108.0
2012-04-19,33698588.0,7.83,8.00,7.72,7.75,4305688.0
2012-04-18,47595640.0,7.84,7.88,7.61,7.75,6160777.0
2012-04-17,68443200.0,7.86,7.95,7.54,7.62,8811371.0
2012-04-16,52486196.0,7.66,7.73,7.36,7.50,6917878.0
2012-04-12,23411408.0,7.45,7.50,7.28,7.28,3179679.0
2012-04-11,11208745.0,7.28,7.32,7.12,7.19,1560530.0
2012-04-10,9543573.0,7.26,7.27,7.04,7.10,1345527.0
2012-04-09,9643498.0,7.17,7.35,7.16,7.35,1342653.0
2012-04-06,12403009.0,7.33,7.46,7.28,7.39,1697857.0
2012-04-05,14052916.0,7.40,7.46,7.26,7.26,1916973.0
2012-03-30,26909416.0,7.35,7.37,6.98,7.12,3748432.0
2012-03-29,30500772.0,7.13,7.28,6.82,7.04,4327863.0
2012-03-28,23437748.0,7.04,7.48,7.03,7.42,3273876.0
2012-03-27,11540276.0,7.51,7.58,7.47,7.53,1543225.0
2012-03-26,13589975.0,7.50,7.58,7.40,7.51,1825829.0
2012-03-23,19843752.0,7.56,7.71,7.47,7.58,2641212.0
2012-03-22,17595928.0,7.58,7.65,7.50,7.65,2338849.0
2012-03-21,17380544.0,7.65,7.70,7.47,7.70,2305777.0
2012-03-20,28082484.0,7.60,7.92,7.59,7.92,3673384.0
2012-03-19,39702840.0,7.89,7.95,7.75,7.77,5079154.0
2012-03-16,23164630.0,7.79,7.79,7.57,7.63,3024908.0
2012-03-15,33067904.0,7.63,7.79,7.45,7.72,4377090.0
2012-03-14,52669464.0,7.72,8.31,7.60,8.26,6592052.0
2012-03-13,22463700.0,8.21,8.32,8.18,8.30,2750107.0
2012-03-12,29511640.0,8.25,8.33,8.15,8.15,3601584.0
2012-03-09,23243400.0,8.15,8.15,8.04,8.11,2884145.0
2012-03-08,23517468.0,8.07,8.12,7.98,7.99,2940662.0
2012-03-07,25129400.0,7.94,8.10,7.87,7.97,3168508.0
2012-03-06,30445126.0,8.04,8.21,7.95,8.21,3812552.0
2012-03-05,30269136.0,8.22,8.36,8.19,8.36,3686952.0
2012-03-02,28476904.0,8.29,8.32,8.15,8.18,3472878.0
2012-03-01,19703506.0,8.15,8.22,8.08,8.14,2435285.0
2012-02-29,20545750.0,8.15,8.28,8.14,8.18,2521563.0
2012-02-28,41206488.0,8.19,8.26,8.12,8.26,5065771.0
2012-02-27,83253584.0,8.34,8.48,8.30,8.34,10021498.0
2012-02-24,153449680.0,8.51,8.86,8.29,8.40,18245554.0
2012-02-23,144857664.0,8.55,8.59,7.79,7.83,17696852.0
2012-02-22,43184312.0,7.81,7.82,7.52,7.53,5653471.0
2012-02-21,16046768.0,7.52,7.53,7.33,7.51,2171734.0
2012-02-20,21965774.0,7.51,7.70,7.47,7.67,2921090.0
2012-02-17,23128822.0,7.58,7.71,7.51,7.65,3070218.0
2012-02-16,54845740.0,7.71,7.99,7.49,7.51,7109214.0
2012-02-15,29081384.0,7.53,7.54,7.36,7.40,3916496.0
2012-02-14,27820084.0,7.40,7.50,7.31,7.36,3784825.0
2012-02-13,36185452.0,7.35,7.53,7.12,7.18,4935387.0
2012-02-10,24040168.0,7.22,7.32,7.15,7.27,3338458.0
2012-02-09,32728644.0,7.29,7.35,7.13,7.15,4537960.0
2012-02-08,15126299.0,7.16,7.18,6.98,7.01,2138791.0
2012-02-07,9606868.0,7.04,7.18,7.01,7.17,1367609.0
2012-02-06,16157818.0,7.17,7.19,7.09,7.14,2275221.0
2012-02-03,17472832.0,7.14,7.19,6.97,7.01,2471660.0
2012-02-02,9470816.0,7.01,7.03,6.89,6.90,1368473.0
2012-02-01,8664334.0,6.96,6.98,6.86,6.87,1257469.0
2012-01-31,15790602.0,6.98,6.99,6.77,6.98,2311588.0
2012-01-30,13148961.0,6.98,7.08,6.90,7.04,1896149.0
2012-01-20,12717705.0,7.02,7.05,6.94,7.02,1826589.0
2012-01-19,12952506.0,7.00,7.05,6.87,6.87,1873277.0
2012-01-18,12161475.0,7.02,7.30,7.02,7.27,1707652.0
2012-01-17,17729978.0,7.27,7.30,6.92,6.99,2497344.0
2012-01-16,6697644.0,6.99,7.06,6.85,6.89,968055.0
2012-01-13,10596291.0,7.01,7.24,6.85,7.23,1518426.0
2012-01-12,10488848.0,7.21,7.23,7.05,7.09,1471301.0
2012-01-11,12444146.0,7.13,7.24,7.09,7.14,1746720.0
2012-01-10,13281290.0,7.21,7.22,6.93,7.00,1876437.0
2012-01-09,8456798.0,6.99,7.01,6.62,6.78,1231122.0
2012-01-06,8852559.0,6.77,6.77,6.52,6.54,1336601.0
2012-01-05,9942697.0,6.67,6.78,6.52,6.72,1502079.0
2012-01-04,5724788.0,6.83,7.03,6.65,6.96,839084.0
2011-12-30,4319579.0,6.92,6.99,6.89,6.99,627222.0
2011-12-29,4270654.0,6.89,6.95,6.86,6.87,621882.0
2011-12-28,9600252.0,6.95,6.96,6.61,6.86,1420944.0
2011-12-27,7768568.0,6.94,7.01,6.84,6.96,1125600.0
2011-12-26,9508323.0,7.06,7.11,7.00,7.09,1356297.0
2011-12-23,12056003.0,7.06,7.10,6.85,6.95,1731402.0
2011-12-22,17741092.0,7.03,7.04,6.43,6.89,2648472.0
2011-12-21,8195976.0,6.97,7.13,6.97,7.08,1167067.0
2011-12-20,8698372.0,7.06,7.12,6.94,6.99,1242595.0
2011-12-19,9598964.0,7.02,7.08,6.84,7.08,1389914.0
2011-12-16,9024140.0,7.09,7.10,6.87,6.96,1299759.0
2011-12-15,14792123.0,6.96,7.09,6.84,7.09,2132879.0
2011-12-14,14569232.0,7.13,7.15,6.97,7.05,2077320.0
2011-12-13,30477328.0,7.15,7.25,6.80,7.19,4398766.0
2011-12-12,13954427.0,7.28,7.31,7.03,7.26,1955099.0
2011-12-09,13111245.0,7.27,7.46,7.21,7.34,1807610.0
2011-12-08,9256159.0,7.45,7.55,7.32,7.50,1252584.0
2011-12-07,7597465.0,7.52,7.57,7.43,7.51,1016729.0
2011-12-06,10094951.0,7.51,7.57,7.39,7.45,1358856.0
2011-12-05,18029068.0,7.45,7.83,7.45,7.83,2409738.0
2011-12-02,22709104.0,7.83,8.08,7.80,8.05,2891997.0
2011-12-01,37318536.0,8.14,8.39,8.08,8.20,4561998.0
2011-11-30,42925144.0,8.01,8.50,7.85,8.30,5250176.0
2011-11-29,34310680.0,8.29,8.35,8.04,8.05,4196468.0
2011-11-28,20695946.0,7.99,8.05,7.78,7.78,2614642.0
2011-11-24,13054341.0,7.83,7.94,7.70,7.81,1682252.0
2011-11-23,9488695.0,7.87,7.96,7.83,7.94,1208478.0
2011-11-22,9219117.0,7.90,7.98,7.83,7.95,1173163.0
2011-11-21,11644760.0,7.99,8.03,7.85,8.01,1475148.0
2011-11-18,33793628.0,7.96,8.37,7.93,8.37,4209195.0
2011-11-17,16520214.0,8.43,8.54,8.39,8.41,1966114.0
2011-11-16,41484032.0,8.42,8.83,8.40,8.78,4875856.0
2011-11-15,46193608.0,8.77,8.79,8.63,8.65,5330807.0
2011-11-14,35704056.0,8.64,8.65,8.55,8.61,4169153.0
2011-11-11,24561812.0,8.49,8.67,8.45,8.53,2893246.0
2011-11-10,51517108.0,8.57,8.83,8.43,8.54,6006831.0
2011-11-09,45094740.0,8.66,8.75,8.30,8.42,5294110.0
2011-11-08,25313494.0,8.40,8.61,8.37,8.53,2994721.0
2011-11-07,48457032.0,8.55,8.83,8.52,8.65,5643699.0
2011-11-04,69891408.0,8.79,8.89,8.45,8.59,8152323.0
2011-11-03,130371240.0,8.67,9.33,8.66,8.76,14837814.0
2011-11-02,86596064.0,8.87,8.93,8.25,8.36,10117571.0
2011-11-01,44175932.0,8.52,8.63,8.35,8.46,5225427.0
2011-10-31,36339788.0,8.47,8.48,8.29,8.29,4350754.0
2011-10-28,34093204.0,8.29,8.31,8.13,8.30,4172370.0
2011-10-27,34916536.0,8.14,8.22,8.02,8.04,4324367.0
2011-10-26,41643040.0,8.04,8.15,7.81,7.86,5231152.0
2011-10-25,43862432.0,7.99,8.02,7.49,7.71,5701764.0
2011-10-24,23637044.0,7.70,7.77,7.41,7.70,3118233.0
2011-10-21,9661431.0,7.70,7.94,7.62,7.90,1252832.0
2011-10-20,17387988.0,7.90,8.31,7.87,8.29,2179502.0
2011-10-19,15889964.0,8.29,8.51,8.24,8.51,1918624.0
2011-10-18,14519007.0,8.43,8.72,8.40,8.67,1705639.0
2011-10-17,11645325.0,8.79,8.84,8.65,8.65,1341716.0
2011-10-14,11083110.0,8.74,8.83,8.65,8.79,1277212.0
2011-10-13,22431732.0,8.83,8.96,8.59,8.63,2556514.0
2011-10-12,20320936.0,8.69,8.70,8.31,8.38,2383922.0
2011-10-11,12933524.0,8.40,8.56,8.29,8.48,1542853.0
2011-10-10,7760598.0,8.32,8.54,8.30,8.47,930030.0
2011-09-30,12436670.0,8.47,8.63,8.30,8.52,1486430.0
2011-09-29,17755232.0,8.51,8.89,8.45,8.89,2071383.0
2011-09-28,12029560.0,8.89,9.03,8.79,9.01,1356920.0
2011-09-27,9805811.0,8.90,8.98,8.78,8.96,1110143.0
2011-09-26,14008797.0,8.86,9.07,8.76,8.89,1584238.0
2011-09-23,20996868.0,9.00,9.01,8.73,8.84,2392534.0
2011-09-22,25905040.0,8.99,9.31,8.98,9.20,2846333.0
2011-09-21,29241700.0,9.30,9.33,8.85,8.96,3213333.0
2011-09-20,12011784.0,8.96,9.07,8.86,8.96,1346473.0
2011-09-19,21189288.0,8.94,9.18,8.93,9.18,2368700.0
2011-09-16,14653188.0,9.20,9.39,9.17,9.30,1588226.0
2011-09-15,17419868.0,9.29,9.41,9.27,9.36,1878349.0
2011-09-14,19833098.0,9.32,9.34,9.01,9.24,2172315.0
2011-09-13,20832874.0,9.20,9.34,9.16,9.34,2273503.0
2011-09-09,22158874.0,9.46,9.79,9.44,9.68,2330208.0
2011-09-08,31869368.0,9.69,9.89,9.61,9.76,3287681.0
2011-09-07,21015778.0,9.69,9.71,9.48,9.48,2196008.0
2011-09-06,16456234.0,9.50,9.54,9.41,9.51,1749657.0
2011-09-05,49063568.0,9.57,9.81,9.36,9.76,5172351.0
2011-09-02,43355400.0,9.92,10.19,9.87,10.19,4361532.0
2011-09-01,35072464.0,10.19,10.39,10.09,10.32,3450778.0
2011-08-31,35149552.0,10.33,10.43,10.15,10.16,3436083.0
2011-08-30,72737464.0,10.20,10.65,10.17,10.57,7020553.0
2011-08-29,79093416.0,10.50,10.80,10.33,10.35,7520523.0
2011-08-26,48712856.0,10.45,10.52,10.29,10.36,4700567.0
2011-08-25,60124212.0,10.40,10.42,10.06,10.24,5897766.0
2011-08-24,45751704.0,10.22,10.47,10.21,10.28,4446116.0
2011-08-23,41406100.0,10.19,10.26,10.02,10.16,4104947.0
2011-08-22,62262744.0,10.08,10.46,10.03,10.31,6144640.0
2011-08-18,83911376.0,10.40,10.86,10.36,10.68,7994381.0
2011-08-17,144895888.0,10.77,10.91,10.27,10.34,13646942.0
2011-08-16,57704660.0,10.35,10.59,10.31,10.58,5568166.0
2011-08-15,81398768.0,10.54,10.58,10.21,10.31,7852419.0
2011-08-12,69725632.0,10.25,10.36,10.16,10.29,6835630.0
2011-08-11,70678624.0,10.23,10.27,9.66,9.76,7071645.0
2011-08-10,66081332.0,9.96,10.26,9.95,10.21,6571541.0
2011-08-09,64188740.0,9.96,10.21,9.64,9.78,6479303.0
2011-08-08,99306848.0,10.17,10.55,9.49,10.36,9945392.0
2011-08-05,67285712.0,10.55,10.60,10.16,10.26,6481663.0
2011-08-04,56706104.0,10.68,10.85,10.54,10.67,5360450.0
2011-08-03,109773000.0,10.67,10.77,10.15,10.26,10445909.0
2011-08-02,78969056.0,10.35,10.35,9.86,10.15,7838475.0
2011-08-01,44713644.0,10.22,10.38,10.11,10.23,4388239.0
2011-07-29,53199420.0,10.28,10.42,10.13,10.28,5222000.0
2011-07-28,71314136.0,10.27,10.44,10.02,10.06,6968558.0
2011-07-27,80257736.0,10.23,10.35,9.76,9.90,7968353.0
2011-07-26,59328668.0,9.95,9.97,9.71,9.86,6037891.0
2011-07-25,134186888.0,9.86,10.47,9.85,10.46,13336814.0
2011-07-22,120428944.0,10.62,11.03,10.59,10.89,11226040.0
2011-07-21,97131416.0,10.85,11.01,10.68,10.77,9028398.0
2011-07-20,102053808.0,10.80,11.07,10.65,11.00,9477398.0
2011-07-19,120269832.0,11.00,11.16,10.74,10.83,11055010.0
2011-07-18,224369952.0,10.95,11.57,10.93,11.25,20152772.0
2011-07-15,325280480.0,11.21,11.36,10.80,10.87,29543720.0
2011-07-14,316987808.0,11.00,11.08,10.31,10.36,29851824.0
2011-07-13,190174976.0,10.35,10.62,9.99,10.01,18352228.0
2011-07-12,103458920.0,10.03,10.29,10.02,10.11,10295774.0
2011-07-11,147888560.0,10.29,10.35,9.66,9.74,14799086.0
2011-07-08,51069512.0,9.77,9.90,9.69,9.76,5252389.0
2011-07-07,103707456.0,9.85,10.12,9.84,10.10,10503939.0
2011-07-06,100268208.0,10.10,10.17,9.94,10.11,10037092.0
2011-07-05,167163776.0,10.18,10.21,9.80,9.88,16736039.0
2011-07-04,101623736.0,9.90,9.93,9.73,9.79,10392264.0
2011-07-01,64073204.0,9.79,9.89,9.71,9.84,6574400.0
2011-06-30,78022984.0,9.84,9.90,9.68,9.68,8011263.0
2011-06-29,105440880.0,9.76,10.00,9.68,9.77,10805019.0
2011-06-28,201711760.0,9.91,10.16,9.33,9.41,20483632.0
2011-06-27,72655344.0,9.44,9.53,9.28,9.33,7773970.0
2011-06-24,77113032.0,9.33,9.47,9.07,9.09,8333677.0
2011-06-23,40492760.0,9.15,9.24,8.86,9.06,4510270.0
2011-06-22,28169058.0,9.09,9.20,9.01,9.20,3115711.0
2011-06-21,36119232.0,9.20,9.21,8.94,9.11,3999470.0
2011-06-20,35428416.0,9.08,9.10,8.68,8.92,4002921.0
2011-06-17,31714752.0,9.08,9.23,8.95,9.21,3502655.0
2011-06-16,65007744.0,9.25,9.28,8.90,9.09,7216785.0
2011-06-15,49522400.0,9.22,9.44,9.14,9.38,5383198.0
2011-06-14,53258892.0,9.37,9.53,9.21,9.25,5706326.0
2011-06-13,37922964.0,9.25,9.33,9.08,9.30,4147828.0
2011-06-10,88460224.0,9.40,9.61,9.06,9.46,9576893.0
2011-06-09,124744912.0,9.63,9.94,9.53,9.64,12899308.0
2011-06-08,90675104.0,9.66,9.76,9.36,9.76,9557261.0
2011-06-07,101149456.0,9.74,9.94,9.36,9.41,10442456.0
2011-06-03,89709032.0,9.41,9.61,9.07,9.10,9537434.0
2011-06-02,64456264.0,9.15,9.31,8.79,9.05,7185604.0
2011-06-01,69834104.0,9.21,9.41,8.92,9.05,7656068.0
2011-05-31,58842980.0,9.06,9.11,8.60,8.68,6667767.0
2011-05-30,55884784.0,8.66,9.15,8.55,8.96,6357299.0
2011-05-27,88612288.0,9.02,9.67,9.01,9.52,9701002.0
2011-05-26,86628216.0,9.60,9.98,9.41,9.66,9003527.0
2011-05-25,133265984.0,9.71,10.23,9.28,9.28,13634239.0
2011-05-24,89263840.0,9.47,9.59,9.11,9.41,9637622.0
2011-05-23,178605760.0,9.61,10.26,9.47,10.26,18193336.0
2011-05-20,238072368.0,10.47,10.73,10.10,10.28,22813204.0
2011-05-19,233271648.0,10.28,10.53,10.04,10.19,22931708.0
2011-05-18,406110144.0,10.43,10.58,9.41,9.58,39355300.0
2011-05-17,81363864.0,9.61,9.80,9.36,9.76,8565490.0
2011-05-16,61595320.0,9.85,10.10,9.71,9.85,6255215.0
2011-05-13,96470280.0,9.70,9.99,9.41,9.76,6679806.0
2011-05-12,128454048.0,9.85,10.11,9.77,9.85,8583225.0
2011-05-11,100117072.0,9.89,9.97,9.58,9.59,6782229.0
2011-05-10,116592744.0,9.75,9.98,9.60,9.73,7925860.0
2011-05-09,92478528.0,9.54,9.87,9.16,9.22,6444287.0
2011-05-06,56969248.0,9.25,9.30,8.92,8.94,4148942.0
2011-05-05,43459896.0,9.00,9.17,8.80,8.80,3215705.0
2011-05-04,52230680.0,8.85,9.16,8.78,9.10,3878121.0
2011-05-03,50073956.0,9.11,9.20,8.77,8.98,3710647.0
2011-04-29,67547728.0,8.97,9.01,8.65,8.75,5071571.0
2011-04-28,114081680.0,8.76,9.77,8.75,9.67,8193594.0
2011-04-27,87635488.0,9.65,9.78,9.47,9.57,6070465.0
2011-04-26,101943392.0,9.61,9.83,9.40,9.76,7102758.0
2011-04-25,113438304.0,9.87,9.97,9.63,9.70,7687163.0
2011-04-22,145136832.0,9.71,10.13,9.70,10.12,9803138.0
2011-04-21,231081328.0,10.14,10.35,9.89,10.08,15233462.0
2011-04-20,329265216.0,10.19,10.47,9.80,10.11,21741172.0
2011-04-19,488976160.0,10.27,10.52,9.38,9.46,32184128.0
2011-04-18,132241664.0,9.56,9.57,9.14,9.26,9434581.0
2011-04-14,141193760.0,9.38,9.46,9.04,9.09,10151216.0
2011-04-13,68378368.0,9.16,9.18,8.98,8.98,5004912.0
2011-04-12,71040128.0,9.05,9.18,9.00,9.05,5209987.0
2011-04-11,122423312.0,9.11,9.40,8.98,9.30,8902570.0
2011-04-08,92126048.0,9.26,9.41,9.13,9.27,6656934.0
2011-04-07,150158624.0,9.35,9.45,8.85,9.00,10862623.0
2011-04-06,121553136.0,9.06,9.18,8.74,8.86,8984559.0
2011-04-01,87297472.0,8.89,8.96,8.68,8.73,6582880.0
2011-03-31,114567808.0,8.74,9.08,8.69,8.91,8663183.0
2011-03-30,179421040.0,8.98,9.30,8.77,9.13,13214559.0
2011-03-29,296636160.0,9.24,9.79,9.12,9.68,20937304.0
2011-03-28,435408096.0,9.84,10.13,9.33,9.53,29955660.0
2011-03-25,521674880.0,9.65,9.91,9.47,9.60,35928440.0
2011-03-24,448692608.0,9.45,9.45,8.48,8.53,32597496.0
2011-03-23,176248736.0,8.59,8.60,8.38,8.50,13825764.0
2011-03-22,248556240.0,8.58,8.64,8.32,8.36,19461438.0
2011-03-21,483610144.0,8.50,8.96,8.47,8.96,37481104.0
2011-03-18,432760800.0,9.41,9.41,8.86,8.86,30721988.0
2011-03-17,269441120.0,8.56,8.63,8.20,8.33,21254604.0
2011-03-16,226368336.0,8.40,8.49,7.83,7.95,18248462.0
2011-03-15,103702704.0,7.99,8.13,7.70,8.13,8748249.0
2011-03-14,167592800.0,8.12,8.14,7.66,7.66,13944751.0
2011-03-11,58580128.0,7.72,7.85,7.66,7.73,5032300.0
2011-03-10,83459920.0,7.78,7.86,7.60,7.67,7163000.0
2011-03-09,42702200.0,7.68,7.75,7.60,7.68,3702531.0
2011-03-08,34477696.0,7.66,7.66,7.53,7.60,3020470.0
2011-03-07,40617864.0,7.64,7.70,7.57,7.66,3547608.0
2011-03-04,25505150.0,7.60,7.62,7.49,7.57,2251449.0
2011-03-03,56044796.0,7.58,7.86,7.54,7.78,4841705.0
2011-03-02,54775692.0,7.74,7.75,7.59,7.65,4749077.0
2011-03-01,41282160.0,7.64,7.68,7.54,7.56,3605345.0
2011-02-28,27521416.0,7.55,7.58,7.39,7.46,2440802.0
2011-02-25,21424996.0,7.46,7.50,7.36,7.44,1920109.0
2011-02-24,27717460.0,7.49,7.51,7.33,7.35,2482514.0
2011-02-23,29949728.0,7.40,7.48,7.31,7.33,2703069.0
2011-02-22,57807616.0,7.33,7.73,7.32,7.66,5127590.0
2011-02-21,55089688.0,7.73,7.75,7.53,7.60,4775513.0
2011-02-18,47788452.0,7.64,7.72,7.56,7.58,4166009.0
2011-02-17,49160240.0,7.63,7.71,7.52,7.71,4316311.0
2011-02-16,72055440.0,7.72,7.73,7.52,7.68,6283977.0
2011-02-15,86467072.0,7.68,7.91,7.61,7.74,7483042.0
2011-02-14,149819920.0,7.79,7.96,7.63,7.73,12869908.0
2011-02-11,201695008.0,7.86,8.18,7.18,7.29,17531152.0
2011-02-10,133890424.0,7.44,7.54,6.96,7.06,12275360.0
2011-02-09,35008364.0,7.03,7.09,6.76,6.82,3350737.0
2011-02-01,25395384.0,6.86,6.87,6.66,6.76,2489697.0
2011-01-31,13045439.0,6.76,6.76,6.59,6.68,1300328.0
2011-01-28,13045687.0,6.67,6.70,6.53,6.54,1313832.0
2011-01-27,11294922.0,6.56,6.58,6.41,6.50,1152704.0
2011-01-26,8935731.0,6.48,6.50,6.38,6.38,922076.0
2011-01-25,10412081.0,6.38,6.53,6.32,6.53,1086521.0
2011-01-24,14502208.0,6.48,6.73,6.46,6.73,1470601.0
2011-01-21,17586676.0,6.73,6.82,6.66,6.79,1743028.0
2011-01-20,22257810.0,6.83,6.88,6.65,6.88,2209189.0
2011-01-19,11813278.0,6.88,6.89,6.76,6.77,1150932.0
2011-01-18,7322459.0,6.77,6.79,6.72,6.73,722036.0
2011-01-17,15306521.0,6.72,7.12,6.70,7.12,1494865.0
2011-01-14,11822638.0,7.10,7.16,7.04,7.14,1110998.0
2011-01-13,13524019.0,7.14,7.24,7.11,7.19,1256508.0
2011-01-12,10282028.0,7.14,7.16,7.06,7.06,963331.0
2011-01-11,16500540.0,7.06,7.20,7.02,7.20,1554399.0
2011-01-10,23931824.0,7.20,7.43,7.13,7.39,2188762.0
2011-01-07,25473706.0,7.40,7.53,7.38,7.47,2275157.0
2011-01-06,21172344.0,7.48,7.63,7.45,7.56,1883580.0
2011-01-05,20269264.0,7.58,7.66,7.48,7.55,1775219.0
2011-01-04,21814768.0,7.58,7.60,7.45,7.53,1927093.0
