date,open,high,close,low,volume,amount
2015-11-27,43.30,43.55,39.85,39.49,22580184.0,937360640.0
2015-11-26,44.75,45.42,43.88,43.59,18962982.0,843006016.0
2015-11-25,44.00,44.68,44.23,43.21,17113448.0,750209280.0
2015-11-24,43.66,44.50,44.17,43.01,13521778.0,590689088.0
2015-11-23,46.00,46.00,44.11,43.50,23601682.0,1055869248.0
2015-11-20,47.80,49.85,46.46,46.12,28337952.0,1349562496.0
2015-11-19,47.60,49.00,47.80,45.62,27531806.0,1285938176.0
2015-11-18,46.70,50.83,48.04,46.01,36179244.0,1758339200.0
2015-11-17,46.80,49.95,47.21,45.23,40442612.0,1936562048.0
2015-11-16,47.00,47.87,46.30,44.41,33077996.0,1521790208.0
2015-11-13,42.15,46.81,46.81,42.00,50260308.0,2303850752.0
2015-11-12,43.70,44.00,42.55,42.22,24160584.0,1035409408.0
2015-11-11,44.00,45.29,44.06,43.31,23070540.0,1022384384.0
2015-11-10,43.61,45.35,44.45,43.56,25201028.0,1120889600.0
2015-11-09,42.92,45.39,44.50,42.55,29425076.0,1296957056.0
2015-11-06,42.95,43.68,43.27,42.15,23431104.0,1007446144.0
2015-11-05,43.01,45.50,43.31,43.00,28691520.0,1260119808.0
2015-11-04,42.01,44.88,43.87,40.80,34315576.0,1478129280.0
2015-11-03,43.00,44.00,41.86,40.60,27538836.0,1156946688.0
2015-11-02,43.98,46.91,43.18,42.90,23770948.0,1058005952.0
2015-10-30,46.50,48.05,45.63,44.50,27811650.0,1280640896.0
2015-10-29,46.90,48.50,47.41,46.01,32960842.0,1571649536.0
2015-10-28,45.48,47.55,45.86,44.30,26313608.0,1203799168.0
2015-10-27,45.20,49.29,46.93,43.03,36863160.0,1736257920.0
2015-10-26,47.00,50.00,46.90,45.48,46331568.0,2164732928.0
2015-10-23,50.20,53.70,50.53,49.38,53129824.0,2751517440.0
2015-10-22,45.45,48.83,48.83,44.80,49118444.0,2313864448.0
2015-10-21,46.00,47.77,44.39,42.71,43788392.0,1986556160.0
2015-10-20,45.48,49.00,46.66,44.08,46895752.0,2163475456.0
2015-10-19,49.00,50.50,46.32,45.21,54622600.0,2627753216.0
2015-10-16,43.96,46.97,46.97,43.00,38241440.0,1718643456.0
2015-10-15,37.95,42.70,42.70,37.88,38369848.0,1576583936.0
2015-10-14,38.00,40.90,38.82,37.79,51752460.0,2039786880.0
2015-10-13,33.00,37.79,37.79,32.82,48990540.0,1761805184.0
2015-10-12,31.90,34.63,34.35,31.60,54241720.0,1819876992.0
2015-10-09,31.10,32.30,31.48,31.02,27464116.0,863506176.0
2015-10-08,31.23,32.97,31.75,30.90,34572796.0,1098094208.0
2015-09-30,31.84,32.50,30.60,30.11,32240978.0,1002785152.0
2015-09-29,31.81,34.38,32.03,31.58,38431596.0,1260075008.0
2015-09-28,33.90,34.39,33.28,30.51,52577316.0,1687443840.0
2015-09-25,31.48,34.54,33.90,31.47,64353216.0,2160885760.0
2015-09-24,31.26,32.77,31.40,30.19,35150016.0,1105142528.0
2015-09-23,32.00,33.08,31.45,31.13,53442300.0,1715277184.0
2015-09-22,30.00,33.32,33.32,29.60,62648676.0,1994694656.0
2015-09-21,28.70,31.00,30.29,28.08,43826636.0,1314692608.0
2015-09-18,29.84,30.40,28.86,27.60,53270624.0,1549514112.0
2015-09-17,32.30,33.80,30.50,30.12,67906512.0,2204509440.0
2015-09-16,28.51,31.12,31.12,27.85,56876472.0,1680908672.0
2015-09-15,29.51,31.67,28.29,28.03,60252792.0,1787100928.0
2015-09-14,34.12,35.14,30.12,29.51,76023936.0,2492687872.0
2015-09-11,28.76,32.15,32.15,28.28,62110172.0,1874603136.0
2015-09-10,27.60,31.00,29.23,27.51,69718488.0,2035219200.0
2015-09-09,28.26,28.26,28.26,27.01,54323084.0,1520702464.0
2015-09-08,24.25,25.69,25.69,22.70,44749456.0,1076920448.0
2015-09-07,22.00,23.35,23.35,21.33,35891556.0,824767872.0
2015-09-02,17.81,21.27,21.23,17.81,45499468.0,944754432.0
2015-09-01,20.18,21.30,19.34,19.06,32728420.0,648905920.0
2015-08-31,21.00,22.41,21.18,20.68,35997052.0,779708608.0
2015-08-28,19.59,20.41,20.41,19.25,12792041.0,257061152.0
2015-08-27,17.45,18.55,18.55,17.45,25799508.0,466968416.0
2015-08-26,16.68,17.79,16.86,16.01,27776100.0,472947744.0
2015-08-25,16.45,18.56,16.44,16.44,20907636.0,355811584.0
2015-08-24,19.01,19.50,18.27,18.27,11367011.0,209915664.0
2015-08-21,21.80,22.43,20.30,20.30,17375622.0,371578368.0
2015-08-20,24.45,24.88,22.56,22.56,19491576.0,463686976.0
2015-08-19,22.30,25.35,25.07,21.08,27421960.0,633892288.0
2015-08-18,25.50,25.89,23.39,23.39,20496280.0,499922400.0
2015-08-17,23.63,26.49,25.99,23.52,22877430.0,569722944.0
2015-08-14,25.29,26.66,24.42,23.70,38149240.0,958428224.0
2015-08-13,22.21,24.48,24.48,22.00,30390654.0,728791552.0
2015-08-12,21.16,23.58,22.25,21.04,25693162.0,574211840.0
2015-08-11,20.50,22.14,21.75,20.35,24089096.0,511000192.0
2015-08-10,18.80,20.45,20.45,18.62,23415324.0,466300992.0
2015-08-07,17.45,18.70,18.59,17.45,16343653.0,297862976.0
2015-08-06,16.58,17.70,17.19,16.42,8939836.0,154029152.0
2015-08-05,17.24,18.16,17.32,16.95,13504446.0,236438352.0
2015-08-04,15.98,17.24,17.24,15.87,13084195.0,220348160.0
2015-08-03,16.68,17.10,15.67,15.44,12160031.0,198007376.0
2015-07-31,17.55,18.10,17.15,16.64,12245180.0,217170976.0
2015-07-30,18.71,19.57,18.29,17.92,16257865.0,313522016.0
2015-07-29,18.48,19.18,19.16,17.20,16430777.0,302098336.0
2015-07-28,16.71,18.70,18.08,16.46,18705448.0,333866976.0
2015-07-27,18.93,20.21,17.55,17.47,21484768.0,419416992.0
2015-07-24,19.57,20.58,19.41,19.00,20056188.0,398262464.0
2015-07-23,18.81,19.90,19.69,18.78,15797935.0,312984704.0
2015-07-22,18.14,19.02,18.81,18.04,16529278.0,313395616.0
2015-07-21,18.34,18.91,18.33,18.06,16606959.0,311970464.0
2015-07-20,17.60,19.03,18.83,17.36,21363148.0,394391584.0
2015-07-17,16.27,17.68,17.68,16.17,19909396.0,348781056.0
2015-07-16,14.00,16.09,16.08,13.85,17507130.0,276222528.0
2015-07-15,16.17,16.17,14.66,14.66,19516608.0,302955968.0
2015-07-14,16.28,16.28,16.28,15.69,22042124.0,361763232.0
2015-07-13,14.81,14.81,14.81,14.37,13073202.0,195460352.0
2015-07-10,12.81,13.46,13.46,12.70,5892550.0,78962456.0
2015-07-09,10.15,12.23,12.23,10.15,13930041.0,161522816.0
2015-07-08,11.12,11.12,11.12,11.12,3060500.0,34522440.0
2015-07-07,13.21,13.21,12.35,12.35,8397225.0,106674992.0
2015-07-06,16.63,16.63,13.72,13.61,14412010.0,216259264.0
2015-07-03,15.97,17.15,15.12,15.12,11206615.0,177417312.0
2015-07-02,18.72,19.03,16.80,16.80,10125558.0,183374704.0
2015-07-01,19.89,21.25,18.66,18.63,10405354.0,215355568.0
2015-06-30,18.78,20.67,20.49,17.39,12246933.0,236040656.0
2015-06-29,22.18,22.20,19.32,19.32,10814280.0,223329728.0
2015-06-26,23.26,23.26,21.47,21.47,8556600.0,191822432.0
2015-06-25,25.73,25.73,23.86,23.46,9609462.0,242143408.0
2015-06-24,25.33,26.02,25.81,24.45,9628011.0,245168432.0
2015-06-23,24.91,25.53,24.56,22.37,8549134.0,206914144.0
2015-06-19,26.62,27.25,24.85,24.85,7512187.0,197831984.0
2015-06-18,29.57,29.57,27.61,27.57,8816850.0,256711440.0
2015-06-17,29.55,29.86,29.64,27.19,13471123.0,394198720.0
2015-06-16,29.57,31.00,29.87,29.08,13197108.0,402714560.0
2015-06-15,30.53,31.01,30.24,28.60,15402673.0,466980928.0
2015-06-12,31.07,31.80,30.52,30.07,21348268.0,670530304.0
2015-06-11,29.03,30.81,30.75,28.70,20635492.0,623750528.0
2015-06-10,29.03,30.55,29.41,28.78,20900970.0,630311552.0
2015-06-09,29.08,29.34,28.72,28.12,11666529.0,340457952.0
2015-06-08,28.48,29.85,29.35,27.51,15577874.0,452271840.0
2015-06-05,30.07,30.35,28.63,28.07,15004583.0,440877344.0
2015-06-04,28.39,29.92,29.37,25.92,17993654.0,523039776.0
2015-06-03,30.13,30.13,28.49,27.97,13096300.0,385377856.0
2015-06-02,28.07,30.26,30.23,27.61,17340800.0,510306208.0
2015-06-01,27.38,28.09,27.94,26.44,10799306.0,297909184.0
2015-05-29,26.12,27.09,25.59,24.54,11842206.0,310915424.0
2015-05-28,28.93,29.03,26.51,26.51,14467109.0,412234880.0
2015-05-27,28.57,29.72,29.45,27.66,17680360.0,518581696.0
2015-05-26,27.65,29.47,28.86,27.21,20292088.0,584954816.0
2015-05-25,28.59,29.77,28.02,27.50,27231218.0,786875328.0
2015-05-22,27.10,27.10,27.10,27.10,4648102.0,127776320.0
2015-05-21,23.32,24.93,24.63,23.17,16682403.0,407906784.0
2015-05-20,23.12,23.82,23.29,22.84,11838660.0,280797088.0
2015-05-19,22.97,24.10,23.23,22.91,11995705.0,285752416.0
2015-05-18,23.17,24.44,23.17,23.02,14203154.0,341705792.0
2015-05-15,23.27,24.74,23.90,22.43,20099796.0,482127200.0
2015-05-14,23.26,23.84,23.31,22.62,16395506.0,386612160.0
2015-05-13,24.25,25.02,24.01,23.48,30033616.0,737843712.0
2015-05-12,22.18,23.48,23.48,22.06,21887580.0,510802944.0
2015-05-11,20.09,21.57,21.34,20.06,11731102.0,249411744.0
2015-05-08,19.70,19.91,19.81,19.38,5508101.0,109909080.0
2015-05-07,19.24,19.72,19.40,18.78,6117594.0,119729168.0
2015-05-06,20.31,20.58,19.49,19.22,5632819.0,114798192.0
2015-05-05,20.80,20.88,20.33,19.86,7118371.0,147944016.0
2015-05-04,21.01,21.05,20.61,20.37,5845725.0,121866064.0
2015-04-30,21.14,21.55,20.96,20.80,7499183.0,161056352.0
2015-04-29,20.50,21.41,21.17,20.50,7292716.0,155796432.0
2015-04-28,21.57,21.57,20.69,20.36,9538864.0,201833760.0
2015-04-27,22.31,22.48,21.60,21.47,10651933.0,236088096.0
2015-04-24,21.59,22.55,22.08,21.43,10221405.0,227560608.0
2015-04-23,22.52,23.26,22.31,22.17,13450699.0,309648896.0
2015-04-22,22.50,22.93,22.57,22.28,12966692.0,295983360.0
2015-04-21,21.69,22.70,22.56,21.25,14764588.0,332407200.0
2015-04-20,20.80,23.03,21.52,20.63,21660246.0,478305408.0
2015-04-17,21.10,21.83,21.28,21.02,14829245.0,322425760.0
2015-04-16,20.90,21.16,20.89,19.92,14434190.0,302568768.0
2015-04-15,21.54,22.04,21.16,20.41,31878540.0,693937600.0
2015-04-14,19.10,21.12,21.12,19.04,29625528.0,623255872.0
2015-04-13,18.41,19.31,19.19,18.14,14303795.0,271993600.0
2015-04-10,18.12,18.46,18.40,18.12,6718943.0,125108000.0
2015-04-09,18.73,18.75,18.06,17.76,9220861.0,169901024.0
2015-04-08,19.30,19.32,18.82,18.53,10192732.0,195192352.0
2015-04-07,18.97,19.29,19.28,18.64,13971563.0,269708416.0
2015-04-03,18.53,19.17,18.92,18.49,11086904.0,211959776.0
2015-04-02,18.14,18.88,18.73,18.14,13068955.0,245791472.0
2015-04-01,17.95,18.29,18.17,17.94,7080055.0,130192288.0
2015-03-31,18.53,18.53,18.01,17.95,8094605.0,149144880.0
2015-03-30,18.22,18.50,18.38,18.07,7386288.0,137042528.0
2015-03-27,18.02,18.26,18.09,18.01,6104765.0,112265592.0
2015-03-26,18.68,18.68,18.03,18.02,10908281.0,202865344.0
2015-03-25,19.21,19.21,18.86,18.67,13696547.0,262168672.0
2015-03-24,18.08,19.35,19.33,17.85,24331532.0,463451712.0
2015-03-23,18.04,18.22,18.07,17.95,8358812.0,153008208.0
2015-03-20,18.22,18.22,18.03,17.89,6697886.0,122390648.0
2015-03-19,18.33,18.33,18.24,17.80,10626965.0,194569872.0
2015-03-18,18.27,18.51,18.38,18.19,10623529.0,197159520.0
2015-03-17,17.82,18.69,18.41,17.69,17949736.0,331592896.0
2015-03-16,17.35,17.84,17.80,17.25,11307136.0,201135840.0
2015-03-13,16.88,17.20,17.15,16.87,5471454.0,94679456.0
2015-03-12,16.62,17.01,16.85,16.58,5592882.0,95471504.0
2015-03-11,17.02,17.15,16.60,16.53,7961103.0,135712224.0
2015-03-10,17.11,17.42,17.04,16.97,6946016.0,121161560.0
2015-03-09,17.20,17.21,17.10,16.83,6385312.0,110495392.0
2015-03-06,16.85,17.71,17.29,16.74,13884930.0,242440736.0
2015-03-05,16.97,17.02,16.83,16.64,6341130.0,107878208.0
2015-03-04,16.45,16.96,16.96,16.36,10237254.0,174086400.0
2015-03-03,16.74,16.74,16.45,16.39,6170162.0,103605920.0
2015-03-02,16.78,16.87,16.84,16.53,6134473.0,103955040.0
2015-02-27,16.49,16.89,16.72,16.49,6030181.0,102144736.0
2015-02-26,16.34,16.53,16.50,16.27,4048952.0,67322888.0
2015-02-25,16.85,16.89,16.41,16.37,5329996.0,89656544.0
2015-02-17,16.34,16.92,16.85,16.27,8145372.0,137892080.0
2015-02-16,16.19,16.33,16.29,16.16,4077727.0,67188392.0
2015-02-13,16.22,16.43,16.20,16.15,5034310.0,83350664.0
2015-02-12,15.97,16.31,16.18,15.95,4514103.0,73757856.0
2015-02-11,16.02,16.15,15.97,15.89,3393787.0,54934756.0
2015-02-10,15.59,16.06,16.05,15.46,4080774.0,65076096.0
2015-02-09,15.58,15.66,15.46,15.29,3344474.0,52558012.0
2015-02-06,15.91,16.07,15.47,15.38,6956360.0,111026960.0
2015-02-05,16.53,16.60,15.93,15.78,11886939.0,193595856.0
2015-02-04,16.75,16.75,16.35,16.27,9005672.0,150916208.0
2015-02-03,17.13,17.21,16.83,16.51,9045976.0,153714624.0
2015-02-02,16.46,17.28,16.92,16.34,5433497.0,93194032.0
2015-01-30,17.35,17.66,16.87,16.75,6975645.0,121115304.0
2015-01-29,17.45,17.69,17.24,17.18,7119637.0,125685056.0
2015-01-28,17.72,18.02,17.73,17.46,10821502.0,195131056.0
2015-01-27,18.50,18.54,17.88,17.41,20545330.0,375365248.0
2015-01-26,16.96,18.42,18.42,16.66,24219806.0,434066432.0
2015-01-23,16.62,17.20,16.75,16.62,16555921.0,283401824.0
2015-01-22,16.00,16.44,16.19,15.95,7296344.0,120088536.0
2015-01-21,15.33,16.12,15.92,15.33,10204413.0,164216192.0
2015-01-20,14.93,15.64,15.38,14.83,7276917.0,112799848.0
2015-01-19,15.53,15.82,14.63,14.37,9114539.0,140283952.0
2015-01-16,15.90,16.10,15.97,15.72,5477988.0,88296064.0
2015-01-15,15.71,16.12,15.95,15.71,4829166.0,77690656.0
2015-01-14,15.75,15.80,15.59,15.47,3705654.0,58673088.0
2015-01-13,15.63,15.77,15.71,15.58,4000533.0,63631564.0
2015-01-12,16.17,16.17,15.63,15.58,7664266.0,123141248.0
2015-01-09,16.74,17.07,16.42,16.40,8349381.0,141698800.0
2015-01-08,17.05,17.53,16.85,16.69,11335855.0,196867472.0
2015-01-07,16.37,17.56,17.17,16.31,15258823.0,263784512.0
2015-01-06,15.93,17.45,16.57,15.79,11857668.0,201134640.0
2015-01-05,16.04,16.25,16.16,15.93,5743673.0,93802408.0
2014-12-31,15.92,16.19,16.02,15.65,5964746.0,96335528.0
2014-12-30,16.11,16.42,15.95,15.82,5071930.0,82340448.0
2014-12-29,16.79,17.12,16.29,15.97,11226458.0,188102416.0
2014-12-26,15.78,16.93,16.81,15.77,13753588.0,228387744.0
2014-12-25,15.58,15.92,15.90,15.50,6183263.0,98417384.0
2014-12-24,15.68,15.77,15.62,15.18,8919111.0,140175776.0
2014-12-23,16.61,17.00,15.44,14.99,12247628.0,200055216.0
2014-12-22,17.36,17.42,16.61,16.38,12923406.0,221495680.0
2014-12-19,17.23,18.61,17.75,17.15,13766272.0,250431552.0
2014-12-18,17.33,17.79,17.43,17.05,9138753.0,162439424.0
2014-12-17,17.46,17.82,17.21,16.91,10593462.0,186986992.0
2014-12-16,17.65,17.84,17.65,17.20,12570136.0,223599856.0
2014-12-15,16.57,17.93,17.91,16.57,19337468.0,339692800.0
2014-12-12,16.64,16.92,16.57,16.40,8236872.0,138535472.0
2014-12-11,16.96,17.39,16.66,16.44,14859102.0,255259648.0
2014-12-10,15.67,16.96,16.90,15.58,17295584.0,287286208.0
2014-12-09,15.83,17.11,15.67,14.96,22071746.0,362744032.0
2014-12-08,15.89,16.72,16.06,15.87,10453843.0,172203328.0
2014-12-05,16.59,16.62,15.86,15.41,14355279.0,233046608.0
2014-12-04,16.27,16.84,16.77,16.07,14901451.0,249217104.0
2014-12-03,16.20,16.44,16.28,16.01,9649903.0,158580352.0
2014-12-02,15.97,16.46,16.19,15.96,9719396.0,160091632.0
2014-12-01,16.42,16.63,16.03,15.89,11178447.0,183417424.0
2014-11-28,16.78,17.40,16.69,16.51,14270730.0,245159104.0
2014-11-27,16.98,17.13,16.96,16.69,12768990.0,218681472.0
2014-11-26,17.45,17.50,17.28,16.53,25592652.0,438139424.0
2014-11-25,15.46,17.02,17.02,15.41,16546594.0,278091136.0
2014-11-24,15.76,15.77,15.48,15.08,16247542.0,253408752.0
2014-11-21,15.37,15.67,15.38,15.29,9789730.0,153144432.0
2014-11-20,15.09,15.94,15.53,14.98,11236453.0,177355136.0
2014-11-19,14.92,15.28,15.03,14.77,8518419.0,130000576.0
2014-11-18,14.89,15.24,15.00,14.67,13053060.0,198197968.0
2014-11-17,15.18,16.10,15.30,14.50,14954688.0,230795520.0
2014-11-14,15.80,16.26,15.08,14.99,16215962.0,256471680.0
2014-11-13,16.07,16.70,15.87,15.67,22925466.0,374662272.0
2014-11-12,14.69,16.15,16.15,14.56,25713282.0,410384160.0
2014-11-11,15.48,15.97,14.68,14.47,22671120.0,351511008.0
2014-11-10,13.88,15.17,15.17,13.60,13945378.0,205962848.0
2014-11-07,13.41,14.70,13.79,13.23,13029624.0,184283968.0
2014-11-06,12.61,13.47,13.41,12.53,10608421.0,141369312.0
2014-11-05,12.58,12.82,12.55,12.43,4454670.0,57093608.0
2014-11-04,12.66,12.90,12.81,12.28,11397747.0,145915312.0
2014-11-03,12.14,13.17,12.70,12.07,14312328.0,182316624.0
2014-10-31,12.13,12.48,12.16,11.83,10200837.0,125699952.0
2014-10-30,12.02,12.67,12.22,11.80,21703256.0,268381456.0
2014-10-29,11.04,12.27,12.07,11.04,28092218.0,340401600.0
2014-10-28,10.35,11.32,11.16,10.31,11634473.0,128603664.0
2014-10-27,10.31,10.51,10.47,10.12,1872374.0,19442920.0
2014-10-24,10.38,10.50,10.32,10.18,2520480.0,26082120.0
2014-10-23,10.64,10.74,10.38,10.22,3340648.0,34954396.0
2014-10-22,10.56,10.70,10.64,10.56,2995023.0,31955732.0
2014-10-21,10.67,10.70,10.56,10.47,1962110.0,20843608.0
2014-10-20,10.63,10.74,10.68,10.59,2117588.0,22640600.0
2014-10-17,10.88,10.92,10.60,10.42,4456526.0,47238332.0
2014-10-16,10.76,10.99,10.87,10.76,4265561.0,46705640.0
2014-10-15,10.76,10.92,10.87,10.70,2655712.0,28830760.0
2014-10-14,10.74,10.92,10.79,10.70,2747147.0,29781946.0
2014-10-13,10.84,10.90,10.78,10.65,3541923.0,38092724.0
2014-10-10,11.09,11.09,10.92,10.85,4846175.0,53320808.0
2014-10-09,11.21,11.23,11.14,11.02,4782924.0,53358400.0
2014-10-08,11.23,11.37,11.28,11.15,4227609.0,47614336.0
2014-09-30,11.14,11.38,11.33,11.08,7883609.0,89053992.0
2014-09-29,10.99,11.14,11.12,10.97,7364833.0,81763088.0
2014-09-26,10.97,11.07,10.82,10.78,4253848.0,46551124.0
2014-09-25,11.13,11.21,10.97,10.94,5112678.0,56514612.0
2014-09-24,11.00,11.22,11.12,10.90,5553448.0,61722180.0
2014-09-23,10.84,11.06,11.00,10.84,4988305.0,54974880.0
2014-09-22,10.96,10.96,10.84,10.72,4390451.0,47681160.0
2014-09-19,11.15,11.22,11.05,10.86,7155342.0,79171848.0
2014-09-18,11.00,11.46,11.20,10.82,9233634.0,102087416.0
2014-09-17,10.93,11.12,10.99,10.55,8126376.0,87901336.0
2014-09-16,11.13,11.47,10.95,10.71,19954004.0,223626272.0
2014-09-15,10.39,11.30,10.93,10.31,20931312.0,225651136.0
2014-09-12,10.09,10.29,10.27,10.09,4575593.0,46693116.0
2014-09-11,10.18,10.29,10.13,10.05,5908237.0,60414360.0
2014-09-10,10.27,10.27,10.21,10.12,5620067.0,57426452.0
2014-09-09,10.28,10.35,10.31,10.17,5702696.0,58730080.0
2014-09-05,10.20,10.65,10.27,10.17,12801192.0,132707992.0
2014-09-04,9.96,10.30,10.22,9.96,11000754.0,112428592.0
2014-09-03,9.92,10.03,9.95,9.87,5499546.0,54885084.0
2014-09-02,9.89,9.96,9.93,9.79,5495814.0,54445480.0
2014-09-01,9.70,9.81,9.78,9.62,3002429.0,29261842.0
2014-08-29,9.60,9.67,9.67,9.50,3272791.0,31427112.0
2014-08-28,9.65,10.00,9.68,9.40,7263777.0,71096488.0
2014-08-27,9.54,9.68,9.65,9.50,2585889.0,24886760.0
2014-08-26,9.80,9.87,9.55,9.51,3661515.0,35463152.0
2014-08-25,9.95,10.02,9.84,9.80,3815911.0,37798076.0
2014-08-22,9.70,9.98,9.96,9.70,8243216.0,81700960.0
2014-08-21,9.77,9.84,9.67,9.57,4471416.0,43455328.0
2014-08-20,9.83,9.86,9.77,9.74,3057810.0,30088016.0
2014-08-19,9.73,9.90,9.88,9.71,6725651.0,66206040.0
2014-08-18,9.69,9.77,9.73,9.63,3636603.0,35345240.0
2014-08-15,9.59,9.79,9.68,9.50,4319998.0,41950508.0
2014-08-14,9.78,9.79,9.60,9.59,5840667.0,56702452.0
2014-08-13,9.55,9.83,9.82,9.50,10570302.0,102574272.0
2014-08-12,9.49,9.56,9.54,9.42,4501275.0,42886788.0
2014-08-11,9.38,9.59,9.52,9.34,6767534.0,64291360.0
2014-08-08,9.37,9.39,9.34,9.29,2598200.0,24320812.0
2014-08-07,9.37,9.42,9.37,9.31,3625860.0,34041232.0
2014-08-06,9.39,9.39,9.37,9.30,2493043.0,23367746.0
2014-08-05,9.29,9.38,9.38,9.25,3858105.0,36114496.0
2014-08-04,9.16,9.28,9.27,9.07,3046547.0,28166248.0
2014-08-01,9.31,9.37,9.14,9.10,4101263.0,38116592.0
2014-07-31,9.21,9.33,9.31,9.20,3143922.0,29262220.0
2014-07-30,9.22,9.32,9.23,9.17,3659967.0,33880236.0
2014-07-29,9.19,9.44,9.28,9.15,6814681.0,63749028.0
2014-07-28,9.11,9.19,9.19,9.03,5637840.0,51594616.0
2014-07-25,8.84,8.97,8.97,8.84,2490679.0,22252220.0
2014-07-24,8.79,8.90,8.89,8.74,2385525.0,21079370.0
2014-07-23,8.95,8.96,8.79,8.78,3160378.0,28059328.0
2014-07-22,8.91,9.00,8.96,8.79,2779594.0,24937880.0
2014-07-21,9.02,9.07,8.92,8.86,2657446.0,23765592.0
2014-07-18,9.22,9.22,9.02,8.97,5407604.0,49110188.0
2014-07-17,9.02,9.31,9.29,8.98,10981445.0,104074480.0
2014-07-16,8.92,8.99,8.89,8.79,2166785.0,19881888.0
2014-07-15,8.96,9.00,8.96,8.89,2101374.0,19389668.0
2014-07-14,8.83,8.95,8.94,8.83,1563553.0,14357800.0
2014-07-11,8.78,8.86,8.83,8.70,1484475.0,13490461.0
2014-07-10,8.75,8.87,8.77,8.69,1531413.0,13844534.0
2014-07-09,8.98,8.99,8.72,8.70,3320445.0,30292348.0
2014-07-08,8.94,9.11,9.00,8.92,3707274.0,34510188.0
2014-07-07,8.89,8.96,8.94,8.82,1778888.0,16309401.0
2014-07-04,8.90,8.97,8.90,8.86,2209759.0,20295660.0
2014-07-03,8.81,8.97,8.93,8.75,3166425.0,28997740.0
2014-07-02,8.84,8.84,8.79,8.72,1942088.0,17560812.0
2014-07-01,8.77,8.82,8.80,8.70,1642861.0,14855473.0
2014-06-30,8.81,8.85,8.73,8.70,1742346.0,15726208.0
2014-06-27,8.64,8.82,8.78,8.60,2345367.0,21075984.0
2014-06-26,8.44,8.67,8.62,8.44,1933027.0,17116424.0
2014-06-25,8.60,8.60,8.45,8.43,1219931.0,10688641.0
2014-06-24,8.62,8.65,8.62,8.55,1094804.0,9720123.0
2014-06-23,8.58,8.64,8.58,8.56,1255396.0,11120298.0
2014-06-20,8.55,8.61,8.55,8.46,1141234.0,10029015.0
2014-06-19,8.54,8.82,8.54,8.44,2290354.0,20458308.0
2014-06-18,8.92,8.97,8.62,8.60,3009346.0,27203156.0
2014-06-17,9.03,9.03,8.93,8.93,1799238.0,16634354.0
2014-06-16,9.14,9.16,9.09,9.00,1609346.0,15051316.0
2014-06-13,9.02,9.13,9.10,8.94,1758104.0,16452304.0
2014-06-12,9.06,9.15,9.06,9.02,1474176.0,13796308.0
2014-06-11,9.04,9.06,9.05,8.99,1219622.0,11356866.0
2014-06-10,8.95,9.04,9.03,8.91,1067863.0,9900510.0
2014-06-09,9.02,9.04,8.92,8.92,1267265.0,11721588.0
2014-06-06,9.06,9.12,9.02,9.00,1102728.0,10298393.0
2014-06-05,9.00,9.06,9.04,8.94,1166530.0,10830592.0
2014-06-04,9.17,9.23,8.99,8.95,1287705.0,12045155.0
2014-06-03,9.23,9.32,9.12,9.08,1877792.0,17794352.0
2014-05-30,9.20,9.27,9.18,9.13,1621035.0,15369643.0
2014-05-29,9.21,9.34,9.26,9.13,3037094.0,29021140.0
2014-05-28,9.21,9.23,9.20,9.06,1507558.0,14235947.0
2014-05-27,9.19,9.23,9.17,9.14,1088526.0,10318682.0
2014-05-26,9.32,9.32,9.19,9.15,1751512.0,16609736.0
2014-05-23,9.08,9.18,9.16,9.02,1153112.0,10819266.0
2014-05-22,9.07,9.31,9.07,9.01,1988400.0,18757592.0
2014-05-21,8.96,9.08,9.07,8.85,964596.0,8928277.0
2014-05-20,9.11,9.13,8.96,8.94,1217312.0,11324183.0
2014-05-19,9.08,9.09,9.04,8.92,1370015.0,12686372.0
2014-05-16,9.07,9.12,9.09,8.95,1354523.0,12632944.0
2014-05-15,9.29,9.33,9.10,9.06,2037802.0,19269052.0
2014-05-14,9.30,9.42,9.32,9.24,2133574.0,20561684.0
2014-05-13,9.29,9.34,9.29,9.22,1505496.0,14397541.0
2014-05-12,9.19,9.32,9.28,9.14,1989234.0,18976080.0
2014-05-09,9.30,9.36,9.07,8.96,1957516.0,18389816.0
2014-05-08,9.19,9.42,9.31,9.11,2411959.0,23195240.0
2014-05-07,9.28,9.46,9.17,9.16,2667524.0,25654632.0
2014-05-06,9.28,9.42,9.37,9.25,2182275.0,21029826.0
2014-05-05,9.25,9.28,9.28,9.11,1412214.0,13389275.0
2014-04-30,9.10,9.28,9.25,9.00,2275170.0,21543260.0
2014-04-29,8.87,9.09,9.07,8.86,1498803.0,13894337.0
2014-04-28,9.06,9.22,8.86,8.83,2372934.0,21908904.0
2014-04-25,9.40,9.48,9.22,9.21,2317988.0,22310536.0
2014-04-24,9.70,9.70,9.39,9.37,4505785.0,44150620.0
2014-04-23,10.08,10.08,9.77,9.69,4233907.0,43376288.0
2014-04-22,9.64,9.86,9.81,9.57,4774449.0,47891520.0
2014-04-21,9.90,10.11,9.55,9.53,6749230.0,68123512.0
2014-04-18,9.99,10.06,10.02,9.90,3691188.0,37986140.0
2014-04-17,9.96,10.15,10.08,9.93,3122398.0,32408794.0
2014-04-16,10.06,10.12,9.97,9.94,3058435.0,31577262.0
2014-04-15,10.37,10.45,10.06,9.98,4728822.0,49808964.0
2014-04-14,10.36,10.53,10.39,10.21,4045143.0,43064932.0
2014-04-11,10.27,10.42,10.31,10.16,4632928.0,49308152.0
2014-04-10,10.07,10.46,10.33,10.07,6210017.0,65972728.0
2014-04-09,10.08,10.18,10.08,9.94,3881493.0,40247024.0
2014-04-08,9.77,9.97,9.93,9.72,3601992.0,36765328.0
2014-04-04,9.60,9.81,9.80,9.52,2862341.0,28710560.0
2014-04-03,9.74,9.84,9.61,9.48,4443850.0,44009776.0
2014-04-02,9.91,10.04,9.74,9.69,3815294.0,38587392.0
2014-04-01,9.85,9.96,9.90,9.69,3027867.0,30774068.0
2014-03-31,10.55,10.65,9.85,9.68,6427606.0,66122464.0
2014-03-28,10.86,11.07,10.66,10.50,9521523.0,106875296.0
2014-03-27,10.52,10.95,10.68,10.52,7746129.0,85929832.0
2014-03-26,10.92,10.95,10.52,10.49,7671972.0,83973248.0
2014-03-25,10.57,11.11,10.86,10.54,12356206.0,139199696.0
2014-03-24,10.35,10.69,10.57,10.20,9776684.0,106325024.0
2014-03-21,9.60,10.31,10.28,9.60,5985669.0,61798592.0
2014-03-20,10.28,10.47,9.90,9.89,7108694.0,74744040.0
2014-03-19,9.76,10.50,10.43,9.67,12977419.0,136441120.0
2014-03-18,9.61,10.01,9.79,9.56,5732231.0,58087996.0
2014-03-17,9.35,9.57,9.56,9.33,2503627.0,24378008.0
2014-03-14,9.38,9.57,9.35,9.21,3025708.0,29452564.0
2014-03-13,9.32,9.49,9.45,9.31,2790332.0,27095350.0
2014-03-12,9.39,9.54,9.36,9.14,2762855.0,26635748.0
2014-03-11,9.26,9.58,9.39,9.25,2747335.0,26744390.0
2014-03-10,9.69,9.80,9.35,9.31,4710841.0,46325760.0
2014-03-07,10.15,10.32,9.93,9.79,5912448.0,61399352.0
2014-03-06,10.02,10.25,10.17,9.95,6282890.0,65554204.0
2014-03-05,10.27,10.34,9.94,9.90,6093993.0,63384648.0
2014-03-04,10.25,10.29,10.15,9.90,9663647.0,100389392.0
2014-03-03,9.32,10.26,10.26,9.31,15303548.0,159368688.0
2014-02-28,9.28,9.40,9.32,9.10,2700574.0,25765244.0
2014-02-27,9.42,9.76,9.28,9.27,4318748.0,42358184.0
2014-02-26,9.35,9.47,9.45,9.08,3806053.0,36473160.0
2014-02-25,9.98,10.10,9.33,9.13,6070130.0,60993232.0
2014-02-24,10.36,10.37,9.99,9.69,7561289.0,77792056.0
2014-02-21,10.67,10.78,10.41,10.37,5628546.0,61140240.0
2014-02-20,10.77,11.11,10.85,10.27,13379048.0,148473136.0
2014-02-19,10.71,10.85,10.81,10.60,6674170.0,73864128.0
2014-02-18,11.00,11.00,10.74,10.57,9404303.0,104103352.0
2014-02-17,10.89,11.25,10.95,10.89,8216621.0,93317816.0
2014-02-14,10.87,11.05,10.90,10.64,8385934.0,93798344.0
2014-02-13,11.01,11.29,10.87,10.72,12696735.0,144167072.0
2014-02-12,10.59,11.42,11.15,10.59,23768620.0,270857248.0
2014-02-11,9.65,10.42,10.42,9.62,16927208.0,176343136.0
2014-02-10,9.33,9.67,9.47,9.30,5608225.0,55121120.0
2014-02-07,9.02,9.32,9.29,9.01,3412467.0,32411828.0
2014-01-30,9.21,9.40,9.25,9.13,2686681.0,25711508.0
2014-01-29,9.35,9.35,9.27,9.11,3224979.0,30641854.0
2014-01-28,9.05,9.47,9.33,8.97,6437914.0,61609928.0
2014-01-27,8.80,9.14,8.98,8.75,4362387.0,40429992.0
2014-01-24,8.89,9.19,8.97,8.84,5019438.0,46663400.0
2014-01-23,8.92,8.98,8.91,8.82,4205061.0,38510640.0
2014-01-22,8.54,9.08,9.00,8.48,7455276.0,67952672.0
2014-01-21,8.21,8.41,8.39,8.21,1380720.0,11922325.0
2014-01-20,8.37,8.48,8.28,8.27,1793766.0,15489772.0
2014-01-17,8.67,8.67,8.38,8.37,2665604.0,23260178.0
2014-01-16,8.63,8.80,8.69,8.54,3113543.0,27882948.0
2014-01-15,8.63,8.67,8.64,8.48,1691186.0,14944666.0
2014-01-14,8.45,8.64,8.63,8.45,1734976.0,15329143.0
2014-01-13,8.47,8.65,8.46,8.42,1536526.0,13503369.0
2014-01-10,8.53,8.63,8.46,8.41,1747151.0,15343172.0
2014-01-09,8.51,8.97,8.59,8.51,2789883.0,25104626.0
2014-01-08,8.82,8.86,8.56,8.51,2690559.0,24034040.0
2014-01-07,8.64,9.06,8.82,8.48,2816069.0,25697536.0
2014-01-06,9.21,9.21,8.66,8.65,3892531.0,35543192.0
2014-01-03,9.60,9.60,9.27,9.23,3404408.0,32792728.0
2014-01-02,9.63,9.68,9.64,9.51,2572603.0,25527688.0
2013-12-31,9.38,9.79,9.73,9.33,4691684.0,46473956.0
2013-12-30,9.48,9.50,9.43,9.31,2403814.0,23420740.0
2013-12-27,9.21,9.43,9.38,9.19,2303998.0,22211578.0
2013-12-26,9.38,9.64,9.32,9.25,3630512.0,35297504.0
2013-12-25,9.25,9.40,9.39,9.17,2477850.0,23817792.0
2013-12-24,9.39,9.56,9.30,9.21,2482906.0,23975272.0
2013-12-23,9.58,9.58,9.39,9.12,2804778.0,27112928.0
2013-12-20,9.45,9.79,9.55,9.45,3121383.0,30922514.0
2013-12-19,9.83,9.94,9.46,9.40,2978911.0,29643404.0
2013-12-18,9.82,9.95,9.78,9.72,1908772.0,19323640.0
2013-12-17,9.90,9.96,9.75,9.69,2813343.0,28411296.0
2013-12-16,10.37,10.49,9.89,9.85,4780567.0,49685156.0
2013-12-13,10.37,10.56,10.40,10.29,3685027.0,39721476.0
2013-12-12,10.52,10.74,10.50,10.46,6132184.0,67015056.0
2013-12-11,10.85,10.85,10.45,10.34,6901243.0,74716496.0
2013-12-10,10.42,11.10,10.85,10.39,13296326.0,148450864.0
2013-12-09,10.25,10.44,10.34,10.25,4282793.0,45703604.0
2013-12-06,10.12,10.35,10.22,10.12,4135355.0,43641368.0
2013-12-05,10.46,10.47,10.24,10.10,12030134.0,127362016.0
2013-12-04,9.50,10.48,10.48,9.45,20219526.0,216083792.0
2013-12-03,9.27,9.60,9.53,9.21,3505060.0,34210720.0
2013-12-02,10.14,10.14,9.32,9.24,6949540.0,69014496.0
2013-11-29,10.27,10.43,10.27,10.21,5110473.0,54302960.0
2013-11-28,10.37,10.56,10.30,10.27,7599423.0,81578296.0
2013-11-27,10.18,10.41,10.27,10.10,6954734.0,73571320.0
2013-11-26,10.12,10.62,10.25,10.03,11139250.0,118631528.0
2013-11-25,9.92,10.18,9.96,9.79,4970653.0,51284384.0
2013-11-22,10.10,10.27,9.93,9.83,5775878.0,59730752.0
2013-11-21,10.03,10.17,10.13,9.92,5876262.0,61035604.0
2013-11-20,10.05,10.14,10.10,9.98,4282703.0,44408416.0
2013-11-19,10.03,10.36,10.07,9.90,7620274.0,79275488.0
2013-11-18,9.87,10.14,10.13,9.76,12662296.0,129443152.0
2013-11-15,9.40,10.35,9.79,9.33,17420924.0,180207968.0
2013-11-14,9.18,9.42,9.41,9.12,3375052.0,32257900.0
2013-11-13,9.42,9.72,9.32,9.31,6212572.0,61045004.0
2013-11-12,9.21,9.48,9.46,9.21,3365781.0,32560512.0
2013-11-11,9.59,9.60,9.27,9.11,5244635.0,50117376.0
2013-11-08,9.50,9.91,9.67,9.48,4911931.0,49264060.0
2013-11-07,9.52,9.80,9.57,9.40,4170715.0,41268372.0
2013-11-06,10.04,10.12,9.69,9.67,4942445.0,50596556.0
2013-11-05,9.87,10.18,10.09,9.74,6174475.0,63888972.0
2013-11-04,9.94,10.10,9.97,9.76,4431095.0,45285372.0
2013-11-01,9.58,10.49,10.06,9.40,8298518.0,84446472.0
2013-10-31,9.97,10.65,10.06,9.88,17631632.0,185793840.0
2013-10-30,9.61,9.76,9.68,9.36,4270116.0,42218304.0
2013-10-29,9.98,10.01,9.69,9.04,6377813.0,62933992.0
2013-10-28,9.61,10.11,9.98,9.60,5478100.0,55888140.0
2013-10-25,10.33,10.37,9.70,9.64,6402901.0,64951908.0
2013-10-24,10.46,10.62,10.41,10.27,7106266.0,76754368.0
2013-10-23,10.43,10.66,10.38,10.00,4926286.0,52508156.0
2013-10-22,10.66,10.69,10.43,10.23,7639695.0,82227824.0
2013-10-21,10.45,10.84,10.74,10.18,9920162.0,108728248.0
2013-10-18,10.23,10.42,10.38,9.84,5546922.0,58312176.0
2013-10-17,10.76,10.91,10.19,10.02,11834548.0,127168688.0
2013-10-16,11.61,11.61,10.67,10.67,12504085.0,141229600.0
2013-10-15,11.71,11.97,11.85,11.25,16938558.0,203087936.0
2013-10-14,12.12,12.31,11.71,11.45,16144481.0,197173968.0
2013-10-11,11.00,12.11,12.11,11.00,22204540.0,268450048.0
2013-10-10,11.15,11.43,11.00,10.90,10341806.0,118935472.0
2013-10-09,10.79,11.34,11.24,10.63,12857034.0,147496096.0
2013-10-08,10.66,10.89,10.83,10.32,8769245.0,96421920.0
2013-09-30,10.66,10.88,10.82,10.47,10907349.0,120602864.0
2013-09-27,10.90,10.91,10.42,10.20,17923216.0,192662368.0
2013-09-26,12.21,12.22,11.33,11.33,16199023.0,193649232.0
2013-09-25,13.19,13.69,12.59,12.44,27818702.0,377251136.0
2013-09-24,12.75,13.83,13.32,12.58,26670188.0,364988288.0
2013-09-23,12.41,13.52,13.08,12.27,30433762.0,406235104.0
2013-09-18,11.53,12.67,12.52,11.45,28326996.0,362048544.0
2013-09-17,12.27,12.27,11.52,11.42,15766571.0,191617136.0
2013-09-16,12.22,12.70,12.39,12.08,14017712.0,179510272.0
2013-09-13,12.80,13.04,12.27,12.11,21097662.0,269972416.0
2013-09-12,12.79,13.42,13.06,12.60,21311608.0,287174560.0
2013-09-11,12.88,13.35,13.06,12.31,27459368.0,362636864.0
2013-09-10,12.51,13.96,12.93,12.23,42552192.0,579594240.0
2013-09-09,13.47,13.47,12.76,12.47,47021656.0,624375680.0
2013-09-06,11.92,13.25,13.25,11.84,38345800.0,505397280.0
2013-09-05,11.92,12.34,12.05,11.60,31681764.0,389381024.0
2013-09-04,11.77,12.99,12.48,11.64,58039672.0,736484928.0
2013-09-03,12.02,12.29,11.86,11.51,49811928.0,612616832.0
2013-09-02,12.66,12.68,12.68,11.69,63985160.0,825244224.0
2013-08-30,11.53,11.53,11.53,11.53,5374643.0,63904504.0
2013-08-29,10.48,10.48,10.48,10.48,2735941.0,29575522.0
2013-08-28,9.53,9.53,9.53,9.53,3070207.0,30180136.0
2013-08-27,8.67,8.67,8.67,8.67,3817606.0,34129400.0
2013-08-26,7.42,7.88,7.88,7.37,10147772.0,80432360.0
2013-08-23,6.84,7.16,7.16,6.84,20054996.0,147486752.0
2013-08-22,6.50,6.62,6.51,6.48,2166482.0,14623279.0
2013-08-21,6.45,6.61,6.57,6.44,3067879.0,20712726.0
2013-08-20,6.59,6.67,6.47,6.41,4000361.0,26963918.0
2013-08-19,6.11,6.57,6.56,6.07,5059035.0,33677536.0
2013-08-16,6.36,6.44,6.18,6.11,2575253.0,16677129.0
2013-08-15,6.25,6.50,6.39,6.23,3472672.0,22949860.0
2013-08-14,6.23,6.46,6.34,6.22,3480659.0,22900056.0
2013-08-13,6.22,6.29,6.23,6.16,1710455.0,10942792.0
2013-08-12,6.11,6.26,6.24,6.07,1894996.0,12092396.0
2013-08-09,6.03,6.16,6.11,6.00,1403536.0,8791363.0
2013-08-08,6.02,6.11,6.02,6.00,682360.0,4255370.0
2013-08-07,6.11,6.14,6.03,6.01,1275951.0,8013877.0
2013-08-06,6.09,6.15,6.13,5.99,1950531.0,12201228.0
2013-08-05,5.96,6.07,6.03,5.91,940491.0,5845925.0
2013-08-02,6.00,6.03,5.97,5.94,690147.0,4263779.0
2013-08-01,5.90,6.02,6.01,5.86,942083.0,5776731.0
2013-07-31,5.89,5.91,5.88,5.84,461289.0,2798378.0
2013-07-30,5.84,5.87,5.85,5.77,424055.0,2551116.0
2013-07-29,5.99,5.99,5.82,5.79,944486.0,5691749.0
2013-07-26,5.94,6.09,6.01,5.91,816063.0,5047634.0
2013-07-25,6.07,6.11,5.95,5.95,769369.0,4783948.0
2013-07-24,6.09,6.09,6.07,5.95,924477.0,5731008.0
2013-07-23,5.97,6.13,6.09,5.94,1019914.0,6377291.0
2013-07-22,5.91,5.99,5.98,5.85,1094186.0,6665384.0
2013-07-19,6.12,6.12,5.96,5.94,989086.0,6163788.0
2013-07-18,6.12,6.26,6.08,6.06,1192185.0,7518630.0
2013-07-17,6.33,6.33,6.17,6.15,1367068.0,8768412.0
2013-07-16,6.34,6.37,6.32,6.25,997869.0,6499292.0
2013-07-15,6.28,6.42,6.31,6.25,1015002.0,6622833.0
2013-07-12,6.49,6.49,6.30,6.26,1506918.0,9924917.0
2013-07-11,6.40,6.54,6.45,6.31,3002372.0,19970552.0
2013-07-10,6.22,6.46,6.39,6.11,1847606.0,12081845.0
2013-07-09,6.16,6.29,6.21,6.13,957516.0,6117583.0
2013-07-08,6.16,6.47,6.20,6.16,2434566.0,15828008.0
2013-07-05,6.26,6.45,6.35,6.14,3013235.0,19437238.0
2013-07-04,6.50,6.57,6.38,6.30,5591846.0,37259832.0
2013-07-03,5.81,6.07,5.98,5.76,1327072.0,8087422.0
2013-07-02,5.75,5.86,5.84,5.72,761673.0,4547827.0
2013-07-01,5.70,5.79,5.79,5.65,535330.0,3157742.0
2013-06-28,5.67,5.78,5.73,5.39,505184.0,2972174.0
2013-06-27,5.74,5.85,5.69,5.67,947145.0,5631721.0
2013-06-26,5.77,5.77,5.73,5.60,983837.0,5781003.0
2013-06-25,5.74,5.92,5.76,5.37,1186474.0,6958446.0
2013-06-24,6.35,6.35,5.82,5.79,1398770.0,8650671.0
2013-06-21,6.12,6.29,6.25,6.07,1000866.0,6684761.0
2013-06-20,6.47,6.53,6.27,6.18,1613009.0,10973217.0
2013-06-19,6.44,6.58,6.53,6.40,2215870.0,15461512.0
2013-06-18,6.39,6.50,6.45,6.35,1293128.0,8894048.0
2013-06-17,6.41,6.45,6.35,6.24,1460117.0,9927982.0
2013-06-14,6.35,6.52,6.41,6.35,942497.0,6485447.0
2013-06-13,6.44,6.49,6.35,6.08,1608838.0,10957057.0
2013-06-07,6.59,6.66,6.46,6.39,1730334.0,12082149.0
2013-06-06,6.68,6.75,6.56,6.52,1907389.0,13536896.0
2013-06-05,6.63,6.87,6.67,6.63,2954891.0,21303676.0
2013-06-04,6.73,6.84,6.66,6.60,3452581.0,24737484.0
2013-06-03,6.95,7.17,6.89,6.84,7767514.0,58213168.0
2013-05-31,6.81,6.85,6.71,6.70,3559058.0,25777120.0
2013-05-30,6.65,6.99,6.83,6.59,6612263.0,48086856.0
2013-05-29,6.54,6.67,6.66,6.52,2677867.0,18916336.0
2013-05-28,6.50,6.57,6.55,6.46,1077561.0,7528468.0
2013-05-27,6.42,6.53,6.53,6.38,1755625.0,12184311.0
2013-05-24,6.31,6.40,6.39,6.29,1001011.0,6812015.0
2013-05-23,6.39,6.45,6.33,6.33,1216610.0,8314209.0
2013-05-22,6.47,6.47,6.43,6.39,985433.0,6786503.0
2013-05-21,6.44,6.44,6.44,6.36,1202499.0,8241946.0
2013-05-20,6.35,6.47,6.42,6.33,1589298.0,10901205.0
2013-05-17,6.33,6.36,6.36,6.27,941777.0,6382378.0
2013-05-16,6.25,6.33,6.32,6.22,1330405.0,8975943.0
2013-05-15,6.17,6.25,6.25,6.17,660544.0,4394453.0
2013-05-14,6.21,6.22,6.19,6.16,643696.0,4264323.0
2013-05-13,6.21,6.23,6.20,6.15,739180.0,4903596.0
2013-05-10,6.16,6.22,6.20,6.12,857955.0,5664169.0
2013-05-09,6.23,6.25,6.17,6.11,758619.0,5025987.0
2013-05-08,6.25,6.25,6.23,6.18,670372.0,4468873.0
2013-05-07,6.21,6.25,6.23,6.13,582595.0,3865285.0
2013-05-06,6.13,6.23,6.20,6.09,798643.0,5266285.0
2013-05-03,6.03,6.13,6.11,6.00,564949.0,3686405.0
2013-05-02,6.07,6.07,5.99,5.94,449562.0,2884653.0
2013-04-26,6.24,6.24,6.05,6.03,959213.0,6294145.0
2013-04-25,6.21,6.22,6.16,6.13,761503.0,5033941.0
2013-04-24,6.16,6.24,6.23,6.12,755802.0,5007092.0
2013-04-23,6.32,6.32,6.14,6.12,830665.0,5522930.0
2013-04-22,6.34,6.36,6.35,6.25,854637.0,5776309.0
2013-04-19,6.20,6.45,6.37,6.19,1737295.0,11826770.0
2013-04-18,6.18,6.24,6.20,6.11,686211.0,4547365.0
2013-04-17,6.18,6.24,6.18,6.11,477513.0,3156669.0
2013-04-16,6.04,6.18,6.18,6.01,544711.0,3571192.0
2013-04-15,6.20,6.24,6.11,6.05,706008.0,4605963.0
2013-04-12,6.25,6.29,6.20,6.19,421106.0,2819535.0
2013-04-11,6.25,6.30,6.25,6.24,378951.0,2547385.0
2013-04-10,6.29,6.30,6.25,6.24,583200.0,3916387.0
2013-04-09,6.21,6.30,6.28,6.21,817283.0,5477967.0
2013-04-08,6.25,6.27,6.23,6.12,1049170.0,6956282.0
2013-04-03,6.46,6.52,6.35,6.32,1307943.0,8973879.0
2013-04-02,6.46,6.59,6.49,6.43,1449699.0,10102884.0
2013-04-01,6.51,6.59,6.46,6.42,1040321.0,7274993.0
2013-03-29,6.52,6.59,6.53,6.48,1188893.0,8328595.0
2013-03-28,6.68,6.68,6.54,6.50,1780213.0,12504722.0
2013-03-27,6.65,6.73,6.72,6.60,2005288.0,14338936.0
2013-03-26,6.75,6.75,6.68,6.56,3467198.0,24631756.0
2013-03-25,6.73,6.92,6.84,6.73,2651257.0,19438104.0
2013-03-22,6.82,6.83,6.80,6.69,3853480.0,27889070.0
2013-03-21,6.93,7.14,6.91,6.86,8602268.0,63827056.0
2013-03-20,6.47,7.09,7.08,6.40,7146253.0,52210744.0
2013-03-19,6.24,6.46,6.45,6.24,1018371.0,6939891.0
2013-03-18,6.25,6.33,6.27,6.25,672415.0,4523811.0
2013-03-15,6.31,6.39,6.27,6.21,944311.0,6384106.0
2013-03-14,6.36,6.38,6.30,6.29,676507.0,4595397.0
2013-03-13,6.36,6.38,6.36,6.28,757212.0,5122360.0
2013-03-12,6.64,6.64,6.36,6.30,1415239.0,9792261.0
2013-03-11,6.53,6.67,6.58,6.53,1227912.0,8671210.0
2013-03-08,6.50,6.65,6.53,6.50,1565596.0,11052227.0
2013-03-07,6.58,6.62,6.50,6.46,1415343.0,9924675.0
2013-03-06,6.38,6.63,6.60,6.35,2580343.0,17980844.0
2013-03-05,6.24,6.39,6.38,6.24,1671571.0,11259729.0
2013-03-04,6.46,6.46,6.24,6.21,1409660.0,9546479.0
2013-03-01,6.49,6.52,6.51,6.41,891860.0,6169973.0
2013-02-28,6.51,6.51,6.49,6.39,1102179.0,7624197.0
2013-02-27,6.35,6.41,6.37,6.31,710781.0,4840254.0
2013-02-26,6.39,6.40,6.35,6.33,1075769.0,7343158.0
2013-02-25,6.39,6.48,6.40,6.31,947799.0,6489425.0
2013-02-22,6.39,6.46,6.39,6.35,1315550.0,9036134.0
2013-02-21,6.56,6.59,6.41,6.38,1484351.0,10311105.0
2013-02-20,6.54,6.63,6.62,6.50,920386.0,6483834.0
2013-02-19,6.66,6.67,6.54,6.53,1394971.0,9841678.0
2013-02-18,6.69,6.70,6.66,6.58,1466668.0,10437176.0
2013-02-08,6.67,6.71,6.68,6.63,1393072.0,9954435.0
2013-02-07,6.75,6.75,6.66,6.60,2034912.0,14522819.0
2013-02-06,6.70,6.85,6.75,6.69,2114287.0,15368327.0
2013-02-05,6.62,6.73,6.70,6.59,1440980.0,10317706.0
2013-02-04,6.68,6.71,6.68,6.59,2252126.0,16081866.0
2013-02-01,6.56,6.66,6.65,6.53,1545777.0,10914450.0
2013-01-31,6.67,6.67,6.60,6.54,1662445.0,11725937.0
2013-01-30,6.62,6.67,6.65,6.54,2237886.0,15872301.0
2013-01-29,6.51,6.66,6.58,6.51,2225152.0,15713749.0
2013-01-28,6.37,6.49,6.49,6.37,1370255.0,9445399.0
2013-01-25,6.40,6.47,6.39,6.36,1051710.0,7207295.0
2013-01-24,6.64,6.69,6.40,6.36,3597149.0,25177736.0
2013-01-23,6.57,6.75,6.67,6.53,3891997.0,27658624.0
2013-01-22,6.45,6.80,6.63,6.44,6918738.0,49267992.0
2013-01-21,6.47,6.48,6.43,6.40,2083136.0,14382412.0
2013-01-18,6.33,6.45,6.44,6.32,2002093.0,13707023.0
2013-01-17,6.36,6.39,6.31,6.27,1057760.0,7152973.0
2013-01-16,6.44,6.44,6.36,6.31,1391214.0,9510706.0
2013-01-15,6.37,6.47,6.45,6.35,2576558.0,17706244.0
2013-01-14,6.17,6.38,6.38,6.17,1404172.0,9496966.0
2013-01-11,6.40,6.42,6.21,6.18,1681291.0,11349891.0
2013-01-10,6.39,6.43,6.38,6.34,1481057.0,10120078.0
2013-01-09,6.41,6.51,6.39,6.32,2091536.0,14384837.0
2013-01-08,6.40,6.48,6.40,6.37,2041351.0,14025132.0
2013-01-07,6.35,6.39,6.39,6.31,1338982.0,9134155.0
2013-01-04,6.37,6.39,6.37,6.28,1439579.0,9772512.0
2012-12-31,6.35,6.38,6.36,6.28,1682531.0,11423880.0
2012-12-28,6.24,6.35,6.34,6.23,2179177.0,14695857.0
2012-12-27,6.52,6.81,6.31,6.28,4474220.0,30942116.0
2012-12-26,6.30,6.37,6.30,6.24,2583447.0,17430000.0
2012-12-25,6.02,6.25,6.24,6.02,2395978.0,15840322.0
2012-12-24,6.04,6.11,6.07,5.97,1345060.0,8721016.0
2012-12-21,6.21,6.25,6.08,6.05,2069678.0,13601776.0
2012-12-20,6.16,6.27,6.23,6.15,1432893.0,9517031.0
2012-12-19,6.19,6.25,6.20,6.15,1441587.0,9574255.0
2012-12-18,6.28,6.33,6.24,6.17,2555778.0,17099966.0
2012-12-17,6.28,6.39,6.26,6.23,4936412.0,33302942.0
2012-12-14,6.16,6.43,6.38,6.08,7611493.0,51536704.0
2012-12-13,5.88,6.28,6.28,5.88,6519145.0,43716904.0
2012-12-12,5.72,5.77,5.71,5.66,309046.0,1888895.0
2012-12-11,5.80,5.83,5.72,5.70,417904.0,2584156.0
2012-12-10,5.73,5.82,5.81,5.66,625787.0,3863515.0
2012-12-07,5.59,5.73,5.73,5.57,525344.0,3199248.0
2012-12-06,5.57,5.64,5.61,5.55,417029.0,2501455.0
2012-12-05,5.42,5.68,5.62,5.42,834500.0,5008860.0
2012-12-04,5.42,5.45,5.44,5.37,604910.0,3498176.0
2012-12-03,5.54,5.54,5.41,5.41,215040.0,1258103.0
2012-11-30,5.48,5.56,5.54,5.45,358500.0,2118398.0
2012-11-29,5.55,5.56,5.48,5.41,350648.0,2058973.0
2012-11-28,5.65,5.65,5.53,5.47,805901.0,4781927.0
2012-11-27,5.85,5.85,5.68,5.68,421551.0,2588481.0
2012-11-26,5.87,5.90,5.86,5.86,172500.0,1085693.0
2012-11-23,5.85,5.92,5.87,5.84,275432.0,1737339.0
2012-11-22,5.91,5.91,5.88,5.83,178200.0,1119010.0
2012-11-21,5.92,5.94,5.94,5.83,511936.0,3224130.0
2012-11-20,5.90,5.97,5.88,5.83,254001.0,1602560.0
2012-11-19,5.80,5.93,5.90,5.78,247800.0,1551950.0
2012-11-16,5.86,5.91,5.82,5.80,376344.0,2353426.0
2012-11-15,5.94,5.97,5.87,5.85,501500.0,3168073.0
2012-11-14,6.00,6.02,5.97,5.91,395202.0,2530374.0
2012-11-13,6.09,6.11,5.99,5.96,482181.0,3098153.0
2012-11-12,6.06,6.12,6.09,6.04,332354.0,2161306.0
2012-11-09,6.06,6.11,6.06,6.05,347571.0,2258006.0
2012-11-08,6.13,6.19,6.06,6.05,559579.0,3666357.0
2012-11-07,6.14,6.25,6.17,6.14,319600.0,2121103.0
2012-11-06,6.25,6.30,6.16,6.12,518333.0,3429230.0
2012-11-05,6.35,6.35,6.26,6.24,564958.0,3793853.0
2012-11-02,6.30,6.33,6.32,6.25,677132.0,4562346.0
2012-11-01,6.19,6.32,6.31,6.18,1002502.0,6731596.0
2012-10-31,6.17,6.19,6.18,6.11,418393.0,2758052.0
2012-10-30,6.07,6.20,6.17,6.07,791123.0,5208457.0
2012-10-29,6.13,6.13,6.05,6.03,679391.0,4410068.0
2012-10-26,6.28,6.34,6.12,6.11,1148573.0,7630357.0
2012-10-25,6.31,6.39,6.29,6.26,1010814.0,6839580.0
2012-10-24,6.30,6.42,6.36,6.25,1128286.0,7649062.0
2012-10-23,6.44,6.49,6.30,6.26,1884691.0,12829841.0
2012-10-22,6.39,6.51,6.44,6.35,2194060.0,15116266.0
2012-10-19,6.65,6.70,6.53,6.39,6850153.0,48057400.0
2012-10-18,6.17,6.60,6.60,6.00,4078778.0,28602290.0
2012-10-17,5.97,6.06,6.00,5.93,476119.0,3059300.0
2012-10-16,5.96,6.04,5.97,5.94,299374.0,1924580.0
2012-10-15,6.02,6.02,5.93,5.89,393758.0,2510133.0
2012-10-12,6.03,6.15,6.02,6.01,458874.0,2982296.0
2012-10-11,6.10,6.13,6.03,6.01,603216.0,3928279.0
2012-10-10,6.10,6.10,6.09,6.03,517591.0,3364291.0
2012-10-09,5.90,6.06,6.05,5.90,524432.0,3388712.0
2012-10-08,6.02,6.03,5.94,5.90,372187.0,2376860.0
2012-09-28,5.84,5.98,5.96,5.84,640032.0,4069936.0
2012-09-27,5.79,5.92,5.86,5.78,513401.0,3214008.0
2012-09-26,5.84,5.88,5.78,5.77,395971.0,2465285.0
2012-09-25,5.89,5.92,5.85,5.83,278727.0,1755117.0
2012-09-24,5.89,5.96,5.91,5.84,581958.0,3670906.0
2012-09-21,5.94,5.99,5.89,5.88,629901.0,3999007.0
2012-09-20,6.16,6.21,5.94,5.93,1348270.0,8711031.0
2012-09-19,6.13,6.21,6.20,6.10,332709.0,2193369.0
2012-09-18,6.25,6.25,6.13,6.09,459700.0,3032187.0
2012-09-17,6.32,6.39,6.20,6.18,457000.0,3077475.0
2012-09-14,6.40,6.42,6.38,6.34,595282.0,4073700.0
2012-09-13,6.41,6.48,6.39,6.35,940640.0,6449995.0
2012-09-12,6.44,6.48,6.48,6.37,959590.0,6612923.0
2012-09-11,6.28,6.47,6.47,6.28,2105768.0,14436877.0
2012-09-10,6.27,6.37,6.36,6.25,1290387.0,8717264.0
2012-09-07,6.13,6.34,6.28,6.12,1772874.0,11881583.0
2012-09-06,6.07,6.11,6.10,6.03,584712.0,3802775.0
2012-09-05,6.11,6.12,6.07,6.04,282099.0,1837487.0
2012-09-04,6.10,6.23,6.07,6.05,721911.0,4753903.0
2012-09-03,5.97,6.13,6.08,5.97,474536.0,3073910.0
2012-08-31,5.97,6.03,6.01,5.96,247200.0,1586396.0
2012-08-30,6.11,6.12,6.00,5.93,596520.0,3847226.0
2012-08-29,6.12,6.16,6.10,6.08,357901.0,2343925.0
2012-08-28,6.09,6.17,6.13,6.08,394776.0,2595574.0
2012-08-27,6.20,6.24,6.14,6.04,589675.0,3851543.0
2012-08-24,6.36,6.36,6.25,6.21,878894.0,5870913.0
2012-08-23,6.30,6.37,6.35,6.26,561463.0,3802244.0
2012-08-22,6.32,6.35,6.31,6.25,445473.0,2996444.0
2012-08-21,6.25,6.35,6.32,6.25,349262.0,2357703.0
2012-08-20,6.20,6.29,6.27,6.20,302961.0,2021903.0
2012-08-17,6.25,6.31,6.24,6.17,347502.0,2324503.0
2012-08-16,6.27,6.32,6.26,6.25,240088.0,1615123.0
2012-08-15,6.36,6.39,6.26,6.25,219586.0,1489285.0
2012-08-14,6.31,6.38,6.36,6.25,303790.0,2049713.0
2012-08-13,6.42,6.44,6.30,6.28,275561.0,1878413.0
2012-08-10,6.47,6.48,6.44,6.43,283686.0,1960413.0
2012-08-09,6.46,6.50,6.47,6.38,582685.0,4019720.0
2012-08-08,6.49,6.49,6.42,6.37,451802.0,3113136.0
2012-08-07,6.46,6.49,6.48,6.36,521164.0,3596066.0
2012-08-06,6.32,6.43,6.42,6.28,357234.0,2436886.0
2012-08-03,6.25,6.32,6.31,6.22,354817.0,2387091.0
2012-08-02,6.30,6.30,6.21,6.19,242914.0,1622964.0
2012-08-01,6.17,6.40,6.29,6.17,255292.0,1722461.0
2012-07-31,6.26,6.26,6.25,6.10,416621.0,2759925.0
2012-07-30,6.42,6.42,6.25,6.23,546292.0,3680086.0
2012-07-27,6.45,6.45,6.41,6.39,171999.0,1182652.0
2012-07-26,6.46,6.49,6.40,6.39,464270.0,3201866.0
2012-07-25,6.57,6.58,6.45,6.44,441344.0,3071050.0
2012-07-24,6.52,6.57,6.56,6.47,398571.0,2787470.0
2012-07-23,6.55,6.68,6.53,6.48,509369.0,3563738.0
2012-07-20,6.72,6.73,6.62,6.57,1064570.0,7575790.0
2012-07-19,6.50,6.91,6.77,6.43,2498818.0,17892268.0
2012-07-18,6.40,6.47,6.43,6.32,489707.0,3350169.0
2012-07-17,6.27,6.44,6.39,6.27,443678.0,3011263.0
2012-07-16,6.60,6.60,6.32,6.25,1018847.0,6945557.0
2012-07-13,6.61,6.66,6.60,6.56,528867.0,3738516.0
2012-07-12,6.58,6.67,6.66,6.53,779519.0,5520676.0
2012-07-11,6.55,6.60,6.59,6.52,288219.0,2024672.0
2012-07-10,6.54,6.61,6.59,6.51,399085.0,2800585.0
2012-07-09,6.69,6.71,6.53,6.53,870560.0,6156152.0
2012-07-06,6.96,6.96,6.76,6.54,1531486.0,10949027.0
2012-07-05,7.05,7.05,6.89,6.88,1141868.0,8803174.0
2012-07-04,7.00,7.09,7.08,7.00,583366.0,4588950.0
2012-07-03,7.05,7.06,7.02,6.97,488150.0,3823673.0
2012-07-02,6.96,7.02,7.01,6.95,626992.0,4884725.0
2012-06-29,6.86,6.94,6.93,6.79,528201.0,4048247.0
2012-06-28,6.90,6.93,6.87,6.82,317105.0,2434715.0
2012-06-27,6.86,6.94,6.86,6.84,338599.0,2600679.0
2012-06-26,6.83,6.92,6.89,6.79,334746.0,2555347.0
2012-06-25,7.01,7.01,6.86,6.85,523945.0,4044761.0
2012-06-21,7.08,7.11,7.04,6.96,477794.0,3754855.0
2012-06-20,7.10,7.15,7.11,7.07,541558.0,4297629.0
2012-06-19,7.11,7.14,7.10,7.07,440846.0,3492476.0
2012-06-18,7.05,7.14,7.11,7.05,546817.0,4340067.0
2012-06-15,7.05,7.08,7.06,6.97,529813.0,4159090.0
2012-06-14,7.05,7.12,7.01,7.00,596086.0,4697299.0
2012-06-13,6.98,7.10,7.08,6.97,520262.0,4091999.0
2012-06-12,7.05,7.05,6.98,6.92,409699.0,3186454.0
2012-06-11,6.96,7.08,7.06,6.96,432994.0,3391103.0
2012-06-08,7.04,7.06,6.99,6.96,647581.0,5055777.0
2012-06-07,7.10,7.10,6.99,6.96,845999.0,6619190.0
2012-06-06,7.01,7.06,7.01,6.97,660658.0,5160828.0
2012-06-05,7.11,7.14,7.01,6.98,677386.0,5319971.0
2012-06-04,7.31,7.32,7.06,7.05,1367500.0,10933681.0
2012-05-31,7.44,7.48,7.40,7.40,927874.0,7702603.0
2012-05-30,7.39,7.49,7.46,7.37,1273924.0,10568313.0
2012-05-29,7.35,7.46,7.42,7.31,1094083.0,9029509.0
2012-05-28,7.08,7.35,7.33,7.08,775408.0,6242885.0
2012-05-25,7.30,7.32,7.19,7.15,748072.0,6029127.0
2012-05-24,7.31,7.37,7.29,7.27,630716.0,5151026.0
2012-05-23,7.31,7.38,7.29,7.26,486939.0,3963040.0
2012-05-22,7.30,7.37,7.37,7.28,729705.0,5969680.0
2012-05-21,7.27,7.31,7.25,7.17,613474.0,4953695.0
2012-05-18,7.41,7.43,7.27,7.23,1186113.0,9676142.0
2012-05-17,7.24,7.47,7.43,7.21,1400948.0,11510635.0
2012-05-16,7.36,7.37,7.22,7.19,948577.0,7699571.0
2012-05-15,7.39,7.43,7.36,7.26,1139940.0,9326665.0
2012-05-14,7.49,7.52,7.42,7.40,893521.0,7435998.0
2012-05-11,7.51,7.54,7.41,7.40,1099700.0,9155108.0
2012-05-10,7.55,7.58,7.52,7.48,1071310.0,9002453.0
2012-05-09,7.64,7.64,7.52,7.47,1263317.0,10598707.0
2012-05-08,7.59,7.69,7.65,7.55,1270454.0,10810587.0
2012-05-07,7.66,7.66,7.60,7.53,1445462.0,12224168.0
2012-05-04,7.70,7.72,7.69,7.53,1558236.0,13267721.0
2012-05-03,7.66,7.73,7.72,7.60,1198373.0,10246298.0
2012-05-02,7.77,7.78,7.66,7.64,1684591.0,14435772.0
2012-04-27,7.75,7.84,7.64,7.62,2140250.0,18362900.0
2012-04-26,7.97,8.02,7.81,7.74,2921747.0,25581448.0
2012-04-25,7.78,8.13,7.99,7.69,5992418.0,53312272.0
2012-04-24,7.53,7.86,7.85,7.34,5011962.0,42748388.0
2012-04-23,7.58,7.87,7.62,7.53,3420032.0,29412668.0
2012-04-20,7.31,7.73,7.61,7.26,4433488.0,37546816.0
2012-04-19,7.42,7.43,7.31,7.30,1058579.0,8685097.0
2012-04-18,7.18,7.41,7.37,7.14,1669924.0,13566577.0
2012-04-17,7.32,7.60,7.19,7.18,2703623.0,22327852.0
2012-04-16,7.30,7.40,7.33,7.23,1358598.0,11087902.0
2012-04-13,7.09,7.38,7.32,7.05,2269922.0,18357948.0
2012-04-12,6.89,7.13,7.10,6.89,1701319.0,13379768.0
2012-04-11,6.90,6.96,6.96,6.81,1266073.0,9753138.0
2012-04-10,6.73,6.92,6.90,6.73,696257.0,5308312.0
2012-04-09,6.86,6.88,6.78,6.75,466495.0,3545685.0
2012-04-06,6.83,6.88,6.88,6.80,827331.0,6318620.0
2012-04-05,6.67,6.85,6.83,6.67,967294.0,7327391.0
2012-03-30,6.69,6.75,6.68,6.65,926542.0,6927195.0
2012-03-29,6.92,6.97,6.69,6.63,1826711.0,13830469.0
2012-03-28,7.35,7.35,6.98,6.91,1619491.0,12816203.0
2012-03-27,7.39,7.47,7.40,7.35,792787.0,6563920.0
2012-03-26,7.49,7.49,7.39,7.34,608600.0,5019187.0
2012-03-23,7.51,7.57,7.50,7.33,1002411.0,8297129.0
2012-03-22,7.61,7.66,7.51,7.47,953628.0,8019225.0
2012-03-21,7.53,7.64,7.64,7.42,1671748.0,14065966.0
2012-03-20,7.62,7.62,7.46,7.46,1088308.0,9130774.0
2012-03-19,7.53,7.71,7.66,7.49,1710321.0,14545264.0
2012-03-16,7.42,7.55,7.54,7.37,1672463.0,13926590.0
2012-03-15,7.48,7.54,7.40,7.30,1292244.0,10721192.0
2012-03-14,7.75,7.93,7.48,7.42,3566393.0,30818962.0
2012-03-13,7.63,7.78,7.74,7.63,2277302.0,19617020.0
2012-03-12,7.66,7.68,7.65,7.58,1422978.0,12130742.0
2012-03-09,7.60,7.65,7.64,7.54,1506581.0,12788440.0
2012-03-08,7.44,7.60,7.58,7.43,1850227.0,15567057.0
2012-03-07,7.49,7.54,7.45,7.42,1185154.0,9886526.0
2012-03-06,7.66,7.66,7.50,7.45,1166766.0,9802808.0
2012-03-05,7.62,7.77,7.67,7.56,1861187.0,15871915.0
2012-03-02,7.53,7.61,7.61,7.50,1142716.0,9636700.0
2012-03-01,7.52,7.58,7.51,7.42,771399.0,6447500.0
2012-02-29,7.53,7.59,7.49,7.48,711962.0,5988871.0
2012-02-28,7.55,7.64,7.57,7.50,1328581.0,11192467.0
2012-02-27,7.57,7.75,7.60,7.57,2108210.0,18039616.0
2012-02-24,7.52,7.60,7.59,7.42,1672246.0,14073908.0
2012-02-23,7.48,7.59,7.49,7.40,1083723.0,9052584.0
2012-02-22,7.48,7.55,7.53,7.42,1236040.0,10327201.0
2012-02-21,7.40,7.45,7.42,7.31,678115.0,5586541.0
2012-02-20,7.43,7.51,7.38,7.35,764105.0,6331879.0
2012-02-17,7.40,7.48,7.34,7.26,803600.0,6586923.0
2012-02-16,7.44,7.57,7.40,7.33,1049554.0,8708958.0
2012-02-15,7.25,7.45,7.42,7.24,1367176.0,11238693.0
2012-02-14,7.33,7.33,7.27,7.24,595647.0,4832679.0
2012-02-13,7.20,7.31,7.30,7.14,860417.0,6949200.0
2012-02-10,7.20,7.32,7.23,7.15,1337553.0,10798994.0
2012-02-09,7.11,7.23,7.21,7.09,1310401.0,10521969.0
2012-02-08,6.97,7.14,7.13,6.92,869175.0,6838124.0
2012-02-07,7.15,7.15,6.99,6.95,557606.0,4365249.0
2012-02-06,7.15,7.20,7.16,7.08,743000.0,5905265.0
2012-02-03,7.04,7.17,7.16,6.99,918297.0,7267255.0
2012-02-02,6.98,7.05,7.04,6.89,543517.0,4246071.0
2012-02-01,6.97,7.03,6.88,6.87,354884.0,2751115.0
2012-01-31,6.92,6.99,6.98,6.90,264840.0,2055705.0
2012-01-30,7.05,7.06,6.99,6.96,484459.0,3790430.0
2012-01-20,7.02,7.07,7.05,6.91,741872.0,5772313.0
2012-01-19,6.88,7.03,6.93,6.82,445951.0,3445356.0
2012-01-18,6.96,7.11,6.84,6.83,1000221.0,7771350.0
2012-01-17,6.72,7.02,6.99,6.70,1242934.0,9585518.0
2012-01-16,6.88,6.89,6.69,6.64,466457.0,3516579.0
2012-01-13,7.20,7.20,6.88,6.81,892579.0,6896836.0
2012-01-12,7.08,7.29,7.17,7.08,357027.0,2864921.0
2012-01-11,7.22,7.26,7.21,7.11,502630.0,4027240.0
2012-01-10,6.90,7.31,7.22,6.90,1125041.0,8981120.0
2012-01-09,6.68,6.99,6.98,6.58,998344.0,7598810.0
2012-01-06,6.72,6.85,6.64,6.50,972997.0,7180866.0
2012-01-05,7.31,7.33,6.82,6.58,828782.0,6511628.0
2012-01-04,7.53,7.62,7.31,7.29,645940.0,5345591.0
2011-12-30,7.48,7.58,7.55,7.45,416125.0,3485778.0
2011-12-29,7.38,7.49,7.45,7.38,227128.0,1888502.0
2011-12-28,7.50,7.50,7.40,7.25,432279.0,3541409.0
2011-12-27,7.67,7.68,7.45,7.44,317059.0,2671186.0
2011-12-26,7.62,7.70,7.66,7.62,259891.0,2222365.0
2011-12-23,7.62,7.68,7.62,7.51,386745.0,3285486.0
2011-12-22,7.81,7.82,7.58,7.44,626358.0,5316794.0
2011-12-21,8.00,8.00,7.89,7.86,421450.0,3731145.0
2011-12-20,8.03,8.05,7.92,7.90,439440.0,3903139.0
2011-12-19,7.99,8.01,7.98,7.80,692139.0,6103967.0
2011-12-16,7.97,8.10,8.07,7.84,442579.0,3945684.0
2011-12-15,8.18,8.28,7.87,7.81,761162.0,6761147.0
2011-12-14,8.17,8.29,8.18,8.16,333120.0,3050158.0
2011-12-13,8.25,8.31,8.17,8.15,840917.0,7696236.0
2011-12-12,8.35,8.48,8.31,8.27,517250.0,4827807.0
2011-12-09,8.38,8.42,8.29,8.26,268190.0,2499566.0
2011-12-08,8.52,8.52,8.38,8.35,793279.0,7454804.0
2011-12-07,8.36,8.47,8.44,8.35,657117.0,6171575.0
2011-12-06,8.57,8.57,8.45,8.34,1421444.0,13353933.0
2011-12-05,8.71,8.78,8.57,8.52,575553.0,5515434.0
2011-12-02,8.78,8.83,8.70,8.55,915816.0,8873774.0
2011-12-01,8.79,8.99,8.77,8.66,2778699.0,27386852.0
2011-11-30,8.87,8.96,8.51,8.44,1792335.0,17354196.0
2011-11-29,8.82,8.94,8.87,8.82,1335192.0,13229639.0
2011-11-28,8.48,8.78,8.76,8.48,1834494.0,17714052.0
2011-11-25,8.45,8.52,8.48,8.37,937889.0,8839404.0
2011-11-24,8.56,8.56,8.45,8.34,1428647.0,13417696.0
2011-11-23,8.63,8.69,8.58,8.54,572035.0,5494979.0
2011-11-22,8.67,8.75,8.63,8.45,680299.0,6526309.0
2011-11-21,8.73,8.78,8.72,8.58,1529059.0,14783894.0
2011-11-18,8.92,9.01,8.71,8.61,3579833.0,35265416.0
2011-11-17,8.78,8.98,8.89,8.76,1820716.0,18022484.0
2011-11-16,8.87,9.02,8.78,8.76,2657589.0,26308612.0
2011-11-15,8.69,9.04,8.91,8.67,4889813.0,48763016.0
2011-11-14,8.60,8.74,8.69,8.52,1946246.0,18754968.0
2011-11-11,8.26,8.64,8.55,8.26,4210648.0,39919440.0
2011-11-10,8.29,8.43,8.25,8.24,1712343.0,15899604.0
2011-11-09,8.26,8.37,8.35,8.23,2093949.0,19389004.0
2011-11-08,8.29,8.36,8.25,8.20,2069490.0,19112224.0
2011-11-07,8.30,8.35,8.28,8.26,1538921.0,14249795.0
2011-11-04,8.26,8.34,8.29,8.21,3495610.0,32286960.0
2011-11-03,8.04,8.32,8.25,8.00,5295999.0,48299708.0
2011-11-02,7.81,8.06,8.00,7.77,2467153.0,21819468.0
2011-11-01,7.96,8.00,7.93,7.83,2147356.0,18975452.0
2011-10-31,8.07,8.10,7.99,7.92,1560960.0,13928122.0
2011-10-28,8.08,8.14,8.11,7.98,3843086.0,34576720.0
2011-10-27,8.16,8.39,8.08,7.97,7839547.0,71343496.0
2011-10-26,7.54,7.66,7.63,7.52,1157986.0,9830987.0
2011-10-25,7.44,7.57,7.57,7.39,771545.0,6441896.0
2011-10-24,7.36,7.42,7.42,7.25,613214.0,5024264.0
2011-10-21,7.35,7.35,7.31,7.27,347799.0,2834640.0
2011-10-20,7.53,7.53,7.31,7.26,1071227.0,8767244.0
2011-10-19,7.54,7.56,7.53,7.48,549562.0,4604653.0
2011-10-18,7.73,7.73,7.51,7.48,696351.0,5891467.0
2011-10-17,7.78,7.81,7.74,7.70,486301.0,4198964.0
2011-10-14,7.81,7.82,7.76,7.71,811636.0,7010105.0
2011-10-13,7.74,7.84,7.80,7.70,957059.0,8296874.0
2011-10-12,7.54,7.75,7.74,7.45,1201833.0,10251577.0
2011-10-11,7.66,7.69,7.55,7.48,591224.0,4998863.0
2011-10-10,7.52,7.55,7.54,7.47,485365.0,4064378.0
2011-09-30,7.57,7.57,7.50,7.42,808874.0,6746186.0
2011-09-29,7.73,7.74,7.53,7.45,758072.0,6410445.0
2011-09-28,7.85,7.86,7.74,7.71,507873.0,4418131.0
2011-09-27,7.80,7.83,7.80,7.74,479665.0,4161538.0
2011-09-26,7.89,7.89,7.75,7.71,663700.0,5778099.0
2011-09-23,7.80,7.86,7.84,7.76,574440.0,5005712.0
2011-09-22,8.01,8.04,7.88,7.83,1112176.0,9875024.0
2011-09-21,7.90,8.07,8.05,7.83,1586348.0,14170629.0
2011-09-20,7.83,7.91,7.89,7.79,399051.0,3491771.0
2011-09-19,8.03,8.03,7.83,7.76,948934.0,8293424.0
2011-09-16,8.09,8.09,8.04,8.01,401564.0,3607633.0
2011-09-15,8.04,8.09,8.05,7.99,822916.0,7376427.0
2011-09-14,7.97,8.03,8.02,7.90,549235.0,4872358.0
2011-09-13,7.96,7.97,7.92,7.86,659317.0,5817272.0
2011-09-09,8.05,8.13,8.03,8.00,858532.0,7722743.0
2011-09-08,8.14,8.15,8.04,8.03,852769.0,7688220.0
2011-09-07,8.00,8.11,8.09,7.89,1430839.0,12802427.0
2011-09-06,7.91,8.00,7.99,7.82,1401182.0,12404617.0
2011-09-05,8.48,8.59,7.99,7.96,3855166.0,35255880.0
2011-09-02,8.60,8.64,8.53,8.52,1402546.0,13409231.0
2011-09-01,8.65,8.78,8.66,8.51,2786474.0,26794118.0
2011-08-31,8.28,8.74,8.66,8.18,4085480.0,38783052.0
2011-08-30,8.32,8.49,8.35,8.29,1585459.0,14871622.0
2011-08-29,8.38,8.38,8.29,8.22,824131.0,7610089.0
2011-08-26,8.38,8.44,8.39,8.35,698499.0,6530284.0
2011-08-25,8.25,8.40,8.38,8.19,1173837.0,10899220.0
2011-08-24,8.26,8.29,8.26,8.16,1273023.0,11685559.0
2011-08-23,8.10,8.25,8.24,8.07,1201250.0,10921748.0
2011-08-22,8.08,8.17,8.07,8.02,717149.0,6467664.0
2011-08-19,8.01,8.12,8.08,7.98,1177645.0,10580481.0
2011-08-18,8.44,8.44,8.21,8.20,782549.0,7257137.0
2011-08-17,8.48,8.48,8.45,8.35,1092448.0,10254575.0
2011-08-16,8.56,8.59,8.46,8.44,1164976.0,11059973.0
2011-08-15,8.53,8.56,8.55,8.42,1530239.0,14504707.0
2011-08-12,8.57,8.61,8.52,8.50,2022222.0,19272264.0
2011-08-11,8.26,8.58,8.55,8.26,2895847.0,27115710.0
2011-08-10,8.66,8.94,8.63,8.57,5404693.0,52751756.0
2011-08-09,8.23,8.68,8.65,7.95,4294239.0,40437672.0
2011-08-08,8.43,8.51,8.36,7.91,2123803.0,19488068.0
2011-08-05,8.35,8.55,8.52,8.26,1320076.0,12468935.0
2011-08-04,8.52,8.60,8.58,8.52,946458.0,9040763.0
2011-08-03,8.46,8.55,8.51,8.41,723873.0,6861273.0
2011-08-02,8.52,8.52,8.50,8.34,730438.0,6849935.0
2011-08-01,8.50,8.58,8.55,8.48,842812.0,8018391.0
2011-07-29,8.62,8.63,8.50,8.42,1220504.0,11569056.0
2011-07-28,8.69,8.69,8.59,8.54,900243.0,8623424.0
2011-07-27,8.64,8.72,8.71,8.58,760673.0,7353526.0
2011-07-26,8.57,8.65,8.64,8.55,764800.0,7342914.0
2011-07-25,8.96,8.96,8.57,8.54,1363421.0,13267696.0
2011-07-22,9.02,9.04,8.93,8.91,986598.0,9880054.0
2011-07-21,9.09,9.09,8.95,8.93,1334502.0,13363211.0
2011-07-20,9.13,9.18,9.08,9.01,1100830.0,11164485.0
2011-07-19,9.17,9.25,9.07,9.06,1294050.0,13169065.0
2011-07-18,9.22,9.27,9.21,9.20,1384073.0,14245847.0
2011-07-15,9.20,9.22,9.21,9.13,1327852.0,13605357.0
2011-07-14,9.13,9.21,9.20,9.10,1346446.0,13724800.0
2011-07-13,9.13,9.13,9.11,9.04,1523963.0,15464610.0
2011-07-12,9.19,9.19,9.05,9.02,1463753.0,14793181.0
2011-07-11,9.10,9.20,9.19,9.08,1304125.0,13268825.0
2011-07-08,9.17,9.22,9.21,9.12,2568307.0,27069300.0
2011-07-07,9.07,9.14,9.14,9.01,1747894.0,18230416.0
2011-07-06,9.10,9.10,9.07,9.01,1212746.0,12593197.0
2011-07-05,9.04,9.12,9.10,9.04,1719277.0,17925866.0
2011-07-04,8.84,9.00,8.99,8.84,1894685.0,19445156.0
2011-07-01,8.87,8.89,8.82,8.80,1516744.0,15408531.0
2011-06-30,8.76,8.87,8.84,8.74,1522336.0,15419209.0
2011-06-29,8.80,8.83,8.74,8.69,1135560.0,11414356.0
2011-06-28,8.87,8.87,8.79,8.73,924342.0,9317510.0
2011-06-27,8.80,8.91,8.84,8.78,1319072.0,13376209.0
2011-06-24,8.56,8.80,8.79,8.52,2166651.0,21694220.0
2011-06-23,8.48,8.63,8.60,8.40,1065908.0,10424109.0
2011-06-22,8.54,8.57,8.48,8.45,614900.0,5996700.0
2011-06-21,8.45,8.49,8.48,8.39,996699.0,9660752.0
2011-06-20,8.60,8.60,8.41,8.38,661499.0,6420783.0
2011-06-17,8.68,8.74,8.52,8.47,948800.0,9421002.0
2011-06-16,8.84,8.84,8.67,8.65,1572242.0,15726496.0
2011-06-15,8.99,9.06,8.90,8.85,1087104.0,11169969.0
2011-06-14,8.86,9.05,8.99,8.83,1288569.0,13266784.0
2011-06-13,8.88,8.88,8.85,8.76,884578.0,8951167.0
2011-06-10,8.94,9.05,8.90,8.73,1965037.0,19941234.0
2011-06-09,9.07,9.45,9.00,8.98,3989203.0,42177208.0
2011-06-08,8.91,8.94,8.93,8.81,1148946.0,11714990.0
2011-06-07,8.85,8.92,8.91,8.83,1092244.0,11129692.0
2011-06-03,8.78,8.88,8.86,8.78,972509.0,9872950.0
2011-06-02,8.92,8.95,8.77,8.67,1493790.0,15055838.0
2011-06-01,8.94,9.01,9.00,8.92,856495.0,8819338.0
2011-05-31,8.88,8.95,8.94,8.78,691762.0,7023231.0
2011-05-30,9.06,9.06,8.74,8.72,2076719.0,21131912.0
2011-05-26,9.74,9.75,9.26,9.23,3017201.0,33274832.0
2011-05-25,9.74,9.86,9.72,9.57,4391452.0,48953608.0
2011-05-24,9.63,9.94,9.75,9.49,4949578.0,54893604.0
2011-05-23,9.86,9.88,9.65,9.50,2818331.0,31197216.0
2011-05-20,9.84,9.94,9.88,9.77,3544544.0,40249156.0
2011-05-19,9.70,9.88,9.84,9.67,3584477.0,40320180.0
2011-05-18,9.64,9.69,9.68,9.57,1026799.0,11358903.0
2011-05-17,9.57,9.63,9.58,9.43,1127771.0,12350008.0
2011-05-16,9.67,9.70,9.55,9.48,1513301.0,16669924.0
2011-05-13,9.55,9.75,9.64,9.54,1687684.0,18588872.0
2011-05-12,9.75,9.75,9.51,9.48,2350853.0,26014960.0
2011-05-11,9.87,9.91,9.79,9.71,2719667.0,30488150.0
2011-05-10,10.02,10.02,9.86,9.77,1885450.0,21330094.0
2011-05-09,10.00,10.07,9.98,9.94,882211.0,10119383.0
2011-05-06,9.80,10.06,9.99,9.71,1860134.0,21222004.0
2011-05-05,9.75,9.84,9.80,9.67,851602.0,9541974.0
2011-05-04,9.97,10.00,9.70,9.68,1097080.0,12401505.0
2011-05-03,9.91,10.00,10.00,9.84,1003999.0,11447738.0
2011-04-29,9.88,9.90,9.89,9.73,873487.0,9859801.0
2011-04-28,10.01,10.03,9.75,9.73,1628282.0,18479460.0
2011-04-27,10.10,10.14,9.97,9.86,1674479.0,19241888.0
2011-04-26,10.23,10.28,10.02,9.95,2256943.0,26079442.0
2011-04-25,10.59,10.60,10.23,10.22,2852451.0,33804988.0
2011-04-22,10.80,10.93,10.59,10.58,3763435.0,46122416.0
2011-04-21,10.89,10.93,10.87,10.76,3350824.0,41746540.0
2011-04-20,10.80,10.96,10.84,10.74,3550259.0,44186688.0
2011-04-19,10.97,11.01,10.80,10.65,5344338.0,66307976.0
2011-04-18,11.02,11.15,11.07,10.89,7348558.0,92914968.0
2011-04-15,10.69,11.00,10.99,10.63,6451498.0,80208552.0
2011-04-14,10.84,10.93,10.71,10.69,5827817.0,72178304.0
2011-04-13,10.36,11.04,10.95,10.36,12814962.0,158549952.0
2011-04-12,10.27,10.55,10.43,10.22,3863792.0,46384664.0
2011-04-11,10.54,10.55,10.30,10.26,3109151.0,36984380.0
2011-04-08,10.58,10.59,10.46,10.41,3569535.0,42922140.0
2011-04-07,10.28,10.55,10.52,10.23,5249364.0,62934712.0
2011-04-06,10.23,10.29,10.23,10.10,2111390.0,24733436.0
2011-04-01,10.12,10.33,10.22,9.98,3486790.0,40486708.0
2011-03-31,10.52,10.72,10.35,10.31,7914033.0,95914456.0
2011-03-30,10.40,10.45,10.36,10.28,2720243.0,32386766.0
2011-03-29,10.45,10.54,10.45,10.13,3982701.0,47280320.0
2011-03-28,10.55,10.55,10.38,10.32,3359518.0,40174512.0
2011-03-25,10.03,10.69,10.47,10.00,5359723.0,62997228.0
2011-03-24,10.11,10.15,10.05,10.02,1221858.0,14140135.0
2011-03-23,9.97,10.12,10.11,9.88,1879744.0,21621146.0
2011-03-22,10.09,10.10,9.96,9.85,1067202.0,12206674.0
2011-03-21,9.94,10.07,10.02,9.91,1239212.0,14238235.0
2011-03-18,9.93,9.97,9.94,9.84,1402470.0,15960846.0
2011-03-17,9.98,10.01,9.85,9.82,1959589.0,22297986.0
2011-03-16,10.00,10.10,10.08,9.95,1582512.0,18208266.0
2011-03-15,10.27,10.28,9.95,9.88,2602619.0,29864288.0
2011-03-14,10.09,10.32,10.27,10.09,1842312.0,21530836.0
2011-03-11,10.38,10.45,10.18,10.17,3425991.0,40538900.0
2011-03-10,10.50,10.63,10.46,10.45,3732882.0,45091480.0
2011-03-09,10.54,10.60,10.45,10.39,3309533.0,39760584.0
2011-03-08,10.48,10.56,10.51,10.38,3522287.0,42398328.0
2011-03-07,10.33,10.53,10.49,10.33,4698788.0,56099968.0
2011-03-04,10.17,10.32,10.31,10.13,1788953.0,20996400.0
2011-03-03,10.43,10.43,10.16,10.15,2338621.0,27633050.0
2011-03-02,10.16,10.44,10.43,10.12,3899089.0,46068060.0
2011-03-01,10.31,10.31,10.18,10.13,2442182.0,28642200.0
2011-02-28,10.10,10.27,10.22,10.07,2102371.0,24626860.0
2011-02-25,10.02,10.24,10.11,9.95,2167853.0,25228172.0
2011-02-24,10.02,10.09,10.02,9.91,1768090.0,20316808.0
2011-02-23,9.84,10.19,10.01,9.84,1644640.0,18920436.0
2011-02-22,10.36,10.43,9.91,9.88,3568504.0,41466960.0
2011-02-21,10.21,10.40,10.36,10.17,2515244.0,29805432.0
2011-02-18,10.49,10.55,10.33,10.25,3860113.0,45969280.0
2011-02-17,10.34,10.63,10.61,10.24,7407468.0,88755224.0
2011-02-16,10.13,10.25,10.24,10.02,3494484.0,40710164.0
2011-02-15,10.15,10.31,10.15,10.11,3237753.0,37899400.0
2011-02-14,10.15,10.23,10.15,10.06,4471620.0,52190408.0
2011-02-11,10.15,10.40,10.15,10.11,4419902.0,51700088.0
2011-02-10,10.32,10.48,10.24,10.07,9336634.0,109029096.0
2011-02-09,9.77,10.78,10.46,9.71,9370477.0,110696960.0
2011-02-01,9.32,9.88,9.86,9.32,3540025.0,39403240.0
2011-01-31,9.17,9.45,9.44,9.14,2503312.0,26796796.0
2011-01-28,9.20,9.23,9.18,9.07,1179594.0,12400065.0
2011-01-27,9.09,9.21,9.20,9.00,1878729.0,19673354.0
2011-01-26,9.14,9.14,9.14,8.97,1334523.0,13907418.0
2011-01-25,8.95,9.39,9.15,8.91,2716941.0,28444940.0
2011-01-24,8.87,9.01,8.98,8.80,1495434.0,15313667.0
2011-01-21,8.78,8.97,8.87,8.72,1160044.0,11805806.0
2011-01-20,9.05,9.23,8.78,8.78,1447850.0,15057571.0
2011-01-19,8.91,9.04,9.04,8.87,962713.0,9935463.0
2011-01-18,8.93,8.97,8.91,8.80,1049802.0,10691352.0
2011-01-17,9.32,9.41,8.93,8.91,1396768.0,14605710.0
2011-01-14,9.61,9.61,9.42,9.38,1328851.0,14404822.0
2011-01-13,9.79,9.79,9.61,9.61,954721.0,10591919.0
2011-01-12,9.68,9.72,9.68,9.54,806487.0,8916306.0
2011-01-11,9.60,9.66,9.64,9.46,934223.0,10234144.0
2011-01-10,9.95,10.02,9.66,9.59,1355455.0,15277236.0
2011-01-07,9.92,10.08,9.96,9.87,1584355.0,18146840.0
2011-01-06,9.84,10.02,9.91,9.84,1127975.0,12841853.0
2011-01-05,9.95,10.02,9.92,9.84,1257098.0,14327006.0
2011-01-04,9.84,9.97,9.90,9.78,1118608.0,12681187.0
