date,open,high,close,low,volume,amount
2015-11-27,11.00,11.03,10.14,10.08,12884397.0,136851744.0
2015-11-26,10.98,11.49,11.07,10.96,18034308.0,201669808.0
2015-11-25,10.78,10.90,10.86,10.70,8032457.0,86658648.0
2015-11-24,10.97,11.03,10.83,10.63,8841532.0,95323056.0
2015-11-23,10.92,11.16,10.97,10.92,9990998.0,110178920.0
2015-11-20,10.95,11.11,10.98,10.87,10700229.0,117460688.0
2015-11-19,10.74,10.96,10.94,10.68,7281548.0,78499096.0
2015-11-18,10.82,11.14,10.74,10.71,11838678.0,129391472.0
2015-11-17,11.25,11.26,10.80,10.77,14673042.0,161864112.0
2015-11-16,10.58,11.15,11.09,10.55,12005003.0,130994496.0
2015-11-13,10.60,10.93,10.82,10.51,12225195.0,131678848.0
2015-11-12,11.07,11.07,10.79,10.68,15633079.0,169304224.0
2015-11-11,11.00,11.11,11.04,10.83,14426928.0,158545680.0
2015-11-10,11.11,11.29,10.92,10.81,19811552.0,218429568.0
2015-11-09,11.23,11.30,11.10,10.93,20579038.0,228134464.0
2015-11-06,11.00,11.55,11.27,11.00,20844200.0,235446288.0
2015-11-05,11.47,11.75,11.23,11.03,33991296.0,385141632.0
2015-11-04,10.60,11.40,11.37,10.60,30413320.0,337181440.0
2015-11-03,10.08,10.53,10.41,10.06,17816228.0,183809408.0
2015-11-02,9.98,10.30,10.04,9.94,14165681.0,142934896.0
2015-10-30,10.41,10.56,10.26,10.15,17629520.0,182843536.0
2015-10-29,10.70,10.80,10.55,10.40,22961736.0,243159968.0
2015-10-28,10.50,11.30,10.59,10.31,34948704.0,379588576.0
2015-10-27,10.77,11.50,10.79,9.98,54654512.0,586114880.0
2015-10-26,9.96,10.59,10.59,9.90,28335796.0,294098496.0
2015-10-23,9.15,9.82,9.63,9.10,30559590.0,293368000.0
2015-10-22,8.66,8.97,8.93,8.62,13026701.0,114292128.0
2015-10-21,9.39,9.45,8.60,8.58,20706500.0,187130368.0
2015-10-20,9.18,9.38,9.34,9.15,14758815.0,137029232.0
2015-10-19,9.36,9.46,9.21,9.11,15448154.0,143660992.0
2015-10-16,9.34,9.54,9.42,9.10,22845884.0,212751872.0
2015-10-15,8.86,9.49,9.35,8.80,18534844.0,168891216.0
2015-10-14,8.92,9.20,8.86,8.85,11641050.0,104776776.0
2015-10-13,8.84,9.20,9.15,8.70,17252524.0,154510784.0
2015-10-12,8.65,9.05,8.95,8.59,17047000.0,151058896.0
2015-10-09,8.48,8.61,8.56,8.41,10250590.0,87175480.0
2015-10-08,8.40,8.53,8.49,8.34,12846401.0,108574536.0
2015-09-30,8.22,8.30,8.16,8.11,7696248.0,63105260.0
2015-09-29,8.29,8.32,8.16,8.03,9674171.0,79192672.0
2015-09-28,8.31,8.46,8.44,8.11,11664440.0,97309568.0
2015-09-25,8.72,8.90,8.28,8.17,25850212.0,220696144.0
2015-09-24,9.28,9.64,9.00,8.95,50070492.0,464117280.0
2015-09-23,8.80,9.08,9.08,8.63,33173428.0,299207072.0
2015-09-22,8.27,8.34,8.25,8.08,11832313.0,97347832.0
2015-09-21,7.81,8.28,8.25,7.77,12399567.0,100243552.0
2015-09-18,7.83,7.96,7.88,7.72,8202987.0,64223720.0
2015-09-17,7.76,8.14,7.75,7.68,14044524.0,111568528.0
2015-09-16,7.38,7.99,7.89,7.29,11629393.0,88599632.0
2015-09-15,7.50,7.71,7.26,7.20,10561977.0,78923248.0
2015-09-14,8.36,8.69,7.73,7.50,19829622.0,164058128.0
2015-09-11,8.04,8.23,8.21,7.99,9106616.0,73844920.0
2015-09-10,8.09,8.18,8.00,7.98,8583776.0,69391120.0
2015-09-09,8.04,8.39,8.22,8.02,14796967.0,121062384.0
2015-09-08,7.52,8.15,8.01,7.45,10661655.0,82484480.0
2015-09-07,7.42,7.78,7.52,7.32,9059473.0,68716664.0
2015-09-02,7.10,7.72,7.26,7.02,9466373.0,69866312.0
2015-09-01,7.90,7.95,7.44,7.40,11757152.0,89909928.0
2015-08-31,8.37,8.37,8.00,7.97,14968286.0,121831080.0
2015-08-28,7.97,8.50,8.48,7.86,20131168.0,164469072.0
2015-08-27,7.60,7.88,7.87,7.34,14443841.0,110034848.0
2015-08-26,7.63,7.97,7.34,7.00,20455088.0,155546384.0
2015-08-25,7.65,7.97,7.49,7.49,13648692.0,104659592.0
2015-08-24,8.80,9.00,8.32,8.32,16095910.0,136178336.0
2015-08-21,9.72,9.91,9.24,9.14,16527797.0,157776448.0
2015-08-20,10.40,10.58,9.98,9.94,16963420.0,174345616.0
2015-08-19,10.15,10.94,10.66,9.57,26258204.0,269486528.0
2015-08-18,11.80,12.05,10.54,10.54,43612272.0,488540064.0
2015-08-17,11.69,11.86,11.71,11.30,52618920.0,607271680.0
2015-08-14,11.24,11.78,11.78,11.01,56969980.0,660915712.0
2015-08-13,9.97,10.95,10.71,9.88,30695008.0,321875648.0
2015-08-12,9.78,10.18,9.96,9.67,21328756.0,211553312.0
2015-08-11,9.64,10.28,9.95,9.52,24690392.0,246886480.0
2015-08-10,9.26,9.72,9.65,9.20,16306396.0,154960624.0
2015-08-07,9.00,9.24,9.21,9.00,10665398.0,97656736.0
2015-08-06,8.89,9.08,8.95,8.81,7135513.0,63979960.0
2015-08-05,9.10,9.32,9.07,8.93,14660989.0,133929752.0
2015-08-04,8.65,9.18,9.15,8.65,13379157.0,119735480.0
2015-08-03,9.03,9.09,8.71,8.24,12008285.0,104835992.0
2015-07-31,8.88,9.24,8.90,8.74,10718479.0,95742416.0
2015-07-30,9.06,9.59,8.99,8.91,15129168.0,140140176.0
2015-07-29,8.98,9.16,9.14,8.37,11858439.0,104252368.0
2015-07-28,8.21,9.12,8.69,8.10,16856196.0,144860032.0
2015-07-27,9.50,9.97,8.77,8.77,16277114.0,153007040.0
2015-07-24,10.08,10.17,9.74,9.66,18205750.0,181520960.0
2015-07-23,9.65,10.10,10.08,9.58,20553888.0,202779104.0
2015-07-22,9.40,9.74,9.69,9.38,16759654.0,160521296.0
2015-07-21,9.27,9.62,9.44,9.10,13146118.0,123532696.0
2015-07-20,9.36,9.66,9.40,9.21,16162260.0,152359568.0
2015-07-17,8.93,9.48,9.43,8.83,13964320.0,128416304.0
2015-07-16,8.42,9.25,8.82,8.10,14911370.0,129832120.0
2015-07-15,9.33,9.55,8.72,8.72,19392068.0,175532064.0
2015-07-14,9.90,10.40,9.69,9.52,30523472.0,302248128.0
2015-07-13,9.13,9.92,9.92,9.13,29583552.0,284355392.0
2015-07-10,8.35,9.02,9.02,8.33,21300580.0,189133216.0
2015-07-09,6.72,8.21,8.21,6.72,27999006.0,212405376.0
2015-07-08,7.47,7.47,7.47,7.47,1245000.0,9462000.0
2015-07-07,8.67,8.99,8.29,8.29,9928735.0,85705144.0
2015-07-06,11.22,11.22,9.22,9.18,20991874.0,212716320.0
2015-07-03,10.32,11.52,10.20,10.20,16551966.0,176816096.0
2015-07-02,12.24,12.30,11.33,11.00,16599116.0,196609632.0
2015-07-01,12.06,12.63,12.04,11.80,19172468.0,239578560.0
2015-06-30,11.20,12.18,12.12,10.59,17298772.0,201546128.0
2015-06-29,12.18,12.21,11.30,10.75,19971572.0,234863904.0
2015-06-26,12.85,12.97,11.82,11.82,16245553.0,203451840.0
2015-06-25,13.60,13.69,13.14,12.89,15180604.0,206968304.0
2015-06-24,13.11,13.74,13.70,12.87,19212724.0,258668032.0
2015-06-23,12.48,12.97,12.95,11.57,16665440.0,210810736.0
2015-06-19,13.33,13.65,12.42,12.38,15594548.0,206680032.0
2015-06-18,14.10,14.52,13.71,13.67,15344947.0,220942080.0
2015-06-17,14.22,14.35,14.13,13.27,20227876.0,284232736.0
2015-06-16,14.72,15.08,14.22,14.04,22007864.0,325906816.0
2015-06-15,14.64,15.41,14.88,14.54,27888714.0,424447488.0
2015-06-12,14.88,14.94,14.67,14.34,31867350.0,472516320.0
2015-06-11,14.25,15.06,14.90,14.15,24125600.0,361962336.0
2015-06-10,13.71,14.43,14.33,13.65,21536078.0,309573760.0
2015-06-09,14.00,14.04,13.89,13.63,17466454.0,245588768.0
2015-06-08,13.90,14.12,14.01,13.60,24532832.0,345618400.0
2015-06-05,13.56,14.15,14.12,13.27,37831304.0,526119360.0
2015-06-04,13.06,13.40,13.27,12.28,25417080.0,335216032.0
2015-06-03,12.99,13.22,13.01,12.68,21826000.0,287604640.0
2015-06-02,12.54,13.05,13.00,12.38,23694942.0,305228640.0
2015-06-01,11.84,12.52,12.51,11.76,18191504.0,225333776.0
2015-05-29,11.69,12.02,11.80,11.35,21329728.0,255402800.0
2015-05-28,12.68,13.00,11.70,11.66,29898856.0,377864928.0
2015-05-27,12.63,13.22,12.72,12.39,28105802.0,365359232.0
2015-05-26,12.31,12.72,12.68,12.02,26262264.0,329117760.0
2015-05-25,11.80,12.42,12.24,11.69,26207346.0,324629248.0
2015-05-22,11.99,12.08,11.91,11.59,24751120.0,297412832.0
2015-05-21,11.59,11.94,11.90,11.44,28721392.0,341558944.0
2015-05-20,11.35,11.56,11.38,11.15,22541544.0,261551504.0
2015-05-19,10.99,11.42,11.37,10.86,20332604.0,230309312.0
2015-05-18,10.51,11.02,11.00,10.44,14128318.0,154612224.0
2015-05-15,11.05,11.05,10.64,10.61,11791261.0,129392584.0
2015-05-14,10.76,11.19,11.07,10.64,14668480.0,162361008.0
2015-05-13,10.60,10.80,10.73,10.52,13180547.0,143648192.0
2015-05-12,10.58,10.68,10.64,10.45,12100968.0,130128624.0
2015-05-11,10.41,10.60,10.58,10.28,10754663.0,114415192.0
2015-05-08,10.04,10.28,10.26,9.99,10114590.0,104531936.0
2015-05-07,10.18,10.30,9.91,9.89,9211829.0,94330472.0
2015-05-06,10.66,10.85,10.25,10.12,11330212.0,121890064.0
2015-05-05,11.30,11.38,10.73,10.71,13174248.0,147799744.0
2015-05-04,11.36,11.48,11.38,11.10,12210073.0,141000288.0
2015-04-30,11.40,11.61,11.28,11.23,17121390.0,198964736.0
2015-04-29,11.59,11.84,11.66,11.39,26728444.0,316423552.0
2015-04-28,11.69,11.69,11.39,11.23,23915524.0,278584448.0
2015-04-27,10.99,11.89,11.79,10.94,29552956.0,342468288.0
2015-04-24,10.96,11.01,10.91,10.67,13641942.0,150873888.0
2015-04-23,11.09,11.30,11.05,10.93,18949716.0,214408416.0
2015-04-22,10.70,11.04,11.02,10.68,15923210.0,177260208.0
2015-04-21,10.32,10.67,10.66,10.31,12953105.0,138364240.0
2015-04-20,10.49,10.60,10.32,10.30,16573294.0,175551344.0
2015-04-17,10.51,10.69,10.49,10.40,14315230.0,153295072.0
2015-04-16,10.30,10.62,10.42,10.13,11971547.0,126575912.0
2015-04-15,10.87,10.88,10.34,10.29,12852924.0,138581600.0
2015-04-14,11.01,11.01,10.89,10.75,13811749.0,153272032.0
2015-04-13,10.99,11.20,11.05,10.84,17271628.0,194117536.0
2015-04-10,10.40,11.02,10.92,10.34,20197836.0,221651456.0
2015-04-09,10.61,10.65,10.40,10.16,14494908.0,152990976.0
2015-04-08,10.70,10.73,10.59,10.41,15408614.0,165092528.0
2015-04-07,10.74,10.75,10.70,10.51,21352236.0,230902736.0
2015-04-03,10.42,10.81,10.75,10.33,22511376.0,241759776.0
2015-04-02,9.87,10.80,10.49,9.86,28429776.0,300987872.0
2015-04-01,9.69,9.86,9.82,9.69,14622244.0,145764320.0
2015-03-31,9.92,9.98,9.72,9.68,14495112.0,144776784.0
2015-03-30,9.66,9.91,9.89,9.66,19451596.0,194748240.0
2015-03-27,9.49,9.66,9.58,9.45,9512899.0,92559408.0
2015-03-26,9.43,9.57,9.47,9.40,9977910.0,96253600.0
2015-03-25,9.54,9.61,9.60,9.35,13524997.0,130607496.0
2015-03-24,9.78,9.79,9.53,9.32,15536461.0,151454016.0
2015-03-23,9.61,9.78,9.76,9.55,17984936.0,176637808.0
2015-03-20,9.63,9.71,9.62,9.55,10890149.0,106613616.0
2015-03-19,9.80,9.80,9.64,9.58,14025882.0,138020528.0
2015-03-18,9.71,9.84,9.81,9.63,15281680.0,151659904.0
2015-03-17,9.82,9.90,9.74,9.41,20861750.0,204672192.0
2015-03-16,9.29,9.73,9.63,9.29,21395296.0,207982224.0
2015-03-13,8.95,9.23,9.21,8.95,14767410.0,137055024.0
2015-03-12,8.83,9.14,8.93,8.82,16414544.0,150322240.0
2015-03-11,8.84,8.93,8.73,8.70,10026605.0,89677008.0
2015-03-10,8.87,8.94,8.88,8.76,10982963.0,99057656.0
2015-03-09,8.66,8.89,8.86,8.55,14899859.0,132357872.0
2015-03-06,8.59,8.73,8.70,8.50,13231556.0,116250760.0
2015-03-05,8.71,8.71,8.60,8.49,12400340.0,108182272.0
2015-03-04,8.64,8.73,8.72,8.60,10278208.0,90680736.0
2015-03-03,8.63,8.78,8.65,8.53,16464587.0,145086064.0
2015-03-02,8.44,8.64,8.64,8.39,15746925.0,137044912.0
2015-02-27,8.38,8.41,8.39,8.29,6855005.0,58396320.0
2015-02-26,8.35,8.39,8.39,8.21,9476708.0,79766440.0
2015-02-25,8.46,8.47,8.32,8.28,6317051.0,53824796.0
2015-02-17,8.43,8.51,8.45,8.41,5944692.0,51101124.0
2015-02-16,8.40,8.55,8.44,8.39,10136137.0,87200824.0
2015-02-13,8.24,8.50,8.40,8.23,9508428.0,81208520.0
2015-02-12,8.31,8.31,8.22,8.10,8042201.0,66941136.0
2015-02-11,8.30,8.38,8.28,8.25,4818377.0,40725616.0
2015-02-10,8.19,8.33,8.30,8.11,5628343.0,47128976.0
2015-02-09,8.38,8.44,8.18,8.16,8600669.0,72105648.0
2015-02-06,8.38,8.65,8.43,8.26,10823825.0,93272504.0
2015-02-05,8.68,8.71,8.44,8.43,9336949.0,81134432.0
2015-02-04,8.74,8.74,8.57,8.55,8942293.0,78583256.0
2015-02-03,8.70,8.81,8.75,8.58,14542140.0,128463248.0
2015-02-02,8.67,9.01,8.79,8.58,28578360.0,257066736.0
2015-01-30,8.35,8.89,8.71,8.26,26333968.0,230395168.0
2015-01-29,8.41,8.41,8.27,8.21,8926284.0,75422936.0
2015-01-28,8.35,8.60,8.41,8.30,14412285.0,124128320.0
2015-01-27,8.30,8.43,8.38,8.20,12486358.0,105818936.0
2015-01-26,8.18,8.39,8.38,8.06,14567845.0,122517296.0
2015-01-23,8.21,8.30,8.18,8.12,9063091.0,75761408.0
2015-01-22,8.16,8.32,8.21,8.10,10996324.0,91937464.0
2015-01-21,8.04,8.18,8.16,7.99,9232113.0,76205088.0
2015-01-20,7.86,8.04,8.02,7.86,8555961.0,69210520.0
2015-01-19,7.96,8.11,7.83,7.66,15074207.0,121625192.0
2015-01-16,8.33,8.34,8.18,8.14,15176838.0,126849312.0
2015-01-15,8.28,8.43,8.35,8.17,10615674.0,89591968.0
2015-01-14,8.02,8.37,8.29,7.99,14616582.0,122092160.0
2015-01-13,7.94,8.01,8.01,7.90,4408629.0,35683320.0
2015-01-12,7.98,8.18,7.94,7.85,7439491.0,60511808.0
2015-01-09,8.11,8.30,8.01,7.97,7083066.0,58921988.0
2015-01-08,8.34,8.34,8.10,8.08,8976715.0,74811520.0
2015-01-07,8.16,8.40,8.35,8.11,12564331.0,105710144.0
2015-01-06,8.11,8.32,8.18,8.05,9744088.0,81179448.0
2015-01-05,7.89,8.17,8.15,7.86,10129764.0,82874352.0
2014-12-31,7.81,7.96,7.88,7.77,6772609.0,54123800.0
2014-12-30,8.12,8.21,7.83,7.76,10899954.0,88704808.0
2014-12-29,7.97,8.28,8.12,7.87,12910723.0,106180840.0
2014-12-26,7.91,8.02,7.95,7.84,8349034.0,67396968.0
2014-12-25,7.84,8.04,7.96,7.77,16529079.0,133699264.0
2014-12-24,7.39,7.80,7.77,7.39,10811702.0,83611232.0
2014-12-23,7.40,7.58,7.38,7.33,6888478.0,52156336.0
2014-12-22,7.64,7.68,7.40,7.24,10125420.0,76686520.0
2014-12-19,7.69,7.73,7.64,7.47,8869964.0,68554912.0
2014-12-18,7.76,7.81,7.67,7.65,5897714.0,46199072.0
2014-12-17,7.81,7.93,7.74,7.64,10151267.0,80565592.0
2014-12-16,7.89,7.96,7.81,7.71,9765882.0,77497072.0
2014-12-15,7.61,7.97,7.85,7.61,14675990.0,116799624.0
2014-12-12,7.62,7.77,7.62,7.55,12694850.0,98730296.0
2014-12-11,7.30,7.60,7.59,7.24,15292506.0,115687168.0
2014-12-10,7.07,7.32,7.30,7.07,8968968.0,65765812.0
2014-12-09,7.30,7.45,7.11,7.10,14998785.0,111421776.0
2014-12-08,7.17,7.38,7.31,7.15,12176848.0,90266672.0
2014-12-05,7.53,7.55,7.23,7.09,15192464.0,113238400.0
2014-12-04,7.45,7.57,7.53,7.41,10888833.0,83190968.0
2014-12-03,7.46,7.52,7.44,7.35,14664294.0,111105184.0
2014-12-02,7.31,7.50,7.45,7.31,13064235.0,98791424.0
2014-12-01,7.25,7.36,7.35,7.20,10070697.0,74478328.0
2014-11-28,7.33,7.34,7.25,7.12,11229082.0,82596752.0
2014-11-27,7.20,7.36,7.33,7.19,15138405.0,112224256.0
2014-11-26,7.20,7.23,7.17,7.07,9564140.0,69703296.0
2014-11-25,7.06,7.20,7.17,7.05,10965431.0,79736248.0
2014-11-24,7.03,7.10,7.07,6.97,11770833.0,84519056.0
2014-11-21,7.00,7.02,7.00,6.92,7454609.0,52867760.0
2014-11-20,7.07,7.08,6.98,6.97,6423647.0,45882632.0
2014-11-19,7.02,7.10,7.08,6.98,9696946.0,69590480.0
2014-11-18,6.99,7.05,7.02,6.94,5608026.0,40021136.0
2014-11-17,6.91,7.04,7.01,6.87,7980171.0,56633736.0
2014-11-14,6.78,6.90,6.88,6.77,4232565.0,29469314.0
2014-11-13,6.86,6.93,6.87,6.81,5437519.0,38066096.0
2014-11-12,6.74,6.87,6.87,6.73,5619147.0,38997228.0
2014-11-11,6.97,7.04,6.75,6.68,10087736.0,70527568.0
2014-11-10,6.87,6.97,6.96,6.84,5428340.0,38137492.0
2014-11-07,6.98,7.02,6.87,6.84,8926254.0,63082152.0
2014-11-06,6.99,7.01,6.98,6.88,4774621.0,33692880.0
2014-11-05,6.98,7.02,6.99,6.94,3985580.0,28292704.0
2014-11-04,7.05,7.06,6.98,6.97,5667611.0,40379552.0
2014-11-03,7.03,7.08,7.04,6.98,6402686.0,45795824.0
2014-10-31,6.94,7.03,7.02,6.90,7523819.0,53257604.0
2014-10-30,6.91,6.95,6.91,6.86,6177931.0,43473208.0
2014-10-29,6.86,6.97,6.91,6.82,6591162.0,46245472.0
2014-10-28,6.74,6.87,6.86,6.72,5452729.0,37819608.0
2014-10-27,6.72,6.79,6.77,6.70,3675514.0,25139610.0
2014-10-24,6.70,6.74,6.74,6.67,3069777.0,20887796.0
2014-10-23,6.72,6.77,6.71,6.62,5687805.0,38568972.0
2014-10-22,6.88,6.93,6.74,6.72,5824783.0,40325944.0
2014-10-21,6.96,6.99,6.85,6.84,5563269.0,39016720.0
2014-10-20,6.96,7.02,6.99,6.90,4178295.0,29482000.0
2014-10-17,6.99,7.06,6.95,6.81,8765950.0,61576760.0
2014-10-16,7.07,7.24,7.04,7.02,11911554.0,86132784.0
2014-10-15,7.10,7.13,7.12,6.99,6295982.0,45035176.0
2014-10-14,7.15,7.25,7.10,7.04,8687065.0,62762460.0
2014-10-13,6.91,7.25,7.15,6.81,17525864.0,125334896.0
2014-10-10,6.99,7.02,6.94,6.90,9219492.0,64877824.0
2014-10-09,7.07,7.13,7.02,6.96,11283217.0,80433984.0
2014-10-08,6.99,7.07,7.06,6.93,9627160.0,68314200.0
2014-09-30,6.94,7.01,7.00,6.88,8962000.0,63088764.0
2014-09-29,6.98,7.08,6.90,6.80,16923584.0,118040928.0
2014-09-26,6.81,6.95,6.94,6.78,7650293.0,53438536.0
2014-09-25,6.88,6.93,6.83,6.80,8801316.0,61268812.0
2014-09-24,6.77,6.89,6.87,6.74,7416457.0,51413180.0
2014-09-23,6.72,6.80,6.78,6.69,4478756.0,30657380.0
2014-09-22,6.83,6.86,6.73,6.66,5458155.0,37471676.0
2014-09-19,6.76,6.83,6.83,6.72,6179254.0,42544844.0
2014-09-18,6.71,6.80,6.75,6.68,5148624.0,35203548.0
2014-09-17,6.68,6.73,6.72,6.63,5578099.0,37773240.0
2014-09-16,6.91,6.94,6.68,6.63,11686153.0,80418376.0
2014-09-15,6.74,6.93,6.91,6.70,11014400.0,76210848.0
2014-09-12,6.71,6.76,6.76,6.67,6594038.0,44896892.0
2014-09-11,6.74,6.82,6.71,6.66,7693035.0,52519816.0
2014-09-10,6.69,6.73,6.70,6.61,5987432.0,40537296.0
2014-09-09,6.69,6.80,6.70,6.68,8702898.0,59414448.0
2014-09-05,6.69,6.71,6.69,6.62,7627600.0,51464860.0
2014-09-04,6.69,6.71,6.70,6.63,8898004.0,60199580.0
2014-09-03,6.60,6.73,6.65,6.58,13050060.0,88038088.0
2014-09-02,6.52,6.59,6.57,6.48,8180179.0,54322760.0
2014-09-01,6.39,6.50,6.50,6.39,7176312.0,47079560.0
2014-08-29,6.37,6.40,6.40,6.32,5279810.0,34027864.0
2014-08-28,6.41,6.65,6.40,6.37,12053003.0,78999264.0
2014-08-27,6.24,6.29,6.27,6.23,3002668.0,19044884.0
2014-08-26,6.32,6.36,6.26,6.24,5668498.0,36152324.0
2014-08-25,6.43,6.44,6.37,6.35,6496182.0,41998960.0
2014-08-22,6.44,6.46,6.46,6.40,5541267.0,36135580.0
2014-08-21,6.48,6.50,6.45,6.39,7561990.0,49290404.0
2014-08-20,6.37,6.48,6.48,6.36,13856433.0,90293672.0
2014-08-19,6.37,6.43,6.38,6.34,13130641.0,84916688.0
2014-08-18,6.32,6.38,6.37,6.31,11345741.0,72925520.0
2014-08-15,6.29,6.35,6.33,6.27,6115507.0,39129280.0
2014-08-14,6.32,6.34,6.29,6.28,7203167.0,46059620.0
2014-08-13,6.38,6.40,6.33,6.31,6851300.0,43972088.0
2014-08-12,6.36,6.40,6.39,6.34,5297500.0,34120176.0
2014-08-11,6.32,6.40,6.37,6.31,5551536.0,35768916.0
2014-08-08,6.30,6.35,6.30,6.27,3813838.0,24364428.0
2014-08-07,6.42,6.42,6.30,6.29,4827089.0,31099972.0
2014-08-06,6.40,6.43,6.41,6.36,4306664.0,27912004.0
2014-08-05,6.44,6.46,6.40,6.36,5883036.0,38118072.0
2014-08-04,6.38,6.49,6.46,6.37,3889639.0,25358478.0
2014-08-01,6.44,6.64,6.38,6.36,9121517.0,60074132.0
2014-07-31,6.35,6.48,6.47,6.34,7233071.0,46971344.0
2014-07-30,6.26,6.37,6.33,6.23,6740039.0,43035160.0
2014-07-29,6.26,6.35,6.27,6.24,5771098.0,36741792.0
2014-07-28,6.20,6.35,6.26,6.20,6721044.0,42706536.0
2014-07-25,6.10,6.22,6.19,6.10,5049368.0,31568024.0
2014-07-24,6.08,6.15,6.14,6.05,5681790.0,35167096.0
2014-07-23,6.02,6.08,6.07,6.00,3327123.0,20405236.0
2014-07-22,5.98,6.04,6.02,5.96,1769704.0,10783314.0
2014-07-21,6.04,6.04,5.98,5.97,1522050.0,9240338.0
2014-07-18,6.01,6.05,6.04,5.99,2227905.0,13596085.0
2014-07-17,6.02,6.03,6.00,5.97,1481090.0,8997812.0
2014-07-16,6.00,6.05,6.01,5.98,1366140.0,8321417.0
2014-07-15,6.01,6.03,6.02,5.98,1874738.0,11405488.0
2014-07-14,5.96,6.01,6.00,5.96,2305836.0,13994301.0
2014-07-11,5.92,6.03,5.97,5.90,2019303.0,12197257.0
2014-07-10,5.87,5.90,5.89,5.83,1358617.0,8298018.0
2014-07-09,5.95,5.96,5.86,5.86,2222816.0,13623174.0
2014-07-08,5.99,5.99,5.96,5.93,1656500.0,10252172.0
2014-07-07,5.94,6.02,6.00,5.92,2229521.0,13844768.0
2014-07-04,5.97,5.97,5.94,5.92,1130691.0,6990426.0
2014-07-03,5.92,5.99,5.96,5.90,2011786.0,12458859.0
2014-07-02,5.92,5.95,5.93,5.87,2027365.0,12459313.0
2014-07-01,5.88,5.93,5.93,5.88,1335550.0,8205500.0
2014-06-30,5.92,5.95,5.90,5.88,1539204.0,9463285.0
2014-06-27,5.91,5.96,5.93,5.88,1475182.0,9090965.0
2014-06-26,5.88,5.96,5.92,5.88,1403806.0,8651492.0
2014-06-25,5.96,5.96,5.88,5.87,1015848.0,6242014.0
2014-06-24,5.83,5.94,5.93,5.83,1386291.0,8529851.0
2014-06-23,5.78,5.92,5.83,5.78,1252072.0,7650579.0
2014-06-20,5.70,5.86,5.81,5.70,2050441.0,12384774.0
2014-06-19,5.89,5.90,5.70,5.67,1861058.0,11183380.0
2014-06-18,5.87,5.92,5.87,5.84,1647407.0,10074034.0
2014-06-17,6.00,6.00,5.87,5.87,2140474.0,13165912.0
2014-06-16,6.06,6.06,6.00,5.96,1624704.0,10152914.0
2014-06-13,6.02,6.08,6.06,5.99,2714611.0,17087004.0
2014-06-12,5.94,6.04,6.03,5.93,2738027.0,17069950.0
2014-06-11,5.91,5.97,5.94,5.91,1423925.0,8813124.0
2014-06-10,5.85,5.97,5.93,5.85,1817674.0,11189371.0
2014-06-09,5.94,5.96,5.87,5.86,1134928.0,6968911.0
2014-06-06,5.92,5.95,5.94,5.87,1355137.0,8329697.0
2014-06-05,5.89,5.93,5.92,5.86,1329427.0,8137805.0
2014-06-04,5.95,5.98,5.87,5.83,3291602.0,20159952.0
2014-06-03,6.04,6.05,5.95,5.94,2025088.0,12613615.0
2014-05-30,6.12,6.12,6.00,5.97,3946089.0,24760138.0
2014-05-29,6.25,6.25,6.12,6.12,3560575.0,22791616.0
2014-05-28,6.18,6.27,6.25,6.11,7027206.0,45291140.0
2014-05-27,6.05,6.29,6.22,6.04,11114277.0,71899152.0
2014-05-26,6.04,6.20,6.12,5.96,9092540.0,57621952.0
2014-05-23,5.91,6.07,6.02,5.88,7261227.0,45378892.0
2014-05-22,5.91,5.96,5.91,5.88,936015.0,5774417.0
2014-05-21,5.87,5.94,5.93,5.85,622620.0,3822861.0
2014-05-20,5.89,5.91,5.88,5.87,629748.0,3854847.0
2014-05-19,5.87,5.93,5.87,5.83,1248386.0,7629057.0
2014-05-16,5.93,5.93,5.89,5.85,1072674.0,6546150.0
2014-05-15,5.99,6.01,5.93,5.93,1125653.0,6978709.0
2014-05-14,5.94,6.02,5.99,5.92,1485653.0,9235137.0
2014-05-13,5.94,5.97,5.93,5.91,817598.0,5053083.0
2014-05-12,5.86,5.95,5.95,5.86,1432180.0,8811675.0
2014-05-09,5.85,5.87,5.84,5.81,1513333.0,9182482.0
2014-05-08,5.85,5.92,5.87,5.81,1011679.0,6180622.0
2014-05-07,5.86,5.88,5.85,5.81,1473857.0,8971835.0
2014-05-06,5.86,5.93,5.87,5.82,1369114.0,8372147.0
2014-05-05,5.83,5.89,5.87,5.75,993882.0,6016382.0
2014-04-30,5.81,5.86,5.85,5.75,1879901.0,11329989.0
2014-04-29,5.73,5.82,5.81,5.67,1893689.0,11315272.0
2014-04-28,5.98,5.98,5.72,5.71,3303937.0,19933504.0
2014-04-25,6.03,6.08,6.01,5.97,2155302.0,13498005.0
2014-04-24,6.06,6.10,6.02,6.02,1091695.0,6873176.0
2014-04-23,6.06,6.14,6.06,6.02,1613116.0,10193073.0
2014-04-22,6.10,6.14,6.08,6.02,2318461.0,14646361.0
2014-04-21,6.21,6.25,6.12,6.12,2422616.0,15575418.0
2014-04-18,6.20,6.25,6.24,6.15,2580052.0,16668386.0
2014-04-17,6.15,6.23,6.20,6.15,2139081.0,13788183.0
2014-04-16,6.16,6.19,6.18,6.12,1691433.0,10837673.0
2014-04-15,6.28,6.28,6.16,6.13,2929481.0,18891866.0
2014-04-14,6.23,6.29,6.28,6.20,2378625.0,15443582.0
2014-04-11,6.21,6.24,6.22,6.19,2077238.0,13436625.0
2014-04-10,6.27,6.28,6.23,6.19,3918176.0,25403180.0
2014-04-09,6.19,6.27,6.27,6.15,4642755.0,29979032.0
2014-04-08,6.13,6.20,6.18,6.11,2811271.0,18012108.0
2014-04-04,6.11,6.14,6.13,6.06,1891101.0,12020490.0
2014-04-03,6.12,6.18,6.11,6.09,2596525.0,16558134.0
2014-04-02,6.12,6.14,6.11,6.08,2139696.0,13599076.0
2014-04-01,6.03,6.12,6.12,6.02,1803372.0,11399401.0
2014-03-31,6.09,6.12,6.02,6.02,2521640.0,15931816.0
2014-03-28,6.17,6.19,6.10,6.08,4218417.0,26890076.0
2014-03-27,6.36,6.36,6.16,6.15,5507490.0,35774080.0
2014-03-26,6.31,6.40,6.37,6.28,5348473.0,35343960.0
2014-03-25,6.33,6.43,6.31,6.26,6202915.0,40873112.0
2014-03-24,6.16,6.42,6.36,6.11,9429130.0,61514064.0
2014-03-21,6.06,6.23,6.20,6.04,4029680.0,25800730.0
2014-03-20,6.13,6.26,6.09,6.08,3653638.0,23489932.0
2014-03-19,6.17,6.21,6.14,6.06,3868901.0,24622548.0
2014-03-18,6.30,6.42,6.23,6.19,5209908.0,34232792.0
2014-03-17,6.27,6.33,6.30,6.25,5779612.0,37732568.0
2014-03-14,6.21,6.38,6.34,6.18,8837713.0,57775108.0
2014-03-13,6.12,6.30,6.26,6.10,4767584.0,30708416.0
2014-03-12,6.10,6.16,6.12,6.00,3142363.0,19861458.0
2014-03-11,6.23,6.29,6.11,6.01,5824146.0,37404284.0
2014-03-10,6.44,6.58,6.28,6.23,11586487.0,76844440.0
2014-03-07,6.44,6.61,6.53,6.40,18124264.0,122955560.0
2014-03-06,6.37,6.52,6.50,6.25,8737314.0,57848820.0
2014-03-05,6.50,6.67,6.41,6.35,23598166.0,160167808.0
2014-03-04,6.37,6.54,6.50,6.28,8278417.0,54998908.0
2014-03-03,6.08,6.44,6.40,6.02,13045980.0,85691792.0
2014-02-28,5.85,6.12,6.11,5.79,4902605.0,30335424.0
2014-02-27,5.88,5.94,5.85,5.80,2626155.0,16058962.0
2014-02-26,5.83,5.90,5.88,5.70,3249691.0,19630200.0
2014-02-25,6.05,6.11,5.83,5.83,3597090.0,22396412.0
2014-02-24,6.06,6.09,6.05,5.97,3041110.0,19036742.0
2014-02-21,6.17,6.28,6.09,6.03,3819739.0,24318142.0
2014-02-20,6.26,6.31,6.19,6.16,5215595.0,33689600.0
2014-02-19,6.28,6.32,6.26,6.16,6326564.0,41070928.0
2014-02-18,6.31,6.37,6.26,6.21,7988779.0,52281312.0
2014-02-17,6.25,6.29,6.25,6.17,5600647.0,36302240.0
2014-02-14,6.14,6.24,6.22,6.06,6298666.0,40353404.0
2014-02-13,6.02,6.30,6.14,6.01,7004434.0,44896904.0
2014-02-12,6.02,6.15,6.04,6.00,3573908.0,22521900.0
2014-02-11,5.88,6.05,5.97,5.88,3507021.0,21843756.0
2014-02-10,5.77,5.91,5.90,5.75,2676183.0,16316314.0
2014-02-07,5.81,5.81,5.76,5.68,1950415.0,11619564.0
2014-01-30,5.85,5.85,5.84,5.81,1050242.0,6362951.0
2014-01-29,5.83,5.86,5.85,5.79,1337461.0,8094508.0
2014-01-28,5.81,5.86,5.83,5.79,1026192.0,6212485.0
2014-01-27,5.86,5.86,5.81,5.80,1635127.0,9911008.0
2014-01-24,5.82,5.92,5.87,5.82,1987323.0,12156069.0
2014-01-23,5.85,5.87,5.84,5.80,1399017.0,8476499.0
2014-01-22,5.67,5.86,5.84,5.66,2255069.0,13603886.0
2014-01-21,5.68,5.72,5.69,5.62,1383984.0,8169200.0
2014-01-20,5.62,5.69,5.65,5.60,700888.0,4114547.0
2014-01-17,5.77,5.77,5.66,5.61,1092971.0,6464437.0
2014-01-16,5.72,5.85,5.78,5.72,1417620.0,8503998.0
2014-01-15,5.63,5.78,5.72,5.62,1516182.0,9016436.0
2014-01-14,5.59,5.66,5.66,5.58,956143.0,5590404.0
2014-01-13,5.63,5.67,5.58,5.51,1383307.0,8041600.0
2014-01-10,5.76,5.76,5.62,5.58,2098892.0,12312476.0
2014-01-09,5.92,5.92,5.75,5.74,2180138.0,13258540.0
2014-01-08,5.95,5.97,5.89,5.89,1691326.0,10423479.0
2014-01-07,5.91,5.95,5.95,5.87,1345837.0,8284847.0
2014-01-06,6.06,6.06,5.91,5.87,2509937.0,15458489.0
2014-01-03,6.18,6.20,6.09,6.07,1925301.0,12219866.0
2014-01-02,6.27,6.28,6.19,6.16,1625038.0,10521074.0
2013-12-31,6.17,6.33,6.27,6.14,3700778.0,24076364.0
2013-12-30,6.19,6.29,6.20,6.13,2712695.0,17462630.0
2013-12-27,6.05,6.21,6.21,6.04,3268634.0,20874956.0
2013-12-26,6.06,6.12,6.09,5.94,4015412.0,25192828.0
2013-12-25,6.03,6.07,6.05,5.99,1130453.0,7090950.0
2013-12-24,5.97,6.12,6.04,5.91,3216624.0,20125628.0
2013-12-23,5.98,6.01,5.95,5.88,1238323.0,7667635.0
2013-12-20,6.08,6.10,5.95,5.94,2178640.0,13591023.0
2013-12-19,6.17,6.22,6.08,6.01,1910484.0,12201691.0
2013-12-18,6.13,6.20,6.18,6.11,1552606.0,9947995.0
2013-12-17,6.15,6.21,6.12,6.11,1582480.0,10119892.0
2013-12-16,6.33,6.36,6.15,6.13,4231553.0,27354820.0
2013-12-13,6.43,6.43,6.35,6.30,5232306.0,34564352.0
2013-12-12,6.27,6.43,6.42,6.23,6927599.0,45856192.0
2013-12-11,6.33,6.39,6.26,6.15,5644391.0,36884628.0
2013-12-10,6.27,6.39,6.33,6.27,4579322.0,30180600.0
2013-12-09,6.33,6.33,6.29,6.24,2598952.0,16959236.0
2013-12-06,6.18,6.30,6.29,6.17,6712031.0,43656584.0
2013-12-05,6.15,6.20,6.18,6.13,2808656.0,18023924.0
2013-12-04,6.04,6.19,6.16,6.01,4270339.0,27263882.0
2013-12-03,5.89,6.09,6.06,5.89,2966348.0,18531392.0
2013-12-02,6.06,6.13,5.92,5.87,5622880.0,35106348.0
2013-11-29,6.21,6.21,6.18,6.17,2869679.0,18474940.0
2013-11-28,6.17,6.24,6.20,6.16,3743523.0,24147876.0
2013-11-27,6.13,6.18,6.16,6.11,2877568.0,18385264.0
2013-11-26,6.11,6.15,6.13,6.09,1990879.0,12667069.0
2013-11-25,6.11,6.14,6.10,6.07,2740448.0,17408624.0
2013-11-22,6.13,6.19,6.11,6.10,2370207.0,15110271.0
2013-11-21,6.21,6.21,6.15,6.09,4512384.0,28817336.0
2013-11-20,6.12,6.27,6.24,6.08,6215919.0,40040832.0
2013-11-19,6.14,6.19,6.12,6.12,3654555.0,23356170.0
2013-11-18,6.05,6.16,6.15,6.03,3983249.0,25319416.0
2013-11-15,5.94,6.09,6.03,5.89,2898234.0,18166560.0
2013-11-14,5.90,5.95,5.93,5.85,1223131.0,7518972.0
2013-11-13,6.07,6.07,5.90,5.88,1805617.0,11178448.0
2013-11-12,5.98,6.12,6.08,5.95,2714511.0,17041820.0
2013-11-11,5.89,5.99,5.97,5.88,1557485.0,9639249.0
2013-11-08,6.00,6.01,5.92,5.87,1577327.0,9739302.0
2013-11-07,5.97,6.10,6.01,5.96,1977529.0,12375773.0
2013-11-06,6.02,6.14,6.04,6.00,5144593.0,32506096.0
2013-11-05,5.95,6.04,6.02,5.87,3256087.0,20154234.0
2013-11-04,6.03,6.04,5.97,5.91,4052823.0,25117436.0
2013-11-01,5.97,6.04,6.01,5.93,1685365.0,10497333.0
2013-10-31,6.04,6.04,6.01,5.96,2197659.0,13703488.0
2013-10-30,5.99,6.06,6.05,5.92,2187870.0,13631736.0
2013-10-29,6.17,6.25,5.95,5.81,4645170.0,29082776.0
2013-10-28,6.16,6.21,6.17,6.10,3149848.0,20159148.0
2013-10-25,6.27,6.28,6.14,6.12,4094799.0,26339140.0
2013-10-24,6.30,6.30,6.24,6.16,4100938.0,26567252.0
2013-10-23,6.58,6.60,6.29,6.24,8109643.0,53931504.0
2013-10-22,6.73,6.82,6.56,6.54,6934110.0,48076808.0
2013-10-21,6.59,6.73,6.73,6.51,4529283.0,31282912.0
2013-10-18,6.55,6.61,6.56,6.49,3039957.0,20747220.0
2013-10-17,6.69,6.72,6.54,6.49,5879622.0,40488676.0
2013-10-16,6.86,6.86,6.64,6.57,6954677.0,48329404.0
2013-10-15,6.92,6.94,6.87,6.73,8297573.0,59025020.0
2013-10-14,6.84,7.14,6.95,6.80,15261882.0,110771608.0
2013-10-11,6.58,6.90,6.84,6.58,11465944.0,80899760.0
2013-10-10,6.53,6.65,6.55,6.49,6903077.0,47214112.0
2013-10-09,6.50,6.60,6.51,6.44,4007377.0,27069544.0
2013-10-08,6.46,6.61,6.55,6.35,5465223.0,36991108.0
2013-09-30,6.48,6.61,6.46,6.44,4422053.0,29937306.0
2013-09-27,6.54,6.62,6.44,6.37,6480349.0,43671764.0
2013-09-26,6.76,6.82,6.53,6.52,8963617.0,62025696.0
2013-09-25,6.63,6.99,6.84,6.61,22592392.0,161223472.0
2013-09-24,6.63,6.64,6.57,6.44,10009113.0,68169872.0
2013-09-23,6.31,6.73,6.70,6.26,15937549.0,108908024.0
2013-09-18,6.14,6.35,6.32,6.13,3682341.0,23879160.0
2013-09-17,6.32,6.37,6.15,6.14,4777915.0,31154948.0
2013-09-16,6.38,6.43,6.35,6.21,5453194.0,35813604.0
2013-09-13,6.45,6.60,6.39,6.37,8958503.0,60495344.0
2013-09-12,6.25,6.58,6.42,6.21,11021791.0,73263368.0
2013-09-11,6.22,6.31,6.25,6.18,6686413.0,43415944.0
2013-09-10,6.12,6.24,6.24,6.11,6269876.0,40338824.0
2013-09-09,6.04,6.15,6.12,6.01,4955770.0,31452920.0
2013-09-06,5.98,6.05,6.04,5.97,2731388.0,17086068.0
2013-09-05,6.04,6.07,6.01,6.01,2686156.0,16852772.0
2013-09-04,6.08,6.11,6.04,6.02,3594355.0,22657090.0
2013-09-03,6.03,6.09,6.09,6.01,3492917.0,21991052.0
2013-09-02,6.11,6.13,6.03,5.93,4093914.0,25609524.0
2013-08-30,6.04,6.20,6.10,6.01,8503819.0,54000128.0
2013-08-29,5.93,6.05,6.03,5.92,5013297.0,31309126.0
2013-08-28,5.97,5.98,5.93,5.88,4343377.0,26846424.0
2013-08-27,5.95,5.99,5.99,5.92,3553015.0,22003616.0
2013-08-26,5.85,5.97,5.96,5.82,3977238.0,24446616.0
2013-08-23,5.91,5.94,5.84,5.77,3721216.0,22677390.0
2013-08-22,5.98,6.00,5.90,5.89,2173332.0,13453245.0
2013-08-21,5.92,5.99,5.98,5.91,2449751.0,15147142.0
2013-08-20,5.93,6.01,5.94,5.89,3691473.0,22842122.0
2013-08-19,5.80,5.95,5.91,5.80,2991059.0,18338408.0
2013-08-16,5.87,6.10,5.86,5.84,5541665.0,34230688.0
2013-08-15,6.00,6.04,5.91,5.87,4594285.0,28390102.0
2013-08-14,6.05,6.12,6.03,5.98,6002256.0,37754892.0
2013-08-13,6.12,6.12,6.03,5.99,4502242.0,28251644.0
2013-08-12,5.78,6.21,6.12,5.78,13215694.0,83044384.0
2013-08-09,5.69,5.78,5.77,5.67,3270454.0,19516748.0
2013-08-08,5.69,5.73,5.69,5.65,2073556.0,12267824.0
2013-08-07,5.73,5.79,5.71,5.68,3049375.0,18141956.0
2013-08-06,5.66,5.81,5.76,5.64,4764024.0,28470248.0
2013-08-05,5.62,5.69,5.67,5.62,2454680.0,14440941.0
2013-08-02,5.62,5.66,5.61,5.59,2501135.0,14633049.0
2013-08-01,5.48,5.63,5.61,5.44,2595986.0,15000451.0
2013-07-31,5.50,5.53,5.47,5.45,1741003.0,9945142.0
2013-07-30,5.43,5.51,5.47,5.37,1849572.0,10483895.0
2013-07-29,5.51,5.54,5.43,5.41,2671020.0,15117782.0
2013-07-26,5.60,5.62,5.55,5.51,2329779.0,13459136.0
2013-07-25,5.69,5.72,5.61,5.58,2767286.0,16216226.0
2013-07-24,5.73,5.75,5.67,5.61,3292803.0,19424868.0
2013-07-23,5.62,5.76,5.75,5.62,3616934.0,21476392.0
2013-07-22,5.60,5.66,5.65,5.48,3370578.0,19530732.0
2013-07-19,5.82,5.85,5.63,5.58,3699151.0,22184208.0
2013-07-18,5.84,5.88,5.81,5.76,2649663.0,16007241.0
2013-07-17,5.87,5.92,5.83,5.81,3084562.0,18784944.0
2013-07-16,5.85,5.89,5.88,5.77,2994037.0,18156336.0
2013-07-15,5.87,5.87,5.83,5.75,3496797.0,21100612.0
2013-07-12,5.84,5.87,5.78,5.75,5157635.0,32497250.0
2013-07-11,5.68,5.89,5.85,5.66,6487661.0,40793136.0
2013-07-10,5.54,5.70,5.69,5.51,4014114.0,24373220.0
2013-07-09,5.49,5.60,5.53,5.47,3096543.0,18505338.0
2013-07-08,5.60,5.60,5.46,5.46,3326886.0,19905276.0
2013-07-05,5.72,5.78,5.70,5.69,4424267.0,27439032.0
2013-07-04,5.66,5.78,5.72,5.58,4121717.0,25376228.0
2013-07-03,5.75,5.76,5.70,5.63,3754632.0,23110010.0
2013-07-02,5.83,5.84,5.79,5.72,4010247.0,25064634.0
2013-07-01,5.86,5.88,5.83,5.77,2220126.0,13992109.0
2013-06-28,5.82,5.92,5.80,5.74,2171323.0,13709030.0
2013-06-27,5.98,6.04,5.81,5.81,2350077.0,15024724.0
2013-06-26,5.93,6.03,5.95,5.78,4475771.0,28839296.0
2013-06-25,5.64,5.96,5.92,5.57,9568069.0,59416468.0
2013-06-24,6.13,6.15,5.72,5.70,3552879.0,22706540.0
2013-06-21,6.09,6.21,6.15,6.01,2638782.0,17431216.0
2013-06-20,6.46,6.46,6.17,6.15,4843383.0,33071364.0
2013-06-19,6.63,6.63,6.48,6.42,4678132.0,32909036.0
2013-06-18,6.79,6.90,6.68,6.66,17296780.0,126481016.0
2013-06-17,6.68,7.05,6.95,6.58,20578058.0,150846192.0
2013-06-14,6.44,6.70,6.69,6.42,7250697.0,51419584.0
2013-06-13,6.57,6.61,6.45,6.38,5775348.0,40390968.0
2013-06-07,6.68,6.72,6.67,6.57,3530330.0,25315648.0
2013-06-06,6.76,6.76,6.68,6.65,3986444.0,28826062.0
2013-06-05,6.79,6.81,6.77,6.69,3817736.0,27842184.0
2013-06-04,6.83,6.93,6.77,6.67,5628810.0,41349580.0
2013-06-03,6.84,7.03,6.93,6.80,11327161.0,84700736.0
2013-05-31,6.88,6.93,6.84,6.75,5899494.0,43653512.0
2013-05-30,6.98,7.00,6.90,6.87,5518876.0,41385928.0
2013-05-29,7.01,7.15,7.02,6.91,18188352.0,138414736.0
2013-05-28,6.93,7.00,6.99,6.84,6038760.0,45246368.0
2013-05-27,7.03,7.10,6.96,6.87,8279747.0,62133856.0
2013-05-24,6.94,7.16,7.05,6.94,15899786.0,121314368.0
2013-05-23,7.16,7.37,7.00,6.98,32623770.0,252208240.0
2013-05-22,6.82,7.35,7.31,6.76,29711750.0,228684640.0
2013-05-21,6.56,6.86,6.85,6.54,10982321.0,80206640.0
2013-05-20,6.45,6.68,6.58,6.42,6599253.0,46831184.0
2013-05-17,6.33,6.53,6.45,6.33,5168399.0,36037256.0
2013-05-16,6.28,6.36,6.35,6.23,3628424.0,24811284.0
2013-05-15,6.18,6.31,6.31,6.15,3176655.0,21481898.0
2013-05-14,6.25,6.27,6.18,6.16,1706381.0,11430802.0
2013-05-13,6.25,6.27,6.26,6.20,2278084.0,15386597.0
2013-05-10,6.15,6.26,6.25,6.14,2643604.0,17740514.0
2013-05-09,6.22,6.22,6.16,6.12,2297674.0,15356666.0
2013-05-08,6.22,6.26,6.22,6.18,2065242.0,13910251.0
2013-05-07,6.21,6.23,6.22,6.16,1651333.0,11086396.0
2013-05-06,6.18,6.25,6.22,6.17,2345695.0,15796337.0
2013-05-03,6.09,6.21,6.19,6.09,2589240.0,17341864.0
2013-05-02,6.01,6.14,6.09,6.01,1957678.0,12900522.0
2013-04-26,6.06,6.11,5.98,5.98,1999179.0,13094812.0
2013-04-25,6.19,6.21,6.05,6.05,2366598.0,15703379.0
2013-04-24,6.09,6.21,6.19,6.09,1761473.0,11757198.0
2013-04-23,6.28,6.28,6.12,6.10,2256312.0,15065683.0
2013-04-22,6.24,6.28,6.28,6.21,2352983.0,15887962.0
2013-04-19,6.14,6.29,6.27,6.14,2882709.0,19469004.0
2013-04-18,6.13,6.19,6.15,6.10,2222565.0,14792909.0
2013-04-17,6.18,6.19,6.16,6.08,1958275.0,12989450.0
2013-04-16,6.10,6.19,6.17,6.04,2588031.0,17110756.0
2013-04-15,6.28,6.28,6.14,6.13,2112248.0,14172847.0
2013-04-12,6.38,6.39,6.26,6.25,2408926.0,16474310.0
2013-04-11,6.45,6.49,6.37,6.36,2454460.0,17035812.0
2013-04-10,6.42,6.49,6.45,6.38,2935060.0,20400558.0
2013-04-09,6.44,6.45,6.44,6.40,2771410.0,19262922.0
2013-04-08,6.38,6.43,6.41,6.31,2524815.0,17380668.0
2013-04-03,6.57,6.58,6.47,6.46,2026685.0,14285859.0
2013-04-02,6.60,6.63,6.55,6.54,1640515.0,11676578.0
2013-04-01,6.53,6.63,6.57,6.53,1793480.0,12798337.0
2013-03-29,6.57,6.60,6.57,6.53,1902203.0,13524358.0
2013-03-28,6.73,6.73,6.52,6.51,4183206.0,29777788.0
2013-03-27,6.74,6.84,6.75,6.71,3751460.0,27531626.0
2013-03-26,6.97,6.97,6.77,6.74,6597451.0,48698804.0
2013-03-25,6.98,7.05,7.02,6.93,8167871.0,61813252.0
2013-03-22,6.89,7.41,7.10,6.83,16223861.0,124006328.0
2013-03-21,6.92,6.97,6.93,6.89,4906020.0,36808536.0
2013-03-20,6.76,6.97,6.93,6.70,7837207.0,58321760.0
2013-03-19,6.61,6.77,6.76,6.57,4262842.0,30757664.0
2013-03-18,6.62,6.65,6.62,6.49,4525477.0,32310742.0
2013-03-15,6.72,6.72,6.62,6.61,3378633.0,24399180.0
2013-03-14,6.68,6.73,6.67,6.64,2350209.0,17003760.0
2013-03-13,6.73,6.74,6.69,6.62,3652501.0,26434356.0
2013-03-12,6.91,6.94,6.80,6.61,5950515.0,43493432.0
2013-03-11,6.81,6.93,6.92,6.77,4993369.0,37202976.0
2013-03-08,6.75,6.87,6.83,6.72,4471391.0,32972312.0
2013-03-07,6.74,6.84,6.74,6.69,4776886.0,34984224.0
2013-03-06,6.65,6.79,6.74,6.61,4490375.0,32569328.0
2013-03-05,6.63,6.69,6.68,6.56,3944599.0,28258918.0
2013-03-04,6.89,6.89,6.59,6.54,4780702.0,34808768.0
2013-03-01,6.89,6.98,6.94,6.82,4174735.0,31137904.0
2013-02-28,6.79,6.93,6.89,6.74,4117951.0,30514644.0
2013-02-27,6.84,6.91,6.76,6.70,3799897.0,27959932.0
2013-02-26,6.91,6.95,6.84,6.82,3547844.0,26511240.0
2013-02-25,6.99,7.04,6.95,6.88,3572171.0,26873120.0
2013-02-22,6.95,7.08,6.98,6.95,3242094.0,24581984.0
2013-02-21,7.17,7.17,6.97,6.93,6231933.0,47438212.0
2013-02-20,7.14,7.20,7.19,7.07,4791247.0,37026384.0
2013-02-19,7.34,7.34,7.17,7.10,5706750.0,44394716.0
2013-02-18,7.29,7.32,7.26,7.17,6215425.0,48798848.0
2013-02-08,7.21,7.32,7.28,7.20,7192586.0,56655488.0
2013-02-07,7.20,7.24,7.21,7.16,4463176.0,34749556.0
2013-02-06,7.22,7.31,7.24,7.21,7227230.0,56826616.0
2013-02-05,7.16,7.23,7.22,7.05,6660451.0,51435892.0
2013-02-04,7.20,7.26,7.18,7.15,7404164.0,57690896.0
2013-02-01,7.18,7.24,7.19,7.13,7035059.0,54747872.0
2013-01-31,7.11,7.26,7.24,7.07,11122990.0,86147264.0
2013-01-30,7.09,7.17,7.13,7.05,6047983.0,46608920.0
2013-01-29,7.06,7.16,7.08,7.05,7395528.0,56799684.0
2013-01-28,6.99,7.08,7.08,6.95,7920278.0,60257988.0
2013-01-25,7.06,7.28,6.99,6.93,7567916.0,57461984.0
2013-01-24,7.43,7.50,7.11,7.04,17920370.0,141535216.0
2013-01-23,7.11,7.80,7.53,7.08,21036582.0,167432208.0
2013-01-22,7.20,7.28,7.14,7.10,11709370.0,91371288.0
2013-01-21,7.05,7.25,7.20,7.01,12255269.0,94730904.0
2013-01-18,6.96,7.08,7.03,6.93,4805945.0,36469008.0
2013-01-17,6.96,7.00,6.92,6.87,4847252.0,36361648.0
2013-01-16,7.12,7.12,7.00,6.94,7141664.0,54342464.0
2013-01-15,6.98,7.17,7.11,6.96,8991228.0,68905872.0
2013-01-14,6.81,6.99,6.98,6.75,5448781.0,40764972.0
2013-01-11,6.98,7.01,6.80,6.76,7435588.0,55546272.0
2013-01-10,6.99,7.03,6.98,6.93,5286917.0,39994496.0
2013-01-09,7.10,7.11,6.99,6.93,11411644.0,86525088.0
2013-01-08,7.11,7.16,7.11,6.96,5935731.0,45417288.0
2013-01-07,6.85,7.18,7.16,6.79,14272960.0,109432536.0
2013-01-04,6.93,6.95,6.92,6.71,7313338.0,54186728.0
2012-12-31,6.79,6.91,6.88,6.79,4412190.0,32802748.0
2012-12-28,6.72,6.81,6.78,6.69,3745413.0,27411176.0
2012-12-27,6.93,6.96,6.73,6.72,6266217.0,46194100.0
2012-12-26,6.81,6.97,6.91,6.76,4931978.0,36661084.0
2012-12-25,6.67,6.82,6.81,6.62,5225239.0,38281116.0
2012-12-24,6.67,6.70,6.68,6.59,2439868.0,17595348.0
2012-12-21,6.79,6.87,6.66,6.63,6542817.0,47594592.0
2012-12-20,6.51,6.80,6.78,6.49,9123031.0,65444464.0
2012-12-19,6.54,6.57,6.52,6.47,4107650.0,29003200.0
2012-12-18,6.58,6.62,6.54,6.52,5354689.0,38031532.0
2012-12-17,6.56,6.66,6.61,6.52,6059519.0,43274656.0
2012-12-14,6.20,6.61,6.58,6.20,6914852.0,48236984.0
2012-12-13,6.22,6.27,6.25,6.19,3423928.0,23106948.0
2012-12-12,6.34,6.34,6.31,6.21,3478230.0,23618364.0
2012-12-11,6.44,6.44,6.33,6.33,4660991.0,32127800.0
2012-12-10,6.38,6.50,6.45,6.37,5843056.0,40711800.0
2012-12-07,6.32,6.44,6.42,6.24,4131019.0,28492204.0
2012-12-06,6.36,6.36,6.33,6.24,1868428.0,12709820.0
2012-12-05,6.19,6.40,6.35,6.14,4131068.0,28309200.0
2012-12-04,6.05,6.23,6.21,5.91,2217605.0,14548900.0
2012-12-03,6.18,6.20,6.05,6.03,1155131.0,7666125.0
2012-11-30,5.94,6.28,6.23,5.93,2598843.0,17162716.0
2012-11-29,5.96,6.03,6.02,5.83,3052328.0,19662622.0
2012-11-28,6.10,6.17,5.99,5.86,3455989.0,22334892.0
2012-11-27,6.42,6.47,6.14,6.10,1951815.0,13273321.0
2012-11-26,6.49,6.52,6.45,6.42,1465273.0,10260460.0
2012-11-23,6.51,6.56,6.54,6.46,4033868.0,28432616.0
2012-11-22,6.58,6.59,6.55,6.45,3527629.0,24803108.0
2012-11-21,6.67,6.69,6.65,6.44,3883652.0,27495052.0
2012-11-20,6.69,6.70,6.67,6.60,994778.0,7171328.0
2012-11-19,6.64,6.69,6.67,6.57,840565.0,6027487.0
2012-11-16,6.69,6.70,6.68,6.56,1985522.0,14181057.0
2012-11-15,6.74,6.81,6.71,6.68,744216.0,5428424.0
2012-11-14,6.77,6.87,6.82,6.69,1433401.0,10479210.0
2012-11-13,6.91,6.93,6.77,6.76,1705114.0,12570203.0
2012-11-12,6.95,6.99,6.93,6.86,1353042.0,10137880.0
2012-11-09,6.98,7.02,6.97,6.86,1727597.0,12958797.0
2012-11-08,7.18,7.18,6.95,6.94,1678400.0,12804858.0
2012-11-07,7.22,7.29,7.21,7.18,1011108.0,7907563.0
2012-11-06,7.38,7.38,7.26,7.17,2896347.0,22692020.0
2012-11-05,7.35,7.43,7.38,7.31,1913795.0,15233057.0
2012-11-02,7.41,7.45,7.42,7.20,4154584.0,32971356.0
2012-11-01,7.53,7.68,7.45,7.39,9492512.0,77324024.0
2012-10-31,7.43,7.56,7.54,7.35,2938069.0,23694180.0
2012-10-30,7.43,7.46,7.44,7.35,1758113.0,14092765.0
2012-10-29,7.41,7.48,7.46,7.31,2370076.0,18956880.0
2012-10-26,7.39,7.50,7.48,7.26,3357601.0,26792184.0
2012-10-25,7.59,7.61,7.50,7.43,2577653.0,20941124.0
2012-10-24,7.52,7.64,7.59,7.47,4286273.0,35157512.0
2012-10-23,7.41,7.57,7.56,7.37,5525160.0,44812724.0
2012-10-22,7.35,7.43,7.42,7.27,1808417.0,14393084.0
2012-10-19,7.41,7.45,7.39,7.36,1524195.0,12205364.0
2012-10-18,7.34,7.44,7.43,7.30,3326130.0,26652056.0
2012-10-17,7.27,7.36,7.35,7.19,2108413.0,16580353.0
2012-10-16,7.11,7.29,7.29,7.05,2483593.0,19318028.0
2012-10-15,7.18,7.18,7.11,7.00,1775694.0,13566866.0
2012-10-12,7.19,7.27,7.18,7.09,1632432.0,12688002.0
2012-10-11,7.19,7.23,7.19,7.12,2952683.0,22977028.0
2012-10-10,7.19,7.26,7.22,7.17,2359463.0,18429468.0
2012-10-09,7.15,7.25,7.22,7.15,2805051.0,21928954.0
2012-10-08,7.11,7.20,7.14,7.03,1934842.0,14901933.0
2012-09-28,6.93,7.18,7.16,6.91,4251313.0,32626832.0
2012-09-27,6.56,7.04,6.99,6.51,6537024.0,47739860.0
2012-09-26,6.83,6.90,6.66,6.64,1897994.0,13876714.0
2012-09-25,6.93,7.00,6.87,6.83,2235983.0,16707226.0
2012-09-24,6.86,6.96,6.95,6.81,2141324.0,15998749.0
2012-09-21,7.01,7.14,6.89,6.86,3341406.0,25266944.0
2012-09-20,7.49,7.49,7.07,7.06,4500664.0,35269816.0
2012-09-19,7.51,7.54,7.49,7.41,5993236.0,48482456.0
2012-09-18,7.30,7.53,7.52,7.29,7265053.0,58398524.0
2012-09-17,7.42,7.47,7.38,7.25,4865963.0,38642052.0
2012-09-14,7.33,7.48,7.42,7.24,4486628.0,35780208.0
2012-09-13,7.37,7.37,7.33,7.27,2962604.0,23467892.0
2012-09-12,7.34,7.38,7.35,7.24,3391723.0,26840548.0
2012-09-11,7.39,7.39,7.33,7.23,4195628.0,33117604.0
2012-09-10,7.38,7.42,7.40,7.32,2810451.0,22460720.0
2012-09-07,7.14,7.48,7.39,7.10,7655045.0,60681448.0
2012-09-06,6.97,7.09,7.07,6.96,1570718.0,11957353.0
2012-09-05,6.88,7.06,6.99,6.85,1894714.0,14297737.0
2012-09-04,6.97,7.05,6.93,6.91,1692718.0,12804391.0
2012-09-03,6.80,7.03,6.95,6.79,1863427.0,13990738.0
2012-08-31,6.89,6.95,6.82,6.79,1918987.0,14237080.0
2012-08-30,7.04,7.10,6.89,6.65,2056348.0,15430349.0
2012-08-29,7.07,7.16,7.05,7.03,893832.0,6851159.0
2012-08-28,7.08,7.13,7.07,6.98,1942469.0,14840641.0
2012-08-27,7.15,7.23,7.04,7.02,2207498.0,16997352.0
2012-08-24,7.32,7.34,7.17,7.17,1432734.0,11238451.0
2012-08-23,7.28,7.37,7.35,7.23,1523456.0,12054650.0
2012-08-22,7.30,7.39,7.28,7.27,1578308.0,12522153.0
2012-08-21,7.20,7.39,7.33,7.16,2324762.0,18389176.0
2012-08-20,7.18,7.22,7.21,7.12,1180546.0,9160922.0
2012-08-17,7.24,7.25,7.20,7.10,2710873.0,21061298.0
2012-08-16,7.31,7.31,7.24,7.23,1502230.0,11822832.0
2012-08-15,7.43,7.43,7.30,7.29,1223228.0,9718275.0
2012-08-14,7.35,7.45,7.43,7.28,1652193.0,13176506.0
2012-08-13,7.54,7.55,7.40,7.39,1982355.0,16069442.0
2012-08-10,7.58,7.61,7.57,7.50,2810948.0,22998814.0
2012-08-09,7.49,7.63,7.61,7.47,2937948.0,24063116.0
2012-08-08,7.56,7.56,7.49,7.43,2388422.0,19360056.0
2012-08-07,7.57,7.60,7.55,7.47,2792032.0,22792592.0
2012-08-06,7.27,7.62,7.57,7.25,4626176.0,37361740.0
2012-08-03,7.17,7.34,7.32,7.14,2840118.0,22314012.0
2012-08-02,7.23,7.26,7.15,7.08,1986268.0,15371726.0
2012-08-01,7.14,7.33,7.27,7.14,1561411.0,12293083.0
2012-07-31,7.09,7.23,7.20,7.03,2170981.0,16793628.0
2012-07-30,7.18,7.28,7.11,7.08,1671283.0,12958771.0
2012-07-27,7.24,7.28,7.17,7.13,1494498.0,11658647.0
2012-07-26,7.39,7.41,7.19,7.16,2732126.0,21531734.0
2012-07-25,7.49,7.53,7.37,7.30,1823200.0,14656284.0
2012-07-24,7.44,7.57,7.51,7.40,1577451.0,12825679.0
2012-07-23,7.45,7.52,7.50,7.35,1845753.0,14825685.0
2012-07-20,7.63,7.69,7.50,7.48,3867511.0,31618106.0
2012-07-19,7.43,7.78,7.65,7.43,6087885.0,50529944.0
2012-07-18,7.20,7.54,7.47,7.17,7675156.0,61483696.0
2012-07-17,7.04,7.10,7.08,6.94,3358644.0,25505740.0
2012-07-16,7.75,7.77,7.02,6.96,8482125.0,66593632.0
2012-07-13,7.85,7.85,7.74,7.69,2711019.0,22747864.0
2012-07-12,7.71,7.89,7.83,7.68,3308906.0,27974188.0
2012-07-11,7.69,7.79,7.73,7.66,1954028.0,16356672.0
2012-07-10,7.54,7.79,7.70,7.51,2772056.0,22957122.0
2012-07-09,7.77,7.81,7.53,7.52,2355370.0,19618156.0
2012-07-06,7.63,7.89,7.82,7.54,3434780.0,28645184.0
2012-07-05,7.92,7.92,7.55,7.53,3036723.0,25236672.0
2012-07-04,7.98,8.02,7.94,7.90,1545856.0,13308368.0
2012-07-03,7.92,8.02,7.95,7.87,2836712.0,24488258.0
2012-07-02,7.77,7.99,7.94,7.76,3789649.0,32454492.0
2012-06-29,7.51,7.80,7.76,7.50,2713457.0,22520032.0
2012-06-28,7.92,7.98,7.66,7.58,2852848.0,24208208.0
2012-06-27,8.14,8.18,7.90,7.89,3758574.0,32908052.0
2012-06-26,8.14,8.21,8.14,8.08,2916820.0,25678060.0
2012-06-25,8.35,8.35,8.21,8.16,2874606.0,25578992.0
2012-06-21,8.48,8.52,8.36,8.30,3013714.0,27324880.0
2012-06-20,8.46,8.64,8.48,8.46,3310183.0,30690140.0
2012-06-19,8.60,8.62,8.44,8.40,3063626.0,28166530.0
2012-06-18,8.60,8.72,8.59,8.57,3449009.0,32232764.0
2012-06-15,8.60,8.62,8.58,8.50,3338808.0,30952020.0
2012-06-14,8.66,8.68,8.56,8.55,2389979.0,22317136.0
2012-06-13,8.55,8.66,8.65,8.53,3347823.0,31259992.0
2012-06-12,8.60,8.64,8.52,8.52,2294023.0,21328804.0
2012-06-11,8.48,8.68,8.67,8.45,4115616.0,38306848.0
2012-06-08,8.50,8.55,8.49,8.39,3570370.0,32776072.0
2012-06-07,8.55,8.57,8.41,8.40,2801627.0,25754608.0
2012-06-06,8.55,8.56,8.47,8.44,2783324.0,25618328.0
2012-06-05,8.52,8.62,8.51,8.45,6223401.0,57482216.0
2012-06-04,8.71,8.80,8.51,8.50,5652417.0,53066088.0
2012-06-01,8.96,9.04,8.89,8.87,7154584.0,69362864.0
2012-05-31,9.13,9.13,8.98,8.97,7391973.0,72345272.0
2012-05-30,9.26,9.40,9.22,9.17,8267974.0,83221112.0
2012-05-29,9.28,9.50,9.31,9.22,13268147.0,133471600.0
2012-05-28,9.56,9.56,9.38,9.22,20694078.0,208536560.0
2012-05-25,9.15,9.35,9.34,8.88,13843755.0,136775440.0
2012-05-24,9.30,9.31,9.17,9.11,7132731.0,70993280.0
2012-05-23,9.38,9.45,9.24,9.12,8983167.0,90017000.0
2012-05-22,9.49,9.58,9.38,9.31,10935380.0,111432832.0
2012-05-21,9.51,9.69,9.45,9.42,18096376.0,186449536.0
2012-05-18,9.60,9.77,9.65,9.41,14790130.0,152915152.0
2012-05-17,9.37,9.78,9.64,9.33,16658410.0,172521104.0
2012-05-16,9.60,9.60,9.46,9.22,12589183.0,127774640.0
2012-05-15,9.70,9.90,9.60,9.48,35616428.0,372501056.0
2012-05-14,9.41,10.14,9.93,9.23,37719600.0,393081824.0
2012-05-11,9.37,9.45,9.29,9.22,8074973.0,81946336.0
2012-05-10,9.26,9.41,9.37,9.20,7649106.0,77154648.0
2012-05-09,9.31,9.34,9.29,9.09,6864577.0,68593480.0
2012-05-08,9.24,9.42,9.37,9.19,5488186.0,55396500.0
2012-05-07,9.16,9.26,9.25,9.08,5551153.0,55304312.0
2012-05-04,9.11,9.26,9.24,9.08,4395798.0,43662456.0
2012-05-03,9.05,9.17,9.15,8.99,4475010.0,44148432.0
2012-05-02,9.01,9.05,9.04,8.88,6690561.0,65050212.0
2012-04-27,9.02,9.02,8.90,8.88,2371629.0,22941400.0
2012-04-26,9.07,9.20,8.98,8.93,6483863.0,63523168.0
2012-04-25,8.72,8.98,8.94,8.63,4674968.0,44941824.0
2012-04-24,8.75,8.89,8.68,8.49,4553832.0,42893040.0
2012-04-23,8.90,8.93,8.84,8.77,4786200.0,45820648.0
2012-04-20,8.91,8.95,8.90,8.71,5593789.0,53499576.0
2012-04-19,8.98,9.10,8.91,8.86,4326701.0,42003896.0
2012-04-18,8.86,9.03,9.01,8.79,4876339.0,47073892.0
2012-04-17,8.79,8.94,8.81,8.75,4533378.0,43477748.0
2012-04-16,8.72,8.88,8.87,8.63,4371907.0,41635136.0
2012-04-13,8.72,8.83,8.79,8.64,4669169.0,44224076.0
2012-04-12,8.50,8.73,8.70,8.45,4710158.0,43760016.0
2012-04-11,8.40,8.50,8.48,8.35,4784345.0,43709504.0
2012-04-10,8.45,8.52,8.51,8.27,3995576.0,36292264.0
2012-04-09,8.63,8.71,8.49,8.45,3891322.0,36078904.0
2012-04-05,8.50,8.69,8.67,8.48,4118952.0,38200772.0
2012-03-30,8.50,8.63,8.48,8.37,3621797.0,33338928.0
2012-03-29,8.77,8.90,8.47,8.40,4756523.0,44375104.0
2012-03-28,9.33,9.37,8.82,8.77,3947675.0,38758680.0
2012-03-27,9.43,9.49,9.38,9.34,2966636.0,30251948.0
2012-03-26,9.37,9.42,9.41,9.30,1517722.0,15385774.0
2012-03-23,9.59,9.68,9.37,9.31,3795158.0,38851156.0
2012-03-22,9.70,9.75,9.67,9.56,3552576.0,37110920.0
2012-03-21,9.78,9.85,9.70,9.51,4196715.0,44011996.0
2012-03-20,10.15,10.15,9.74,9.70,7315719.0,78103712.0
2012-03-19,9.95,10.24,10.16,9.88,9782272.0,106944408.0
2012-03-16,9.65,10.07,10.06,9.60,7808106.0,83172936.0
2012-03-15,9.49,9.72,9.63,9.48,7059335.0,73480480.0
2012-03-14,10.05,10.10,9.48,9.43,10453918.0,111451056.0
2012-03-13,10.00,10.05,10.05,9.93,6896538.0,74631480.0
2012-03-12,9.90,10.04,9.99,9.83,9963831.0,107376592.0
2012-03-09,9.83,9.92,9.87,9.77,7962816.0,84805296.0
2012-03-08,9.85,9.90,9.81,9.75,11311921.0,120102432.0
2012-03-07,9.56,9.96,9.83,9.45,18934376.0,200073968.0
2012-03-06,9.57,9.63,9.56,9.45,8020383.0,82610080.0
2012-03-05,9.62,9.77,9.64,9.54,7903481.0,82564408.0
2012-03-02,9.46,9.59,9.59,9.45,4214035.0,43522064.0
2012-03-01,9.45,9.56,9.45,9.42,4346482.0,44639692.0
2012-02-29,9.64,9.68,9.51,9.49,4241572.0,44000736.0
2012-02-28,9.70,9.70,9.60,9.46,5520790.0,57217912.0
2012-02-27,9.84,9.91,9.71,9.65,10762945.0,114069496.0
2012-02-24,9.56,9.79,9.77,9.50,7382608.0,77046016.0
2012-02-23,9.44,9.64,9.55,9.44,7171080.0,74061248.0
2012-02-22,9.28,9.46,9.44,9.26,7314517.0,74261712.0
2012-02-21,9.21,9.30,9.29,9.11,4235761.0,42185492.0
2012-02-20,9.38,9.44,9.22,9.21,4147409.0,41770360.0
2012-02-17,9.40,9.58,9.28,9.22,3510206.0,35342476.0
2012-02-16,9.23,9.51,9.42,9.22,6303876.0,63954160.0
2012-02-15,9.23,9.34,9.26,9.10,5450144.0,54495536.0
2012-02-14,9.27,9.36,9.24,9.18,5429755.0,54442948.0
2012-02-13,8.94,9.33,9.28,8.91,7919949.0,78811712.0
2012-02-10,9.01,9.16,9.01,8.93,5702185.0,55719360.0
2012-02-09,8.99,9.17,9.00,8.95,4913609.0,48186264.0
2012-02-08,8.82,9.08,8.99,8.70,3951290.0,38092528.0
2012-02-07,9.02,9.03,8.83,8.78,2355721.0,22571828.0
2012-02-06,8.98,9.10,9.01,8.95,3862252.0,37684152.0
2012-02-03,8.96,9.01,8.98,8.85,3631215.0,35155332.0
2012-02-01,8.90,8.99,8.77,8.74,2512969.0,24159648.0
2012-01-31,8.71,8.95,8.90,8.71,2847600.0,27303408.0
2012-01-30,8.85,8.86,8.69,8.68,1913265.0,18176280.0
2012-01-20,8.50,8.81,8.79,8.50,3464365.0,32701820.0
2012-01-19,8.48,8.60,8.50,8.33,2510213.0,23126972.0
2012-01-18,8.75,8.82,8.43,8.40,3822573.0,35512592.0
2012-01-17,8.42,8.91,8.75,8.39,3210132.0,29911964.0
2012-01-16,8.68,8.80,8.41,8.38,2347078.0,21752150.0
2012-01-13,9.22,9.30,8.78,8.66,2489015.0,23951394.0
2012-01-12,9.30,9.36,9.19,9.13,2129593.0,21268068.0
2012-01-11,9.27,9.46,9.26,9.18,2548516.0,25737336.0
2012-01-10,9.04,9.33,9.27,8.94,3607171.0,35944816.0
2012-01-09,8.72,9.02,8.99,8.64,1054423.0,10162969.0
2012-01-06,8.50,8.76,8.73,8.48,1364229.0,12677578.0
2012-01-05,8.59,8.73,8.54,8.50,2514013.0,23476656.0
2012-01-04,9.13,9.13,8.69,8.68,1524638.0,14637294.0
2011-12-30,8.71,9.10,9.01,8.71,2324597.0,22479980.0
2011-12-29,8.58,8.80,8.70,8.58,1434754.0,13523348.0
2011-12-28,8.59,8.77,8.62,8.45,1609929.0,14979744.0
2011-12-27,8.68,8.87,8.59,8.57,1976506.0,18652282.0
2011-12-26,8.71,8.86,8.74,8.63,2964389.0,28020344.0
2011-12-23,8.50,8.80,8.71,8.45,2597049.0,24394088.0
2011-12-22,8.90,8.96,8.56,8.37,2619278.0,24369732.0
2011-12-21,9.13,9.14,8.92,8.92,1855593.0,18079670.0
2011-12-20,9.07,9.19,9.02,8.99,2201506.0,21649392.0
2011-12-19,9.05,9.12,9.10,8.85,1522143.0,14815988.0
2011-12-16,8.97,9.19,9.12,8.95,2226775.0,21819128.0
2011-12-15,8.96,9.05,8.94,8.68,2243703.0,21554418.0
2011-12-14,9.05,9.05,9.04,8.92,1276995.0,12433285.0
2011-12-13,9.26,9.26,9.08,8.89,2784462.0,27258092.0
2011-12-12,9.34,9.34,9.28,9.19,1671699.0,16740101.0
2011-12-09,9.78,9.79,9.33,9.22,3490877.0,35975284.0
2011-12-08,9.91,9.94,9.87,9.70,1268664.0,13481307.0
2011-12-07,10.11,10.12,9.91,9.81,2067783.0,22270492.0
2011-12-06,10.06,10.16,10.06,9.94,1343540.0,14602738.0
2011-12-05,10.78,10.80,10.02,9.93,2846099.0,31663060.0
2011-12-02,10.97,11.11,10.86,10.85,3392809.0,40321800.0
2011-12-01,11.06,11.22,10.96,10.90,2570215.0,30880592.0
2011-11-30,11.03,11.13,10.78,10.66,1862007.0,21965372.0
2011-11-29,10.99,11.18,11.03,10.87,2839376.0,33895544.0
2011-11-28,11.02,11.02,10.91,10.80,1044886.0,12326670.0
2011-11-25,10.90,11.01,10.99,10.69,1754877.0,20582292.0
2011-11-24,10.62,10.91,10.89,10.62,1381643.0,16179222.0
2011-11-23,10.92,10.96,10.78,10.71,1313396.0,15347496.0
2011-11-22,11.01,11.01,10.92,10.66,919653.0,10807634.0
2011-11-21,10.87,11.07,11.03,10.86,804589.0,9535562.0
2011-11-18,11.26,11.32,10.96,10.94,2422136.0,29053720.0
2011-11-17,11.40,11.49,11.34,11.33,1192508.0,14699074.0
2011-11-16,11.76,11.76,11.40,11.34,1670676.0,20833920.0
2011-11-15,11.63,11.77,11.76,11.56,1573415.0,19927270.0
2011-11-14,11.48,11.64,11.58,11.46,1542310.0,19305872.0
2011-11-11,11.47,11.56,11.39,11.38,777267.0,9641534.0
2011-11-10,11.62,11.62,11.43,11.40,1463688.0,18206202.0
2011-11-09,11.57,11.70,11.69,11.44,1648856.0,20655756.0
2011-11-08,11.73,11.79,11.57,11.54,1416808.0,17826882.0
2011-11-07,11.82,11.95,11.75,11.72,1314387.0,16793560.0
2011-11-04,11.93,11.95,11.77,11.71,2313646.0,29655084.0
2011-11-03,11.73,12.02,11.71,11.70,3550660.0,45779548.0
2011-11-02,11.44,11.74,11.72,11.36,2002032.0,25043336.0
2011-11-01,11.48,11.72,11.61,11.38,1846964.0,23159420.0
2011-10-31,11.53,11.67,11.51,11.44,1369721.0,17129052.0
2011-10-28,11.40,11.51,11.50,11.25,1935731.0,23879988.0
2011-10-27,11.37,11.44,11.26,11.20,1166307.0,14284798.0
2011-10-26,10.84,11.51,11.37,10.78,4732310.0,58164784.0
2011-10-25,10.66,10.97,10.90,10.43,2448900.0,28627900.0
2011-10-24,10.51,10.69,10.66,10.40,1502749.0,17192188.0
2011-10-21,10.79,10.83,10.51,10.48,850378.0,9777775.0
2011-10-20,11.09,11.09,10.79,10.71,1158739.0,13605353.0
2011-10-19,10.99,11.18,11.08,10.90,1316474.0,15775220.0
2011-10-18,11.22,11.31,10.99,10.98,1674810.0,20283576.0
2011-10-17,11.03,11.39,11.35,10.99,2072428.0,25177036.0
2011-10-14,11.34,11.34,11.03,10.89,2769910.0,33096130.0
2011-10-13,11.11,11.38,11.37,11.02,2648994.0,32328040.0
2011-10-12,10.78,11.17,11.14,10.73,1843684.0,22031616.0
2011-10-11,11.17,11.25,10.76,10.57,1520565.0,18075508.0
2011-10-10,11.11,11.15,10.88,10.83,1261313.0,14943697.0
2011-09-30,11.20,11.26,11.06,11.00,1678697.0,20175030.0
2011-09-29,11.49,11.49,11.24,10.95,2366986.0,28553672.0
2011-09-28,11.60,11.66,11.45,11.44,1219942.0,15241879.0
2011-09-27,11.66,11.71,11.58,11.36,1778868.0,22224936.0
2011-09-26,11.81,11.89,11.58,11.54,1359881.0,17189466.0
2011-09-23,11.52,11.83,11.78,11.45,1091335.0,13804985.0
2011-09-22,12.08,12.10,11.69,11.08,1629401.0,21099762.0
2011-09-21,11.83,12.24,12.19,11.81,2127775.0,27811858.0
2011-09-20,11.82,11.99,11.90,11.75,1107377.0,14211797.0
2011-09-19,12.18,12.18,11.88,11.79,1983789.0,25657324.0
2011-09-16,12.31,12.41,12.18,12.15,1321057.0,17570160.0
2011-09-15,12.37,12.44,12.28,12.24,1491142.0,19948104.0
2011-09-14,12.24,12.30,12.29,12.08,1382201.0,18205044.0
2011-09-13,12.36,12.36,12.15,12.00,1818416.0,23877604.0
2011-09-09,12.59,12.67,12.41,12.37,1689595.0,22868432.0
2011-09-08,12.63,12.72,12.59,12.43,1781896.0,24238256.0
2011-09-07,12.36,12.64,12.63,12.35,2522870.0,34186920.0
2011-09-06,12.37,12.41,12.33,12.14,2251371.0,29900558.0
2011-09-05,12.74,12.74,12.46,12.26,3503930.0,47104964.0
2011-09-02,12.97,12.99,12.80,12.65,1540605.0,21331784.0
2011-09-01,12.95,13.24,13.00,12.92,1950585.0,27620748.0
2011-08-31,13.12,13.16,12.95,12.81,2666495.0,37461892.0
2011-08-30,13.52,13.56,13.07,13.03,4328664.0,62716560.0
2011-08-29,13.43,13.48,13.45,13.17,2900141.0,42075796.0
2011-08-26,13.33,13.47,13.32,13.25,3409542.0,49284200.0
2011-08-25,13.30,13.49,13.31,13.23,3845395.0,55707416.0
2011-08-24,13.25,13.41,13.32,13.09,4008027.0,57748328.0
2011-08-23,12.79,13.19,13.17,12.51,4394164.0,61486312.0
2011-08-22,13.47,13.56,12.74,12.65,7302644.0,102852224.0
2011-08-19,13.09,13.54,13.37,13.02,3262537.0,47126304.0
2011-08-18,13.67,13.74,13.36,13.25,4425901.0,64263848.0
2011-08-17,13.64,13.74,13.62,13.53,2716697.0,40086576.0
2011-08-16,13.99,14.08,13.62,13.61,5869529.0,87884760.0
2011-08-15,13.80,14.13,13.98,13.80,9079584.0,137875264.0
2011-08-12,13.72,14.17,13.71,13.53,9635852.0,144911840.0
2011-08-11,12.83,13.47,13.46,12.70,7011184.0,100461536.0
2011-08-10,12.83,13.00,12.99,12.73,3659001.0,51178672.0
2011-08-09,12.49,12.89,12.65,12.00,5612024.0,76578616.0
2011-08-08,12.71,13.24,12.78,12.39,6861315.0,96190672.0
2011-08-05,12.64,13.13,12.99,12.37,6303129.0,87708264.0
2011-08-04,13.09,13.23,12.93,12.90,4563528.0,64325604.0
2011-08-03,13.03,13.34,13.09,12.94,3828595.0,54439848.0
2011-08-02,13.01,13.27,13.11,13.00,4112506.0,58342672.0
2011-08-01,13.20,13.34,13.09,12.94,4020385.0,57232160.0
2011-07-29,13.43,13.57,13.19,13.12,4959302.0,71157152.0
2011-07-28,12.83,13.47,13.42,12.81,5960262.0,85493120.0
2011-07-27,12.76,13.17,13.07,12.76,5538028.0,78261920.0
2011-07-26,13.32,13.51,12.91,12.74,7951650.0,112284688.0
2011-07-25,13.53,14.22,13.32,13.28,15129038.0,225422640.0
2011-07-22,13.25,13.67,13.50,13.11,12929933.0,188206720.0
2011-07-21,13.06,13.59,13.14,12.72,16505213.0,236226848.0
2011-07-20,13.20,13.29,13.07,12.89,15573713.0,220346224.0
2011-07-19,13.07,13.07,12.89,12.81,5706706.0,79825568.0
2011-07-18,12.94,13.26,13.13,12.72,10688903.0,150411888.0
2011-07-15,13.11,13.17,13.07,12.83,10470591.0,147419744.0
2011-07-14,13.19,13.38,13.26,13.05,9813167.0,140449184.0
2011-07-13,12.89,13.36,13.30,12.83,14677179.0,207536016.0
2011-07-12,12.67,13.11,13.01,12.48,18397748.0,255654992.0
2011-07-11,12.81,13.06,12.80,12.48,14772623.0,205160928.0
2011-07-07,12.05,12.74,12.56,11.91,17448258.0,235382528.0
2011-07-06,11.91,12.11,12.01,11.84,3670573.0,47721964.0
2011-07-05,11.63,12.17,11.98,11.61,5702994.0,73811056.0
2011-07-04,11.52,11.72,11.65,11.47,3243830.0,40788408.0
2011-07-01,11.60,11.71,11.51,11.49,2044174.0,25502698.0
2011-06-30,11.45,11.68,11.59,11.35,4315116.0,53879696.0
2011-06-29,11.32,11.59,11.42,11.25,3233415.0,39869316.0
2011-06-28,11.33,11.42,11.31,11.22,2247292.0,27463322.0
2011-06-27,11.29,11.50,11.38,11.25,3657488.0,45101344.0
2011-06-24,11.16,11.36,11.28,11.05,3812617.0,46333168.0
2011-06-23,11.08,11.16,11.11,10.94,2755525.0,32967020.0
2011-06-22,11.03,11.14,10.98,10.95,2179932.0,26064800.0
2011-06-21,10.90,11.14,11.09,10.90,2503486.0,29977582.0
2011-06-20,10.88,11.03,10.88,10.80,2265731.0,26782830.0
2011-06-17,11.26,11.36,10.91,10.90,4188958.0,50598312.0
2011-06-16,11.75,11.75,11.34,11.26,4037701.0,50052700.0
2011-06-15,11.77,11.98,11.84,11.63,2995116.0,38329584.0
2011-06-14,11.67,11.87,11.78,11.62,2610081.0,33322532.0
2011-06-13,11.56,11.71,11.58,11.48,1807176.0,22660998.0
2011-06-10,11.63,11.87,11.76,11.54,5334529.0,67877776.0
2011-06-09,12.33,12.33,11.71,11.68,5874392.0,76135096.0
2011-06-08,12.34,12.44,12.35,12.22,4351375.0,58026524.0
2011-06-07,12.17,12.54,12.42,12.06,7145347.0,95244696.0
2011-06-03,11.99,12.35,12.25,11.82,8656331.0,113429192.0
2011-06-02,12.47,12.88,12.28,12.11,18733040.0,252099856.0
2011-06-01,11.87,12.23,12.19,11.84,5943049.0,77534432.0
2011-05-31,11.64,11.87,11.86,11.46,4072362.0,51586112.0
2011-05-30,11.35,11.71,11.64,11.11,5348813.0,66644840.0
2011-05-27,11.30,11.71,11.44,11.30,4936880.0,61562468.0
2011-05-26,11.63,11.78,11.39,11.26,7263638.0,90289584.0
2011-05-25,12.08,12.18,11.58,11.57,6514077.0,83415872.0
2011-05-24,11.92,12.14,12.10,11.75,4388709.0,56970200.0
2011-05-23,12.42,12.42,12.00,11.81,8170851.0,106137504.0
2011-05-20,12.37,12.50,12.46,12.26,5263444.0,70562296.0
2011-05-19,12.35,12.78,12.44,12.35,11614830.0,158445984.0
2011-05-18,12.15,12.34,12.31,12.06,3687965.0,48973132.0
2011-05-17,12.55,12.56,12.15,12.00,9425158.0,125325464.0
2011-05-16,12.65,12.89,12.59,12.56,8582614.0,118011640.0
2011-05-13,12.35,12.79,12.68,12.26,12238541.0,167193552.0
2011-05-12,12.57,12.78,12.33,12.32,14002188.0,191095168.0
2011-05-11,12.24,12.70,12.69,12.07,15139506.0,203848384.0
2011-05-10,12.32,12.34,12.29,12.00,9587895.0,126131104.0
2011-05-09,12.36,12.57,12.29,12.16,12764713.0,170217872.0
2011-05-06,12.01,12.47,12.33,11.95,16079661.0,214189904.0
2011-05-05,11.75,12.27,12.17,11.68,15448267.0,201285808.0
2011-05-04,11.70,11.98,11.79,11.53,10951339.0,140083696.0
2011-05-03,11.52,11.72,11.70,11.45,4174663.0,52412632.0
2011-04-29,11.23,11.54,11.45,11.22,3591521.0,44338928.0
2011-04-28,11.63,11.73,11.23,11.22,5776439.0,71881608.0
2011-04-27,11.68,11.86,11.59,11.36,4573658.0,57453144.0
2011-04-26,11.89,11.94,11.68,11.57,6519250.0,82666072.0
2011-04-25,11.73,12.02,11.87,11.69,12912280.0,166296304.0
2011-04-22,11.67,11.79,11.71,11.54,6744198.0,85407120.0
2011-04-21,11.48,11.85,11.69,11.46,10707720.0,135318128.0
2011-04-20,11.02,11.46,11.45,11.02,7554342.0,92499096.0
2011-04-19,11.21,11.21,11.01,11.00,5398751.0,64626328.0
2011-04-18,11.24,11.35,11.21,11.09,3986173.0,48380816.0
2011-04-15,11.34,11.38,11.26,11.08,3997537.0,48550092.0
2011-04-14,11.17,11.42,11.33,11.12,9291056.0,113509520.0
2011-04-13,11.08,11.15,11.12,10.80,6119904.0,72800232.0
2011-04-12,11.00,11.25,11.09,10.92,5541536.0,66484280.0
2011-04-11,11.37,11.43,11.00,10.97,9554452.0,114716976.0
2011-04-07,11.68,11.70,11.32,11.18,11366778.0,139562112.0
2011-04-06,11.91,12.56,11.83,10.77,21136018.0,276270080.0
2011-03-29,11.50,11.89,11.78,11.35,18460398.0,234265984.0
2011-03-28,11.48,11.57,11.48,11.26,9249749.0,114058256.0
2011-03-25,11.38,11.55,11.48,11.26,9743573.0,120522360.0
2011-03-24,11.31,11.50,11.45,11.26,8838981.0,108649560.0
2011-03-23,11.29,11.33,11.29,11.14,6393103.0,77845344.0
2011-03-22,11.36,11.38,11.26,11.14,3493804.0,42528936.0
2011-03-21,11.29,11.35,11.31,11.21,3601429.0,44006172.0
2011-03-18,11.32,11.37,11.27,11.22,2771035.0,33845580.0
2011-03-17,11.51,11.51,11.24,11.13,5873557.0,71699848.0
2011-03-16,11.37,11.68,11.60,11.34,4464344.0,55628436.0
2011-03-15,11.72,11.72,11.40,11.09,5926846.0,72933224.0
2011-03-14,11.58,11.75,11.72,11.51,4464636.0,56211312.0
2011-03-11,11.75,11.89,11.66,11.63,6236272.0,79421640.0
2011-03-10,11.99,11.99,11.82,11.73,5501549.0,70452072.0
2011-03-09,12.30,12.35,12.01,11.92,9402410.0,123029024.0
2011-03-08,12.23,12.45,12.28,12.14,13507774.0,179757456.0
2011-03-07,11.90,12.55,12.31,11.75,18134122.0,238019136.0
2011-03-04,11.73,11.93,11.89,11.68,5013240.0,64039416.0
2011-03-03,12.00,12.11,11.72,11.69,7795755.0,100170736.0
2011-03-02,11.91,12.14,12.05,11.83,12540717.0,162822784.0
2011-03-01,11.68,11.99,11.95,11.64,9990328.0,128457880.0
2011-02-28,11.53,11.68,11.67,11.32,7708587.0,96367448.0
2011-02-25,11.20,11.59,11.50,11.19,8306024.0,102352680.0
2011-02-24,11.25,11.28,11.18,11.11,4074471.0,49406596.0
2011-02-23,11.14,11.26,11.19,11.11,3591165.0,43464120.0
2011-02-22,11.72,11.73,11.22,11.19,4950213.0,61148768.0
2011-02-21,11.50,11.75,11.68,11.49,4770991.0,60150244.0
2011-02-18,11.66,11.66,11.49,11.43,4062703.0,50675336.0
2011-02-17,11.93,12.05,11.71,11.40,6253093.0,78931696.0
2011-02-16,11.75,11.91,11.89,11.62,4175853.0,53191588.0
2011-02-15,11.73,11.96,11.77,11.65,5299610.0,68049472.0
2011-02-14,11.59,11.82,11.73,11.54,7022006.0,88888768.0
2011-02-11,11.27,11.83,11.61,11.25,6842346.0,85902720.0
2011-02-10,11.04,11.38,11.34,10.97,4614039.0,55721088.0
2011-02-09,11.17,11.32,11.07,11.03,2760756.0,33322436.0
2011-02-01,11.37,11.38,11.26,11.08,2883907.0,35136012.0
2011-01-31,11.32,11.49,11.38,11.21,3736416.0,45998860.0
2011-01-28,11.41,11.45,11.32,11.11,3743528.0,45718928.0
2011-01-27,11.28,11.50,11.42,10.97,3378953.0,41705760.0
2011-01-26,11.22,11.36,11.31,11.16,2523713.0,30781620.0
2011-01-25,10.89,11.31,11.26,10.44,3645796.0,43149348.0
2011-01-24,11.14,11.26,10.89,10.81,2013891.0,23931156.0
2011-01-21,11.02,11.36,11.10,11.02,2740525.0,33191740.0
2011-01-20,11.50,11.50,11.02,10.97,4269306.0,51527588.0
2011-01-19,11.26,11.62,11.51,11.24,3118719.0,38589452.0
2011-01-18,11.14,11.45,11.23,11.08,2818265.0,34259180.0
2011-01-17,11.65,11.75,11.09,11.08,3104234.0,38063756.0
2011-01-14,11.96,11.96,11.75,11.65,1990662.0,25392164.0
2011-01-13,11.83,11.96,11.85,11.75,1722811.0,22094400.0
2011-01-12,11.97,12.00,11.80,11.71,1906821.0,24419820.0
2011-01-11,11.83,12.14,11.96,11.48,4263029.0,54273120.0
2011-01-10,12.38,12.43,11.83,11.63,3876284.0,50505864.0
2011-01-07,12.45,12.54,12.38,12.23,3574648.0,47838424.0
2011-01-06,12.36,12.60,12.48,12.11,4370769.0,58802416.0
2011-01-05,12.47,12.58,12.28,12.20,5339231.0,71437808.0
2011-01-04,11.96,12.54,12.37,11.96,8222234.0,109028952.0
