date,open,high,close,low,volume,amount
2015-11-27,14.38,14.74,13.52,13.21,11752308.0,166844576.0
2015-11-26,14.85,14.95,14.52,14.49,9678885.0,141860992.0
2015-11-25,14.75,14.83,14.80,14.50,9390963.0,138002848.0
2015-11-24,15.00,15.24,14.74,14.46,10515181.0,154364576.0
2015-11-23,14.86,15.81,14.94,14.77,20134940.0,306522176.0
2015-11-20,14.36,15.11,14.92,14.36,21645670.0,318103072.0
2015-11-19,14.29,14.58,14.46,14.10,11953200.0,171784272.0
2015-11-18,13.98,14.40,14.29,13.81,15097502.0,214409120.0
2015-11-17,13.95,14.28,13.89,13.80,12422695.0,174000304.0
2015-11-16,13.30,13.87,13.79,13.22,7277354.0,99491112.0
2015-11-13,13.87,13.95,13.63,13.50,11418810.0,156881872.0
2015-11-12,14.51,14.58,14.15,13.96,12906240.0,183585648.0
2015-11-11,14.48,14.70,14.48,14.29,11638547.0,167994064.0
2015-11-10,14.30,14.75,14.52,14.24,18433540.0,266417856.0
2015-11-09,13.91,14.83,14.62,13.75,22360512.0,318341024.0
2015-11-06,13.82,14.35,14.15,13.70,17543094.0,245935776.0
2015-11-05,14.15,14.15,13.82,13.58,19256512.0,266644384.0
2015-11-04,13.46,14.03,14.00,13.37,20156712.0,277623808.0
2015-11-03,13.67,13.99,13.46,13.21,15276554.0,208229232.0
2015-11-02,13.30,14.20,13.67,12.91,22166292.0,299639232.0
2015-10-30,13.30,14.12,13.56,13.20,27502634.0,374588256.0
2015-10-29,12.71,13.08,12.98,12.41,11129374.0,142681664.0
2015-10-28,12.82,13.08,12.70,12.50,11472082.0,147129136.0
2015-10-27,12.60,13.08,12.83,11.98,11305143.0,142083552.0
2015-10-26,12.98,13.00,12.65,12.52,10432729.0,133046408.0
2015-10-23,12.52,12.95,12.78,12.28,16630249.0,210669696.0
2015-10-22,11.81,12.78,12.57,11.81,16574229.0,204241008.0
2015-10-21,13.05,13.22,11.86,11.86,15731760.0,196569920.0
2015-10-20,12.98,13.28,13.18,12.70,13977564.0,181204992.0
2015-10-19,12.82,13.39,13.25,12.69,18960320.0,246268592.0
2015-10-16,13.00,13.03,12.97,12.58,18428724.0,236316048.0
2015-10-15,12.79,13.35,13.13,12.38,26358296.0,337688608.0
2015-10-14,12.30,12.79,12.79,12.30,8572182.0,108857264.0
2015-10-13,11.05,11.81,11.63,11.05,14540350.0,166508496.0
2015-10-12,10.75,11.47,11.26,10.75,13588841.0,151211120.0
2015-10-09,10.47,10.86,10.72,10.32,9798821.0,103590848.0
2015-10-08,10.33,10.62,10.45,10.19,8140437.0,84607112.0
2015-09-30,10.00,10.22,9.99,9.88,4964163.0,49728048.0
2015-09-29,10.00,10.18,9.90,9.85,5936887.0,59181748.0
2015-09-28,10.19,10.36,10.28,9.88,5203582.0,52984512.0
2015-09-25,10.78,10.91,10.12,9.93,8358229.0,86724416.0
2015-09-24,10.51,10.90,10.72,10.51,9146306.0,98038312.0
2015-09-23,10.30,11.20,10.69,10.13,13827683.0,147347872.0
2015-09-22,10.58,10.80,10.60,10.38,12200458.0,129577312.0
2015-09-21,9.89,10.48,10.41,9.71,9866987.0,100974520.0
2015-09-18,9.84,10.18,10.02,9.51,8554374.0,84298888.0
2015-09-17,10.09,10.65,9.66,9.58,14521754.0,148031856.0
2015-09-16,9.20,10.00,10.00,9.10,13371369.0,127069792.0
2015-09-15,9.70,9.98,9.09,9.09,12082132.0,113573208.0
2015-09-14,11.50,11.79,10.10,10.10,14850838.0,162047904.0
2015-09-11,10.93,11.30,11.22,10.71,14874565.0,163917520.0
2015-09-10,11.34,11.95,11.21,10.30,20007260.0,230445632.0
2015-09-09,10.34,11.23,11.23,10.23,12173839.0,132017312.0
2015-09-08,9.39,10.27,10.21,9.14,10960080.0,106782864.0
2015-09-07,9.43,9.85,9.39,9.16,11249879.0,107008416.0
2015-09-02,9.14,10.24,9.14,9.14,15663018.0,147987504.0
2015-09-01,10.03,10.74,10.15,9.75,19824300.0,205088928.0
2015-08-31,10.68,10.70,10.01,9.99,12602776.0,130181832.0
2015-08-28,10.20,10.70,10.66,9.98,16726394.0,172515104.0
2015-08-27,9.28,9.82,9.79,8.88,16456579.0,153583744.0
2015-08-26,10.01,10.39,8.98,8.98,19778380.0,189476832.0
2015-08-25,9.98,10.21,9.98,9.98,9146367.0,91537456.0
2015-08-24,11.09,11.48,11.09,11.09,7716897.0,85967200.0
2015-08-21,13.02,13.48,12.32,12.32,16613545.0,212444672.0
2015-08-20,14.80,15.18,13.69,13.69,21596628.0,310643520.0
2015-08-19,13.99,15.68,15.21,13.51,22437352.0,319139488.0
2015-08-18,16.74,17.18,15.01,15.01,22594324.0,363046688.0
2015-08-17,16.40,17.20,16.68,16.00,26725482.0,443400864.0
2015-08-14,15.50,16.80,16.76,15.20,29558576.0,468789280.0
2015-08-13,14.01,15.37,15.27,13.81,23514950.0,342006560.0
2015-08-12,14.08,14.60,14.22,13.88,16088778.0,229067952.0
2015-08-11,14.15,14.51,14.12,13.71,20050910.0,283440384.0
2015-08-10,13.60,14.31,14.21,13.29,18547250.0,258773984.0
2015-08-07,13.20,13.69,13.40,13.01,17169880.0,228200464.0
2015-08-06,12.31,13.39,13.09,12.25,14723168.0,188802336.0
2015-08-05,13.27,13.65,12.87,12.70,20099912.0,265082496.0
2015-08-04,11.95,13.27,13.27,11.78,21042124.0,265275056.0
2015-08-03,13.02,13.33,12.06,12.06,13951494.0,174013920.0
2015-07-31,12.92,13.88,13.40,12.71,18883956.0,252566160.0
2015-07-30,12.83,13.96,13.18,12.79,25418480.0,342607520.0
2015-07-29,11.99,12.69,12.69,11.16,20331644.0,242705696.0
2015-07-28,12.00,12.82,11.54,11.54,22162718.0,261850992.0
2015-07-27,13.80,14.58,12.82,12.82,18170560.0,252637584.0
2015-07-24,14.54,15.05,14.24,14.00,22879744.0,331044064.0
2015-07-23,13.50,14.85,14.74,13.45,23246506.0,332398272.0
2015-07-22,14.60,15.26,13.74,13.40,32901992.0,472168736.0
2015-07-21,13.37,13.87,13.87,12.87,27898906.0,380999296.0
2015-07-20,11.97,12.62,12.61,10.51,28020968.0,340601888.0
2015-07-17,10.65,11.69,11.47,10.65,16804164.0,189612992.0
2015-07-16,9.43,11.28,10.73,9.43,20419022.0,213530624.0
2015-07-15,11.03,11.33,10.36,10.36,19959604.0,214212112.0
2015-07-14,11.03,11.50,11.50,10.65,29025472.0,327014688.0
2015-07-13,10.38,10.46,10.46,9.98,18318052.0,189849872.0
2015-07-10,8.84,9.51,9.51,8.74,9119901.0,84947184.0
2015-07-09,7.06,8.64,8.64,7.06,23918712.0,192309168.0
2015-07-08,7.85,7.85,7.85,7.85,2092100.0,16464827.0
2015-07-07,9.09,9.09,8.72,8.72,6260249.0,55175184.0
2015-07-06,11.77,11.77,9.69,9.69,17061816.0,176884160.0
2015-07-03,10.86,11.83,10.77,10.77,13949586.0,153104944.0
2015-07-02,12.67,13.26,11.96,11.96,11501684.0,141732736.0
2015-07-01,14.56,14.96,13.29,13.29,12449646.0,177651536.0
2015-06-30,13.34,15.14,14.77,12.89,18052268.0,248878368.0
2015-06-29,16.26,16.35,14.33,14.33,13195234.0,194784192.0
2015-06-26,16.96,16.96,15.93,15.93,11095933.0,179263152.0
2015-06-25,19.13,19.51,17.69,17.47,11532345.0,217083312.0
2015-06-24,18.91,19.46,19.18,18.51,14098899.0,269824320.0
2015-06-23,20.23,20.75,18.85,18.19,13741071.0,258276944.0
2015-06-19,21.69,22.10,20.21,20.21,8863034.0,185727712.0
2015-06-18,23.24,23.83,22.45,22.35,10124182.0,236848128.0
2015-06-17,22.91,23.33,23.24,22.18,10652592.0,244495040.0
2015-06-16,22.25,23.04,22.49,21.75,10826017.0,244792496.0
2015-06-15,23.67,23.67,22.42,21.95,13518013.0,308860640.0
2015-06-12,24.05,24.30,23.79,23.63,14963439.0,358598816.0
2015-06-11,24.02,24.54,24.05,23.75,12070310.0,291715424.0
2015-06-10,23.45,25.44,24.27,23.07,16994056.0,411491584.0
2015-06-09,24.57,26.93,24.32,23.07,30106968.0,728790848.0
2015-06-08,25.92,27.07,25.44,24.95,27587048.0,717182400.0
2015-06-05,22.94,27.07,27.06,22.14,55924824.0,1336507648.0
2015-06-04,22.86,25.52,24.61,21.96,17021920.0,408209120.0
2015-06-03,21.73,23.86,23.21,21.73,14422875.0,332368448.0
2015-06-02,19.98,21.69,21.69,19.78,14511258.0,302373248.0
2015-06-01,19.30,19.94,19.72,18.67,11247072.0,217829408.0
2015-05-29,18.84,20.06,18.96,18.59,11769144.0,226281312.0
2015-05-28,20.33,21.81,19.39,19.14,16778830.0,345965984.0
2015-05-27,19.92,20.93,20.36,19.51,10728756.0,218815936.0
2015-05-26,19.76,20.24,19.92,19.36,9495915.0,187599600.0
2015-05-25,18.14,19.94,19.55,17.79,13201251.0,253475232.0
2015-05-22,16.96,18.39,18.25,16.69,13638606.0,241054096.0
2015-05-21,16.66,16.96,16.85,16.46,8734565.0,146264576.0
2015-05-20,17.16,18.01,17.00,16.96,8966253.0,157468880.0
2015-05-19,16.48,17.26,17.02,16.32,7558028.0,128060840.0
2015-05-18,15.97,16.96,16.48,15.97,5973158.0,98565096.0
2015-05-15,16.85,16.85,16.22,15.47,6657055.0,108224288.0
2015-05-14,16.09,17.16,16.85,16.06,10930293.0,182944464.0
2015-05-13,15.75,16.46,16.09,15.52,7565795.0,120634608.0
2015-05-12,15.65,15.84,15.75,15.52,6121553.0,96194624.0
2015-05-11,15.22,15.81,15.75,15.17,6532608.0,101642600.0
2015-05-08,14.64,15.16,14.98,14.54,5225793.0,77499032.0
2015-05-07,15.36,15.45,14.43,14.42,6203975.0,92080632.0
2015-05-06,15.95,16.16,15.36,14.97,4807875.0,75224464.0
2015-05-05,16.57,16.57,15.96,15.72,4052225.0,65447784.0
2015-05-04,16.56,16.64,16.52,16.16,5023498.0,82421672.0
2015-04-30,15.99,16.77,16.50,15.94,8880470.0,146810608.0
2015-04-29,15.12,16.14,15.83,14.85,5687493.0,88855376.0
2015-04-28,16.26,16.34,15.37,15.23,8245510.0,128957288.0
2015-04-27,16.27,16.82,16.27,16.14,7090721.0,116372800.0
2015-04-24,16.40,16.95,16.30,16.14,7720068.0,128280592.0
2015-04-23,16.03,16.55,16.29,15.87,8110421.0,131323608.0
2015-04-22,15.76,16.14,15.98,15.57,6655558.0,105823360.0
2015-04-21,15.23,15.87,15.70,14.47,9924379.0,150451808.0
2015-04-20,16.16,16.16,15.23,15.15,13039280.0,204771472.0
2015-04-17,16.75,16.95,16.41,16.34,7675286.0,126782856.0
2015-04-16,16.36,17.06,16.70,15.97,9072090.0,150987776.0
2015-04-15,15.79,17.41,17.14,15.77,14007498.0,229931824.0
2015-04-14,15.85,15.90,15.89,15.36,7430799.0,115979512.0
2015-04-13,15.87,16.11,15.86,15.60,5352460.0,84970328.0
2015-04-10,15.87,16.26,15.92,15.68,7377297.0,118113088.0
2015-04-09,15.95,16.01,15.87,15.15,7768466.0,121886984.0
2015-04-08,16.31,16.42,16.13,15.67,7228062.0,115877096.0
2015-04-07,15.46,16.25,16.23,15.46,11780122.0,187520624.0
2015-04-03,14.93,15.67,15.43,14.85,7961734.0,122164040.0
2015-04-02,15.28,15.28,15.09,14.90,7191383.0,108650064.0
2015-04-01,14.80,15.67,15.24,14.80,10316997.0,158137440.0
2015-03-31,13.96,15.27,15.03,13.96,14313293.0,212315664.0
2015-03-30,13.54,14.10,13.96,13.53,8067526.0,111288608.0
2015-03-27,13.48,13.85,13.63,13.31,6990327.0,95260872.0
2015-03-26,12.81,14.07,13.47,12.79,11860521.0,161060480.0
2015-03-25,12.91,12.91,12.79,12.70,6063576.0,77702408.0
2015-03-24,12.86,13.04,12.96,12.26,11157357.0,141617312.0
2015-03-23,12.84,12.94,12.89,12.67,8102556.0,104258952.0
2015-03-20,12.82,13.06,12.89,12.60,7508262.0,96692960.0
2015-03-19,12.95,13.06,12.84,12.54,9717662.0,124608032.0
2015-03-18,12.97,13.27,13.07,12.86,7587912.0,99145760.0
2015-03-17,12.85,13.23,12.95,12.67,7985735.0,103774520.0
2015-03-16,12.55,13.16,12.97,12.42,8120003.0,104542912.0
2015-03-13,12.25,12.55,12.40,12.18,6203129.0,76792232.0
2015-03-12,12.55,12.94,12.38,12.22,8229896.0,103611024.0
2015-03-11,12.20,12.65,12.56,12.02,8360169.0,103857904.0
2015-03-10,11.91,12.40,12.22,11.87,9420531.0,114899152.0
2015-03-09,11.18,12.29,12.14,11.09,13961960.0,164067312.0
2015-03-06,11.15,11.36,11.18,10.87,7092356.0,79039480.0
2015-03-05,11.13,11.19,11.11,10.95,6075473.0,67338384.0
2015-03-04,11.24,11.53,11.22,11.08,7314762.0,82232816.0
2015-03-03,11.08,11.41,11.16,10.90,7001373.0,78231240.0
2015-03-02,10.98,11.26,11.13,10.81,7700222.0,85036224.0
2015-02-27,11.26,11.28,11.06,10.64,10735440.0,117626456.0
2015-02-26,11.15,11.38,11.15,11.04,5109625.0,57100320.0
2015-02-25,11.37,11.48,11.11,10.98,7168406.0,80182840.0
2015-02-17,11.12,11.59,11.37,10.87,10578456.0,118777664.0
2015-02-16,10.16,11.17,11.07,10.15,13560440.0,147584528.0
2015-02-13,9.89,10.48,10.15,9.89,11030253.0,112558344.0
2015-02-12,9.71,10.02,9.89,9.59,7166082.0,70834496.0
2015-02-11,9.47,10.03,9.74,9.39,9365035.0,91129312.0
2015-02-10,9.78,9.81,9.46,9.43,7976470.0,76368888.0
2015-02-09,10.02,10.16,9.67,9.58,13814410.0,135840576.0
2015-02-06,8.89,9.88,9.88,8.89,20020824.0,192825696.0
2015-02-05,9.68,9.73,8.98,8.97,17606710.0,162972160.0
2015-02-04,9.47,9.58,9.42,9.28,5139632.0,48579816.0
2015-02-03,9.47,9.73,9.45,9.36,8709950.0,83219096.0
2015-02-02,8.96,9.64,9.48,8.83,10541972.0,98580832.0
2015-01-30,9.29,9.41,9.05,9.00,10025654.0,92000088.0
2015-01-29,9.31,9.68,9.40,9.25,8032205.0,76361240.0
2015-01-28,9.24,9.66,9.38,9.10,10597071.0,100253312.0
2015-01-27,9.18,9.35,9.24,8.93,10050680.0,92013736.0
2015-01-26,8.68,9.40,9.17,8.68,15130904.0,138516320.0
2015-01-23,8.40,8.67,8.56,8.26,9327914.0,79414848.0
2015-01-22,7.90,8.57,8.41,7.85,8423301.0,69495856.0
2015-01-21,7.88,8.03,7.90,7.84,5207477.0,41445624.0
2015-01-20,7.45,7.66,7.66,7.45,2516179.0,19144120.0
2015-01-19,7.51,7.77,7.46,7.31,3947318.0,29893036.0
2015-01-16,7.86,7.91,7.81,7.74,2572155.0,20097636.0
2015-01-15,7.70,7.90,7.86,7.70,2773503.0,21816088.0
2015-01-14,7.75,7.83,7.70,7.68,1807638.0,14037158.0
2015-01-13,7.63,7.84,7.76,7.63,2273281.0,17672176.0
2015-01-12,7.78,7.84,7.59,7.57,3586400.0,27667692.0
2015-01-09,7.87,7.92,7.87,7.73,4693527.0,36849844.0
2015-01-08,8.01,8.03,7.92,7.88,3387531.0,26985776.0
2015-01-07,7.96,8.07,8.00,7.88,3376141.0,27008524.0
2015-01-06,8.04,8.07,7.97,7.87,4944140.0,39384140.0
2015-01-05,8.08,8.14,8.06,7.91,3488209.0,28102280.0
2014-12-31,7.86,8.10,8.09,7.84,3024033.0,24181396.0
2014-12-30,8.21,8.21,7.96,7.86,4661324.0,37338576.0
2014-12-29,8.54,8.54,8.21,8.10,5459868.0,45380748.0
2014-12-26,8.47,8.65,8.55,8.39,6269691.0,53521696.0
2014-12-25,8.45,8.50,8.49,8.25,5525257.0,46397152.0
2014-12-24,8.15,8.48,8.46,8.15,8303014.0,69549760.0
2014-12-23,8.13,8.35,8.14,7.94,6427615.0,52859220.0
2014-12-22,7.77,8.20,8.16,7.59,8922645.0,70138584.0
2014-12-19,8.06,8.06,7.89,7.68,6104783.0,47981204.0
2014-12-18,8.08,8.22,8.07,8.04,4465584.0,36245556.0
2014-12-17,8.33,8.34,8.10,8.01,6183670.0,50268160.0
2014-12-16,8.43,8.46,8.33,8.23,5671236.0,47246568.0
2014-12-15,8.32,8.47,8.42,8.20,4732459.0,39879856.0
2014-12-12,8.35,8.48,8.37,8.22,4853314.0,40640564.0
2014-12-11,8.16,8.32,8.31,8.00,6123429.0,50432252.0
2014-12-10,7.76,8.26,8.15,7.68,7102995.0,56873112.0
2014-12-09,8.34,8.35,7.86,7.86,10024243.0,81279008.0
2014-12-08,8.48,8.48,8.35,8.29,8838198.0,74184240.0
2014-12-05,8.94,8.94,8.52,8.27,13136803.0,113171720.0
2014-12-04,8.90,9.16,8.99,8.83,11763466.0,105805040.0
2014-12-03,9.09,9.14,8.99,8.77,18264748.0,162991552.0
2014-12-02,8.38,9.21,9.18,8.38,29065726.0,265241008.0
2014-12-01,8.22,8.38,8.37,7.95,9023572.0,73396632.0
2014-11-28,8.06,8.40,8.22,8.00,9712575.0,80466248.0
2014-11-27,8.14,8.14,8.05,7.98,5719403.0,46204592.0
2014-11-26,8.08,8.22,8.12,7.92,7331247.0,59243248.0
2014-11-25,7.70,8.02,8.02,7.67,5899335.0,46564776.0
2014-11-24,7.61,7.82,7.71,7.61,5166421.0,40056184.0
2014-11-21,7.48,7.57,7.56,7.46,2458844.0,18574864.0
2014-11-20,7.48,7.55,7.48,7.41,1940765.0,14559052.0
2014-11-19,7.47,7.53,7.52,7.41,2584545.0,19358368.0
2014-11-18,7.34,7.47,7.46,7.31,2476479.0,18393978.0
2014-11-17,7.26,7.43,7.36,7.13,3844776.0,28155632.0
2014-11-14,7.19,7.31,7.30,7.03,4825396.0,34640756.0
2014-11-13,7.34,7.41,7.18,7.14,6482592.0,47021704.0
2014-11-12,7.38,7.52,7.47,7.35,2574055.0,19246316.0
2014-11-11,7.86,7.86,7.38,7.34,6691982.0,50628640.0
2014-11-10,7.63,7.85,7.83,7.60,4775333.0,37191716.0
2014-11-07,7.82,7.86,7.66,7.51,4397353.0,34175536.0
2014-11-06,7.93,7.93,7.82,7.67,6221899.0,48511532.0
2014-11-05,7.90,7.98,7.94,7.83,3201996.0,25430512.0
2014-11-04,7.99,8.00,7.92,7.83,5825099.0,46104976.0
2014-11-03,7.89,8.07,8.01,7.88,6417804.0,51386364.0
2014-10-31,7.81,7.93,7.87,7.80,4480365.0,35286232.0
2014-10-30,7.92,8.01,7.87,7.85,6209744.0,49283724.0
2014-10-29,7.96,8.07,8.01,7.88,7035002.0,56502548.0
2014-10-28,7.74,7.90,7.87,7.74,4186945.0,32799320.0
2014-10-27,7.62,7.82,7.78,7.61,2437164.0,18803276.0
2014-10-24,7.62,7.78,7.67,7.61,2413057.0,18505312.0
2014-10-23,7.70,7.82,7.66,7.64,3484567.0,26812332.0
2014-10-22,7.73,7.99,7.69,7.66,6016975.0,47033504.0
2014-10-21,8.02,8.17,7.73,7.71,11948717.0,94344936.0
2014-10-20,8.24,8.34,8.31,8.20,4362859.0,35918572.0
2014-10-17,8.66,8.77,8.29,8.18,8710315.0,72939720.0
2014-10-16,8.44,8.86,8.67,8.35,9980920.0,85382848.0
2014-10-15,8.36,8.51,8.51,8.22,5929814.0,49414296.0
2014-10-14,8.54,8.60,8.39,8.34,5801769.0,48828384.0
2014-10-13,8.25,8.61,8.58,8.08,7816015.0,65001620.0
2014-10-10,8.20,8.47,8.31,8.15,7109738.0,59084688.0
2014-10-09,8.36,8.42,8.25,8.18,5766295.0,47501120.0
2014-10-08,8.37,8.42,8.41,8.15,6892935.0,57110844.0
2014-09-30,8.37,8.43,8.36,8.31,5597880.0,46557712.0
2014-09-29,8.43,8.48,8.40,8.26,8219856.0,68389952.0
2014-09-26,8.12,8.54,8.43,8.06,12544661.0,103632728.0
2014-09-25,8.34,8.70,8.12,8.00,18769970.0,154048544.0
2014-09-24,7.82,8.02,7.95,7.73,7505643.0,59208472.0
2014-09-23,7.62,7.90,7.82,7.62,6310768.0,48752384.0
2014-09-22,7.83,7.84,7.59,7.57,6228905.0,47565572.0
2014-09-19,7.92,8.02,7.86,7.73,6034650.0,47162456.0
2014-09-18,7.65,8.20,7.88,7.64,8973268.0,70871352.0
2014-09-17,7.53,7.68,7.62,7.35,8788893.0,65642036.0
2014-09-16,8.00,8.05,7.54,7.51,13786329.0,106802864.0
2014-09-15,7.92,8.23,7.96,7.83,11530445.0,92562384.0
2014-09-12,7.56,7.90,7.85,7.48,12936447.0,99582744.0
2014-09-11,7.41,7.90,7.56,7.36,14527743.0,110298024.0
2014-09-10,7.21,7.49,7.42,7.16,11590110.0,85087512.0
2014-09-09,7.24,7.26,7.22,7.09,7544742.0,53887304.0
2014-09-05,7.01,7.32,7.24,7.00,11066279.0,79522584.0
2014-09-04,7.14,7.16,7.03,6.95,8244164.0,57759760.0
2014-09-03,6.94,7.08,7.04,6.90,9975217.0,69310896.0
2014-09-02,6.97,6.97,6.94,6.85,7724893.0,53047820.0
2014-09-01,6.73,6.96,6.88,6.71,7382043.0,50510504.0
2014-08-29,6.58,6.71,6.71,6.54,4032390.0,26664888.0
2014-08-28,6.58,6.63,6.60,6.51,4846306.0,31649790.0
2014-08-27,6.55,6.66,6.56,6.55,3345112.0,21962770.0
2014-08-26,6.73,6.74,6.53,6.50,5772877.0,38011008.0
2014-08-25,6.91,6.91,6.74,6.73,5691174.0,38435800.0
2014-08-22,6.83,6.94,6.90,6.74,7209484.0,49227260.0
2014-08-21,6.88,7.01,6.81,6.72,8315152.0,56658168.0
2014-08-20,6.73,7.12,6.89,6.67,15033742.0,103455544.0
2014-08-19,6.71,6.76,6.72,6.63,7435415.0,49538928.0
2014-08-18,6.62,6.75,6.70,6.61,9218686.0,61353104.0
2014-08-15,6.52,6.66,6.64,6.47,7209867.0,47229560.0
2014-08-14,6.57,6.73,6.52,6.51,8010362.0,52832592.0
2014-08-13,6.68,6.69,6.63,6.41,9329793.0,61234396.0
2014-08-12,6.64,6.71,6.70,6.55,11016463.0,72586544.0
2014-08-11,6.57,6.78,6.68,6.54,20528252.0,136620384.0
2014-08-08,6.23,6.62,6.56,6.20,19164316.0,123792968.0
2014-08-07,6.36,6.37,6.23,6.21,6479757.0,40534412.0
2014-08-06,6.39,6.39,6.37,6.28,6533526.0,41162684.0
2014-08-05,6.32,6.42,6.39,6.29,7830139.0,49525800.0
2014-08-04,6.27,6.33,6.32,6.22,7232222.0,45293080.0
2014-08-01,6.36,6.43,6.28,6.27,8565160.0,54182888.0
2014-07-31,6.33,6.41,6.39,6.26,7782851.0,49321440.0
2014-07-30,6.35,6.37,6.33,6.25,7131318.0,44794956.0
2014-07-29,6.29,6.43,6.38,6.21,12236461.0,77110888.0
2014-07-28,6.23,6.32,6.24,6.16,9443681.0,58514496.0
2014-07-25,6.27,6.33,6.22,6.13,9151099.0,56437440.0
2014-07-24,6.33,6.45,6.33,6.25,15791140.0,99677040.0
2014-07-23,6.14,6.26,6.23,6.09,10995499.0,67625544.0
2014-07-22,6.11,6.24,6.15,6.05,9954604.0,60776292.0
2014-07-21,6.12,6.16,6.14,6.09,4149099.0,25291948.0
2014-07-18,6.09,6.28,6.13,6.06,13658800.0,84142640.0
2014-07-17,6.06,6.15,6.12,6.03,5574923.0,33826684.0
2014-07-16,6.17,6.17,6.09,5.99,8165200.0,49316016.0
2014-07-15,6.13,6.19,6.18,6.10,7941626.0,48607096.0
2014-07-14,6.23,6.25,6.13,6.05,14169708.0,86492832.0
2014-07-11,6.64,6.69,6.33,6.30,35605456.0,229796880.0
2014-07-10,6.56,6.84,6.71,6.47,47200772.0,313332352.0
2014-07-09,6.43,6.88,6.66,6.43,44093044.0,295467744.0
2014-07-08,6.44,6.57,6.46,6.34,10231572.0,65774856.0
2014-07-07,6.59,6.76,6.53,6.53,12611525.0,83381392.0
2014-07-04,6.60,6.63,6.56,6.53,6062859.0,39633164.0
2014-07-03,6.63,6.69,6.64,6.49,17146036.0,112611784.0
2014-07-02,6.58,6.63,6.60,6.43,12172651.0,79104224.0
2014-07-01,6.43,6.61,6.55,6.38,14040022.0,91081048.0
2014-06-30,6.53,6.54,6.45,6.30,14974438.0,95528200.0
2014-06-27,6.51,6.60,6.54,6.47,12100545.0,78781056.0
2014-06-26,6.60,6.64,6.53,6.42,22484784.0,145945200.0
2014-06-25,7.20,7.21,6.71,6.61,53944184.0,367835840.0
2014-06-24,6.91,7.37,7.20,6.74,51873704.0,365123392.0
2014-06-23,7.12,7.26,7.04,6.78,51154856.0,356409184.0
2014-06-20,6.78,7.36,7.26,6.72,56630468.0,399736864.0
2014-06-19,6.81,7.00,6.85,6.64,41277380.0,281156736.0
2014-06-18,6.73,6.95,6.85,6.64,43142588.0,293337472.0
2014-06-17,6.24,6.97,6.97,6.24,56970488.0,374870240.0
2014-06-16,5.84,6.43,6.34,5.82,44099756.0,274208320.0
2014-06-13,5.94,5.94,5.85,5.78,7908206.0,46283916.0
2014-06-12,5.89,5.91,5.86,5.81,7278933.0,42687248.0
2014-06-11,5.80,5.94,5.85,5.76,8676019.0,50648032.0
2014-06-10,5.50,5.97,5.82,5.35,30150140.0,175372400.0
2014-06-09,5.28,5.53,5.43,5.28,5132892.0,27976408.0
2014-06-06,5.34,5.36,5.33,5.24,3914914.0,20761984.0
2014-06-05,5.36,5.40,5.37,5.15,7524148.0,39913488.0
2014-06-04,5.25,5.65,5.43,5.09,10462005.0,56475232.0
2014-05-08,5.19,5.65,5.65,5.18,11492645.0,64419968.0
2014-05-07,5.30,5.36,5.14,5.12,2874721.0,15067033.0
2014-05-06,5.50,5.50,5.37,5.30,2358546.0,12713282.0
2014-05-05,5.25,5.35,5.30,5.20,2307836.0,12180967.0
2014-04-30,5.16,5.27,5.24,5.11,1985910.0,10336668.0
2014-04-29,5.09,5.17,5.15,4.97,2920751.0,14898713.0
2014-04-28,5.41,5.46,5.17,5.17,3367915.0,17635882.0
2014-04-25,5.39,5.53,5.42,5.39,2754559.0,15029020.0
2014-04-24,5.56,5.60,5.43,5.39,4024566.0,21972736.0
2014-04-23,5.59,5.77,5.60,5.56,6509325.0,36985744.0
2014-04-22,5.46,5.56,5.55,5.38,3686720.0,20124172.0
2014-04-21,5.62,5.66,5.48,5.45,5770608.0,32110632.0
2014-04-18,5.77,5.83,5.69,5.65,6146198.0,35098320.0
2014-04-17,5.89,5.89,5.80,5.76,4611154.0,26848488.0
2014-04-16,5.86,5.96,5.89,5.83,5644623.0,33172188.0
2014-04-15,5.97,6.10,5.89,5.88,8311746.0,49700388.0
2014-04-14,5.88,6.08,5.95,5.82,9909129.0,58917968.0
2014-04-11,5.57,6.13,5.96,5.54,21122856.0,125016664.0
2014-04-10,5.90,5.90,5.60,5.57,12644667.0,72427888.0
2014-04-09,5.68,5.78,5.71,5.60,7967875.0,45405584.0
2014-04-08,5.58,5.68,5.67,5.54,5637302.0,31753888.0
2014-04-04,5.57,5.66,5.58,5.55,4546967.0,25494128.0
2014-04-03,5.46,5.63,5.61,5.46,6849139.0,38089512.0
2014-04-02,5.44,5.53,5.48,5.40,3986284.0,21853532.0
2014-04-01,5.35,5.44,5.44,5.32,3211726.0,17305046.0
2014-03-31,5.43,5.52,5.38,5.32,3996577.0,21711556.0
2014-03-28,5.41,5.56,5.41,5.39,5207910.0,28453726.0
2014-03-27,5.58,5.61,5.45,5.44,5048645.0,27717788.0
2014-03-26,5.65,5.77,5.57,5.55,8395799.0,47319584.0
2014-03-25,5.53,5.69,5.68,5.42,10262531.0,57266176.0
2014-03-24,5.41,5.57,5.51,5.35,6792747.0,37056052.0
2014-03-21,5.36,5.49,5.45,5.25,7315081.0,39195784.0
2014-03-20,5.57,5.65,5.41,5.40,10374943.0,57087076.0
2014-03-19,5.43,5.80,5.63,5.38,17565280.0,98996536.0
2014-03-18,5.48,5.52,5.43,5.40,6840329.0,37206280.0
2014-03-17,5.47,5.63,5.51,5.39,9575448.0,52789208.0
2014-03-14,5.50,5.53,5.42,5.36,9410229.0,51126216.0
2014-03-13,5.60,5.64,5.57,5.40,15339160.0,84826592.0
2014-03-12,5.56,5.87,5.72,5.48,34432048.0,194621968.0
2014-03-11,5.10,5.34,5.34,5.01,12735690.0,66923884.0
2014-03-10,4.95,4.95,4.85,4.79,3503503.0,17019886.0
2014-03-07,5.06,5.07,4.99,4.96,1887464.0,9458288.0
2014-03-06,5.08,5.09,5.04,4.97,1935758.0,9721241.0
2014-03-05,5.03,5.09,5.06,5.02,2300738.0,11629961.0
2014-03-04,5.05,5.05,5.02,4.97,2317451.0,11592366.0
2014-03-03,4.95,5.08,5.05,4.92,3646940.0,18310700.0
2014-02-28,4.99,4.99,4.94,4.86,2544625.0,12500266.0
2014-02-27,5.01,5.02,4.94,4.92,3722698.0,18516440.0
2014-02-26,4.96,5.03,5.01,4.91,2670702.0,13308304.0
2014-02-25,5.25,5.30,4.99,4.95,3556164.0,18225988.0
2014-02-24,5.18,5.33,5.25,5.13,2573688.0,13446418.0
2014-02-21,5.30,5.34,5.20,5.15,3373918.0,17688904.0
2014-02-20,5.47,5.51,5.32,5.31,5050519.0,27140960.0
2014-02-19,5.44,5.52,5.47,5.38,4611651.0,25211910.0
2014-02-18,5.49,5.53,5.44,5.42,4566484.0,24923628.0
2014-02-17,5.48,5.54,5.51,5.36,8702756.0,47442556.0
2014-02-14,5.27,5.51,5.46,5.24,10653815.0,57669164.0
2014-02-13,5.28,5.31,5.23,5.21,4740074.0,24914714.0
2014-02-12,5.19,5.26,5.24,5.14,3512156.0,18282794.0
2014-02-11,5.11,5.23,5.19,5.09,4050692.0,20930248.0
2014-02-10,5.02,5.14,5.13,5.02,3050142.0,15573432.0
2014-02-07,4.93,5.03,5.02,4.91,1871652.0,9343382.0
2014-01-30,5.01,5.05,4.97,4.95,1375687.0,6837678.0
2014-01-29,4.95,5.03,5.03,4.93,2270132.0,11313741.0
2014-01-28,5.00,5.04,4.95,4.94,2415303.0,12043239.0
2014-01-27,5.02,5.03,4.99,4.97,1727459.0,8636199.0
2014-01-24,4.94,5.05,5.03,4.93,1797796.0,9026210.0
2014-01-23,4.96,5.04,4.97,4.96,1768470.0,8843791.0
2014-01-22,4.89,5.00,4.97,4.86,2660237.0,13214826.0
2014-01-21,4.74,4.90,4.89,4.74,1733335.0,8372734.0
2014-01-20,4.77,4.83,4.74,4.72,907548.0,4329812.0
2014-01-17,4.88,4.90,4.78,4.77,1380108.0,6663671.0
2014-01-16,4.87,4.97,4.88,4.87,1408346.0,6915457.0
2014-01-15,4.90,4.92,4.89,4.85,1278200.0,6237170.0
2014-01-14,4.80,4.95,4.92,4.75,2611911.0,12708511.0
2014-01-13,4.80,4.87,4.79,4.74,1873643.0,8975956.0
2014-01-10,4.69,4.80,4.80,4.69,1942313.0,9256638.0
2014-01-09,4.85,4.88,4.76,4.73,2296713.0,11082528.0
2014-01-08,4.95,4.96,4.83,4.81,2044011.0,10016459.0
2014-01-07,4.92,4.95,4.92,4.87,1354660.0,6660610.0
2014-01-06,5.13,5.14,4.90,4.89,3391289.0,16884704.0
2014-01-03,5.31,5.31,5.14,5.12,3599812.0,18652608.0
2014-01-02,5.27,5.32,5.31,5.23,2388080.0,12622729.0
2013-12-31,5.21,5.28,5.25,5.20,2333618.0,12249915.0
2013-12-30,5.23,5.28,5.23,5.21,2117835.0,11086186.0
2013-12-27,5.15,5.24,5.23,5.15,2521148.0,13115981.0
2013-12-26,5.20,5.25,5.16,5.15,2791200.0,14546245.0
2013-12-25,5.21,5.23,5.21,5.13,3028998.0,15686297.0
2013-12-24,5.19,5.27,5.21,5.19,1940780.0,10138707.0
2013-12-23,5.25,5.31,5.22,5.21,2185333.0,11467706.0
2013-12-20,5.26,5.32,5.26,5.21,2426250.0,12755111.0
2013-12-19,5.39,5.39,5.28,5.27,2559661.0,13669004.0
2013-12-18,5.40,5.40,5.38,5.30,3687975.0,19765500.0
2013-12-17,5.58,5.60,5.44,5.39,5468934.0,30196412.0
2013-12-16,5.50,5.65,5.61,5.43,9264433.0,51495752.0
2013-12-13,5.45,5.58,5.50,5.40,4814805.0,26497084.0
2013-12-12,5.38,5.49,5.48,5.33,4577851.0,24859512.0
2013-12-11,5.48,5.48,5.35,5.30,4986317.0,26667572.0
2013-12-10,5.52,5.55,5.48,5.46,3454201.0,18998804.0
2013-12-09,5.49,5.58,5.52,5.48,4582436.0,25357066.0
2013-12-06,5.47,5.50,5.46,5.41,3519036.0,19158580.0
2013-12-05,5.54,5.58,5.47,5.46,6115916.0,33661620.0
2013-12-04,5.42,5.63,5.54,5.41,8054445.0,44831572.0
2013-12-03,5.30,5.48,5.46,5.30,6422843.0,34843296.0
2013-12-02,5.60,5.64,5.34,5.21,12806942.0,69779336.0
2013-11-29,5.78,5.80,5.71,5.70,10573957.0,60764040.0
2013-11-28,5.85,5.94,5.79,5.77,13258139.0,77810080.0
2013-11-27,5.86,5.88,5.84,5.72,9400205.0,54584364.0
2013-11-26,5.81,5.91,5.85,5.77,10053624.0,58655052.0
2013-11-25,5.88,5.88,5.81,5.72,9866937.0,57395804.0
2013-11-22,6.00,6.01,5.88,5.80,14279696.0,83817600.0
2013-11-21,5.95,6.01,5.97,5.87,19382256.0,115456616.0
2013-11-20,6.18,6.22,5.94,5.87,33712148.0,202426592.0
2013-11-19,6.50,6.59,6.18,6.17,38269736.0,241890624.0
2013-11-18,6.40,6.61,6.52,6.22,43155992.0,277666304.0
2013-11-15,6.60,6.60,6.44,6.36,54025728.0,347158528.0
2013-11-14,5.96,6.63,6.63,5.93,56588660.0,361559744.0
2013-11-13,6.23,6.30,6.03,6.02,30542648.0,187587728.0
2013-11-12,6.23,6.35,6.26,6.01,49558420.0,306236832.0
2013-11-11,5.75,6.40,6.31,5.74,59884072.0,361336768.0
2013-11-08,5.36,5.97,5.92,5.36,53383796.0,308066112.0
2013-11-07,5.75,5.85,5.43,5.42,21093260.0,118198392.0
2013-11-06,5.54,5.95,5.71,5.50,36095940.0,208540144.0
2013-11-05,5.49,5.65,5.52,5.45,12454586.0,69041072.0
2013-11-04,5.38,5.57,5.52,5.36,20396548.0,112363936.0
2013-11-01,4.95,5.50,5.47,4.94,27521972.0,147022112.0
2013-10-31,4.82,5.16,5.00,4.82,8121199.0,40749912.0
2013-10-30,4.73,4.87,4.86,4.68,3441009.0,16469908.0
2013-10-29,4.84,4.87,4.71,4.57,4770291.0,22583934.0
2013-10-28,4.82,4.88,4.86,4.80,1339912.0,6474593.0
2013-10-25,4.96,5.01,4.83,4.79,3400744.0,16608993.0
2013-10-24,5.05,5.10,4.99,4.98,4145282.0,20801870.0
2013-10-23,5.21,5.25,5.08,5.07,2707870.0,13927994.0
2013-10-22,5.20,5.25,5.18,5.17,3259191.0,16986118.0
2013-10-21,5.07,5.22,5.21,5.07,4073180.0,21096936.0
2013-10-18,5.06,5.12,5.09,5.05,1464315.0,7444538.0
2013-10-17,5.07,5.15,5.07,5.05,2676430.0,13651273.0
2013-10-16,5.19,5.22,5.07,5.01,3932094.0,20011928.0
2013-10-15,5.25,5.27,5.23,5.16,4832901.0,25176984.0
2013-10-14,5.22,5.32,5.27,5.20,5519939.0,28975596.0
2013-10-11,5.16,5.24,5.22,5.15,4938530.0,25652356.0
2013-10-10,5.11,5.39,5.18,5.06,8974255.0,46775912.0
2013-10-09,5.06,5.15,5.13,5.05,4813204.0,24526916.0
2013-10-08,5.03,5.11,5.09,4.99,4116426.0,20818424.0
2013-09-30,5.04,5.09,5.06,5.01,3596430.0,18141804.0
2013-09-27,5.03,5.09,5.04,4.96,4533122.0,22835404.0
2013-09-26,5.25,5.39,5.05,5.02,8458032.0,43768104.0
2013-09-25,5.41,5.54,5.29,5.28,13205052.0,71619208.0
2013-09-24,5.37,5.59,5.48,5.29,18776072.0,102368336.0
2013-09-23,5.19,5.48,5.41,5.15,16027890.0,85235296.0
2013-09-18,5.16,5.33,5.22,5.06,15909458.0,83208072.0
2013-09-17,5.22,5.23,5.18,5.05,10579166.0,54663972.0
2013-09-16,5.19,5.25,5.19,5.17,5220287.0,27196652.0
2013-09-13,5.12,5.22,5.18,5.12,7987044.0,41305712.0
2013-09-12,5.07,5.16,5.15,4.97,10144495.0,51714592.0
2013-09-11,5.14,5.16,5.07,5.05,6930518.0,35238112.0
2013-09-10,5.03,5.10,5.10,5.00,4923850.0,24930742.0
2013-09-09,4.98,5.04,5.02,4.96,4222586.0,21172936.0
2013-09-06,4.97,5.00,4.98,4.92,2768788.0,13745221.0
2013-09-05,5.01,5.01,4.95,4.91,3968211.0,19676124.0
2013-09-04,5.01,5.07,5.01,4.96,3974356.0,19916134.0
2013-09-03,4.93,5.01,5.00,4.89,5114511.0,25489062.0
2013-09-02,4.90,4.94,4.92,4.81,2932614.0,14322713.0
2013-08-30,4.90,4.97,4.89,4.86,4186916.0,20594932.0
2013-08-29,4.85,4.91,4.90,4.83,2731439.0,13309149.0
2013-08-28,4.85,4.90,4.85,4.80,3260700.0,15818738.0
2013-08-27,4.82,4.90,4.88,4.81,3553743.0,17250532.0
2013-08-26,4.77,4.86,4.85,4.74,4133846.0,19869072.0
2013-08-23,4.95,4.97,4.78,4.71,9011930.0,43581704.0
2013-08-22,4.97,5.09,5.04,4.95,4502260.0,22630940.0
2013-08-21,4.98,4.98,4.98,4.92,3296469.0,16346794.0
2013-08-20,4.90,5.03,4.98,4.89,3545211.0,17587960.0
2013-08-19,4.80,4.94,4.93,4.80,2027660.0,9931398.0
2013-08-16,4.88,5.01,4.84,4.83,3227070.0,15823229.0
2013-08-15,5.00,5.01,4.90,4.88,3558762.0,17556312.0
2013-08-14,4.97,5.23,5.01,4.94,6828233.0,34672476.0
2013-08-13,4.95,4.99,4.97,4.94,3398488.0,16870706.0
2013-08-12,4.85,4.97,4.96,4.84,4910223.0,24270836.0
2013-08-09,4.82,4.86,4.86,4.74,3373463.0,16231802.0
2013-08-08,4.93,4.98,4.82,4.80,4306551.0,20968748.0
2013-08-07,4.88,5.00,4.90,4.86,4358774.0,21490162.0
2013-08-06,4.79,5.10,4.95,4.77,9935140.0,49403424.0
2013-08-05,4.67,4.77,4.76,4.67,2165326.0,10245671.0
2013-08-02,4.70,4.76,4.69,4.67,3068084.0,14472172.0
2013-08-01,4.57,4.68,4.67,4.54,2260994.0,10515294.0
2013-07-31,4.56,4.65,4.57,4.56,1550584.0,7120507.0
2013-07-30,4.56,4.61,4.53,4.48,2087027.0,9505486.0
2013-07-29,4.73,4.73,4.56,4.55,3238635.0,15040085.0
2013-07-26,4.55,4.74,4.69,4.51,2757355.0,12721215.0
2013-07-25,4.62,4.68,4.57,4.56,2656147.0,12220205.0
2013-07-24,4.67,4.70,4.65,4.56,2644250.0,12227956.0
2013-07-23,4.58,4.72,4.68,4.57,3588116.0,16784932.0
2013-07-22,4.52,4.63,4.60,4.48,1716688.0,7857044.0
2013-07-19,4.74,4.82,4.58,4.57,2739651.0,12894393.0
2013-07-18,4.78,4.83,4.73,4.72,2304549.0,10974675.0
2013-07-17,4.86,4.91,4.78,4.78,2909300.0,14100682.0
2013-07-16,4.81,4.91,4.90,4.76,3461578.0,16735789.0
2013-07-15,4.80,4.85,4.81,4.73,2911883.0,13980798.0
2013-07-12,4.81,4.93,4.78,4.73,4223862.0,20416588.0
2013-07-11,4.67,4.90,4.84,4.66,4793172.0,22929576.0
2013-07-10,4.50,4.69,4.69,4.46,3082434.0,14167140.0
2013-07-09,4.65,4.85,4.55,4.48,7754039.0,35821384.0
2013-07-08,4.92,5.16,4.77,4.76,13067086.0,64648744.0
2013-07-05,4.89,4.99,4.92,4.75,9692881.0,47604468.0
2013-07-04,4.65,4.96,4.90,4.61,11054222.0,53257096.0
2013-07-03,4.64,4.69,4.68,4.56,2282511.0,10550751.0
2013-07-02,4.64,4.70,4.69,4.60,2711248.0,12629735.0
2013-07-01,4.53,4.66,4.64,4.51,2386586.0,11011150.0
2013-06-28,4.48,4.65,4.56,4.43,3112584.0,14202980.0
2013-06-27,4.53,4.66,4.53,4.46,5914077.0,26952466.0
2013-06-26,4.37,4.54,4.54,4.29,6338102.0,28075544.0
2013-06-25,4.35,4.45,4.37,4.01,5300824.0,22632220.0
2013-06-24,4.78,4.78,4.42,4.37,4012061.0,18418904.0
2013-06-21,4.76,4.84,4.80,4.69,5442918.0,25873196.0
2013-06-20,5.02,5.06,4.87,4.84,3371859.0,16737862.0
2013-06-19,5.10,5.12,5.08,4.95,2270621.0,11464390.0
2013-06-18,5.12,5.16,5.16,5.04,2384762.0,12184097.0
2013-06-17,5.12,5.17,5.12,5.00,2693249.0,13682599.0
2013-06-14,5.05,5.13,5.12,5.02,2460485.0,12477938.0
2013-06-13,5.18,5.18,5.02,4.95,4966004.0,24863234.0
2013-06-07,5.41,5.46,5.23,5.18,3977516.0,21037510.0
2013-06-06,5.53,5.61,5.40,5.38,3470017.0,19133108.0
2013-06-05,5.58,5.61,5.57,5.49,3064062.0,16997384.0
2013-06-04,5.76,5.80,5.59,5.48,7653408.0,42588480.0
2013-06-03,5.80,5.99,5.76,5.72,9695463.0,57083056.0
2013-05-31,5.71,5.98,5.82,5.69,11413532.0,67130056.0
2013-05-30,5.58,5.70,5.69,5.52,4632602.0,26108740.0
2013-05-29,5.63,5.75,5.59,5.58,5735090.0,32388628.0
2013-05-28,5.61,5.69,5.64,5.54,7136688.0,40203860.0
2013-05-27,5.38,5.63,5.63,5.38,8293252.0,45959712.0
2013-05-24,5.36,5.45,5.42,5.30,7196157.0,38544528.0
2013-05-23,5.48,5.51,5.39,5.34,4779951.0,25964146.0
2013-05-22,5.50,5.56,5.51,5.48,3899084.0,21530454.0
2013-05-21,5.51,5.57,5.49,5.47,5987008.0,32987448.0
2013-05-20,5.38,5.55,5.50,5.37,6264581.0,34384448.0
2013-05-17,5.32,5.42,5.39,5.28,4169143.0,22357884.0
2013-05-16,5.26,5.35,5.33,5.12,4885894.0,25666924.0
2013-05-15,5.23,5.31,5.29,5.21,2960806.0,15600248.0
2013-05-14,5.39,5.39,5.25,5.22,3344657.0,17678228.0
2013-05-13,5.43,5.47,5.41,5.34,2461192.0,13296073.0
2013-05-10,5.32,5.39,5.39,5.26,2886384.0,15385906.0
2013-05-09,5.37,5.40,5.33,5.25,2718095.0,14438727.0
2013-05-08,5.37,5.46,5.37,5.35,3664004.0,19790878.0
2013-05-07,5.35,5.39,5.37,5.27,2518376.0,13446353.0
2013-05-06,5.27,5.44,5.36,5.20,4468534.0,24006252.0
2013-05-03,5.24,5.39,5.26,5.23,5489922.0,29161864.0
2013-05-02,5.08,5.28,5.23,5.05,6702161.0,34693464.0
2013-04-26,5.05,5.13,5.01,4.97,1411720.0,7118983.0
2013-04-25,5.17,5.20,5.04,5.02,2646997.0,13571772.0
2013-04-24,4.95,5.21,5.20,4.93,3749249.0,19070372.0
2013-04-23,5.18,5.19,4.97,4.96,2353003.0,11876858.0
2013-04-22,5.20,5.25,5.19,5.12,4455471.0,22982764.0
2013-04-19,5.11,5.23,5.20,5.11,3888263.0,20175678.0
2013-04-18,5.04,5.21,5.09,4.98,3538410.0,18176372.0
2013-04-17,4.94,5.15,5.09,4.92,4627518.0,23405744.0
2013-04-16,4.81,5.01,4.99,4.62,4522544.0,21838028.0
2013-04-15,5.03,5.03,4.85,4.80,3247407.0,15846770.0
2013-04-12,4.99,5.06,5.04,4.98,2254101.0,11302896.0
2013-04-11,5.16,5.18,5.07,5.05,2973463.0,15150321.0
2013-04-10,5.21,5.27,5.16,4.95,6074866.0,31046776.0
2013-04-09,5.25,5.40,5.28,5.19,8816919.0,46701400.0
2013-04-08,4.93,5.15,5.11,4.75,6264500.0,31152578.0
2013-04-03,5.15,5.22,5.03,4.98,3814946.0,19281244.0
2013-04-02,5.39,5.39,5.15,5.08,5904062.0,30704968.0
2013-04-01,5.40,5.41,5.35,5.27,2719999.0,14486128.0
2013-03-29,5.41,5.48,5.36,5.29,2094185.0,11238217.0
2013-03-28,5.60,5.60,5.38,5.34,3486838.0,18930180.0
2013-03-27,5.59,5.76,5.65,5.58,2761325.0,15639393.0
2013-03-26,5.67,5.69,5.56,5.50,3760428.0,20930102.0
2013-03-25,5.89,5.89,5.74,5.64,2950475.0,16857412.0
2013-03-22,5.81,6.05,5.84,5.81,3094045.0,18315104.0
2013-03-21,5.86,5.93,5.87,5.71,4412878.0,25693054.0
2013-03-20,5.50,5.85,5.84,5.47,5651301.0,32082480.0
2013-03-19,5.47,5.55,5.47,5.38,3262712.0,17770664.0
2013-03-18,5.58,5.67,5.47,5.41,3906366.0,21594722.0
2013-03-15,5.78,5.88,5.65,5.58,3668279.0,21095188.0
2013-03-14,5.78,5.89,5.77,5.61,6621696.0,37745360.0
2013-03-13,5.95,6.02,5.78,5.67,4815129.0,27956764.0
2013-03-12,6.12,6.17,5.94,5.76,4517211.0,27108966.0
2013-03-11,6.10,6.20,6.10,6.01,3935441.0,23984570.0
2013-03-08,6.00,6.33,6.17,5.98,12375227.0,76378248.0
2013-03-07,5.67,6.11,6.11,5.64,21309822.0,126993464.0
2013-03-06,5.43,5.58,5.55,5.33,4990670.0,27296692.0
2013-03-05,5.15,5.43,5.40,5.15,2619184.0,13931027.0
2013-03-04,5.60,5.60,5.21,5.12,6468595.0,34442112.0
2013-03-01,5.69,5.72,5.66,5.55,6367097.0,35865436.0
2013-02-28,5.56,5.75,5.72,5.43,5583843.0,31102788.0
2013-02-27,5.67,5.74,5.54,5.43,3725506.0,20764036.0
2013-02-26,5.77,5.77,5.67,5.61,2634030.0,14960227.0
2013-02-25,5.69,5.81,5.76,5.60,3376326.0,19228104.0
2013-02-22,5.88,5.92,5.68,5.67,5784571.0,33190046.0
2013-02-21,6.14,6.14,5.88,5.75,4111332.0,24278648.0
2013-02-20,6.07,6.18,6.17,6.05,1739224.0,10622301.0
2013-02-19,6.28,6.38,6.07,6.05,4491736.0,28022916.0
2013-02-18,6.25,6.48,6.31,6.19,5511546.0,34808720.0
2013-02-08,5.98,6.28,6.23,5.97,2715657.0,16625696.0
2013-02-07,6.15,6.17,6.00,5.90,4795806.0,28728996.0
2013-02-06,6.26,6.36,6.20,6.17,4080437.0,25466308.0
2013-02-05,6.31,6.44,6.30,6.21,7672342.0,48698940.0
2013-02-04,6.06,6.40,6.33,6.06,11177010.0,70620136.0
2013-02-01,5.87,6.30,6.17,5.84,9815449.0,60634776.0
2013-01-31,5.71,5.98,5.96,5.69,5633011.0,32843102.0
2013-01-30,5.63,6.16,5.85,5.61,16419488.0,98147936.0
2013-01-29,5.48,5.62,5.60,5.39,6452724.0,35596956.0
2013-01-28,5.10,5.54,5.51,5.10,7150339.0,38212052.0
2013-01-25,5.27,5.48,5.15,5.05,12359874.0,64311084.0
2013-01-24,5.68,5.72,5.27,5.19,7076794.0,38613824.0
2013-01-23,5.81,5.86,5.71,5.65,6908806.0,39680288.0
2013-01-22,5.85,5.94,5.91,5.61,8634358.0,49709348.0
2013-01-21,5.79,6.05,5.92,5.70,7912236.0,46272084.0
2013-01-18,5.42,5.87,5.80,5.42,10444251.0,59049288.0
2013-01-17,5.50,5.53,5.42,5.34,4868832.0,26472388.0
2013-01-16,5.60,5.67,5.54,5.46,5637843.0,31362880.0
2013-01-15,5.74,5.77,5.70,5.54,8364970.0,47336448.0
2013-01-14,5.15,5.71,5.71,5.11,13922731.0,75976992.0
2013-01-11,5.35,5.36,5.19,5.09,8057943.0,41873036.0
2013-01-10,5.08,5.52,5.34,5.03,17437572.0,93535864.0
2013-01-09,5.01,5.35,5.12,5.00,14783660.0,76154920.0
2013-01-08,4.90,5.09,4.89,4.82,11227049.0,55430388.0
2013-01-07,4.59,4.70,4.69,4.55,2964810.0,13674187.0
2013-01-04,4.63,4.70,4.61,4.56,2225881.0,10268485.0
2012-12-31,4.68,4.68,4.62,4.60,1504965.0,6958758.0
2012-12-28,4.66,4.70,4.65,4.58,2129486.0,9891516.0
2012-12-27,4.63,4.76,4.67,4.57,5312461.0,24826152.0
2012-12-26,4.50,4.66,4.65,4.49,3787324.0,17330224.0
2012-12-25,4.46,4.54,4.51,4.39,2834301.0,12728119.0
2012-12-24,4.36,4.60,4.46,4.33,2905362.0,13065234.0
2012-12-21,4.40,4.48,4.36,4.33,1469626.0,6474351.0
2012-12-20,4.44,4.44,4.41,4.34,1881223.0,8226958.0
2012-12-19,4.48,4.49,4.44,4.43,1428102.0,6361555.0
2012-12-18,4.43,4.57,4.45,4.38,4031229.0,18095062.0
2012-12-17,4.34,4.55,4.46,4.31,4434565.0,19575028.0
2012-12-14,4.19,4.34,4.30,4.16,2551423.0,10936753.0
2012-12-13,4.22,4.29,4.16,4.10,1158366.0,4882032.0
2012-12-12,4.26,4.30,4.26,4.18,1333092.0,5635569.0
2012-12-11,4.34,4.34,4.27,4.27,1419169.0,6110278.0
2012-12-10,4.25,4.36,4.34,4.22,1534112.0,6601812.0
2012-12-07,4.12,4.26,4.25,4.12,1245561.0,5250577.0
2012-12-06,4.17,4.19,4.15,4.13,1197109.0,4972677.0
2012-12-05,3.97,4.21,4.18,3.92,2723817.0,11223053.0
2012-12-04,3.93,4.02,4.02,3.86,1626756.0,6362965.0
2012-12-03,3.97,4.00,3.94,3.93,1068758.0,4251138.0
2012-11-30,3.93,4.03,3.98,3.93,551680.0,2195876.0
2012-11-29,4.09,4.12,3.94,3.90,976393.0,3950167.0
2012-11-28,4.05,4.16,4.07,4.05,1319300.0,5396590.0
2012-11-27,4.25,4.27,4.16,4.15,1469641.0,6159863.0
2012-11-26,4.33,4.36,4.28,4.24,1171565.0,5034654.0
2012-11-23,4.31,4.36,4.33,4.31,754935.0,3274735.0
2012-11-22,4.31,4.35,4.31,4.29,722553.0,3122647.0
2012-11-21,4.24,4.33,4.33,4.23,1024600.0,4391034.0
2012-11-20,4.33,4.33,4.26,4.24,589947.0,2526257.0
2012-11-19,4.22,4.29,4.28,4.21,690250.0,2930191.0
2012-11-16,4.25,4.29,4.22,4.20,922348.0,3889671.0
2012-11-15,4.25,4.34,4.25,4.25,828891.0,3558147.0
2012-11-14,4.24,4.34,4.32,4.24,725092.0,3114322.0
2012-11-13,4.32,4.36,4.32,4.25,1562319.0,6710250.0
2012-11-12,4.29,4.38,4.35,4.29,944706.0,4094094.0
2012-11-09,4.26,4.34,4.31,4.26,980999.0,4229782.0
2012-11-08,4.44,4.44,4.27,4.27,2101127.0,9145319.0
2012-11-07,4.48,4.49,4.45,4.40,1327050.0,5893861.0
2012-11-06,4.52,4.53,4.48,4.40,1767761.0,7876537.0
2012-11-05,4.54,4.63,4.54,4.50,2279860.0,10339555.0
2012-11-02,4.55,4.58,4.57,4.51,2154208.0,9792778.0
2012-11-01,4.48,4.66,4.56,4.48,3522086.0,16117350.0
2012-10-31,4.41,4.48,4.47,4.38,1733142.0,7725754.0
2012-10-30,4.38,4.46,4.41,4.38,1634948.0,7226645.0
2012-10-29,4.42,4.44,4.38,4.34,2502173.0,10949390.0
2012-10-26,4.50,4.58,4.41,4.40,3248975.0,14504657.0
2012-10-25,4.68,4.69,4.54,4.52,3284813.0,15161564.0
2012-10-24,4.60,4.69,4.65,4.56,3284063.0,15229475.0
2012-10-23,4.71,4.71,4.64,4.60,2963399.0,13801917.0
2012-10-22,4.68,4.72,4.71,4.56,3419828.0,15933478.0
2012-10-19,4.78,4.78,4.71,4.67,3910197.0,18408848.0
2012-10-18,4.77,4.79,4.77,4.68,6924965.0,32897464.0
2012-10-17,4.68,4.78,4.76,4.63,6122500.0,28884972.0
2012-10-16,4.74,4.77,4.72,4.62,10885985.0,51012324.0
2012-10-15,5.07,5.12,4.84,4.76,16031866.0,78490776.0
2012-10-12,5.16,5.26,5.15,5.05,20884024.0,107543280.0
2012-10-11,5.07,5.44,5.29,5.00,26751016.0,138881104.0
2012-10-10,4.78,5.20,5.16,4.72,14974824.0,74882424.0
2012-10-09,4.50,4.83,4.79,4.50,8910924.0,42150212.0
2012-10-08,4.50,4.59,4.54,4.44,3635502.0,16439073.0
2012-09-28,4.37,4.54,4.51,4.37,4930126.0,22161008.0
2012-09-27,4.24,4.39,4.39,4.21,2643895.0,11491079.0
2012-09-26,4.38,4.41,4.24,4.20,3430600.0,14639995.0
2012-09-25,4.44,4.44,4.37,4.31,1110648.0,4846757.0
2012-09-24,4.35,4.47,4.41,4.26,1036878.0,4537223.0
2012-09-21,4.48,4.52,4.42,4.40,2047275.0,9130500.0
2012-09-20,4.57,4.60,4.49,4.41,3272537.0,14717629.0
2012-09-19,4.36,4.60,4.59,4.36,4646823.0,20865980.0
2012-09-18,4.29,4.38,4.37,4.24,2349237.0,10127626.0
2012-09-17,4.43,4.44,4.27,4.25,3318979.0,14406482.0
2012-09-14,4.54,4.73,4.49,4.47,7389238.0,33902236.0
2012-09-13,4.61,4.69,4.52,4.51,4162822.0,19144362.0
2012-09-12,4.51,4.61,4.61,4.48,3768600.0,17140862.0
2012-09-11,4.43,4.53,4.51,4.42,2621219.0,11754175.0
2012-09-10,4.42,4.48,4.47,4.40,2808199.0,12494026.0
2012-09-07,4.34,4.49,4.43,4.30,3194250.0,14118981.0
2012-09-06,4.22,4.29,4.28,4.22,1029486.0,4378836.0
2012-09-05,4.11,4.26,4.22,4.11,951107.0,4003898.0
2012-09-04,4.21,4.27,4.17,4.17,1170410.0,4941201.0
2012-09-03,4.18,4.29,4.26,4.14,1433271.0,6085517.0
2012-08-31,4.14,4.17,4.16,4.11,907859.0,3763206.0
2012-08-30,4.16,4.22,4.13,4.08,1366757.0,5655805.0
2012-08-29,4.14,4.22,4.15,4.13,897900.0,3752156.0
2012-08-28,4.12,4.22,4.16,4.08,645238.0,2680554.0
2012-08-27,4.27,4.28,4.13,4.11,1220877.0,5108531.0
2012-08-24,4.41,4.42,4.30,4.30,1297600.0,5647855.0
2012-08-23,4.34,4.41,4.40,4.30,1313305.0,5738214.0
2012-08-22,4.45,4.45,4.35,4.33,1856328.0,8123597.0
2012-08-21,4.30,4.41,4.39,4.30,1695479.0,7422081.0
2012-08-20,4.31,4.36,4.32,4.18,1583448.0,6744492.0
2012-08-17,4.34,4.47,4.36,4.30,2022659.0,8859482.0
2012-08-16,4.32,4.39,4.32,4.29,1115261.0,4824929.0
2012-08-15,4.46,4.46,4.36,4.35,2079625.0,9180081.0
2012-08-14,4.43,4.50,4.50,4.35,2102541.0,9309039.0
2012-08-13,4.68,4.68,4.43,4.41,3849137.0,17411000.0
2012-08-10,4.55,4.85,4.71,4.52,8338731.0,39287536.0
2012-08-09,4.47,4.54,4.52,4.43,3079341.0,13845166.0
2012-08-08,4.43,4.51,4.46,4.40,2983648.0,13279763.0
2012-08-07,4.39,4.49,4.45,4.37,3074217.0,13634971.0
2012-08-06,4.23,4.40,4.37,4.19,2877154.0,12334408.0
2012-08-03,4.13,4.27,4.26,4.09,2229833.0,9389590.0
2012-08-02,4.17,4.20,4.10,4.08,946861.0,3916795.0
2012-08-01,4.20,4.23,4.17,4.14,1032748.0,4314564.0
2012-07-31,4.24,4.27,4.13,4.00,1932601.0,7942362.0
2012-07-30,4.48,4.50,4.25,4.24,2244906.0,9715464.0
2012-07-27,4.55,4.59,4.51,4.49,977599.0,4426360.0
2012-07-26,4.55,4.66,4.55,4.52,1160399.0,5304500.0
2012-07-25,4.59,4.78,4.61,4.59,2200408.0,10282600.0
2012-07-24,4.57,4.74,4.65,4.57,1718875.0,8012562.0
2012-07-23,4.62,4.63,4.57,4.53,1352709.0,6188704.0
2012-07-20,4.63,4.76,4.65,4.61,1959437.0,9140442.0
2012-07-19,4.50,4.73,4.64,4.47,2773733.0,12866822.0
2012-07-18,4.52,4.58,4.57,4.47,1932293.0,8725302.0
2012-07-17,4.48,4.57,4.52,4.44,1475577.0,6651723.0
2012-07-16,4.83,4.83,4.48,4.45,3020118.0,13921697.0
2012-07-13,4.86,4.93,4.83,4.82,1158586.0,5624241.0
2012-07-12,4.82,4.92,4.86,4.73,2214021.0,10690540.0
2012-07-11,4.86,4.89,4.81,4.76,2455961.0,11808426.0
2012-07-10,5.00,5.10,4.87,4.85,2351000.0,11675419.0
2012-07-09,5.15,5.19,5.01,5.00,2190060.0,11182788.0
2012-07-06,5.17,5.24,5.20,5.06,3559128.0,18378184.0
2012-07-05,5.00,5.39,5.22,4.93,6164069.0,31743132.0
2012-07-04,5.03,5.04,5.00,4.98,1145141.0,5731832.0
2012-07-03,5.00,5.07,5.03,4.98,869470.0,4365547.0
2012-07-02,5.05,5.05,5.00,4.98,1131804.0,5675885.0
2012-06-29,4.90,5.00,4.99,4.90,852814.0,4233111.0
2012-06-28,5.08,5.12,4.93,4.92,1077622.0,5390092.0
2012-06-27,5.11,5.14,5.07,5.07,850001.0,4343526.0
2012-06-26,5.06,5.12,5.08,5.01,1078796.0,5464617.0
2012-06-25,5.23,5.23,5.08,5.07,1414957.0,7291376.0
2012-06-21,5.37,5.37,5.24,5.21,1569476.0,8273591.0
2012-06-20,5.41,5.44,5.38,5.33,1319438.0,7104875.0
2012-06-19,5.45,5.49,5.41,5.38,1363635.0,7408652.0
2012-06-18,5.46,5.51,5.45,5.44,1193456.0,6532579.0
2012-06-14,5.42,5.53,5.44,5.42,1551688.0,8491306.0
2012-06-13,5.42,5.53,5.49,5.36,1626380.0,8894768.0
2012-06-12,5.43,5.43,5.39,5.37,813716.0,4388327.0
2012-06-11,5.39,5.44,5.43,5.30,1118783.0,6026055.0
2012-06-08,5.40,5.45,5.35,5.34,1482573.0,7991112.0
2012-06-07,5.50,5.51,5.37,5.37,1476656.0,8034700.0
2012-06-06,5.46,5.51,5.44,5.40,1212879.0,6615585.0
2012-06-05,5.45,5.57,5.45,5.38,2323888.0,12702061.0
2012-06-04,5.67,5.71,5.42,5.41,4205042.0,23404580.0
2012-06-01,5.84,5.89,5.80,5.75,2436066.0,14200804.0
2012-05-31,5.77,5.90,5.89,5.66,5091029.0,29485404.0
2012-05-30,5.85,5.88,5.79,5.78,3458173.0,20142776.0
2012-05-29,5.75,5.93,5.85,5.75,5469344.0,32182246.0
2012-05-28,5.66,5.83,5.79,5.50,4146497.0,23618320.0
2012-05-25,5.68,5.72,5.67,5.64,1673047.0,9489077.0
2012-05-24,5.72,5.77,5.68,5.67,2107686.0,12031857.0
2012-05-23,5.88,5.88,5.78,5.71,2544986.0,14738853.0
2012-05-22,5.79,5.93,5.88,5.77,3914776.0,22967088.0
2012-05-21,5.71,5.85,5.75,5.59,2301926.0,13165814.0
2012-05-18,5.74,5.79,5.71,5.70,2445255.0,14020063.0
2012-05-17,5.63,5.80,5.79,5.62,2948287.0,16883940.0
2012-05-16,5.70,5.74,5.63,5.62,2279972.0,12920752.0
2012-05-15,5.78,5.78,5.70,5.60,3970654.0,22501202.0
2012-05-14,5.86,5.91,5.82,5.76,2757688.0,16073166.0
2012-05-11,5.98,5.98,5.82,5.80,4232070.0,24893416.0
2012-05-10,6.02,6.10,5.98,5.97,4264450.0,25660130.0
2012-05-09,6.10,6.10,6.01,6.00,3454832.0,20843692.0
2012-05-08,6.10,6.14,6.12,6.08,3728272.0,22805440.0
2012-05-07,6.19,6.19,6.10,6.06,4327002.0,26399522.0
2012-05-04,6.17,6.24,6.21,6.13,3042412.0,18855312.0
2012-05-03,6.18,6.20,6.17,6.05,3725020.0,22861282.0
2012-05-02,6.24,6.24,6.17,6.03,7155815.0,43959952.0
2012-04-27,6.33,6.38,6.18,6.13,6821738.0,42332256.0
2012-04-26,6.71,6.78,6.41,6.35,15687612.0,102350624.0
2012-04-25,6.80,6.81,6.76,6.60,17112220.0,115363576.0
2012-04-24,6.87,6.93,6.86,6.66,22231868.0,150643968.0
2012-04-23,6.73,7.08,6.95,6.64,22322812.0,151526560.0
2012-04-20,6.45,6.79,6.78,6.43,13435171.0,89041168.0
2012-04-19,6.31,6.58,6.43,6.31,8796135.0,56756460.0
2012-04-18,6.00,6.47,6.43,5.84,14149135.0,87250632.0
2012-04-17,6.27,6.34,6.05,6.03,4021330.0,24900538.0
2012-04-16,6.14,6.29,6.27,6.08,3723836.0,23069292.0
2012-04-13,6.09,6.23,6.17,6.09,4333024.0,26657516.0
2012-04-12,5.90,6.12,6.09,5.89,5307680.0,31943670.0
2012-04-11,5.80,5.95,5.92,5.71,3859208.0,22608772.0
2012-04-10,5.75,5.88,5.87,5.55,3988926.0,22755504.0
2012-04-09,5.98,6.01,5.81,5.80,2556067.0,15157091.0
2012-04-06,6.00,6.08,6.02,5.95,2617595.0,15745696.0
2012-04-05,5.78,6.02,5.97,5.76,2746057.0,16218559.0
2012-03-30,5.84,6.00,5.77,5.73,2294641.0,13349795.0
2012-03-29,6.08,6.12,5.85,5.83,3668160.0,21984122.0
2012-03-28,6.77,6.77,6.21,6.15,6905163.0,43926712.0
2012-03-27,6.80,6.82,6.67,6.59,7021279.0,46924032.0
2012-03-26,6.64,6.72,6.67,6.46,3881333.0,25579904.0
2012-03-23,6.72,6.75,6.66,6.45,5808204.0,38422432.0
2012-03-22,6.64,6.76,6.74,6.52,5873560.0,39150788.0
2012-03-21,6.49,6.66,6.64,6.36,4956841.0,32153124.0
2012-03-20,6.63,6.65,6.45,6.45,5031238.0,32929232.0
2012-03-19,6.53,6.71,6.71,6.40,6644697.0,43705352.0
2012-03-16,6.25,6.55,6.52,6.25,6628310.0,42582156.0
2012-03-15,6.50,6.62,6.29,6.17,7693790.0,48977244.0
2012-03-14,7.18,7.31,6.58,6.53,12274018.0,85246976.0
2012-03-13,7.07,7.17,7.15,7.03,6248712.0,44463248.0
2012-03-12,7.07,7.14,7.09,7.00,6528709.0,46121696.0
2012-03-09,7.12,7.23,7.14,7.00,9751469.0,69095688.0
2012-03-08,7.35,7.43,7.15,7.12,16393116.0,118506944.0
2012-03-07,7.35,7.64,7.43,7.15,26188172.0,192661632.0
2012-03-06,7.10,7.72,7.47,6.98,30094364.0,216261264.0
2012-03-05,6.61,7.19,7.15,6.57,17137346.0,117126976.0
2012-03-02,6.31,6.63,6.60,6.31,9689872.0,63013724.0
2012-03-01,6.20,6.34,6.30,6.16,3202152.0,20133436.0
2012-02-29,6.45,6.45,6.24,6.19,5804204.0,36582036.0
2012-02-28,6.56,6.56,6.46,6.36,4848219.0,31346288.0
2012-02-27,6.38,6.77,6.57,6.38,10094477.0,66542640.0
2012-02-24,6.33,6.40,6.38,6.24,4832762.0,30588228.0
2012-02-23,6.34,6.43,6.30,6.24,3470045.0,21915316.0
2012-02-22,6.21,6.37,6.36,6.20,4634056.0,29088786.0
2012-02-20,6.25,6.35,6.16,6.15,4414075.0,27524232.0
2012-02-17,6.33,6.35,6.20,6.18,4031543.0,25123044.0
2012-02-16,6.35,6.41,6.33,6.26,5725796.0,36324344.0
2012-02-15,5.98,6.44,6.39,5.96,11094464.0,69431992.0
2012-02-14,5.95,6.17,6.03,5.89,5405655.0,32556464.0
2012-02-13,5.80,5.97,5.96,5.80,4147164.0,24479072.0
2012-02-10,5.87,5.94,5.89,5.82,3709419.0,21793496.0
2012-02-09,5.92,5.98,5.89,5.86,4335489.0,25654488.0
2012-02-08,5.72,5.97,5.91,5.71,5358399.0,31569288.0
2012-02-07,5.93,5.94,5.80,5.70,5943252.0,34534144.0
2012-02-06,5.72,5.96,5.95,5.66,5201970.0,30071700.0
2012-02-03,5.58,5.78,5.70,5.55,3746143.0,21299468.0
2012-02-02,5.44,5.60,5.59,5.41,1943518.0,10682646.0
2012-02-01,5.52,5.57,5.44,5.40,1578247.0,8659355.0
2012-01-31,5.58,5.59,5.52,5.39,1316762.0,7194329.0
2012-01-30,5.67,5.70,5.54,5.53,1765890.0,9885545.0
2012-01-20,5.73,5.73,5.64,5.58,2322314.0,13100839.0
2012-01-19,5.55,5.67,5.66,5.48,3088808.0,17308214.0
2012-01-18,5.63,5.83,5.55,5.53,4435581.0,25211512.0
2012-01-17,5.36,5.62,5.61,5.26,3411121.0,18680696.0
2012-01-16,5.26,5.45,5.27,5.25,2275179.0,12170914.0
2012-01-13,5.59,5.69,5.37,5.35,4034369.0,22091684.0
2012-01-12,5.46,6.01,5.68,5.45,7674944.0,44574860.0
2012-01-11,5.50,5.52,5.46,5.42,2969781.0,16249389.0
2012-01-10,5.31,5.50,5.50,5.27,4194620.0,22741188.0
2012-01-09,5.05,5.30,5.26,5.03,2881305.0,15015942.0
2012-01-06,4.82,5.07,5.05,4.80,1734782.0,8589062.0
2012-01-05,4.97,5.07,4.90,4.89,2124230.0,10567668.0
2012-01-04,5.14,5.19,5.00,4.98,2185398.0,11133137.0
2011-12-30,5.04,5.11,5.08,5.02,2061646.0,10444267.0
2011-12-29,4.97,5.08,5.01,4.97,1982584.0,9976140.0
2011-12-28,4.94,5.06,5.03,4.86,2247027.0,11127103.0
2011-12-27,5.27,5.27,5.05,4.90,2750904.0,14075445.0
2011-12-26,5.35,5.43,5.27,5.22,2196634.0,11742152.0
2011-12-23,5.33,5.49,5.39,5.26,2767621.0,14957094.0
2011-12-22,5.54,5.54,5.35,5.22,3442895.0,18417676.0
2011-12-21,5.80,5.83,5.59,5.58,2627556.0,14968448.0
2011-12-20,5.66,5.88,5.74,5.62,3525028.0,20374674.0
2011-12-19,5.67,5.71,5.69,5.53,2834286.0,15897921.0
2011-12-16,5.55,5.71,5.70,5.55,3305085.0,18599874.0
2011-12-15,5.65,5.66,5.56,5.51,3906989.0,21777636.0
2011-12-14,5.89,6.01,5.69,5.62,3646955.0,21255988.0
2011-12-13,6.36,6.40,5.90,5.87,5990794.0,36178412.0
2011-12-12,6.77,6.80,6.44,6.42,2563635.0,16932040.0
2011-12-09,6.83,6.93,6.75,6.74,1868501.0,12726375.0
2011-12-08,7.05,7.08,6.91,6.72,2810712.0,19422324.0
2011-12-07,7.02,7.15,7.05,7.01,2145559.0,15192509.0
2011-12-06,6.95,7.06,7.05,6.88,2333556.0,16331445.0
2011-12-05,6.98,7.15,6.96,6.80,3723261.0,26090276.0
2011-12-02,7.11,7.14,6.97,6.94,2708297.0,18989194.0
2011-12-01,7.20,7.25,7.15,7.10,4451233.0,31993480.0
2011-11-30,7.31,7.31,6.97,6.91,5419110.0,38277080.0
2011-11-29,7.23,7.34,7.33,7.15,4093737.0,29694582.0
2011-11-28,7.47,7.50,7.17,7.08,7872574.0,56780456.0
2011-11-25,7.55,7.67,7.43,7.41,3321065.0,25001440.0
2011-11-24,7.50,7.63,7.50,7.40,4058705.0,30394980.0
2011-11-23,8.09,8.09,7.65,7.62,6574057.0,51015760.0
2011-11-22,8.25,8.25,8.04,7.97,5696013.0,46081068.0
2011-11-21,8.05,8.58,8.38,8.05,10279230.0,86117576.0
2011-11-18,8.09,8.29,8.05,8.03,4531692.0,36849136.0
2011-11-17,8.19,8.32,8.13,8.09,5146383.0,42157884.0
2011-11-16,8.64,8.64,8.24,8.17,11007644.0,92131368.0
2011-11-15,8.91,9.04,8.67,8.65,15421232.0,135074640.0
2011-11-14,8.80,9.09,9.01,8.75,23562190.0,210281456.0
2011-11-11,8.42,9.10,8.96,8.33,24134084.0,211537792.0
2011-11-10,8.24,8.49,8.42,8.16,9901950.0,82499856.0
2011-11-09,8.25,8.34,8.33,8.07,3587311.0,29578916.0
2011-11-08,8.25,8.32,8.23,8.10,4697149.0,38613936.0
2011-11-07,8.22,8.28,8.20,8.09,6166549.0,50470340.0
2011-11-04,7.98,8.23,8.19,7.95,6438035.0,52377480.0
2011-11-03,7.90,8.06,7.95,7.85,5307001.0,42340296.0
2011-11-02,7.69,7.89,7.89,7.65,5325456.0,41300244.0
2011-11-01,7.65,7.85,7.82,7.61,5094342.0,39429836.0
2011-10-31,7.66,7.78,7.74,7.61,3766309.0,29025522.0
2011-10-28,7.55,7.74,7.66,7.50,4652913.0,35448964.0
2011-10-27,7.36,7.66,7.50,7.36,4866541.0,36723360.0
2011-10-26,7.30,7.50,7.36,7.25,6768883.0,49980636.0
2011-10-25,7.16,7.48,7.34,7.07,4398667.0,31910100.0
2011-10-24,7.10,7.19,7.15,6.90,2703812.0,19093936.0
2011-10-21,7.29,7.33,7.11,7.11,1263170.0,9087996.0
2011-10-20,7.38,7.41,7.36,7.13,2003446.0,14509784.0
2011-10-19,7.62,7.68,7.39,7.37,2377146.0,17778084.0
2011-10-18,7.86,7.94,7.59,7.59,3112863.0,24031222.0
2011-10-17,8.00,8.06,8.00,7.92,1989387.0,15913882.0
2011-10-14,8.05,8.07,8.00,7.93,2168994.0,17344234.0
2011-10-13,8.01,8.15,8.09,7.95,2828120.0,22783800.0
2011-10-12,7.70,8.05,8.04,7.60,2794413.0,22072552.0
2011-10-11,7.93,7.94,7.73,7.63,1774103.0,13837608.0
2011-10-10,7.99,7.99,7.67,7.60,1871547.0,14519553.0
2011-09-30,7.93,8.04,7.86,7.71,2264275.0,17736160.0
2011-09-29,8.38,8.45,7.91,7.90,5050413.0,41304632.0
2011-09-28,8.66,8.70,8.44,8.38,2124489.0,18116064.0
2011-09-27,8.61,8.76,8.58,8.54,1740109.0,15039684.0
2011-09-26,8.66,8.81,8.55,8.52,1708895.0,14768610.0
2011-09-23,8.40,8.74,8.73,8.36,3127312.0,26867944.0
2011-09-22,9.14,9.19,8.68,8.60,5036012.0,45061372.0
2011-09-21,9.00,9.28,9.21,8.87,5696288.0,51919940.0
2011-09-20,8.88,9.09,9.01,8.70,4732252.0,42134024.0
2011-09-19,9.19,9.19,8.93,8.91,5520196.0,49841356.0
2011-09-16,9.40,9.47,9.28,9.13,11328803.0,104913872.0
2011-09-15,9.06,9.92,9.55,9.00,20288750.0,190522752.0
2011-09-14,8.67,9.20,9.12,8.63,9516573.0,84600512.0
2011-09-13,8.51,8.72,8.67,8.45,5585219.0,48204248.0
2011-09-09,8.63,8.82,8.65,8.56,5983871.0,52113176.0
2011-09-08,8.44,8.73,8.60,8.38,5519333.0,47374868.0
2011-09-07,8.23,8.43,8.40,8.23,2669337.0,22260572.0
2011-09-06,8.52,8.60,8.21,8.19,5107996.0,42542376.0
2011-09-05,8.91,9.17,8.61,8.56,3999049.0,35467492.0
2011-09-02,8.91,9.18,9.04,8.61,4902135.0,43745912.0
2011-09-01,9.00,9.09,8.91,8.89,1495676.0,13424559.0
2011-08-31,8.99,9.06,9.04,8.78,2845923.0,25354238.0
2011-08-30,9.26,9.39,8.96,8.95,4651627.0,42762248.0
2011-08-29,9.19,9.38,9.31,9.16,3557828.0,33108148.0
2011-08-26,9.15,9.32,9.27,9.10,5491294.0,50768284.0
2011-08-25,9.07,9.30,9.15,8.95,5047059.0,46129684.0
2011-08-24,9.14,9.26,9.00,8.99,3345574.0,30533758.0
2011-08-23,8.73,9.11,9.09,8.72,4088265.0,36375740.0
2011-08-22,8.88,8.93,8.68,8.61,1815639.0,15948676.0
2011-08-19,8.49,8.92,8.90,8.46,3128714.0,27120276.0
2011-08-18,9.02,9.14,8.78,8.78,2750856.0,24532900.0
2011-08-17,9.21,9.30,9.09,9.08,2329385.0,21420476.0
2011-08-16,9.30,9.44,9.28,9.22,3166463.0,29473740.0
2011-08-15,9.18,9.43,9.37,9.10,3544258.0,32982686.0
2011-08-12,9.17,9.26,9.13,9.09,3701469.0,33962048.0
2011-08-11,8.71,9.16,9.13,8.66,4478867.0,40233716.0
2011-08-10,8.98,9.17,9.01,8.85,7492404.0,67255544.0
2011-08-09,8.46,9.09,8.92,8.32,7887587.0,68935456.0
2011-08-08,9.00,9.00,8.86,8.22,8687788.0,75100120.0
2011-08-05,9.17,9.34,9.13,9.13,4308529.0,39781384.0
2011-08-04,9.40,9.79,9.60,9.40,5874182.0,56264728.0
2011-08-03,9.28,9.52,9.49,9.15,4664059.0,43646288.0
2011-08-02,9.56,9.63,9.42,9.20,4621124.0,43139296.0
2011-08-01,9.73,9.73,9.62,9.50,2903161.0,27833228.0
2011-07-29,9.88,9.98,9.69,9.60,3954589.0,38603292.0
2011-07-28,9.70,10.06,9.98,9.59,4835746.0,47631828.0
2011-07-27,9.59,9.85,9.83,9.49,3777977.0,36834992.0
2011-07-26,9.58,9.68,9.58,9.45,2529030.0,24093436.0
2011-07-25,10.08,10.08,9.62,9.50,4644191.0,45326200.0
2011-07-22,9.87,10.23,10.16,9.83,6195389.0,62586968.0
2011-07-21,10.08,10.10,9.84,9.83,3858323.0,38245568.0
2011-07-20,10.09,10.22,10.08,9.89,5188259.0,52046808.0
2011-07-19,10.30,10.30,10.07,10.01,6445355.0,64985920.0
2011-07-18,10.64,10.74,10.33,10.26,7267198.0,75831880.0
2011-07-15,10.40,10.73,10.59,10.33,9311200.0,98752576.0
2011-07-14,10.39,10.44,10.42,10.26,9903127.0,102520024.0
2011-07-13,10.00,10.54,10.40,9.85,16236887.0,166985568.0
2011-07-12,9.84,10.05,9.96,9.75,6435211.0,63618344.0
2011-07-11,9.96,9.98,9.93,9.75,5134989.0,50689640.0
2011-07-08,9.94,10.15,10.01,9.92,4747655.0,47624896.0
2011-07-07,10.04,10.27,9.99,9.88,8340881.0,83950864.0
2011-07-06,10.16,10.16,10.06,9.96,6282457.0,63011256.0
2011-07-05,10.15,10.23,10.19,10.00,10330008.0,104717024.0
2011-07-04,9.74,10.18,10.17,9.71,10936019.0,109275720.0
2011-07-01,9.83,9.98,9.74,9.68,6768442.0,66419176.0
2011-06-30,9.63,9.89,9.81,9.55,9357088.0,91432280.0
2011-06-29,9.66,9.87,9.63,9.60,5940695.0,57887596.0
2011-06-28,9.73,9.79,9.72,9.49,5258645.0,50657844.0
2011-06-27,9.50,9.89,9.68,9.50,6065907.0,58929740.0
2011-06-24,9.12,9.65,9.48,9.12,8031069.0,75738544.0
2011-06-23,8.83,9.25,9.19,8.83,4567203.0,41452020.0
2011-06-22,9.11,9.18,8.96,8.83,4245635.0,38089936.0
2011-06-21,8.82,9.13,9.11,8.78,4791125.0,42945356.0
2011-06-20,9.20,9.33,8.83,8.70,7075093.0,63300044.0
2011-06-17,9.90,9.98,9.37,9.01,7267378.0,70618400.0
2011-06-16,9.57,10.15,9.99,9.41,13624421.0,135038048.0
2011-06-15,9.76,9.87,9.75,9.64,4724326.0,46148816.0
2011-06-14,9.55,9.87,9.77,9.52,5137820.0,50081816.0
2011-06-13,9.33,9.57,9.55,9.27,2586167.0,24400052.0
2011-06-10,9.25,9.50,9.48,9.17,5656344.0,53058472.0
2011-06-09,9.67,10.11,9.47,9.46,9086552.0,89526192.0
2011-06-08,9.72,9.77,9.73,9.36,6133589.0,59271276.0
2011-06-07,9.50,9.83,9.75,9.49,7395656.0,72282560.0
2011-06-03,9.45,9.65,9.58,9.33,7135391.0,68386128.0
2011-06-02,9.38,9.45,9.35,9.10,7186661.0,67063120.0
2011-06-01,9.30,9.60,9.58,9.20,8715971.0,82642912.0
2011-05-31,8.99,9.33,9.26,8.93,7466574.0,68513144.0
2011-05-30,9.35,9.40,8.92,8.85,9298436.0,85144496.0
2011-05-27,9.76,9.86,9.27,9.23,11031672.0,104568816.0
2011-05-26,9.97,10.14,9.75,9.69,9769847.0,97177576.0
2011-05-25,10.25,10.43,9.91,9.84,7349907.0,74644984.0
2011-05-24,10.14,10.46,10.34,10.12,7100165.0,73422688.0
2011-05-23,10.88,10.88,10.20,10.15,10181686.0,106937272.0
2011-05-20,10.99,11.09,10.92,10.75,8214613.0,90152992.0
2011-05-19,11.04,11.24,10.96,10.81,7011516.0,77569280.0
2011-05-18,10.80,11.11,10.98,10.72,6748529.0,74209728.0
2011-05-17,11.53,11.61,10.94,10.82,17161848.0,192546816.0
2011-05-16,12.13,12.78,11.72,11.69,18555594.0,227723568.0
2011-05-13,12.14,12.27,12.07,11.71,12033623.0,145285248.0
2011-05-12,11.83,12.31,12.15,11.65,18852568.0,228874624.0
2011-05-11,11.71,12.35,11.99,11.54,20181728.0,242562704.0
2011-05-10,11.08,12.05,11.82,10.96,18777224.0,217156496.0
2011-05-09,11.04,11.35,11.08,10.88,11178280.0,124820328.0
2011-05-06,10.74,11.40,11.19,10.17,19386226.0,209220224.0
2011-05-05,10.90,11.14,10.95,10.77,6735911.0,74359960.0
2011-05-04,11.26,11.37,10.96,10.91,11696092.0,130552368.0
2011-05-03,11.04,11.79,11.52,10.89,14782324.0,169337760.0
2011-04-29,10.79,11.27,11.19,10.79,10905813.0,121833152.0
2011-04-28,11.29,11.41,10.69,10.62,10486840.0,115555136.0
2011-04-27,11.52,11.66,11.30,11.12,15826618.0,181203616.0
2011-04-26,11.73,12.22,11.71,11.52,13092812.0,155750128.0
2011-04-25,12.72,12.82,11.95,11.73,20959680.0,255797264.0
2011-04-21,12.13,13.13,13.02,12.03,26000738.0,332050592.0
2011-04-20,12.63,12.89,12.26,12.14,20388000.0,255026960.0
2011-04-19,12.41,13.32,12.67,12.31,41835308.0,542422976.0
2011-04-18,11.71,12.93,12.64,11.70,44409264.0,550394624.0
2011-04-15,11.29,12.03,11.80,10.82,29116456.0,336203104.0
2011-04-14,11.30,11.61,11.42,10.99,20915584.0,238819376.0
2011-04-13,11.15,11.45,11.33,10.74,17737982.0,199733584.0
2011-04-12,12.23,12.41,11.46,11.04,41279264.0,485178816.0
2011-04-11,10.80,11.93,11.93,10.67,38663248.0,445525952.0
2011-04-08,10.79,10.93,10.85,10.56,25231508.0,272064448.0
2011-04-07,10.35,11.31,10.77,10.29,45988120.0,499707840.0
2011-04-06,10.31,10.58,10.44,10.24,25705212.0,269221696.0
2011-04-01,10.25,10.53,10.40,10.04,31899266.0,330887008.0
2011-03-31,10.99,11.08,10.34,9.93,52141552.0,539487360.0
2011-03-30,11.14,11.33,11.04,10.72,40970872.0,453361120.0
2011-03-29,11.40,11.82,11.33,11.02,57608736.0,656867456.0
2011-03-28,10.18,11.07,11.07,10.18,47109512.0,508756640.0
2011-03-25,9.45,10.06,10.06,9.37,74971992.0,738013696.0
2011-03-24,8.55,9.15,9.15,8.55,22385486.0,202861152.0
2011-03-23,8.11,8.32,8.31,8.10,6080375.0,50431920.0
2011-03-22,8.28,8.28,8.14,8.03,6772068.0,55264964.0
2011-03-21,8.30,8.36,8.28,8.15,8804441.0,73004632.0
2011-03-18,8.12,8.41,8.34,8.07,13822279.0,115423432.0
2011-03-17,8.03,8.25,8.06,7.92,9418248.0,76990272.0
2011-03-16,7.96,8.11,8.09,7.95,5433095.0,44030672.0
2011-03-15,8.14,8.14,7.94,7.81,6397705.0,51139920.0
2011-03-14,7.95,8.21,8.16,7.94,6870169.0,56026124.0
2011-03-11,7.91,8.09,7.95,7.87,4649317.0,37487480.0
2011-03-10,8.10,8.14,7.94,7.93,5522560.0,44408872.0
2011-03-09,8.09,8.18,8.12,8.03,7102486.0,58007664.0
2011-03-08,7.96,8.10,8.09,7.91,6961224.0,56106720.0
2011-03-07,7.85,8.01,8.00,7.82,7374443.0,58674656.0
2011-03-04,7.69,7.90,7.86,7.69,3330541.0,26147486.0
2011-03-03,7.95,7.98,7.70,7.65,6613801.0,52075004.0
2011-03-02,7.94,8.02,7.96,7.81,6063865.0,48137312.0
2011-03-01,7.95,8.03,7.96,7.91,6341645.0,50911320.0
2011-02-28,7.90,7.98,7.95,7.82,5550333.0,44150108.0
2011-02-25,7.85,7.95,7.87,7.78,4735520.0,37457800.0
2011-02-24,7.65,7.91,7.87,7.65,5131295.0,40207720.0
2011-02-23,7.60,7.80,7.72,7.56,4498154.0,34820040.0
2011-02-22,7.92,7.95,7.62,7.46,7045226.0,54904012.0
2011-02-21,7.58,7.99,7.92,7.58,9438606.0,74334224.0
2011-02-18,7.64,7.72,7.65,7.56,5864152.0,45056712.0
2011-02-17,7.63,7.66,7.61,7.48,5154530.0,39235320.0
2011-02-16,7.44,7.59,7.57,7.42,4360723.0,33030856.0
2011-02-15,7.55,7.62,7.41,7.37,5687562.0,42935408.0
2011-02-14,7.38,7.55,7.47,7.37,4795663.0,35945236.0
2011-02-11,7.26,7.48,7.37,7.25,5392253.0,40069296.0
2011-02-10,7.11,7.27,7.26,7.05,3659006.0,26396184.0
2011-02-09,7.06,7.16,7.11,7.06,2633798.0,18840044.0
2011-02-01,7.12,7.12,7.08,7.03,1556584.0,11070950.0
2011-01-31,7.02,7.12,7.10,6.99,2645560.0,18814836.0
2011-01-28,6.92,7.07,7.04,6.92,2294028.0,16185517.0
2011-01-27,6.76,7.01,6.95,6.76,2108416.0,14709426.0
2011-01-26,6.81,6.99,6.87,6.80,2787927.0,19249950.0
2011-01-25,7.05,7.13,6.81,6.72,5655606.0,39646696.0
2011-01-24,7.03,7.20,7.01,6.92,2412755.0,17024960.0
2011-01-21,6.94,7.11,7.02,6.84,5095257.0,35830424.0
2011-01-20,7.00,7.04,6.95,6.80,3028571.0,21079132.0
2011-01-19,6.71,7.12,7.00,6.71,3986123.0,27829000.0
2011-01-18,6.66,6.96,6.79,6.62,3500191.0,23700676.0
2011-01-17,7.14,7.19,6.68,6.60,3183090.0,21936210.0
2011-01-14,7.26,7.34,7.15,7.11,2530823.0,18321284.0
2011-01-13,7.47,7.50,7.34,7.33,2359274.0,17525704.0
2011-01-12,7.41,7.51,7.47,7.34,4511351.0,33765512.0
2011-01-11,7.14,7.43,7.40,7.14,3408573.0,24940072.0
2011-01-10,7.55,7.55,7.24,7.23,2682070.0,19857932.0
2011-01-07,7.55,7.60,7.51,7.47,3697421.0,27984834.0
2011-01-06,7.42,7.71,7.64,7.35,7120640.0,53989468.0
2011-01-05,7.44,7.44,7.38,7.33,3105045.0,23000364.0
2011-01-04,7.39,7.48,7.46,7.32,4446728.0,33140600.0
