date,open,high,close,low,volume,amount
2015-11-27,9.72,9.95,8.89,8.86,29118240.0,274726176.0
2015-11-26,10.30,10.48,9.84,9.76,41276076.0,416100192.0
2015-11-25,9.12,10.08,10.08,9.10,34173700.0,333563104.0
2015-11-24,8.85,9.28,9.16,8.78,14374506.0,130287768.0
2015-11-23,8.92,9.19,8.86,8.78,17075038.0,153798464.0
2015-11-20,8.61,9.17,8.95,8.61,20350248.0,181546128.0
2015-11-19,8.46,8.69,8.66,8.45,8952321.0,76939616.0
2015-11-18,8.40,8.68,8.46,8.39,9176647.0,78326384.0
2015-11-17,8.55,8.68,8.43,8.41,11990337.0,102768432.0
2015-11-16,8.18,8.53,8.51,8.16,8489825.0,70774952.0
2015-11-13,8.60,8.63,8.39,8.32,11329680.0,96014616.0
2015-11-12,8.85,8.92,8.70,8.55,14004560.0,121871648.0
2015-11-11,8.84,9.03,8.86,8.67,16440255.0,145638384.0
2015-11-10,8.60,8.95,8.84,8.57,19475804.0,170614512.0
2015-11-09,8.45,8.97,8.72,8.25,19704198.0,168598496.0
2015-11-06,8.52,8.69,8.58,8.49,13966060.0,120000728.0
2015-11-05,8.61,8.67,8.51,8.42,18807472.0,160458592.0
2015-11-04,8.45,8.71,8.65,8.32,28680754.0,244985792.0
2015-11-03,8.11,8.65,8.41,7.99,22393076.0,185221056.0
2015-11-02,7.88,8.27,8.17,7.81,16036776.0,130057408.0
2015-10-30,7.94,8.14,8.01,7.79,10634045.0,84770480.0
2015-10-29,7.90,8.07,8.00,7.79,11132221.0,88439376.0
2015-10-28,7.99,8.10,7.93,7.90,10713744.0,85766176.0
2015-10-27,8.03,8.10,8.08,7.57,11630619.0,91614112.0
2015-10-26,8.09,8.11,8.10,7.91,12328323.0,99015816.0
2015-10-23,7.79,8.00,7.95,7.72,12093079.0,94975680.0
2015-10-22,7.45,7.82,7.71,7.45,11644872.0,88803704.0
2015-10-21,8.25,8.28,7.48,7.43,20869838.0,163409568.0
2015-10-20,8.21,8.33,8.25,8.16,12548126.0,103393688.0
2015-10-19,8.43,8.47,8.17,8.09,18858012.0,155072688.0
2015-10-16,8.40,8.60,8.50,8.10,31014550.0,259753888.0
2015-10-15,7.90,8.74,8.51,7.85,28260756.0,236049712.0
2015-10-14,7.72,8.26,8.08,7.69,21625558.0,172395664.0
2015-10-13,7.62,7.79,7.77,7.58,13067620.0,100437904.0
2015-10-12,7.38,7.80,7.70,7.32,18541446.0,141532416.0
2015-10-09,7.24,7.39,7.37,7.18,12251091.0,89161280.0
2015-10-08,7.29,7.30,7.21,7.14,12402534.0,89495888.0
2015-09-30,6.98,7.14,7.01,6.92,8866200.0,62193136.0
2015-09-29,7.00,7.33,7.09,6.93,14575792.0,104285808.0
2015-09-28,6.82,7.08,7.04,6.78,7084794.0,49135956.0
2015-09-25,7.09,7.17,6.80,6.75,10746270.0,74398368.0
2015-09-24,7.04,7.18,7.15,6.99,10821196.0,76729632.0
2015-09-23,7.00,7.16,7.04,6.93,9981459.0,70404768.0
2015-09-22,7.15,7.35,7.21,7.05,15076410.0,108225728.0
2015-09-21,6.71,7.19,7.17,6.64,14266035.0,99268912.0
2015-09-18,7.01,7.06,6.83,6.62,16262697.0,110961936.0
2015-09-17,7.10,7.37,6.89,6.85,18879338.0,134414688.0
2015-09-16,6.57,7.18,7.18,6.53,15707950.0,106986808.0
2015-09-15,6.98,7.14,6.53,6.49,21029234.0,142781744.0
2015-09-14,8.05,8.36,7.20,7.10,26724792.0,208770992.0
2015-09-11,7.83,8.03,7.89,7.68,18833688.0,148135472.0
2015-09-10,8.25,8.30,7.99,7.95,30722758.0,249268064.0
2015-09-09,7.63,8.40,8.40,7.48,43297892.0,348545920.0
2015-09-08,7.49,7.98,7.64,7.26,31571732.0,238669600.0
2015-09-07,7.48,8.10,7.77,7.30,28557012.0,220286816.0
2015-09-02,7.44,8.98,7.71,7.44,39487520.0,320834752.0
2015-09-01,9.00,9.75,8.27,8.11,62265788.0,575987392.0
2015-08-31,8.86,8.86,8.86,8.86,1666028.0,14761008.0
2015-08-28,8.05,8.05,8.05,8.05,1248790.0,10052760.0
2015-08-27,6.88,7.32,7.32,6.75,7612787.0,54362056.0
2015-08-26,7.10,7.36,6.65,6.45,12890925.0,89623616.0
2015-08-25,7.09,7.32,7.09,7.09,8426167.0,60048328.0
2015-08-24,8.41,8.41,7.88,7.88,7658446.0,60987608.0
2015-08-21,9.20,9.44,8.75,8.70,11548703.0,104561792.0
2015-08-20,9.60,9.96,9.53,9.50,20047676.0,195580160.0
2015-08-19,8.58,9.72,9.72,8.40,21353762.0,196779968.0
2015-08-18,9.87,9.87,8.84,8.84,28072176.0,264342816.0
2015-08-17,9.32,9.83,9.82,9.15,25703128.0,244672512.0
2015-08-14,9.08,9.45,9.35,9.07,23107092.0,213942416.0
2015-08-13,8.70,9.15,9.06,8.55,16430949.0,146166208.0
2015-08-12,8.86,9.25,8.73,8.70,19725704.0,176609920.0
2015-08-11,8.67,9.28,9.04,8.57,22433168.0,199837520.0
2015-08-10,8.43,8.88,8.73,8.29,15420132.0,132161480.0
2015-08-07,7.99,8.37,8.28,7.95,12328997.0,101289960.0
2015-08-06,7.74,8.10,7.89,7.66,6452094.0,51257776.0
2015-08-05,8.15,8.33,7.95,7.82,12136898.0,98409224.0
2015-08-04,7.46,8.15,8.14,7.46,9262281.0,72683704.0
2015-08-03,8.08,8.08,7.43,7.34,10203040.0,78423008.0
2015-07-31,8.30,8.45,8.16,8.01,8911352.0,73477456.0
2015-07-30,8.54,8.93,8.47,8.15,16017585.0,138941120.0
2015-07-29,8.00,8.54,8.54,7.77,15086393.0,121681624.0
2015-07-28,7.75,8.35,7.76,7.55,17471948.0,136106272.0
2015-07-27,9.00,9.30,8.39,8.39,19033480.0,169194272.0
2015-07-24,9.65,10.00,9.32,9.18,41891924.0,402169472.0
2015-07-23,8.30,9.19,9.19,8.26,19126266.0,167691136.0
2015-07-22,8.15,8.39,8.35,8.03,13136862.0,108244224.0
2015-07-21,8.00,8.35,8.20,7.90,12285322.0,100446336.0
2015-07-20,8.03,8.40,8.12,7.89,13927060.0,113331120.0
2015-07-17,7.52,8.12,8.02,7.52,12078414.0,94725672.0
2015-07-16,7.00,7.78,7.52,6.80,13585447.0,100370776.0
2015-07-15,7.80,8.14,7.38,7.38,17479340.0,133793840.0
2015-07-14,8.19,8.67,8.20,8.00,26014004.0,215694144.0
2015-07-13,7.78,7.98,7.98,7.55,16330816.0,128146688.0
2015-07-10,6.90,7.25,7.25,6.70,11765328.0,84077616.0
2015-07-09,5.51,6.59,6.59,5.51,18353834.0,115350120.0
2015-07-08,5.99,6.10,5.99,5.99,16036437.0,96163936.0
2015-07-07,7.00,7.19,6.65,6.65,13485852.0,91027952.0
2015-07-06,8.80,8.80,7.39,7.20,16788264.0,131700008.0
2015-07-03,8.70,8.90,8.00,8.00,12747715.0,104297344.0
2015-07-02,9.95,10.00,8.89,8.89,13710831.0,127643696.0
2015-07-01,11.04,11.23,9.88,9.88,11946331.0,129250704.0
2015-06-30,10.58,11.17,10.98,9.49,16785812.0,174467552.0
2015-06-29,12.07,12.10,10.53,10.52,14823938.0,161681680.0
2015-06-26,12.57,12.89,11.69,11.69,10667569.0,128718808.0
2015-06-25,13.58,13.69,12.99,12.89,11080027.0,148638832.0
2015-06-24,13.32,13.75,13.52,12.95,11688134.0,157415888.0
2015-06-23,13.40,13.57,13.29,12.21,15332521.0,196966144.0
2015-06-19,14.30,14.68,13.57,13.57,14429858.0,203060320.0
2015-06-18,14.98,15.90,15.08,14.98,19719192.0,303703872.0
2015-06-17,14.40,14.95,14.88,13.78,13839079.0,198348576.0
2015-06-16,15.10,15.10,14.40,14.30,14631746.0,215097872.0
2015-06-15,14.99,15.60,15.25,14.75,22418122.0,338849440.0
2015-06-12,14.53,15.30,15.06,14.53,20386302.0,305852288.0
2015-06-11,14.36,14.70,14.68,14.25,17226884.0,249648608.0
2015-06-10,14.40,14.74,14.41,14.16,15121865.0,219009232.0
2015-06-09,14.22,14.48,14.42,13.75,17382284.0,246676736.0
2015-06-08,14.49,14.57,14.22,13.92,17691022.0,251337920.0
2015-06-05,14.23,14.60,14.47,13.89,24204340.0,346995584.0
2015-06-04,13.60,14.01,14.00,12.68,17256864.0,235185664.0
2015-06-03,13.70,13.94,13.64,13.25,14589281.0,198562320.0
2015-06-02,13.14,13.74,13.55,13.14,12418010.0,166751872.0
2015-06-01,12.40,13.14,13.07,12.39,12370270.0,158516256.0
2015-05-29,12.49,12.88,12.37,11.41,15082175.0,185415984.0
2015-05-28,13.95,13.95,12.62,12.62,22864802.0,305893824.0
2015-05-27,14.05,14.20,14.02,13.72,17822480.0,248700208.0
2015-05-26,13.66,14.30,14.18,13.55,29505902.0,412215968.0
2015-05-25,13.00,13.97,13.87,12.78,29518564.0,386033408.0
2015-05-22,12.88,12.99,12.91,12.60,16990890.0,217190176.0
2015-05-21,12.29,13.07,12.74,12.28,18822634.0,239786160.0
2015-05-20,12.40,12.80,12.43,12.34,21436226.0,268557760.0
2015-05-19,12.50,12.68,12.48,12.24,19933470.0,248146112.0
2015-05-18,12.05,12.55,12.49,11.91,28299396.0,351006976.0
2015-05-15,11.80,12.14,12.06,11.71,14830940.0,177414624.0
2015-05-14,11.70,12.17,11.96,11.68,18984944.0,225763104.0
2015-05-13,11.10,11.65,11.63,11.06,14088303.0,160134608.0
2015-05-12,11.17,11.39,11.13,11.10,8271536.0,92596168.0
2015-05-11,10.94,11.19,11.15,10.90,8853444.0,98025072.0
2015-05-08,10.83,11.00,10.92,10.42,12470324.0,134422576.0
2015-05-07,11.80,12.20,10.83,10.83,16023204.0,180933184.0
2015-05-06,11.99,12.88,12.03,11.57,20993252.0,253442400.0
2015-05-05,12.13,12.25,12.06,11.82,15754920.0,189171760.0
2015-05-04,11.65,12.35,12.13,11.40,16257948.0,193580080.0
2015-04-30,11.67,12.20,11.76,11.53,10805038.0,127389280.0
2015-04-29,11.50,11.72,11.67,11.37,5812968.0,67460416.0
2015-04-28,11.80,11.82,11.55,11.14,10574716.0,120951064.0
2015-04-27,11.98,12.09,11.89,11.75,15206383.0,180719328.0
2015-04-24,11.61,12.51,12.18,11.52,14381440.0,174989056.0
2015-04-23,11.55,11.80,11.80,11.33,11222748.0,129414008.0
2015-04-22,11.26,11.65,11.53,11.21,9234696.0,106449152.0
2015-04-21,10.90,11.25,11.25,10.89,6889010.0,76234520.0
2015-04-20,11.42,11.63,10.95,10.92,15072732.0,168696288.0
2015-04-17,10.91,11.85,11.53,10.91,14127985.0,162974464.0
2015-04-16,10.48,11.20,10.81,10.28,6825326.0,73378888.0
2015-04-15,11.00,11.00,10.56,10.40,9198768.0,98219096.0
2015-04-14,11.19,11.30,11.04,11.01,7941725.0,88475264.0
2015-04-13,10.70,11.20,11.16,10.63,10380343.0,114182800.0
2015-04-10,10.30,10.72,10.68,10.26,7584522.0,80199376.0
2015-04-09,10.65,10.66,10.32,10.08,11367143.0,117845208.0
2015-04-08,10.92,10.92,10.69,10.64,11803224.0,126752424.0
2015-04-07,10.85,11.00,10.93,10.76,12161104.0,132482736.0
2015-04-03,10.90,10.99,10.93,10.66,9323063.0,100723608.0
2015-04-02,10.85,10.95,10.90,10.64,8530537.0,92090240.0
2015-04-01,10.40,10.93,10.79,10.38,11446434.0,122817632.0
2015-03-31,10.20,10.39,10.33,10.03,9518409.0,96723984.0
2015-03-30,9.94,10.63,10.24,9.90,12359926.0,127587616.0
2015-03-27,9.55,10.00,9.95,9.55,7761536.0,76262304.0
2015-03-26,9.39,9.75,9.59,9.29,8787133.0,84148576.0
2015-03-25,9.17,9.70,9.49,9.12,10799044.0,102378416.0
2015-03-24,9.44,9.44,9.20,9.14,13574884.0,125567632.0
2015-03-23,9.22,9.48,9.46,9.16,7431986.0,69690288.0
2015-03-20,9.19,9.30,9.26,9.18,6993651.0,64577320.0
2015-03-19,9.19,9.38,9.24,9.10,8812878.0,81347400.0
2015-03-18,8.91,9.29,9.14,8.87,9061531.0,82579488.0
2015-03-17,8.97,9.07,8.92,8.86,8346415.0,74824136.0
2015-03-16,8.64,8.99,8.96,8.64,7820911.0,69538704.0
2015-03-13,8.60,8.71,8.62,8.55,3998499.0,34469572.0
2015-03-12,8.53,8.70,8.59,8.50,4321011.0,37098216.0
2015-03-11,8.61,8.72,8.56,8.50,5859968.0,50333808.0
2015-03-10,8.74,8.88,8.65,8.62,7090752.0,62079856.0
2015-03-09,8.40,8.74,8.69,8.33,7970139.0,68481400.0
2015-03-06,8.54,8.68,8.42,8.37,7630089.0,64796396.0
2015-03-05,8.30,8.69,8.60,8.29,14534612.0,123840728.0
2015-03-04,8.02,8.27,8.26,8.00,7220779.0,58723008.0
2015-03-03,8.23,8.23,8.06,8.05,6924792.0,56200224.0
2015-03-02,8.16,8.25,8.23,8.05,7714220.0,63009052.0
2015-02-27,7.96,8.14,8.13,7.94,5419880.0,43652648.0
2015-02-26,7.89,7.97,7.96,7.85,4284863.0,33909876.0
2015-02-25,8.05,8.09,7.90,7.86,4525837.0,35927448.0
2015-02-17,8.07,8.18,8.05,8.02,4616340.0,37323156.0
2015-02-16,7.90,8.12,8.11,7.87,4657334.0,37356692.0
2015-02-13,7.80,7.95,7.92,7.74,5594776.0,43943304.0
2015-02-12,7.69,7.82,7.78,7.67,3609361.0,27956278.0
2015-02-11,7.61,7.70,7.69,7.60,2946994.0,22567552.0
2015-02-10,7.58,7.65,7.60,7.50,3255892.0,24673244.0
2015-02-09,7.58,7.64,7.58,7.53,2995524.0,22746714.0
2015-02-06,7.61,7.75,7.54,7.53,4948520.0,37866248.0
2015-02-05,7.96,7.99,7.70,7.66,5593594.0,43602964.0
2015-02-04,7.98,8.09,7.85,7.81,5459345.0,43513576.0
2015-02-03,7.82,8.04,8.00,7.66,7758178.0,60723312.0
2015-02-02,7.80,7.90,7.76,7.69,7606695.0,59201828.0
2015-01-30,8.15,8.22,7.97,7.94,7626173.0,61247648.0
2015-01-29,8.24,8.28,8.11,8.10,5022262.0,41096560.0
2015-01-28,8.36,8.44,8.27,8.24,6377375.0,52982400.0
2015-01-27,8.34,8.47,8.44,8.13,11448572.0,95169280.0
2015-01-26,7.98,8.39,8.34,7.87,10952466.0,89640664.0
2015-01-23,8.00,8.19,7.94,7.90,8861575.0,71172312.0
2015-01-22,7.80,8.08,8.05,7.75,11857378.0,93771160.0
2015-01-21,7.48,7.93,7.81,7.45,11407329.0,88465864.0
2015-01-20,7.21,7.51,7.47,7.21,6840447.0,50725984.0
2015-01-19,7.41,7.51,7.19,7.11,7354072.0,54051864.0
2015-01-16,7.53,7.66,7.59,7.53,4724048.0,35881484.0
2015-01-15,7.60,7.63,7.53,7.50,4723059.0,35716836.0
2015-01-14,7.55,7.69,7.57,7.46,6221360.0,47225296.0
2015-01-13,7.44,7.55,7.55,7.40,3730222.0,27888636.0
2015-01-12,7.48,7.57,7.48,7.40,4734054.0,35415656.0
2015-01-09,7.46,7.69,7.52,7.45,6493052.0,49198176.0
2015-01-08,7.64,7.71,7.50,7.49,6121766.0,46349544.0
2015-01-07,7.50,7.69,7.65,7.45,8570931.0,64810464.0
2015-01-06,7.42,7.56,7.51,7.34,7013950.0,52560592.0
2015-01-05,7.26,7.46,7.41,7.19,6779936.0,49924252.0
2014-12-31,7.21,7.26,7.21,7.07,3824333.0,27361272.0
2014-12-30,7.35,7.47,7.23,7.21,6142325.0,45189180.0
2014-12-29,7.14,7.41,7.28,7.13,6851337.0,50022040.0
2014-12-26,7.14,7.23,7.19,7.10,4138011.0,29732580.0
2014-12-25,7.06,7.17,7.14,6.99,3858605.0,27430852.0
2014-12-24,6.93,7.10,7.06,6.90,3715538.0,26070334.0
2014-12-23,6.94,7.03,6.87,6.86,3611447.0,25124618.0
2014-12-22,7.29,7.30,6.97,6.89,8324382.0,58868832.0
2014-12-19,7.43,7.45,7.34,7.19,5326050.0,39022192.0
2014-12-18,7.42,7.60,7.45,7.34,5639616.0,42100828.0
2014-12-17,7.58,7.61,7.42,7.35,5354686.0,40043508.0
2014-12-16,7.61,7.65,7.60,7.49,6061191.0,45847552.0
2014-12-15,7.38,7.63,7.58,7.33,7862790.0,59157612.0
2014-12-12,7.46,7.47,7.42,7.33,5823580.0,43052996.0
2014-12-11,7.24,7.39,7.39,7.18,5675730.0,41345048.0
2014-12-10,7.10,7.25,7.25,7.07,4845471.0,34721296.0
2014-12-09,7.42,7.42,7.08,7.06,12441515.0,90078416.0
2014-12-08,7.45,7.50,7.43,7.32,10812279.0,80014008.0
2014-12-05,7.90,7.92,7.52,7.40,12457731.0,94817472.0
2014-12-04,7.85,7.94,7.88,7.78,12971005.0,102075976.0
2014-12-03,7.42,7.87,7.85,7.42,18043532.0,138430368.0
2014-12-02,7.37,7.51,7.43,7.34,5609438.0,41777872.0
2014-12-01,7.53,7.53,7.37,7.33,8458133.0,62619072.0
2014-11-28,7.60,7.68,7.55,7.47,7958835.0,60127304.0
2014-11-27,7.43,7.57,7.57,7.42,8407480.0,63125012.0
2014-11-26,7.46,7.52,7.43,7.37,6435660.0,47951964.0
2014-11-25,7.43,7.48,7.47,7.36,7030956.0,52150940.0
2014-11-24,7.37,7.46,7.44,7.33,6887407.0,50918016.0
2014-11-21,7.35,7.38,7.35,7.29,4795973.0,35123348.0
2014-11-20,7.40,7.40,7.35,7.30,3053227.0,22415212.0
2014-11-19,7.34,7.48,7.37,7.29,4375497.0,32296856.0
2014-11-18,7.29,7.40,7.34,7.25,3955852.0,28975668.0
2014-11-17,7.21,7.35,7.29,7.17,4445696.0,32348868.0
2014-11-14,7.18,7.25,7.20,7.12,3347710.0,24060576.0
2014-11-13,7.29,7.37,7.21,7.13,6357609.0,45749660.0
2014-11-12,7.14,7.33,7.32,7.07,4492590.0,32408280.0
2014-11-11,7.48,7.57,7.14,7.08,8004484.0,58112144.0
2014-11-10,7.43,7.54,7.47,7.37,6324352.0,47113228.0
2014-11-07,7.54,7.62,7.46,7.39,5799285.0,43600968.0
2014-11-06,7.44,7.60,7.55,7.39,5891417.0,44191124.0
2014-11-05,7.58,7.59,7.46,7.44,7390595.0,55490760.0
2014-11-04,7.70,7.79,7.62,7.56,6644661.0,50925132.0
2014-11-03,7.63,7.73,7.71,7.53,6946547.0,53097460.0
2014-10-31,7.99,8.00,7.62,7.56,13624750.0,104856528.0
2014-10-30,7.85,8.03,7.89,7.76,8503255.0,66937384.0
2014-10-29,7.69,7.85,7.80,7.69,7647149.0,59502868.0
2014-10-28,7.53,7.68,7.67,7.52,6961989.0,52915392.0
2014-10-27,7.42,7.57,7.54,7.38,2866823.0,21472784.0
2014-10-24,7.37,7.60,7.50,7.37,4934300.0,36872188.0
2014-10-23,7.72,7.78,7.40,7.33,6978249.0,52443724.0
2014-10-22,7.92,7.96,7.74,7.70,4595161.0,36013976.0
2014-10-21,7.67,7.99,7.92,7.61,7852418.0,60899848.0
2014-10-20,7.64,7.71,7.67,7.57,4956404.0,37802176.0
2014-10-17,7.89,7.97,7.64,7.51,10183637.0,78267256.0
2014-10-16,8.08,8.22,7.99,7.97,8048502.0,64805580.0
2014-10-15,7.96,8.17,8.14,7.84,7792974.0,62235628.0
2014-10-14,7.92,8.11,7.95,7.83,7640959.0,60683212.0
2014-10-13,8.08,8.08,7.90,7.76,7848957.0,61628572.0
2014-10-10,8.08,8.19,8.10,7.87,11504266.0,92206336.0
2014-10-09,7.73,8.19,8.06,7.73,13367281.0,106888960.0
2014-10-08,7.57,7.77,7.76,7.55,8280820.0,63508132.0
2014-09-30,7.53,7.60,7.51,7.46,5746568.0,43114220.0
2014-09-29,7.44,7.65,7.51,7.41,8164144.0,61259068.0
2014-09-26,7.39,7.52,7.44,7.23,8716481.0,64402568.0
2014-09-25,7.27,7.79,7.43,7.27,21232312.0,160938976.0
2014-09-24,7.00,7.10,7.08,6.94,5529988.0,38858148.0
2014-09-23,6.94,7.08,7.04,6.93,4776893.0,33390426.0
2014-09-22,7.03,7.12,6.97,6.90,6695012.0,46747084.0
2014-09-19,6.87,7.15,7.09,6.77,8790981.0,61279316.0
2014-09-18,6.80,6.95,6.87,6.71,5864847.0,39982544.0
2014-09-17,6.67,6.84,6.82,6.57,7722800.0,51756564.0
2014-09-16,6.94,7.06,6.72,6.67,9887203.0,67935136.0
2014-09-15,6.68,6.95,6.91,6.68,8504974.0,58235552.0
2014-09-12,6.64,6.71,6.69,6.57,5678570.0,37696512.0
2014-09-11,6.73,6.81,6.63,6.56,7176076.0,47753384.0
2014-09-10,6.67,6.77,6.72,6.63,6513585.0,43534856.0
2014-09-09,6.50,6.80,6.73,6.42,10326681.0,68554600.0
2014-09-05,6.49,6.52,6.48,6.41,5146918.0,33149196.0
2014-09-04,6.40,6.52,6.48,6.37,7166399.0,46131260.0
2014-09-03,6.36,6.41,6.37,6.31,5512516.0,34980952.0
2014-09-02,6.29,6.39,6.34,6.27,5225363.0,33023490.0
2014-09-01,6.20,6.29,6.27,6.14,4094301.0,25499568.0
2014-08-29,6.14,6.21,6.20,6.09,3432874.0,21020772.0
2014-08-28,6.12,6.19,6.15,6.07,3285147.0,20088692.0
2014-08-27,6.13,6.17,6.12,6.09,3436577.0,21016434.0
2014-08-26,6.31,6.35,6.14,6.09,7091169.0,43878056.0
2014-08-25,6.29,6.43,6.36,6.27,8122295.0,51586548.0
2014-08-22,6.30,6.32,6.29,6.25,4229056.0,26509502.0
2014-08-21,6.47,6.48,6.29,6.24,5864488.0,36973452.0
2014-08-20,6.44,6.54,6.41,6.38,4992768.0,32106548.0
2014-08-19,6.42,6.55,6.42,6.38,5013638.0,32226896.0
2014-08-18,6.31,6.43,6.42,6.31,5436453.0,34539932.0
2014-08-15,6.30,6.41,6.36,6.26,4795565.0,30274448.0
2014-08-14,6.31,6.45,6.30,6.29,7763718.0,49422760.0
2014-08-13,6.28,6.31,6.30,6.22,4891440.0,30549534.0
2014-08-12,6.32,6.32,6.31,6.24,3550931.0,22218380.0
2014-08-11,6.27,6.33,6.31,6.23,4707081.0,29552474.0
2014-08-08,6.24,6.27,6.26,6.18,3176349.0,19705816.0
2014-08-07,6.35,6.37,6.25,6.21,5249810.0,32792702.0
2014-08-06,6.28,6.38,6.34,6.22,5937411.0,37406752.0
2014-08-05,6.32,6.32,6.31,6.19,5949477.0,37045368.0
2014-08-04,5.99,6.45,6.31,5.99,14528834.0,90733080.0
2014-08-01,6.00,6.05,5.95,5.93,5167043.0,30808384.0
2014-07-31,6.02,6.04,6.02,5.94,5431738.0,32402216.0
2014-07-30,6.10,6.14,6.02,5.97,6357504.0,38247556.0
2014-07-29,6.01,6.13,6.03,5.97,7853914.0,47233328.0
2014-07-28,5.97,5.98,5.97,5.89,7910788.0,46783708.0
2014-07-25,5.84,5.98,5.91,5.80,6438401.0,37809380.0
2014-07-24,5.84,5.92,5.82,5.79,7125080.0,41555996.0
2014-07-23,5.70,5.90,5.88,5.66,6260643.0,35916356.0
2014-07-22,5.59,5.72,5.70,5.56,2986987.0,16902680.0
2014-07-21,5.66,5.67,5.59,5.57,1737809.0,9719665.0
2014-07-18,5.54,5.69,5.67,5.50,3241808.0,18140140.0
2014-07-17,5.63,5.64,5.56,5.52,3115283.0,17301466.0
2014-07-16,5.73,5.74,5.64,5.55,4104782.0,23094384.0
2014-07-15,5.72,5.78,5.73,5.67,4437475.0,25297070.0
2014-07-14,5.68,5.74,5.74,5.65,3394192.0,19291146.0
2014-07-11,5.68,5.73,5.70,5.61,3454925.0,19556576.0
2014-07-10,5.52,5.77,5.68,5.51,6143547.0,34810292.0
2014-07-09,5.48,5.67,5.56,5.48,5042125.0,28035028.0
2014-07-08,5.53,5.53,5.51,5.43,2221064.0,12162105.0
2014-07-07,5.53,5.56,5.51,5.46,1868233.0,10251919.0
2014-07-04,5.58,5.62,5.52,5.49,2550994.0,14090361.0
2014-07-03,5.50,5.65,5.57,5.48,4115754.0,22933816.0
2014-07-02,5.43,5.67,5.52,5.42,6967893.0,38656804.0
2014-07-01,5.35,5.48,5.45,5.33,4224792.0,22792576.0
2014-06-30,5.33,5.39,5.36,5.29,2170923.0,11569201.0
2014-06-27,5.27,5.35,5.32,5.27,1997511.0,10595545.0
2014-06-26,5.25,5.30,5.28,5.22,1990407.0,10472377.0
2014-06-25,5.24,5.27,5.23,5.20,1300936.0,6794379.0
2014-06-24,5.20,5.27,5.26,5.19,1166416.0,6097459.0
2014-06-23,5.22,5.25,5.20,5.19,1382347.0,7194514.0
2014-06-20,5.22,5.23,5.22,5.18,1505507.0,7812078.0
2014-06-19,5.39,5.39,5.24,5.15,2680167.0,14100783.0
2014-06-18,5.29,5.39,5.38,5.26,2950673.0,15683855.0
2014-06-17,5.35,5.36,5.28,5.26,1795112.0,9478056.0
2014-06-16,5.34,5.39,5.35,5.30,2101584.0,11213535.0
2014-06-13,5.28,5.34,5.33,5.25,2510772.0,13301047.0
2014-06-12,5.26,5.29,5.28,5.24,1291200.0,6777414.0
2014-06-11,5.27,5.31,5.29,5.25,1619292.0,8552352.0
2014-06-10,5.24,5.28,5.27,5.19,2058477.0,10762004.0
2014-06-09,5.18,5.24,5.21,5.17,1880308.0,9765421.0
2014-06-06,5.26,5.26,5.20,5.16,1904038.0,9885903.0
2014-06-05,5.21,5.26,5.26,5.20,2135409.0,11152669.0
2014-06-04,5.29,5.29,5.22,5.21,1570900.0,8212865.0
2014-06-03,5.27,5.33,5.29,5.25,1193020.0,6311257.0
2014-05-30,5.33,5.33,5.27,5.21,1735163.0,9131520.0
2014-05-29,5.32,5.37,5.32,5.28,2280915.0,12125993.0
2014-05-28,5.26,5.34,5.32,5.26,1957039.0,10365663.0
2014-05-27,5.33,5.34,5.27,5.26,1140693.0,6031591.0
2014-05-26,5.25,5.34,5.33,5.22,2486172.0,13145929.0
2014-05-23,5.19,5.27,5.25,5.19,1235246.0,6440382.0
2014-05-22,5.26,5.30,5.22,5.21,1117029.0,5871765.0
2014-05-21,5.19,5.27,5.26,5.14,1126308.0,5874716.0
2014-05-20,5.21,5.30,5.21,5.19,1270680.0,6640268.0
2014-05-19,5.21,5.21,5.19,5.14,1107057.0,5709163.0
2014-05-16,5.20,5.24,5.24,5.14,1101855.0,5711450.0
2014-05-15,5.34,5.37,5.20,5.18,1747126.0,9146342.0
2014-05-14,5.38,5.38,5.34,5.33,1078898.0,5763344.0
2014-05-13,5.32,5.40,5.36,5.31,2770931.0,14824079.0
2014-05-12,5.19,5.37,5.35,5.16,3501614.0,18489178.0
2014-05-09,5.18,5.18,5.16,5.09,2003832.0,10260224.0
2014-05-08,5.18,5.23,5.19,5.16,3594719.0,18620952.0
2014-05-07,5.24,5.27,5.17,5.15,1537741.0,7993367.0
2014-05-06,5.28,5.33,5.27,5.24,1710812.0,9015926.0
2014-05-05,5.22,5.29,5.29,5.17,1378735.0,7184656.0
2014-04-30,5.17,5.24,5.22,5.17,1035663.0,5377489.0
2014-04-29,5.09,5.21,5.17,5.06,1525410.0,7828380.0
2014-04-28,5.32,5.32,5.09,5.08,2081061.0,10729981.0
2014-04-25,5.47,5.49,5.29,5.27,2686267.0,14428620.0
2014-04-24,5.44,5.48,5.46,5.39,1861748.0,10102793.0
2014-04-23,5.42,5.45,5.42,5.39,1903596.0,10294542.0
2014-04-22,5.56,5.58,5.42,5.39,4341792.0,23600480.0
2014-04-21,5.68,5.69,5.56,5.53,1799700.0,10107820.0
2014-04-18,5.64,5.69,5.68,5.63,1420893.0,8028259.0
2014-04-17,5.71,5.71,5.66,5.65,1798518.0,10171189.0
2014-04-16,5.70,5.75,5.71,5.65,2788568.0,15834204.0
2014-04-15,5.85,5.88,5.73,5.70,5576040.0,32150176.0
2014-04-14,5.62,5.87,5.85,5.55,6661271.0,37964472.0
2014-04-11,5.63,5.64,5.62,5.56,1561350.0,8727742.0
2014-04-10,5.64,5.65,5.63,5.58,2040783.0,11432992.0
2014-04-09,5.61,5.66,5.64,5.58,2353171.0,13183847.0
2014-04-08,5.54,5.62,5.61,5.49,2795356.0,15559971.0
2014-04-04,5.46,5.54,5.54,5.43,1569514.0,8600920.0
2014-04-03,5.49,5.55,5.49,5.44,1880618.0,10293934.0
2014-04-02,5.50,5.57,5.51,5.46,1878195.0,10338276.0
2014-04-01,5.46,5.51,5.50,5.44,1462164.0,7993714.0
2014-03-31,5.45,5.50,5.45,5.38,1164553.0,6318110.0
2014-03-28,5.59,5.61,5.45,5.44,2397807.0,13143501.0
2014-03-27,5.62,5.65,5.58,5.54,2513035.0,14055629.0
2014-03-26,5.66,5.67,5.61,5.57,1929400.0,10804005.0
2014-03-25,5.58,5.65,5.64,5.56,2262795.0,12644650.0
2014-03-24,5.55,5.63,5.61,5.52,2790493.0,15565030.0
2014-03-21,5.44,5.57,5.56,5.40,1965930.0,10799902.0
2014-03-20,5.51,5.59,5.45,5.45,2330600.0,12837498.0
2014-03-19,5.48,5.61,5.58,5.38,3217862.0,17768612.0
2014-03-18,5.51,5.55,5.48,5.47,1642264.0,9022772.0
2014-03-17,5.39,5.55,5.51,5.39,2630627.0,14367324.0
2014-03-14,5.36,5.43,5.41,5.36,1308615.0,7052769.0
2014-03-13,5.34,5.43,5.42,5.34,1938377.0,10403584.0
2014-03-12,5.31,5.39,5.34,5.25,1761418.0,9348492.0
2014-03-11,5.36,5.38,5.32,5.28,2356251.0,12521266.0
2014-03-10,5.53,5.58,5.34,5.28,3065028.0,16660475.0
2014-03-07,5.63,5.70,5.57,5.55,2411490.0,13473733.0
2014-03-06,5.72,5.72,5.64,5.54,4345016.0,24303900.0
2014-03-05,5.61,5.77,5.73,5.58,5836588.0,33088576.0
2014-03-04,5.61,5.64,5.62,5.49,3770610.0,20914216.0
2014-03-03,5.54,5.67,5.65,5.45,6720888.0,37314352.0
2014-02-28,5.69,5.70,5.55,5.41,6031440.0,33241560.0
2014-02-27,5.82,5.87,5.69,5.64,5371018.0,30811308.0
2014-02-26,5.94,5.97,5.82,5.69,6441266.0,37120776.0
2014-02-25,6.32,6.44,5.93,5.90,7163162.0,44127980.0
2014-02-24,6.14,6.37,6.33,6.02,7757013.0,48285160.0
2014-02-21,6.11,6.21,6.16,6.02,4086252.0,24935986.0
2014-02-20,6.30,6.32,6.11,6.10,6674807.0,41293620.0
2014-02-19,6.23,6.30,6.28,6.12,7269783.0,45036024.0
2014-02-18,6.02,6.36,6.23,6.02,11816607.0,73293712.0
2014-02-17,6.05,6.08,6.06,5.96,8515240.0,51059176.0
2014-02-14,6.02,6.08,6.02,5.89,5680056.0,33736008.0
2014-02-13,6.16,6.21,6.03,6.02,4529954.0,27575648.0
2014-02-12,6.12,6.18,6.17,6.07,3969791.0,24249768.0
2014-02-11,6.18,6.21,6.14,6.06,3671264.0,22376592.0
2014-02-10,5.92,6.32,6.14,5.91,6919049.0,42299768.0
2014-02-07,5.81,5.90,5.90,5.75,2527367.0,14727906.0
2014-01-30,5.78,5.85,5.79,5.72,1868532.0,10794631.0
2014-01-29,5.82,5.86,5.81,5.77,1690951.0,9777822.0
2014-01-28,5.92,5.98,5.79,5.72,4924548.0,28493736.0
2014-01-27,6.10,6.10,5.94,5.92,4685790.0,27947128.0
2014-01-24,6.03,6.20,6.11,6.03,3698926.0,22576124.0
2014-01-23,6.04,6.12,5.98,5.92,3140061.0,18984896.0
2014-01-22,5.94,6.09,6.08,5.90,5071114.0,30546744.0
2014-01-21,5.80,5.98,5.89,5.80,2354201.0,13829625.0
2014-01-20,5.70,5.92,5.82,5.68,1336400.0,7758284.0
2014-01-17,5.78,5.92,5.74,5.70,2512771.0,14457353.0
2014-01-16,5.89,5.92,5.81,5.79,1663125.0,9670621.0
2014-01-15,5.83,5.99,5.89,5.82,1751966.0,10332984.0
2014-01-14,5.72,5.88,5.86,5.70,2186687.0,12693884.0
2014-01-13,5.72,5.82,5.73,5.67,1453339.0,8307459.0
2014-01-10,5.94,5.94,5.74,5.62,2217264.0,12709904.0
2014-01-09,6.08,6.08,5.85,5.83,2970725.0,17558874.0
2014-01-08,6.11,6.24,6.07,6.01,3636628.0,22235896.0
2014-01-07,5.88,6.13,6.08,5.88,3229716.0,19394900.0
2014-01-06,6.13,6.19,5.92,5.80,5902868.0,35294156.0
2014-01-03,6.31,6.33,6.13,6.08,3807755.0,23421662.0
2014-01-02,6.38,6.38,6.29,6.25,2700046.0,16979404.0
2013-12-31,6.48,6.49,6.35,6.31,3915070.0,24854056.0
2013-12-30,6.41,6.58,6.47,6.37,4399833.0,28380752.0
2013-12-27,6.27,6.52,6.42,6.19,5972097.0,38053536.0
2013-12-26,6.23,6.40,6.28,6.14,4701481.0,29423792.0
2013-12-25,6.31,6.52,6.27,6.17,5614806.0,35270856.0
2013-12-24,6.07,6.42,6.31,6.02,8307108.0,52014608.0
2013-12-23,6.25,6.27,6.07,5.90,4507357.0,27299580.0
2013-12-20,6.12,6.47,6.19,6.07,9019122.0,56512868.0
2013-12-19,6.22,6.28,6.16,6.05,6383648.0,39143416.0
2013-12-18,6.24,6.34,6.16,6.07,9817143.0,60785912.0
2013-12-17,5.65,6.24,6.24,5.64,12779831.0,77704496.0
2013-12-16,5.94,5.97,5.67,5.65,4339333.0,25039628.0
2013-12-13,5.87,6.04,5.92,5.84,4469783.0,26557102.0
2013-12-12,6.02,6.08,5.92,5.90,6033769.0,35913236.0
2013-12-11,6.17,6.29,6.09,6.07,6880276.0,42254308.0
2013-12-10,6.02,6.23,6.17,6.01,5025228.0,30679304.0
2013-12-09,6.00,6.13,6.06,5.93,4784344.0,28771394.0
2013-12-06,6.00,6.19,6.01,5.98,8137090.0,49240652.0
2013-12-05,5.78,6.13,6.06,5.67,10649686.0,62839432.0
2013-12-04,5.69,5.85,5.77,5.64,5409009.0,31073852.0
2013-12-03,5.67,5.78,5.72,5.55,5022420.0,28423288.0
2013-12-02,5.57,5.71,5.67,5.27,8381864.0,46490276.0
2013-11-29,5.65,5.81,5.71,5.65,8510250.0,48750216.0
2013-11-28,5.54,5.75,5.66,5.49,6038401.0,33991888.0
2013-11-27,5.41,5.54,5.54,5.36,5887427.0,32140516.0
2013-11-26,5.35,5.46,5.43,5.27,2434887.0,12997081.0
2013-11-25,5.41,5.41,5.32,5.29,2940773.0,15657575.0
2013-11-22,5.47,5.51,5.42,5.35,3829558.0,20695952.0
2013-11-21,5.41,5.57,5.48,5.41,5198232.0,28557432.0
2013-11-20,5.36,5.48,5.44,5.27,5570821.0,29957892.0
2013-11-19,5.28,5.40,5.35,5.26,5291571.0,28138478.0
2013-11-18,5.26,5.38,5.32,5.26,7015279.0,37216212.0
2013-11-15,5.21,5.35,5.16,5.14,8317412.0,43548668.0
2013-11-14,4.86,5.06,5.06,4.83,3337923.0,16576702.0
2013-11-13,4.96,4.97,4.87,4.86,1307701.0,6401475.0
2013-11-12,4.95,4.99,4.99,4.92,1678498.0,8302196.0
2013-11-11,4.93,4.96,4.94,4.89,1531899.0,7512673.0
2013-11-08,4.87,4.93,4.87,4.83,1653292.0,8032138.0
2013-11-07,4.94,4.97,4.90,4.90,1937980.0,9536071.0
2013-11-06,5.01,5.04,4.98,4.95,4037054.0,20051896.0
2013-11-05,5.02,5.04,5.04,4.91,2721081.0,13494991.0
2013-11-04,5.03,5.06,5.03,5.00,1370741.0,6879738.0
2013-11-01,4.99,5.06,5.02,4.97,1928054.0,9636975.0
2013-10-31,5.01,5.12,4.99,4.97,4986936.0,25049384.0
2013-10-30,4.92,4.94,4.94,4.81,2671332.0,13069939.0
2013-10-29,5.04,5.07,4.88,4.82,3415134.0,16811608.0
2013-10-28,5.03,5.11,5.03,4.99,2390470.0,12000892.0
2013-10-25,5.19,5.19,5.04,4.96,3256817.0,16511419.0
2013-10-24,5.26,5.26,5.19,5.11,2377528.0,12296540.0
2013-10-23,5.37,5.43,5.26,5.21,3623425.0,19249480.0
2013-10-22,5.44,5.44,5.39,5.36,3143005.0,16912352.0
2013-10-21,5.37,5.46,5.44,5.35,2587672.0,13937365.0
2013-10-18,5.36,5.42,5.36,5.34,1534286.0,8231660.0
2013-10-17,5.41,5.45,5.36,5.35,2622668.0,14119706.0
2013-10-16,5.56,5.58,5.38,5.33,4094059.0,22206156.0
2013-10-15,5.48,5.65,5.61,5.45,7439479.0,41316536.0
2013-10-14,5.51,5.52,5.48,5.45,4033109.0,22067932.0
2013-10-11,5.50,5.55,5.52,5.46,4470813.0,24549628.0
2013-10-10,5.48,5.51,5.50,5.43,3099062.0,16920804.0
2013-10-09,5.48,5.50,5.49,5.41,2315170.0,12576578.0
2013-10-08,5.37,5.51,5.49,5.32,2875929.0,15633392.0
2013-09-30,5.31,5.40,5.39,5.30,1698521.0,9058046.0
2013-09-27,5.32,5.37,5.32,5.30,1787429.0,9509815.0
2013-09-26,5.45,5.47,5.32,5.31,2906147.0,15609256.0
2013-09-25,5.51,5.58,5.47,5.45,3083912.0,16957360.0
2013-09-24,5.64,5.65,5.51,5.48,3867316.0,21363564.0
2013-09-23,5.57,5.68,5.65,5.52,2557672.0,14339849.0
2013-09-18,5.50,5.62,5.58,5.47,2217339.0,12293603.0
2013-09-17,5.68,5.69,5.50,5.49,3784769.0,21075044.0
2013-09-16,5.78,5.83,5.70,5.66,3951875.0,22523580.0
2013-09-13,5.67,5.80,5.76,5.63,5484758.0,31295504.0
2013-09-12,5.73,5.77,5.67,5.61,5611781.0,31626266.0
2013-09-11,5.86,5.87,5.74,5.73,6398148.0,36786456.0
2013-09-10,5.76,5.86,5.84,5.69,9843501.0,56347012.0
2013-09-09,5.77,5.92,5.82,5.70,13162514.0,76083704.0
2013-09-06,5.51,5.87,5.87,5.49,19406936.0,110567824.0
2013-09-05,5.42,5.46,5.33,5.32,2227612.0,11902349.0
2013-09-04,5.40,5.43,5.41,5.33,2661055.0,14309728.0
2013-09-03,5.36,5.48,5.42,5.36,3814785.0,20626804.0
2013-09-02,5.30,5.40,5.39,5.26,4463702.0,23771824.0
2013-08-30,5.21,5.34,5.30,5.20,5066675.0,26686562.0
2013-08-29,5.21,5.25,5.21,5.16,2627459.0,13625278.0
2013-08-28,5.25,5.28,5.21,5.16,2705995.0,14123395.0
2013-08-27,5.26,5.29,5.29,5.21,2633884.0,13811837.0
2013-08-26,5.14,5.26,5.26,5.14,2394021.0,12454572.0
2013-08-23,5.31,5.31,5.17,5.06,3709209.0,19247076.0
2013-08-22,5.31,5.34,5.31,5.26,2414518.0,12766524.0
2013-08-21,5.41,5.45,5.31,5.28,4132203.0,21940648.0
2013-08-20,5.17,5.50,5.37,5.17,5893156.0,31361200.0
2013-08-19,5.16,5.27,5.25,5.11,3270717.0,16930042.0
2013-08-16,5.19,5.40,5.24,5.16,4394482.0,23259604.0
2013-08-15,5.27,5.33,5.22,5.20,2459670.0,12942995.0
2013-08-14,5.40,5.42,5.27,5.26,3181546.0,16882132.0
2013-08-13,5.33,5.37,5.35,5.25,3254749.0,17275428.0
2013-08-12,5.25,5.34,5.31,5.21,4484581.0,23657522.0
2013-08-09,5.14,5.26,5.25,5.07,3030879.0,15599527.0
2013-08-08,5.13,5.16,5.09,5.05,2082372.0,10598596.0
2013-08-07,5.19,5.23,5.14,5.13,2698515.0,13906538.0
2013-08-06,5.11,5.29,5.20,5.06,5250822.0,27219814.0
2013-08-05,5.13,5.13,5.11,5.05,2845603.0,14458762.0
2013-08-02,5.03,5.11,5.10,4.98,3556422.0,17922504.0
2013-08-01,4.93,5.04,5.03,4.87,2720926.0,13500460.0
2013-07-31,5.03,5.07,4.92,4.89,3998514.0,19794530.0
2013-07-30,5.03,5.09,5.05,4.96,1521243.0,7637878.0
2013-07-29,4.90,5.16,5.00,4.83,3069508.0,15449412.0
2013-07-26,5.05,5.07,4.99,4.95,1569280.0,7841199.0
2013-07-25,5.02,5.08,5.06,4.99,2433252.0,12228041.0
2013-07-24,5.04,5.06,5.01,4.92,1681376.0,8373162.0
2013-07-23,4.89,5.07,5.05,4.89,2267032.0,11354727.0
2013-07-22,4.83,4.91,4.91,4.77,1368635.0,6640143.0
2013-07-19,5.03,5.09,4.88,4.87,3186477.0,15744319.0
2013-07-18,5.12,5.12,5.03,4.97,1943363.0,9774090.0
2013-07-17,5.18,5.20,5.14,5.11,2525081.0,13001915.0
2013-07-16,5.13,5.20,5.18,5.03,2522093.0,12885430.0
2013-07-15,5.05,5.12,5.10,5.00,2266843.0,11467805.0
2013-07-12,5.14,5.15,5.05,5.03,2719595.0,13795293.0
2013-07-11,5.01,5.28,5.14,4.96,5823559.0,29794552.0
2013-07-10,4.84,4.97,4.96,4.79,2530670.0,12370100.0
2013-07-09,4.72,4.80,4.79,4.72,1516080.0,7204474.0
2013-07-08,4.93,4.93,4.72,4.72,3765947.0,18036220.0
2013-07-05,4.99,5.12,5.01,4.96,4326827.0,21698480.0
2013-07-04,4.81,5.05,4.99,4.81,4188522.0,20684912.0
2013-07-03,4.91,4.95,4.90,4.79,2734077.0,13273514.0
2013-07-02,4.89,4.97,4.95,4.82,3328838.0,16246321.0
2013-07-01,4.91,4.91,4.85,4.72,2436395.0,11683131.0
2013-06-28,4.81,4.96,4.82,4.71,3173434.0,15282163.0
2013-06-27,5.05,5.12,4.82,4.80,4085060.0,20258152.0
2013-06-26,4.99,5.12,5.03,4.90,3087117.0,15429759.0
2013-06-25,5.01,5.22,4.94,4.61,5327842.0,26057108.0
2013-06-24,5.68,5.69,5.12,5.12,5573704.0,29583106.0
2013-06-21,5.72,5.76,5.70,5.56,3819472.0,21596424.0
2013-06-20,6.09,6.10,5.84,5.82,4452391.0,26535868.0
2013-06-19,6.20,6.26,6.13,5.98,7630026.0,46526596.0
2013-06-18,5.93,6.30,6.28,5.89,10197869.0,62728016.0
2013-06-17,5.97,6.03,5.95,5.85,3780085.0,22366450.0
2013-06-14,5.84,6.02,5.95,5.84,5083187.0,30110012.0
2013-06-13,6.03,6.03,5.86,5.73,6699727.0,39101728.0
2013-06-07,6.32,6.34,6.04,5.94,9256456.0,56763932.0
2013-06-06,6.62,6.62,6.31,6.28,10390078.0,66691380.0
2013-06-05,6.81,6.81,6.62,6.58,9645145.0,63855996.0
2013-06-04,6.95,6.98,6.72,6.58,16248855.0,108855008.0
2013-06-03,6.42,6.93,6.93,6.37,30273776.0,204874832.0
2013-05-31,6.25,6.30,6.30,6.00,17817610.0,109622008.0
2013-05-24,5.64,5.74,5.73,5.64,2785058.0,15827316.0
2013-05-23,5.78,5.80,5.65,5.62,3866778.0,21946456.0
2013-05-22,5.80,5.84,5.77,5.74,3657196.0,21097900.0
2013-05-21,5.80,5.88,5.81,5.70,5551964.0,32117804.0
2013-05-20,5.62,5.80,5.79,5.58,7165348.0,40772124.0
2013-05-17,5.49,5.57,5.55,5.46,4136940.0,22754230.0
2013-05-16,5.44,5.50,5.49,5.36,3046841.0,16564012.0
2013-05-15,5.50,5.50,5.45,5.41,1850883.0,10068051.0
2013-05-14,5.51,5.53,5.47,5.46,2628568.0,14396833.0
2013-05-13,5.49,5.53,5.52,5.45,3045348.0,16669704.0
2013-05-10,5.47,5.52,5.51,5.44,2699975.0,14773743.0
2013-05-09,5.64,5.66,5.47,5.46,4323385.0,23895696.0
2013-05-08,5.62,5.71,5.64,5.61,2947497.0,16613857.0
2013-05-07,5.64,5.64,5.62,5.55,1984323.0,11075376.0
2013-05-06,5.51,5.65,5.63,5.47,2617612.0,14571035.0
2013-05-03,5.43,5.55,5.54,5.43,2724803.0,14997569.0
2013-05-02,5.55,5.56,5.45,5.41,2184486.0,11917606.0
2013-04-26,5.57,5.68,5.56,5.54,1928282.0,10765415.0
2013-04-25,5.78,5.81,5.58,5.58,3463998.0,19662814.0
2013-04-24,5.67,5.78,5.77,5.63,2806808.0,16011887.0
2013-04-23,5.90,6.00,5.66,5.65,4146026.0,23799898.0
2013-04-22,5.80,6.06,5.90,5.80,6369392.0,37761288.0
2013-04-19,5.79,5.84,5.81,5.75,3869363.0,22393516.0
2013-04-18,5.85,5.87,5.77,5.74,4935083.0,28485772.0
2013-04-17,5.52,5.90,5.85,5.48,10373585.0,59701720.0
2013-04-16,5.32,5.56,5.55,5.27,3511492.0,19135200.0
2013-04-15,5.35,5.39,5.36,5.25,1821949.0,9698889.0
2013-04-12,5.36,5.43,5.33,5.30,1573921.0,8436916.0
2013-04-11,5.48,5.48,5.37,5.37,1733589.0,9375038.0
2013-04-10,5.42,5.48,5.43,5.36,2449295.0,13256927.0
2013-04-09,5.33,5.47,5.42,5.28,2433284.0,13141099.0
2013-04-08,5.29,5.36,5.35,5.19,2430944.0,12817497.0
2013-04-03,5.53,5.56,5.38,5.34,3749059.0,20289188.0
2013-04-02,5.63,5.67,5.54,5.49,3102895.0,17253012.0
2013-04-01,5.58,5.68,5.63,5.56,2441440.0,13714255.0
2013-03-29,5.59,5.68,5.59,5.51,3322731.0,18518100.0
2013-03-28,5.85,5.85,5.57,5.54,5555346.0,31423262.0
2013-03-27,5.82,5.94,5.90,5.82,4300016.0,25257258.0
2013-03-26,5.96,5.96,5.81,5.77,4823713.0,28047472.0
2013-03-25,6.05,6.07,5.96,5.92,4258998.0,25359172.0
2013-03-22,6.07,6.08,6.05,5.99,4098063.0,24654696.0
2013-03-21,6.01,6.12,6.08,5.98,5361151.0,32414270.0
2013-03-20,5.85,6.06,6.05,5.84,5383285.0,32110752.0
2013-03-19,6.02,6.07,5.85,5.71,7596502.0,44422396.0
2013-03-18,6.14,6.23,6.03,6.00,5586659.0,34258340.0
2013-03-15,6.07,6.22,6.14,6.03,5261668.0,32144000.0
2013-03-14,6.04,6.13,6.08,6.04,3365054.0,20436180.0
2013-03-13,6.17,6.22,6.06,5.98,5420302.0,32807980.0
2013-03-12,6.41,6.46,6.17,6.13,7390370.0,46214948.0
2013-03-11,6.41,6.47,6.44,6.33,5988505.0,38269228.0
2013-03-08,6.53,6.56,6.42,6.40,7733395.0,49946600.0
2013-03-07,6.81,6.81,6.54,6.44,18107872.0,118206312.0
2013-03-06,7.16,7.22,6.83,6.77,25806944.0,177346816.0
2013-03-05,7.20,7.33,7.13,7.04,19686068.0,141396032.0
2013-03-04,7.73,7.77,7.27,6.81,37612592.0,269280064.0
2013-03-01,7.17,7.52,7.40,7.10,29899474.0,216618528.0
2013-02-28,7.32,7.37,7.21,7.10,18737936.0,134846400.0
2013-02-27,7.06,7.38,7.29,7.02,44611640.0,320714016.0
2013-02-26,6.99,7.15,7.13,6.83,11475986.0,80258160.0
2013-02-25,7.02,7.26,7.02,6.87,22811002.0,161275040.0
2013-02-22,7.02,7.14,7.09,6.70,14646271.0,101251240.0
2013-02-21,7.12,7.27,7.07,7.04,11032661.0,78691720.0
2013-02-20,7.12,7.27,7.20,6.97,9706925.0,68945880.0
2013-02-19,7.49,7.49,7.24,6.99,29087632.0,209165424.0
2013-02-18,6.62,7.18,7.18,6.59,30642656.0,214027024.0
2013-02-08,6.57,6.59,6.53,6.35,18066512.0,117557968.0
2013-02-07,6.15,6.58,6.43,6.14,19484128.0,123698088.0
2013-02-06,5.89,6.26,6.22,5.82,15166879.0,92346864.0
2013-02-05,5.76,6.16,5.88,5.76,13093042.0,77549952.0
2013-02-04,5.65,5.75,5.72,5.54,6669136.0,37796720.0
2013-02-01,5.59,5.71,5.67,5.57,5001617.0,28180912.0
2013-01-31,5.57,5.64,5.62,5.53,5066891.0,28182832.0
2013-01-30,5.72,5.76,5.57,5.52,11248580.0,62672608.0
2013-01-29,5.82,5.85,5.79,5.72,5761000.0,33115956.0
2013-01-28,5.81,5.89,5.83,5.68,8295111.0,47694984.0
2013-01-25,6.04,6.24,5.84,5.83,14012069.0,83674872.0
2013-01-24,5.90,6.15,6.11,5.73,21302342.0,126736152.0
2013-01-23,5.86,6.11,5.98,5.82,21453594.0,126572352.0
2013-01-22,5.74,5.98,5.97,5.63,18437180.0,106551344.0
2013-01-21,5.66,5.77,5.73,5.66,5249063.0,29945740.0
2013-01-18,5.63,5.70,5.69,5.54,7293436.0,40920976.0
2013-01-17,5.73,5.88,5.69,5.67,12205173.0,69948288.0
2013-01-16,5.68,5.75,5.73,5.58,7034973.0,39830940.0
2013-01-15,5.50,5.76,5.68,5.49,9547095.0,53649172.0
2013-01-14,5.23,5.59,5.54,5.23,10224268.0,55328104.0
2013-01-11,5.55,5.55,5.27,5.26,5304829.0,28566994.0
2013-01-10,5.55,5.58,5.55,5.49,3153109.0,17424080.0
2013-01-09,5.55,5.59,5.54,5.47,5900749.0,32594676.0
2013-01-08,5.38,5.65,5.63,5.36,7192954.0,39666528.0
2013-01-07,5.37,5.38,5.38,5.31,2406008.0,12835335.0
2013-01-04,5.51,5.53,5.36,5.32,2938102.0,15806544.0
2012-12-31,5.44,5.52,5.47,5.41,3481567.0,18978000.0
2012-12-28,5.40,5.50,5.47,5.33,3113290.0,16885696.0
2012-12-27,5.37,5.62,5.45,5.29,7489938.0,41067768.0
2012-12-26,5.23,5.38,5.37,5.19,3936624.0,20734152.0
2012-12-25,5.11,5.25,5.23,5.09,3343110.0,17347040.0
2012-12-24,5.09,5.16,5.12,5.08,1522095.0,7777861.0
2012-12-21,5.09,5.17,5.12,5.07,1533028.0,7829549.0
2012-12-20,5.11,5.17,5.12,5.05,1951236.0,9953869.0
2012-12-19,5.11,5.24,5.14,5.06,3077188.0,15877574.0
2012-12-18,5.08,5.16,5.08,5.04,2549972.0,12984715.0
2012-12-17,5.06,5.18,5.10,5.02,3203904.0,16327321.0
2012-12-14,4.84,5.06,5.04,4.83,3240238.0,16129860.0
2012-12-13,4.94,4.96,4.84,4.82,1698992.0,8273185.0
2012-12-12,5.01,5.06,4.96,4.89,1592189.0,7869345.0
2012-12-11,5.00,5.12,5.00,4.95,3111432.0,15671793.0
2012-12-10,4.86,5.00,4.99,4.85,2025680.0,10002963.0
2012-12-07,4.77,4.93,4.88,4.73,2047240.0,9921066.0
2012-12-06,4.80,4.86,4.76,4.71,1762250.0,8393022.0
2012-12-05,4.60,4.87,4.82,4.58,3016800.0,14365677.0
2012-12-04,4.51,4.62,4.60,4.44,1404431.0,6335060.0
2012-12-03,4.70,4.73,4.51,4.49,1579442.0,7267431.0
2012-11-30,4.63,4.74,4.73,4.62,1163547.0,5435803.0
2012-11-29,4.75,4.81,4.64,4.63,1107740.0,5242111.0
2012-11-28,4.89,4.89,4.75,4.72,1020709.0,4857351.0
2012-11-27,5.17,5.19,4.89,4.86,1803633.0,8939327.0
2012-11-26,5.29,5.29,5.20,5.19,839490.0,4390428.0
2012-11-23,5.23,5.30,5.26,5.21,1659240.0,8708998.0
2012-11-22,5.29,5.29,5.25,5.24,688380.0,3616055.0
2012-11-21,5.25,5.31,5.30,5.18,762502.0,4007540.0
2012-11-20,5.30,5.32,5.25,5.25,526028.0,2775245.0
2012-11-19,5.24,5.30,5.29,5.21,953625.0,4996664.0
2012-11-16,5.33,5.34,5.24,5.19,1476327.0,7709405.0
2012-11-15,5.47,5.49,5.33,5.31,1351400.0,7306403.0
2012-11-14,5.48,5.54,5.51,5.39,1108626.0,6056479.0
2012-11-13,5.59,5.59,5.49,5.49,871536.0,4813647.0
2012-11-12,5.62,5.62,5.58,5.54,680922.0,3782094.0
2012-11-09,5.65,5.65,5.54,5.52,1441096.0,8019112.0
2012-11-08,5.74,5.81,5.63,5.63,1639566.0,9345034.0
2012-11-07,5.90,5.90,5.84,5.80,877613.0,5111192.0
2012-11-06,5.94,5.94,5.84,5.78,1449892.0,8447395.0
2012-11-05,5.94,5.96,5.94,5.86,1100552.0,6488269.0
2012-11-02,5.94,5.96,5.92,5.88,1528715.0,9018201.0
2012-11-01,5.86,5.97,5.94,5.76,2074102.0,12179051.0
2012-10-31,5.85,5.89,5.82,5.78,977276.0,5669349.0
2012-10-30,5.82,5.87,5.85,5.80,810300.0,4710919.0
2012-10-29,5.83,5.84,5.82,5.74,1065516.0,6154551.0
2012-10-26,5.92,5.97,5.82,5.78,2683731.0,15648889.0
2012-10-25,6.17,6.30,5.97,5.96,4396533.0,26667756.0
2012-10-24,6.13,6.36,6.18,6.08,4137675.0,25749084.0
2012-10-23,6.14,6.20,6.13,6.12,2177435.0,13349198.0
2012-10-22,6.11,6.17,6.14,6.02,2138149.0,12987706.0
2012-10-19,6.05,6.32,6.15,6.03,5318676.0,32744912.0
2012-10-18,5.94,6.08,6.05,5.94,2339981.0,14047341.0
2012-10-17,5.93,5.98,5.97,5.82,2309044.0,13556713.0
2012-10-16,5.95,5.99,5.92,5.91,1677307.0,9946941.0
2012-10-15,6.13,6.13,5.92,5.85,3598035.0,21314340.0
2012-10-12,6.05,6.19,6.15,6.05,3705987.0,22660552.0
2012-10-11,6.14,6.20,6.07,6.06,2937654.0,17939560.0
2012-10-10,6.06,6.17,6.16,6.03,3647650.0,22224624.0
2012-10-09,5.93,6.10,6.09,5.93,3016117.0,18202312.0
2012-10-08,6.00,6.02,5.96,5.94,1622002.0,9656121.0
2012-09-28,5.82,6.02,5.97,5.77,3201675.0,18965808.0
2012-09-27,5.79,5.94,5.85,5.75,2738232.0,15975267.0
2012-09-26,5.95,5.98,5.79,5.76,3178642.0,18585128.0
2012-09-25,6.14,6.15,5.96,5.93,6495001.0,38843276.0
2012-09-24,6.90,6.91,6.26,6.20,12357741.0,79021744.0
2012-09-21,6.19,6.41,6.40,6.09,6798220.0,42856976.0
2012-09-20,6.37,6.51,6.23,6.03,2667028.0,16479550.0
2012-09-19,6.20,6.27,6.20,6.15,1553471.0,9637713.0
2012-09-18,6.22,6.28,6.18,6.12,2015654.0,12417173.0
2012-09-17,6.47,6.47,6.27,6.25,3874317.0,24421776.0
2012-09-14,6.33,6.50,6.48,6.22,6147249.0,39015484.0
2012-09-13,6.50,6.52,6.38,6.33,3000153.0,19284430.0
2012-09-12,6.49,6.56,6.53,6.45,2891299.0,18702602.0
2012-09-11,6.38,6.57,6.52,6.34,5680989.0,36617692.0
2012-09-10,6.33,6.44,6.41,6.30,3390945.0,21551972.0
2012-09-07,6.08,6.37,6.36,6.08,3766149.0,23476450.0
2012-09-06,5.97,6.07,6.05,5.96,1470151.0,8809957.0
2012-09-05,5.96,6.01,5.97,5.89,1414558.0,8385682.0
2012-09-04,6.04,6.11,5.96,5.95,1550185.0,9308107.0
2012-09-03,5.99,6.10,6.03,5.90,1172937.0,7049457.0
2012-08-31,5.92,6.04,5.99,5.87,869950.0,5169523.0
2012-08-30,6.02,6.04,5.92,5.82,1417102.0,8388897.0
2012-08-29,6.08,6.11,6.02,6.02,1426401.0,8605626.0
2012-08-28,6.01,6.14,6.07,6.00,846387.0,5124716.0
2012-08-27,6.17,6.17,6.01,5.98,1390464.0,8387200.0
2012-08-24,6.41,6.41,6.19,6.17,1847652.0,11522707.0
2012-08-23,6.35,6.45,6.41,6.29,1665670.0,10580470.0
2012-08-22,6.51,6.56,6.37,6.33,1893419.0,12147935.0
2012-08-21,6.44,6.54,6.53,6.39,2023715.0,13105513.0
2012-08-20,6.49,6.52,6.44,6.32,2005924.0,12845367.0
2012-08-17,6.23,6.82,6.56,6.20,6122291.0,40219048.0
2012-08-16,6.26,6.27,6.20,6.18,1169453.0,7253732.0
2012-08-15,6.37,6.40,6.27,6.25,1596110.0,10054172.0
2012-08-14,6.32,6.36,6.35,6.22,1819986.0,11423233.0
2012-08-13,6.57,6.58,6.27,6.26,3853350.0,24650836.0
2012-08-10,6.49,6.79,6.70,6.49,3136535.0,20816196.0
2012-08-09,6.46,6.55,6.52,6.41,1693399.0,10977507.0
2012-08-08,6.52,6.58,6.46,6.43,1572061.0,10163673.0
2012-08-07,6.41,6.53,6.50,6.38,2393963.0,15419933.0
2012-08-06,6.17,6.47,6.42,6.12,2592877.0,16232495.0
2012-08-03,6.05,6.17,6.16,6.02,1324708.0,8064733.0
2012-08-02,6.09,6.12,6.04,5.98,1418941.0,8556289.0
2012-08-01,6.02,6.17,6.10,5.99,1761787.0,10705407.0
2012-07-31,6.22,6.25,6.04,5.87,2310527.0,13875818.0
2012-07-30,6.59,6.65,6.20,6.20,3343131.0,21053958.0
2012-07-27,6.70,6.70,6.59,6.55,1331561.0,8772306.0
2012-07-26,6.63,6.77,6.66,6.61,1610936.0,10720901.0
2012-07-25,6.76,6.76,6.65,6.59,1443688.0,9615147.0
2012-07-24,6.63,6.80,6.76,6.62,1243588.0,8360057.0
2012-07-23,6.75,6.75,6.68,6.59,1165187.0,7743143.0
2012-07-20,6.82,6.87,6.76,6.72,1972833.0,13364070.0
2012-07-19,6.72,6.86,6.82,6.62,3392914.0,22940268.0
2012-07-18,6.80,6.81,6.70,6.52,2858184.0,18958280.0
2012-07-17,6.71,6.92,6.75,6.63,1971224.0,13293654.0
2012-07-16,7.33,7.36,6.69,6.67,4064333.0,28213832.0
2012-07-13,7.57,7.57,7.33,7.29,1902209.0,14056350.0
2012-07-12,7.36,7.56,7.45,7.23,2070677.0,15329716.0
2012-07-11,7.21,7.38,7.36,7.21,1693458.0,12329244.0
2012-07-10,7.34,7.42,7.23,7.22,1721354.0,12534053.0
2012-07-09,7.52,7.70,7.40,7.39,2565746.0,19295032.0
2012-07-06,7.45,7.66,7.51,7.27,3498630.0,25962062.0
2012-07-05,7.97,8.04,7.47,7.39,3280231.0,25257188.0
2012-07-04,8.07,8.20,7.97,7.88,3219618.0,25937580.0
2012-07-03,8.42,8.43,8.19,8.11,4272944.0,35517476.0
2012-07-02,8.35,8.43,8.37,8.31,2491387.0,20921024.0
2012-06-29,8.42,8.42,8.30,7.99,2929309.0,24252052.0
2012-06-28,8.48,8.59,8.45,8.25,6068623.0,51219432.0
2012-06-27,8.47,8.66,8.48,8.35,6837795.0,58282824.0
2012-06-26,8.04,8.52,8.48,7.98,11325307.0,94800080.0
2012-06-25,7.92,8.10,8.09,7.75,3723003.0,29610132.0
2012-06-21,7.99,7.99,7.95,7.75,4472109.0,35194732.0
2012-06-20,8.16,8.17,7.99,7.99,2559668.0,20672152.0
2012-06-19,8.20,8.22,8.13,8.01,4360438.0,35436472.0
2012-06-18,8.18,8.27,8.21,8.12,2806858.0,23093992.0
2012-06-15,8.37,8.43,8.14,7.99,4539427.0,37371000.0
2012-06-14,8.34,8.46,8.33,8.25,3827204.0,32180316.0
2012-06-13,8.27,8.37,8.31,8.21,3492574.0,29103950.0
2012-06-12,8.44,8.47,8.23,8.20,3004906.0,25119904.0
2012-06-11,8.22,8.50,8.46,8.19,3901618.0,32812664.0
2012-06-08,8.37,8.39,8.25,8.15,4751086.0,39397648.0
2012-06-07,8.66,8.71,8.26,8.17,5537440.0,46854824.0
2012-06-06,8.63,8.80,8.53,8.47,4882190.0,42278964.0
2012-06-05,8.58,8.77,8.65,8.49,4644280.0,40264092.0
2012-06-04,8.95,9.01,8.63,8.59,8438720.0,74518592.0
2012-06-01,9.17,9.24,9.16,8.96,8688381.0,79253888.0
2012-05-31,9.06,9.31,9.15,9.01,14159019.0,130322648.0
2012-05-30,8.74,9.46,9.16,8.66,23673292.0,216349984.0
2012-05-29,8.70,8.88,8.76,8.63,10943573.0,96214608.0
2012-05-28,8.63,8.83,8.78,8.34,9070142.0,77891792.0
2012-05-25,8.92,8.99,8.64,8.54,11810910.0,102741736.0
2012-05-24,9.04,9.18,8.90,8.81,15332221.0,138087328.0
2012-05-23,8.86,9.28,9.02,8.64,27600076.0,248934896.0
2012-05-22,8.41,8.93,8.89,8.37,26315502.0,230128352.0
2012-05-21,8.33,8.48,8.39,8.22,11110207.0,92996400.0
2012-05-17,7.83,8.65,8.62,7.83,24368556.0,206586736.0
2012-05-16,8.04,8.15,7.86,7.81,5669743.0,45378852.0
2012-05-15,8.27,8.27,8.07,7.93,7078500.0,57314044.0
2012-05-14,8.39,8.44,8.33,8.23,7662118.0,64053504.0
2012-05-11,8.14,8.50,8.32,8.06,14937965.0,125027232.0
2012-05-10,8.09,8.22,8.13,8.03,7052489.0,57583936.0
2012-05-09,8.12,8.17,8.09,8.01,7708085.0,62570748.0
2012-05-08,8.33,8.44,8.21,8.20,10399129.0,87114904.0
2012-05-07,8.28,8.44,8.39,8.12,11269531.0,93780344.0
2012-05-04,8.11,8.37,8.32,8.05,12689437.0,104779536.0
2012-05-03,8.06,8.22,8.14,7.94,8861823.0,72040360.0
2012-05-02,8.13,8.17,8.08,7.80,9480316.0,76177928.0
2012-04-27,8.04,8.32,8.06,7.97,12743265.0,103811064.0
2012-04-26,7.83,8.20,8.12,7.72,12771079.0,102324784.0
2012-04-25,7.69,7.89,7.82,7.65,8718523.0,68060456.0
2012-04-24,7.82,8.06,7.91,7.45,8588040.0,67118520.0
2012-04-23,8.19,8.22,7.92,7.89,7236385.0,58471856.0
2012-04-20,8.25,8.29,8.22,8.03,7694837.0,63099340.0
2012-04-19,8.25,8.40,8.25,8.19,9332475.0,77558864.0
2012-04-18,8.03,8.56,8.35,7.93,17198860.0,142421760.0
2012-04-17,7.85,8.12,8.01,7.78,10945322.0,87224840.0
2012-04-16,7.66,7.90,7.85,7.61,6543175.0,51200272.0
2012-04-13,7.66,7.80,7.72,7.60,6336492.0,49065968.0
2012-04-12,7.50,7.68,7.67,7.48,7510160.0,57263856.0
2012-04-11,7.29,7.53,7.48,7.27,5016090.0,37395596.0
2012-04-10,7.26,7.42,7.40,7.12,4050886.0,29560220.0
2012-04-09,7.38,7.49,7.31,7.30,3931115.0,29179784.0
2012-04-06,7.63,7.63,7.45,7.36,7554243.0,56727324.0
2012-04-05,7.24,7.54,7.46,7.07,8233288.0,61133976.0
2012-03-30,7.38,7.61,7.26,7.15,5161784.0,37980048.0
2012-03-29,7.47,7.47,7.37,7.17,5939270.0,43731072.0
2012-03-28,7.89,7.95,7.49,7.47,6038292.0,46287888.0
2012-03-27,7.98,8.10,7.95,7.90,3837706.0,30824544.0
2012-03-26,7.92,8.01,7.92,7.85,3149863.0,25063966.0
2012-03-23,8.15,8.16,7.92,7.87,6124169.0,49181444.0
2012-03-22,8.30,8.34,8.17,8.13,4537506.0,37475584.0
2012-03-21,8.21,8.36,8.30,8.09,6146720.0,50807504.0
2012-03-20,8.57,8.57,8.26,8.18,6526977.0,54884168.0
2012-03-19,8.47,8.61,8.61,8.38,7354230.0,62776604.0
2012-03-16,8.34,8.52,8.50,8.21,6977491.0,58680888.0
2012-03-15,8.64,8.70,8.31,8.18,10588537.0,89123904.0
2012-03-14,9.27,9.45,8.65,8.49,19975180.0,180971680.0
2012-03-13,9.15,9.28,9.27,9.08,11960708.0,110643816.0
2012-03-12,9.12,9.17,9.12,9.00,7880539.0,71923112.0
2012-03-09,9.11,9.20,9.09,8.96,10539585.0,95640880.0
2012-03-08,9.07,9.20,9.09,9.03,10820944.0,98871624.0
2012-03-07,9.15,9.33,9.06,8.98,18451344.0,169420368.0
2012-03-06,8.69,9.42,9.36,8.65,28867398.0,261358992.0
2012-03-05,8.74,8.82,8.69,8.66,9144343.0,80148144.0
2012-03-02,8.54,8.78,8.77,8.54,8944924.0,78332880.0
2012-03-01,8.46,8.60,8.53,8.42,5118283.0,43779152.0
2012-02-29,8.55,8.67,8.49,8.48,6433577.0,55307776.0
2012-02-28,8.78,8.78,8.58,8.48,10850087.0,93940888.0
2012-02-27,8.88,9.10,8.81,8.79,17107820.0,153790416.0
2012-02-24,8.84,8.93,8.88,8.63,13235967.0,116699960.0
2012-02-23,8.74,9.01,8.84,8.71,14450131.0,128502200.0
2012-02-22,8.57,8.82,8.81,8.50,15642168.0,136134752.0
2012-02-21,8.38,8.59,8.57,8.26,10366319.0,87823624.0
2012-02-20,8.66,8.71,8.43,8.42,11582319.0,98999128.0
2012-02-17,8.67,8.85,8.55,8.45,14427505.0,124876344.0
2012-02-16,8.67,8.78,8.61,8.49,10325600.0,89394016.0
2012-02-15,8.56,8.86,8.69,8.49,13506299.0,117914536.0
2012-02-14,8.37,8.64,8.58,8.18,15505576.0,131920920.0
2012-02-13,8.16,8.65,8.38,8.06,17269896.0,145879728.0
2012-02-10,8.03,8.34,8.18,7.96,15224911.0,124746232.0
2012-02-09,8.04,8.40,8.12,8.00,17542338.0,144555616.0
2012-02-08,7.90,8.15,8.08,7.83,14214200.0,114244048.0
2012-02-07,8.03,8.03,7.95,7.76,15342182.0,121420744.0
2012-02-06,8.07,8.27,8.13,7.85,32708248.0,263791296.0
2012-02-03,7.08,7.89,7.89,7.08,25331782.0,191958864.0
2012-02-02,6.89,7.23,7.17,6.78,10982165.0,77486128.0
2012-01-31,7.01,7.03,6.98,6.78,6723134.0,46440920.0
2012-01-30,7.27,7.28,7.02,6.97,9973849.0,71106816.0
2012-01-20,7.25,7.49,7.40,7.16,5582786.0,41105328.0
2012-01-19,7.12,7.23,7.21,6.99,4448765.0,31996624.0
2012-01-18,7.41,7.41,7.12,7.01,6663285.0,48246968.0
2012-01-17,6.81,7.36,7.31,6.77,6730437.0,47604876.0
2012-01-16,7.17,7.22,6.81,6.81,8842985.0,62324848.0
2012-01-12,7.54,7.84,7.57,7.47,9835914.0,75685672.0
2012-01-11,7.51,7.89,7.68,7.39,11543484.0,87687408.0
2012-01-10,7.05,7.62,7.50,6.99,14545375.0,107411872.0
2012-01-09,6.64,7.07,7.07,6.59,8466887.0,58609728.0
2012-01-06,6.55,6.73,6.68,6.39,6372168.0,41794228.0
2012-01-05,7.11,7.13,6.59,6.53,10853902.0,74175416.0
2012-01-04,8.07,8.10,7.23,7.22,8198735.0,63592908.0
2011-12-30,8.02,8.11,8.03,7.97,8191152.0,66094616.0
2011-12-29,8.06,8.21,8.02,7.92,12095711.0,97905728.0
2011-12-28,7.85,8.36,8.03,7.79,6412023.0,51351104.0
2011-12-27,7.85,7.97,7.95,7.67,7844414.0,61484972.0
2011-12-26,8.23,8.23,7.97,7.95,7195311.0,58213632.0
2011-12-23,8.36,8.55,8.26,8.20,16204741.0,136111408.0
2011-12-22,8.19,8.46,8.42,7.97,12747858.0,105149040.0
2011-12-21,8.22,8.26,8.18,8.08,7765651.0,63749040.0
2011-12-20,8.12,8.36,8.15,8.10,5252687.0,43299184.0
2011-12-19,8.43,8.43,8.24,7.95,8536217.0,69631488.0
2011-12-16,8.49,8.59,8.47,8.07,10266431.0,85352248.0
2011-12-15,8.86,9.14,8.58,8.55,16981652.0,150586832.0
2011-12-14,8.71,9.25,9.05,8.66,13554971.0,120726400.0
2011-12-13,8.66,8.93,8.77,8.47,9192145.0,80336576.0
2011-12-12,9.30,9.32,8.75,8.66,9926375.0,88986224.0
2011-12-09,9.56,9.74,9.30,9.27,9030117.0,86330392.0
2011-12-08,9.46,9.81,9.70,9.28,14244528.0,137949408.0
2011-12-07,9.27,9.52,9.51,9.18,5793209.0,54422000.0
2011-12-06,9.31,9.46,9.31,9.12,7869343.0,73121512.0
2011-12-05,9.82,10.11,9.54,9.52,19212582.0,190210240.0
2011-12-02,9.55,9.94,9.87,9.44,11850343.0,115398080.0
2011-12-01,9.47,9.72,9.59,9.30,13138955.0,125280712.0
2011-11-30,9.95,9.95,9.19,9.11,10531847.0,100099744.0
2011-11-29,9.92,9.94,9.94,9.78,7434904.0,73709488.0
2011-11-28,9.66,9.84,9.83,9.66,5824691.0,57027688.0
2011-11-25,9.70,9.84,9.63,9.57,5263290.0,51347864.0
2011-11-24,9.70,9.81,9.77,9.48,8154728.0,78942944.0
2011-11-23,9.93,10.00,9.78,9.75,7780109.0,76979744.0
2011-11-22,9.87,10.06,9.99,9.69,15348388.0,151693136.0
2011-11-21,10.21,10.66,10.18,10.18,26246292.0,269938816.0
2011-11-18,11.83,11.93,11.31,11.24,6721340.0,77499432.0
2011-11-17,12.13,12.20,11.93,11.92,3969191.0,48066924.0
2011-11-16,12.62,12.62,12.10,12.07,7147635.0,87924896.0
2011-11-15,12.68,12.75,12.62,12.53,4380582.0,55481976.0
2011-11-14,12.57,12.89,12.66,12.53,6531868.0,83259264.0
2011-11-11,12.63,12.75,12.52,12.46,2846130.0,36027892.0
2011-11-10,12.84,12.91,12.62,12.61,4413696.0,56443824.0
2011-11-09,12.65,13.05,13.04,12.61,5094934.0,65633780.0
2011-11-08,12.91,12.92,12.59,12.59,4031782.0,51536988.0
2011-11-07,13.12,13.13,12.95,12.80,5420020.0,70456112.0
2011-11-04,12.69,13.19,13.11,12.69,10715083.0,139690496.0
2011-11-03,12.75,12.96,12.67,12.58,11149204.0,142831056.0
2011-11-02,12.29,12.57,12.56,12.05,8079156.0,99712888.0
2011-11-01,12.15,12.65,12.48,12.11,13422668.0,167940592.0
2011-10-31,12.08,12.51,12.39,11.88,12882394.0,157466416.0
2011-10-28,11.69,12.04,12.03,11.61,13884091.0,165011680.0
2011-10-27,11.95,12.00,11.59,11.55,12552868.0,147622336.0
2011-10-26,11.93,12.35,12.06,11.74,24111308.0,289453088.0
2011-10-25,11.95,12.48,12.42,11.83,4366686.0,53588264.0
2011-10-24,11.81,12.07,11.94,11.49,3425873.0,40736528.0
2011-10-21,11.93,12.05,11.88,11.78,1635300.0,19573492.0
2011-10-20,12.13,12.13,12.00,11.77,2403850.0,28747328.0
2011-10-19,12.60,12.65,12.21,11.92,8690776.0,105611200.0
2011-10-18,13.11,13.29,12.51,12.46,3057548.0,39424852.0
2011-10-17,13.50,13.61,13.26,13.15,2437788.0,32696634.0
2011-10-14,13.40,13.55,13.42,13.31,1866476.0,25107376.0
2011-10-13,13.31,13.78,13.54,13.23,6272023.0,84611280.0
2011-10-12,12.84,13.40,13.39,12.55,4050740.0,53104296.0
2011-10-11,13.28,13.37,12.88,12.75,2596728.0,33960560.0
2011-10-10,13.18,13.38,12.97,12.77,3200640.0,41595936.0
2011-09-30,13.55,13.66,13.06,12.95,3011574.0,40059636.0
2011-09-29,13.71,13.76,13.51,13.45,1771708.0,24145116.0
2011-09-28,13.79,14.06,13.64,13.56,2528280.0,35204888.0
2011-09-27,13.82,13.94,13.66,13.45,1367518.0,18781192.0
2011-09-26,13.74,13.99,13.67,13.65,2408621.0,33228018.0
2011-09-23,13.89,14.09,13.93,13.63,2252126.0,31297464.0
2011-09-22,14.62,14.72,14.00,13.84,4059258.0,58478048.0
2011-09-21,14.24,14.94,14.62,14.24,5353359.0,78823912.0
2011-09-20,14.14,14.53,14.37,14.06,3301995.0,47521884.0
2011-09-19,13.99,14.29,14.03,13.84,1420565.0,20118148.0
2011-09-16,14.18,14.38,14.13,14.09,1452368.0,20704972.0
2011-09-15,14.22,14.51,14.10,14.07,2627178.0,37700816.0
2011-09-14,14.04,14.19,14.18,13.80,1804834.0,25352106.0
2011-09-13,14.24,14.24,13.87,13.74,4241040.0,59288056.0
2011-09-09,14.70,14.90,14.38,14.37,2514922.0,36926872.0
2011-09-08,15.16,15.19,14.70,14.68,2010265.0,30070896.0
2011-09-07,14.94,15.19,15.16,14.74,2736936.0,41262004.0
2011-09-05,14.65,15.14,14.82,14.54,2652565.0,39505840.0
2011-09-02,15.24,15.31,14.97,14.88,2337325.0,35352064.0
2011-09-01,15.30,15.54,15.26,15.19,1874087.0,28884140.0
2011-08-31,15.74,15.90,15.28,15.09,3986643.0,61495380.0
2011-08-30,15.94,16.41,15.80,15.76,2127818.0,34110080.0
2011-08-29,16.22,16.23,15.90,15.84,2733678.0,43760184.0
2011-08-26,16.39,16.59,16.27,16.18,2611530.0,42925516.0
2011-08-25,16.25,16.43,16.34,16.06,3584911.0,58701464.0
2011-08-24,16.16,16.47,16.25,15.96,5689519.0,92500144.0
2011-08-23,16.43,16.43,16.13,15.64,3622201.0,57994748.0
2011-08-22,16.09,16.19,15.64,15.54,3757556.0,59821144.0
2011-08-19,16.42,16.82,16.19,15.64,6460001.0,104826896.0
2011-08-18,16.54,17.23,17.08,16.54,7959123.0,136286976.0
2011-08-17,16.39,16.76,16.52,16.33,3154984.0,52344068.0
2011-08-16,16.43,16.49,16.43,16.15,2882479.0,47180264.0
2011-08-15,16.18,16.68,16.37,16.05,4196159.0,68998256.0
2011-08-12,16.22,16.39,16.08,16.00,3967040.0,64399388.0
2011-08-11,15.43,16.18,16.12,15.24,4802745.0,76766768.0
2011-08-10,16.15,16.34,15.80,15.77,6852154.0,110919936.0
2011-08-09,15.24,16.02,15.83,14.94,5944801.0,92987728.0
2011-08-08,15.69,16.13,15.62,15.17,7349904.0,115913160.0
2011-08-05,15.95,16.58,16.17,15.84,4584363.0,74957320.0
2011-08-04,16.53,17.10,16.67,16.53,2769318.0,46893712.0
2011-08-03,16.34,16.88,16.58,15.95,3370672.0,55598580.0
2011-08-02,16.94,16.94,16.59,16.37,5710122.0,94890432.0
2011-08-01,16.94,17.31,17.08,16.88,3825813.0,65484700.0
2011-07-29,17.19,17.40,17.21,16.88,5188546.0,88802384.0
2011-07-28,17.51,17.62,17.19,16.85,9707657.0,166517328.0
2011-07-27,18.11,18.11,17.83,17.53,7030648.0,125703856.0
2011-07-26,17.44,18.11,17.90,17.30,9756761.0,174190544.0
2011-07-25,17.08,18.38,17.48,16.96,16913212.0,300705632.0
2011-07-22,16.69,16.98,16.95,16.54,3830005.0,64642264.0
2011-07-21,17.09,17.26,16.64,16.55,6529073.0,110159824.0
2011-07-20,17.04,17.43,17.32,16.74,7058276.0,121587664.0
2011-07-19,16.86,17.20,16.97,16.73,8373979.0,143086992.0
2011-07-18,17.65,17.77,16.88,16.82,16902014.0,291621472.0
2011-07-15,17.99,18.02,17.77,17.59,6851488.0,122400600.0
2011-07-14,18.08,18.27,18.07,17.68,8337309.0,150272880.0
2011-07-13,17.99,18.43,18.19,17.70,7759958.0,141319392.0
2011-07-12,17.58,18.27,18.00,17.48,12726494.0,229211392.0
2011-07-11,18.00,18.29,17.82,17.50,12008586.0,216241392.0
2011-07-08,17.04,18.08,17.90,17.04,19200228.0,342447776.0
2011-07-07,16.57,17.27,17.20,16.38,14858811.0,253439312.0
2011-07-06,16.58,16.81,16.67,16.29,10246905.0,170324352.0
2011-07-05,16.67,17.62,16.80,16.54,19347006.0,332085856.0
2011-07-04,16.75,16.88,16.65,16.40,15029497.0,251904496.0
2011-07-01,16.31,16.68,16.64,16.09,13061214.0,215475744.0
2011-06-30,15.44,16.78,16.33,15.25,20878664.0,339803968.0
2011-06-29,15.67,15.74,15.34,15.20,8279306.0,128926856.0
2011-06-28,15.67,16.04,15.76,15.39,10791336.0,170513808.0
2011-06-27,15.25,16.04,15.78,15.02,19017102.0,298233184.0
2011-06-24,15.27,15.85,15.37,15.09,17578942.0,274683872.0
2011-06-23,14.78,15.24,15.22,14.68,19762758.0,297725408.0
2011-06-22,14.78,14.99,14.75,14.57,16951480.0,252499712.0
2011-06-21,13.70,14.94,14.94,13.60,32546442.0,481620704.0
2011-06-20,13.32,13.78,13.58,13.25,8006414.0,109377168.0
2011-06-17,13.56,13.89,13.31,13.28,9250405.0,126575840.0
2011-06-16,14.52,14.65,13.77,13.76,16001206.0,227567840.0
2011-06-15,14.99,15.40,14.70,14.65,11267247.0,169828224.0
2011-06-14,14.90,15.56,15.09,14.73,14602226.0,224498224.0
2011-06-13,14.70,15.09,14.95,14.38,10781245.0,160613424.0
2011-06-10,14.71,15.12,14.86,14.17,20055868.0,296547136.0
2011-06-09,16.13,16.17,14.81,14.78,30530688.0,475503712.0
2011-06-08,15.97,16.73,16.32,15.60,30533664.0,499029216.0
2011-06-07,16.08,16.28,16.13,15.59,25078936.0,401867392.0
2011-06-03,15.67,16.17,16.07,15.53,26849268.0,428735456.0
2011-06-02,14.85,16.50,15.82,14.71,39469708.0,625132160.0
2011-06-01,15.19,16.09,15.13,15.06,29014156.0,452317408.0
2011-05-31,15.39,15.49,15.41,14.78,37063248.0,564222400.0
2011-05-30,14.25,15.97,15.74,14.11,57387612.0,906450496.0
2011-05-27,15.83,15.98,14.52,14.48,38489488.0,590252224.0
2011-05-26,15.84,15.84,15.84,15.43,37141424.0,590842816.0
2011-05-25,14.40,14.40,14.40,14.40,923227.0,13386792.0
2011-05-24,13.09,13.09,13.09,13.09,1095759.0,14442104.0
2011-03-23,11.65,11.91,11.90,11.57,3851479.0,45627328.0
2011-03-22,11.90,11.95,11.65,11.60,4503853.0,53043236.0
2011-03-21,11.62,11.95,11.92,11.62,6416786.0,76537240.0
2011-03-18,11.35,11.57,11.52,11.35,2485178.0,28766724.0
2011-03-17,11.53,11.63,11.29,11.23,3663081.0,42197532.0
2011-03-16,11.52,11.69,11.68,11.42,3603366.0,41895872.0
2011-03-15,11.90,11.94,11.48,11.23,5304405.0,61535912.0
2011-03-14,11.67,12.02,11.88,11.67,3284086.0,39142688.0
2011-03-11,11.77,11.98,11.78,11.62,5607744.0,66553448.0
2011-03-10,12.44,12.44,11.76,11.70,12807686.0,153605488.0
2011-03-09,12.34,12.55,12.44,12.25,6164074.0,77369560.0
2011-03-08,12.41,12.41,12.28,12.16,4726316.0,58231744.0
2011-03-07,12.35,12.50,12.43,12.10,6770152.0,83987024.0
2011-03-04,12.00,12.41,12.31,11.94,8358252.0,103408536.0
2011-03-03,11.98,12.39,12.02,11.89,7222094.0,88691408.0
2011-03-02,11.82,11.95,11.94,11.62,4825206.0,57316368.0
2011-03-01,12.08,12.35,12.00,11.90,6318816.0,76994000.0
2011-02-28,11.88,12.04,12.00,11.74,5991103.0,72112928.0
2011-02-25,12.16,12.21,11.83,11.67,8283234.0,98386584.0
2011-02-24,12.53,12.54,12.21,11.98,6378334.0,78097208.0
2011-02-23,12.26,12.50,12.44,12.12,4705163.0,58603424.0
2011-02-22,12.65,12.79,12.35,12.07,8628745.0,107677104.0
2011-02-21,11.90,13.01,12.73,11.85,13549257.0,171680352.0
2011-02-18,11.74,12.06,11.94,11.68,6170726.0,73943328.0
2011-02-17,11.83,12.10,11.87,11.73,9256780.0,110874912.0
2011-02-16,11.51,11.97,11.82,11.39,10497206.0,124562552.0
2011-02-15,11.52,11.81,11.52,11.50,6709988.0,78671992.0
2011-02-14,11.62,11.87,11.65,11.37,6940975.0,80738560.0
2011-02-11,11.42,11.85,11.52,11.32,6770314.0,79254000.0
2011-02-10,11.22,11.58,11.42,11.12,6631596.0,76187160.0
2011-02-09,10.46,11.51,11.42,10.33,12557335.0,141463344.0
2011-02-01,10.67,10.88,10.47,10.42,3586983.0,38508704.0
2011-01-31,10.66,10.94,10.70,10.59,4399897.0,47693928.0
2011-01-28,10.64,10.97,10.69,10.53,5380688.0,58431008.0
2011-01-27,10.40,10.91,10.63,10.23,7364387.0,79111624.0
2011-01-26,10.38,10.61,10.47,10.12,4179873.0,43538432.0
2011-01-25,10.03,10.67,10.38,10.03,7627105.0,79765144.0
2011-01-24,9.69,10.51,10.21,9.69,7113066.0,72569384.0
2011-01-21,9.68,9.77,9.76,9.44,2901893.0,28221080.0
2011-01-20,10.03,10.21,9.75,9.68,5040966.0,50563872.0
2011-01-19,9.86,10.08,10.05,9.75,5501314.0,54925744.0
2011-01-18,9.12,10.01,9.94,9.08,6492901.0,63578036.0
2011-01-17,9.29,9.50,9.10,9.07,1330747.0,12426414.0
2011-01-14,9.58,9.58,9.44,9.28,1786371.0,16900224.0
2011-01-13,9.58,9.71,9.58,9.53,1296406.0,12555946.0
2011-01-12,9.53,9.59,9.54,9.37,1541514.0,14723566.0
2011-01-11,9.51,9.55,9.54,9.35,1112788.0,10605559.0
2011-01-10,9.82,9.90,9.50,9.45,2124368.0,20674418.0
2011-01-07,9.88,10.07,9.82,9.81,2049903.0,20501694.0
2011-01-06,10.00,10.16,9.95,9.93,3238000.0,32721994.0
2011-01-05,9.90,10.11,10.01,9.83,2958697.0,29760660.0
2011-01-04,9.92,9.99,9.91,9.73,2782437.0,27627420.0
