date,open,high,close,low,volume,amount
2015-11-27,9.44,9.85,9.36,9.30,19369712.0,185261808.0
2015-11-26,9.73,9.77,9.53,9.49,11181176.0,107419360.0
2015-11-25,9.40,9.73,9.69,9.38,13553096.0,129803152.0
2015-11-24,9.38,9.49,9.45,9.19,8166297.0,76194824.0
2015-11-23,9.54,9.80,9.40,9.30,12850953.0,123246176.0
2015-11-20,9.27,9.53,9.47,9.24,12875355.0,121315632.0
2015-11-19,9.14,9.26,9.25,9.07,5438134.0,49952612.0
2015-11-18,9.25,9.27,9.14,9.04,6631992.0,60875992.0
2015-11-17,9.32,9.55,9.22,9.18,10710605.0,100391384.0
2015-11-16,9.00,9.31,9.30,8.92,7285292.0,66715340.0
2015-11-13,9.30,9.39,9.10,9.00,12092646.0,110776760.0
2015-11-12,9.56,9.63,9.35,9.26,11363052.0,106807616.0
2015-11-11,9.52,9.64,9.61,9.37,15500331.0,147413696.0
2015-11-10,9.31,9.67,9.59,9.23,16610025.0,157551376.0
2015-11-09,9.29,9.43,9.36,9.12,10280786.0,95716280.0
2015-11-06,9.22,9.44,9.40,9.17,12251734.0,114335744.0
2015-11-05,9.32,9.37,9.24,9.01,13363371.0,123278760.0
2015-11-04,8.90,9.29,9.27,8.86,11171392.0,102043056.0
2015-11-03,8.73,8.94,8.82,8.72,5992450.0,52860988.0
2015-11-02,8.72,9.07,8.76,8.61,7651837.0,67665968.0
2015-10-30,9.02,9.15,8.91,8.80,9556470.0,86007952.0
2015-10-29,9.10,9.25,9.16,8.91,10575382.0,96152056.0
2015-10-28,9.43,9.78,9.01,8.96,15589754.0,145869552.0
2015-10-27,9.62,9.72,9.52,9.01,15732590.0,147269968.0
2015-10-26,9.80,9.88,9.80,9.49,18147650.0,175922976.0
2015-10-23,10.20,10.20,9.87,9.47,31675390.0,310715424.0
2015-10-22,8.89,9.90,9.90,8.70,34825948.0,329387136.0
2015-10-21,9.46,9.75,9.00,8.55,27981966.0,259518384.0
2015-10-20,8.62,9.47,9.47,8.55,22839228.0,206874160.0
2015-10-19,8.43,8.65,8.61,8.22,16361690.0,138071712.0
2015-10-16,8.41,8.49,8.41,8.20,12878214.0,107379424.0
2015-10-15,8.16,8.37,8.36,8.08,11803329.0,97585408.0
2015-10-14,8.17,8.27,8.04,8.02,10955825.0,89517968.0
2015-10-13,8.15,8.24,8.20,8.08,9862268.0,80620104.0
2015-10-12,7.75,8.25,8.14,7.71,14340392.0,114766528.0
2015-10-09,7.59,8.00,7.71,7.55,10472437.0,81584048.0
2015-10-08,7.45,7.55,7.49,7.35,7645491.0,57051096.0
2015-09-30,7.16,7.22,7.17,7.07,4276917.0,30658192.0
2015-09-29,7.23,7.26,7.12,7.02,5978094.0,42654336.0
2015-09-28,7.25,7.35,7.34,7.10,4642599.0,33732668.0
2015-09-25,7.62,7.77,7.20,7.15,8369294.0,62327044.0
2015-09-24,7.60,7.71,7.66,7.54,7986488.0,60945984.0
2015-09-23,7.62,7.82,7.57,7.47,11593226.0,88612608.0
2015-09-22,7.60,8.18,7.95,7.49,15226031.0,118091424.0
2015-09-21,7.26,7.56,7.55,7.20,9299785.0,68999688.0
2015-09-18,7.28,7.36,7.33,7.13,7924345.0,57345212.0
2015-09-17,7.45,7.67,7.20,7.10,12017827.0,89288688.0
2015-09-16,6.98,7.68,7.54,6.91,11889189.0,85702504.0
2015-09-15,7.43,7.48,6.98,6.98,11728419.0,83402432.0
2015-09-14,8.63,8.69,7.75,7.75,11293790.0,91760120.0
2015-09-11,8.46,8.70,8.61,8.31,8758557.0,74787344.0
2015-09-10,8.85,8.87,8.49,8.44,13330976.0,115731288.0
2015-09-09,8.60,9.16,9.05,8.46,20853948.0,184669728.0
2015-09-08,8.49,8.92,8.59,7.95,20427832.0,168949408.0
2015-09-07,9.50,10.18,8.83,8.83,19974468.0,189463968.0
2015-09-02,9.81,10.98,9.81,9.81,21534722.0,215397008.0
2015-09-01,11.64,11.89,10.90,10.90,29144728.0,323548704.0
2015-08-31,10.70,12.11,12.11,10.68,45191968.0,525210784.0
2015-08-28,9.01,11.01,11.01,9.01,30575074.0,297772352.0
2015-08-27,10.01,10.01,10.01,10.01,1107800.0,11089078.0
2015-08-19,9.70,11.12,11.12,9.64,19831764.0,204746512.0
2015-08-18,11.30,11.56,10.11,10.11,26490836.0,291623552.0
2015-08-17,10.15,11.23,11.23,10.11,23426472.0,252160480.0
2015-08-14,10.50,10.55,10.21,10.11,17789532.0,183904032.0
2015-08-13,9.90,10.23,10.17,9.78,13785477.0,138806928.0
2015-08-12,9.65,10.34,10.02,9.58,18952924.0,188649200.0
2015-08-11,9.66,10.28,9.97,9.65,15806644.0,158302864.0
2015-08-10,9.26,9.80,9.73,9.26,10953088.0,104561824.0
2015-08-07,8.97,9.28,9.23,8.91,9344245.0,85576816.0
2015-08-06,8.65,8.95,8.89,8.40,6335899.0,55597336.0
2015-08-05,8.82,9.11,8.74,8.62,9708551.0,86318536.0
2015-08-04,8.20,8.81,8.78,8.18,8502688.0,72327320.0
2015-08-03,8.51,8.69,8.18,8.02,6292284.0,52365600.0
2015-07-31,8.78,9.18,8.73,8.52,8229113.0,72719304.0
2015-07-30,9.24,9.50,8.97,8.88,12102916.0,112290752.0
2015-07-29,9.00,9.35,9.33,8.64,14132974.0,126568544.0
2015-07-28,8.30,9.34,8.83,8.10,16736006.0,145461200.0
2015-07-27,9.57,10.02,8.95,8.95,14652940.0,139961408.0
2015-07-24,10.22,10.37,9.94,9.82,16100501.0,163556336.0
2015-07-23,9.88,10.38,10.25,9.70,18130782.0,181931776.0
2015-07-22,9.53,9.86,9.85,9.33,16048771.0,154351232.0
2015-07-21,9.35,9.75,9.63,9.08,15510020.0,147224768.0
2015-07-20,9.38,9.86,9.59,9.20,18623458.0,176936000.0
2015-07-17,8.55,9.45,9.34,8.45,15375973.0,138172768.0
2015-07-16,7.87,8.77,8.59,7.61,14425434.0,120984336.0
2015-07-15,9.67,9.67,8.27,8.11,23027440.0,205354656.0
2015-07-14,8.88,8.88,8.88,8.88,369641.0,3282412.0
2015-07-13,8.07,8.07,8.07,8.07,419918.0,3388738.0
2015-07-07,7.46,7.88,7.34,7.34,9307129.0,69900480.0
2015-07-06,9.94,9.94,8.15,8.14,19075278.0,166440896.0
2015-07-03,9.49,10.05,9.04,9.04,13877798.0,129258608.0
2015-07-02,11.39,11.55,10.04,10.04,14983340.0,159320256.0
2015-07-01,11.38,11.94,11.16,10.64,20564266.0,239027616.0
2015-06-30,10.25,11.11,11.11,9.85,17496140.0,185139776.0
2015-06-29,11.39,11.51,10.10,10.05,18131148.0,194644240.0
2015-06-26,11.95,11.95,11.17,11.17,14377677.0,165417760.0
2015-06-25,13.37,13.37,12.41,12.27,12158281.0,157437760.0
2015-06-24,12.84,13.73,13.26,12.83,16491699.0,217772656.0
2015-06-23,12.67,13.08,12.73,11.53,15508217.0,191952800.0
2015-06-19,13.95,14.11,12.82,12.82,12067524.0,161338368.0
2015-06-18,15.17,15.40,14.24,14.10,12974989.0,193083024.0
2015-06-17,15.01,15.43,15.13,14.14,14339975.0,212740720.0
2015-06-16,15.76,15.76,15.06,14.70,15678930.0,238580976.0
2015-06-15,16.59,16.69,15.96,15.82,16716322.0,272503456.0
2015-06-12,16.23,16.71,16.46,15.97,19084672.0,314088256.0
2015-06-11,16.76,16.92,16.30,16.14,21501982.0,355779712.0
2015-06-10,15.67,16.23,15.93,15.27,17546072.0,278966784.0
2015-06-09,15.59,16.09,15.67,15.51,13251891.0,209203968.0
2015-06-08,16.09,16.10,15.49,15.29,15686910.0,244834112.0
2015-06-05,16.24,16.62,16.08,15.49,19794554.0,319276352.0
2015-06-04,16.93,16.93,16.09,15.14,18738736.0,298733728.0
2015-06-03,16.53,17.43,16.82,16.21,24620776.0,416597984.0
2015-06-02,15.40,17.11,16.79,15.14,30457820.0,492206016.0
2015-06-01,15.74,16.10,15.59,15.04,33680960.0,529692544.0
2015-05-29,13.16,14.63,14.63,12.55,20753930.0,286340096.0
2015-05-28,14.34,15.34,13.30,13.28,34045704.0,495535744.0
2015-05-27,12.70,13.97,13.97,12.36,21662096.0,283809024.0
2015-05-26,12.57,12.85,12.70,12.33,18069260.0,228548800.0
2015-05-25,12.22,12.81,12.55,12.08,19417192.0,244131040.0
2015-05-22,11.66,12.32,12.22,11.66,20933352.0,253965904.0
2015-05-21,11.18,11.66,11.65,11.12,14769593.0,169343344.0
2015-05-20,11.39,11.75,11.22,11.19,15475980.0,178907008.0
2015-05-19,10.96,11.46,11.39,10.87,13209718.0,149271424.0
2015-05-18,10.91,11.06,10.98,10.47,13616918.0,148207248.0
2015-05-15,11.27,11.37,11.11,11.01,12127997.0,136402224.0
2015-05-14,11.31,11.81,11.42,11.18,17621200.0,201568000.0
2015-05-13,11.12,11.34,11.22,10.89,17403884.0,194081216.0
2015-05-12,10.59,11.37,11.16,10.49,25075368.0,276875648.0
2015-05-11,10.26,10.60,10.59,10.09,11805980.0,122771616.0
2015-05-08,9.96,10.16,10.14,9.89,8897710.0,89555480.0
2015-05-07,9.76,9.96,9.84,9.71,6927909.0,68407280.0
2015-05-06,10.22,10.41,9.87,9.86,11414750.0,116562648.0
2015-05-05,10.74,10.81,10.23,10.17,12872745.0,135233952.0
2015-05-04,10.33,10.95,10.83,10.26,18978652.0,203134960.0
2015-04-30,10.44,10.59,10.36,10.31,9988136.0,104391600.0
2015-04-29,9.95,10.52,10.48,9.95,13562702.0,141269024.0
2015-04-28,10.56,10.70,10.11,10.06,14052605.0,145258848.0
2015-04-27,10.47,10.93,10.62,10.47,18472484.0,197797776.0
2015-04-24,10.26,10.57,10.46,10.17,14397612.0,150293552.0
2015-04-23,10.46,10.54,10.42,10.27,14507741.0,151203248.0
2015-04-22,10.28,10.44,10.41,10.26,13931274.0,145014352.0
2015-04-21,10.00,10.29,10.26,9.90,10553617.0,106925144.0
2015-04-20,9.81,10.14,9.99,9.70,13597246.0,135816048.0
2015-04-17,9.81,9.99,9.82,9.71,10244644.0,101290880.0
2015-04-16,9.63,9.84,9.72,9.36,9825986.0,95159608.0
2015-04-15,10.30,10.30,9.72,9.46,12230832.0,122248760.0
2015-04-14,10.20,10.49,10.29,10.07,14347171.0,148379712.0
2015-04-13,10.04,10.30,10.19,10.02,11400830.0,116207112.0
2015-04-10,9.79,10.12,10.02,9.64,10526648.0,105070144.0
2015-04-09,10.31,10.31,9.80,9.51,14221392.0,140481344.0
2015-04-08,10.66,10.69,10.31,10.06,16126607.0,167145872.0
2015-04-07,10.61,10.73,10.63,10.35,16849164.0,177737680.0
2015-04-03,10.72,10.73,10.64,10.47,11270379.0,119907536.0
2015-04-02,10.37,10.87,10.70,10.36,17895528.0,190826784.0
2015-04-01,10.29,10.46,10.34,10.18,12591535.0,129827912.0
2015-03-31,10.23,10.50,10.28,10.14,16684085.0,173330304.0
2015-03-30,10.27,10.34,10.27,10.09,10750632.0,110117176.0
2015-03-27,10.06,10.43,10.28,9.84,15600708.0,159040144.0
2015-03-26,9.95,10.71,10.06,9.78,23206784.0,237583792.0
2015-03-25,9.03,9.93,9.93,8.78,25403128.0,239089840.0
2015-03-24,9.09,9.11,9.02,8.67,14000062.0,125442632.0
2015-03-23,9.10,9.12,9.09,9.00,8800295.0,80039240.0
2015-03-20,8.99,9.07,9.01,8.91,7631334.0,68756408.0
2015-03-19,9.01,9.14,8.99,8.91,8055884.0,72885832.0
2015-03-18,8.85,9.07,9.06,8.84,8941422.0,80419672.0
2015-03-17,8.94,9.03,8.87,8.78,8781223.0,78465592.0
2015-03-16,8.59,9.03,8.93,8.58,10846615.0,95967256.0
2015-03-13,8.52,8.62,8.58,8.47,5074843.0,43446088.0
2015-03-12,8.59,8.67,8.56,8.45,6095744.0,52145440.0
2015-03-11,8.68,8.79,8.62,8.59,4953017.0,43222244.0
2015-03-10,8.54,8.84,8.68,8.48,7026093.0,61170736.0
2015-03-09,8.47,8.62,8.57,8.44,4843036.0,41465112.0
2015-03-06,8.81,8.81,8.49,8.49,6327384.0,54523444.0
2015-03-05,8.77,8.90,8.72,8.65,7604894.0,66683516.0
2015-03-04,8.72,8.89,8.77,8.58,9580596.0,84079192.0
2015-03-03,8.34,8.91,8.69,8.28,15158379.0,131455024.0
2015-03-02,8.32,8.40,8.38,8.19,9739397.0,80946368.0
2015-02-27,8.25,8.30,8.20,8.15,7382931.0,60803584.0
2015-02-26,8.24,8.29,8.27,8.10,7157825.0,58770040.0
2015-02-25,8.43,8.43,8.25,8.21,5310762.0,44034696.0
2015-02-17,8.42,8.61,8.39,8.37,7053827.0,59832192.0
2015-02-16,8.12,8.43,8.42,8.08,8326476.0,68890880.0
2015-02-13,8.27,8.29,8.18,8.10,9848398.0,80975384.0
2015-02-12,8.32,8.32,8.25,8.16,5858036.0,48431860.0
2015-02-11,7.96,8.31,8.26,7.93,9230206.0,75419920.0
2015-02-10,8.01,8.09,7.97,7.84,9117857.0,72729760.0
2015-02-09,8.33,8.62,8.09,8.05,17579252.0,147314096.0
2015-02-06,8.01,8.75,8.34,7.99,28039002.0,234893392.0
2015-02-05,7.97,8.10,8.01,7.87,20130196.0,161326464.0
2015-02-04,7.81,8.02,7.96,7.75,12166230.0,96169448.0
2015-02-03,7.54,8.01,7.90,7.45,16253157.0,127572000.0
2015-02-02,7.39,7.51,7.48,7.27,5834956.0,43698024.0
2015-01-30,7.44,7.47,7.39,7.37,3641956.0,27082710.0
2015-01-29,7.49,7.55,7.44,7.38,4862897.0,36397704.0
2015-01-28,7.46,7.59,7.49,7.36,8338615.0,62940896.0
2015-01-27,7.42,7.55,7.46,7.38,9421795.0,70518728.0
2015-01-26,7.33,7.44,7.40,7.30,5426933.0,40206328.0
2015-01-23,7.46,7.50,7.31,7.29,6445520.0,47655736.0
2015-01-22,7.30,7.47,7.45,7.22,9901496.0,73293160.0
2015-01-21,7.27,7.37,7.30,7.21,8212354.0,60124656.0
2015-01-20,7.01,7.27,7.24,7.00,8686746.0,62420368.0
2015-01-19,7.07,7.07,6.80,6.70,5877958.0,40833952.0
2015-01-16,7.17,7.25,7.13,7.06,4188093.0,29949866.0
2015-01-15,7.04,7.09,7.06,6.98,2962602.0,20975282.0
2015-01-14,7.25,7.26,7.04,6.97,5567621.0,39609384.0
2015-01-13,7.38,7.38,7.26,7.19,6425391.0,46866256.0
2015-01-12,7.18,7.39,7.36,7.12,16217889.0,118581816.0
2015-01-09,6.87,7.23,7.19,6.87,7717587.0,54612028.0
2015-01-08,6.97,7.00,6.93,6.88,3288298.0,22931230.0
2015-01-07,6.92,7.16,6.99,6.92,6949554.0,49125152.0
2015-01-06,6.95,6.95,6.92,6.85,3312743.0,22954068.0
2015-01-05,6.80,6.95,6.95,6.74,4121977.0,28456100.0
2014-12-31,6.65,6.80,6.78,6.64,2896858.0,19545688.0
2014-12-30,6.86,6.89,6.70,6.68,2871651.0,19537198.0
2014-12-29,6.86,6.96,6.85,6.79,2997101.0,20705752.0
2014-12-26,6.89,6.90,6.86,6.77,2776745.0,19088868.0
2014-12-25,6.82,6.99,6.89,6.79,3906702.0,27085524.0
2014-12-24,6.60,6.85,6.84,6.57,3908225.0,26557116.0
2014-12-23,6.59,6.69,6.55,6.52,2952146.0,19596720.0
2014-12-22,6.91,6.92,6.59,6.48,6104850.0,40781392.0
2014-12-19,7.00,7.03,6.91,6.79,4288000.0,29625960.0
2014-12-18,7.01,7.07,7.00,6.98,3848299.0,27141824.0
2014-12-17,7.12,7.17,7.01,6.93,4738328.0,33552896.0
2014-12-16,7.13,7.17,7.15,7.08,5856155.0,41937592.0
2014-12-15,7.05,7.14,7.13,7.01,5063263.0,36072736.0
2014-12-12,7.07,7.13,7.06,7.00,4001954.0,28333608.0
2014-12-11,6.97,7.09,7.09,6.93,5830546.0,41080728.0
2014-12-10,6.69,6.96,6.93,6.69,5258873.0,36303412.0
2014-12-09,7.08,7.09,6.69,6.60,11853164.0,82106704.0
2014-12-08,7.22,7.22,7.15,6.90,10113543.0,71322600.0
2014-12-05,7.56,7.60,7.20,7.12,8402191.0,61608172.0
2014-12-04,7.45,7.57,7.55,7.45,7966644.0,60056224.0
2014-12-03,7.34,7.47,7.46,7.27,8433806.0,62377988.0
2014-12-02,7.30,7.44,7.37,7.26,9042692.0,66579528.0
2014-12-01,7.53,7.54,7.27,7.26,10911265.0,80425512.0
2014-11-28,7.57,7.64,7.53,7.45,6107618.0,46279616.0
2014-11-27,7.56,7.60,7.54,7.49,6708175.0,50821208.0
2014-11-26,7.67,7.67,7.56,7.50,5531964.0,42029784.0
2014-11-25,7.50,7.73,7.69,7.45,7486689.0,57067368.0
2014-11-24,7.51,7.55,7.50,7.42,5757255.0,43366132.0
2014-11-21,7.42,7.47,7.44,7.36,3145712.0,23483930.0
2014-11-20,7.40,7.50,7.41,7.35,2944786.0,21955004.0
2014-11-19,7.29,7.44,7.42,7.24,4102557.0,30406268.0
2014-11-18,7.27,7.29,7.27,7.20,2219176.0,16159795.0
2014-11-17,7.20,7.32,7.27,7.11,2689696.0,19531422.0
2014-11-14,7.20,7.24,7.20,7.13,1816956.0,13115173.0
2014-11-13,7.29,7.29,7.18,7.13,2966628.0,21390956.0
2014-11-12,7.16,7.30,7.30,7.14,2118290.0,15397682.0
2014-11-11,7.45,7.49,7.16,7.07,5212175.0,37925920.0
2014-11-10,7.37,7.52,7.42,7.32,3046867.0,22665428.0
2014-11-07,7.59,7.67,7.37,7.35,5365587.0,40510676.0
2014-11-06,7.33,7.67,7.62,7.20,10363572.0,77871488.0
2014-11-05,7.35,7.38,7.32,7.28,2762759.0,20371592.0
2014-11-04,7.42,7.42,7.36,7.33,3950608.0,29265996.0
2014-11-03,7.41,7.43,7.41,7.35,4133969.0,30662852.0
2014-10-31,7.35,7.44,7.40,7.31,5036027.0,37260032.0
2014-10-30,7.37,7.42,7.36,7.32,4570613.0,33818760.0
2014-10-29,7.33,7.43,7.40,7.27,5538246.0,40903268.0
2014-10-28,7.15,7.33,7.32,7.15,3945611.0,28783332.0
2014-10-27,7.10,7.19,7.18,7.04,2539211.0,18057208.0
2014-10-24,7.05,7.14,7.08,7.05,2583081.0,18296288.0
2014-10-23,7.23,7.29,7.06,7.01,4682177.0,33269072.0
2014-10-22,7.37,7.44,7.22,7.19,3824918.0,27876744.0
2014-10-21,7.47,7.53,7.38,7.35,3712027.0,27542572.0
2014-10-20,7.33,7.55,7.47,7.29,5486165.0,40744568.0
2014-10-17,7.46,7.57,7.31,7.16,8746298.0,64226860.0
2014-10-16,7.73,7.84,7.58,7.57,7308410.0,56352024.0
2014-10-15,7.78,7.81,7.78,7.65,6742482.0,52128816.0
2014-10-14,7.93,8.13,7.74,7.71,11070300.0,86971960.0
2014-10-13,8.12,8.28,8.01,7.91,19735448.0,158864368.0
2014-10-10,7.65,8.33,8.12,7.60,34376284.0,273143584.0
2014-10-09,7.62,7.70,7.67,7.50,13016755.0,99076648.0
2014-10-08,7.59,7.63,7.61,7.53,9193492.0,69665296.0
2014-09-30,7.53,7.69,7.59,7.50,15150399.0,114672776.0
2014-09-29,7.49,7.57,7.49,7.44,16454026.0,123452584.0
2014-09-26,7.71,7.74,7.50,7.37,21656206.0,162383504.0
2014-09-25,7.81,7.91,7.74,7.73,15625771.0,121873952.0
2014-09-24,7.79,7.97,7.81,7.67,16529102.0,128108592.0
2014-09-23,7.82,7.95,7.86,7.70,17887252.0,140234656.0
2014-09-22,7.76,7.99,7.90,7.68,17517982.0,136662256.0
2014-09-19,7.68,7.81,7.77,7.67,12130015.0,93855816.0
2014-09-18,8.03,8.06,7.73,7.68,19643644.0,153332960.0
2014-09-17,8.13,8.19,8.12,7.91,25774234.0,207565872.0
2014-09-16,8.01,8.39,8.39,7.90,54373832.0,444744960.0
2014-09-15,7.63,7.63,7.63,7.63,1187695.0,9050236.0
2014-09-12,6.94,6.94,6.94,6.94,270794.0,1876602.0
2014-09-11,6.31,6.31,6.31,6.31,167239.0,1053606.0
2014-07-09,5.86,5.90,5.74,5.73,2672709.0,15609575.0
2014-07-08,5.82,5.90,5.90,5.81,2397747.0,14091494.0
2014-07-07,5.83,5.87,5.83,5.81,1601986.0,9379245.0
2014-07-04,5.90,5.90,5.86,5.82,1877112.0,11016768.0
2014-07-03,5.89,5.95,5.90,5.85,3221837.0,19100936.0
2014-07-02,5.78,5.91,5.89,5.76,4399578.0,25748984.0
2014-07-01,5.78,5.81,5.79,5.73,3082447.0,17857902.0
2014-06-30,5.79,5.81,5.78,5.76,2586929.0,15007436.0
2014-06-27,5.71,5.81,5.78,5.69,2398441.0,13879003.0
2014-06-26,5.67,5.77,5.73,5.67,2195771.0,12606888.0
2014-06-25,5.77,5.77,5.67,5.66,1855623.0,10602151.0
2014-06-24,5.72,5.82,5.78,5.72,1757860.0,10197666.0
2014-06-23,5.65,5.72,5.72,5.62,1289486.0,7366878.0
2014-06-20,5.60,5.72,5.68,5.59,1733783.0,9820873.0
2014-06-19,5.75,5.80,5.60,5.57,2402443.0,13712408.0
2014-06-18,5.80,5.84,5.75,5.74,3285170.0,19054624.0
2014-06-17,5.86,5.86,5.81,5.78,2474652.0,14464134.0
2014-06-16,5.83,5.89,5.87,5.81,3900273.0,22889702.0
2014-06-13,5.97,5.97,5.87,5.83,9663006.0,57081540.0
2014-06-12,6.14,6.43,5.96,5.96,11198415.0,68930000.0
2014-06-11,6.18,6.18,6.14,6.07,3789765.0,23251540.0
2014-06-10,6.09,6.27,6.18,6.07,12004193.0,74343984.0
2014-06-09,5.98,6.15,6.11,5.96,14200673.0,86917984.0
2014-06-06,6.06,6.07,6.01,5.99,3494097.0,21137398.0
2014-06-05,5.98,6.10,6.08,5.94,12748594.0,77236336.0
2014-06-04,5.90,6.02,5.99,5.90,11203959.0,67199896.0
2014-06-03,6.01,6.02,5.97,5.90,9539353.0,57255440.0
2014-05-30,6.00,6.12,6.07,5.96,11916570.0,72408344.0
2014-05-29,5.94,6.04,6.03,5.90,12033385.0,72400664.0
2014-05-28,5.77,6.01,5.97,5.68,10447251.0,61995240.0
2014-05-27,5.74,5.81,5.77,5.74,2348211.0,13614270.0
2014-05-26,5.70,5.78,5.77,5.67,3082220.0,17724640.0
2014-05-23,5.66,5.71,5.69,5.64,1729428.0,9857289.0
2014-05-22,5.56,5.71,5.66,5.56,3296474.0,18692508.0
2014-05-21,5.55,5.60,5.59,5.50,1362154.0,7603528.0
2014-05-20,5.51,5.61,5.55,5.47,1925171.0,10663674.0
2014-05-19,5.56,5.56,5.49,5.39,1495801.0,8221212.0
2014-05-16,5.52,5.58,5.56,5.50,1503382.0,8346843.0
2014-05-15,5.68,5.69,5.54,5.51,1756740.0,9835102.0
2014-05-14,5.70,5.72,5.68,5.66,1424028.0,8125384.0
2014-05-13,5.69,5.73,5.72,5.66,1945013.0,11109375.0
2014-05-12,5.61,5.74,5.69,5.55,3169660.0,18043846.0
2014-05-09,5.57,5.60,5.58,5.48,1909402.0,10606481.0
2014-05-08,5.61,5.66,5.57,5.54,2185399.0,12296947.0
2014-05-07,5.63,5.70,5.61,5.60,2469589.0,13991121.0
2014-05-06,5.60,5.67,5.64,5.58,2802931.0,15839974.0
2014-05-05,5.59,5.63,5.62,5.48,2524490.0,14065421.0
2014-04-30,5.63,5.63,5.61,5.55,2140936.0,12039027.0
2014-04-29,5.54,5.61,5.61,5.48,3320851.0,18460224.0
2014-04-28,5.66,5.71,5.51,5.49,3786863.0,21335268.0
2014-04-25,5.70,5.73,5.66,5.65,3893531.0,22209640.0
2014-04-24,5.82,5.84,5.71,5.68,6129624.0,35273052.0
2014-04-23,5.94,5.94,5.81,5.79,8140912.0,47783996.0
2014-04-22,6.40,6.41,5.97,5.78,14745825.0,89474544.0
2014-04-21,6.64,6.71,6.41,6.39,6782800.0,44709220.0
2014-04-18,6.62,6.69,6.62,6.59,4255253.0,28397748.0
2014-04-17,6.65,6.74,6.64,6.54,8887543.0,59374248.0
2014-04-16,6.87,7.04,6.63,6.60,21590900.0,146694320.0
2014-04-15,6.87,7.03,6.91,6.79,18935814.0,132079536.0
2014-04-14,6.23,6.92,6.92,6.23,28750924.0,195230464.0
2014-04-11,6.27,6.37,6.30,6.20,10535191.0,66325784.0
2014-04-10,5.95,6.33,6.20,5.86,13274691.0,81871456.0
2014-04-09,5.94,5.98,5.95,5.91,1621082.0,9671862.0
2014-04-08,5.87,5.98,5.96,5.86,2256844.0,13429833.0
2014-04-04,5.93,5.94,5.88,5.86,1542919.0,9138204.0
2014-04-03,5.92,5.98,5.91,5.86,1545688.0,9148958.0
2014-04-02,6.00,6.03,5.93,5.92,2077793.0,12423885.0
2014-04-01,5.71,6.01,6.01,5.70,5818022.0,34511008.0
2014-03-31,5.68,5.77,5.73,5.68,1844652.0,10594558.0
2014-03-28,5.75,5.89,5.71,5.66,2452976.0,14083127.0
2014-03-27,5.91,5.91,5.76,5.74,2976197.0,17415558.0
2014-03-26,5.93,5.97,5.92,5.83,3231834.0,19134960.0
2014-03-25,5.98,6.02,5.94,5.89,2793723.0,16645448.0
2014-03-24,5.97,6.02,5.98,5.90,3191232.0,19112496.0
2014-03-21,5.81,6.02,6.01,5.81,7049345.0,42134184.0
2014-03-20,5.76,5.93,5.81,5.70,3226752.0,18919664.0
2014-03-19,5.72,5.85,5.80,5.71,2015582.0,11680966.0
2014-03-18,5.68,5.81,5.78,5.64,2232938.0,12853067.0
2014-03-17,5.67,5.76,5.71,5.62,1385249.0,7897072.0
2014-03-14,5.59,5.68,5.67,5.42,2056210.0,11578108.0
2014-03-13,5.58,5.64,5.61,5.57,1828499.0,10280158.0
2014-03-12,5.67,5.68,5.61,5.50,2098774.0,11778791.0
2014-03-11,5.68,5.68,5.67,5.60,1527675.0,8657240.0
2014-03-10,5.92,5.92,5.65,5.63,2050020.0,11851090.0
2014-03-07,6.02,6.02,5.94,5.88,1393697.0,8301285.0
2014-03-06,6.01,6.06,5.99,5.97,1848007.0,11121642.0
2014-03-05,6.07,6.09,6.06,5.96,3034377.0,18300770.0
2014-03-04,6.00,6.13,6.10,5.98,3944652.0,24049274.0
2014-03-03,5.91,6.07,5.98,5.90,3137993.0,18844812.0
2014-02-28,5.83,5.96,5.93,5.74,2373130.0,13947531.0
2014-02-27,6.03,6.04,5.91,5.78,4121974.0,24422914.0
2014-02-26,5.94,6.08,6.02,5.78,4157986.0,24811524.0
2014-02-25,5.87,6.16,5.93,5.84,5364341.0,32313364.0
2014-02-24,5.83,5.95,5.89,5.71,2138111.0,12450082.0
2014-02-21,5.96,5.97,5.84,5.78,2760172.0,16226634.0
2014-02-20,6.11,6.11,5.97,5.95,2973655.0,17964198.0
2014-02-19,6.09,6.09,6.08,6.00,3116625.0,18965576.0
2014-02-18,5.99,6.13,6.04,5.96,3286027.0,19929588.0
2014-02-17,5.94,6.03,6.02,5.91,3323358.0,19916636.0
2014-02-14,5.81,5.95,5.92,5.75,3224228.0,18899328.0
2014-02-13,5.89,6.04,5.83,5.82,3551816.0,21164248.0
2014-02-12,5.88,5.88,5.87,5.81,1900835.0,11131574.0
2014-02-11,5.79,5.88,5.84,5.79,2304248.0,13512169.0
2014-02-10,5.70,5.80,5.79,5.69,1974751.0,11420487.0
2014-02-07,5.61,5.66,5.66,5.43,911548.0,5123266.0
2014-01-30,5.65,5.65,5.62,5.59,606680.0,3422289.0
2014-01-29,5.63,5.67,5.65,5.59,919335.0,5199531.0
2014-01-28,5.67,5.70,5.62,5.61,1000523.0,5656717.0
2014-01-27,5.63,5.68,5.67,5.59,1190577.0,6743687.0
2014-01-24,5.59,5.69,5.66,5.57,1709547.0,9693475.0
2014-01-23,5.62,5.65,5.59,5.58,1472792.0,8288848.0
2014-01-22,5.46,5.66,5.64,5.46,2472538.0,13843868.0
2014-01-21,5.40,5.50,5.46,5.40,854245.0,4688166.0
2014-01-20,5.42,5.48,5.41,5.39,1112969.0,6061134.0
2014-01-17,5.55,5.55,5.43,5.42,1241456.0,6799906.0
2014-01-16,5.51,5.57,5.55,5.48,1168559.0,6483291.0
2014-01-15,5.55,5.60,5.51,5.46,1420800.0,7858690.0
2014-01-14,5.48,5.58,5.57,5.46,1296746.0,7193600.0
2014-01-13,5.46,5.57,5.48,5.43,1183370.0,6514062.0
2014-01-10,5.62,5.62,5.45,5.41,1873038.0,10316843.0
2014-01-09,5.69,5.71,5.60,5.60,1419447.0,8052430.0
2014-01-08,5.66,5.73,5.69,5.64,2035983.0,11597559.0
2014-01-07,5.91,5.91,5.68,5.63,4505814.0,25855220.0
2014-01-06,6.07,6.16,5.94,5.89,5530689.0,33524066.0
2014-01-03,6.08,6.20,6.08,6.03,3639563.0,22369552.0
2014-01-02,6.07,6.19,6.07,5.99,3495908.0,21425844.0
2013-12-31,6.13,6.29,6.07,5.96,4793301.0,29319212.0
2013-12-30,5.71,6.27,6.16,5.67,5994973.0,36278400.0
2013-12-27,5.61,5.72,5.70,5.61,1326882.0,7557103.0
2013-12-26,5.75,5.77,5.64,5.60,2652866.0,15058828.0
2013-12-25,5.74,5.78,5.76,5.71,1857842.0,10699545.0
2013-12-24,5.71,5.81,5.74,5.71,1679124.0,9695045.0
2013-12-23,5.81,5.85,5.74,5.71,1268171.0,7335065.0
2013-12-20,5.90,5.98,5.81,5.81,1331686.0,7820044.0
2013-12-19,6.05,6.05,5.94,5.93,1007896.0,6052392.0
2013-12-18,5.99,6.04,6.01,5.97,1175009.0,7074050.0
2013-12-17,6.08,6.11,6.00,5.99,1405733.0,8504494.0
2013-12-16,6.21,6.23,6.09,6.06,2152496.0,13226208.0
2013-12-13,6.22,6.24,6.21,6.13,1523760.0,9464875.0
2013-12-12,6.17,6.22,6.21,6.13,1584799.0,9857002.0
2013-12-11,6.23,6.24,6.18,6.14,1939453.0,12013076.0
2013-12-10,6.16,6.24,6.23,6.10,3098187.0,19223048.0
2013-12-09,6.13,6.21,6.17,6.13,1328010.0,8213405.0
2013-12-06,6.13,6.17,6.13,6.10,1540028.0,9490343.0
2013-12-05,6.16,6.19,6.15,6.09,1892925.0,11656276.0
2013-12-04,6.07,6.21,6.16,6.04,2897133.0,17901894.0
2013-12-03,6.01,6.09,6.07,5.87,2736606.0,16422556.0
2013-12-02,6.41,6.41,6.00,5.83,4898674.0,29990192.0
2013-11-29,6.45,6.54,6.47,6.43,2587116.0,16831176.0
2013-11-28,6.41,6.50,6.46,6.36,3980227.0,25811716.0
2013-11-27,6.32,6.41,6.39,6.24,1909532.0,12190866.0
2013-11-26,6.31,6.39,6.36,6.30,2009729.0,12800477.0
2013-11-25,6.41,6.44,6.34,6.33,1928676.0,12381609.0
2013-11-22,6.37,6.46,6.42,6.34,2553964.0,16418275.0
2013-11-21,6.45,6.45,6.39,6.34,3482635.0,22307792.0
2013-11-20,6.53,6.57,6.51,6.42,2451548.0,15929375.0
2013-11-19,6.49,6.58,6.54,6.40,3376781.0,22090840.0
2013-11-18,6.38,6.49,6.48,6.36,3504686.0,22610042.0
2013-11-15,6.28,6.43,6.38,6.25,3085856.0,19753520.0
2013-11-14,6.23,6.28,6.28,6.09,2248266.0,13977718.0
2013-11-13,6.38,6.39,6.24,6.23,2371876.0,14932556.0
2013-11-12,6.38,6.43,6.37,6.32,1987406.0,12723978.0
2013-11-11,6.33,6.40,6.39,6.23,1611322.0,10220574.0
2013-11-08,6.31,6.35,6.29,6.23,1990377.0,12546002.0
2013-11-07,6.49,6.51,6.35,6.31,2798920.0,17942222.0
2013-11-06,6.69,6.74,6.51,6.50,3299445.0,21990630.0
2013-11-05,6.60,6.71,6.70,6.52,2552378.0,16957014.0
2013-11-04,6.49,6.61,6.58,6.49,2245047.0,14793573.0
2013-11-01,6.63,6.67,6.51,6.40,4250813.0,27794534.0
2013-10-31,6.88,6.92,6.66,6.63,3804213.0,26051672.0
2013-10-30,7.07,7.10,6.90,6.79,7953126.0,55305340.0
2013-10-29,7.30,7.48,7.04,6.89,12690953.0,91967888.0
2013-10-28,7.07,7.39,7.30,6.98,13301406.0,96581328.0
2013-10-25,6.92,7.08,7.07,6.76,6744067.0,46974716.0
2013-10-24,6.90,6.99,6.94,6.82,4880502.0,33913044.0
2013-10-23,7.14,7.18,6.89,6.84,6161743.0,43028868.0
2013-10-22,7.41,7.43,7.12,7.03,12180416.0,88686752.0
2013-10-21,7.50,7.67,7.49,7.27,19001394.0,141692304.0
2013-10-18,7.38,7.61,7.49,7.21,22839548.0,170370208.0
2013-10-17,7.29,7.57,7.39,7.24,22224176.0,164737056.0
2013-10-16,7.48,7.57,7.29,7.19,13215612.0,97147632.0
2013-10-15,7.40,7.77,7.53,7.34,28003984.0,210370352.0
2013-10-14,7.33,7.61,7.49,7.25,29056396.0,217592704.0
2013-10-11,6.97,7.64,7.48,6.86,28686572.0,209385248.0
2013-10-10,6.40,7.02,7.02,6.34,20974860.0,142816448.0
2013-10-09,6.15,6.44,6.38,6.15,7271864.0,46374628.0
2013-10-08,6.14,6.21,6.21,6.10,2599116.0,16112321.0
2013-09-30,6.04,6.18,6.15,6.04,1894044.0,11590816.0
2013-09-27,6.14,6.18,6.03,5.99,2617426.0,15876692.0
2013-09-26,6.34,6.34,6.14,6.13,3532122.0,22142768.0
2013-09-25,6.20,6.38,6.31,6.20,4996094.0,31617096.0
2013-09-24,6.34,6.34,6.24,6.20,3446544.0,21596088.0
2013-09-23,6.28,6.35,6.34,6.17,4787769.0,30051740.0
2013-09-18,6.19,6.36,6.30,6.16,3659021.0,22968812.0
2013-09-17,6.51,6.51,6.23,6.18,6947849.0,44104920.0
2013-09-16,6.70,6.76,6.57,6.53,10531368.0,70330880.0
2013-09-13,6.52,6.95,6.89,6.45,19721972.0,133741064.0
2013-09-12,6.36,6.59,6.57,6.32,8237777.0,53419488.0
2013-09-11,6.13,6.54,6.45,6.05,13006465.0,82500640.0
2013-09-10,6.08,6.16,6.14,6.08,3265746.0,20020938.0
2013-09-09,6.01,6.12,6.10,5.98,3199206.0,19520766.0
2013-09-06,5.98,6.05,5.98,5.97,2076429.0,12499244.0
2013-09-05,6.10,6.10,6.02,6.00,2075799.0,12571869.0
2013-09-04,6.02,6.14,6.14,6.00,2788461.0,17047228.0
2013-09-03,5.98,6.05,6.04,5.93,1876101.0,11288601.0
2013-09-02,5.93,5.99,5.99,5.78,2383075.0,14081214.0
2013-08-30,6.04,6.08,5.95,5.94,4079656.0,24615762.0
2013-08-29,6.25,6.25,6.08,6.02,5052731.0,30872526.0
2013-08-28,6.03,6.36,6.30,6.01,8569330.0,53775616.0
2013-08-27,5.96,6.04,6.03,5.91,2297834.0,13786233.0
2013-08-26,5.80,5.95,5.94,5.80,2005738.0,11851991.0
2013-08-23,5.93,5.95,5.80,5.73,2250686.0,13176978.0
2013-08-22,5.91,5.98,5.92,5.89,2052445.0,12216602.0
2013-08-21,5.91,5.93,5.90,5.84,1232501.0,7278454.0
2013-08-20,5.90,5.93,5.85,5.83,1738421.0,10254186.0
2013-08-19,5.86,5.92,5.91,5.78,2106543.0,12378387.0
2013-08-16,5.99,6.12,5.89,5.85,3332490.0,19982256.0
2013-08-15,6.13,6.17,6.02,6.00,3582284.0,21838468.0
2013-08-14,6.28,6.28,6.11,6.08,5353674.0,33036700.0
2013-08-13,6.22,6.51,6.35,6.03,9135723.0,57842456.0
2013-08-12,6.18,6.28,6.22,6.15,3862993.0,24084814.0
2013-08-09,6.11,6.34,6.27,6.06,8619752.0,54010248.0
2013-08-08,5.98,6.26,6.19,5.92,9885878.0,60692200.0
2013-08-07,5.73,6.05,6.03,5.69,6114159.0,36314636.0
2013-08-06,5.78,5.79,5.76,5.71,1907801.0,11024092.0
2013-08-05,5.63,5.78,5.77,5.60,2694334.0,15466939.0
2013-08-02,5.60,5.70,5.66,5.57,1608948.0,9111191.0
2013-08-01,5.46,5.61,5.59,5.44,2003709.0,11161577.0
2013-07-31,5.45,5.53,5.46,5.43,1023235.0,5617997.0
2013-07-30,5.44,5.48,5.45,5.35,1247910.0,6810783.0
2013-07-29,5.53,5.58,5.46,5.40,1639589.0,9024415.0
2013-07-26,5.66,5.70,5.62,5.54,1719509.0,9657042.0
2013-07-25,5.83,5.86,5.68,5.65,2836272.0,16288374.0
2013-07-24,5.83,6.07,5.83,5.81,5995084.0,35603896.0
2013-07-23,5.55,5.71,5.69,5.55,2004718.0,11404389.0
2013-07-22,5.50,5.59,5.52,5.48,1617672.0,8940558.0
2013-07-19,5.69,5.72,5.49,5.47,1746262.0,9806758.0
2013-07-18,5.76,5.78,5.69,5.64,1715876.0,9807573.0
2013-07-17,5.69,5.80,5.79,5.65,2447398.0,14129872.0
2013-07-16,5.65,5.71,5.70,5.56,1577021.0,8943623.0
2013-07-15,5.54,5.70,5.65,5.54,1089247.0,6148503.0
2013-07-12,5.65,5.69,5.59,5.57,2057818.0,11738898.0
2013-07-11,5.54,5.72,5.67,5.52,3618205.0,20633686.0
2013-07-10,5.36,5.51,5.50,5.30,1218847.0,6698300.0
2013-07-09,5.37,5.38,5.36,5.30,777941.0,4207858.0
2013-07-08,5.43,5.45,5.30,5.29,1564900.0,8492830.0
2013-07-05,5.55,5.68,5.56,5.51,1442631.0,8170297.0
2013-07-04,5.49,5.59,5.53,5.38,2020158.0,11249990.0
2013-07-03,5.59,5.60,5.51,5.43,1501890.0,8356557.0
2013-07-02,5.50,5.63,5.59,5.41,1506449.0,8432240.0
2013-07-01,5.28,5.48,5.47,5.28,1530341.0,8384542.0
2013-06-28,5.33,5.48,5.26,5.21,1423892.0,7691120.0
2013-06-27,5.60,5.72,5.33,5.32,2109570.0,11760867.0
2013-06-26,5.68,5.73,5.66,5.58,1180968.0,6741542.0
2013-06-25,5.75,5.91,5.65,5.34,2606879.0,14764375.0
2013-06-24,6.16,6.62,5.92,5.81,2528371.0,15755088.0
2013-06-21,6.21,6.24,6.15,6.05,1134104.0,7040707.0
2013-06-20,6.40,6.67,6.30,6.28,1291775.0,8420123.0
2013-06-19,6.53,6.53,6.43,6.37,1059144.0,6881611.0
2013-06-18,6.53,6.63,6.55,6.52,1531125.0,10172310.0
2013-06-17,6.45,6.59,6.50,6.43,1608674.0,10619768.0
2013-06-14,6.45,6.51,6.46,6.42,1019609.0,6673219.0
2013-06-13,6.62,6.62,6.44,6.27,1321206.0,8563864.0
2013-06-07,6.72,6.75,6.61,6.57,1375150.0,9255489.0
2013-06-06,6.81,6.86,6.69,6.67,1498883.0,10278211.0
2013-06-05,6.92,6.95,6.89,6.79,1924398.0,13378324.0
2013-06-04,6.95,7.01,6.97,6.83,3393863.0,23777138.0
2013-06-03,6.99,7.06,6.94,6.91,2192016.0,15466887.0
2013-05-31,7.13,7.13,7.01,7.01,2350519.0,16824188.0
2013-05-30,7.03,7.11,7.09,7.01,3067481.0,21941440.0
2013-05-29,7.15,7.18,7.10,7.06,3376719.0,24307180.0
2013-05-28,7.10,7.23,7.18,6.97,5255414.0,37871888.0
2013-05-27,7.08,7.17,7.08,7.04,2250856.0,16162161.0
2013-05-24,7.03,7.14,7.08,7.03,2320408.0,16649560.0
2013-05-23,7.18,7.20,7.01,7.00,3090474.0,22108786.0
2013-05-22,7.41,7.55,7.18,7.13,5734229.0,42304488.0
2013-05-21,7.48,7.75,7.45,7.37,9667720.0,73459272.0
2013-05-20,7.16,7.59,7.56,6.98,11897550.0,87236464.0
2013-05-17,7.12,7.39,7.17,7.11,9911457.0,72393816.0
2013-05-16,6.97,7.19,7.18,6.86,8432800.0,60554920.0
2013-05-15,7.04,7.06,7.02,6.92,2227373.0,15777674.0
2013-05-14,7.04,7.07,7.05,6.90,2585824.0,18258516.0
2013-05-13,6.82,7.13,7.06,6.76,6814016.0,48140872.0
2013-05-10,6.77,6.86,6.83,6.74,2570540.0,17735828.0
2013-05-09,6.67,6.86,6.82,6.60,4238839.0,28802572.0
2013-05-08,6.65,6.69,6.65,6.57,2403976.0,16079288.0
2013-05-07,6.68,6.69,6.64,6.59,1859851.0,12496881.0
2013-05-06,6.56,6.70,6.68,6.54,2382312.0,15974029.0
2013-05-03,6.51,6.63,6.58,6.45,2153645.0,14303353.0
2013-05-02,6.32,6.49,6.43,6.24,2190001.0,14214051.0
2013-04-26,6.42,6.49,6.31,6.29,2121328.0,13732238.0
2013-04-25,6.57,6.60,6.37,6.36,2593368.0,17055700.0
2013-04-24,6.47,6.57,6.56,6.44,1397343.0,9218558.0
2013-04-23,6.75,6.79,6.45,6.45,2533207.0,16829052.0
2013-04-22,6.66,6.79,6.72,6.66,1869744.0,12730831.0
2013-04-19,6.59,6.74,6.72,6.59,2592659.0,17603796.0
2013-04-18,6.62,6.64,6.62,6.54,1824491.0,12204622.0
2013-04-17,6.63,6.67,6.64,6.58,2108100.0,14132236.0
2013-04-16,6.52,6.65,6.63,6.42,3993554.0,26364408.0
2013-04-15,6.86,6.86,6.68,6.63,3096656.0,21095816.0
2013-04-12,6.96,7.06,6.93,6.89,3294906.0,23265704.0
2013-04-11,7.16,7.20,7.00,6.96,5848540.0,41811444.0
2013-04-10,7.31,7.33,7.29,7.20,2194427.0,16112130.0
2013-04-09,7.31,7.36,7.32,7.25,2498944.0,18486740.0
2013-04-08,7.11,7.35,7.34,7.11,2868215.0,20991376.0
2013-04-03,7.33,7.43,7.27,7.24,2767860.0,20489362.0
2013-04-02,7.53,7.62,7.39,7.38,2913453.0,22050258.0
2013-04-01,7.70,7.80,7.54,7.48,3575375.0,27605646.0
2013-03-29,7.80,7.92,7.71,7.66,3602208.0,28375932.0
2013-03-28,7.89,8.08,7.87,7.68,6965606.0,55619876.0
2013-03-27,7.68,7.92,7.91,7.64,4785828.0,37680228.0
2013-03-26,7.77,7.77,7.70,7.54,5379147.0,41646588.0
2013-03-25,7.91,8.00,7.80,7.77,5326402.0,42344804.0
2013-03-22,7.91,8.07,8.00,7.81,5772520.0,46517088.0
2013-03-21,7.98,7.98,7.92,7.75,6373271.0,50903560.0
2013-03-20,7.85,8.01,7.99,7.72,6073756.0,48574320.0
2013-03-19,7.72,7.93,7.87,7.65,5490358.0,43319092.0
2013-03-18,7.78,7.93,7.80,7.62,7515646.0,58833136.0
2013-03-15,8.04,8.13,7.89,7.87,10491563.0,84948200.0
2013-03-14,8.26,8.38,8.09,7.88,13841077.0,113085720.0
2013-03-13,8.35,9.04,8.47,8.35,13859267.0,121866648.0
2013-03-12,8.74,9.06,8.53,8.40,30761372.0,270490688.0
2013-03-11,8.26,8.26,8.26,8.26,1060069.0,8872778.0
2013-03-01,7.16,7.58,7.51,7.15,9832172.0,73433248.0
2013-02-28,7.03,7.21,7.20,7.02,2925191.0,21179880.0
2013-02-27,7.13,7.14,7.08,7.00,1561304.0,11170223.0
2013-02-26,7.08,7.12,7.10,7.02,1893131.0,13570411.0
2013-02-25,7.09,7.14,7.07,6.99,2260788.0,16154644.0
2013-02-22,7.17,7.23,7.14,7.12,1531521.0,11126379.0
2013-02-21,7.38,7.38,7.20,7.11,3114043.0,22757734.0
2013-02-20,7.37,7.44,7.39,7.30,4521722.0,33646488.0
2013-02-19,7.38,7.48,7.38,7.34,4588439.0,34480608.0
2013-02-18,7.26,7.41,7.38,7.24,3339612.0,24768246.0
2013-02-08,7.20,7.32,7.31,7.20,2524676.0,18592140.0
2013-02-07,7.23,7.30,7.24,7.21,2282428.0,16749954.0
2013-02-06,7.29,7.32,7.23,7.21,2135178.0,15683334.0
2013-02-05,7.09,7.36,7.26,7.09,4500710.0,33089338.0
2013-02-04,7.14,7.19,7.12,7.06,3379264.0,24337584.0
2013-02-01,7.18,7.20,7.13,7.04,3398669.0,24455530.0
2013-01-31,7.21,7.34,7.20,7.17,2716947.0,19928316.0
2013-01-30,7.30,7.32,7.18,7.13,2824031.0,20658020.0
2013-01-29,7.40,7.42,7.30,7.22,4755954.0,35269740.0
2013-01-28,6.92,7.25,7.25,6.92,3695403.0,26871710.0
2013-01-25,6.85,7.12,7.04,6.81,3083403.0,21793716.0
2013-01-24,7.16,7.16,6.89,6.84,3413034.0,24154370.0
2013-01-23,7.10,7.14,7.08,7.01,1915671.0,13688060.0
2013-01-22,7.23,7.23,7.13,7.07,2572742.0,18606776.0
2013-01-21,7.28,7.29,7.23,7.16,2671232.0,19477912.0
2013-01-18,7.25,7.34,7.27,7.16,3622024.0,26590146.0
2013-01-17,7.16,7.49,7.19,7.05,6662107.0,49081008.0
2013-01-16,7.09,7.21,7.11,7.01,3423026.0,24640946.0
2013-01-15,6.99,7.16,7.09,6.98,3554197.0,25447272.0
2013-01-14,6.86,7.04,7.00,6.79,2788407.0,19648788.0
2013-01-11,7.12,7.18,6.86,6.85,2598133.0,18399808.0
2013-01-10,7.10,7.13,7.11,7.04,2717538.0,19499640.0
2013-01-09,7.22,7.28,7.12,7.07,3006612.0,21789692.0
2013-01-08,6.91,7.22,7.19,6.91,6139632.0,44319492.0
2013-01-07,6.83,6.97,6.91,6.74,3972375.0,27733264.0
2013-01-04,6.81,6.83,6.83,6.65,3264723.0,22293560.0
2012-12-31,6.75,6.82,6.78,6.73,2747380.0,18862404.0
2012-12-28,6.62,6.74,6.71,6.60,2708760.0,18327398.0
2012-12-27,6.71,6.72,6.63,6.59,2496693.0,16823520.0
2012-12-26,6.61,6.77,6.67,6.60,2950857.0,19980556.0
2012-12-25,6.47,6.65,6.59,6.45,2956381.0,19738036.0
2012-12-24,6.44,6.50,6.50,6.41,1571488.0,10270083.0
2012-12-21,6.46,6.55,6.47,6.40,1526913.0,9988907.0
2012-12-20,6.47,6.51,6.51,6.36,2026163.0,13190279.0
2012-12-19,6.47,6.55,6.53,6.44,1707161.0,11222587.0
2012-12-18,6.50,6.62,6.55,6.49,1987562.0,13174897.0
2012-12-17,6.54,6.58,6.49,6.46,1992734.0,13161440.0
2012-12-14,6.24,6.55,6.51,6.24,2017357.0,13212477.0
2012-12-13,6.59,6.65,6.31,6.28,2452674.0,16083104.0
2012-12-12,6.42,6.67,6.60,6.37,2492813.0,16487730.0
2012-12-11,6.42,6.52,6.44,6.35,1873312.0,12212975.0
2012-12-10,6.44,6.54,6.50,6.32,2171425.0,14173795.0
2012-12-07,6.15,6.47,6.42,6.15,2304054.0,14765812.0
2012-12-06,6.32,6.33,6.19,6.08,1586492.0,9944950.0
2012-12-05,6.05,6.40,6.30,6.05,1422505.0,9044425.0
2012-12-04,6.02,6.20,6.12,5.93,1027809.0,6274306.0
2012-12-03,6.02,6.08,5.98,5.97,1048650.0,6413546.0
2012-11-30,6.00,6.06,6.05,5.95,1039512.0,6318465.0
2012-11-29,6.07,6.16,5.95,5.93,802142.0,4915232.0
2012-11-28,6.17,6.19,6.08,5.98,870456.0,5353273.0
2012-11-27,6.50,6.53,6.21,6.15,1074465.0,6895658.0
2012-11-26,6.50,6.60,6.49,6.44,597214.0,3942567.0
2012-11-23,6.48,6.62,6.49,6.46,754940.0,4992811.0
2012-11-22,6.52,6.55,6.48,6.44,592963.0,3910446.0
2012-11-21,6.48,6.59,6.52,6.37,941801.0,6183894.0
2012-11-20,6.62,6.69,6.49,6.49,771778.0,5143013.0
2012-11-19,6.47,6.55,6.48,6.32,777952.0,5102365.0
2012-11-16,6.56,6.56,6.44,6.39,1455122.0,9517563.0
2012-11-15,6.77,6.81,6.59,6.58,871058.0,5905455.0
2012-11-14,6.68,6.81,6.78,6.68,935738.0,6404896.0
2012-11-13,6.89,6.94,6.75,6.71,1258464.0,8662315.0
2012-11-12,6.95,6.95,6.88,6.83,804968.0,5600186.0
2012-11-09,6.84,6.94,6.84,6.83,901004.0,6276297.0
2012-11-08,7.01,7.08,6.84,6.83,2477599.0,17516276.0
2012-11-07,7.11,7.28,7.17,7.05,2366536.0,17189196.0
2012-11-06,7.09,7.11,7.10,6.94,1601915.0,11408528.0
2012-11-05,7.10,7.14,7.11,7.03,1676172.0,12037811.0
2012-11-02,7.09,7.15,7.14,6.96,1860047.0,13290577.0
2012-11-01,6.92,7.26,7.07,6.92,1843647.0,13229152.0
2012-10-31,6.93,7.00,6.96,6.90,941931.0,6612529.0
2012-10-30,6.98,7.01,6.93,6.93,742481.0,5239460.0
2012-10-29,7.01,7.04,6.93,6.88,1262789.0,8887582.0
2012-10-26,7.18,7.18,6.93,6.88,3073538.0,21714072.0
2012-10-25,7.25,7.30,7.16,7.09,1886950.0,13720966.0
2012-10-24,7.22,7.28,7.25,7.18,1247318.0,9138032.0
2012-10-23,7.24,7.31,7.24,7.20,1520390.0,11165259.0
2012-10-22,7.16,7.26,7.24,7.11,1466476.0,10714947.0
2012-10-19,7.34,7.34,7.23,7.19,2649845.0,19441500.0
2012-10-18,7.30,7.40,7.34,7.26,2099807.0,15618663.0
2012-10-17,7.46,7.50,7.33,7.27,1745659.0,13011501.0
2012-10-16,7.39,7.49,7.44,7.36,2034120.0,15284884.0
2012-10-15,7.45,7.45,7.43,7.27,2687455.0,20040124.0
2012-10-12,7.59,7.67,7.50,7.36,4018509.0,30452196.0
2012-10-11,7.48,7.78,7.64,7.43,7255129.0,55994752.0
2012-10-10,7.31,7.58,7.54,7.31,4724105.0,35518696.0
2012-10-09,7.16,7.43,7.37,7.16,4881050.0,36105912.0
2012-10-08,7.31,7.37,7.14,7.04,4912016.0,35602760.0
2012-09-28,7.26,7.47,7.36,7.14,5428485.0,40401504.0
2012-09-27,7.10,7.59,7.26,6.89,7890555.0,57657020.0
2012-09-26,7.61,7.69,7.19,7.17,5571919.0,41890308.0
2012-09-25,7.75,7.78,7.69,7.55,5917689.0,45878788.0
2012-09-24,7.90,7.99,7.83,7.62,8816760.0,69426520.0
2012-09-21,7.68,8.32,8.11,7.68,19205204.0,156984368.0
2012-09-20,7.39,8.22,7.92,7.33,21737748.0,175919104.0
2012-09-19,7.05,7.50,7.47,6.96,5809806.0,42978064.0
2012-09-18,7.11,7.16,7.00,6.93,1817780.0,12935939.0
2012-09-17,7.19,7.36,7.17,7.17,2128489.0,15644477.0
2012-09-14,7.31,7.49,7.28,7.24,2752908.0,20442070.0
2012-09-13,7.40,7.40,7.14,7.12,2175170.0,15995388.0
2012-09-12,7.34,7.45,7.34,7.26,1357273.0,10072329.0
2012-09-11,7.31,7.36,7.34,7.17,1587353.0,11632533.0
2012-09-10,7.21,7.49,7.32,7.18,2678319.0,19946618.0
2012-09-07,7.01,7.31,7.20,6.98,2768982.0,20097716.0
2012-09-06,7.02,7.03,6.96,6.90,1011152.0,7114514.0
2012-09-05,6.91,7.00,6.94,6.85,660040.0,4637680.0
2012-09-04,7.03,7.07,6.88,6.87,1019759.0,7205856.0
2012-09-03,6.96,7.11,7.04,6.94,1335223.0,9522828.0
2012-08-31,6.77,6.99,6.96,6.77,1160909.0,8134336.0
2012-08-30,6.94,6.99,6.81,6.75,963638.0,6705325.0
2012-08-29,6.95,7.06,6.93,6.93,1013200.0,7167678.0
2012-08-28,6.92,7.06,6.98,6.92,1100947.0,7797489.0
2012-08-27,7.16,7.16,6.94,6.92,1759014.0,12494904.0
2012-08-24,7.38,7.39,7.19,7.16,1435389.0,10535631.0
2012-08-23,7.25,7.39,7.38,7.25,1776176.0,13183946.0
2012-08-22,7.39,7.39,7.23,7.18,1079949.0,7936722.0
2012-08-21,7.26,7.36,7.29,7.17,1192176.0,8805153.0
2012-08-20,7.23,7.24,7.24,7.11,1040484.0,7566995.0
2012-08-17,7.27,7.28,7.25,7.06,1957455.0,14284429.0
2012-08-16,7.71,7.71,7.28,7.26,3475946.0,26240478.0
2012-08-15,7.61,7.79,7.70,7.57,1137724.0,8916629.0
2012-08-14,7.73,7.84,7.73,7.50,1792396.0,13966150.0
2012-08-13,7.75,7.96,7.74,7.71,2264467.0,18178754.0
2012-08-10,7.79,7.97,7.81,7.73,1685047.0,13459357.0
2012-08-09,7.70,7.83,7.80,7.70,1802443.0,14271127.0
2012-08-08,7.78,7.83,7.73,7.66,1645295.0,12984056.0
2012-08-07,7.71,7.84,7.78,7.70,1397435.0,11081292.0
2012-08-06,7.60,7.74,7.71,7.55,1329294.0,10381867.0
2012-08-03,7.46,7.63,7.58,7.43,979379.0,7521340.0
2012-08-02,7.58,7.60,7.45,7.39,1518636.0,11586396.0
2012-08-01,7.51,7.67,7.59,7.46,1022672.0,7893431.0
2012-07-31,7.57,7.64,7.49,7.36,1350321.0,10324858.0
2012-07-30,7.89,8.03,7.63,7.56,1721193.0,13716981.0
2012-07-27,7.85,8.09,7.92,7.80,2184212.0,17750584.0
2012-07-26,7.85,7.92,7.85,7.76,1433595.0,11439908.0
2012-07-25,7.64,8.22,7.89,7.55,3304498.0,26789540.0
2012-07-24,7.54,7.65,7.61,7.51,880177.0,6803050.0
2012-07-23,7.64,7.64,7.56,7.43,1344343.0,10314175.0
2012-07-20,7.91,7.99,7.71,7.64,2127905.0,16976640.0
2012-07-19,7.87,8.12,7.96,7.81,3000896.0,24433204.0
2012-07-18,7.88,7.90,7.88,7.72,1720282.0,13667792.0
2012-07-17,7.56,7.88,7.88,7.50,2458891.0,19389864.0
2012-07-16,7.78,7.87,7.59,7.52,1678612.0,13122823.0
2012-07-13,7.77,7.91,7.82,7.68,1970711.0,15716800.0
2012-07-12,7.52,7.77,7.74,7.51,1713588.0,13399644.0
2012-07-11,7.53,7.65,7.59,7.52,1146005.0,8870640.0
2012-07-10,7.50,7.64,7.51,7.39,1421099.0,10903010.0
2012-07-09,7.78,7.82,7.58,7.49,2041357.0,15867691.0
2012-07-06,7.73,7.80,7.79,7.54,1898420.0,14856884.0
2012-07-05,7.85,7.85,7.60,7.58,2034423.0,15860677.0
2012-07-04,7.91,7.99,7.88,7.78,1612264.0,12956351.0
2012-07-03,7.94,8.00,7.88,7.87,1838940.0,14871395.0
2012-07-02,7.75,8.04,7.95,7.70,3029965.0,24359372.0
2012-06-29,7.50,7.73,7.72,7.49,2159633.0,16855468.0
2012-06-28,7.86,7.92,7.61,7.60,4078945.0,31997280.0
2012-06-27,8.03,8.11,7.85,7.76,4166481.0,33834872.0
2012-06-25,8.37,8.38,7.96,7.90,3385050.0,28157468.0
2012-06-21,8.67,8.67,8.39,8.33,3754057.0,32234972.0
2012-06-20,8.61,8.75,8.63,8.58,2697155.0,23834148.0
2012-06-19,8.84,8.89,8.63,8.61,4183191.0,37128472.0
2012-06-18,8.79,8.98,8.89,8.74,5033750.0,45604316.0
2012-06-15,8.78,8.86,8.77,8.58,5602435.0,49789096.0
2012-06-14,9.06,9.10,8.75,8.70,9145083.0,82616376.0
2012-06-13,9.10,9.16,9.06,8.95,7622493.0,70270528.0
2012-06-12,9.10,9.26,9.10,8.88,8894660.0,81950616.0
2012-06-11,9.02,9.25,9.21,8.88,13296924.0,122998632.0
2012-06-08,8.67,9.46,9.22,8.53,20924132.0,192567776.0
2012-06-07,8.29,9.07,8.67,8.22,15871035.0,140489872.0
2012-06-06,8.06,8.36,8.26,8.00,4024244.0,33701800.0
2012-06-05,8.09,8.16,8.01,7.91,3407760.0,27842968.0
2012-06-04,8.38,8.49,8.15,8.14,6029280.0,51270832.0
2012-06-01,8.14,8.52,8.47,8.07,7686305.0,65447832.0
2012-05-31,8.13,8.18,8.09,8.04,1936843.0,15992569.0
2012-05-30,8.06,8.22,8.17,8.06,2458306.0,20417538.0
2012-05-29,8.04,8.22,8.14,7.99,2754474.0,22756518.0
2012-05-28,7.99,8.08,8.04,7.86,2371316.0,19317800.0
2012-05-25,7.89,8.04,7.99,7.87,2133671.0,17335060.0
2012-05-24,7.99,8.00,7.87,7.85,1499768.0,12101499.0
2012-05-23,8.04,8.11,7.94,7.87,2535126.0,20571844.0
2012-05-22,8.20,8.30,8.09,8.05,2341504.0,19459156.0
2012-05-21,7.99,8.09,8.01,7.80,2424513.0,19681764.0
2012-05-18,8.42,8.47,8.02,8.00,4758751.0,39837576.0
2012-05-17,8.51,8.60,8.48,8.33,6112541.0,52761216.0
2012-05-16,8.25,8.56,8.33,8.21,5651685.0,48420176.0
2012-05-15,8.23,8.26,8.25,8.02,2563321.0,21286176.0
2012-05-14,8.22,8.41,8.24,8.16,5084365.0,43012128.0
2012-05-11,8.06,8.20,8.18,8.00,3181982.0,26355696.0
2012-05-10,8.16,8.31,8.06,8.05,3394670.0,28180564.0
2012-05-09,8.30,8.42,8.22,8.14,5561009.0,47055960.0
2012-05-08,8.19,8.60,8.38,8.11,7908889.0,67014376.0
2012-05-07,8.18,8.30,8.26,8.10,5323193.0,44516784.0
2012-05-04,7.91,8.19,8.18,7.90,4237451.0,34936736.0
2012-05-03,8.06,8.09,7.92,7.90,3209564.0,26129948.0
2012-05-02,8.06,8.22,8.07,7.97,3002410.0,24745976.0
2012-04-27,8.05,8.05,7.94,7.87,2202022.0,17815644.0
2012-04-26,7.86,8.05,8.03,7.83,3357530.0,27323698.0
2012-04-25,7.61,7.86,7.83,7.54,2707556.0,21439756.0
2012-04-24,7.77,7.91,7.62,7.38,4474724.0,34738628.0
2012-04-23,8.31,8.33,7.86,7.82,4983347.0,40776352.0
2012-04-20,8.29,8.36,8.28,8.26,2748152.0,23265088.0
2012-04-19,8.38,8.39,8.29,8.24,3093089.0,26178832.0
2012-04-18,8.29,8.41,8.40,8.18,4125791.0,35079416.0
2012-04-17,8.43,8.58,8.31,8.31,4707965.0,40347192.0
2012-04-16,8.42,8.60,8.43,8.30,5484018.0,47132628.0
2012-04-13,8.06,8.73,8.56,8.06,10666016.0,92340984.0
2012-04-12,8.24,8.24,8.16,8.06,5195178.0,43132336.0
2012-04-11,7.70,8.18,8.16,7.66,6498831.0,52995896.0
2012-04-10,7.76,7.92,7.81,7.60,3311318.0,26155868.0
2012-04-09,7.57,7.85,7.80,7.50,4132357.0,32483916.0
2012-04-06,7.46,7.71,7.57,7.45,2588399.0,20064404.0
2012-04-05,7.32,7.52,7.46,7.31,1952825.0,14824615.0
2012-03-30,7.37,7.49,7.30,7.22,2246925.0,16863648.0
2012-03-29,7.39,7.51,7.44,7.26,3031101.0,22843516.0
2012-03-28,7.76,7.87,7.39,7.36,3720840.0,28805056.0
2012-03-27,7.94,8.06,7.87,7.82,2739679.0,22145700.0
2012-03-26,8.02,8.13,7.90,7.85,2437952.0,19702588.0
2012-03-23,8.05,8.43,8.06,8.01,2977863.0,24711590.0
2012-03-22,8.16,8.22,8.10,8.00,3403422.0,28090056.0
2012-03-21,8.38,8.43,8.21,8.02,4184015.0,34938304.0
2012-03-20,8.49,8.68,8.33,8.33,3192850.0,27583018.0
2012-03-19,8.34,8.58,8.49,8.32,3203878.0,27700684.0
2012-03-16,8.24,8.39,8.38,8.15,3219751.0,27225360.0
2012-03-15,8.74,8.79,8.20,8.18,6264059.0,53821128.0
2012-03-14,9.18,9.31,8.74,8.58,9029451.0,83309328.0
2012-03-13,9.14,9.17,9.15,9.02,3932646.0,36539708.0
2012-03-12,9.12,9.24,9.12,9.03,4551565.0,42371720.0
2012-03-09,8.94,9.12,9.11,8.94,3786064.0,34876616.0
2012-03-08,8.89,9.04,8.94,8.83,3056238.0,27916736.0
2012-03-07,9.06,9.16,8.86,8.80,4354272.0,39893336.0
2012-03-06,9.23,9.31,9.10,9.07,3436205.0,32019140.0
2012-03-05,9.28,9.39,9.28,9.24,5877875.0,55752752.0
2012-03-02,9.11,9.30,9.27,9.11,4697548.0,44132508.0
2012-03-01,8.89,9.25,9.20,8.86,9170005.0,84846336.0
2012-02-29,8.99,9.18,8.96,8.85,5759509.0,53019048.0
2012-02-28,9.37,9.45,9.03,9.00,11515127.0,107636280.0
2012-02-27,9.32,9.81,9.53,9.20,16662521.0,161173840.0
2012-02-24,10.02,10.06,9.86,9.75,5827642.0,58686452.0
2012-02-23,9.51,10.47,10.12,9.40,7621803.0,77208192.0
2012-02-22,9.46,9.63,9.58,9.44,3449060.0,33538150.0
2012-02-21,9.41,9.55,9.51,9.24,2818559.0,27058004.0
2012-02-20,9.71,9.97,9.47,9.42,5254429.0,51875164.0
2012-02-17,9.93,10.08,9.68,9.66,4375297.0,43789028.0
2012-02-16,9.18,10.12,9.97,9.12,8685787.0,86871728.0
2012-02-15,9.01,9.29,9.20,9.00,2656728.0,24817828.0
2012-02-14,8.84,9.33,9.08,8.79,3533255.0,32713272.0
2012-02-13,8.78,8.95,8.89,8.63,3304637.0,29690998.0
2012-02-10,8.53,9.32,8.92,8.52,5378443.0,49230096.0
2012-02-09,8.54,8.63,8.54,8.47,2020675.0,17640318.0
2012-02-08,8.30,8.58,8.56,8.29,2771539.0,23865298.0
2012-02-07,8.63,8.63,8.36,8.31,2225182.0,19131630.0
2012-02-06,8.78,8.80,8.70,8.62,2318824.0,20555784.0
2012-02-03,8.59,8.86,8.67,8.51,2891658.0,25681380.0
2012-02-02,8.42,8.75,8.61,8.33,2271321.0,19761002.0
2012-02-01,8.43,8.54,8.36,8.27,1360104.0,11672359.0
2012-01-31,8.38,8.56,8.49,8.38,1354108.0,11672018.0
2012-01-30,8.46,8.79,8.49,8.44,3607252.0,31765140.0
2012-01-20,8.25,8.39,8.37,8.22,1578601.0,13394668.0
2012-01-19,8.12,8.64,8.28,7.99,2188266.0,18628170.0
2012-01-18,8.29,8.42,8.13,8.04,2110346.0,17699992.0
2012-01-17,7.84,8.50,8.30,7.81,3221026.0,26834744.0
2012-01-16,7.82,8.01,7.81,7.76,1216579.0,9795922.0
2012-01-13,8.19,8.22,7.93,7.70,2241366.0,18234380.0
2012-01-12,8.04,8.24,8.19,7.99,2806841.0,23277564.0
2012-01-11,8.06,8.64,8.26,8.02,6615908.0,55816400.0
2012-01-10,7.33,8.06,8.06,7.21,3960009.0,31991992.0
2012-01-09,7.02,7.36,7.33,6.97,1628628.0,12037450.0
2012-01-06,6.96,7.10,7.05,6.78,1406316.0,9953862.0
2012-01-05,7.51,7.56,7.01,7.00,1344088.0,9996033.0
2012-01-04,7.84,8.04,7.51,7.50,989692.0,7794373.0
2011-12-30,7.65,7.83,7.73,7.64,1366219.0,10763256.0
2011-12-29,7.51,7.83,7.60,7.50,1690197.0,13172026.0
2011-12-28,7.57,7.70,7.56,7.49,1150291.0,8898898.0
2011-12-27,7.75,7.87,7.68,7.67,932822.0,7375233.0
2011-12-26,7.77,7.96,7.79,7.75,764319.0,6119184.0
2011-12-23,7.65,7.84,7.80,7.46,1411999.0,11146419.0
2011-12-22,7.88,7.88,7.58,7.48,2093768.0,16364980.0
2011-12-21,8.50,8.70,7.94,7.90,1917039.0,16308515.0
2011-12-20,8.23,8.43,8.41,8.11,1826971.0,15518296.0
2011-12-19,8.34,8.38,8.26,7.99,2224020.0,18463250.0
2011-12-16,8.38,8.51,8.48,7.97,2670571.0,22337366.0
2011-12-15,8.82,8.82,8.37,8.29,3043258.0,26544424.0
2011-12-14,8.83,9.04,8.94,8.71,1599316.0,14603268.0
2011-12-13,9.32,9.42,8.88,8.65,2355871.0,21535836.0
2011-12-12,9.38,9.66,9.40,9.30,2021200.0,19516396.0
2011-12-09,9.66,9.66,9.38,9.37,2846524.0,27530368.0
2011-12-08,9.67,10.02,9.72,9.27,6817010.0,66654892.0
2011-12-07,8.57,9.42,9.42,8.54,2908717.0,27095086.0
2011-12-06,8.59,8.62,8.57,8.41,1706001.0,14858568.0
2011-12-05,8.99,9.08,8.47,8.42,2657136.0,23593492.0
2011-12-02,8.93,9.24,9.11,8.93,1977266.0,18378594.0
2011-12-01,9.22,9.40,9.07,9.06,3716141.0,34872516.0
2011-11-30,9.81,9.88,8.98,8.98,7476006.0,70743024.0
2011-11-29,10.30,10.37,9.98,9.44,6865472.0,69038656.0
2011-11-28,10.49,10.49,10.24,10.10,1674278.0,17486852.0
2011-11-25,10.56,10.56,10.51,10.35,1430428.0,15247367.0
2011-11-24,10.31,10.53,10.44,10.20,1439051.0,15162581.0
2011-11-23,10.44,10.63,10.42,10.31,2379739.0,25451078.0
2011-11-22,9.81,10.43,10.42,9.81,2481745.0,25707956.0
2011-11-21,10.29,10.39,9.99,9.81,1872936.0,19127370.0
2011-11-18,10.82,10.82,10.25,10.20,2057972.0,21955772.0
2011-11-17,10.79,10.92,10.82,10.67,1876640.0,20671616.0
2011-11-16,11.16,11.17,10.84,10.80,2577760.0,28785024.0
2011-11-15,10.98,11.26,11.16,10.89,2641325.0,29894518.0
2011-11-14,10.98,11.02,10.96,10.84,2215545.0,24718952.0
2011-11-11,10.66,10.87,10.83,10.66,1732075.0,19077552.0
2011-11-10,10.86,10.90,10.73,10.69,2197265.0,24128432.0
2011-11-09,10.80,10.92,10.90,10.61,2037188.0,22417716.0
2011-11-08,10.91,11.06,10.80,10.79,2623491.0,29218808.0
2011-11-07,10.95,11.15,10.93,10.81,2722130.0,30453466.0
2011-11-04,10.66,10.97,10.94,10.66,3546889.0,39278132.0
2011-11-03,10.57,10.98,10.64,10.53,4292624.0,47186528.0
2011-11-02,10.30,10.56,10.53,10.10,3184248.0,33621168.0
2011-11-01,10.49,10.76,10.58,10.49,3240560.0,34987548.0
2011-10-31,10.35,10.63,10.57,10.35,3755467.0,40287364.0
2011-10-28,10.18,10.66,10.50,10.04,6878772.0,73110896.0
2011-10-27,10.27,10.29,9.99,9.98,3635354.0,37489388.0
2011-10-26,10.09,10.43,10.29,10.01,3965358.0,41473276.0
2011-10-25,9.78,10.23,10.12,9.78,3657718.0,37480372.0
2011-10-24,9.86,10.28,9.85,9.30,4415540.0,43409960.0
2011-10-21,10.01,10.08,9.89,9.87,2016303.0,20475174.0
2011-10-20,9.84,10.10,10.00,9.79,3708865.0,37603440.0
2011-10-19,10.67,10.84,10.23,10.22,3305705.0,35366984.0
2011-10-18,11.10,11.20,10.69,10.68,3319843.0,36903232.0
2011-10-17,11.28,11.43,11.24,11.18,3018202.0,34744504.0
2011-10-14,11.48,11.48,11.24,11.21,3696360.0,42534552.0
2011-10-13,11.29,11.65,11.52,11.25,4336400.0,50680612.0
2011-10-12,10.79,11.37,11.35,10.68,5205308.0,59158952.0
2011-10-11,12.01,12.12,11.14,11.14,9843851.0,116414008.0
2011-09-28,12.64,12.74,12.38,12.26,3138435.0,39850904.0
2011-09-27,12.63,12.74,12.55,12.21,4664181.0,59508428.0
2011-09-26,13.04,13.04,12.44,12.42,7435939.0,96186288.0
2011-09-23,13.24,13.50,13.11,13.05,6901952.0,93131152.0
2011-09-22,14.07,14.07,13.57,13.55,8547200.0,120610600.0
2011-09-21,13.93,14.29,14.19,13.63,10680161.0,152536496.0
2011-09-20,13.79,14.37,14.00,13.76,10253140.0,146708912.0
2011-09-19,13.36,14.27,13.87,13.02,10480856.0,145203616.0
2011-09-16,13.96,13.97,13.48,13.35,7764957.0,108161816.0
2011-09-15,13.71,14.07,13.90,13.44,10212178.0,144139808.0
2011-09-14,13.42,14.16,13.75,13.30,10693219.0,149742368.0
2011-09-13,12.90,13.58,13.49,12.78,7964053.0,107248376.0
2011-09-09,13.54,13.92,13.36,13.21,13581011.0,188191024.0
2011-09-08,12.97,14.30,13.81,12.88,22839864.0,325858752.0
2011-09-07,12.86,13.08,12.99,12.66,8949782.0,117723832.0
2011-09-06,12.76,13.09,12.89,12.50,10442123.0,136072144.0
2011-09-05,13.78,14.27,13.15,13.08,17358996.0,241630848.0
2011-09-02,16.38,16.38,14.42,14.21,34417580.0,540279296.0
2011-09-01,14.59,15.06,15.06,14.38,7639407.0,115384200.0
2011-08-17,13.36,13.78,13.69,13.27,4399191.0,60927832.0
2011-08-16,13.73,13.76,13.46,13.40,3641828.0,50374128.0
2011-08-15,13.36,13.82,13.67,13.29,4566888.0,63125484.0
2011-08-12,13.34,13.65,13.34,13.20,4073316.0,55950304.0
2011-08-11,12.76,13.32,13.24,12.70,4616913.0,61602140.0
2011-08-10,12.87,13.19,13.02,12.67,5639967.0,74694832.0
2011-08-09,12.60,12.74,12.56,12.17,5925275.0,75083320.0
2011-08-08,13.00,13.42,12.81,12.59,7176842.0,94547592.0
2011-08-05,13.14,13.39,13.26,13.04,5393820.0,72651312.0
2011-08-04,13.71,13.82,13.62,13.56,2548252.0,35542376.0
2011-08-03,13.51,13.83,13.63,13.45,2928052.0,40673464.0
2011-08-02,13.96,14.02,13.68,13.40,4365914.0,60571920.0
2011-08-01,13.91,14.12,13.95,13.77,2435322.0,34611744.0
2011-07-29,14.30,14.30,13.97,13.86,4561407.0,65420704.0
2011-07-28,13.79,14.48,14.26,13.79,6299241.0,91067696.0
2011-07-27,13.74,14.17,14.00,13.69,5995478.0,85451752.0
2011-07-26,13.24,13.93,13.93,13.04,5878542.0,81066992.0
2011-07-25,13.72,13.81,13.26,13.12,5499945.0,75303704.0
2011-07-22,13.66,13.84,13.71,13.46,4139502.0,57580552.0
2011-07-21,13.99,14.00,13.66,13.54,6530919.0,91417056.0
2011-07-20,14.08,14.31,14.03,13.98,4775936.0,69000056.0
2011-07-19,13.93,14.11,14.01,13.75,5060686.0,71809832.0
2011-07-18,14.46,14.50,14.17,13.83,7733261.0,111730608.0
2011-07-15,14.34,14.59,14.51,14.33,4947764.0,72991840.0
2011-07-14,14.51,14.67,14.48,14.19,6560917.0,96289712.0
2011-07-13,14.18,14.51,14.45,14.12,7443405.0,108910984.0
2011-07-12,14.66,14.76,14.17,14.03,12089511.0,177099152.0
2011-07-11,14.95,15.00,14.77,14.57,10540042.0,158959984.0
2011-07-08,13.89,14.75,14.75,13.83,13740049.0,203641024.0
2011-07-07,14.10,14.37,14.04,13.98,9280462.0,133960696.0
2011-07-06,13.52,14.28,14.21,13.46,11941658.0,169992784.0
2011-07-05,13.78,13.83,13.60,13.44,6781225.0,93976632.0
2011-07-04,13.61,13.77,13.76,13.54,7828795.0,109136784.0
2011-07-01,13.18,13.91,13.68,13.14,12661863.0,175994320.0
2011-06-30,13.14,13.46,13.33,13.10,5615183.0,75973464.0
2011-06-29,13.42,13.42,13.22,13.05,7001355.0,94300352.0
2011-06-28,13.32,13.79,13.45,13.19,11290543.0,155884800.0
2011-06-27,13.14,13.40,13.30,13.06,8710569.0,117250928.0
2011-06-24,12.65,13.44,13.24,12.55,9845188.0,132441960.0
2011-06-23,12.59,12.95,12.85,12.25,7003006.0,89849184.0
2011-06-22,13.25,13.48,12.82,12.80,8863594.0,119405272.0
2011-06-21,12.53,13.03,13.03,12.36,8148029.0,106447248.0
2011-06-20,13.02,13.02,12.42,12.42,6989207.0,89060216.0
2011-06-17,12.56,13.25,13.07,12.55,10191852.0,135543344.0
2011-06-16,13.02,13.22,12.62,12.62,9492016.0,124229488.0
2011-06-15,13.40,13.68,13.29,13.27,7570218.0,104192232.0
2011-06-14,13.29,13.56,13.40,13.05,11107080.0,150486400.0
2011-06-13,13.04,13.56,13.43,12.94,15768641.0,215315920.0
2011-06-10,12.51,13.12,12.92,12.51,7449330.0,97713424.0
2011-06-09,12.65,12.99,12.56,12.36,6371267.0,82296120.0
2011-06-08,11.96,12.68,12.68,11.84,7207432.0,91679072.0
2011-06-07,11.50,12.13,12.07,11.48,4167188.0,50258832.0
2011-06-03,11.08,11.62,11.62,10.94,5146711.0,60716240.0
2011-06-02,11.03,11.12,11.07,10.79,2411961.0,26925696.0
2011-06-01,11.06,11.42,11.30,10.91,2482446.0,28216412.0
2011-05-31,10.98,11.16,11.02,10.55,3288101.0,36360976.0
2011-05-30,11.43,11.43,11.07,11.07,3151196.0,35872296.0
2011-05-27,12.25,12.25,11.65,11.65,3947822.0,47462416.0
2011-05-26,12.16,12.44,12.27,12.06,2045022.0,25670852.0
2011-05-25,12.02,12.23,12.22,11.82,3256940.0,40061384.0
2011-05-24,12.01,12.16,12.08,11.69,2858260.0,34689588.0
2011-05-23,12.66,12.74,12.01,12.00,3651810.0,46022220.0
2011-05-20,12.46,12.64,12.63,12.25,3157262.0,39983324.0
2011-05-19,12.53,12.73,12.44,12.36,3521320.0,44940680.0
2011-05-17,12.55,12.70,12.38,12.14,3579335.0,45357480.0
2011-05-16,12.78,13.00,12.55,12.45,4554854.0,59116524.0
2011-05-13,12.46,12.95,12.83,12.46,3522259.0,45556880.0
2011-05-12,12.60,12.83,12.46,12.38,3380411.0,43558200.0
2011-05-11,12.75,13.06,12.79,12.54,4952204.0,64840400.0
2011-05-10,12.68,12.80,12.69,12.45,2690996.0,34526304.0
2011-05-09,12.60,12.93,12.68,12.59,4212584.0,54603968.0
2011-05-06,12.18,12.88,12.66,12.12,11703187.0,150132496.0
2011-05-05,11.86,12.29,12.26,11.68,5123356.0,62710608.0
2011-05-04,12.06,12.06,11.86,11.79,3120033.0,37825368.0
2011-05-03,11.67,12.16,12.11,11.58,4581950.0,56093608.0
2011-04-29,11.45,11.78,11.76,11.42,3433441.0,40725176.0
2011-04-28,11.47,11.74,11.38,11.36,3563505.0,41889400.0
2011-04-27,11.48,11.76,11.39,11.36,4222270.0,49682928.0
2011-04-26,11.91,11.91,11.49,11.48,4928129.0,58622168.0
2011-04-25,12.34,12.45,11.99,11.84,8193822.0,99916032.0
2011-04-22,12.50,12.58,12.45,12.30,3883157.0,49307312.0
2011-04-21,12.53,12.55,12.40,12.28,4917080.0,62182376.0
2011-04-20,12.54,12.68,12.64,12.26,5052427.0,64209232.0
2011-04-19,12.81,12.91,12.54,12.43,8008471.0,102961760.0
2011-04-18,13.33,13.38,12.96,12.87,13952439.0,184433728.0
2011-04-15,13.41,13.75,13.54,13.37,6496780.0,89798616.0
2011-04-14,13.44,13.46,13.42,13.13,6865480.0,92916064.0
2011-04-13,13.09,13.53,13.42,13.09,4299756.0,58603296.0
2011-04-12,13.45,13.57,13.22,13.16,7140336.0,97501216.0
2011-04-11,13.58,14.12,13.59,13.53,10041496.0,141158496.0
2011-04-08,13.49,13.63,13.54,13.26,8485029.0,116666944.0
2011-04-07,12.95,13.58,13.44,12.95,10011660.0,136204608.0
2011-04-06,13.15,13.24,13.03,12.75,5837958.0,77164648.0
2011-04-01,12.70,13.27,13.11,12.68,8315900.0,110653648.0
2011-03-31,12.61,12.97,12.65,12.58,5058747.0,65955112.0
2011-03-30,12.62,13.02,12.61,12.50,4578123.0,59373280.0
2011-03-29,12.88,13.03,12.60,12.51,7786019.0,101189088.0
2011-03-28,13.25,13.44,12.92,12.75,9746659.0,129762688.0
2011-03-25,13.19,13.56,13.30,13.16,8583610.0,117021824.0
2011-03-24,13.28,13.58,13.27,13.24,8022809.0,109637160.0
2011-03-23,13.14,13.58,13.38,12.94,10705731.0,144900368.0
2011-03-22,13.07,13.33,13.12,12.78,8669658.0,115655248.0
2011-03-21,13.34,13.42,13.10,12.98,10430171.0,139874560.0
2011-03-18,12.45,12.98,12.98,12.45,5201809.0,68203712.0
2011-03-17,12.81,12.83,12.37,12.29,9916063.0,126633304.0
2011-03-16,12.83,13.01,12.94,12.66,11172633.0,145992848.0
2011-03-15,13.39,13.51,12.89,12.87,21563726.0,286608672.0
2011-03-14,13.70,14.28,13.54,13.48,13836125.0,194799760.0
2011-03-11,13.54,13.85,13.68,13.45,16057983.0,223549072.0
2011-03-10,13.52,14.18,13.61,13.46,22737220.0,319166560.0
2011-03-09,13.44,13.80,13.74,13.34,35023088.0,488084864.0
2011-03-08,12.44,13.14,13.14,12.26,12732321.0,165648400.0
2011-03-07,12.67,12.77,12.51,12.16,18257034.0,232680736.0
2011-03-04,12.95,13.13,12.63,12.52,33060156.0,431525056.0
2011-03-03,11.94,12.61,12.61,11.94,22227914.0,283176992.0
2011-03-02,11.83,12.70,12.01,11.83,32168774.0,391569728.0
2011-03-01,13.25,14.49,12.45,12.28,72043592.0,974679424.0
