date,open,high,close,low,volume,amount
2015-11-27,11.27,11.34,10.66,10.66,4480898.0,48882096.0
2015-11-26,11.56,11.72,11.22,11.21,4050490.0,46127776.0
2015-11-25,11.03,11.66,11.58,11.03,4285816.0,48765328.0
2015-11-24,10.87,11.19,11.10,10.73,3866630.0,42311740.0
2015-11-23,10.82,11.11,10.87,10.75,4888372.0,53573836.0
2015-11-20,10.83,11.00,10.82,10.71,4230060.0,45704552.0
2015-11-19,10.45,10.82,10.81,10.45,3608162.0,38545192.0
2015-11-18,10.64,10.80,10.50,10.49,2764399.0,29522178.0
2015-11-17,10.96,10.99,10.62,10.60,6396049.0,69161360.0
2015-11-16,10.50,10.95,10.80,10.27,5182523.0,54952940.0
2015-11-13,11.33,11.36,10.81,10.81,6834900.0,74731984.0
2015-11-12,11.70,11.73,11.38,11.24,5391510.0,61911852.0
2015-11-11,11.10,11.61,11.61,11.06,7765396.0,88029000.0
2015-11-10,10.78,11.15,11.06,10.62,7560824.0,82680320.0
2015-11-09,10.17,10.71,10.71,10.08,6494466.0,68371904.0
2015-11-06,9.97,10.23,10.20,9.81,4121444.0,41734832.0
2015-11-05,9.90,10.27,9.94,9.81,5564969.0,55547744.0
2015-11-04,9.61,9.98,9.90,9.61,5990515.0,58676880.0
2015-11-03,9.70,9.80,9.66,9.56,2698310.0,26038956.0
2015-11-02,9.45,9.77,9.61,9.36,4566252.0,43718104.0
2015-10-30,9.54,9.60,9.53,9.47,4216702.0,40126004.0
2015-10-29,9.50,9.60,9.52,9.44,2711000.0,25766644.0
2015-10-28,9.57,9.66,9.50,9.29,2863257.0,27246398.0
2015-10-27,9.54,9.61,9.55,9.28,4194009.0,39721864.0
2015-10-26,9.17,9.58,9.50,9.10,5806555.0,54267216.0
2015-10-23,9.12,9.20,9.13,9.05,3441212.0,31354482.0
2015-10-22,9.00,9.20,9.11,8.90,2543272.0,22987432.0
2015-10-21,9.17,9.38,9.02,8.85,4752259.0,43217552.0
2015-10-20,9.00,9.20,9.10,8.97,3449413.0,31334600.0
2015-10-19,8.94,8.98,8.95,8.82,1793159.0,15982729.0
2015-10-16,8.95,8.97,8.95,8.81,3430878.0,30550022.0
2015-10-15,8.75,9.12,8.95,8.62,3080965.0,27533108.0
2015-10-14,8.80,8.89,8.78,8.50,2118249.0,18524328.0
2015-10-13,8.70,8.87,8.83,8.70,2158070.0,18981636.0
2015-10-12,8.69,9.02,8.74,8.61,4457927.0,39190656.0
2015-10-09,8.65,8.70,8.62,8.49,1508595.0,12944716.0
2015-10-08,8.50,8.68,8.63,8.42,2266574.0,19349668.0
2015-09-30,8.29,8.50,8.39,8.20,1112400.0,9322541.0
2015-09-29,8.20,8.54,8.25,8.17,1058005.0,8755255.0
2015-09-28,8.47,8.55,8.45,8.25,848043.0,7169192.0
2015-09-25,8.15,8.46,8.44,8.03,2869293.0,23800316.0
2015-09-24,8.06,8.22,8.20,8.05,717200.0,5809725.0
2015-09-23,8.15,8.15,8.06,7.90,1075201.0,8601339.0
2015-09-22,8.14,8.27,8.19,7.92,1896800.0,15331914.0
2015-09-21,7.81,8.15,8.14,7.80,1884589.0,15038058.0
2015-09-18,7.57,7.84,7.76,7.32,1874455.0,14377247.0
2015-09-17,7.52,7.80,7.56,7.42,2100033.0,15940624.0
2015-09-16,6.98,7.49,7.49,6.98,3015674.0,21957472.0
2015-09-15,7.14,7.20,7.13,7.13,1337801.0,9548485.0
2015-09-14,7.95,7.99,7.51,7.51,2110190.0,16256203.0
2015-09-11,7.58,7.91,7.91,7.49,3973200.0,30806070.0
2015-09-10,7.49,7.75,7.53,7.40,2156381.0,16435511.0
2015-09-09,7.28,7.65,7.55,7.28,2766700.0,20704858.0
2015-09-08,6.90,7.36,7.31,6.88,2190764.0,15591061.0
2015-09-07,7.00,7.19,7.01,6.98,2300992.0,16277694.0
2015-09-02,7.06,7.30,7.01,7.01,2823689.0,19884212.0
2015-09-01,7.80,7.87,7.38,7.37,2781751.0,20846206.0
2015-08-31,7.92,8.02,7.76,7.76,2379012.0,18687864.0
2015-08-28,7.67,7.99,7.99,7.63,3047391.0,24028816.0
2015-08-27,7.63,7.97,7.61,7.44,3708801.0,28259774.0
2015-08-26,7.83,8.04,7.83,7.83,4496911.0,35384388.0
2015-08-25,8.24,8.24,8.24,8.24,186200.0,1534288.0
2015-08-24,8.74,8.74,8.67,8.67,391900.0,3399878.0
2015-08-21,9.43,9.65,9.13,9.13,3886900.0,36155860.0
2015-08-20,9.70,9.98,9.61,9.43,2986800.0,28785786.0
2015-08-19,9.50,9.84,9.74,9.50,4946437.0,47332364.0
2015-08-18,10.53,10.70,10.00,10.00,5489201.0,55689508.0
2015-08-17,10.09,10.53,10.53,9.99,3962827.0,40717040.0
2015-08-14,9.74,10.11,10.03,9.72,4633400.0,45958128.0
2015-08-13,9.63,9.88,9.72,9.38,3027438.0,29161088.0
2015-08-12,9.55,9.88,9.67,9.50,3184649.0,30849672.0
2015-08-11,9.50,9.85,9.73,9.36,4655502.0,44472716.0
2015-08-10,9.30,9.59,9.50,9.21,4621581.0,43538452.0
2015-08-07,8.81,9.28,9.26,8.81,2529497.0,23080028.0
2015-08-06,8.74,8.98,8.87,8.50,2545238.0,22440504.0
2015-08-05,8.59,8.89,8.79,8.59,4626945.0,40704872.0
2015-08-04,8.10,8.48,8.47,8.06,2874262.0,23880284.0
2015-08-03,8.48,8.59,8.08,8.08,2479410.0,20426244.0
2015-07-31,8.55,8.78,8.50,8.47,2060800.0,17716152.0
2015-07-30,8.81,9.03,8.87,8.72,4180839.0,37127112.0
2015-07-29,8.85,8.94,8.87,8.36,4941240.0,42581528.0
2015-07-28,8.80,8.95,8.80,8.80,3263500.0,28745446.0
2015-07-27,9.54,9.58,9.26,9.26,4915091.0,46016164.0
2015-07-24,9.63,9.95,9.75,9.50,7700712.0,74656184.0
2015-07-23,9.20,9.62,9.62,9.16,6875110.0,65419888.0
2015-07-22,9.16,9.26,9.16,8.97,5064209.0,46244056.0
2015-07-21,8.77,9.35,9.16,8.73,4479062.0,40851156.0
2015-07-20,8.55,9.02,9.02,8.55,5979160.0,52730988.0
2015-07-17,8.16,8.60,8.59,8.12,5061286.0,42832568.0
2015-07-16,7.98,8.27,8.19,7.98,7222254.0,58068200.0
2015-07-15,8.70,8.70,8.40,8.40,3565486.0,30048280.0
2015-07-14,8.88,9.24,8.84,8.72,7871766.0,70447464.0
2015-07-13,8.81,9.27,9.05,8.51,11642278.0,103638384.0
2015-07-10,8.18,8.94,8.94,8.08,16310018.0,141249088.0
2015-07-09,7.89,8.72,8.51,7.89,18413804.0,150493408.0
2015-07-08,8.30,8.30,8.30,8.30,4500.0,37350.0
2015-07-07,8.74,8.74,8.74,8.74,30000.0,262200.0
2015-07-06,9.76,10.10,9.20,9.20,3240000.0,30657028.0
2015-07-03,9.68,9.68,9.68,9.68,118100.0,1143208.0
2015-07-02,10.19,10.30,10.19,10.19,941800.0,9611484.0
2015-07-01,11.19,11.41,10.73,10.73,6439884.0,70700992.0
2015-06-30,11.29,11.40,11.29,11.29,6352908.0,71739952.0
2015-06-29,11.88,11.88,11.88,11.88,621400.0,7382232.0
2015-06-26,12.50,12.50,12.50,12.50,413800.0,5172500.0
2015-06-25,13.53,13.83,13.16,13.16,9674734.0,129184192.0
2015-06-24,13.85,13.85,13.85,13.85,668800.0,9262880.0
2015-06-23,14.58,14.58,14.58,14.58,194900.0,2841642.0
2015-06-10,14.69,15.44,15.35,14.42,7565101.0,115002112.0
2015-06-09,14.88,14.97,14.70,14.42,6265429.0,92217656.0
2015-06-08,15.42,15.42,14.98,14.70,7493977.0,112759392.0
2015-06-05,14.36,14.90,14.90,14.36,9438822.0,140404256.0
2015-06-04,13.98,14.64,14.19,13.24,5974356.0,84378384.0
2015-06-03,13.92,14.00,13.94,13.51,5282411.0,72843400.0
2015-06-02,13.28,13.78,13.65,13.22,4137605.0,55672336.0
2015-06-01,12.66,13.33,13.28,12.66,3262591.0,42948812.0
2015-05-29,12.72,13.09,12.81,12.53,4695980.0,59966060.0
2015-05-28,13.77,14.18,13.19,13.19,4542602.0,61950192.0
2015-05-27,13.96,14.29,13.88,13.50,4524644.0,62665344.0
2015-05-26,13.00,13.77,13.77,12.86,3533587.0,47698344.0
2015-05-25,12.80,13.25,13.11,12.41,5112870.0,66199000.0
2015-05-22,12.17,12.77,12.77,12.17,4308395.0,54263620.0
2015-05-21,12.56,12.57,12.16,12.10,5708579.0,70694384.0
2015-05-20,11.63,11.97,11.97,11.60,884565.0,10494037.0
2015-05-19,10.78,11.40,11.40,10.78,2819229.0,31537900.0
2015-05-18,10.66,11.07,10.86,10.51,3100781.0,33484092.0
2015-05-15,10.76,11.03,10.67,10.53,4356981.0,47080048.0
2015-05-14,10.51,10.88,10.76,10.42,3695516.0,39459116.0
2015-05-13,10.31,10.61,10.51,10.17,2789129.0,29060918.0
2015-05-12,10.25,10.37,10.33,10.13,3146084.0,32226380.0
2015-05-11,9.85,10.15,10.14,9.73,1961797.0,19546232.0
2015-05-08,9.65,9.83,9.79,9.55,1619949.0,15636123.0
2015-05-07,9.64,9.77,9.50,9.38,2466700.0,23493240.0
2015-05-06,10.01,10.06,9.80,9.72,2368302.0,23398874.0
2015-05-05,10.31,10.32,9.96,9.87,2583563.0,26088820.0
2015-05-04,10.26,10.35,10.32,10.21,1957834.0,20134214.0
2015-04-30,10.32,10.42,10.30,10.21,2131333.0,22005024.0
2015-04-29,10.02,10.39,10.30,10.02,2454503.0,25157108.0
2015-04-28,10.45,10.53,10.10,9.92,3765584.0,38267560.0
2015-04-27,10.60,10.84,10.44,10.33,3486381.0,36599208.0
2015-04-24,10.15,10.68,10.47,10.15,4516309.0,47489484.0
2015-04-23,10.50,10.64,10.36,10.32,5984184.0,62971308.0
2015-04-22,9.69,10.13,10.13,9.69,1596953.0,15970744.0
2015-04-21,9.47,9.72,9.65,9.44,3324450.0,31799098.0
2015-04-20,9.60,9.76,9.40,9.31,3276086.0,31358536.0
2015-04-17,9.78,9.93,9.72,9.65,3691181.0,35888932.0
2015-04-16,9.70,9.83,9.71,9.51,2620722.0,25341484.0
2015-04-15,10.03,10.22,9.71,9.67,2980962.0,29479598.0
2015-04-14,9.99,10.40,10.17,9.98,3000082.0,30362828.0
2015-04-13,9.91,10.29,10.06,9.90,3345547.0,33820344.0
2015-04-10,9.55,9.86,9.83,9.53,3765764.0,36768264.0
2015-04-09,9.80,9.80,9.65,9.32,3604362.0,34332980.0
2015-04-08,9.70,9.96,9.81,9.51,3408475.0,33278732.0
2015-04-07,9.50,9.85,9.74,9.41,3348670.0,32304886.0
2015-04-03,9.28,9.51,9.50,9.15,2772422.0,26018424.0
2015-04-02,9.04,9.40,9.29,9.00,2873585.0,26437182.0
2015-04-01,8.95,9.05,9.04,8.95,2500257.0,22489722.0
2015-03-31,8.99,9.15,8.95,8.95,3454766.0,31135608.0
2015-03-30,8.99,9.04,8.97,8.92,3859477.0,34621592.0
2015-03-27,8.93,9.12,9.01,8.89,2412231.0,21761704.0
2015-03-26,8.90,8.98,8.93,8.71,2362408.0,21001976.0
2015-03-25,8.88,9.08,8.96,8.86,2622560.0,23469762.0
2015-03-24,9.08,9.14,8.85,8.63,4476303.0,39935320.0
2015-03-23,9.12,9.25,9.08,9.03,4556495.0,41576220.0
2015-03-20,8.94,9.18,9.08,8.88,3084862.0,27937824.0
2015-03-19,8.86,8.99,8.94,8.81,2621930.0,23301312.0
2015-03-18,8.72,8.98,8.86,8.70,2716020.0,24001832.0
2015-03-17,8.75,8.78,8.71,8.67,4783772.0,41666424.0
2015-03-16,8.62,8.77,8.71,8.60,2693272.0,23444416.0
2015-03-13,8.42,8.70,8.63,8.41,3113521.0,26679216.0
2015-03-12,8.38,8.55,8.41,8.38,2503250.0,21144944.0
2015-03-11,8.36,8.77,8.46,8.36,4521060.0,38583368.0
2015-03-10,8.34,8.38,8.36,8.31,3214438.0,26854056.0
2015-03-09,8.35,8.38,8.37,8.25,2965525.0,24688600.0
2015-03-06,8.38,8.44,8.36,8.27,2854556.0,23856796.0
2015-03-05,8.27,8.44,8.41,8.24,3730498.0,31058816.0
2015-03-04,8.26,8.33,8.28,8.21,3812056.0,31508084.0
2015-03-03,8.22,8.41,8.27,8.20,5224128.0,43357260.0
2015-03-02,8.32,8.38,8.25,8.10,6299325.0,51820584.0
2015-02-27,9.00,9.00,8.37,8.34,11937514.0,100837576.0
2015-02-26,8.78,8.78,8.78,8.78,431036.0,3784496.0
2015-02-25,8.36,8.36,8.36,8.36,520507.0,4351439.0
2014-10-29,7.85,8.13,7.96,7.85,3830081.0,30684288.0
2014-10-28,7.55,7.85,7.83,7.55,3996485.0,30815028.0
2014-10-27,7.54,7.65,7.62,7.45,1524321.0,11394493.0
2014-10-24,7.50,7.60,7.52,7.40,1954340.0,14555318.0
2014-10-23,7.61,7.67,7.45,7.39,2695740.0,20002996.0
2014-10-22,7.87,7.93,7.63,7.59,2535941.0,19523948.0
2014-10-21,7.94,8.00,7.86,7.84,1543382.0,12089972.0
2014-10-20,7.87,7.95,7.94,7.78,1799136.0,14062840.0
2014-10-17,8.23,8.23,7.89,7.69,4502631.0,35351916.0
2014-10-16,8.37,8.40,8.21,8.16,3667194.0,30147708.0
2014-10-15,8.48,8.51,8.41,8.31,2189342.0,18204716.0
2014-10-14,8.34,8.64,8.44,8.34,3113383.0,26169852.0
2014-10-13,8.48,8.50,8.40,8.23,3156236.0,26078668.0
2014-10-10,8.48,8.58,8.49,8.37,2261574.0,18940642.0
2014-10-09,8.45,8.72,8.51,8.32,3936489.0,33211492.0
2014-10-08,8.40,8.47,8.46,8.24,3148167.0,26028912.0
2014-09-30,8.10,8.61,8.42,8.10,5292685.0,43848724.0
2014-09-29,8.00,8.15,8.14,7.96,3324130.0,26582640.0
2014-09-26,8.01,8.03,8.02,7.86,3936276.0,30902384.0
2014-09-25,8.13,8.14,8.03,7.98,3034432.0,24283484.0
2014-09-24,7.93,8.13,8.07,7.93,2889831.0,23058032.0
2014-09-23,7.83,8.01,7.96,7.83,2174264.0,17094200.0
2014-09-22,8.07,8.07,7.84,7.82,4089715.0,32107406.0
2014-09-19,7.86,8.29,8.14,7.83,6632433.0,52898976.0
2014-09-18,7.91,7.96,7.91,7.79,2639928.0,20581244.0
2014-09-17,7.75,7.96,7.89,7.70,3388740.0,26231014.0
2014-09-16,8.16,8.22,7.76,7.73,4491208.0,35701332.0
2014-09-15,7.95,8.20,8.15,7.91,3932312.0,31447276.0
2014-09-12,7.95,8.03,7.95,7.79,2887848.0,22695758.0
2014-09-11,7.70,8.10,7.91,7.68,4189046.0,32786508.0
2014-09-10,7.47,7.87,7.77,7.41,3994108.0,30433312.0
2014-09-09,7.49,7.55,7.50,7.42,2698801.0,19990280.0
2014-09-05,7.47,7.59,7.48,7.41,3854162.0,28550436.0
2014-09-04,7.34,7.62,7.47,7.31,3813711.0,28258056.0
2014-09-03,7.35,7.40,7.34,7.27,3046999.0,22156516.0
2014-09-02,7.25,7.44,7.35,7.24,3565444.0,25962176.0
2014-09-01,7.07,7.32,7.27,7.01,3596288.0,25634822.0
2014-08-29,6.86,7.10,7.07,6.84,2662013.0,18387064.0
2014-08-28,6.96,6.99,6.86,6.84,1357417.0,9310516.0
2014-08-27,6.84,6.97,6.93,6.81,1954383.0,13371773.0
2014-08-26,7.12,7.14,6.84,6.83,2797515.0,19302824.0
2014-08-25,7.10,7.22,7.12,7.07,2817802.0,19969364.0
2014-08-22,7.11,7.15,7.13,7.03,2171064.0,15270072.0
2014-08-21,7.08,7.12,7.10,6.96,2006673.0,14024480.0
2014-08-20,7.11,7.16,7.08,7.01,3225835.0,22665148.0
2014-08-19,6.96,7.16,7.12,6.94,5610340.0,39214824.0
2014-08-18,6.90,6.98,6.96,6.86,3708698.0,25495300.0
2014-08-15,6.81,6.90,6.89,6.77,2164274.0,14691673.0
2014-08-14,6.78,6.97,6.79,6.75,3531898.0,24099420.0
2014-08-13,6.78,6.82,6.78,6.73,1698175.0,11406619.0
2014-08-12,6.83,6.83,6.79,6.66,2337549.0,15698790.0
2014-08-11,6.80,6.87,6.83,6.78,3094946.0,20924200.0
2014-08-08,6.76,6.81,6.80,6.70,2155455.0,14425550.0
2014-08-07,6.87,6.88,6.77,6.76,2620167.0,17707176.0
2014-08-06,6.83,6.95,6.85,6.78,4166199.0,28383548.0
2014-08-05,6.85,6.91,6.85,6.71,5159211.0,34843064.0
2014-08-04,6.72,6.85,6.83,6.71,4863125.0,32772970.0
2014-08-01,6.64,6.78,6.76,6.57,6822943.0,45101340.0
2014-07-31,6.63,6.67,6.66,6.59,2141121.0,14098448.0
2014-07-30,6.59,6.65,6.63,6.53,2995274.0,19569812.0
2014-07-29,6.68,6.68,6.65,6.50,5336794.0,34764360.0
2014-07-28,6.76,6.83,6.68,6.64,4467965.0,29772678.0
2014-07-25,6.68,6.82,6.77,6.68,2773074.0,18563268.0
2014-07-24,6.74,6.86,6.67,6.64,3663830.0,24479412.0
2014-07-23,6.76,6.89,6.79,6.69,4834782.0,32469468.0
2014-07-22,6.61,6.86,6.82,6.56,8873665.0,59370820.0
2014-07-21,6.61,6.68,6.58,6.38,2681357.0,17341212.0
2014-07-18,6.63,6.74,6.64,6.54,3534974.0,23317060.0
2014-07-17,6.56,6.66,6.64,6.50,2177111.0,14192264.0
2014-07-16,6.61,6.68,6.63,6.46,4914743.0,32102528.0
2014-07-15,6.44,6.66,6.62,6.36,6542025.0,42477032.0
2014-07-14,6.18,6.48,6.45,6.13,4487077.0,28121564.0
2014-07-11,6.07,6.17,6.16,6.06,909271.0,5518495.0
2014-07-10,6.06,6.10,6.07,6.04,1042999.0,6268425.0
2014-07-09,6.11,6.21,6.07,6.06,1825133.0,11102710.0
2014-07-08,6.11,6.14,6.14,6.08,1054216.0,6390026.0
2014-07-07,6.12,6.16,6.14,6.07,996760.0,6034442.0
2014-07-04,6.04,6.16,6.11,6.03,2340616.0,14126203.0
2014-07-03,6.01,6.06,6.05,6.01,991374.0,5925002.0
2014-07-02,6.05,6.11,6.06,5.98,1537332.0,9196189.0
2014-07-01,5.99,6.09,6.06,5.99,2078203.0,12430586.0
2014-06-30,5.94,6.03,6.00,5.90,1379912.0,8190211.0
2014-06-27,5.87,6.00,5.97,5.84,1814183.0,10633142.0
2014-06-26,5.77,5.90,5.90,5.75,2091132.0,12091760.0
2014-06-25,5.83,5.89,5.76,5.73,2305341.0,13244023.0
2014-06-24,5.81,5.88,5.87,5.79,1771652.0,10255656.0
2014-06-23,5.92,5.92,5.82,5.79,2357900.0,13675799.0
2014-06-20,5.80,5.91,5.86,5.79,1337619.0,7764089.0
2014-06-19,6.03,6.08,5.84,5.83,3223708.0,19140440.0
2014-06-18,6.00,6.02,5.96,5.94,1155569.0,6826803.0
2014-06-17,6.08,6.11,6.00,5.98,1253070.0,7491363.0
2014-06-16,6.11,6.14,6.11,6.04,2358280.0,14210214.0
2014-06-13,6.05,6.18,6.13,5.98,3689422.0,22257732.0
2014-06-12,6.13,6.26,6.06,5.94,4134430.0,24841724.0
2014-06-11,6.56,6.59,6.14,6.08,7348393.0,45764760.0
2014-06-10,6.58,6.74,6.52,6.47,4146681.0,27118980.0
2014-06-09,6.25,6.72,6.59,6.19,4290837.0,27664984.0
2014-06-06,6.42,6.44,6.29,6.18,2455039.0,15334175.0
2014-06-05,6.28,6.41,6.40,6.19,3063012.0,19202416.0
2014-06-04,6.23,6.30,6.24,6.18,2103681.0,12996333.0
2014-06-03,6.13,6.24,6.24,6.11,3219114.0,19705376.0
2014-05-30,5.97,6.18,6.17,5.90,2708536.0,16180122.0
2014-05-29,6.17,6.29,5.96,5.94,3763045.0,22807316.0
2014-05-28,6.06,6.24,6.23,6.01,3623719.0,22051594.0
2014-05-27,6.08,6.12,6.08,5.99,3478317.0,20850424.0
2014-05-26,5.94,6.16,6.09,5.88,6340502.0,38017140.0
2014-05-23,5.77,5.97,5.94,5.77,3109680.0,18186768.0
2014-05-22,5.88,5.94,5.77,5.76,1262553.0,7291017.0
2014-05-21,5.76,5.90,5.87,5.70,2377060.0,13745570.0
2014-05-20,5.73,5.83,5.81,5.65,2086488.0,11879332.0
2014-05-19,5.58,5.77,5.73,5.51,2720003.0,15257899.0
2014-05-16,5.47,5.58,5.57,5.44,879752.0,4807130.0
2014-05-15,5.61,5.62,5.49,5.45,818259.0,4478700.0
2014-05-14,5.53,5.64,5.63,5.52,1014811.0,5612432.0
2014-05-13,5.60,5.63,5.54,5.50,765646.0,4214247.0
2014-05-12,5.59,5.60,5.56,5.50,1401026.0,7723275.0
2014-05-09,5.41,5.53,5.52,5.41,566037.0,3063600.0
2014-05-08,5.42,5.53,5.45,5.42,898516.0,4869644.0
2014-05-07,5.53,5.55,5.42,5.39,797980.0,4322819.0
2014-05-06,5.43,5.59,5.53,5.43,1227837.0,6727473.0
2014-05-05,5.43,5.50,5.46,5.35,1163220.0,6263502.0
2014-04-30,5.37,5.44,5.43,5.33,901823.0,4809913.0
2014-04-29,5.35,5.39,5.39,5.26,1053203.0,5537541.0
2014-04-28,5.54,5.56,5.34,5.30,1055610.0,5634828.0
2014-04-25,5.62,5.65,5.54,5.50,1212399.0,6702355.0
2014-04-24,5.72,5.78,5.64,5.64,1033000.0,5860032.0
2014-04-23,5.66,5.77,5.73,5.64,864701.0,4911820.0
2014-04-22,5.65,5.75,5.66,5.58,1422507.0,7986465.0
2014-04-21,5.84,5.86,5.65,5.65,1398894.0,8021051.0
2014-04-18,5.94,5.94,5.86,5.82,1046399.0,6083358.0
2014-04-17,5.99,6.01,5.94,5.85,2032374.0,11945090.0
2014-04-16,5.87,6.03,5.98,5.81,2988077.0,17554382.0
2014-04-15,5.96,6.00,5.87,5.82,2000286.0,11717910.0
2014-04-14,5.73,5.97,5.96,5.68,3854041.0,22362204.0
2014-04-11,5.75,5.86,5.73,5.67,1173016.0,6673332.0
2014-04-10,5.71,5.78,5.72,5.69,1391724.0,7901745.0
2014-04-09,5.65,5.73,5.71,5.65,1136880.0,6412307.0
2014-04-08,5.65,5.72,5.67,5.59,1509343.0,8468782.0
2014-04-04,5.65,5.75,5.68,5.55,1671759.0,9400642.0
2014-04-03,5.78,5.94,5.70,5.67,4243269.0,24356548.0
2014-04-02,5.61,5.70,5.65,5.51,1106152.0,6159850.0
2014-04-01,5.53,5.66,5.64,5.49,1330761.0,7323160.0
2014-03-31,5.52,5.64,5.55,5.48,1397315.0,7744548.0
2014-03-28,5.65,5.65,5.48,5.37,1684339.0,9262801.0
2014-03-27,5.74,5.79,5.67,5.64,1365355.0,7717384.0
2014-03-26,5.73,5.84,5.79,5.64,1822742.0,10420625.0
2014-03-25,5.71,5.79,5.72,5.65,1717805.0,9757111.0
2014-03-24,5.58,5.75,5.71,5.58,2568779.0,14473579.0
2014-03-21,5.55,5.67,5.63,5.48,1415307.0,7836739.0
2014-03-20,5.62,5.62,5.56,5.52,858650.0,4745109.0
2014-03-19,5.60,5.63,5.62,5.53,1196995.0,6616056.0
2014-03-18,5.56,5.62,5.60,5.55,1239789.0,6863917.0
2014-03-17,5.58,5.62,5.57,5.53,1556197.0,8607747.0
2014-03-14,5.46,5.59,5.56,5.46,1483458.0,8121230.0
2014-03-13,5.48,5.51,5.50,5.42,867556.0,4709401.0
2014-03-12,5.42,5.49,5.45,5.38,846985.0,4567809.0
2014-03-11,5.31,5.49,5.44,5.29,828505.0,4398818.0
2014-03-10,5.50,5.50,5.35,5.28,1005990.0,5357671.0
2014-03-07,5.47,5.53,5.49,5.44,962122.0,5218931.0
2014-03-06,5.52,5.52,5.49,5.42,924486.0,5021867.0
2014-03-05,5.47,5.54,5.48,5.47,1047110.0,5715927.0
2014-03-04,5.46,5.51,5.50,5.39,864409.0,4673469.0
2014-03-03,5.34,5.54,5.51,5.33,1683407.0,9117016.0
2014-02-28,5.31,5.37,5.36,5.26,1056263.0,5566893.0
2014-02-27,5.33,5.40,5.29,5.26,1131049.0,5986471.0
2014-02-26,5.23,5.34,5.33,5.23,795588.0,4162394.0
2014-02-25,5.50,5.50,5.25,5.24,1710078.0,9107912.0
2014-02-24,5.50,5.50,5.43,5.41,1434076.0,7716952.0
2014-02-21,5.56,5.56,5.50,5.46,1295850.0,7087002.0
2014-02-20,5.60,5.67,5.57,5.53,1587003.0,8809959.0
2014-02-19,5.57,5.65,5.60,5.57,1060512.0,5889850.0
2014-02-18,5.61,5.64,5.59,5.56,1150555.0,6374549.0
2014-02-17,5.59,5.67,5.64,5.56,1688011.0,9409458.0
2014-02-14,5.46,5.58,5.58,5.45,1534736.0,8392024.0
2014-02-13,5.53,5.58,5.48,5.45,1592500.0,8698715.0
2014-02-12,5.47,5.53,5.53,5.44,1648734.0,8980026.0
2014-02-11,5.49,5.53,5.47,5.44,1952100.0,10565898.0
2014-02-10,5.39,5.50,5.48,5.39,1704165.0,9192354.0
2014-02-07,5.40,5.41,5.38,5.30,864193.0,4587030.0
2014-01-30,5.36,5.42,5.37,5.30,863950.0,4580244.0
2014-01-29,5.29,5.39,5.38,5.26,1732158.0,9144290.0
2014-01-28,5.32,5.32,5.26,5.25,1221402.0,6395311.0
2014-01-27,5.35,5.39,5.31,5.31,1057319.0,5596339.0
2014-01-24,5.36,5.43,5.38,5.33,1252682.0,6694763.0
2014-01-23,5.44,5.46,5.41,5.40,1164000.0,6255584.0
2014-01-22,5.34,5.54,5.43,5.25,1581833.0,8443965.0
2014-01-21,5.23,5.49,5.32,5.20,1221272.0,6471201.0
2014-01-20,5.27,5.28,5.23,5.21,355441.0,1842570.0
2014-01-17,5.32,5.33,5.27,5.21,548298.0,2854314.0
2014-01-16,5.25,5.52,5.36,5.23,1081038.0,5754717.0
2014-01-15,5.28,5.30,5.28,5.21,472900.0,2463617.0
2014-01-14,5.20,5.29,5.28,5.20,492001.0,2558921.0
2014-01-13,5.20,5.22,5.20,5.14,621758.0,3184133.0
2014-01-10,5.24,5.30,5.20,5.17,685083.0,3540924.0
2014-01-09,5.33,5.40,5.31,5.27,571188.0,3030364.0
2014-01-08,5.33,5.43,5.35,5.32,671110.0,3574563.0
2014-01-07,5.41,5.44,5.37,5.31,636031.0,3386573.0
2014-01-06,5.55,5.55,5.43,5.41,805371.0,4350483.0
2014-01-03,5.61,5.62,5.56,5.51,791087.0,4355374.0
2014-01-02,5.55,5.61,5.61,5.51,1023470.0,5650856.0
2013-12-31,5.58,5.62,5.57,5.51,1743514.0,9620548.0
2013-12-30,5.69,5.86,5.60,5.60,3432792.0,19246618.0
2013-12-27,5.47,5.80,5.71,5.47,1665492.0,9230644.0
2013-12-26,5.69,5.69,5.47,5.44,1254428.0,6897650.0
2013-12-25,5.70,5.70,5.68,5.54,993601.0,5510369.0
2013-12-24,5.64,5.73,5.68,5.63,869899.0,4893904.0
2013-12-23,5.70,5.70,5.63,5.56,1515339.0,8429668.0
2013-12-20,5.91,6.02,5.77,5.75,2568174.0,14921937.0
2013-12-19,5.75,5.80,5.76,5.69,901290.0,5141850.0
2013-12-18,5.75,5.85,5.75,5.70,967618.0,5543545.0
2013-12-17,5.69,5.77,5.75,5.65,999133.0,5674919.0
2013-12-16,5.84,5.84,5.69,5.66,1348829.0,7634432.0
2013-12-13,5.76,5.84,5.80,5.67,1172587.0,6703828.0
2013-12-12,5.68,5.94,5.77,5.65,1245774.0,7099839.0
2013-12-11,5.84,5.84,5.72,5.66,1604998.0,9104701.0
2013-12-10,5.94,5.98,5.82,5.81,2087980.0,12168700.0
2013-12-09,5.71,6.11,5.94,5.71,3246549.0,18872348.0
2013-12-06,5.74,5.78,5.75,5.70,933229.0,5312213.0
2013-12-05,5.78,5.79,5.77,5.74,920803.0,5268302.0
2013-12-04,5.71,5.81,5.78,5.67,1400020.0,8010967.0
2013-12-03,5.65,5.73,5.72,5.57,2112775.0,11873470.0
2013-12-02,6.03,6.03,5.68,5.53,2567416.0,14755511.0
2013-11-29,6.21,6.21,6.14,6.09,1093464.0,6636193.0
2013-11-28,6.13,6.23,6.17,6.11,1535318.0,9404576.0
2013-11-27,6.10,6.15,6.11,6.08,698200.0,4229342.0
2013-11-26,6.02,6.10,6.10,6.02,488000.0,2923485.0
2013-11-25,6.04,6.11,6.04,6.00,612192.0,3677168.0
2013-11-22,6.10,6.11,6.05,6.01,833307.0,4979376.0
2013-11-21,6.16,6.16,6.08,6.02,830139.0,4998343.0
2013-11-20,6.06,6.17,6.15,6.06,670102.0,4064224.0
2013-11-19,6.08,6.18,6.09,6.04,945931.0,5724819.0
2013-11-18,5.99,6.10,6.08,5.97,977534.0,5860207.0
2013-11-15,5.85,6.06,6.01,5.83,1321549.0,7807106.0
2013-11-14,5.84,5.90,5.89,5.80,473543.0,2747074.0
2013-11-13,5.83,5.91,5.85,5.76,799027.0,4620771.0
2013-11-12,5.85,5.88,5.86,5.77,569341.0,3288853.0
2013-11-11,5.77,5.85,5.85,5.76,403935.0,2333203.0
2013-11-08,5.85,5.89,5.79,5.73,590553.0,3396358.0
2013-11-07,5.99,6.00,5.87,5.86,826996.0,4846193.0
2013-11-06,5.98,6.11,6.00,5.96,1042512.0,6230061.0
2013-11-05,6.02,6.05,6.01,5.94,1148816.0,6809547.0
2013-11-04,5.90,6.06,6.06,5.90,2383583.0,14105355.0
2013-11-01,6.05,6.44,6.23,6.04,5228481.0,32667454.0
2013-10-31,5.80,5.86,5.85,5.65,757658.0,4345252.0
2013-10-30,5.73,5.87,5.86,5.70,651985.0,3744741.0
2013-10-29,6.15,6.15,5.76,5.65,1784028.0,10381853.0
2013-10-28,6.29,6.30,6.14,6.08,1905808.0,11674709.0
2013-10-25,6.11,6.16,6.03,5.96,950556.0,5664500.0
2013-10-24,6.22,6.25,6.12,6.11,996900.0,6075202.0
2013-10-23,6.38,6.44,6.23,6.23,989549.0,6183607.0
2013-10-22,6.47,6.61,6.39,6.39,2184546.0,14021597.0
2013-10-21,6.31,6.44,6.38,6.22,1302341.0,8153263.0
2013-10-18,6.35,6.46,6.33,6.26,1155504.0,7272577.0
2013-10-17,6.38,6.55,6.40,6.38,2500610.0,16007324.0
2013-10-16,6.41,6.43,6.31,6.27,1149320.0,7219158.0
2013-10-15,6.31,6.43,6.41,6.30,1745155.0,11042165.0
2013-10-14,6.26,6.32,6.31,6.24,1170052.0,7290643.0
2013-10-11,6.22,6.28,6.26,6.21,1056228.0,6532527.0
2013-10-10,6.25,6.30,6.22,6.20,704300.0,4351652.0
2013-10-09,6.25,6.29,6.26,6.19,714231.0,4419632.0
2013-10-08,6.16,6.25,6.24,6.10,632614.0,3889892.0
2013-09-30,6.09,6.21,6.15,6.09,439887.0,2680145.0
2013-09-27,6.23,6.24,6.10,6.08,616884.0,3739124.0
2013-09-26,6.27,6.27,6.14,6.13,764048.0,4674527.0
2013-09-25,6.30,6.37,6.27,6.26,1070508.0,6687773.0
2013-09-24,6.34,6.41,6.30,6.29,970458.0,6097845.0
2013-09-23,6.33,6.39,6.37,6.23,1167900.0,7334323.0
2013-09-18,6.30,6.36,6.33,6.15,1427863.0,8843733.0
2013-09-17,6.37,6.45,6.30,6.26,1336400.0,8445126.0
2013-09-16,6.41,6.45,6.36,6.34,1270899.0,8030493.0
2013-09-13,6.39,6.46,6.39,6.34,1220899.0,7743928.0
2013-09-12,6.53,6.53,6.40,6.37,2430324.0,15493112.0
2013-09-11,6.36,6.73,6.58,6.31,4425630.0,28595736.0
2013-09-10,6.41,6.41,6.36,6.28,2158543.0,13530490.0
2013-09-09,6.36,6.74,6.35,6.25,2906357.0,18344328.0
2013-09-06,6.17,6.25,6.22,6.16,674146.0,4148413.0
2013-09-05,6.27,6.27,6.19,6.16,1279346.0,7859210.0
2013-09-04,6.37,6.42,6.30,6.22,1352240.0,8455303.0
2013-09-03,6.40,6.49,6.41,6.33,1737299.0,11035778.0
2013-09-02,6.22,6.53,6.40,6.22,2691111.0,16995774.0
2013-08-30,6.22,6.31,6.23,6.20,1028547.0,6380537.0
2013-08-29,6.22,6.35,6.25,6.18,1380184.0,8552450.0
2013-08-28,6.26,6.32,6.27,6.18,1005699.0,6222038.0
2013-08-27,6.22,6.31,6.29,6.22,816238.0,5066096.0
2013-08-26,6.20,6.26,6.24,6.07,1344785.0,8224095.0
2013-08-23,6.28,6.33,6.23,6.09,1122374.0,6954464.0
2013-08-22,6.22,6.31,6.29,6.22,970538.0,6022324.0
2013-08-21,6.28,6.29,6.25,6.20,531960.0,3281454.0
2013-08-20,6.29,6.35,6.26,6.19,969999.0,6031723.0
2013-08-19,6.12,6.29,6.28,6.12,902299.0,5545564.0
2013-08-16,6.19,6.32,6.20,6.08,1832961.0,11207015.0
2013-08-15,6.36,6.41,6.23,6.21,1153900.0,7248473.0
2013-08-14,6.44,6.47,6.36,6.31,1686313.0,10679613.0
2013-08-13,6.43,6.51,6.43,6.35,1700033.0,10839195.0
2013-08-12,6.46,6.51,6.44,6.31,1865446.0,11803901.0
2013-08-09,6.61,6.61,6.40,6.35,3006903.0,19181854.0
2013-08-08,6.61,6.78,6.58,6.55,7265831.0,47728736.0
2013-08-07,6.25,6.86,6.85,6.21,10227457.0,66117540.0
2013-08-06,5.90,6.44,6.38,5.89,4485477.0,27251976.0
2013-08-05,5.78,5.91,5.90,5.77,1300009.0,7547738.0
2013-08-02,5.83,5.85,5.80,5.78,852491.0,4914137.0
2013-08-01,5.68,5.84,5.82,5.68,1017293.0,5835421.0
2013-07-31,5.85,5.85,5.78,5.65,1174800.0,6681076.0
2013-07-30,5.77,5.97,5.84,5.65,1501695.0,8706285.0
2013-07-29,5.67,5.85,5.77,5.52,915747.0,5120010.0
2013-07-26,5.76,5.76,5.72,5.62,614220.0,3459032.0
2013-07-25,5.71,5.82,5.73,5.69,715361.0,4080962.0
2013-07-24,5.72,5.77,5.74,5.67,778032.0,4411730.0
2013-07-23,5.60,5.76,5.74,5.60,1194654.0,6752242.0
2013-07-22,5.55,5.62,5.60,5.48,842810.0,4636627.0
2013-07-19,5.75,5.80,5.62,5.61,966743.0,5459692.0
2013-07-18,5.82,5.84,5.76,5.73,778099.0,4457174.0
2013-07-17,5.85,5.89,5.80,5.79,957012.0,5526474.0
2013-07-16,5.84,5.92,5.90,5.76,1853161.0,10676789.0
2013-07-15,6.06,6.16,5.91,5.84,5036338.0,30078230.0
2013-07-12,5.67,5.72,5.69,5.57,949799.0,5311835.0
2013-07-11,5.55,5.70,5.65,5.52,813055.0,4524474.0
2013-07-10,5.44,5.52,5.50,5.35,528061.0,2850873.0
2013-07-09,5.29,5.45,5.41,5.29,381116.0,2029536.0
2013-07-08,5.54,5.54,5.39,5.32,433221.0,2324087.0
2013-07-05,5.59,5.69,5.64,5.56,610350.0,3410669.0
2013-07-04,5.43,5.65,5.64,5.41,644932.0,3550769.0
2013-07-03,5.70,5.70,5.53,5.25,691525.0,3770831.0
2013-07-02,5.69,5.73,5.71,5.62,361900.0,2034972.0
2013-07-01,5.60,5.70,5.70,5.55,343922.0,1918025.0
2013-06-28,5.48,5.80,5.61,5.48,816800.0,4570705.0
2013-06-27,5.61,5.70,5.60,5.56,668709.0,3728193.0
2013-06-26,5.41,5.65,5.61,5.41,874953.0,4791009.0
2013-06-25,5.51,5.65,5.53,5.15,1268562.0,6802437.0
2013-06-24,6.08,6.12,5.67,5.51,1068180.0,6166706.0
2013-06-21,5.96,6.48,6.13,5.94,1383658.0,8471635.0
2013-06-20,6.13,6.13,6.00,5.96,828133.0,4970243.0
2013-06-19,6.19,6.21,6.13,6.02,758358.0,4575943.0
2013-06-18,6.24,6.28,6.19,6.15,577739.0,3547587.0
2013-06-17,6.25,6.31,6.24,6.20,536100.0,3320348.0
2013-06-14,6.19,6.29,6.25,6.14,848450.0,5207155.0
2013-06-13,6.36,6.47,6.19,6.12,1289024.0,7900362.0
2013-06-07,6.63,6.63,6.39,6.29,963579.0,6133140.0
2013-06-06,6.66,6.85,6.54,6.52,1086194.0,7139276.0
2013-06-05,6.64,6.79,6.65,6.62,796893.0,5289287.0
2013-06-04,6.80,6.85,6.66,6.61,1348320.0,8967728.0
2013-06-03,6.80,6.91,6.85,6.74,1756632.0,11888401.0
2013-05-31,6.86,6.93,6.82,6.74,2251975.0,15241987.0
2013-05-30,6.87,7.23,6.89,6.83,4415019.0,30478964.0
2013-05-29,6.75,6.83,6.77,6.70,1845586.0,12361126.0
2013-05-28,6.64,6.75,6.73,6.60,1579670.0,10457420.0
2013-05-27,6.62,6.69,6.64,6.59,1123520.0,7395072.0
2013-05-24,6.55,6.64,6.63,6.49,1308647.0,8504468.0
2013-05-23,6.78,6.78,6.52,6.46,1560415.0,10288408.0
2013-05-22,6.73,6.81,6.76,6.68,2189395.0,14658619.0
2013-05-21,6.67,6.74,6.69,6.62,1712091.0,11312200.0
2013-05-20,6.68,6.79,6.74,6.64,4404921.0,29255852.0
2013-05-17,6.54,6.85,6.77,6.45,2972151.0,19557572.0
2013-05-16,6.56,6.94,6.59,6.49,4430587.0,29274448.0
2013-05-15,6.38,6.65,6.59,6.36,2931384.0,18941812.0
2013-05-14,6.26,6.44,6.40,6.24,3214861.0,20228448.0
2013-05-13,6.26,6.31,6.29,6.20,1021940.0,6329355.0
2013-05-10,6.22,6.29,6.28,6.18,1072886.0,6619199.0
2013-05-09,6.24,6.24,6.22,6.17,924108.0,5687936.0
2013-05-08,6.29,6.30,6.25,6.19,1282187.0,7916278.0
2013-05-07,6.25,6.28,6.23,6.19,994001.0,6127630.0
2013-05-06,6.21,6.26,6.25,6.17,897418.0,5536565.0
2013-05-03,6.11,6.26,6.21,6.08,1680997.0,10291085.0
2013-05-02,6.12,6.17,6.15,5.77,1004938.0,6019956.0
2013-04-26,6.23,6.26,6.15,6.11,702787.0,4301162.0
2013-04-25,6.24,6.34,6.18,6.18,915588.0,5666813.0
2013-04-24,6.17,6.30,6.28,6.13,1010539.0,6226227.0
2013-04-23,6.50,6.50,6.17,6.16,2062256.0,12883427.0
2013-04-22,6.37,6.56,6.50,6.37,1561423.0,10049660.0
2013-04-19,6.33,6.50,6.47,6.33,1249202.0,7976388.0
2013-04-18,6.32,6.39,6.38,6.14,826812.0,5188743.0
2013-04-17,6.41,6.43,6.32,6.22,1217280.0,7588165.0
2013-04-16,6.26,6.42,6.37,6.23,719884.0,4512231.0
2013-04-15,6.56,6.56,6.32,6.26,1550235.0,9742010.0
2013-04-12,6.81,6.84,6.58,6.57,1619134.0,10767169.0
2013-04-11,6.76,6.86,6.80,6.76,1141443.0,7697013.0
2013-04-10,6.89,6.89,6.78,6.74,1964262.0,13234624.0
2013-04-09,6.86,6.96,6.90,6.75,4709437.0,31946152.0
2013-04-08,7.12,7.72,7.19,7.08,8282816.0,60188592.0
2013-04-03,7.05,7.09,7.01,6.90,1709034.0,11803328.0
2013-04-02,6.96,7.09,7.05,6.96,986762.0,6852866.0
2013-04-01,6.94,7.01,6.98,6.81,932124.0,6387631.0
2013-03-29,6.96,7.12,6.89,6.87,1188812.0,8208376.0
2013-03-28,7.31,7.31,6.99,6.96,1657601.0,11631673.0
2013-03-27,7.01,7.30,7.29,6.92,1716729.0,12210726.0
2013-03-26,7.19,7.25,7.09,6.98,1414800.0,9910564.0
2013-03-25,7.33,7.34,7.21,7.17,1554444.0,11121664.0
2013-03-22,7.24,7.33,7.32,7.13,2408955.0,17296184.0
2013-03-21,7.13,7.45,7.24,7.13,2933944.0,21159400.0
2013-03-20,7.00,7.22,7.18,6.98,2042175.0,14419124.0
2013-03-19,6.93,7.05,7.03,6.82,842528.0,5798020.0
2013-03-18,6.87,6.94,6.87,6.76,974674.0,6618876.0
2013-03-15,6.87,6.94,6.90,6.81,1115171.0,7599522.0
2013-03-14,6.94,7.12,6.86,6.86,838229.0,5752330.0
2013-03-13,6.86,6.96,6.94,6.66,1717111.0,11574925.0
2013-03-12,7.27,7.27,6.92,6.82,1753446.0,12166996.0
2013-03-11,7.21,7.27,7.21,7.07,1509769.0,10694665.0
2013-03-08,7.09,7.32,7.22,7.03,2790189.0,19889696.0
2013-03-07,6.98,7.19,7.15,6.94,2674314.0,18808678.0
2013-03-06,6.89,7.03,7.03,6.89,1470498.0,10160040.0
2013-03-05,6.79,6.91,6.90,6.77,1352322.0,9203032.0
2013-03-04,7.10,7.10,6.81,6.74,1558468.0,10646444.0
2013-03-01,7.25,7.25,7.12,7.01,2076989.0,14623187.0
2013-02-28,7.07,7.18,7.15,6.99,2511065.0,17650754.0
2013-02-27,6.88,7.06,7.06,6.87,2196033.0,15193933.0
2013-02-26,6.95,6.96,6.92,6.85,1546952.0,10599285.0
2013-02-25,6.78,6.97,6.94,6.76,1390545.0,9510232.0
2013-02-22,6.76,6.83,6.81,6.76,981688.0,6604829.0
2013-02-21,6.98,6.98,6.78,6.76,1526259.0,10364736.0
2013-02-20,6.97,7.03,7.01,6.83,1588509.0,10922028.0
2013-02-19,7.01,7.13,6.97,6.96,2256965.0,15741450.0
2013-02-18,6.90,7.05,7.01,6.86,1826642.0,12627607.0
2013-02-08,6.80,6.92,6.90,6.80,1236271.0,8445006.0
2013-02-07,6.81,6.86,6.80,6.75,806260.0,5429330.0
2013-02-06,6.79,6.86,6.81,6.74,1072459.0,7233264.0
2013-02-05,6.74,6.83,6.78,6.68,1231952.0,8237996.0
2013-02-04,6.94,6.95,6.74,6.73,1525368.0,10334968.0
2013-02-01,6.85,6.90,6.89,6.77,1138096.0,7727102.0
2013-01-31,6.91,6.94,6.84,6.73,1292368.0,8715104.0
2013-01-30,7.08,7.08,6.88,6.85,2060430.0,14117735.0
2013-01-29,6.83,7.26,7.03,6.79,3112022.0,21826300.0
2013-01-28,6.62,6.78,6.76,6.56,1306600.0,8689888.0
2013-01-25,6.62,6.72,6.64,6.52,1174371.0,7714003.0
2013-01-24,6.86,6.95,6.63,6.52,2304885.0,15392515.0
2013-01-23,6.93,6.93,6.85,6.75,2056701.0,13907036.0
2013-01-22,7.18,7.22,6.93,6.92,2738589.0,19207192.0
2013-01-21,6.97,7.37,7.19,6.96,4381269.0,31293372.0
2013-01-18,7.05,7.06,6.98,6.89,2019236.0,13929975.0
2013-01-17,7.05,7.07,6.92,6.91,2175934.0,15053437.0
2013-01-16,7.07,7.14,7.10,6.95,3143907.0,21936140.0
2013-01-15,7.07,7.15,7.07,6.95,4512213.0,31520374.0
2013-01-14,6.83,7.13,7.06,6.76,5814222.0,40006964.0
2013-01-11,7.67,7.76,7.01,6.98,9704993.0,69475448.0
2013-01-10,7.20,7.24,7.15,7.05,3622447.0,25631676.0
2013-01-09,7.21,7.29,7.20,7.01,5601292.0,39727484.0
2013-01-08,7.16,7.41,7.31,7.03,10059619.0,71543976.0
2013-01-07,7.27,7.27,7.20,7.03,10073117.0,71354696.0
2013-01-04,6.66,7.33,7.33,6.61,17596766.0,125835168.0
2012-12-31,6.58,6.71,6.66,6.52,3835005.0,25085548.0
2012-12-28,6.59,6.60,6.58,6.48,3673356.0,23782024.0
2012-12-27,6.70,6.75,6.59,6.51,4697040.0,30751000.0
2012-12-26,6.71,6.80,6.72,6.64,6333469.0,42069136.0
2012-12-25,6.64,6.92,6.79,6.56,8683437.0,58200184.0
2012-12-24,6.76,6.84,6.67,6.59,4313519.0,28719434.0
2012-12-21,6.66,6.86,6.77,6.51,7612033.0,50459104.0
2012-12-20,6.49,6.95,6.75,6.37,8921261.0,58858420.0
2012-12-19,6.49,6.84,6.60,6.46,7707709.0,50844016.0
2012-12-18,6.64,6.68,6.55,6.46,6628052.0,43215560.0
2012-12-17,6.67,6.81,6.75,6.58,10990412.0,72761768.0
2012-12-14,6.51,7.22,6.85,6.46,16008896.0,109733496.0
2012-12-13,6.98,6.98,6.59,6.41,14836666.0,97759584.0
2012-12-12,6.35,6.35,6.35,6.35,2246423.0,14130001.0
2012-12-11,5.77,5.77,5.77,5.77,163179.0,933384.0
2012-12-03,5.40,5.43,5.25,5.21,691027.0,3632251.0
2012-11-30,5.24,5.45,5.38,5.24,698709.0,3711250.0
2012-11-29,5.19,5.54,5.26,5.19,1128901.0,5950407.0
2012-11-28,5.55,5.55,5.26,5.15,1530249.0,8124473.0
2012-11-27,5.86,5.97,5.57,5.55,1594542.0,8943895.0
2012-11-26,5.88,6.08,5.97,5.87,1039488.0,6162908.0
2012-11-23,5.84,6.04,6.01,5.76,1215903.0,7126167.0
2012-11-22,5.96,6.00,5.83,5.78,779147.0,4571406.0
2012-11-21,5.80,6.03,5.99,5.80,1478343.0,8719781.0
2012-11-20,5.84,5.96,5.83,5.79,873010.0,5088521.0
2012-11-19,5.65,5.86,5.85,5.60,1075927.0,6107565.0
2012-11-16,5.83,5.83,5.67,5.64,1191805.0,6742207.0
2012-11-15,5.76,5.81,5.71,5.64,661178.0,3757165.0
2012-11-14,5.84,5.85,5.78,5.67,960455.0,5484841.0
2012-11-13,6.08,6.08,5.85,5.80,1313871.0,7720745.0
2012-11-12,6.06,6.15,6.09,6.04,1391059.0,8377361.0
2012-11-09,6.11,6.18,6.12,6.04,1098100.0,6656421.0
2012-11-08,6.14,6.23,6.11,5.97,2726349.0,16403463.0
2012-11-07,6.17,6.27,6.18,6.17,1311201.0,8063771.0
2012-11-06,6.41,6.42,6.20,6.12,2615797.0,16107806.0
2012-11-05,6.41,6.46,6.38,6.28,1825079.0,11564874.0
2012-11-02,6.38,6.44,6.42,6.28,2375351.0,14951115.0
2012-11-01,6.33,6.46,6.37,6.27,3402929.0,21494516.0
2012-10-31,6.24,6.28,6.27,6.13,1924019.0,11817016.0
2012-10-30,6.22,6.37,6.26,6.21,2722078.0,16934980.0
2012-10-29,6.24,6.29,6.23,6.10,2552425.0,15683052.0
2012-10-26,6.33,6.46,6.24,6.22,4476569.0,27995164.0
2012-10-25,7.13,7.13,6.51,6.49,10653994.0,70992624.0
2012-10-24,6.97,7.31,7.21,6.89,8640683.0,60834476.0
2012-10-23,6.96,7.72,7.29,6.90,14946376.0,107553776.0
2012-10-22,7.01,7.12,7.05,6.78,11843470.0,81708336.0
2012-10-19,7.17,7.41,7.41,7.07,10875372.0,78523944.0
2012-10-18,6.73,6.73,6.73,6.73,1791448.0,11948958.0
2012-10-17,6.14,6.17,6.12,6.09,1246947.0,7557013.0
2012-10-16,6.12,6.15,6.10,6.06,1255288.0,7601656.0
2012-10-15,6.11,6.19,6.10,6.00,684731.0,4122824.0
2012-10-12,6.10,6.13,6.11,5.99,1096546.0,6600614.0
2012-10-11,6.12,6.14,6.07,6.06,1416437.0,8534276.0
2012-10-10,6.12,6.21,6.14,6.06,1757354.0,10658884.0
2012-10-09,5.96,6.32,6.20,5.96,2890723.0,17594796.0
2012-10-08,5.78,6.04,6.02,5.69,1388741.0,8065523.0
2012-09-28,5.63,5.79,5.77,5.60,1017579.0,5789976.0
2012-09-27,5.57,5.77,5.68,5.50,968576.0,5446146.0
2012-09-26,5.63,5.67,5.51,5.50,676035.0,3750860.0
2012-09-25,5.71,5.75,5.63,5.60,485499.0,2725945.0
2012-09-24,5.59,5.80,5.73,5.53,832284.0,4697870.0
2012-09-21,5.69,5.72,5.60,5.59,770909.0,4309967.0
2012-09-20,5.92,5.92,5.68,5.67,981583.0,5629725.0
2012-09-19,5.89,6.01,5.98,5.83,935559.0,5490987.0
2012-09-18,5.83,5.96,5.88,5.77,976582.0,5693345.0
2012-09-17,6.04,6.07,5.88,5.85,1106818.0,6528732.0
2012-09-14,6.01,6.19,6.07,5.96,2036672.0,12258148.0
2012-09-13,6.23,6.23,5.98,5.97,1983872.0,12046375.0
2012-09-12,6.21,6.31,6.23,6.11,2710948.0,16621924.0
2012-09-11,6.34,6.36,6.27,6.14,4540670.0,28028920.0
2012-09-10,6.41,6.84,6.44,6.33,9455478.0,61596984.0
2012-09-07,5.88,6.40,6.40,5.80,5173662.0,31815068.0
2012-09-06,5.60,5.84,5.81,5.59,1329800.0,7541629.0
2012-09-05,5.48,5.64,5.59,5.45,551394.0,3036211.0
2012-09-04,5.54,5.66,5.55,5.46,712924.0,3936979.0
2012-09-03,5.43,5.64,5.57,5.43,565576.0,3105455.0
2012-08-31,5.46,5.49,5.48,5.42,553976.0,2991163.0
2012-08-30,5.64,5.65,5.43,5.34,1005391.0,5462892.0
2012-08-29,5.62,5.68,5.61,5.55,592152.0,3296031.0
2012-08-28,5.46,5.65,5.62,5.46,812846.0,4485202.0
2012-08-27,5.70,5.72,5.53,5.53,1339555.0,7456021.0
2012-08-24,5.89,6.00,5.77,5.73,1602080.0,9276852.0
2012-08-23,5.87,5.97,5.92,5.84,1694351.0,9933798.0
2012-08-22,5.85,5.94,5.88,5.82,1469276.0,8552442.0
2012-08-21,5.74,5.94,5.85,5.71,1483968.0,8625839.0
2012-08-20,5.60,5.78,5.76,5.60,810057.0,4573408.0
2012-08-17,5.67,5.71,5.68,5.59,719639.0,4028488.0
2012-08-16,5.64,5.75,5.67,5.63,1086839.0,6127882.0
2012-08-15,5.75,5.77,5.67,5.65,937545.0,5311794.0
2012-08-14,5.71,5.84,5.78,5.57,1611181.0,9099037.0
2012-08-13,5.92,5.97,5.73,5.72,1561037.0,9086400.0
2012-08-10,6.08,6.08,5.94,5.92,1841707.0,10923715.0
2012-08-09,5.99,6.12,6.08,5.83,3659876.0,21632238.0
2012-08-08,5.96,6.25,6.04,5.88,5423363.0,32691864.0
2012-08-07,5.78,6.24,5.97,5.72,5224386.0,30788448.0
2012-08-06,5.61,5.88,5.78,5.53,2737923.0,15479106.0
2012-08-03,5.50,5.66,5.64,5.43,2476283.0,13658884.0
2012-08-02,5.85,5.85,5.52,5.40,2862293.0,15761619.0
2012-08-01,5.63,5.89,5.75,5.63,2695222.0,15395760.0
2012-07-31,5.90,6.03,5.72,5.62,4764194.0,27142912.0
2012-07-30,6.92,6.92,6.25,6.25,3423086.0,21714832.0
2012-07-27,6.85,6.95,6.94,6.77,3169334.0,21571302.0
2012-07-26,7.20,7.23,6.86,6.75,5422363.0,37499712.0
2012-07-25,7.25,7.38,7.23,7.16,5575258.0,40170268.0
2012-07-24,7.37,7.45,7.33,7.14,6925319.0,49822144.0
2012-07-23,7.47,7.57,7.46,7.27,5227196.0,38272632.0
2012-07-20,7.56,7.83,7.47,7.38,7389509.0,55830692.0
2012-07-19,7.23,8.21,7.84,7.18,10002977.0,74785128.0
2012-07-18,6.93,7.47,7.47,6.78,11627125.0,81892352.0
2012-07-17,6.79,6.79,6.79,6.79,1339199.0,9012809.0
2012-07-12,5.97,6.20,6.18,5.97,237500.0,1447055.0
2012-07-11,6.06,6.12,6.11,5.98,185797.0,1116825.0
2012-07-10,6.08,6.18,6.08,6.00,411706.0,2478507.0
2012-07-09,6.16,6.31,6.16,6.15,230128.0,1416636.0
2012-07-06,6.16,6.27,6.23,6.05,340877.0,2069209.0
2012-07-05,6.24,6.30,6.15,6.07,300749.0,1839238.0
2012-07-04,6.39,6.39,6.30,6.26,452177.0,2826809.0
2012-07-03,6.46,6.48,6.40,6.37,313400.0,1994236.0
2012-07-02,6.44,6.55,6.46,6.36,327666.0,2085638.0
2012-06-29,6.21,6.39,6.35,6.21,270030.0,1680333.0
2012-06-28,6.42,6.53,6.37,6.36,231196.0,1462850.0
2012-06-27,6.48,6.54,6.42,6.39,539500.0,3443831.0
2012-06-26,6.42,6.50,6.47,6.36,409906.0,2609413.0
2012-06-25,6.73,6.73,6.43,6.41,419633.0,2732794.0
2012-06-21,6.74,6.75,6.73,6.60,309298.0,2044392.0
2012-06-20,6.77,6.83,6.76,6.70,226006.0,1516286.0
2012-06-19,6.84,6.84,6.82,6.76,424446.0,2861521.0
2012-06-18,6.73,6.85,6.84,6.66,611452.0,4098843.0
2012-06-15,6.77,6.88,6.71,6.56,340565.0,2285386.0
2012-06-14,6.90,6.92,6.81,6.76,314989.0,2133550.0
2012-06-13,6.67,6.91,6.89,6.65,495282.0,3349531.0
2012-06-12,6.60,6.70,6.69,6.56,266040.0,1748964.0
2012-06-11,6.52,6.62,6.60,6.47,252700.0,1639785.0
2012-06-08,6.72,6.72,6.52,6.52,402900.0,2634225.0
2012-06-07,6.66,6.76,6.66,6.62,413600.0,2734708.0
2012-06-06,6.69,6.84,6.64,6.58,416992.0,2759814.0
2012-06-05,6.73,6.84,6.76,6.61,333837.0,2220585.0
2012-06-04,6.94,6.94,6.68,6.68,889390.0,5973977.0
2012-06-01,7.06,7.10,7.03,6.99,531045.0,3706706.0
2012-05-31,7.03,7.12,7.06,6.96,663930.0,4645074.0
2012-05-30,7.00,7.15,7.08,6.92,1092711.0,7654766.0
2012-05-29,6.94,7.08,7.01,6.86,1072012.0,7420883.0
2012-05-28,6.74,6.93,6.91,6.69,573949.0,3874888.0
2012-05-25,6.76,6.87,6.77,6.72,495209.0,3333439.0
2012-05-24,6.79,6.86,6.83,6.77,324669.0,2191357.0
2012-05-23,6.87,6.92,6.86,6.74,774662.0,5234845.0
2012-05-22,6.86,6.95,6.94,6.81,1178616.0,8036456.0
2012-05-21,6.87,7.01,6.88,6.69,774700.0,5274579.0
2012-05-18,6.74,7.00,6.95,6.74,1347604.0,9207815.0
2012-05-17,6.67,6.94,6.80,6.61,1106183.0,7501716.0
2012-05-16,6.71,6.71,6.67,6.57,402049.0,2651715.0
2012-05-15,6.73,6.74,6.72,6.50,554401.0,3626308.0
2012-05-14,6.71,6.78,6.74,6.54,553258.0,3664794.0
2012-05-11,6.64,6.66,6.61,6.46,465267.0,3047097.0
2012-05-10,6.57,6.63,6.55,6.39,638100.0,4127555.0
2012-05-09,6.53,6.65,6.51,6.46,578855.0,3751697.0
2012-05-07,6.46,6.59,6.58,6.36,1011521.0,6463577.0
2012-05-04,6.33,6.49,6.43,6.32,707496.0,4501134.0
2012-05-03,6.11,6.39,6.32,6.11,972872.0,6058896.0
2012-05-02,6.32,6.56,6.31,6.31,2182354.0,13668184.0
2012-04-27,6.93,7.07,6.64,6.61,1101761.0,7392136.0
2012-04-26,7.05,7.25,6.95,6.88,1016703.0,7135704.0
2012-04-25,6.77,7.12,6.98,6.59,1087119.0,7414370.0
2012-04-24,7.13,7.24,6.84,6.77,1299693.0,8973747.0
2012-04-23,7.14,7.18,7.13,6.95,1275638.0,8933290.0
2012-04-20,7.01,7.14,7.11,6.94,1008556.0,7066865.0
2012-04-19,6.93,7.05,6.99,6.88,763638.0,5275132.0
2012-04-18,6.86,7.01,6.93,6.78,838520.0,5748122.0
2012-04-17,6.95,7.14,6.83,6.77,999478.0,6843161.0
2012-04-16,7.08,7.42,6.95,6.92,1579233.0,11046414.0
2012-04-13,6.89,7.23,7.18,6.86,920773.0,6445530.0
2012-04-12,6.81,6.93,6.88,6.76,476608.0,3240291.0
2012-04-11,6.65,6.81,6.78,6.49,349100.0,2329397.0
2012-04-10,6.62,6.76,6.75,6.56,250319.0,1652522.0
2012-04-09,6.59,6.93,6.64,6.53,237200.0,1574375.0
2012-04-06,6.61,6.67,6.64,6.49,204900.0,1341860.0
2012-04-05,6.39,6.65,6.61,6.32,225898.0,1453952.0
2012-03-30,6.37,6.44,6.35,6.27,243414.0,1532815.0
2012-03-29,6.50,6.54,6.36,6.31,476532.0,3010518.0
2012-03-28,6.99,6.99,6.64,6.64,568279.0,3770470.0
2012-03-27,6.95,7.05,6.99,6.78,383024.0,2639348.0
2012-03-26,6.75,7.03,6.99,6.70,851428.0,5829403.0
2012-03-23,6.68,6.91,6.75,6.66,442080.0,2966187.0
2012-03-22,6.56,6.81,6.80,6.50,609051.0,3999978.0
2012-03-21,6.91,6.93,6.75,6.66,452401.0,3033416.0
2012-03-20,6.97,6.97,6.84,6.76,498132.0,3375560.0
2012-03-19,6.93,7.01,6.97,6.77,587726.0,4010480.0
2012-03-16,6.59,6.93,6.93,6.59,762281.0,5137249.0
2012-03-15,6.81,6.86,6.60,6.53,1015450.0,6620452.0
2012-03-14,7.24,7.28,6.87,6.87,931700.0,6528552.0
2012-03-13,7.29,7.32,7.24,7.16,597274.0,4261439.0
2012-03-12,7.23,7.43,7.28,7.16,1838390.0,13328509.0
2012-03-09,6.72,7.08,7.08,6.68,1204222.0,8395978.0
2012-03-08,6.70,6.75,6.74,6.59,439929.0,2916191.0
2012-03-07,6.74,6.98,6.70,6.57,1277118.0,8573375.0
2012-03-06,6.47,6.78,6.78,6.43,1595640.0,10551896.0
2012-03-05,6.40,6.53,6.46,6.40,449216.0,2880088.0
2012-03-02,6.29,6.43,6.38,6.29,348448.0,2202237.0
2012-03-01,6.09,6.34,6.27,6.09,338446.0,2101194.0
2012-02-29,6.38,6.40,6.23,6.21,428607.0,2673134.0
2012-02-28,6.50,6.62,6.37,6.28,681785.0,4355979.0
2012-02-27,6.46,6.65,6.49,6.42,811006.0,5276622.0
2012-02-24,6.39,6.53,6.49,6.39,660620.0,4227114.0
2012-02-23,6.39,6.50,6.40,6.38,587027.0,3735475.0
2012-02-22,6.34,6.51,6.46,6.30,469940.0,2988272.0
2012-02-21,6.31,6.41,6.37,6.24,357200.0,2233047.0
2012-02-20,6.38,6.49,6.35,6.32,629344.0,3995548.0
2012-02-17,6.32,6.34,6.33,6.21,352299.0,2190478.0
2012-02-16,6.37,6.41,6.32,6.22,605630.0,3786031.0
2012-02-15,6.25,6.48,6.41,6.19,725290.0,4583380.0
2012-02-14,6.12,6.39,6.25,6.12,520205.0,3223936.0
2012-02-13,6.07,6.15,6.14,5.98,387101.0,2339609.0
2012-02-10,6.01,6.16,6.09,5.87,483976.0,2902408.0
2012-02-09,5.99,6.07,6.02,5.90,631298.0,3744094.0
2012-02-08,5.81,6.00,5.98,5.75,892829.0,5218045.0
2012-02-07,6.19,6.19,5.94,5.86,1608745.0,9407030.0
2012-02-06,6.00,6.18,6.18,5.94,1333581.0,8137544.0
2012-02-03,5.56,5.88,5.88,5.56,1272504.0,7388977.0
2012-02-02,5.52,5.79,5.60,5.48,597217.0,3294133.0
2012-02-01,5.62,5.68,5.54,5.50,1020174.0,5659230.0
2012-01-31,5.21,5.57,5.57,5.21,1403676.0,7718063.0
2012-01-30,5.46,5.46,5.31,5.25,341339.0,1803270.0
2012-01-20,5.20,5.39,5.31,5.20,340100.0,1794195.0
2012-01-19,5.19,5.29,5.24,5.11,350000.0,1811075.0
2012-01-18,5.24,5.32,5.19,5.13,463039.0,2395946.0
2012-01-17,5.00,5.28,5.27,4.95,597347.0,3053406.0
2012-01-16,5.08,5.13,5.04,4.96,266999.0,1335865.0
2012-01-13,5.25,5.30,5.12,5.05,554074.0,2798107.0
2012-01-12,5.21,5.33,5.30,5.21,331050.0,1731770.0
2012-01-11,5.20,5.33,5.25,5.14,417269.0,2173357.0
2012-01-10,5.09,5.27,5.24,5.03,671172.0,3447709.0
2012-01-09,4.74,5.03,5.03,4.74,657943.0,3230989.0
2012-01-06,4.69,4.83,4.78,4.57,476229.0,2225495.0
2012-01-05,4.94,5.02,4.77,4.77,406705.0,1961747.0
2012-01-04,5.14,5.18,5.03,4.95,843526.0,4283916.0
2011-12-30,5.05,5.17,5.06,5.03,837993.0,4241942.0
2011-12-29,5.05,5.14,5.05,4.95,1066147.0,5332288.0
2011-12-28,5.13,5.21,5.15,4.97,777680.0,3851037.0
2011-12-27,5.50,5.50,5.23,5.23,376070.0,1980490.0
2011-12-26,5.48,5.55,5.50,5.35,147990.0,799514.0
2011-12-23,5.49,5.65,5.54,5.32,399406.0,2197439.0
2011-12-22,5.51,5.55,5.50,5.34,511783.0,2732918.0
2011-12-21,5.70,5.85,5.62,5.60,538999.0,3076076.0
2011-12-20,5.55,5.81,5.76,5.48,1062324.0,6101271.0
2011-12-19,5.66,5.68,5.54,5.40,594344.0,3250570.0
2011-12-16,5.65,5.71,5.68,5.50,478955.0,2660670.0
2011-12-15,5.96,5.96,5.67,5.67,586250.0,3322688.0
2011-12-14,6.27,6.27,5.98,5.97,652200.0,3910088.0
2011-12-13,6.58,6.58,6.28,6.28,360500.0,2254725.0
2011-12-12,6.74,6.83,6.61,6.59,327100.0,2176010.0
2011-12-09,6.84,6.89,6.79,6.74,209095.0,1409354.0
2011-12-08,6.86,6.96,6.89,6.67,273401.0,1864192.0
2011-12-07,6.87,6.99,6.93,6.87,191311.0,1313903.0
2011-12-06,6.90,7.03,6.93,6.82,331795.0,2278447.0
2011-12-05,7.25,7.26,6.89,6.89,999249.0,6931568.0
2011-12-02,7.57,7.58,7.26,7.24,539412.0,3952689.0
2011-12-01,7.67,7.70,7.59,7.53,633108.0,4788459.0
2011-11-30,7.82,7.84,7.51,7.47,1022100.0,7672828.0
2011-11-29,7.83,7.87,7.86,7.73,572665.0,4424717.0
2011-11-28,7.88,7.91,7.78,7.70,436300.0,3379295.0
2011-11-25,7.93,7.94,7.86,7.84,474512.0,3712926.0
2011-11-24,7.83,7.97,7.93,7.79,280448.0,2189866.0
2011-11-23,7.98,8.10,7.94,7.93,334899.0,2650360.0
2011-11-22,8.02,8.04,8.03,7.92,559182.0,4427948.0
2011-11-21,8.05,8.15,8.05,7.87,681391.0,5388457.0
2011-11-18,8.21,8.21,8.05,8.03,973756.0,7828216.0
2011-11-17,8.22,8.30,8.23,8.17,1402362.0,11428362.0
2011-11-15,8.71,8.71,8.47,8.43,2373433.0,20184358.0
2011-11-10,8.36,8.38,8.30,8.19,621900.0,5082912.0
2011-11-09,8.26,8.39,8.38,8.23,555631.0,4565457.0
2011-11-08,8.29,8.43,8.28,8.22,445926.0,3666663.0
2011-11-07,8.42,8.44,8.37,8.26,573580.0,4741955.0
2011-11-04,8.28,8.47,8.43,8.21,719048.0,5928561.0
2011-11-03,8.23,8.32,8.24,8.18,812979.0,6659935.0
2011-11-02,8.07,8.21,8.19,7.99,671152.0,5391905.0
2011-11-01,8.04,8.19,8.16,8.04,719509.0,5796927.0
2011-10-31,8.10,8.13,8.10,7.99,477767.0,3824679.0
2011-10-28,7.98,8.13,8.10,7.98,923578.0,7380077.0
2011-10-27,7.99,8.16,7.94,7.92,567132.0,4503540.0
2011-10-26,8.05,8.21,8.02,7.79,1250651.0,9945097.0
2011-10-25,8.14,8.27,8.17,8.14,3124335.0,25233920.0
2011-10-24,8.36,8.60,8.56,8.23,4138894.0,35081644.0
2011-10-21,8.23,8.25,8.19,8.10,616265.0,4968284.0
2011-10-20,8.23,8.27,8.21,8.07,1047932.0,8483982.0
2011-10-19,8.12,8.26,8.23,7.97,732000.0,5866449.0
2011-10-18,8.07,8.13,8.07,7.97,282900.0,2252667.0
2011-10-17,8.07,8.17,8.15,8.03,531800.0,4269078.0
2011-10-14,8.12,8.13,8.03,8.00,148002.0,1182688.0
2011-10-13,8.02,8.07,8.07,7.95,401251.0,3192152.0
2011-10-12,7.68,8.04,8.01,7.67,490252.0,3846948.0
2011-10-11,7.87,7.97,7.87,7.78,471352.0,3660263.0
2011-10-10,7.96,7.96,7.77,7.64,172751.0,1325602.0
2011-09-30,7.62,7.83,7.77,7.62,308664.0,2373606.0
2011-09-29,8.08,8.13,7.75,7.74,737390.0,5776550.0
2011-09-28,8.38,8.48,8.15,8.13,350140.0,2881737.0
2011-09-27,8.45,8.53,8.43,8.26,367200.0,3051122.0
2011-09-26,8.34,8.59,8.37,8.28,426500.0,3559084.0
2011-09-23,8.31,8.65,8.55,8.30,514890.0,4331584.0
2011-09-22,8.69,8.83,8.60,8.58,784678.0,6782238.0
2011-09-21,8.43,8.72,8.68,8.43,552510.0,4724883.0
2011-09-20,8.39,8.53,8.43,8.34,158400.0,1322077.0
2011-09-19,8.65,8.65,8.46,8.38,339499.0,2837426.0
2011-09-16,8.62,8.64,8.62,8.54,270550.0,2309153.0
2011-09-15,8.57,8.63,8.60,8.49,511768.0,4353163.0
2011-09-14,8.43,8.57,8.53,8.39,273686.0,2296132.0
2011-09-13,8.40,8.40,8.37,8.14,215345.0,1776847.0
2011-09-09,8.42,8.51,8.46,8.36,294689.0,2467537.0
2011-09-08,8.48,8.57,8.42,8.38,326704.0,2737550.0
2011-09-07,8.39,8.53,8.50,8.39,231570.0,1940443.0
2011-09-06,8.36,8.40,8.37,8.29,382140.0,3159394.0
2011-09-05,8.68,8.68,8.36,8.29,563951.0,4731528.0
2011-09-02,8.76,8.76,8.57,8.38,316250.0,2687736.0
2011-09-01,8.73,8.90,8.73,8.68,552833.0,4804346.0
2011-08-31,8.83,8.83,8.72,8.58,367101.0,3152008.0
2011-08-30,8.78,8.95,8.79,8.74,380669.0,3343135.0
2011-08-29,8.67,8.88,8.79,8.67,391199.0,3414639.0
2011-08-26,8.68,8.81,8.77,8.68,443500.0,3839887.0
2011-08-25,8.72,8.83,8.77,8.66,426315.0,3692485.0
2011-08-24,8.63,8.72,8.66,8.60,346885.0,2977790.0
2011-08-23,8.51,8.66,8.61,8.45,333493.0,2831599.0
2011-08-22,8.48,8.52,8.47,8.39,265867.0,2225860.0
2011-08-19,8.38,8.48,8.46,8.28,365199.0,3025389.0
2011-08-18,8.63,8.67,8.49,8.43,352487.0,2983550.0
2011-08-17,8.68,8.76,8.69,8.60,308550.0,2652581.0
2011-08-16,8.84,8.84,8.69,8.68,248169.0,2148848.0
2011-08-15,8.67,8.81,8.78,8.65,324179.0,2805421.0
2011-08-12,8.38,8.75,8.68,8.38,435295.0,3738664.0
2011-08-11,8.29,8.56,8.50,8.14,382550.0,3169957.0
2011-08-10,8.53,8.65,8.38,8.34,506327.0,4256402.0
2011-08-09,8.25,8.38,8.34,8.07,749639.0,6079642.0
2011-08-08,8.83,8.83,8.49,8.49,447585.0,3805555.0
2011-08-05,8.98,9.04,8.93,8.80,376390.0,3339113.0
2011-08-04,9.19,9.24,9.19,9.08,441753.0,3999229.0
2011-08-03,9.12,9.21,9.12,8.98,299445.0,2712635.0
2011-08-02,9.19,9.19,9.11,8.93,562300.0,5030538.0
2011-08-01,9.13,9.28,9.23,9.08,517907.0,4696542.0
2011-07-29,9.26,9.32,9.20,9.19,465386.0,4260690.0
2011-07-28,9.25,9.34,9.29,9.08,423713.0,3886628.0
2011-07-27,9.07,9.33,9.24,9.00,919799.0,8405241.0
2011-07-26,9.55,9.55,9.18,9.08,1067745.0,9755162.0
2011-07-25,9.94,9.94,9.55,9.55,1008280.0,9567492.0
2011-07-22,10.07,10.19,10.05,10.00,516150.0,5159200.0
2011-07-21,10.04,10.21,10.05,10.01,703233.0,7034819.0
2011-07-20,10.19,10.23,10.12,9.99,813026.0,8163137.0
2011-07-19,10.39,10.39,10.23,9.97,1787932.0,18026300.0
2011-07-18,10.26,10.26,10.26,10.12,1037620.0,10541838.0
2011-07-15,9.42,9.79,9.77,9.36,700937.0,6678772.0
2011-07-14,9.30,9.58,9.48,9.30,482019.0,4510433.0
2011-07-13,9.27,9.45,9.43,9.27,454361.0,4216806.0
2011-07-12,9.45,9.47,9.26,9.20,598077.0,5502441.0
2011-07-11,9.33,9.47,9.45,9.27,331950.0,3093237.0
2011-07-08,9.37,9.44,9.33,9.21,389424.0,3613729.0
2011-07-07,9.20,9.48,9.33,9.08,1222195.0,11283641.0
2011-07-06,9.19,9.24,9.23,8.96,710265.0,6418723.0
2011-07-05,9.19,9.25,9.22,9.14,413129.0,3756406.0
2011-07-04,9.03,9.19,9.14,8.98,356097.0,3214155.0
2011-07-01,8.95,9.16,9.01,8.80,622932.0,5551175.0
2011-06-30,8.82,8.98,8.95,8.82,275499.0,2440424.0
2011-06-29,8.99,8.99,8.87,8.86,238700.0,2105948.0
2011-06-28,8.93,8.97,8.91,8.84,350217.0,3091085.0
2011-06-27,8.87,8.98,8.95,8.75,767067.0,6764172.0
2011-06-24,8.73,8.93,8.87,8.58,815494.0,7070177.0
2011-06-23,8.46,8.66,8.62,8.34,341881.0,2889713.0
2011-06-22,8.36,8.45,8.43,8.33,321859.0,2672831.0
2011-06-21,8.38,8.40,8.38,8.21,358544.0,2949326.0
2011-06-20,8.50,8.50,8.25,8.19,365511.0,3020993.0
2011-06-17,8.48,8.65,8.47,8.44,347749.0,2944055.0
2011-06-16,8.94,8.99,8.55,8.51,817001.0,7048509.0
2011-06-15,9.00,9.05,8.94,8.90,296164.0,2633203.0
2011-06-14,8.88,9.02,9.00,8.69,479600.0,4257886.0
2011-06-13,8.78,8.92,8.91,8.59,442334.0,3825080.0
2011-06-09,9.03,9.03,8.91,8.88,472444.0,4184023.0
2011-06-08,9.09,9.09,9.05,8.92,606449.0,5415730.0
2011-06-07,8.81,9.16,9.07,8.81,720368.0,6417847.0
2011-06-03,8.87,8.93,8.86,8.69,566573.0,4960522.0
2011-06-02,8.80,8.80,8.71,8.50,368176.0,3161555.0
2011-06-01,8.79,8.90,8.83,8.67,506107.0,4426047.0
2011-05-31,8.68,8.83,8.82,8.53,418730.0,3613741.0
2011-05-30,8.63,8.79,8.73,8.44,329380.0,2825982.0
2011-05-27,9.28,9.28,8.81,8.81,1385480.0,12160115.0
2011-05-26,9.51,9.51,9.28,9.22,984013.0,9083163.0
2011-05-25,9.41,9.64,9.41,9.21,776639.0,7197590.0
2011-05-24,9.65,9.65,9.40,9.14,627070.0,5833284.0
2011-05-23,10.09,10.20,9.61,9.61,921470.0,8889555.0
2011-05-20,10.09,10.25,10.11,10.04,425701.0,4286521.0
2011-05-19,10.30,10.35,10.10,10.07,562217.0,5677584.0
2011-05-18,10.40,10.45,10.23,10.09,1177694.0,11993675.0
2011-05-17,10.40,10.60,10.36,10.30,1284978.0,13321578.0
2011-05-16,10.57,10.64,10.43,10.19,1315612.0,13520192.0
2011-05-13,10.28,10.58,10.57,10.25,980966.0,10100198.0
2011-05-12,10.47,10.47,10.33,10.19,890112.0,9051481.0
2011-05-11,10.45,10.53,10.35,10.15,1212671.0,12357380.0
2011-05-10,10.45,10.54,10.45,10.30,873352.0,8991220.0
2011-05-09,10.19,10.64,10.44,10.19,1130719.0,11690492.0
2011-05-06,10.02,10.46,10.25,10.02,1091739.0,11074275.0
2011-05-05,10.19,10.30,10.18,9.92,1120837.0,11276123.0
2011-05-04,10.16,10.65,10.15,10.04,1970879.0,20150670.0
2011-05-03,9.59,10.14,10.14,9.52,1145468.0,11309635.0
2011-04-29,9.40,9.67,9.66,9.34,531191.0,5031188.0
2011-04-28,9.80,9.94,9.47,9.41,784300.0,7517745.0
2011-04-27,9.82,9.94,9.80,9.74,923374.0,9018091.0
2011-04-26,10.23,10.23,9.79,9.75,1953707.0,19140130.0
2011-04-25,10.49,10.56,10.27,10.19,1272435.0,13024922.0
2011-04-22,10.99,10.99,10.58,10.46,2304015.0,24183878.0
2011-04-21,10.96,11.16,11.00,10.90,1373400.0,14978478.0
2011-04-20,10.97,11.25,11.06,10.78,1650735.0,18022552.0
2011-04-19,11.13,11.13,11.05,10.68,2138073.0,22993122.0
2011-04-18,11.13,11.29,11.17,10.80,2430853.0,26480456.0
2011-04-15,11.00,11.41,11.19,10.90,4624515.0,51257012.0
2011-04-14,10.58,11.14,11.14,10.42,5431596.0,59261300.0
2011-04-13,10.16,10.67,10.61,10.09,3301241.0,34536424.0
2011-04-12,10.17,10.32,10.16,9.95,1716097.0,17243016.0
2011-04-11,10.10,10.43,10.14,10.04,2801742.0,28272890.0
2011-04-08,9.74,10.23,10.13,9.70,4539034.0,45645944.0
2011-04-07,9.95,9.95,9.75,9.64,1445282.0,13933078.0
2011-04-01,9.59,9.84,9.82,9.55,880258.0,8458898.0
2011-03-31,9.79,10.01,9.67,9.62,1130711.0,10982769.0
2011-03-30,10.04,10.04,9.87,9.75,1095590.0,10713790.0
2011-03-29,9.95,10.03,10.01,9.88,1560342.0,15372433.0
2011-03-28,10.01,10.16,9.95,9.90,2160984.0,21482904.0
2011-03-25,10.01,10.18,10.00,9.89,2552425.0,25249598.0
2011-03-24,9.61,10.11,10.11,9.57,3937095.0,38831864.0
2011-03-23,9.61,9.67,9.63,9.57,755766.0,7193994.0
2011-03-22,9.51,9.76,9.61,9.39,1259883.0,11949311.0
2011-03-21,9.47,9.54,9.51,9.36,1005878.0,9419389.0
2011-03-18,9.48,9.56,9.54,9.41,1008778.0,9477418.0
2011-03-17,9.48,9.59,9.39,9.33,1780546.0,16639886.0
2011-03-16,9.48,9.64,9.60,9.27,3288515.0,30746132.0
2011-03-15,9.90,9.90,9.49,9.49,1988100.0,18822004.0
2011-03-14,10.06,10.15,9.98,9.89,1171299.0,11618778.0
2011-03-11,9.59,10.07,10.07,9.59,2370603.0,23368518.0
2011-03-10,9.55,9.77,9.59,9.52,1268781.0,12108736.0
2011-03-09,9.45,9.57,9.50,9.44,868724.0,8189607.0
2011-03-08,9.49,9.53,9.45,9.36,690291.0,6448668.0
2011-03-07,9.51,9.57,9.45,9.39,1411494.0,13238445.0
2011-03-04,9.20,9.49,9.47,9.19,1201736.0,11174427.0
2011-03-03,9.39,9.53,9.18,9.16,1173846.0,10878050.0
2011-03-02,9.28,9.39,9.37,9.24,1096582.0,10135739.0
2011-03-01,9.22,9.46,9.32,9.13,1486943.0,13695729.0
2011-02-28,9.03,9.23,9.20,9.03,871209.0,7918244.0
2011-02-25,9.03,9.07,9.03,8.97,511333.0,4575892.0
2011-02-24,8.95,9.05,9.03,8.87,793009.0,7047269.0
2011-02-23,8.86,8.95,8.91,8.83,609349.0,5361752.0
2011-02-22,9.12,9.19,8.86,8.80,896723.0,7980622.0
2011-02-21,8.94,9.12,9.10,8.89,986770.0,8802229.0
2011-02-18,9.00,9.08,9.01,8.94,567100.0,5061566.0
2011-02-17,8.96,9.14,9.05,8.93,1006884.0,8982546.0
2011-02-16,8.92,9.00,8.97,8.89,630804.0,5598197.0
2011-02-15,8.97,9.08,8.95,8.87,1083348.0,9640714.0
2011-02-14,8.83,9.01,8.93,8.83,930451.0,8200545.0
2011-02-11,8.73,8.93,8.83,8.73,576194.0,5035432.0
2011-02-10,8.62,8.74,8.68,8.51,483090.0,4144020.0
2011-02-09,8.57,8.81,8.62,8.57,480842.0,4140295.0
2011-02-01,8.68,8.68,8.57,8.53,383500.0,3258546.0
2011-01-31,8.56,8.64,8.63,8.55,446898.0,3803588.0
2011-01-28,8.47,8.57,8.51,8.38,334170.0,2824653.0
2011-01-27,8.27,8.55,8.48,8.26,389600.0,3241230.0
2011-01-26,8.05,8.28,8.28,8.04,257655.0,2089744.0
2011-01-25,8.19,8.38,8.07,7.93,603489.0,4822673.0
2011-01-24,8.57,8.60,8.35,8.28,426051.0,3550536.0
2011-01-21,8.38,8.60,8.53,8.38,731756.0,6182710.0
2011-01-20,8.56,8.60,8.38,8.36,657349.0,5525904.0
2011-01-19,8.48,8.59,8.56,8.39,507310.0,4288004.0
2011-01-18,8.10,8.50,8.50,8.10,622670.0,5153451.0
2011-01-17,8.39,8.50,8.20,8.18,623796.0,5126254.0
2011-01-14,8.61,8.61,8.53,8.41,563005.0,4746514.0
2011-01-13,8.64,8.64,8.61,8.52,641912.0,5449848.0
2011-01-12,8.53,8.63,8.61,8.43,539285.0,4571668.0
2011-01-11,8.54,8.54,8.43,8.36,615839.0,5145706.0
2011-01-10,8.46,8.62,8.53,8.43,571378.0,4830618.0
2011-01-07,8.48,8.56,8.50,8.45,560399.0,4720519.0
2011-01-06,8.50,8.51,8.46,8.40,565043.0,4724042.0
2011-01-05,8.48,8.52,8.50,8.29,604601.0,5050413.0
2011-01-04,8.36,8.50,8.44,8.34,525063.0,4380256.0
