date,amount,close,high,low,open,volume
2015-08-03,1380856576.0,8.16,8.27,7.82,8.00,171165152.0
2015-07-31,1146992896.0,8.01,8.28,7.86,7.90,142628784.0
2015-07-30,1745718784.0,8.03,8.45,7.74,7.94,214139808.0
2015-07-29,1309882496.0,7.93,7.95,7.31,7.52,171035456.0
2015-07-28,1504947072.0,7.37,7.95,7.04,7.40,204790688.0
2015-07-27,2121100288.0,7.82,8.98,7.82,8.48,250429744.0
2015-07-24,2906710528.0,8.69,9.16,8.06,8.36,338525120.0
2015-07-23,1937994112.0,8.41,8.57,7.86,7.93,234241392.0
2015-07-22,1188552064.0,7.99,8.22,7.71,8.15,148608592.0
2015-07-21,1230711168.0,8.11,8.30,7.72,7.94,151984464.0
2015-07-20,1339974400.0,7.99,8.33,7.70,7.80,167766656.0
2015-07-17,1045691328.0,7.79,7.97,7.36,7.40,136141632.0
2015-07-16,1123718528.0,7.33,7.64,6.62,7.28,154448080.0
2015-07-15,1280207744.0,7.28,7.98,7.28,7.80,171209664.0
2015-07-14,2353688320.0,8.09,8.67,7.80,8.02,286242496.0
2015-07-13,1690123904.0,7.95,7.95,7.33,7.65,216548896.0
2015-07-10,1282874240.0,7.23,7.23,6.67,6.88,179488928.0
2015-07-09,1542435712.0,6.57,6.57,5.45,5.97,245147264.0
2015-07-08,1060773376.0,5.97,6.30,5.97,5.97,176477344.0
2015-07-07,1810059008.0,6.63,6.72,6.06,6.48,281946400.0
2015-07-06,1663919616.0,6.72,7.21,6.07,7.21,248633872.0
2015-07-03,1249403136.0,6.55,7.48,6.55,7.03,184870272.0
2015-07-02,1388173696.0,7.28,8.25,7.28,8.09,181096944.0
2015-07-01,1798487552.0,8.09,9.15,8.00,8.85,206187088.0
2015-06-30,1995312128.0,8.84,8.86,7.43,8.00,248628608.0
2015-06-29,1684194176.0,8.25,9.55,8.25,9.55,196045680.0
2015-06-26,1363709952.0,9.17,9.98,9.17,9.67,144205264.0
2015-06-25,2142762624.0,10.19,10.77,10.00,10.29,207069136.0
2015-06-24,1504260608.0,10.26,10.50,9.91,10.18,147425600.0
2015-06-23,1739699712.0,10.02,10.39,9.41,10.39,177189392.0
2015-06-19,1607356416.0,10.45,11.45,10.45,10.90,149361136.0
2015-06-18,1711716096.0,11.61,12.30,11.49,12.05,142876672.0
2015-06-17,2299467776.0,11.97,12.26,11.21,12.00,196831008.0
2015-06-16,2716719104.0,12.19,13.08,11.98,12.40,218058160.0
2015-06-15,4422103040.0,12.83,13.30,12.38,12.51,341717280.0
2015-06-12,2694173696.0,12.44,12.79,12.31,12.62,215496400.0
2015-06-11,2495604736.0,12.59,12.85,12.31,12.43,197501216.0
2015-06-10,2614672384.0,12.44,12.86,12.01,12.39,210185936.0
2015-06-09,2779499008.0,12.59,13.05,12.44,13.05,219868176.0
2015-06-08,4754173440.0,13.08,13.41,12.58,13.22,365015168.0
2015-06-05,4758814208.0,13.15,13.29,12.19,12.81,370973056.0
2015-06-04,2739255808.0,12.53,12.90,11.42,12.56,221919008.0
2015-06-03,3345729536.0,12.55,12.90,12.20,12.90,267214592.0
2015-06-02,4492747264.0,12.94,13.33,12.50,12.75,347887392.0
2015-06-01,3742531584.0,12.39,12.39,11.44,11.44,313763840.0
2015-05-29,3902551552.0,11.26,11.69,10.51,11.36,349809408.0
2015-05-28,4951906816.0,11.67,12.79,11.67,12.75,405458944.0
2015-05-27,6253475328.0,12.97,13.45,11.94,12.48,487244000.0
2015-05-26,7052812800.0,12.47,12.47,11.42,11.99,583114112.0
2015-05-25,1103694336.0,11.34,11.34,10.43,10.43,99181864.0
2015-05-22,5644900352.0,10.31,11.12,10.20,11.12,533431328.0
2015-05-21,1691785856.0,10.11,10.11,9.30,9.52,171187584.0
2015-05-20,2348459776.0,9.19,9.19,8.41,8.41,263190256.0
2015-05-19,1534443136.0,8.35,8.41,8.05,8.05,183322896.0
2015-05-18,1094843904.0,8.05,8.30,7.97,8.17,133770984.0
2015-05-15,1553873408.0,8.17,8.47,8.08,8.38,187414720.0
2015-05-14,1748872832.0,8.52,8.88,8.43,8.76,202254560.0
2015-05-13,2426940928.0,8.63,8.79,8.13,8.25,282476512.0
2015-05-12,1906944000.0,8.23,8.39,7.97,8.21,231557696.0
2015-05-11,1744471552.0,8.17,8.23,7.94,7.94,213685952.0
2015-05-08,1679726208.0,7.86,7.89,7.32,7.32,217389088.0
2015-05-07,1570011136.0,7.40,7.88,7.37,7.88,204419424.0
2015-05-06,1922592384.0,7.96,8.63,7.82,8.38,233485296.0
2015-05-05,2231874816.0,8.39,9.10,8.25,9.10,255088208.0
2015-05-04,1846675968.0,9.17,9.57,9.13,9.26,197840736.0
2015-04-30,2494793984.0,9.24,9.60,8.96,9.10,264874928.0
2015-04-29,2732393216.0,9.18,9.47,8.38,8.65,304563648.0
2015-04-28,2431878144.0,8.70,8.93,8.56,8.93,276762560.0
2015-04-27,3968291328.0,8.94,9.11,8.43,8.63,445781728.0
2015-04-24,3152258304.0,8.30,8.30,7.31,7.43,398512256.0
2015-04-23,1575019776.0,7.55,7.72,7.47,7.56,206273312.0
2015-04-22,1752635008.0,7.56,7.71,7.33,7.47,230445184.0
2015-04-21,1982201216.0,7.47,7.78,7.14,7.55,267412608.0
2015-04-20,3296167680.0,7.53,7.94,7.32,7.33,428913536.0
2015-04-17,2463824128.0,7.32,7.40,6.79,6.82,339343648.0
2015-04-16,1430397184.0,6.73,6.88,6.31,6.53,213358304.0
2015-04-15,1779838208.0,6.57,6.84,6.50,6.74,264219184.0
2015-04-14,2269346816.0,6.73,6.86,6.11,6.23,341846976.0
2015-04-13,1822240128.0,6.25,6.37,5.90,5.95,295405408.0
2015-04-10,1416510720.0,5.91,6.01,5.65,5.68,238137472.0
2015-04-09,1198385024.0,5.69,5.91,5.56,5.88,208601488.0
2015-04-08,1101834752.0,5.88,6.05,5.83,5.95,184961152.0
2015-04-07,1325370240.0,6.01,6.08,5.85,5.88,221559136.0
2015-04-03,863455744.0,5.88,5.92,5.77,5.82,146532800.0
2015-04-02,988466880.0,5.89,5.97,5.82,5.91,166523888.0
2015-04-01,998449984.0,5.91,5.98,5.78,5.80,168575472.0
2015-03-31,1509593600.0,5.84,6.15,5.81,5.97,251098272.0
2015-03-30,1487456384.0,5.93,6.00,5.71,5.73,250299632.0
2015-03-27,707097152.0,5.54,5.60,5.46,5.56,127118808.0
2015-03-26,1258379648.0,5.56,5.83,5.52,5.72,220939856.0
2015-03-25,1504851200.0,5.69,5.88,5.53,5.55,259817584.0
2015-03-24,1826284672.0,5.55,5.65,5.25,5.41,330044928.0
2015-03-23,1002106432.0,5.39,5.44,5.22,5.25,186464816.0
2015-03-20,968203584.0,5.25,5.34,5.18,5.26,183641792.0
2015-03-19,1564644608.0,5.30,5.52,5.05,5.13,294571744.0
2015-03-18,1351697664.0,5.15,5.19,4.89,4.91,266534752.0
2015-03-17,1147128064.0,4.90,5.00,4.78,4.81,231661376.0
2015-03-16,600480960.0,4.78,4.80,4.68,4.69,125321176.0
2015-03-13,514003936.0,4.70,4.76,4.58,4.60,108910856.0
2015-03-12,302991424.0,4.60,4.64,4.52,4.56,65725128.0
2015-03-11,376160640.0,4.55,4.68,4.52,4.62,81294848.0
2015-03-10,333981984.0,4.65,4.73,4.61,4.62,70919552.0
2015-03-09,358227008.0,4.64,4.66,4.51,4.56,77486696.0
2015-03-06,313957504.0,4.57,4.70,4.56,4.61,67338992.0
2015-03-05,473357216.0,4.61,4.78,4.58,4.74,100775992.0
2015-03-04,481891200.0,4.74,4.84,4.67,4.67,100440440.0
2015-03-03,1134519680.0,4.75,5.01,4.55,4.65,234968320.0
2015-03-02,605535872.0,4.65,4.75,4.62,4.73,128645592.0
2015-02-27,1069025856.0,4.66,4.67,4.45,4.46,231740016.0
2015-02-26,376056096.0,4.43,4.44,4.32,4.34,85028384.0
2015-02-25,340209120.0,4.33,4.40,4.30,4.30,77598560.0
2015-02-17,199981072.0,4.30,4.31,4.26,4.27,46229596.0
2015-02-16,190211040.0,4.27,4.29,4.25,4.26,44220252.0
2015-02-13,232148192.0,4.26,4.30,4.24,4.26,53906840.0
2015-02-12,195607440.0,4.24,4.28,4.20,4.23,45892920.0
2015-02-11,202505712.0,4.22,4.29,4.21,4.27,47224416.0
2015-02-10,252385504.0,4.26,4.29,4.15,4.16,59295952.0
2015-02-09,157666256.0,4.14,4.17,4.07,4.11,37842888.0
2015-02-06,302823040.0,4.13,4.24,4.09,4.18,72276328.0
2015-02-05,534701504.0,4.24,4.37,4.18,4.33,124824776.0
2015-02-04,377756800.0,4.28,4.39,4.27,4.38,86487224.0
2015-02-03,308318592.0,4.37,4.42,4.30,4.40,70455392.0
2015-02-02,265486976.0,4.35,4.42,4.32,4.42,60387976.0
2015-01-30,353516736.0,4.42,4.62,4.41,4.55,77959648.0
2015-01-29,383199264.0,4.55,4.67,4.54,4.62,82750056.0
2015-01-28,812785088.0,4.69,4.73,4.53,4.57,172628672.0
2015-01-27,798740864.0,4.61,4.67,4.40,4.53,173547680.0
2015-01-26,334547776.0,4.54,4.57,4.46,4.49,73543416.0
2015-01-23,558919360.0,4.52,4.64,4.48,4.51,121832344.0
2015-01-22,853988736.0,4.56,4.64,4.47,4.54,185439600.0
2015-01-21,628601600.0,4.45,4.48,4.28,4.34,141835392.0
2015-01-20,500964032.0,4.32,4.35,4.13,4.13,116593440.0
2015-01-19,531702880.0,4.12,4.38,4.04,4.28,124230512.0
2015-01-16,422804480.0,4.48,4.50,4.39,4.45,94167080.0
2015-01-15,458878496.0,4.43,4.46,4.21,4.31,105326992.0
2015-01-14,499833792.0,4.30,4.48,4.26,4.46,114059008.0
2015-01-13,276994688.0,4.48,4.56,4.41,4.43,61239216.0
2015-01-12,488584224.0,4.46,4.62,4.41,4.57,107466496.0
2015-01-09,620953472.0,4.65,4.80,4.61,4.64,130256944.0
2015-01-08,707936128.0,4.69,4.91,4.56,4.74,148218176.0
2015-01-07,460194432.0,4.74,4.82,4.68,4.81,96618168.0
2015-01-06,925805312.0,4.80,4.94,4.73,4.76,189917136.0
2015-01-05,566595392.0,4.70,4.74,4.54,4.59,120492504.0
2014-12-31,307752256.0,4.56,4.57,4.46,4.50,67479416.0
2014-12-30,404891872.0,4.49,4.66,4.47,4.65,88576784.0
2014-12-29,523454976.0,4.66,4.79,4.60,4.72,110241352.0
2014-12-26,641662912.0,4.70,4.77,4.56,4.60,136215376.0
2014-12-25,484545408.0,4.62,4.62,4.44,4.49,105671320.0
2014-12-24,437887840.0,4.47,4.56,4.39,4.48,97390000.0
2014-12-23,565160640.0,4.47,4.67,4.46,4.61,123328952.0
2014-12-22,1053603520.0,4.69,4.97,4.59,4.96,219591152.0
2014-12-19,1574508800.0,4.96,5.08,4.64,4.68,317515680.0
2014-12-18,671513280.0,4.69,4.81,4.63,4.71,141410016.0
2014-12-17,988718592.0,4.73,4.90,4.62,4.67,206638784.0
2014-12-16,875053056.0,4.74,4.82,4.57,4.67,185578592.0
2014-12-15,1206446720.0,4.70,4.89,4.55,4.82,256529456.0
2014-12-12,1258419840.0,4.82,5.07,4.67,5.02,258744688.0
2014-12-11,2026782080.0,4.89,5.03,4.64,4.81,412422592.0
2014-12-10,1681185536.0,4.57,4.57,4.15,4.27,378338144.0
2014-12-09,2215184384.0,4.16,4.54,4.08,4.15,502944384.0
2014-12-08,1204370688.0,4.13,4.14,3.90,3.90,293820448.0
2014-12-05,793110528.0,3.90,4.04,3.71,4.04,200784224.0
2014-12-04,782115200.0,4.05,4.07,3.97,3.99,192813472.0
2014-12-03,793722496.0,4.00,4.06,3.93,3.97,197766336.0
2014-12-02,540017920.0,3.97,4.00,3.89,3.93,135589456.0
2014-12-01,535137248.0,3.93,3.99,3.89,3.96,135116528.0
2014-11-28,489250528.0,3.96,4.03,3.92,3.97,122361952.0
2014-11-27,534148352.0,3.97,4.05,3.92,4.04,133708032.0
2014-11-26,606596928.0,4.03,4.08,3.97,4.07,150056416.0
2014-11-25,1061389056.0,4.10,4.25,3.86,3.88,260159168.0
2014-11-24,597199744.0,3.89,3.94,3.84,3.92,152093904.0
2014-11-21,306174432.0,3.86,3.87,3.80,3.81,79053352.0
2014-11-20,242893776.0,3.80,3.85,3.78,3.83,63330596.0
2014-11-19,380398144.0,3.86,3.93,3.82,3.90,97436392.0
2014-11-18,449299104.0,3.90,3.92,3.82,3.83,115012736.0
2014-11-17,400869696.0,3.83,3.89,3.74,3.79,103863168.0
2014-11-14,258035936.0,3.75,3.77,3.65,3.71,68785656.0
2014-11-13,383077888.0,3.72,3.81,3.67,3.81,101996616.0
2014-11-12,426024928.0,3.81,3.86,3.70,3.79,111981328.0
2014-11-11,710027392.0,3.79,4.01,3.72,4.00,183425808.0
2014-11-10,798872768.0,3.98,4.01,3.81,3.89,201124064.0
2014-11-07,756034304.0,3.84,4.06,3.78,4.01,191475872.0
2014-11-06,722563008.0,3.94,4.06,3.84,3.92,181724608.0
2014-11-05,1117416320.0,3.97,4.09,3.84,4.06,278494784.0
2014-11-04,2292605184.0,4.12,4.22,3.92,4.04,555374720.0
2014-11-03,1167051392.0,3.83,3.83,3.51,3.51,313736416.0
2014-10-31,625712512.0,3.48,3.62,3.42,3.56,177329088.0
2014-10-30,1041265280.0,3.53,3.68,3.34,3.38,291025984.0
2014-10-29,650311104.0,3.38,3.41,3.25,3.25,192164016.0
2014-10-28,238636416.0,3.25,3.28,3.17,3.17,73045552.0
2014-10-27,130221184.0,3.17,3.19,3.12,3.14,41027324.0
2014-10-24,156975488.0,3.16,3.18,3.12,3.14,49666904.0
2014-10-23,227475024.0,3.14,3.21,3.11,3.19,72069760.0
2014-10-22,184147344.0,3.22,3.33,3.21,3.27,56264700.0
2014-10-21,362402816.0,3.29,3.41,3.28,3.29,107820128.0
2014-10-20,375536512.0,3.33,3.37,3.18,3.18,113347608.0
2014-10-17,327489248.0,3.18,3.32,3.10,3.31,101568504.0
2014-10-16,262732272.0,3.31,3.41,3.30,3.36,78162656.0
2014-10-15,259362336.0,3.38,3.41,3.32,3.40,76739448.0
2014-10-14,356933760.0,3.41,3.54,3.37,3.39,103647536.0
2014-10-13,298716800.0,3.41,3.46,3.35,3.43,87854616.0
2014-10-10,425053600.0,3.45,3.51,3.42,3.50,122737584.0
2014-10-09,680925696.0,3.53,3.58,3.46,3.50,192955904.0
2014-10-08,718090176.0,3.52,3.63,3.37,3.39,205729360.0
2014-09-30,474310560.0,3.39,3.44,3.30,3.37,140023680.0
2014-09-29,625365888.0,3.37,3.45,3.33,3.36,184551216.0
2014-09-26,1581531008.0,3.42,3.67,3.39,3.51,446087104.0
2014-09-25,876746048.0,3.47,3.47,3.15,3.15,259924496.0
2014-09-24,445082112.0,3.15,3.18,3.07,3.11,141930784.0
2014-09-23,244765840.0,3.12,3.14,3.09,3.12,78358712.0
2014-09-22,350632832.0,3.12,3.16,3.07,3.11,112054080.0
2014-09-19,243025568.0,3.11,3.13,3.07,3.09,78154304.0
2014-09-18,359546656.0,3.10,3.17,3.05,3.08,115329968.0
2014-09-17,599152000.0,3.13,3.17,2.97,3.08,194437984.0
2014-09-16,666521088.0,3.08,3.26,3.05,3.20,209820224.0
2014-09-15,492635488.0,3.23,3.32,3.17,3.23,151976880.0
2014-09-12,863422272.0,3.25,3.37,3.12,3.18,267166224.0
2014-09-11,1150959616.0,3.23,3.46,3.19,3.25,347854752.0
2014-09-10,2011488000.0,3.33,3.40,3.12,3.21,616323264.0
2014-09-09,821280768.0,3.09,3.09,2.85,2.89,269256384.0
2014-09-05,909775104.0,2.82,2.82,2.53,2.55,329360928.0
2014-09-04,189404720.0,2.56,2.56,2.50,2.52,74745840.0
2014-09-03,250682640.0,2.52,2.57,2.50,2.52,99035352.0
2014-09-02,275770400.0,2.52,2.55,2.45,2.45,109950552.0
2014-09-01,81639208.0,2.45,2.46,2.41,2.42,33434720.0
2014-08-29,37928096.0,2.42,2.42,2.40,2.41,15736684.0
2014-08-28,66971748.0,2.40,2.44,2.39,2.43,27819078.0
2014-08-27,70706784.0,2.43,2.46,2.42,2.45,28982220.0
2014-08-26,144371664.0,2.46,2.51,2.44,2.48,58379576.0
2014-08-25,151209136.0,2.49,2.51,2.46,2.48,60859064.0
2014-08-22,200519504.0,2.49,2.51,2.42,2.44,80733584.0
2014-08-21,96298312.0,2.44,2.47,2.42,2.46,39454448.0
2014-08-20,197810848.0,2.47,2.51,2.44,2.45,79879960.0
2014-08-19,151053264.0,2.47,2.49,2.41,2.43,61718648.0
2014-08-18,80787496.0,2.43,2.44,2.41,2.41,33266236.0
2014-08-15,58795924.0,2.41,2.42,2.39,2.40,24457710.0
2014-08-14,66873936.0,2.40,2.42,2.39,2.40,27827608.0
2014-08-13,69069136.0,2.40,2.42,2.39,2.42,28745512.0
2014-08-12,62109676.0,2.41,2.43,2.40,2.43,25765440.0
2014-08-11,44359384.0,2.43,2.43,2.41,2.42,18302432.0
2014-08-08,57437108.0,2.41,2.43,2.40,2.40,23797020.0
2014-08-07,108079440.0,2.41,2.44,2.40,2.41,44685168.0
2014-08-06,114876328.0,2.42,2.43,2.39,2.41,47656360.0
2014-08-05,136798880.0,2.42,2.44,2.38,2.40,56795936.0
2014-08-04,84413672.0,2.39,2.40,2.37,2.37,35392780.0
2014-08-01,99226200.0,2.37,2.41,2.37,2.40,41533976.0
2014-07-31,88281072.0,2.41,2.41,2.38,2.40,36833320.0
2014-07-30,72738032.0,2.39,2.41,2.38,2.40,30384784.0
2014-07-29,138741600.0,2.41,2.43,2.38,2.39,57683088.0
2014-07-28,132983760.0,2.39,2.40,2.36,2.36,55801236.0
2014-07-25,67019464.0,2.35,2.36,2.33,2.35,28586852.0
2014-07-24,77561064.0,2.35,2.35,2.32,2.32,33206990.0
2014-07-23,94313064.0,2.33,2.34,2.31,2.31,40527768.0
2014-07-22,67501768.0,2.32,2.33,2.29,2.29,29166708.0
2014-07-21,47781360.0,2.29,2.32,2.29,2.32,20766108.0
2014-07-18,47647148.0,2.32,2.34,2.30,2.31,20557352.0
2014-07-17,46152832.0,2.32,2.33,2.30,2.32,19965812.0
2014-07-16,115324960.0,2.33,2.35,2.29,2.30,49681208.0
2014-07-15,47376356.0,2.30,2.30,2.28,2.29,20663128.0
2014-07-14,60754840.0,2.30,2.30,2.27,2.30,26584316.0
2014-07-11,79709520.0,2.30,2.31,2.27,2.30,34769264.0
2014-07-10,46101880.0,2.29,2.31,2.28,2.28,20075378.0
2014-07-09,53167216.0,2.29,2.32,2.28,2.30,23174084.0
2014-07-08,49817712.0,2.30,2.32,2.28,2.31,21701298.0
2014-07-07,45096120.0,2.32,2.32,2.30,2.31,19521916.0
2014-07-04,128883640.0,2.31,2.37,2.30,2.37,55458068.0
2014-07-03,213836512.0,2.37,2.43,2.34,2.35,89471280.0
2014-07-02,237929152.0,2.37,2.39,2.28,2.29,101634192.0
2014-07-01,117606112.0,2.30,2.34,2.25,2.27,51435840.0
2014-06-30,77818552.0,2.27,2.28,2.25,2.27,34370368.0
2014-06-27,143869120.0,2.27,2.30,2.22,2.24,63315072.0
2014-06-26,77305032.0,2.23,2.26,2.21,2.22,34550596.0
2014-06-25,30324628.0,2.20,2.21,2.18,2.20,13257082.0
2014-06-24,42216280.0,2.21,2.22,2.18,2.19,18418006.0
2014-06-23,32232496.0,2.18,2.21,2.18,2.20,14118695.0
2014-06-20,31925720.0,2.19,2.19,2.18,2.18,14052615.0
2014-06-19,41125004.0,2.18,2.20,2.17,2.19,18152316.0
2014-06-18,35677416.0,2.19,2.22,2.19,2.22,15549781.0
2014-06-17,40983040.0,2.22,2.23,2.21,2.23,17756328.0
2014-06-16,43755356.0,2.24,2.24,2.22,2.23,18878912.0
2014-06-13,82709824.0,2.23,2.24,2.21,2.23,35693064.0
2014-06-12,160202368.0,2.26,2.30,2.20,2.20,67897416.0
2014-06-11,43289556.0,2.20,2.22,2.18,2.18,18939540.0
2014-06-10,30792816.0,2.18,2.19,2.17,2.18,13607446.0
2014-06-09,28209392.0,2.17,2.18,2.16,2.17,12520133.0
2014-06-06,25921744.0,2.18,2.19,2.16,2.18,11505144.0
2014-06-05,29876552.0,2.19,2.19,2.16,2.17,13247555.0
2014-06-04,35826032.0,2.17,2.19,2.16,2.18,15900113.0
2014-06-03,36488828.0,2.18,2.21,2.18,2.20,16011957.0
2014-05-30,43150884.0,2.19,2.21,2.18,2.21,18891036.0
2014-05-29,34626372.0,2.20,2.24,2.20,2.24,15008805.0
2014-05-28,45324416.0,2.24,2.24,2.21,2.24,19585024.0
2014-05-27,26884654.0,2.24,2.25,2.23,2.24,11552643.0
2014-05-26,31094928.0,2.25,2.26,2.23,2.25,13305233.0
2014-05-23,33793976.0,2.24,2.25,2.23,2.23,14518929.0
2014-05-22,46352844.0,2.24,2.27,2.23,2.24,19819090.0
2014-05-21,35564544.0,2.25,2.26,2.21,2.23,15276545.0
2014-05-20,34678608.0,2.24,2.25,2.22,2.24,14901198.0
2014-05-19,50029692.0,2.23,2.27,2.22,2.26,21497976.0
2014-05-16,80939320.0,2.28,2.31,2.21,2.23,34431152.0
2014-05-15,51715688.0,2.22,2.27,2.22,2.25,22239940.0
2014-05-14,43193992.0,2.26,2.29,2.26,2.28,18276604.0
2014-05-13,63835560.0,2.29,2.30,2.24,2.27,27102920.0
2014-05-12,65057604.0,2.27,2.28,2.24,2.25,27694328.0
2014-05-09,55523116.0,2.23,2.27,2.20,2.27,23947192.0
2014-05-08,51542596.0,2.26,2.29,2.24,2.25,21853052.0
2014-05-07,81516152.0,2.25,2.32,2.24,2.32,34515480.0
2014-05-06,116360576.0,2.33,2.38,2.30,2.31,47944864.0
2014-05-05,142568992.0,2.33,2.38,2.25,2.28,59234528.0
2014-04-30,119963696.0,2.29,2.34,2.19,2.21,50731620.0
2014-04-29,59040480.0,2.21,2.23,2.18,2.20,25806080.0
2014-04-28,112863824.0,2.19,2.30,2.18,2.27,48507656.0
2014-04-25,110827080.0,2.28,2.36,2.25,2.29,46183624.0
2014-04-24,85379896.0,2.28,2.34,2.27,2.33,35604860.0
2014-04-23,109937952.0,2.35,2.38,2.29,2.32,45433520.0
2014-04-22,140798704.0,2.34,2.40,2.31,2.32,57727808.0
2014-04-21,191544576.0,2.33,2.42,2.32,2.41,78170064.0
2014-04-18,345162560.0,2.43,2.53,2.38,2.41,135442704.0
2014-04-17,394421792.0,2.46,2.55,2.28,2.32,156623520.0
2014-04-16,145309360.0,2.33,2.37,2.30,2.32,59984328.0
2014-04-15,160799760.0,2.36,2.38,2.24,2.27,67004936.0
2014-04-14,80921360.0,2.29,2.30,2.24,2.26,34323640.0
2014-04-11,124721528.0,2.28,2.30,2.22,2.24,52796652.0
2014-04-10,74577224.0,2.25,2.26,2.22,2.23,31987536.0
2014-04-09,43120160.0,2.23,2.24,2.21,2.22,18624800.0
2014-04-08,63109620.0,2.22,2.23,2.18,2.18,27529458.0
2014-04-04,40500208.0,2.19,2.19,2.17,2.18,17855926.0
2014-04-03,90031264.0,2.18,2.24,2.16,2.21,39685352.0
2014-04-02,46694272.0,2.21,2.24,2.20,2.23,20223624.0
2014-04-01,64153176.0,2.25,2.26,2.19,2.21,27615092.0
2014-03-31,55752364.0,2.21,2.24,2.19,2.23,24216090.0
2014-03-28,119225008.0,2.25,2.28,2.18,2.20,51405088.0
2014-03-27,84219216.0,2.20,2.23,2.16,2.18,36817616.0
2014-03-26,37594288.0,2.18,2.22,2.18,2.21,16513743.0
2014-03-25,84543104.0,2.21,2.25,2.19,2.20,36628264.0
2014-03-24,88069992.0,2.20,2.24,2.16,2.16,38516672.0
2014-03-21,59556628.0,2.17,2.18,2.09,2.12,26754262.0
2014-03-20,50014104.0,2.13,2.16,2.10,2.11,22595676.0
2014-03-19,26297580.0,2.12,2.12,2.09,2.10,12064179.0
2014-03-18,20497220.0,2.11,2.11,2.09,2.11,9390604.0
2014-03-17,17074800.0,2.10,2.11,2.09,2.10,7835129.0
2014-03-14,25646460.0,2.10,2.11,2.08,2.11,11803780.0
2014-03-13,29255024.0,2.12,2.13,2.08,2.11,13356081.0
2014-03-12,30547826.0,2.10,2.12,2.09,2.11,14016330.0
2014-03-11,27516126.0,2.12,2.13,2.09,2.10,12586853.0
2014-03-10,49100036.0,2.11,2.15,2.09,2.15,22341080.0
2014-03-07,25685996.0,2.16,2.16,2.14,2.15,11526299.0
2014-03-06,35416296.0,2.16,2.18,2.14,2.17,15848906.0
2014-03-05,29890730.0,2.17,2.18,2.16,2.18,13274400.0
2014-03-04,41317396.0,2.18,2.18,2.16,2.17,18325536.0
2014-03-03,34060832.0,2.18,2.18,2.15,2.15,15139528.0
2014-02-28,38223420.0,2.16,2.17,2.12,2.13,17208548.0
2014-02-27,50933668.0,2.13,2.14,2.11,2.13,23090558.0
2014-02-26,72498096.0,2.12,2.15,2.11,2.15,32880568.0
2014-02-25,64335820.0,2.15,2.20,2.15,2.18,28463348.0
2014-02-24,88183120.0,2.18,2.23,2.16,2.23,38826912.0
2014-02-21,53289404.0,2.24,2.28,2.23,2.27,22731630.0
2014-02-20,84039104.0,2.27,2.32,2.27,2.30,35309144.0
2014-02-19,72909808.0,2.29,2.30,2.26,2.28,30764500.0
2014-02-18,70299384.0,2.28,2.30,2.26,2.29,29716904.0
2014-02-17,77574832.0,2.30,2.31,2.27,2.30,32678126.0
2014-02-14,75243952.0,2.30,2.31,2.27,2.27,31657516.0
2014-02-13,183386016.0,2.29,2.39,2.25,2.31,76415400.0
2014-02-12,91902536.0,2.30,2.33,2.28,2.30,38441096.0
2014-02-11,71842192.0,2.31,2.33,2.25,2.26,30271846.0
2014-02-10,48207728.0,2.27,2.28,2.22,2.23,20495504.0
2014-02-07,23129156.0,2.23,2.24,2.20,2.21,10019117.0
2014-01-30,18892300.0,2.23,2.25,2.22,2.24,8129191.0
2014-01-29,22485402.0,2.23,2.27,2.23,2.26,9629245.0
2014-01-28,29784228.0,2.26,2.26,2.22,2.24,12768033.0
2014-01-27,29241384.0,2.23,2.25,2.20,2.23,12663128.0
2014-01-24,31580998.0,2.25,2.25,2.21,2.21,13598547.0
2014-01-23,27530262.0,2.22,2.24,2.20,2.23,11931951.0
2014-01-22,38403564.0,2.23,2.25,2.18,2.19,16604338.0
2014-01-21,17242650.0,2.18,2.19,2.17,2.17,7607340.0
2014-01-20,18459088.0,2.17,2.18,2.17,2.18,8172070.0
2014-01-17,31610512.0,2.18,2.22,2.17,2.22,13899821.0
2014-01-16,28493262.0,2.22,2.24,2.20,2.21,12355277.0
2014-01-15,21052790.0,2.22,2.24,2.20,2.24,9128521.0
2014-01-14,21035890.0,2.24,2.24,2.19,2.21,9103504.0
2014-01-13,23597296.0,2.21,2.23,2.19,2.22,10250316.0
2014-01-10,39059272.0,2.22,2.27,2.20,2.26,16855998.0
2014-01-09,32920608.0,2.26,2.29,2.25,2.28,13962508.0
2014-01-08,41400520.0,2.28,2.33,2.26,2.33,17362640.0
2014-01-07,35165640.0,2.32,2.36,2.27,2.29,14631631.0
2014-01-06,58786512.0,2.30,2.38,2.29,2.37,24386344.0
2014-01-03,100105272.0,2.39,2.41,2.33,2.35,40513616.0
2014-01-02,48444176.0,2.35,2.40,2.33,2.35,19714158.0
2013-12-31,36052308.0,2.35,2.37,2.33,2.33,14759509.0
2013-12-30,42301340.0,2.33,2.38,2.32,2.37,17324520.0
2013-12-27,52504424.0,2.36,2.38,2.32,2.33,21463180.0
2013-12-26,36904908.0,2.33,2.38,2.32,2.36,15187180.0
2013-12-25,32650384.0,2.38,2.39,2.34,2.37,13302828.0
2013-12-24,66422276.0,2.38,2.43,2.35,2.35,26646072.0
2013-12-23,38529664.0,2.35,2.38,2.33,2.38,15787570.0
2013-12-20,64961536.0,2.38,2.43,2.34,2.43,26236096.0
2013-12-19,44659204.0,2.43,2.46,2.42,2.44,17648062.0
2013-12-18,48579940.0,2.43,2.46,2.42,2.44,19230478.0
2013-12-17,63128500.0,2.43,2.49,2.43,2.45,24764296.0
2013-12-16,161273328.0,2.46,2.53,2.45,2.50,62445908.0
2013-12-13,364791040.0,2.59,2.68,2.56,2.58,134432272.0
2013-12-12,70110656.0,2.44,2.46,2.42,2.45,27673008.0
2013-12-11,72232520.0,2.46,2.50,2.44,2.48,28179164.0
2013-12-10,71284696.0,2.49,2.52,2.47,2.51,27535102.0
2013-12-09,92958472.0,2.50,2.56,2.49,2.55,35648456.0
2013-12-06,89516704.0,2.54,2.59,2.51,2.53,33789760.0
2013-12-05,135255328.0,2.54,2.59,2.53,2.59,50942564.0
2013-12-04,346480256.0,2.60,2.67,2.43,2.43,128932880.0
2013-12-03,137945360.0,2.46,2.49,2.41,2.41,54023064.0
2013-12-02,258280992.0,2.42,2.56,2.41,2.50,100635120.0
2013-11-29,207285440.0,2.59,2.63,2.56,2.63,77073688.0
2013-11-28,406337760.0,2.66,2.66,2.55,2.60,150340224.0
2013-11-27,739042176.0,2.65,2.76,2.60,2.68,266610976.0
2013-11-26,827831872.0,2.68,2.68,2.63,2.68,296920096.0
2013-11-25,253161712.0,2.44,2.44,2.41,2.42,99848816.0
2013-11-22,44807680.0,2.22,2.25,2.20,2.24,19420648.0
2013-11-21,116880576.0,2.24,2.29,2.18,2.19,49924136.0
2013-11-20,28829030.0,2.20,2.21,2.18,2.20,12633573.0
2013-11-19,29975594.0,2.20,2.20,2.18,2.19,13166470.0
2013-11-18,41619784.0,2.18,2.19,2.16,2.17,18428240.0
2013-11-15,25567940.0,2.16,2.18,2.14,2.15,11384890.0
2013-11-14,15090846.0,2.14,2.16,2.13,2.16,6781346.0
2013-11-13,20919840.0,2.15,2.18,2.15,2.17,9348361.0
2013-11-12,22311768.0,2.18,2.18,2.16,2.18,9908676.0
2013-11-11,15924014.0,2.18,2.19,2.17,2.18,7050612.0
2013-11-08,44914444.0,2.19,2.23,2.17,2.18,19579408.0
2013-11-07,21070252.0,2.18,2.18,2.17,2.18,9324508.0
2013-11-06,17904552.0,2.18,2.21,2.18,2.18,7865051.0
2013-11-05,26617284.0,2.19,2.20,2.16,2.19,11758593.0
2013-11-04,18268996.0,2.20,2.21,2.18,2.21,7987027.0
2013-11-01,20013632.0,2.20,2.21,2.18,2.19,8764971.0
2013-10-31,21414018.0,2.19,2.21,2.18,2.20,9386322.0
2013-10-30,33160188.0,2.21,2.22,2.16,2.17,14587562.0
2013-10-29,36728368.0,2.17,2.21,2.14,2.19,16314966.0
2013-10-28,14931789.0,2.19,2.19,2.18,2.18,6575364.0
2013-10-25,31972024.0,2.18,2.23,2.17,2.22,14012510.0
2013-10-24,31297472.0,2.22,2.24,2.21,2.23,13540215.0
2013-10-23,32845920.0,2.23,2.26,2.22,2.26,14113885.0
2013-10-22,33156804.0,2.25,2.29,2.24,2.26,14106155.0
2013-10-21,40532804.0,2.26,2.26,2.21,2.25,17399290.0
2013-10-18,28842764.0,2.25,2.27,2.23,2.24,12342191.0
2013-10-17,38607324.0,2.24,2.29,2.24,2.28,16435545.0
2013-10-16,57845360.0,2.26,2.31,2.24,2.30,24551092.0
2013-10-15,84368024.0,2.33,2.37,2.27,2.29,35079472.0
2013-10-14,111634928.0,2.33,2.41,2.31,2.33,45774548.0
2013-10-11,41713924.0,2.27,2.28,2.25,2.25,17709116.0
2013-10-10,78253624.0,2.25,2.33,2.23,2.31,33275568.0
2013-10-09,132989232.0,2.32,2.34,2.18,2.19,55765012.0
2013-10-08,39074160.0,2.21,2.21,2.15,2.16,17138038.0
2013-09-30,26721484.0,2.17,2.18,2.15,2.15,11893754.0
2013-09-27,28777880.0,2.15,2.16,2.13,2.14,12947203.0
2013-09-26,53324932.0,2.14,2.20,2.12,2.19,23727856.0
2013-09-25,48803356.0,2.20,2.24,2.19,2.23,21141236.0
2013-09-24,65788432.0,2.24,2.27,2.20,2.26,28332632.0
2013-09-23,47430228.0,2.27,2.28,2.25,2.26,20116826.0
2013-09-18,34708984.0,2.25,2.27,2.22,2.24,14847488.0
2013-09-17,62336940.0,2.23,2.30,2.22,2.30,26493560.0
2013-09-16,74201144.0,2.31,2.37,2.27,2.31,30800158.0
2013-09-13,127222064.0,2.31,2.39,2.27,2.39,52899796.0
2013-09-12,105238560.0,2.39,2.42,2.35,2.39,42629352.0
2013-09-11,208968752.0,2.40,2.52,2.37,2.42,82941064.0
2013-09-10,259594656.0,2.41,2.48,2.28,2.30,103639032.0
2013-09-09,193778448.0,2.30,2.36,2.22,2.23,81008456.0
2013-09-06,105165864.0,2.22,2.25,2.17,2.17,45525872.0
2013-09-05,89054608.0,2.18,2.22,2.15,2.22,39278184.0
2013-09-04,137519904.0,2.23,2.30,2.20,2.20,58835636.0
2013-09-03,171020576.0,2.20,2.23,2.17,2.23,74753344.0
2013-09-02,365235168.0,2.30,2.54,2.30,2.54,150192688.0
2013-08-30,738237760.0,2.55,2.55,2.27,2.29,286774208.0
2013-08-29,281945920.0,2.32,2.36,2.17,2.23,118642816.0
2013-08-28,227218384.0,2.26,2.29,2.09,2.12,99332552.0
2013-08-27,101810288.0,2.14,2.15,2.04,2.07,46377000.0
2013-08-26,77247232.0,2.07,2.09,1.99,2.00,36113656.0
2013-08-23,22903918.0,2.00,2.02,1.98,2.00,11004587.0
2013-08-22,18543764.0,2.00,2.02,1.99,2.01,8893598.0
2013-08-21,14959286.0,2.01,2.02,1.99,2.01,7175924.0
2013-08-20,19710748.0,2.01,2.04,2.00,2.02,9407926.0
2013-08-19,25299872.0,2.03,2.04,1.99,2.00,12061213.0
2013-08-16,48360152.0,2.00,2.06,1.99,2.00,23008038.0
2013-08-15,31336052.0,2.00,2.04,1.99,2.04,14963120.0
2013-08-14,57556832.0,2.04,2.07,2.01,2.02,27051096.0
2013-08-13,38057608.0,2.03,2.04,2.00,2.00,18121528.0
2013-08-12,38002248.0,2.01,2.02,1.97,1.98,18315680.0
2013-08-09,20500906.0,1.97,1.99,1.96,1.98,10002666.0
2013-08-08,11724075.0,1.97,1.99,1.97,1.98,5700551.0
2013-08-07,15576946.0,1.98,2.00,1.97,1.99,7542099.0
2013-08-06,22267248.0,1.99,2.00,1.97,1.99,10784114.0
2013-08-05,18735238.0,1.99,1.99,1.96,1.97,9107809.0
2013-08-02,16648065.0,1.97,1.99,1.97,1.98,8087421.0
2013-08-01,19143362.0,1.97,1.98,1.95,1.96,9339206.0
2013-07-31,11347290.0,1.95,1.97,1.95,1.96,5561323.0
2013-07-30,17737750.0,1.96,1.97,1.95,1.96,8685647.0
2013-07-29,30036962.0,1.95,1.97,1.94,1.95,14760730.0
2013-07-26,16095930.0,1.96,1.97,1.95,1.95,7905139.0
2013-07-25,18891616.0,1.96,1.97,1.95,1.96,9264907.0
2013-07-24,21271662.0,1.96,1.98,1.94,1.97,10437692.0
2013-07-23,23199932.0,1.97,1.98,1.94,1.94,11339565.0
2013-07-22,14689791.0,1.94,1.95,1.93,1.94,7272109.0
2013-07-19,18902664.0,1.94,1.98,1.94,1.96,9261553.0
2013-07-18,17505124.0,1.97,1.99,1.96,1.98,8536667.0
2013-07-17,24152728.0,1.98,2.00,1.98,1.98,11662843.0
2013-07-16,21474926.0,1.99,1.99,1.97,1.98,10427385.0
2013-07-15,21536200.0,1.99,2.00,1.98,1.99,10405532.0
2013-07-12,24024756.0,1.98,2.02,1.98,2.01,11560040.0
2013-07-11,61177784.0,2.02,2.04,1.95,1.96,29382324.0
2013-07-10,18214912.0,1.96,1.97,1.93,1.93,8979249.0
2013-07-09,11470711.0,1.93,1.95,1.92,1.93,5685468.0
2013-07-08,20759528.0,1.93,1.96,1.93,1.95,10291318.0
2013-07-05,19440886.0,1.97,1.98,1.95,1.96,9517479.0
2013-07-04,24806704.0,1.96,1.97,1.93,1.94,12217956.0
2013-07-03,21593800.0,1.95,1.96,1.93,1.96,10691571.0
2013-07-02,17573764.0,1.96,1.97,1.95,1.97,8620944.0
2013-07-01,29951080.0,1.96,1.99,1.93,1.94,14671935.0
2013-06-28,25818040.0,1.94,1.96,1.92,1.93,12770493.0
2013-06-27,28078044.0,1.94,1.96,1.92,1.94,13878654.0
2013-06-26,36059496.0,1.94,1.96,1.92,1.95,17883914.0
2013-06-25,46077996.0,1.96,1.98,1.91,1.98,22741542.0
2013-06-24,29505124.0,1.98,2.07,1.97,2.06,14030370.0
2013-06-21,19058768.0,2.07,2.09,2.06,2.07,8837826.0
2013-06-20,20430952.0,2.09,2.15,2.09,2.14,9300139.0
2013-06-19,27285328.0,2.15,2.19,2.12,2.19,12180297.0
2013-06-18,21428660.0,2.18,2.19,2.17,2.19,9141783.0
2013-06-17,18465020.0,2.19,2.19,2.17,2.18,7848525.0
2013-06-14,27390168.0,2.19,2.19,2.17,2.18,11672302.0
2013-06-13,40241360.0,2.18,2.21,2.16,2.21,17073898.0
2013-06-07,27395722.0,2.21,2.24,2.21,2.24,11400413.0
2013-06-06,19448904.0,2.23,2.25,2.23,2.25,8034107.0
2013-06-05,13519483.0,2.25,2.26,2.24,2.25,5576088.0
2013-06-04,34002612.0,2.24,2.27,2.24,2.27,13981230.0
2013-06-03,20135044.0,2.27,2.28,2.26,2.27,8225454.0
2013-05-31,31747020.0,2.26,2.28,2.26,2.27,12949695.0
2013-05-30,26162628.0,2.27,2.28,2.27,2.28,10668218.0
2013-05-29,26166892.0,2.28,2.29,2.28,2.29,10620275.0
2013-05-28,35972124.0,2.29,2.29,2.26,2.27,14657277.0
2013-05-27,22230716.0,2.27,2.28,2.27,2.27,9067150.0
2013-05-24,20397408.0,2.28,2.28,2.27,2.27,8311709.0
2013-05-23,27321708.0,2.27,2.29,2.27,2.27,11125634.0
2013-05-22,23056352.0,2.28,2.29,2.27,2.28,9374933.0
2013-05-21,28918502.0,2.28,2.29,2.27,2.28,11759165.0
2013-05-20,36371100.0,2.29,2.29,2.27,2.27,14771849.0
2013-05-17,35017816.0,2.28,2.29,2.25,2.26,14271908.0
2013-05-16,23485184.0,2.26,2.27,2.24,2.25,9638359.0
2013-05-15,25088424.0,2.25,2.26,2.24,2.25,10321011.0
2013-05-14,25143308.0,2.25,2.28,2.25,2.27,10311662.0
2013-05-13,16708504.0,2.27,2.29,2.27,2.28,6810304.0
2013-05-10,18115916.0,2.28,2.28,2.27,2.27,7378566.0
2013-05-09,23165132.0,2.27,2.29,2.27,2.28,9442806.0
2013-05-08,20751824.0,2.29,2.29,2.27,2.28,8420164.0
2013-05-07,20889190.0,2.27,2.28,2.27,2.28,8516601.0
2013-05-06,28390096.0,2.28,2.29,2.27,2.28,11539307.0
2013-05-03,36690552.0,2.28,2.30,2.26,2.26,14928399.0
2013-05-02,21207392.0,2.26,2.28,2.26,2.27,8673086.0
2013-04-26,22355348.0,2.28,2.29,2.26,2.28,9104940.0
2013-04-25,27110192.0,2.27,2.29,2.27,2.29,11019099.0
2013-04-24,29874404.0,2.29,2.30,2.28,2.28,12101031.0
2013-04-23,32092536.0,2.29,2.32,2.28,2.31,12971406.0
2013-04-22,25019198.0,2.32,2.32,2.31,2.32,10016956.0
2013-04-19,45401468.0,2.32,2.32,2.29,2.30,18195164.0
2013-04-18,15673290.0,2.30,2.30,2.28,2.29,6337872.0
2013-04-17,17142772.0,2.30,2.32,2.29,2.31,6923909.0
2013-04-16,20724630.0,2.31,2.32,2.29,2.29,8340187.0
2013-04-15,21296672.0,2.29,2.32,2.29,2.31,8561860.0
2013-04-12,14761341.0,2.32,2.33,2.31,2.32,5893304.0
2013-04-11,26257788.0,2.32,2.36,2.32,2.35,10403110.0
2013-04-10,76849600.0,2.35,2.36,2.31,2.32,30550448.0
2013-04-09,89901208.0,2.32,2.34,2.31,2.32,35868968.0
2013-04-08,66748992.0,2.32,2.32,2.26,2.27,27041488.0
2013-04-03,27418624.0,2.28,2.30,2.27,2.30,11116551.0
2013-04-02,35770160.0,2.30,2.32,2.28,2.29,14420966.0
2013-04-01,23573676.0,2.28,2.29,2.27,2.28,9583109.0
2013-03-29,25354832.0,2.29,2.30,2.28,2.29,10272458.0
2013-03-28,48422864.0,2.28,2.31,2.27,2.30,19634094.0
2013-03-27,34834992.0,2.31,2.32,2.30,2.32,13961823.0
2013-03-26,30265280.0,2.32,2.33,2.31,2.32,12130049.0
2013-03-25,23415786.0,2.32,2.34,2.32,2.33,9313134.0
2013-03-22,27603780.0,2.33,2.33,2.32,2.33,10985867.0
2013-03-21,52999684.0,2.32,2.35,2.32,2.33,21025008.0
2013-03-20,86725552.0,2.33,2.34,2.31,2.31,34490784.0
2013-03-19,27432460.0,2.31,2.32,2.30,2.32,11014484.0
2013-03-18,33322434.0,2.31,2.34,2.30,2.32,13299700.0
2013-03-15,88976136.0,2.33,2.36,2.32,2.34,35216500.0
2013-03-14,157396656.0,2.35,2.37,2.30,2.30,62268064.0
2013-03-13,26768310.0,2.30,2.32,2.30,2.32,10749723.0
2013-03-12,61168136.0,2.32,2.36,2.30,2.35,24351060.0
2013-03-11,26046622.0,2.35,2.36,2.34,2.35,10248991.0
2013-03-08,40793640.0,2.36,2.37,2.35,2.36,15993950.0
2013-03-07,99617552.0,2.36,2.37,2.33,2.34,39134152.0
2013-03-06,76023808.0,2.34,2.35,2.30,2.32,30185150.0
2013-03-05,64568672.0,2.32,2.32,2.30,2.32,25918720.0
2013-03-04,66963176.0,2.32,2.35,2.31,2.34,26600548.0
2013-03-01,35883388.0,2.35,2.36,2.33,2.35,14159374.0
2013-02-28,46201836.0,2.36,2.36,2.32,2.33,18240246.0
2013-02-27,29216640.0,2.33,2.34,2.32,2.32,11611805.0
2013-02-26,48660088.0,2.32,2.37,2.32,2.35,19195840.0
2013-02-25,38496140.0,2.36,2.38,2.35,2.37,15070357.0
2013-02-22,37843676.0,2.36,2.38,2.35,2.37,14835433.0
2013-02-21,88625824.0,2.37,2.41,2.35,2.41,34593524.0
2013-02-20,44028696.0,2.43,2.43,2.41,2.42,16865740.0
2013-02-19,62731752.0,2.42,2.45,2.41,2.45,23962204.0
2013-02-18,52401192.0,2.45,2.46,2.44,2.46,19794378.0
2013-02-08,52199008.0,2.45,2.47,2.45,2.45,19646390.0
2013-02-07,55856060.0,2.45,2.46,2.44,2.45,21128160.0
2013-02-06,47577156.0,2.45,2.46,2.44,2.45,18007034.0
2013-02-05,119758080.0,2.45,2.48,2.40,2.42,45521848.0
2013-02-04,81829584.0,2.42,2.44,2.41,2.43,31351296.0
2013-02-01,90572352.0,2.43,2.44,2.40,2.41,34749116.0
2013-01-31,64120736.0,2.42,2.43,2.40,2.42,24610220.0
2013-01-30,103619352.0,2.42,2.43,2.39,2.39,39873816.0
2013-01-29,116409000.0,2.40,2.42,2.38,2.42,44987552.0
2013-01-28,70474632.0,2.41,2.42,2.39,2.40,27123078.0
2013-01-25,67321064.0,2.39,2.41,2.38,2.39,26032778.0
2013-01-24,212238256.0,2.39,2.45,2.38,2.40,81276832.0
2013-01-23,70813800.0,2.39,2.39,2.36,2.37,27609660.0
2013-01-22,110421344.0,2.37,2.40,2.36,2.38,43062104.0
2013-01-21,92463456.0,2.38,2.41,2.35,2.37,35921624.0
2013-01-18,58111256.0,2.37,2.37,2.34,2.35,22838176.0
2013-01-17,46883040.0,2.34,2.36,2.33,2.36,18511120.0
2013-01-16,67586312.0,2.36,2.38,2.34,2.37,26484868.0
2013-01-15,128787360.0,2.38,2.40,2.33,2.35,50499456.0
2013-01-14,79312704.0,2.35,2.35,2.31,2.32,31470442.0
2013-01-11,72227136.0,2.32,2.34,2.31,2.34,28772676.0
2013-01-10,54828256.0,2.34,2.35,2.33,2.34,21682844.0
2013-01-09,66958904.0,2.34,2.35,2.32,2.33,26506580.0
2013-01-08,75385600.0,2.34,2.35,2.32,2.33,29893912.0
2013-01-07,120680144.0,2.33,2.36,2.32,2.35,47878748.0
2013-01-04,170229040.0,2.35,2.40,2.33,2.39,66623364.0
2012-12-31,82375416.0,2.38,2.39,2.36,2.38,32070264.0
2012-12-28,54569816.0,2.37,2.38,2.36,2.38,21305370.0
2012-12-27,104653168.0,2.37,2.41,2.36,2.38,40660008.0
2012-12-26,58720156.0,2.37,2.38,2.35,2.36,22938124.0
2012-12-25,87087240.0,2.36,2.38,2.32,2.33,34192456.0
2012-12-24,34451064.0,2.33,2.34,2.32,2.33,13659906.0
2012-12-21,42506472.0,2.33,2.34,2.32,2.33,16874028.0
2012-12-20,37894364.0,2.33,2.34,2.32,2.34,15048658.0
2012-12-19,54850420.0,2.34,2.36,2.33,2.35,21623856.0
2012-12-18,164519984.0,2.36,2.38,2.32,2.33,64869864.0
2012-12-17,66740712.0,2.33,2.35,2.32,2.33,26494708.0
2012-12-14,117446576.0,2.33,2.34,2.28,2.29,46965672.0
2012-12-13,21933768.0,2.28,2.30,2.28,2.29,8894570.0
2012-12-12,30330104.0,2.29,2.30,2.28,2.29,12283405.0
2012-12-11,38647788.0,2.29,2.30,2.28,2.29,15653781.0
2012-12-10,91817752.0,2.30,2.31,2.28,2.30,37147476.0
2012-12-07,60225676.0,2.30,2.30,2.27,2.28,24452256.0
2012-12-06,37257492.0,2.29,2.29,2.27,2.29,15140816.0
2012-12-05,81129784.0,2.30,2.31,2.25,2.26,32925130.0
2012-12-04,18618032.0,2.27,2.27,2.25,2.26,7642182.0
2012-12-03,25289956.0,2.27,2.27,2.24,2.26,10370324.0
2012-11-30,27502964.0,2.27,2.27,2.24,2.25,11308742.0
2012-11-29,23933886.0,2.27,2.27,2.24,2.26,9832926.0
2012-11-28,37052848.0,2.27,2.27,2.23,2.26,15254081.0
2012-11-27,25058366.0,2.27,2.27,2.25,2.27,10270916.0
2012-11-26,14909179.0,2.28,2.28,2.26,2.27,6090865.0
2012-11-23,10209279.0,2.28,2.28,2.26,2.27,4164041.0
2012-11-22,15752519.0,2.28,2.28,2.26,2.28,6434183.0
2012-11-21,29991784.0,2.29,2.30,2.26,2.26,12187448.0
2012-11-20,15942451.0,2.27,2.28,2.25,2.27,6525919.0
2012-11-19,18946696.0,2.28,2.28,2.26,2.28,7750003.0
2012-11-16,28825468.0,2.28,2.29,2.26,2.28,11767173.0
2012-11-15,28776118.0,2.30,2.30,2.27,2.28,11683657.0
2012-11-14,27675040.0,2.30,2.30,2.27,2.28,11230142.0
2012-11-13,29020408.0,2.29,2.29,2.27,2.29,11806905.0
2012-11-12,29149044.0,2.30,2.30,2.27,2.28,11817603.0
2012-11-09,22086662.0,2.29,2.29,2.26,2.27,8999841.0
2012-11-08,33914432.0,2.29,2.29,2.26,2.28,13803210.0
2012-11-07,18444672.0,2.30,2.30,2.27,2.29,7482850.0
2012-11-06,23464764.0,2.30,2.30,2.27,2.30,9522246.0
2012-11-05,19625336.0,2.30,2.31,2.28,2.31,7933778.0
2012-11-02,25172412.0,2.31,2.32,2.29,2.31,10123503.0
2012-11-01,31680680.0,2.29,2.30,2.27,2.27,12841826.0
2012-10-31,14879514.0,2.27,2.28,2.26,2.28,6077323.0
2012-10-30,25242252.0,2.28,2.28,2.26,2.28,10302738.0
2012-10-29,27657140.0,2.28,2.29,2.26,2.28,11260273.0
2012-10-26,55912616.0,2.29,2.32,2.27,2.32,22615868.0
2012-10-25,105909768.0,2.33,2.36,2.30,2.31,42002800.0
2012-10-24,42977128.0,2.32,2.32,2.28,2.29,17281800.0
2012-10-23,17430306.0,2.30,2.31,2.29,2.30,7042020.0
2012-10-22,18633980.0,2.31,2.31,2.28,2.29,7524894.0
2012-10-19,20880806.0,2.31,2.31,2.29,2.31,8416915.0
2012-10-18,52519680.0,2.32,2.32,2.28,2.29,21112290.0
2012-10-17,22099068.0,2.30,2.30,2.27,2.30,8967480.0
2012-10-16,20814956.0,2.30,2.30,2.28,2.29,8436559.0
2012-10-15,18731920.0,2.30,2.30,2.27,2.30,7605789.0
2012-10-12,27016444.0,2.30,2.31,2.28,2.29,10916656.0
2012-10-11,35201608.0,2.30,2.31,2.28,2.30,14254466.0
2012-10-10,31853324.0,2.31,2.32,2.29,2.30,12814082.0
2012-10-09,48173376.0,2.31,2.31,2.27,2.27,19466152.0
2012-10-08,22173824.0,2.28,2.29,2.25,2.27,9065652.0
2012-09-28,49726112.0,2.29,2.29,2.23,2.24,20389836.0
2012-09-27,44573576.0,2.27,2.28,2.23,2.24,18315924.0
2012-09-26,28878758.0,2.25,2.26,2.22,2.25,11937150.0
2012-09-25,20015562.0,2.26,2.26,2.22,2.24,8264519.0
2012-09-24,26556058.0,2.26,2.27,2.22,2.24,10981624.0
2012-09-21,29431648.0,2.26,2.27,2.24,2.24,12109798.0
2012-09-20,39515968.0,2.26,2.27,2.22,2.26,16301292.0
2012-09-19,17732348.0,2.27,2.28,2.26,2.28,7243268.0
2012-09-18,21816668.0,2.28,2.29,2.27,2.29,8879756.0
2012-09-17,32300642.0,2.30,2.31,2.27,2.31,13070875.0
2012-09-14,38247020.0,2.32,2.32,2.30,2.32,15335452.0
2012-09-13,36926936.0,2.32,2.32,2.29,2.30,14813864.0
2012-09-12,23591336.0,2.30,2.32,2.29,2.31,9514978.0
2012-09-11,24628856.0,2.31,2.32,2.29,2.31,9911665.0
2012-09-10,60762896.0,2.32,2.34,2.30,2.33,24301164.0
2012-09-07,100667864.0,2.34,2.35,2.29,2.29,40037888.0
2012-09-06,42845032.0,2.30,2.30,2.26,2.27,17404372.0
2012-09-05,23889784.0,2.27,2.28,2.26,2.28,9746799.0
2012-09-04,39651924.0,2.29,2.29,2.26,2.28,16121952.0
2012-09-03,34707308.0,2.30,2.30,2.28,2.29,14078773.0
2012-08-31,32745672.0,2.30,2.30,2.28,2.29,13246295.0
2012-08-30,23853908.0,2.30,2.30,2.28,2.30,9648450.0
2012-08-29,11223889.0,2.30,2.31,2.29,2.30,4534053.0
2012-08-28,42481480.0,2.31,2.32,2.28,2.29,17177092.0
2012-08-27,31932448.0,2.30,2.30,2.28,2.29,12920652.0
2012-08-24,23996068.0,2.30,2.30,2.28,2.29,9720971.0
2012-08-23,17260634.0,2.30,2.30,2.28,2.29,6983568.0
2012-08-22,19664988.0,2.30,2.31,2.28,2.31,7949034.0
2012-08-21,18170560.0,2.31,2.31,2.29,2.30,7317263.0
2012-08-20,21239892.0,2.31,2.31,2.28,2.30,8583052.0
2012-08-17,21124012.0,2.31,2.31,2.29,2.31,8512379.0
2012-08-16,17413248.0,2.31,2.31,2.29,2.30,7020075.0
2012-08-15,18115408.0,2.30,2.31,2.29,2.30,7304271.0
2012-08-14,25409512.0,2.31,2.32,2.28,2.32,10226082.0
2012-08-13,25736880.0,2.31,2.32,2.31,2.32,10285337.0
2012-08-10,20002480.0,2.32,2.33,2.32,2.33,7966858.0
2012-08-09,23810614.0,2.33,2.34,2.32,2.33,9468490.0
2012-08-08,33716300.0,2.34,2.34,2.32,2.32,13385689.0
2012-08-07,28976748.0,2.33,2.33,2.32,2.32,11552667.0
2012-08-06,31613424.0,2.33,2.33,2.31,2.31,12627921.0
2012-08-03,17468724.0,2.32,2.32,2.30,2.32,7001401.0
2012-08-02,12912006.0,2.31,2.32,2.31,2.32,5175630.0
2012-08-01,18127206.0,2.32,2.33,2.31,2.31,7235840.0
2012-07-31,21986816.0,2.32,2.32,2.30,2.32,8819372.0
2012-07-30,28836260.0,2.32,2.34,2.31,2.32,11492542.0
2012-07-27,15918624.0,2.32,2.32,2.30,2.32,6388810.0
2012-07-26,20612428.0,2.31,2.32,2.30,2.32,8267159.0
2012-07-25,14934615.0,2.32,2.33,2.31,2.32,5962033.0
2012-07-24,28228856.0,2.33,2.34,2.31,2.32,11254793.0
2012-07-23,51916512.0,2.33,2.35,2.31,2.34,20713724.0
2012-07-20,91254848.0,2.36,2.43,2.31,2.32,35692116.0
2012-07-19,34596248.0,2.33,2.35,2.31,2.32,13743425.0
2012-07-18,21865228.0,2.32,2.33,2.29,2.31,8770674.0
2012-07-17,16589963.0,2.31,2.32,2.29,2.31,6657739.0
2012-07-16,25445996.0,2.31,2.32,2.29,2.32,10239359.0
2012-07-13,13953815.0,2.32,2.34,2.32,2.32,5559700.0
2012-07-12,33470880.0,2.33,2.33,2.28,2.30,13417733.0
2012-07-11,24424460.0,2.32,2.32,2.27,2.28,9859057.0
2012-07-10,24093684.0,2.30,2.31,2.25,2.28,9823383.0
2012-07-09,21729856.0,2.27,2.32,2.27,2.31,8758382.0
2012-07-06,22062080.0,2.32,2.32,2.27,2.30,8933971.0
2012-07-05,26255060.0,2.28,2.31,2.27,2.29,10360943.0
2012-07-04,23491088.0,2.30,2.32,2.28,2.30,9234773.0
2012-07-03,27080944.0,2.30,2.33,2.28,2.29,10568488.0
2012-07-02,30880424.0,2.29,2.30,2.27,2.28,12179255.0
2012-06-29,51337844.0,2.28,2.29,2.22,2.25,20554494.0
2012-06-28,31355802.0,2.24,2.27,2.24,2.26,12543753.0
2012-06-27,26038760.0,2.27,2.28,2.26,2.28,10358996.0
2012-06-26,19713604.0,2.28,2.28,2.26,2.27,7833576.0
2012-06-25,23832958.0,2.27,2.30,2.26,2.28,9395486.0
2012-06-21,18010108.0,2.29,2.33,2.28,2.32,7062738.0
2012-06-20,12589170.0,2.32,2.34,2.32,2.32,4884090.0
2012-06-19,17600648.0,2.32,2.35,2.32,2.34,6823206.0
2012-06-18,33136944.0,2.34,2.36,2.33,2.35,12735451.0
2012-06-15,19595926.0,2.32,2.32,2.29,2.31,7653314.0
2012-06-14,24687250.0,2.30,2.32,2.29,2.29,9666697.0
2012-06-13,23232422.0,2.29,2.30,2.27,2.27,9164572.0
2012-06-12,34149004.0,2.27,2.30,2.27,2.29,13496600.0
2012-06-11,29044352.0,2.31,2.31,2.27,2.27,11419282.0
2012-06-08,37483428.0,2.28,2.34,2.27,2.33,14692210.0
2012-06-07,32553900.0,2.31,2.35,2.30,2.35,12615588.0
2012-06-06,28131536.0,2.33,2.35,2.32,2.34,10869118.0
2012-06-04,59399632.0,2.32,2.35,2.32,2.35,22910694.0
2012-06-01,65764852.0,2.38,2.43,2.37,2.38,24715894.0
2012-05-31,49944144.0,2.36,2.39,2.35,2.38,19006806.0
2012-05-30,58479292.0,2.40,2.44,2.38,2.39,21890400.0
2012-05-29,83133088.0,2.40,2.42,2.37,2.39,31317384.0
2012-05-28,86763952.0,2.40,2.42,2.32,2.35,32970028.0
2012-05-25,55735636.0,2.35,2.40,2.34,2.38,21346204.0
2012-05-24,107629680.0,2.38,2.41,2.34,2.35,40684308.0
2012-05-23,81095040.0,2.36,2.38,2.33,2.37,31147176.0
2012-05-22,145492432.0,2.38,2.41,2.35,2.40,55334236.0
2012-05-21,231554272.0,2.40,2.51,2.38,2.48,86235792.0
2012-05-18,523657152.0,2.54,2.57,2.36,2.38,189399312.0
2012-05-17,163188208.0,2.40,2.42,2.29,2.31,61817336.0
2012-05-16,61477164.0,2.31,2.37,2.28,2.30,23792144.0
2012-05-15,30103004.0,2.30,2.31,2.29,2.31,11812946.0
2012-05-14,41067820.0,2.32,2.36,2.32,2.36,15870929.0
2012-05-11,30242764.0,2.35,2.36,2.34,2.35,11605379.0
2012-05-10,40582428.0,2.36,2.39,2.35,2.38,15468056.0
2012-05-09,37181344.0,2.38,2.41,2.37,2.40,14047413.0
2012-05-08,66245208.0,2.42,2.43,2.40,2.41,24771326.0
2012-05-07,74577776.0,2.42,2.42,2.38,2.39,28031032.0
2012-05-04,76891392.0,2.40,2.41,2.37,2.40,29023564.0
2012-05-03,67193368.0,2.40,2.43,2.38,2.40,25237556.0
2012-05-02,71860968.0,2.40,2.42,2.38,2.39,26985768.0
2012-04-27,37946048.0,2.37,2.40,2.36,2.38,14404631.0
2012-04-26,58196332.0,2.39,2.41,2.36,2.40,22042512.0
2012-04-25,75138112.0,2.41,2.42,2.36,2.37,28316800.0
2012-04-24,80483792.0,2.39,2.43,2.33,2.36,30570466.0
2012-04-23,55181568.0,2.38,2.41,2.37,2.39,20806706.0
2012-04-20,82362376.0,2.41,2.44,2.36,2.38,31022732.0
2012-04-19,135411600.0,2.40,2.45,2.37,2.37,50816320.0
2012-04-18,107098360.0,2.36,2.36,2.28,2.33,41515040.0
2012-04-17,240408416.0,2.35,2.51,2.33,2.51,90566384.0
2012-04-16,57113552.0,2.31,2.34,2.29,2.30,22327248.0
2012-04-13,36367680.0,2.31,2.32,2.29,2.31,14258924.0
2012-04-12,38757696.0,2.31,2.31,2.26,2.26,15285367.0
2012-04-11,34628720.0,2.28,2.30,2.24,2.25,13770784.0
2012-04-10,20640280.0,2.27,2.27,2.23,2.25,8301592.0
2012-04-09,29010140.0,2.26,2.26,2.23,2.24,11658640.0
2012-04-06,24472200.0,2.26,2.26,2.22,2.24,9876160.0
2012-04-05,30888148.0,2.26,2.26,2.20,2.22,12476486.0
2012-03-30,18413072.0,2.22,2.24,2.20,2.23,7486111.0
2012-03-29,23900858.0,2.23,2.26,2.21,2.26,9649249.0
2012-03-28,31191510.0,2.28,2.32,2.26,2.32,12316390.0
2012-03-27,19467706.0,2.33,2.34,2.31,2.34,7557791.0
2012-03-26,14965234.0,2.34,2.34,2.31,2.33,5807508.0
2012-03-23,25802628.0,2.35,2.36,2.32,2.36,9947232.0
2012-03-22,17763472.0,2.37,2.38,2.35,2.35,6766563.0
2012-03-21,32385014.0,2.37,2.39,2.34,2.38,12365023.0
2012-03-20,54833864.0,2.38,2.41,2.36,2.40,20813440.0
2012-03-19,36744660.0,2.42,2.43,2.39,2.42,13797074.0
2012-03-16,55236060.0,2.43,2.44,2.39,2.43,20675906.0
2012-03-15,136689456.0,2.44,2.47,2.40,2.40,50471560.0
2012-03-14,86373808.0,2.39,2.45,2.36,2.44,32228336.0
2012-03-13,33063312.0,2.43,2.44,2.41,2.42,12327906.0
2012-03-12,28842820.0,2.43,2.44,2.41,2.43,10750032.0
2012-03-09,29489856.0,2.44,2.44,2.41,2.42,10994848.0
2012-03-08,41873516.0,2.43,2.43,2.40,2.40,15662815.0
2012-03-07,31253340.0,2.40,2.43,2.40,2.41,11697767.0
2012-03-06,29489796.0,2.43,2.45,2.41,2.45,10978214.0
2012-03-05,34108400.0,2.45,2.47,2.45,2.45,12544499.0
2012-03-02,38270072.0,2.45,2.46,2.42,2.43,14141753.0
2012-03-01,16223843.0,2.43,2.44,2.41,2.42,6048620.0
2012-02-29,40050832.0,2.43,2.45,2.41,2.45,14911054.0
2012-02-28,48736428.0,2.45,2.45,2.43,2.44,18011760.0
2012-02-27,119075464.0,2.45,2.47,2.43,2.46,43899856.0
2012-02-24,146191536.0,2.45,2.54,2.35,2.37,54298140.0
2012-02-23,44694604.0,2.37,2.39,2.35,2.35,17045228.0
2012-02-22,46925800.0,2.36,2.36,2.33,2.34,18043260.0
2012-02-21,20322168.0,2.35,2.35,2.31,2.35,7866929.0
2012-02-20,31811780.0,2.35,2.37,2.34,2.35,12209719.0
2012-02-17,19278022.0,2.35,2.35,2.32,2.35,7445513.0
2012-02-16,29483632.0,2.34,2.35,2.32,2.35,11367913.0
2012-02-15,41454144.0,2.35,2.37,2.30,2.32,15952846.0
2012-02-14,38174028.0,2.34,2.35,2.30,2.35,14841999.0
2012-02-13,64360288.0,2.36,2.38,2.31,2.32,24609824.0
2012-02-10,73533880.0,2.35,2.35,2.29,2.30,28557144.0
2012-02-09,96461296.0,2.31,2.32,2.25,2.26,38003000.0
2012-02-08,31792358.0,2.27,2.27,2.22,2.23,12721490.0
2012-02-07,20687980.0,2.24,2.26,2.22,2.26,8344054.0
2012-02-06,30065930.0,2.27,2.27,2.26,2.27,11979161.0
2012-02-03,35016632.0,2.27,2.27,2.25,2.26,13968284.0
2012-02-02,21683972.0,2.27,2.27,2.22,2.24,8716993.0
2012-02-01,13975344.0,2.24,2.26,2.22,2.23,5643264.0
2012-01-31,12778692.0,2.24,2.25,2.22,2.23,5170672.0
2012-01-30,27369462.0,2.24,2.27,2.23,2.26,10991256.0
2012-01-20,32071368.0,2.27,2.27,2.24,2.26,12812455.0
2012-01-19,37860136.0,2.26,2.26,2.21,2.23,15212063.0
2012-01-18,46753900.0,2.24,2.27,2.22,2.26,18780900.0
2012-01-17,64782544.0,2.27,2.27,2.16,2.17,26175216.0
2012-01-16,18566154.0,2.18,2.18,2.16,2.17,7738437.0
2012-01-13,31538892.0,2.18,2.23,2.16,2.22,13015980.0
2012-01-12,31564138.0,2.23,2.25,2.21,2.22,12806230.0
2012-01-11,43551512.0,2.24,2.25,2.21,2.24,17624932.0
2012-01-10,66556408.0,2.24,2.25,2.17,2.17,27139576.0
2012-01-09,45895240.0,2.18,2.19,2.11,2.12,19237116.0
2012-01-06,17195460.0,2.13,2.13,2.09,2.12,7339796.0
2012-01-05,21812804.0,2.13,2.14,2.10,2.13,9276016.0
2012-01-04,24929204.0,2.15,2.18,2.12,2.17,10483642.0
2011-12-30,20948084.0,2.16,2.17,2.13,2.14,8798901.0
2011-12-29,29564148.0,2.14,2.15,2.12,2.14,12530210.0
2011-12-28,22942864.0,2.16,2.17,2.12,2.17,9682764.0
2011-12-27,37324696.0,2.18,2.21,2.15,2.20,15499042.0
2011-12-26,24837900.0,2.21,2.23,2.18,2.19,10166495.0
2011-12-23,16194921.0,2.21,2.24,2.18,2.19,6610732.0
2011-12-22,27663916.0,2.21,2.22,2.17,2.21,11388618.0
2011-12-21,18562960.0,2.23,2.25,2.21,2.24,7506100.0
2011-12-20,14513514.0,2.23,2.25,2.22,2.23,5873509.0
2011-12-19,24878380.0,2.24,2.25,2.20,2.24,10115162.0
2011-12-16,34094920.0,2.28,2.30,2.19,2.20,13857311.0
2011-12-15,29166346.0,2.21,2.25,2.19,2.25,11899656.0
2011-12-14,23072384.0,2.26,2.27,2.24,2.27,9227589.0
2011-12-13,28401534.0,2.28,2.32,2.27,2.31,11208739.0
2011-12-12,11730678.0,2.32,2.34,2.31,2.34,4549000.0
2011-12-09,18055178.0,2.34,2.35,2.33,2.34,6973907.0
2011-12-08,19870350.0,2.35,2.36,2.33,2.36,7641999.0
2011-12-07,13214773.0,2.36,2.37,2.35,2.35,5057210.0
2011-12-06,16299644.0,2.36,2.36,2.35,2.35,6247714.0
2011-12-05,23980476.0,2.37,2.40,2.35,2.40,9126001.0
2011-12-02,25316336.0,2.41,2.42,2.37,2.41,9547612.0
2011-12-01,49359936.0,2.43,2.45,2.41,2.43,18351028.0
2011-11-30,49432796.0,2.40,2.46,2.36,2.45,18510368.0
2011-11-29,24162564.0,2.47,2.47,2.45,2.46,8875827.0
2011-11-28,18240412.0,2.45,2.45,2.44,2.45,6728052.0
2011-11-25,24611236.0,2.45,2.46,2.44,2.45,9061315.0
2011-11-24,19290680.0,2.46,2.47,2.45,2.45,7088813.0
2011-11-23,35099756.0,2.47,2.48,2.45,2.46,12856224.0
2011-11-22,16811130.0,2.46,2.46,2.45,2.45,6180235.0
2011-11-21,25277098.0,2.47,2.47,2.45,2.46,9273027.0
2011-11-18,45315540.0,2.46,2.50,2.45,2.49,16549242.0
2011-11-17,29271908.0,2.51,2.52,2.49,2.50,10559070.0
2011-11-16,49040012.0,2.51,2.54,2.49,2.53,17613212.0
2011-11-15,40796144.0,2.54,2.55,2.53,2.54,14507201.0
2011-11-14,35410036.0,2.55,2.55,2.53,2.54,12555415.0
2011-11-11,21243094.0,2.53,2.54,2.52,2.53,7588717.0
2011-11-10,40236080.0,2.53,2.54,2.52,2.54,14359669.0
2011-11-09,35826188.0,2.56,2.56,2.54,2.56,12689199.0
2011-11-08,40078736.0,2.56,2.57,2.54,2.57,14143207.0
2011-11-07,46137488.0,2.57,2.58,2.55,2.57,16226060.0
2011-11-04,68974056.0,2.58,2.59,2.55,2.57,24189420.0
2011-11-03,88243800.0,2.57,2.58,2.55,2.55,31042060.0
2011-11-02,66137636.0,2.55,2.55,2.50,2.51,23648888.0
2011-11-01,45972568.0,2.54,2.55,2.52,2.53,16383996.0
2011-10-31,57407352.0,2.54,2.56,2.52,2.55,20455744.0
2011-10-28,88864264.0,2.55,2.57,2.53,2.55,31456508.0
2011-10-27,64570504.0,2.54,2.55,2.51,2.52,22979402.0
2011-10-26,100515024.0,2.52,2.54,2.50,2.51,35896616.0
2011-10-25,73390816.0,2.52,2.55,2.48,2.49,26279724.0
2011-10-24,36684964.0,2.51,2.51,2.44,2.49,13361112.0
2011-10-21,44309412.0,2.48,2.54,2.47,2.54,16008221.0
2011-10-20,43147964.0,2.54,2.57,2.51,2.57,15376395.0
2011-10-19,26811480.0,2.58,2.59,2.55,2.58,9420980.0
2011-10-18,28375504.0,2.58,2.61,2.55,2.59,9938271.0
2011-10-17,21021764.0,2.61,2.63,2.59,2.62,7280947.0
2011-10-14,31065368.0,2.61,2.62,2.59,2.59,10774447.0
2011-10-13,84030528.0,2.61,2.63,2.60,2.61,29017454.0
2011-10-12,62089672.0,2.61,2.62,2.54,2.56,21600896.0
2011-10-11,24987680.0,2.56,2.62,2.54,2.60,8729880.0
2011-10-10,20402448.0,2.56,2.59,2.55,2.59,7171893.0
2011-09-30,24902364.0,2.57,2.60,2.55,2.59,8732943.0
2011-09-29,35496808.0,2.59,2.61,2.57,2.60,12397047.0
2011-09-28,39163432.0,2.61,2.65,2.59,2.63,13529446.0
2011-09-27,25744648.0,2.63,2.65,2.62,2.63,8837613.0
2011-09-26,26853688.0,2.63,2.66,2.62,2.63,9210353.0
2011-09-23,32946262.0,2.64,2.66,2.62,2.63,11264537.0
2011-09-22,69331296.0,2.66,2.72,2.64,2.71,23380038.0
2011-09-21,115859280.0,2.72,2.74,2.67,2.69,38519740.0
2011-09-20,27731266.0,2.70,2.71,2.67,2.68,9283826.0
2011-09-19,39354428.0,2.70,2.71,2.66,2.71,13249316.0
2011-09-16,53264712.0,2.72,2.73,2.69,2.73,17736678.0
2011-09-15,84505768.0,2.74,2.75,2.64,2.67,28338416.0
2011-09-14,30732750.0,2.68,2.70,2.63,2.69,10417599.0
2011-09-13,27220824.0,2.67,2.68,2.63,2.64,9283417.0
2011-09-09,22425058.0,2.66,2.67,2.64,2.65,7610931.0
2011-09-08,20706594.0,2.65,2.66,2.63,2.65,7060267.0
2011-09-07,19307280.0,2.65,2.66,2.62,2.63,6599386.0
2011-09-06,18453440.0,2.63,2.63,2.61,2.61,6353634.0
2011-09-05,34483668.0,2.63,2.64,2.62,2.64,11852443.0
2011-09-02,18877084.0,2.65,2.68,2.64,2.66,6412092.0
2011-09-01,18875810.0,2.67,2.70,2.66,2.69,6361553.0
2011-08-31,21229078.0,2.69,2.69,2.66,2.67,7166650.0
2011-08-30,35560408.0,2.68,2.72,2.67,2.70,11906167.0
2011-08-29,27431072.0,2.68,2.71,2.67,2.71,9222169.0
2011-08-26,42840416.0,2.71,2.73,2.70,2.72,14270911.0
2011-08-25,79990208.0,2.73,2.74,2.65,2.67,26667974.0
2011-08-24,27368128.0,2.67,2.71,2.65,2.69,9222200.0
2011-08-23,26171946.0,2.69,2.69,2.64,2.65,8845697.0
2011-08-22,23027500.0,2.65,2.67,2.63,2.65,7840781.0
2011-08-19,34569952.0,2.65,2.66,2.63,2.64,11810654.0
2011-08-18,30867496.0,2.67,2.72,2.67,2.71,10360143.0
2011-08-17,31520770.0,2.71,2.73,2.71,2.73,10476603.0
2011-08-16,34672028.0,2.72,2.74,2.72,2.73,11473704.0
2011-08-15,60236624.0,2.73,2.75,2.71,2.75,19921756.0
2011-08-12,93854256.0,2.75,2.79,2.69,2.70,30844748.0
2011-08-11,41820776.0,2.69,2.69,2.61,2.63,14169904.0
2011-08-10,49233028.0,2.64,2.70,2.64,2.66,16651160.0
2011-08-09,71488344.0,2.63,2.65,2.59,2.62,24631248.0
2011-08-08,88667720.0,2.66,2.74,2.63,2.73,29795164.0
2011-08-05,60458452.0,2.75,2.77,2.71,2.74,19868968.0
2011-08-04,20061502.0,2.78,2.81,2.77,2.80,6494800.0
2011-08-03,22787520.0,2.79,2.81,2.77,2.79,7368082.0
2011-08-02,38734804.0,2.81,2.81,2.75,2.79,12570423.0
2011-08-01,20619068.0,2.79,2.80,2.77,2.80,6677357.0
2011-07-29,42941976.0,2.80,2.82,2.76,2.81,13924694.0
2011-07-28,28850058.0,2.81,2.82,2.80,2.82,9285667.0
2011-07-27,28629504.0,2.83,2.83,2.80,2.82,9175150.0
2011-07-26,29590132.0,2.82,2.82,2.80,2.81,9510451.0
2011-07-25,74940376.0,2.81,2.88,2.80,2.84,23807904.0
2011-07-22,27989592.0,2.85,2.88,2.84,2.85,8836133.0
2011-07-21,41100552.0,2.84,2.90,2.84,2.89,12939918.0
2011-07-20,31781514.0,2.88,2.91,2.87,2.89,9942124.0
2011-07-19,59851856.0,2.88,2.91,2.87,2.91,18693518.0
2011-07-18,46567672.0,2.91,2.94,2.91,2.94,14371211.0
2011-07-15,101201880.0,2.94,2.95,2.92,2.95,31132120.0
2011-07-14,145101456.0,2.97,3.00,2.90,2.93,44427504.0
2011-07-13,60831136.0,2.93,2.94,2.90,2.91,18804126.0
2011-07-12,110696072.0,2.91,2.99,2.91,2.95,33954328.0
2011-07-11,185705776.0,2.98,3.03,2.91,2.91,56169952.0
2011-07-08,73011936.0,2.91,2.96,2.91,2.96,22522444.0
2011-07-07,104237096.0,2.93,2.98,2.92,2.95,31931000.0
2011-07-06,110771664.0,2.95,2.98,2.90,2.92,33885864.0
2011-07-05,120941480.0,2.93,2.94,2.87,2.89,37482344.0
2011-07-04,46418056.0,2.90,2.90,2.87,2.87,14520509.0
2011-07-01,51579480.0,2.86,2.90,2.85,2.86,16069761.0
2011-06-30,72006552.0,2.86,2.87,2.83,2.83,22532576.0
2011-06-29,76920328.0,2.83,2.86,2.83,2.84,24194772.0
2011-06-28,105121200.0,2.87,2.90,2.80,2.82,33069200.0
2011-06-27,60385336.0,2.82,2.84,2.81,2.83,19121634.0
2011-06-24,91394784.0,2.83,2.83,2.78,2.78,29021420.0
2011-06-23,67397712.0,2.79,2.81,2.75,2.76,21644744.0
2011-06-22,33792360.0,2.77,2.78,2.75,2.76,10920451.0
2011-06-21,39651872.0,2.76,2.77,2.74,2.74,12858990.0
2011-06-20,37959352.0,2.74,2.75,2.72,2.74,12408416.0
2011-06-17,26705028.0,2.74,2.77,2.74,2.74,8672059.0
2011-06-16,60556288.0,2.74,2.80,2.73,2.74,19652124.0
2011-06-15,77528384.0,2.77,2.84,2.74,2.75,24859796.0
2011-06-14,40955832.0,2.76,2.76,2.71,2.73,13324298.0
2011-06-13,28990688.0,2.73,2.74,2.71,2.73,9532287.0
2011-06-10,34693960.0,2.73,2.74,2.71,2.73,11396642.0
2011-06-09,50389480.0,2.73,2.79,2.73,2.75,16330920.0
2011-06-08,35021696.0,2.76,2.76,2.72,2.75,11432079.0
2011-06-03,30244324.0,2.75,2.75,2.72,2.72,9878542.0
2011-06-02,50935112.0,2.72,2.74,2.70,2.74,16765101.0
2011-06-01,34190016.0,2.76,2.76,2.74,2.75,11115588.0
2011-05-31,56936336.0,2.76,2.76,2.72,2.73,18591040.0
2011-05-30,34959132.0,2.73,2.75,2.72,2.72,11440596.0
2011-05-27,64099112.0,2.74,2.78,2.71,2.76,20877358.0
2011-05-26,37038620.0,2.77,2.81,2.77,2.77,11887820.0
2011-05-25,42626416.0,2.78,2.82,2.77,2.82,13646922.0
2011-05-24,48565448.0,2.82,2.83,2.79,2.83,15444820.0
2011-05-23,98020088.0,2.83,2.92,2.83,2.92,30648160.0
2011-05-20,52557348.0,2.92,2.94,2.91,2.93,16063325.0
2011-05-19,64298996.0,2.93,2.97,2.92,2.96,19558328.0
2011-05-18,49507760.0,2.96,2.97,2.93,2.95,14986441.0
2011-05-17,58392376.0,2.96,2.97,2.93,2.94,17711268.0
2011-05-16,84822544.0,2.94,2.99,2.94,2.99,25622844.0
2011-05-13,88724352.0,2.99,3.00,2.95,2.99,26708448.0
2011-05-12,99520920.0,2.98,3.02,2.98,3.00,29643272.0
2011-05-11,98502400.0,3.01,3.02,2.98,3.00,29266282.0
2011-05-10,42071536.0,2.99,3.00,2.98,2.99,12601510.0
2011-05-09,55343496.0,3.00,3.02,2.98,3.00,16522694.0
2011-05-06,76648584.0,3.00,3.00,2.95,2.98,22964116.0
2011-05-05,79707696.0,3.00,3.01,2.96,2.99,23847136.0
2011-05-04,163126784.0,3.00,3.07,2.99,3.01,48136280.0
2011-05-03,106892504.0,3.03,3.04,2.97,2.98,31734018.0
2011-04-29,62981228.0,2.98,2.98,2.92,2.92,19097550.0
2011-04-28,104232256.0,2.93,3.00,2.92,2.98,31482728.0
2011-04-27,84882768.0,2.98,3.02,2.96,3.00,25373488.0
2011-04-26,158453648.0,2.99,3.05,2.98,3.04,47149652.0
2011-04-25,188462688.0,3.05,3.12,3.04,3.10,54768456.0
2011-04-22,244366272.0,3.11,3.14,3.06,3.08,70198424.0
2011-04-21,151435168.0,3.08,3.11,3.05,3.09,44040376.0
2011-04-20,203483056.0,3.10,3.15,3.05,3.07,58651040.0
2011-04-19,150486160.0,3.05,3.10,3.04,3.09,43926912.0
2011-04-18,164789184.0,3.11,3.13,3.08,3.09,47438120.0
2011-04-15,152528768.0,3.10,3.10,3.05,3.08,44340748.0
2011-04-14,179589168.0,3.08,3.12,3.07,3.10,51897244.0
2011-04-13,211455904.0,3.10,3.12,3.04,3.05,61085408.0
2011-04-12,306010496.0,3.07,3.10,3.00,3.00,89339552.0
2011-04-11,145876304.0,3.00,3.04,3.00,3.03,43150860.0
2011-04-08,101478128.0,3.01,3.01,2.99,3.00,30216248.0
2011-04-07,103388328.0,3.00,3.01,2.98,3.00,30873204.0
2011-04-06,114608440.0,3.00,3.00,2.95,2.97,34397848.0
2011-04-01,61614452.0,2.96,2.97,2.92,2.93,18706392.0
2011-03-31,117374240.0,2.93,2.99,2.93,2.98,35562424.0
2011-03-30,111214176.0,2.98,3.01,2.97,3.00,33284696.0
2011-03-29,159438656.0,3.00,3.02,2.99,3.00,47405224.0
2011-03-28,140463200.0,3.00,3.03,3.00,3.00,41744888.0
2011-03-25,118353456.0,3.00,3.01,2.97,2.99,35386540.0
2011-03-24,173441904.0,2.99,3.01,2.95,2.96,51935876.0
2011-03-23,129483736.0,2.96,2.96,2.92,2.94,39300960.0
2011-03-22,110486304.0,2.94,2.95,2.91,2.95,33724640.0
2011-03-21,103191912.0,2.93,2.96,2.92,2.95,31349824.0
2011-03-18,77303760.0,2.96,2.98,2.94,2.96,23399256.0
2011-03-17,133647032.0,2.95,2.98,2.93,2.98,40502368.0
2011-03-16,144292512.0,3.00,3.00,2.96,2.97,43242188.0
2011-03-15,239187584.0,2.97,3.03,2.93,3.03,72071288.0
2011-03-14,168834064.0,3.04,3.07,3.00,3.04,49845688.0
2011-03-11,153289264.0,3.07,3.08,3.04,3.05,44712380.0
2011-03-10,156134048.0,3.07,3.10,3.06,3.09,45486004.0
2011-03-09,241226304.0,3.09,3.15,3.07,3.08,69356688.0
2011-03-08,227203792.0,3.08,3.09,3.04,3.09,66418404.0
2011-03-07,303592288.0,3.09,3.12,3.06,3.10,88138576.0
2011-03-04,362151008.0,3.09,3.14,3.06,3.14,104848512.0
2011-03-03,828760512.0,3.16,3.27,3.08,3.09,232144800.0
2011-03-02,1121862912.0,3.14,3.26,3.05,3.08,319815424.0
2011-03-01,206073520.0,2.97,2.99,2.94,2.96,62202060.0
2011-02-28,233343664.0,2.95,2.97,2.87,2.90,71419712.0
2011-02-25,105092120.0,2.90,2.91,2.85,2.91,32581980.0
2011-02-24,130983192.0,2.91,2.91,2.86,2.86,40535784.0
2011-02-23,135596048.0,2.88,2.89,2.84,2.84,42281368.0
2011-02-22,295955744.0,2.87,2.99,2.86,2.99,91028000.0
2011-02-21,170622912.0,2.99,2.99,2.93,2.94,51477024.0
2011-02-18,282835840.0,2.97,3.05,2.95,3.03,84332088.0
2011-02-17,405877440.0,3.04,3.07,2.98,3.03,119812336.0
2011-02-16,345952608.0,3.02,3.03,2.91,2.92,103730456.0
2011-02-15,358462432.0,2.93,2.98,2.91,2.93,108899616.0
2011-02-14,430300960.0,2.92,2.94,2.83,2.84,132376360.0
2011-02-11,189691920.0,2.83,2.86,2.81,2.82,59777056.0
2011-02-10,128509936.0,2.82,2.83,2.77,2.78,41009864.0
2011-02-09,92467104.0,2.78,2.80,2.77,2.78,29679802.0
2011-02-01,94776888.0,2.80,2.81,2.77,2.81,30396928.0
2011-01-31,160281360.0,2.81,2.83,2.78,2.79,51190872.0
2011-01-28,162395296.0,2.79,2.81,2.77,2.80,52063412.0
2011-01-27,427146240.0,2.82,2.84,2.69,2.71,136649600.0
2011-01-26,77107512.0,2.73,2.73,2.70,2.71,25401956.0
2011-01-25,83643264.0,2.71,2.73,2.69,2.71,27650772.0
2011-01-24,119922576.0,2.72,2.74,2.69,2.71,39447964.0
2011-01-21,184303904.0,2.71,2.74,2.65,2.66,61113912.0
2011-01-20,139646816.0,2.66,2.72,2.65,2.72,46518396.0
2011-01-19,131021016.0,2.73,2.73,2.67,2.69,43398468.0
2011-01-18,90774288.0,2.69,2.69,2.66,2.69,30343904.0
2011-01-17,190939664.0,2.69,2.75,2.68,2.74,62935120.0
2011-01-14,100919840.0,2.75,2.77,2.74,2.76,32742526.0
2011-01-13,110065464.0,2.76,2.79,2.76,2.79,35485176.0
2011-01-12,143513904.0,2.79,2.80,2.76,2.77,46218892.0
2011-01-11,316953408.0,2.79,2.80,2.73,2.75,102524032.0
2011-01-10,141448288.0,2.76,2.80,2.75,2.77,45563100.0
2011-01-07,249175552.0,2.79,2.82,2.74,2.75,80020488.0
2011-01-06,290436128.0,2.76,2.79,2.74,2.78,93946048.0
2011-01-05,156750992.0,2.78,2.81,2.77,2.80,50268712.0
2011-01-04,311400960.0,2.82,2.83,2.77,2.79,99758600.0
