date,open,high,close,low,volume,amount
2015-11-27,6.66,6.72,6.20,6.13,77418472.0,502612512.0
2015-11-26,6.97,6.97,6.77,6.74,63598192.0,435299904.0
2015-11-25,6.93,6.97,6.95,6.86,60997688.0,421231936.0
2015-11-24,7.03,7.04,6.95,6.86,42470852.0,294509568.0
2015-11-23,7.02,7.15,7.04,6.90,82307064.0,576868224.0
2015-11-20,6.97,7.15,7.03,6.89,109517672.0,767867264.0
2015-11-19,6.88,7.08,6.94,6.79,75319128.0,520839296.0
2015-11-18,7.06,7.16,6.84,6.77,91044864.0,630869824.0
2015-11-17,7.06,7.33,7.08,6.90,161990736.0,1152092544.0
2015-11-16,6.67,7.05,6.95,6.61,98378488.0,677338304.0
2015-11-13,6.93,7.24,6.92,6.84,145932160.0,1028558272.0
2015-11-12,6.92,6.94,6.89,6.69,99592208.0,676558016.0
2015-11-11,6.63,6.95,6.92,6.63,139022800.0,949543680.0
2015-11-10,6.69,6.79,6.66,6.57,82556320.0,549062592.0
2015-11-09,6.56,6.89,6.72,6.45,132243592.0,884541056.0
2015-11-06,6.59,6.72,6.68,6.51,96232272.0,635854272.0
2015-11-05,6.48,6.75,6.57,6.46,110083072.0,724723072.0
2015-11-04,6.35,6.55,6.54,6.28,90699904.0,585003136.0
2015-11-03,6.58,6.64,6.30,6.22,91818480.0,582172992.0
2015-11-02,6.99,7.17,6.54,6.45,181214320.0,1246134656.0
2015-10-30,6.94,7.14,6.94,6.70,123723392.0,859910528.0
2015-10-29,7.03,7.19,7.09,6.67,137195664.0,949981504.0
2015-10-28,6.96,7.26,6.87,6.83,169122800.0,1190462848.0
2015-10-27,7.00,7.00,6.86,6.50,174068688.0,1183727488.0
2015-10-26,6.50,7.02,7.02,6.32,232288016.0,1575513600.0
2015-10-23,6.06,6.43,6.38,6.01,133863672.0,841699200.0
2015-10-22,5.70,6.18,6.09,5.68,113354128.0,672140608.0
2015-10-21,6.20,6.29,5.64,5.63,110976104.0,665110784.0
2015-10-20,6.13,6.36,6.25,6.00,94994144.0,583628352.0
2015-10-19,6.28,6.59,6.18,6.07,159602176.0,1002071680.0
2015-10-16,5.95,6.19,6.10,5.83,137622736.0,825166528.0
2015-10-15,5.62,5.90,5.87,5.59,94585760.0,545616192.0
2015-10-14,5.78,5.80,5.68,5.64,81668288.0,466683008.0
2015-10-13,5.62,6.04,5.86,5.62,135021264.0,781810560.0
2015-10-12,5.61,5.86,5.60,5.55,158775616.0,901209280.0
2015-10-09,5.48,5.76,5.60,5.41,82998944.0,461538080.0
2015-10-08,5.40,5.69,5.58,5.24,92744944.0,510677504.0
2015-09-30,5.19,5.26,5.17,5.05,31349424.0,161723056.0
2015-09-29,5.34,5.34,5.14,5.12,36095300.0,187536544.0
2015-09-28,5.42,5.54,5.36,5.25,45744664.0,246768928.0
2015-09-25,5.50,5.56,5.24,5.16,84080496.0,451333248.0
2015-09-24,5.35,5.72,5.70,5.30,132268816.0,740339392.0
2015-09-23,5.13,5.38,5.20,5.10,47035144.0,246737312.0
2015-09-22,5.27,5.39,5.29,5.20,56580492.0,299391840.0
2015-09-21,5.10,5.38,5.33,5.00,70802848.0,371319744.0
2015-09-18,4.92,5.28,5.10,4.80,56172848.0,283357472.0
2015-09-17,5.05,5.17,4.87,4.86,56049332.0,281604032.0
2015-09-16,4.69,5.12,5.06,4.59,50660464.0,245214672.0
2015-09-15,5.00,5.07,4.66,4.66,50718920.0,245101536.0
2015-09-14,5.85,5.89,5.18,5.18,67661360.0,367435264.0
2015-09-11,5.90,5.94,5.76,5.67,42183880.0,244433696.0
2015-09-10,6.00,6.05,5.86,5.83,62741288.0,372818784.0
2015-09-09,5.97,6.18,6.13,5.83,113683920.0,684488576.0
2015-09-08,5.69,5.99,5.94,5.41,54011832.0,309421824.0
2015-09-07,5.82,6.14,5.70,5.60,86420168.0,504516992.0
2015-09-02,5.60,6.31,5.65,5.42,75358712.0,444543168.0
2015-09-01,6.45,6.60,6.02,5.99,91685240.0,567001728.0
2015-08-31,6.49,7.10,6.65,6.30,103074720.0,703229376.0
2015-08-28,6.03,6.52,6.52,5.91,81254944.0,507410080.0
2015-08-27,5.94,6.08,5.93,5.32,70149808.0,405810080.0
2015-08-26,6.22,6.63,5.80,5.80,108280848.0,654242688.0
2015-08-25,6.44,6.44,6.44,6.44,11919500.0,76761584.0
2015-08-24,7.16,7.48,7.16,7.16,42448932.0,306988320.0
2015-08-21,8.09,8.45,7.95,7.70,162864064.0,1340046848.0
2015-08-20,7.62,8.17,8.03,7.44,117446880.0,924068096.0
2015-08-19,6.86,7.86,7.80,6.77,109648992.0,808373120.0
2015-08-18,8.43,8.50,7.30,7.30,157951040.0,1258503936.0
2015-08-17,7.45,8.12,8.12,7.35,103877744.0,819729024.0
2015-08-14,7.09,7.53,7.38,7.08,107524152.0,786168320.0
2015-08-13,6.86,7.08,7.07,6.78,53199468.0,372719040.0
2015-08-12,7.07,7.25,7.00,6.96,62687424.0,446859648.0
2015-08-11,7.28,7.40,7.24,7.06,127610184.0,926022016.0
2015-08-10,6.63,7.22,7.22,6.46,87680320.0,608804480.0
2015-08-07,6.56,6.62,6.56,6.36,64143744.0,420855488.0
2015-08-06,6.16,6.59,6.43,6.04,60004608.0,388184512.0
2015-08-05,6.39,6.48,6.21,6.18,39140844.0,249670768.0
2015-08-04,6.20,6.46,6.46,6.18,49378196.0,313898784.0
2015-08-03,5.94,6.21,6.19,5.86,45343496.0,272991360.0
2015-07-31,5.90,6.09,6.00,5.86,32308912.0,194317200.0
2015-07-30,5.99,6.43,5.99,5.87,55489852.0,343639488.0
2015-07-29,5.82,6.05,6.03,5.63,37372528.0,218423776.0
2015-07-28,5.68,5.90,5.69,5.28,58643808.0,329167456.0
2015-07-27,6.29,6.40,5.82,5.82,56181256.0,347158784.0
2015-07-24,6.60,6.88,6.47,6.41,87823016.0,585968192.0
2015-07-23,6.41,6.62,6.60,6.32,76053480.0,499157568.0
2015-07-22,6.36,6.61,6.41,6.26,51609196.0,333899840.0
2015-07-21,6.22,6.55,6.42,6.11,55084304.0,353079552.0
2015-07-20,6.31,6.53,6.30,6.13,52861008.0,336873568.0
2015-07-17,5.95,6.41,6.27,5.94,48543280.0,301237664.0
2015-07-16,5.75,6.07,5.93,5.43,54061480.0,318358912.0
2015-07-15,6.35,6.35,5.75,5.75,68386576.0,408634688.0
2015-07-14,6.56,6.95,6.39,6.26,112030520.0,743710464.0
2015-07-13,6.31,6.56,6.56,6.04,103726360.0,667484224.0
2015-07-10,5.66,5.96,5.96,5.59,47523876.0,280863552.0
2015-07-09,4.93,5.42,5.42,4.93,73340072.0,387292192.0
2015-07-08,4.44,5.10,4.92,4.44,173976176.0,853119488.0
2015-07-07,5.24,5.43,4.94,4.93,71563168.0,364102240.0
2015-07-06,5.92,5.92,5.48,4.95,92786528.0,505560768.0
2015-07-03,5.85,6.06,5.39,5.39,71953984.0,402813056.0
2015-07-02,6.66,6.85,5.98,5.97,61923504.0,393757536.0
2015-07-01,7.06,7.33,6.64,6.63,62004600.0,441176032.0
2015-06-30,6.70,7.16,7.16,6.02,77941824.0,521791616.0
2015-06-29,7.50,7.65,6.68,6.58,78556576.0,548983232.0
2015-06-26,7.91,7.91,7.31,7.31,61569232.0,467204256.0
2015-06-25,8.40,8.62,8.13,8.02,65220040.0,550176640.0
2015-06-24,8.20,8.41,8.40,8.14,56368888.0,471409472.0
2015-06-23,8.15,8.36,8.14,7.33,57761676.0,459598432.0
2015-06-19,8.70,8.94,8.15,8.14,58320060.0,501040576.0
2015-06-18,9.06,9.43,9.04,8.95,74340952.0,689538368.0
2015-06-17,8.84,9.14,9.11,8.45,69689576.0,619545088.0
2015-06-16,9.32,9.41,8.94,8.74,72929736.0,670414208.0
2015-06-15,9.45,9.73,9.50,9.29,105179600.0,1009926848.0
2015-06-12,9.35,9.83,9.54,9.33,129338936.0,1249462016.0
2015-06-11,9.29,9.37,9.33,9.15,62962376.0,587024256.0
2015-06-10,9.29,9.48,9.33,9.09,66016316.0,618603840.0
2015-06-09,9.63,9.63,9.37,9.30,74714888.0,709869952.0
2015-06-08,9.64,9.78,9.65,9.26,131790992.0,1265355264.0
2015-06-05,9.46,9.89,9.66,9.46,119834744.0,1164593152.0
2015-06-04,9.64,9.64,9.44,8.75,103120600.0,961256512.0
2015-06-03,9.98,10.04,9.69,9.45,152038464.0,1481479936.0
2015-06-02,9.94,10.57,10.10,9.85,269480384.0,2759615232.0
2015-06-01,9.14,9.62,9.62,8.80,162385648.0,1494608256.0
2015-05-29,8.36,8.81,8.75,7.65,148144992.0,1252386176.0
2015-05-28,9.51,9.58,8.46,8.46,180012288.0,1634332032.0
2015-05-27,9.19,9.74,9.40,9.18,226999328.0,2155275008.0
2015-05-26,9.09,9.19,8.95,8.45,258202432.0,2297527808.0
2015-05-25,7.88,8.78,8.78,7.85,187149232.0,1593286016.0
2015-05-22,7.81,8.10,7.98,7.60,127383800.0,999926144.0
2015-05-21,7.38,7.84,7.79,7.37,106224784.0,820867648.0
2015-05-20,7.43,7.62,7.37,7.31,72400120.0,543157888.0
2015-05-19,7.21,7.42,7.40,7.21,47521484.0,349521728.0
2015-05-18,7.17,7.40,7.18,7.04,47635944.0,347063488.0
2015-05-15,7.63,7.63,7.25,7.16,60329540.0,444255040.0
2015-05-14,7.80,7.80,7.63,7.56,63295324.0,487803488.0
2015-05-13,7.64,8.15,7.87,7.46,117565168.0,924036224.0
2015-05-12,7.55,7.71,7.59,7.34,82181288.0,624040896.0
2015-05-11,7.16,7.55,7.52,7.10,78971128.0,581643328.0
2015-05-08,6.71,6.95,6.91,6.66,55270792.0,379394528.0
2015-05-07,7.16,7.16,6.66,6.62,64887320.0,447610976.0
2015-05-06,7.58,7.80,7.24,6.86,81768712.0,616414848.0
2015-05-05,8.14,8.20,7.56,7.49,81285608.0,643759232.0
2015-05-04,7.93,8.15,8.14,7.93,70713936.0,574151232.0
2015-04-30,8.13,8.13,7.92,7.88,58986008.0,474863488.0
2015-04-29,7.78,8.30,8.13,7.61,89282176.0,718291456.0
2015-04-28,8.12,8.13,7.78,7.71,91412464.0,725230336.0
2015-04-27,8.16,8.35,8.12,8.00,114413072.0,937260096.0
2015-04-24,8.21,8.44,8.16,8.10,115713376.0,959538240.0
2015-04-23,8.20,8.45,8.34,8.11,126702080.0,1056000000.0
2015-04-22,8.13,8.40,8.17,7.98,146948400.0,1207612928.0
2015-04-21,8.08,8.25,8.11,7.80,110558160.0,886806016.0
2015-04-20,7.90,8.45,8.08,7.58,237876480.0,1930679936.0
2015-04-17,7.19,7.90,7.89,7.14,260090064.0,2007682816.0
2015-04-16,7.01,7.24,7.19,6.76,81215792.0,579789312.0
2015-04-15,7.35,7.35,7.12,7.07,93442896.0,676622528.0
2015-04-14,7.16,7.82,7.35,7.06,194047744.0,1459293952.0
2015-04-13,7.07,7.22,7.15,7.04,104037824.0,747379840.0
2015-04-10,6.76,7.04,6.95,6.75,72091984.0,503855712.0
2015-04-09,6.90,6.91,6.73,6.58,73374272.0,496653472.0
2015-04-08,7.15,7.17,6.93,6.81,88961408.0,624760896.0
2015-04-07,7.06,7.17,7.14,7.04,93683568.0,670216576.0
2015-04-03,6.91,7.23,7.12,6.84,122046352.0,867660736.0
2015-04-02,6.94,6.96,6.94,6.81,65493272.0,453666368.0
2015-04-01,6.86,6.92,6.89,6.79,59788916.0,412426752.0
2015-03-31,7.01,7.08,6.87,6.84,89924416.0,626889664.0
2015-03-30,6.89,7.29,7.00,6.85,111494376.0,788449536.0
2015-03-27,6.68,6.80,6.72,6.57,58835220.0,394855904.0
2015-03-26,7.10,7.11,6.75,6.70,124126240.0,857047488.0
2015-03-25,6.97,7.44,7.07,6.86,159277056.0,1144483456.0
2015-03-24,6.59,7.17,7.01,6.32,171417728.0,1152881920.0
2015-03-23,6.38,6.66,6.58,6.32,128432008.0,845818368.0
2015-03-20,6.51,6.51,6.37,6.26,117146968.0,749427968.0
2015-03-19,6.29,6.82,6.44,6.21,249577600.0,1617473024.0
2015-03-18,5.71,6.29,6.29,5.66,188726880.0,1142804480.0
2015-03-17,5.59,5.82,5.71,5.56,119307520.0,683297088.0
2015-03-16,5.50,5.62,5.58,5.48,81370168.0,453628224.0
2015-03-13,5.43,5.54,5.47,5.40,42986040.0,236111728.0
2015-03-12,5.39,5.45,5.43,5.35,38649916.0,209857600.0
2015-03-11,5.47,5.58,5.41,5.39,47166888.0,259234224.0
2015-03-10,5.43,5.59,5.49,5.39,58434016.0,323102560.0
2015-03-09,5.41,5.47,5.46,5.30,44126560.0,239342912.0
2015-03-06,5.36,5.55,5.39,5.36,47653952.0,261143008.0
2015-03-05,5.42,5.52,5.35,5.33,51770744.0,281177056.0
2015-03-04,5.44,5.54,5.47,5.41,57703008.0,316990240.0
2015-03-03,5.41,5.91,5.55,5.31,143785040.0,810779840.0
2015-03-02,5.46,5.49,5.42,5.37,55368200.0,301135616.0
2015-02-27,5.50,5.57,5.46,5.33,80702896.0,441757824.0
2015-02-26,5.45,5.61,5.50,5.35,101188176.0,556572608.0
2015-02-25,5.11,5.55,5.40,5.10,91920952.0,493787072.0
2015-02-17,5.01,5.13,5.11,4.99,40594040.0,206769792.0
2015-02-16,5.01,5.07,5.04,5.00,29154244.0,147438976.0
2015-02-13,4.99,5.05,5.01,4.98,31341726.0,158082928.0
2015-02-12,4.99,5.05,4.98,4.90,25690776.0,128278112.0
2015-02-11,5.00,5.04,4.98,4.97,20907794.0,104966304.0
2015-02-10,4.95,5.03,5.01,4.90,30203120.0,151293776.0
2015-02-09,4.79,4.95,4.93,4.66,34962440.0,168136912.0
2015-02-06,5.04,5.05,4.81,4.77,52512520.0,258201664.0
2015-02-05,5.23,5.26,5.05,5.05,40615328.0,209263040.0
2015-02-04,5.21,5.28,5.15,5.13,40618076.0,212806928.0
2015-02-03,5.16,5.23,5.22,5.11,33009754.0,171853024.0
2015-02-02,5.11,5.26,5.14,5.03,37657820.0,195243088.0
2015-01-30,5.41,5.46,5.18,5.17,60424436.0,321896512.0
2015-01-29,5.47,5.57,5.38,5.37,71059464.0,389921472.0
2015-01-28,5.45,5.73,5.59,5.36,132503800.0,745185792.0
2015-01-27,5.49,5.79,5.56,5.22,156318224.0,862503680.0
2015-01-26,5.43,5.57,5.50,5.35,82951840.0,458322880.0
2015-01-23,5.32,5.68,5.52,5.30,173663456.0,962578880.0
2015-01-22,5.16,5.57,5.39,5.11,139052256.0,744799488.0
2015-01-21,5.06,5.22,5.21,5.00,104125776.0,536243936.0
2015-01-20,4.86,5.14,5.08,4.80,111316096.0,562597056.0
2015-01-19,5.02,5.23,4.82,4.82,107764632.0,543620544.0
2015-01-16,5.27,5.36,5.36,5.18,103885248.0,549309760.0
2015-01-15,5.16,5.39,5.32,5.11,119673608.0,634491776.0
2015-01-14,5.43,5.44,5.21,5.08,127883952.0,672925888.0
2015-01-13,5.57,5.69,5.51,5.34,149047040.0,824861568.0
2015-01-12,5.84,5.84,5.51,5.36,242101984.0,1362738304.0
2015-01-09,5.31,5.69,5.69,5.19,323469824.0,1788539008.0
2015-01-08,4.69,5.17,5.17,4.55,143879232.0,723010304.0
2015-01-07,4.74,4.74,4.70,4.65,36172624.0,170646768.0
2015-01-06,4.66,4.86,4.75,4.63,63739472.0,305393024.0
2015-01-05,4.58,4.71,4.70,4.54,49232860.0,229668960.0
2014-12-31,4.52,4.60,4.58,4.47,29180592.0,133287016.0
2014-12-30,4.69,4.69,4.50,4.48,45980016.0,211355600.0
2014-12-29,4.80,4.86,4.70,4.67,50718804.0,242459936.0
2014-12-26,4.70,4.85,4.82,4.66,60953560.0,292314336.0
2014-12-25,4.63,4.73,4.72,4.58,40744584.0,191903584.0
2014-12-24,4.58,4.67,4.61,4.52,40287796.0,185908640.0
2014-12-23,4.74,4.75,4.58,4.56,53165516.0,248684944.0
2014-12-22,5.14,5.15,4.76,4.68,109570784.0,537265536.0
2014-12-19,5.05,5.23,5.14,4.97,131010560.0,674992640.0
2014-12-18,4.98,5.05,4.97,4.88,72536144.0,361341600.0
2014-12-17,4.99,5.16,5.04,4.93,97949328.0,496691904.0
2014-12-16,4.92,5.07,4.99,4.85,75276936.0,374345536.0
2014-12-15,5.08,5.11,4.94,4.83,80506496.0,399054368.0
2014-12-12,5.26,5.28,5.08,5.02,105726064.0,540877824.0
2014-12-11,5.23,5.52,5.26,5.05,203847552.0,1093291008.0
2014-12-10,4.77,5.23,5.22,4.67,175376640.0,878918720.0
2014-12-09,4.82,5.27,4.77,4.69,254585264.0,1285885952.0
2014-12-08,4.50,4.91,4.83,4.50,198409104.0,940183744.0
2014-12-05,4.62,4.62,4.47,4.31,96893056.0,438160928.0
2014-12-04,4.53,4.69,4.64,4.49,116912112.0,541544704.0
2014-12-03,4.52,4.59,4.54,4.47,82663312.0,375821824.0
2014-12-02,4.55,4.57,4.54,4.46,63065744.0,287161536.0
2014-12-01,4.53,4.58,4.52,4.42,73195888.0,330147744.0
2014-11-28,4.56,4.67,4.57,4.51,88955904.0,410826048.0
2014-11-27,4.64,4.65,4.59,4.54,63720756.0,293595136.0
2014-11-26,4.66,4.72,4.64,4.59,74901432.0,349284672.0
2014-11-25,4.52,4.78,4.71,4.49,122344984.0,571464000.0
2014-11-24,4.49,4.56,4.54,4.39,88510232.0,399693312.0
2014-11-21,4.44,4.49,4.46,4.40,47085780.0,210619600.0
2014-11-20,4.44,4.57,4.49,4.38,57366552.0,257161776.0
2014-11-19,4.53,4.62,4.52,4.45,74241304.0,338303104.0
2014-11-18,4.50,4.67,4.59,4.48,114043024.0,524216064.0
2014-11-17,4.37,4.51,4.43,4.30,74740512.0,333029536.0
2014-11-14,4.37,4.41,4.36,4.29,79717784.0,349231872.0
2014-11-13,4.65,4.66,4.47,4.40,127198128.0,576525952.0
2014-11-12,4.59,4.75,4.71,4.55,109397440.0,513141152.0
2014-11-11,5.15,5.32,4.78,4.75,255245328.0,1284569216.0
2014-11-10,4.67,5.10,5.10,4.58,195097952.0,958858560.0
2014-11-07,4.69,4.76,4.63,4.43,131603752.0,610321856.0
2014-11-06,4.65,4.80,4.65,4.60,100916592.0,474112448.0
2014-11-05,4.54,4.94,4.77,4.39,158632208.0,743446720.0
2014-11-04,4.70,4.92,4.61,4.53,197185200.0,930678144.0
2014-11-03,4.23,4.61,4.52,4.19,153829984.0,681232640.0
2014-10-31,4.32,4.32,4.21,4.13,119380568.0,507323168.0
2014-10-30,4.00,4.44,4.34,3.98,223524992.0,961575744.0
2014-10-29,3.82,4.16,4.04,3.77,184107584.0,737059072.0
2014-10-28,3.84,3.91,3.82,3.77,77312000.0,296096864.0
2014-10-27,3.70,3.86,3.77,3.67,73744664.0,280167520.0
2014-10-24,3.67,3.78,3.73,3.64,81295696.0,304271712.0
2014-10-23,3.59,3.74,3.68,3.50,82170504.0,298032768.0
2014-10-22,3.50,3.58,3.56,3.48,37802412.0,134527280.0
2014-10-21,3.55,3.61,3.50,3.49,27896516.0,99433848.0
2014-10-20,3.45,3.62,3.58,3.44,46444400.0,166012160.0
2014-10-17,3.53,3.56,3.46,3.33,49569340.0,171963584.0
2014-10-16,3.68,3.71,3.55,3.54,49549052.0,181535472.0
2014-10-15,3.74,3.74,3.71,3.66,32138192.0,119472408.0
2014-10-14,3.73,3.84,3.72,3.70,60684016.0,228746512.0
2014-10-13,3.71,3.87,3.79,3.68,101201288.0,383724544.0
2014-10-10,3.70,3.71,3.70,3.65,50775280.0,187392176.0
2014-10-09,3.71,3.75,3.71,3.67,55278164.0,206235904.0
2014-10-08,3.66,3.74,3.70,3.65,53405424.0,197984160.0
2014-09-30,3.67,3.68,3.66,3.61,47292336.0,173201520.0
2014-09-29,3.68,3.71,3.67,3.66,40965384.0,151538416.0
2014-09-26,3.71,3.73,3.68,3.66,56048304.0,207746096.0
2014-09-25,3.68,3.91,3.75,3.65,141886240.0,537913280.0
2014-09-24,3.65,3.74,3.70,3.62,64349092.0,237477632.0
2014-09-23,3.68,3.76,3.69,3.59,84207720.0,310549888.0
2014-09-22,3.68,3.86,3.72,3.64,126562440.0,478109920.0
2014-09-19,3.68,3.77,3.72,3.60,129778288.0,479200128.0
2014-09-18,3.78,3.98,3.76,3.65,261562048.0,998116544.0
2014-09-17,3.27,3.62,3.62,3.25,126698496.0,446741824.0
2014-09-16,3.44,3.47,3.29,3.28,77296784.0,263528944.0
2014-09-15,3.42,3.61,3.48,3.40,73007240.0,257090112.0
2014-09-12,3.38,3.53,3.44,3.34,79677000.0,273881440.0
2014-09-11,3.29,3.63,3.45,3.27,132869192.0,465018880.0
2014-09-10,3.33,3.34,3.31,3.22,59945640.0,197223472.0
2014-09-09,3.37,3.47,3.33,3.31,82440256.0,279492448.0
2014-09-05,3.37,3.53,3.38,3.28,135889072.0,466292704.0
2014-09-04,3.23,3.46,3.38,3.19,114564584.0,380333344.0
2014-09-03,3.34,3.37,3.23,3.19,126038368.0,413548992.0
2014-09-02,3.07,3.36,3.33,3.06,170502688.0,558669504.0
2014-09-01,2.94,3.10,3.05,2.91,44626064.0,135413472.0
2014-08-29,2.88,2.93,2.93,2.87,20994156.0,61417476.0
2014-08-28,2.98,2.99,2.90,2.89,36401168.0,107422784.0
2014-08-27,3.02,3.08,3.00,2.98,43467712.0,131489568.0
2014-08-26,3.15,3.27,3.05,2.99,87563304.0,274943936.0
2014-08-25,3.18,3.30,3.16,3.10,90233312.0,289560352.0
2014-08-22,3.08,3.33,3.19,3.03,127778768.0,409335552.0
2014-08-21,3.06,3.12,3.08,2.99,70421248.0,220053600.0
2014-08-20,2.97,3.19,3.05,2.96,105397456.0,334064320.0
2014-08-19,2.97,2.97,2.95,2.92,37546588.0,112958384.0
2014-08-18,2.88,3.00,2.97,2.88,70342248.0,212447760.0
2014-08-15,2.85,2.89,2.88,2.84,30955240.0,90893520.0
2014-08-14,2.86,2.91,2.87,2.82,56372832.0,166047936.0
2014-08-13,2.86,2.87,2.85,2.82,23797892.0,69320040.0
2014-08-12,2.82,2.87,2.86,2.80,30370162.0,88306384.0
2014-08-11,2.79,2.83,2.82,2.78,17534000.0,50553580.0
2014-08-08,2.79,2.82,2.80,2.77,29238926.0,83569912.0
2014-08-07,2.85,2.86,2.80,2.80,27411784.0,79471912.0
2014-08-06,2.85,2.88,2.85,2.83,29171164.0,85186528.0
2014-08-05,2.83,2.89,2.87,2.81,43982296.0,128565040.0
2014-08-04,2.81,2.85,2.83,2.78,42678432.0,122828912.0
2014-08-01,2.88,2.91,2.82,2.82,50965660.0,149799104.0
2014-07-31,2.83,2.91,2.88,2.81,46239384.0,135281552.0
2014-07-30,2.86,2.88,2.85,2.83,32397890.0,94511672.0
2014-07-29,2.85,2.90,2.88,2.82,42934172.0,125854328.0
2014-07-28,2.85,2.88,2.85,2.83,53310760.0,155835904.0
2014-07-25,2.79,2.86,2.84,2.78,45418968.0,131163248.0
2014-07-24,2.78,2.81,2.78,2.74,45641772.0,129862896.0
2014-07-23,2.72,2.90,2.83,2.70,85540184.0,247282112.0
2014-07-22,2.69,2.74,2.73,2.68,27515622.0,76855808.0
2014-07-21,2.77,2.77,2.69,2.67,41676060.0,115551056.0
2014-07-18,2.78,2.81,2.75,2.74,31609360.0,89900536.0
2014-07-17,2.80,2.82,2.80,2.77,34316392.0,98141632.0
2014-07-16,2.81,2.86,2.83,2.76,52173208.0,150482336.0
2014-07-15,2.91,2.92,2.82,2.82,52784808.0,154408832.0
2014-07-14,2.90,2.93,2.90,2.85,46646032.0,137705824.0
2014-07-11,2.88,2.95,2.91,2.88,51423212.0,153376144.0
2014-07-10,2.90,2.94,2.87,2.85,62199520.0,183894784.0
2014-07-09,2.92,3.05,2.93,2.89,102817592.0,311613344.0
2014-07-08,2.94,2.96,2.95,2.88,75975344.0,227227760.0
2014-07-07,2.96,3.01,2.96,2.91,140763296.0,426725792.0
2014-07-04,3.42,3.42,3.07,3.07,294879104.0,950138240.0
2014-07-03,3.28,3.42,3.42,3.27,102103360.0,350851392.0
2014-07-02,2.91,3.10,3.10,2.85,191888400.0,585556032.0
2014-07-01,2.54,2.82,2.82,2.50,64551136.0,177451744.0
2014-06-30,2.60,2.65,2.57,2.53,56780676.0,149903504.0
2014-06-27,2.43,2.57,2.55,2.42,78249216.0,201819696.0
2014-06-26,2.37,2.45,2.43,2.37,17646908.0,43665364.0
2014-06-25,2.40,2.42,2.39,2.36,17465384.0,42754036.0
2014-06-24,2.33,2.53,2.44,2.33,39119688.0,97578856.0
2014-06-23,2.31,2.35,2.32,2.31,4657785.0,11127330.0
2014-06-20,2.30,2.33,2.31,2.28,5095999.0,12039307.0
2014-06-19,2.32,2.34,2.30,2.29,6996666.0,16565020.0
2014-06-18,2.34,2.37,2.32,2.32,7784188.0,18708750.0
2014-06-17,2.36,2.37,2.33,2.33,5676530.0,13653411.0
2014-06-16,2.38,2.38,2.37,2.36,6349288.0,15425661.0
2014-06-13,2.38,2.39,2.37,2.35,8368024.0,20337708.0
2014-06-12,2.35,2.42,2.39,2.34,14963344.0,36710356.0
2014-06-11,2.34,2.38,2.35,2.32,7644502.0,18467720.0
2014-06-10,2.29,2.35,2.34,2.29,8930496.0,21379864.0
2014-06-09,2.32,2.32,2.29,2.29,5398201.0,12752720.0
2014-06-06,2.35,2.35,2.32,2.31,6242505.0,14871247.0
2014-06-05,2.33,2.35,2.35,2.31,7454314.0,17784918.0
2014-06-04,2.36,2.36,2.33,2.31,8910719.0,21316704.0
2014-06-03,2.37,2.38,2.37,2.36,6025946.0,14653179.0
2014-05-30,2.39,2.40,2.37,2.35,9113959.0,22157186.0
2014-05-29,2.41,2.41,2.39,2.38,8471600.0,20788006.0
2014-05-28,2.40,2.41,2.41,2.37,9729933.0,23830330.0
2014-05-27,2.43,2.43,2.40,2.39,9705715.0,23952528.0
2014-05-26,2.44,2.45,2.43,2.41,9436940.0,23471230.0
2014-05-23,2.43,2.44,2.43,2.41,9813175.0,24364248.0
2014-05-22,2.44,2.48,2.43,2.43,12447753.0,31207220.0
2014-05-21,2.44,2.46,2.44,2.41,9719277.0,24245822.0
2014-05-20,2.51,2.52,2.45,2.44,13300191.0,33682608.0
2014-05-19,2.50,2.53,2.50,2.47,19672808.0,50467952.0
2014-05-16,2.40,2.54,2.51,2.40,30984208.0,78743808.0
2014-05-15,2.48,2.50,2.42,2.40,16319817.0,40809220.0
2014-05-14,2.48,2.51,2.48,2.46,13480630.0,34313056.0
2014-05-13,2.48,2.52,2.50,2.44,20959836.0,52926096.0
2014-05-12,2.46,2.50,2.48,2.44,23973280.0,60794480.0
2014-05-09,2.51,2.51,2.45,2.41,24416242.0,61383756.0
2014-05-08,2.50,2.56,2.52,2.47,21756182.0,55948908.0
2014-05-07,2.59,2.59,2.52,2.50,28780524.0,74478112.0
2014-05-06,2.60,2.66,2.60,2.55,43936288.0,116575408.0
2014-05-05,2.51,2.66,2.61,2.49,66482380.0,177431600.0
2014-04-30,2.42,2.59,2.53,2.39,49996712.0,128936096.0
2014-04-29,2.50,2.50,2.44,2.38,31142854.0,77613304.0
2014-04-28,2.44,2.52,2.51,2.43,48316468.0,122999672.0
2014-04-25,2.40,2.51,2.45,2.40,38657536.0,97921216.0
2014-04-24,2.42,2.43,2.40,2.38,14906980.0,36841208.0
2014-04-23,2.44,2.47,2.44,2.41,29364356.0,73257368.0
2014-04-22,2.38,2.59,2.48,2.36,68445720.0,174569040.0
2014-04-21,2.41,2.42,2.35,2.35,12566583.0,30727160.0
2014-04-18,2.42,2.44,2.42,2.40,13084970.0,32437956.0
2014-04-17,2.40,2.46,2.43,2.37,23211624.0,57595384.0
2014-04-16,2.39,2.41,2.39,2.38,7434570.0,18246746.0
2014-04-15,2.41,2.45,2.41,2.38,16423058.0,40615084.0
2014-04-14,2.40,2.42,2.41,2.39,11996329.0,29593208.0
2014-04-11,2.39,2.42,2.41,2.37,14615393.0,35867680.0
2014-04-10,2.36,2.42,2.40,2.35,19664500.0,48204764.0
2014-04-09,2.37,2.38,2.36,2.35,7072898.0,17101134.0
2014-04-08,2.33,2.37,2.37,2.32,9622784.0,23193686.0
2014-04-04,2.33,2.34,2.34,2.31,7401276.0,17655774.0
2014-04-03,2.36,2.37,2.33,2.31,9945472.0,23822516.0
2014-04-02,2.38,2.38,2.36,2.34,11439448.0,27644724.0
2014-04-01,2.36,2.40,2.37,2.33,13326682.0,32363042.0
2014-03-31,2.41,2.43,2.36,2.33,20277068.0,49206208.0
2014-03-28,2.37,2.46,2.43,2.36,39334680.0,97812272.0
2014-03-27,2.36,2.41,2.38,2.32,14311990.0,34693876.0
2014-03-26,2.36,2.39,2.35,2.34,8708069.0,21099336.0
2014-03-25,2.36,2.39,2.38,2.34,15316927.0,37223468.0
2014-03-24,2.29,2.42,2.36,2.29,20701564.0,50112928.0
2014-03-21,2.24,2.31,2.30,2.23,11634102.0,27196358.0
2014-03-20,2.26,2.31,2.26,2.24,14497763.0,33889092.0
2014-03-19,2.26,2.27,2.26,2.23,8123217.0,18748074.0
2014-03-18,2.25,2.27,2.27,2.24,6863276.0,15867620.0
2014-03-17,2.24,2.26,2.25,2.22,5839950.0,13439848.0
2014-03-14,2.26,2.26,2.24,2.22,7681600.0,17624336.0
2014-03-13,2.24,2.28,2.26,2.24,8307519.0,19311972.0
2014-03-12,2.31,2.31,2.26,2.20,11269827.0,26155964.0
2014-03-11,2.29,2.32,2.31,2.28,8308238.0,19593404.0
2014-03-10,2.35,2.39,2.32,2.29,15657978.0,37443488.0
2014-03-07,2.31,2.48,2.41,2.29,19393186.0,46992808.0
2014-03-06,2.30,2.32,2.31,2.29,6645862.0,15740154.0
2014-03-05,2.32,2.33,2.30,2.29,5114135.0,12128629.0
2014-03-04,2.32,2.33,2.31,2.29,8031706.0,19025312.0
2014-03-03,2.29,2.34,2.32,2.28,8067175.0,19182960.0
2014-02-28,2.28,2.30,2.29,2.26,7635554.0,17848240.0
2014-02-27,2.31,2.32,2.28,2.27,10576946.0,24922828.0
2014-02-26,2.30,2.32,2.31,2.27,13363180.0,31499044.0
2014-02-25,2.36,2.38,2.33,2.31,14722517.0,35264536.0
2014-02-24,2.41,2.41,2.35,2.33,15983367.0,38611152.0
2014-02-21,2.47,2.47,2.42,2.41,13343848.0,33365342.0
2014-02-20,2.47,2.54,2.47,2.45,22655864.0,57742536.0
2014-02-19,2.47,2.49,2.48,2.44,16549602.0,41655752.0
2014-02-18,2.48,2.49,2.47,2.44,12200522.0,30711216.0
2014-02-17,2.49,2.50,2.48,2.45,11712133.0,29641022.0
2014-02-14,2.48,2.49,2.48,2.45,8805721.0,22301640.0
2014-02-13,2.50,2.52,2.47,2.46,11332722.0,28823880.0
2014-02-12,2.50,2.54,2.50,2.48,10655064.0,27328840.0
2014-02-11,2.51,2.51,2.50,2.47,5886825.0,15022865.0
2014-02-10,2.45,2.51,2.49,2.45,6963483.0,17770236.0
2014-02-07,2.41,2.44,2.44,2.39,3510189.0,8686546.0
2014-01-30,2.42,2.44,2.42,2.40,2190688.0,5422631.0
2014-01-29,2.44,2.45,2.42,2.42,3344225.0,8328171.0
2014-01-28,2.43,2.45,2.44,2.42,3610808.0,9015755.0
2014-01-27,2.40,2.45,2.43,2.39,5334735.0,13256769.0
2014-01-24,2.39,2.44,2.42,2.38,5441520.0,13467231.0
2014-01-23,2.41,2.42,2.39,2.38,4020673.0,9852358.0
2014-01-22,2.35,2.41,2.41,2.35,5399191.0,13253176.0
2014-01-21,2.33,2.36,2.35,2.33,2681134.0,6460703.0
2014-01-20,2.34,2.37,2.34,2.33,2332304.0,5607855.0
2014-01-17,2.38,2.38,2.34,2.33,3740056.0,9023695.0
2014-01-16,2.38,2.40,2.38,2.35,3231004.0,7883864.0
2014-01-15,2.38,2.39,2.38,2.35,3084804.0,7486782.0
2014-01-14,2.36,2.39,2.39,2.34,3419170.0,8317689.0
2014-01-13,2.37,2.40,2.37,2.34,3757400.0,9130170.0
2014-01-10,2.43,2.44,2.37,2.36,5363834.0,13188715.0
2014-01-09,2.45,2.48,2.44,2.43,3789988.0,9521922.0
2014-01-08,2.48,2.50,2.46,2.44,4132673.0,10433011.0
2014-01-07,2.46,2.53,2.48,2.44,5236266.0,13315621.0
2014-01-06,2.54,2.54,2.46,2.45,6721429.0,17050128.0
2014-01-03,2.57,2.58,2.53,2.51,5983764.0,15483593.0
2014-01-02,2.61,2.61,2.57,2.56,8682224.0,22977396.0
2013-12-31,2.54,2.60,2.60,2.52,9056920.0,23801456.0
2013-12-30,2.53,2.54,2.53,2.51,4985716.0,12914750.0
2013-12-27,2.48,2.52,2.51,2.47,6914494.0,17674168.0
2013-12-26,2.54,2.55,2.48,2.47,5574651.0,14269092.0
2013-12-25,2.54,2.56,2.54,2.52,4024068.0,10428889.0
2013-12-24,2.53,2.58,2.54,2.51,4839809.0,12629256.0
2013-12-23,2.52,2.58,2.53,2.48,4970120.0,12804769.0
2013-12-20,2.59,2.59,2.51,2.51,7739141.0,20133036.0
2013-12-19,2.60,2.62,2.59,2.58,4342181.0,11555093.0
2013-12-18,2.62,2.62,2.60,2.59,4813023.0,12833299.0
2013-12-17,2.60,2.62,2.60,2.60,5245774.0,14022317.0
2013-12-16,2.65,2.66,2.60,2.60,9838337.0,26512352.0
2013-12-13,2.63,2.70,2.67,2.62,8519569.0,23276248.0
2013-12-12,2.63,2.66,2.64,2.63,7414591.0,20108282.0
2013-12-11,2.68,2.68,2.65,2.63,11396299.0,30989472.0
2013-12-10,2.71,2.72,2.68,2.67,14674143.0,40445176.0
2013-12-09,2.72,2.75,2.71,2.69,10783381.0,29958514.0
2013-12-06,2.71,2.78,2.72,2.70,16163729.0,45438704.0
2013-12-05,2.76,2.77,2.72,2.69,23244190.0,64958004.0
2013-12-04,2.65,2.83,2.78,2.65,34853748.0,99008176.0
2013-12-03,2.63,2.70,2.68,2.61,17535386.0,48060328.0
2013-12-02,2.72,2.80,2.67,2.66,27135110.0,75466576.0
2013-11-29,2.79,2.82,2.79,2.75,24899134.0,70860464.0
2013-11-28,2.75,2.87,2.81,2.72,37702632.0,107575984.0
2013-11-27,2.78,2.82,2.78,2.69,36967192.0,104021976.0
2013-11-26,2.80,2.98,2.80,2.78,70650632.0,208729808.0
2013-11-25,2.68,2.92,2.83,2.67,79212824.0,227796752.0
2013-11-22,2.69,2.71,2.66,2.64,21769648.0,59528700.0
2013-11-21,2.61,2.78,2.72,2.60,53872692.0,149533264.0
2013-11-20,2.58,2.63,2.62,2.55,16592923.0,44194808.0
2013-11-19,2.57,2.61,2.59,2.55,12864552.0,34077516.0
2013-11-18,2.51,2.58,2.57,2.50,11866103.0,30887296.0
2013-11-15,2.47,2.53,2.51,2.47,8072727.0,20774076.0
2013-11-14,2.48,2.50,2.47,2.45,6106270.0,15460551.0
2013-11-13,2.52,2.54,2.48,2.48,7034174.0,18075724.0
2013-11-12,2.53,2.55,2.53,2.52,5556364.0,14393994.0
2013-11-11,2.56,2.57,2.53,2.50,9974748.0,25820756.0
2013-11-08,2.54,2.65,2.59,2.51,21683848.0,57841168.0
2013-11-07,2.54,2.56,2.56,2.50,7187012.0,18592856.0
2013-11-06,2.58,2.58,2.55,2.54,7135241.0,18707350.0
2013-11-05,2.56,2.60,2.60,2.52,10273752.0,26924174.0
2013-11-04,2.55,2.57,2.55,2.53,4951638.0,12948975.0
2013-11-01,2.56,2.57,2.55,2.53,6240950.0,16253870.0
2013-10-31,2.59,2.60,2.57,2.56,8802969.0,23304928.0
2013-10-30,2.54,2.60,2.59,2.50,11379973.0,29903788.0
2013-10-29,2.56,2.61,2.52,2.47,11677934.0,30305724.0
2013-10-28,2.56,2.59,2.58,2.55,6077303.0,15961098.0
2013-10-25,2.65,2.65,2.58,2.56,13062480.0,34767660.0
2013-10-24,2.59,2.70,2.67,2.56,20422742.0,55123464.0
2013-10-23,2.68,2.68,2.60,2.59,14628054.0,39354376.0
2013-10-22,2.65,2.73,2.67,2.64,22222304.0,61349496.0
2013-10-21,2.64,2.66,2.65,2.59,13388243.0,36130232.0
2013-10-18,2.60,2.65,2.64,2.59,10326153.0,27788212.0
2013-10-17,2.62,2.66,2.60,2.59,11326688.0,30422956.0
2013-10-16,2.71,2.71,2.62,2.60,20849544.0,56694548.0
2013-10-15,2.73,2.80,2.74,2.66,32555498.0,91079192.0
2013-10-14,2.70,2.77,2.74,2.68,24705818.0,69103488.0
2013-10-11,2.67,2.73,2.70,2.65,23026268.0,63569940.0
2013-10-10,2.88,2.90,2.69,2.67,68553400.0,193693840.0
2013-10-09,2.55,2.81,2.81,2.54,71823712.0,203864880.0
2013-10-08,2.49,2.58,2.56,2.43,14666811.0,38073780.0
2013-09-30,2.49,2.50,2.50,2.37,8610374.0,21794762.0
2013-09-27,2.46,2.50,2.48,2.46,7507432.0,19035324.0
2013-09-26,2.56,2.59,2.48,2.46,14366622.0,37111104.0
2013-09-25,2.60,2.64,2.57,2.56,14815454.0,39378500.0
2013-09-24,2.64,2.65,2.62,2.56,19214624.0,51178816.0
2013-09-23,2.64,2.67,2.65,2.62,11845118.0,32113708.0
2013-09-18,2.60,2.65,2.64,2.59,12349371.0,33183118.0
2013-09-17,2.72,2.72,2.60,2.59,21889732.0,59622408.0
2013-09-16,2.71,2.82,2.73,2.67,24437316.0,68588600.0
2013-09-13,2.72,2.76,2.71,2.64,28646208.0,78937888.0
2013-09-12,2.78,2.83,2.75,2.68,33141248.0,93424520.0
2013-09-11,2.90,2.98,2.78,2.74,55217048.0,160628880.0
2013-09-10,2.75,2.92,2.87,2.69,80113872.0,234877200.0
2013-09-09,2.61,2.88,2.75,2.55,71287848.0,200379104.0
2013-09-06,2.55,2.69,2.61,2.50,42053104.0,112711600.0
2013-09-05,2.59,2.59,2.56,2.51,29873998.0,77818632.0
2013-09-04,2.54,2.70,2.62,2.52,51056984.0,137324368.0
2013-09-03,2.60,2.60,2.54,2.49,49176004.0,127749208.0
2013-09-02,3.16,3.16,2.63,2.62,112983048.0,317321568.0
2013-08-30,2.73,2.92,2.92,2.73,141005680.0,415519136.0
2013-08-29,2.43,2.65,2.65,2.37,94371192.0,250388240.0
2013-08-28,2.33,2.45,2.41,2.30,29692146.0,72600416.0
2013-08-27,2.27,2.36,2.34,2.26,20181472.0,48181580.0
2013-08-26,2.21,2.29,2.28,2.20,11644819.0,26933096.0
2013-08-23,2.22,2.24,2.20,2.20,4617414.0,10512217.0
2013-08-22,2.21,2.22,2.22,2.20,2643268.0,6004656.0
2013-08-21,2.22,2.22,2.22,2.20,4015272.0,9111684.0
2013-08-20,2.24,2.25,2.22,2.20,6152221.0,14041597.0
2013-08-19,2.21,2.26,2.24,2.21,5148407.0,11807253.0
2013-08-16,2.24,2.32,2.24,2.22,10294476.0,23875150.0
2013-08-15,2.28,2.29,2.25,2.24,7775516.0,18014252.0
2013-08-14,2.26,2.37,2.29,2.25,16402108.0,38983088.0
2013-08-13,2.21,2.28,2.27,2.20,12240330.0,28261456.0
2013-08-12,2.19,2.22,2.22,2.18,6845422.0,15463061.0
2013-08-09,2.18,2.19,2.19,2.16,4411228.0,10045376.0
2013-08-08,2.18,2.19,2.18,2.16,3321338.0,7543861.0
2013-08-07,2.18,2.19,2.18,2.17,4263692.0,9713302.0
2013-08-06,2.18,2.19,2.19,2.15,5752352.0,13067105.0
2013-08-05,2.16,2.19,2.18,2.14,4416360.0,10029963.0
2013-08-02,2.17,2.18,2.16,2.14,4121029.0,9304023.0
2013-08-01,2.14,2.17,2.16,2.13,4670873.0,10536756.0
2013-07-31,2.14,2.17,2.14,2.12,3899606.0,8731451.0
2013-07-30,2.18,2.20,2.14,2.13,6281250.0,14167178.0
2013-07-29,2.17,2.21,2.17,2.13,10507410.0,23866500.0
2013-07-26,2.08,2.25,2.17,2.07,15753746.0,36007528.0
2013-07-25,2.12,2.14,2.10,2.09,4535125.0,10023011.0
2013-07-24,2.12,2.13,2.11,2.10,2141484.0,4744954.0
2013-07-23,2.08,2.15,2.14,2.08,4339847.0,9634659.0
2013-07-22,2.08,2.09,2.08,2.06,4400564.0,9564704.0
2013-07-19,2.14,2.15,2.09,2.09,3654670.0,8116978.0
2013-07-18,2.16,2.17,2.14,2.13,3363400.0,7551288.0
2013-07-17,2.18,2.19,2.15,2.15,3141293.0,7128943.0
2013-07-16,2.17,2.19,2.18,2.15,3716728.0,8427685.0
2013-07-15,2.16,2.21,2.17,2.15,6001692.0,13696074.0
2013-07-12,2.17,2.20,2.15,2.14,5414654.0,12279566.0
2013-07-11,2.13,2.20,2.19,2.12,9059424.0,20581796.0
2013-07-10,2.07,2.13,2.13,2.07,3920717.0,8646296.0
2013-07-09,2.06,2.08,2.08,2.06,2460392.0,5336599.0
2013-07-08,2.14,2.14,2.06,2.06,3895900.0,8536665.0
2013-07-05,2.12,2.14,2.14,2.10,4065426.0,9033943.0
2013-07-04,2.10,2.13,2.12,2.08,4153381.0,9161013.0
2013-07-03,2.15,2.15,2.11,2.07,3894566.0,8571559.0
2013-07-02,2.16,2.16,2.14,2.12,4030387.0,9004753.0
2013-07-01,2.14,2.19,2.16,2.11,5850856.0,13218977.0
2013-06-28,2.09,2.14,2.14,2.08,4530594.0,10022705.0
2013-06-27,2.11,2.15,2.12,2.10,5166291.0,11501520.0
2013-06-26,2.13,2.15,2.12,2.08,4142940.0,9160781.0
2013-06-25,2.19,2.19,2.13,2.00,8323074.0,18365132.0
2013-06-24,2.33,2.34,2.17,2.16,7892800.0,18448948.0
2013-06-21,2.34,2.34,2.33,2.29,4553386.0,11052061.0
2013-06-20,2.38,2.39,2.34,2.33,4773883.0,11809516.0
2013-06-19,2.41,2.41,2.39,2.36,4581207.0,11418102.0
2013-06-18,2.43,2.43,2.43,2.40,3545236.0,8963421.0
2013-06-17,2.40,2.46,2.43,2.38,5888670.0,14925650.0
2013-06-14,2.39,2.41,2.40,2.36,5694258.0,14220205.0
2013-06-13,2.43,2.43,2.38,2.37,6485230.0,16179776.0
2013-06-07,2.45,2.46,2.43,2.43,5173237.0,13235501.0
2013-06-06,2.47,2.47,2.44,2.44,3834492.0,9873564.0
2013-06-05,2.47,2.48,2.47,2.46,3024497.0,7833097.0
2013-06-04,2.51,2.51,2.47,2.46,6141340.0,15977550.0
2013-06-03,2.51,2.52,2.52,2.50,4356161.0,11462159.0
2013-05-31,2.53,2.53,2.52,2.51,5138261.0,13572450.0
2013-05-30,2.53,2.54,2.53,2.51,5953563.0,15736619.0
2013-05-29,2.53,2.55,2.53,2.53,4684395.0,12443769.0
2013-05-28,2.51,2.54,2.54,2.50,7113949.0,18780816.0
2013-05-27,2.51,2.52,2.51,2.49,5291817.0,13894289.0
2013-05-24,2.51,2.52,2.52,2.50,3969031.0,10440544.0
2013-05-23,2.51,2.53,2.52,2.50,7227182.0,19022340.0
2013-05-22,2.53,2.53,2.52,2.51,5740443.0,15138622.0
2013-05-21,2.52,2.53,2.53,2.51,5263005.0,13883044.0
2013-05-20,2.51,2.53,2.52,2.50,7065267.0,18645270.0
2013-05-17,2.48,2.52,2.51,2.47,7501115.0,19624246.0
2013-05-16,2.48,2.49,2.49,2.45,5094773.0,13208739.0
2013-05-15,2.46,2.48,2.47,2.45,2506341.0,6478123.0
2013-05-14,2.48,2.49,2.46,2.45,3101632.0,8020959.0
2013-05-13,2.49,2.50,2.49,2.48,3273954.0,8531694.0
2013-05-10,2.49,2.50,2.49,2.47,3623553.0,9444775.0
2013-05-09,2.48,2.50,2.50,2.45,5736458.0,14890475.0
2013-05-08,2.48,2.49,2.48,2.47,3663515.0,9522104.0
2013-05-07,2.48,2.48,2.48,2.46,2908056.0,7540886.0
2013-05-06,2.47,2.49,2.49,2.46,3635114.0,9445139.0
2013-05-03,2.44,2.48,2.47,2.43,4034323.0,10427961.0
2013-05-02,2.47,2.48,2.44,2.43,6046081.0,15515149.0
2013-04-26,2.50,2.51,2.47,2.46,4158655.0,10820297.0
2013-04-25,2.50,2.51,2.50,2.48,5112600.0,13368666.0
2013-04-24,2.48,2.52,2.52,2.48,5038691.0,13200014.0
2013-04-23,2.53,2.54,2.49,2.48,4671042.0,12233867.0
2013-04-22,2.53,2.54,2.54,2.52,5190036.0,13744291.0
2013-04-19,2.51,2.56,2.55,2.51,6888638.0,18286396.0
2013-04-18,2.50,2.52,2.51,2.48,3171971.0,8311977.0
2013-04-17,2.51,2.51,2.50,2.48,2563099.0,6704970.0
2013-04-16,2.49,2.51,2.51,2.48,3592576.0,9377675.0
2013-04-15,2.51,2.52,2.50,2.49,4424744.0,11581724.0
2013-04-12,2.53,2.54,2.52,2.52,2528305.0,6699091.0
2013-04-11,2.55,2.55,2.53,2.52,3380440.0,8990847.0
2013-04-10,2.55,2.55,2.54,2.53,3512529.0,9335538.0
2013-04-09,2.54,2.56,2.55,2.53,3948507.0,10548507.0
2013-04-08,2.55,2.55,2.53,2.51,5121069.0,13540100.0
2013-04-03,2.57,2.58,2.57,2.56,4002457.0,10776333.0
2013-04-02,2.57,2.59,2.57,2.56,3924846.0,10549577.0
2013-04-01,2.56,2.58,2.57,2.55,4127015.0,11097042.0
2013-03-29,2.57,2.58,2.56,2.55,5131880.0,13781578.0
2013-03-28,2.61,2.61,2.56,2.56,9955113.0,26848812.0
2013-03-27,2.63,2.64,2.62,2.60,6009968.0,16489188.0
2013-03-26,2.64,2.64,2.62,2.61,6387867.0,17507558.0
2013-03-25,2.65,2.66,2.64,2.64,5347051.0,14810327.0
2013-03-22,2.64,2.66,2.65,2.63,8653491.0,24009928.0
2013-03-21,2.65,2.65,2.64,2.63,6459215.0,17871192.0
2013-03-20,2.63,2.65,2.64,2.62,8725444.0,24070050.0
2013-03-19,2.60,2.63,2.63,2.59,8010901.0,21871784.0
2013-03-18,2.63,2.64,2.61,2.60,5819444.0,15978201.0
2013-03-15,2.64,2.66,2.64,2.62,6749989.0,18649544.0
2013-03-14,2.64,2.66,2.65,2.62,6767567.0,18718250.0
2013-03-13,2.65,2.66,2.64,2.62,8565107.0,23628156.0
2013-03-12,2.68,2.70,2.65,2.64,9536681.0,26633800.0
2013-03-11,2.69,2.70,2.68,2.67,5338452.0,15004591.0
2013-03-08,2.70,2.70,2.69,2.68,5318255.0,14989311.0
2013-03-07,2.72,2.73,2.70,2.68,10199063.0,28862736.0
2013-03-06,2.67,2.74,2.73,2.66,18650996.0,52954144.0
2013-03-05,2.65,2.67,2.67,2.64,7295100.0,20308796.0
2013-03-04,2.70,2.70,2.65,2.64,13351711.0,37271228.0
2013-03-01,2.72,2.72,2.71,2.69,8547218.0,24209928.0
2013-02-28,2.70,2.72,2.72,2.68,8389115.0,23789144.0
2013-02-27,2.68,2.71,2.69,2.67,5857160.0,16520150.0
2013-02-26,2.71,2.72,2.68,2.68,7421901.0,21001268.0
2013-02-25,2.71,2.72,2.71,2.70,6603894.0,18763688.0
2013-02-22,2.71,2.72,2.70,2.70,7443302.0,21122800.0
2013-02-21,2.75,2.76,2.72,2.70,14652911.0,41796452.0
2013-02-20,2.74,2.76,2.76,2.73,10692444.0,30702160.0
2013-02-19,2.77,2.78,2.73,2.73,11904884.0,34235188.0
2013-02-18,2.78,2.78,2.77,2.76,10433380.0,30250094.0
2013-02-08,2.77,2.79,2.78,2.75,15761284.0,45748884.0
2013-02-07,2.76,2.77,2.77,2.74,10626766.0,30619776.0
2013-02-06,2.76,2.79,2.76,2.75,17335500.0,50302928.0
2013-02-05,2.72,2.76,2.76,2.71,14754439.0,42327560.0
2013-02-04,2.76,2.77,2.73,2.72,14209121.0,40810240.0
2013-02-01,2.74,2.75,2.75,2.72,13721655.0,39334568.0
2013-01-31,2.77,2.78,2.74,2.73,18681638.0,53793136.0
2013-01-30,2.71,2.81,2.77,2.70,40749672.0,117620288.0
2013-01-29,2.70,2.71,2.71,2.69,12752561.0,36065752.0
2013-01-28,2.67,2.71,2.70,2.67,14300852.0,40275116.0
2013-01-25,2.69,2.69,2.67,2.66,11125036.0,31178512.0
2013-01-24,2.72,2.74,2.69,2.68,18118812.0,51538036.0
2013-01-23,2.71,2.74,2.71,2.69,14610624.0,41531148.0
2013-01-22,2.73,2.75,2.71,2.70,22233796.0,63458508.0
2013-01-21,2.71,2.76,2.74,2.70,29336504.0,84089784.0
2013-01-18,2.69,2.71,2.71,2.68,16542999.0,46817024.0
2013-01-17,2.69,2.71,2.67,2.67,13212637.0,37201392.0
2013-01-16,2.71,2.72,2.70,2.68,18682352.0,52852548.0
2013-01-15,2.68,2.72,2.71,2.67,30324248.0,85709624.0
2013-01-14,2.64,2.69,2.69,2.64,17200502.0,48096384.0
2013-01-11,2.69,2.69,2.64,2.64,15848134.0,44264360.0
2013-01-10,2.67,2.69,2.69,2.66,17516016.0,49165300.0
2013-01-09,2.66,2.68,2.67,2.65,16369496.0,45797244.0
2013-01-08,2.65,2.67,2.66,2.64,17330220.0,48221912.0
2013-01-07,2.66,2.67,2.66,2.63,37248672.0,102965512.0
2013-01-04,2.71,2.72,2.67,2.65,41259852.0,115864360.0
2012-12-31,2.70,2.72,2.70,2.69,24260060.0,68726976.0
2012-12-28,2.72,2.73,2.71,2.69,9938928.0,28203104.0
2012-12-27,2.72,2.77,2.72,2.71,23711968.0,68061248.0
2012-12-26,2.71,2.72,2.72,2.69,10394940.0,29494140.0
2012-12-25,2.67,2.72,2.71,2.66,12210486.0,34503068.0
2012-12-24,2.67,2.68,2.68,2.66,3876126.0,10845767.0
2012-12-21,2.68,2.69,2.66,2.66,5514432.0,15461203.0
2012-12-20,2.70,2.70,2.68,2.66,6022286.0,16892410.0
2012-12-19,2.69,2.71,2.70,2.68,5765660.0,16285158.0
2012-12-18,2.71,2.73,2.69,2.68,11563230.0,32737836.0
2012-12-17,2.71,2.73,2.70,2.69,15459444.0,43874480.0
2012-12-14,2.64,2.71,2.71,2.64,17759630.0,50098576.0
2012-12-13,2.67,2.67,2.64,2.64,4653480.0,12953042.0
2012-12-12,2.69,2.69,2.67,2.66,3665340.0,10255909.0
2012-12-11,2.70,2.70,2.69,2.67,4118446.0,11582811.0
2012-12-10,2.70,2.71,2.70,2.68,6946324.0,19610536.0
2012-12-07,2.67,2.70,2.70,2.65,8468403.0,23792704.0
2012-12-06,2.68,2.71,2.68,2.66,7907576.0,22284358.0
2012-12-05,2.64,2.70,2.68,2.63,10603512.0,29746760.0
2012-12-04,2.64,2.65,2.65,2.61,3789730.0,10431045.0
2012-12-03,2.64,2.67,2.65,2.62,4949965.0,13717620.0
2012-11-30,2.63,2.65,2.64,2.61,5987101.0,16477765.0
2012-11-29,2.62,2.64,2.64,2.61,7210038.0,19798380.0
2012-11-28,2.65,2.65,2.64,2.61,4631332.0,12731942.0
2012-11-27,2.67,2.68,2.67,2.63,9976265.0,27770252.0
2012-11-26,2.68,2.69,2.69,2.66,3270569.0,9165226.0
2012-11-23,2.68,2.70,2.70,2.67,5693022.0,15998099.0
2012-11-22,2.70,2.70,2.70,2.67,9773518.0,27440108.0
2012-11-21,2.72,2.84,2.73,2.71,17094404.0,49192188.0
2012-11-20,2.70,2.70,2.69,2.67,3974518.0,11163882.0
2012-11-19,2.70,2.70,2.70,2.67,3706362.0,10421742.0
2012-11-16,2.71,2.71,2.71,2.67,5872568.0,16556059.0
2012-11-15,2.71,2.72,2.72,2.68,8397448.0,23767300.0
2012-11-14,2.71,2.73,2.73,2.70,3931943.0,11172278.0
2012-11-13,2.73,2.74,2.73,2.70,4158949.0,11835497.0
2012-11-12,2.71,2.74,2.74,2.71,5510439.0,15732584.0
2012-11-09,2.71,2.73,2.73,2.69,5675339.0,16113381.0
2012-11-08,2.72,2.75,2.73,2.70,8018365.0,22894614.0
2012-11-07,2.73,2.74,2.74,2.71,4694489.0,13419624.0
2012-11-06,2.74,2.75,2.74,2.71,4892247.0,13961174.0
2012-11-05,2.74,2.75,2.75,2.73,4234589.0,12137154.0
2012-11-02,2.75,2.75,2.75,2.73,3735041.0,10728299.0
2012-11-01,2.73,2.76,2.75,2.72,7989351.0,22981104.0
2012-10-31,2.73,2.74,2.74,2.72,3589548.0,10251206.0
2012-10-30,2.75,2.75,2.74,2.72,4404839.0,12603132.0
2012-10-29,2.73,2.76,2.75,2.71,5085177.0,14566091.0
2012-10-26,2.78,2.79,2.76,2.71,12697094.0,36443608.0
2012-10-25,2.78,2.90,2.81,2.76,24085332.0,71406832.0
2012-10-24,2.73,2.79,2.78,2.72,11578590.0,33570564.0
2012-10-23,2.75,2.76,2.74,2.72,4404530.0,12624491.0
2012-10-22,2.73,2.76,2.76,2.72,2843552.0,8164440.0
2012-10-19,2.77,2.77,2.76,2.74,4368574.0,12588788.0
2012-10-18,2.72,2.79,2.78,2.72,8595541.0,24900746.0
2012-10-17,2.73,2.75,2.74,2.71,4138965.0,11826697.0
2012-10-16,2.74,2.75,2.75,2.71,4669856.0,13361004.0
2012-10-15,2.75,2.75,2.75,2.71,3327347.0,9509972.0
2012-10-12,2.76,2.78,2.76,2.74,4237663.0,12226150.0
2012-10-11,2.80,2.80,2.77,2.75,6208764.0,17971572.0
2012-10-10,2.79,2.81,2.80,2.75,7174227.0,20887496.0
2012-10-09,2.75,2.79,2.79,2.74,7547614.0,21931924.0
2012-10-08,2.77,2.78,2.76,2.73,3316415.0,9540757.0
2012-09-28,2.75,2.79,2.78,2.71,7412880.0,21326964.0
2012-09-27,2.71,2.77,2.77,2.70,7828786.0,22517226.0
2012-09-26,2.73,2.75,2.74,2.64,15903771.0,44780036.0
2012-09-25,2.74,2.74,2.73,2.70,4133701.0,11749760.0
2012-09-24,2.74,2.75,2.75,2.70,5337582.0,15204833.0
2012-09-21,2.73,2.76,2.76,2.70,6972974.0,19962668.0
2012-09-20,2.76,2.76,2.75,2.70,10827264.0,30953864.0
2012-09-19,2.77,2.78,2.76,2.74,3493886.0,10083154.0
2012-09-18,2.76,2.77,2.77,2.73,9750207.0,28030732.0
2012-09-17,2.89,2.89,2.78,2.76,20740362.0,60875540.0
2012-09-14,2.92,2.92,2.89,2.86,21249200.0,64332588.0
2012-09-13,2.84,3.01,2.92,2.84,49468488.0,152157568.0
2012-09-12,2.82,2.83,2.83,2.80,10643722.0,31344370.0
2012-09-11,2.81,2.82,2.81,2.79,8265267.0,24203048.0
2012-09-10,2.81,2.81,2.80,2.78,10896273.0,31879442.0
2012-09-07,2.75,2.84,2.82,2.75,20751352.0,60930944.0
2012-09-06,2.74,2.75,2.75,2.73,3305317.0,9476908.0
2012-09-05,2.74,2.75,2.74,2.72,4393501.0,12578037.0
2012-09-04,2.77,2.77,2.75,2.72,4470499.0,12849590.0
2012-09-03,2.77,2.78,2.78,2.75,7967810.0,23044348.0
2012-08-31,2.74,2.83,2.80,2.73,14639020.0,42646664.0
2012-08-30,2.76,2.77,2.76,2.73,4887774.0,14058739.0
2012-08-29,2.78,2.78,2.76,2.75,4348899.0,12572656.0
2012-08-28,2.76,2.79,2.78,2.75,6052997.0,17553692.0
2012-08-27,2.74,2.77,2.77,2.73,11244247.0,32410944.0
2012-08-24,2.75,2.75,2.75,2.72,7484811.0,21444778.0
2012-08-23,2.74,2.76,2.76,2.73,4320084.0,12417954.0
2012-08-22,2.77,2.77,2.76,2.73,6572729.0,18879126.0
2012-08-21,2.76,2.78,2.77,2.74,6249782.0,18091212.0
2012-08-20,2.76,2.77,2.76,2.73,3637928.0,10457726.0
2012-08-17,2.76,2.77,2.77,2.73,5765482.0,16588625.0
2012-08-16,2.75,2.77,2.75,2.74,3916599.0,11273622.0
2012-08-15,2.78,2.80,2.76,2.74,6038222.0,17518200.0
2012-08-14,2.73,2.77,2.77,2.69,8257866.0,23616396.0
2012-08-13,2.83,2.83,2.75,2.74,8614439.0,25032372.0
2012-08-10,2.84,2.88,2.80,2.80,17483454.0,53005944.0
2012-08-09,2.79,2.82,2.81,2.77,12260658.0,36768400.0
2012-08-08,2.80,2.81,2.80,2.76,8072426.0,24039098.0
2012-08-07,2.81,2.81,2.80,2.78,11863060.0,35420984.0
2012-08-06,2.76,2.81,2.81,2.74,16566439.0,49442800.0
2012-08-03,2.75,2.76,2.76,2.72,7938943.0,23301520.0
2012-08-02,2.73,2.75,2.75,2.69,7315178.0,21302556.0
2012-08-01,2.70,2.77,2.75,2.69,7804380.0,22875016.0
2012-07-31,2.70,2.73,2.72,2.67,9282494.0,26803714.0
2012-07-30,2.74,2.79,2.75,2.67,13193337.0,38461384.0
2012-07-27,2.78,2.78,2.73,2.70,8237592.0,24065592.0
2012-07-26,2.77,2.79,2.76,2.72,7837369.0,23102790.0
2012-07-25,2.80,2.81,2.78,2.75,7742126.0,22983816.0
2012-07-24,2.75,2.81,2.79,2.74,8627297.0,25675716.0
2012-07-23,2.75,2.81,2.78,2.72,12215122.0,36169172.0
2012-07-20,2.77,2.80,2.77,2.73,12007211.0,35460288.0
2012-07-19,2.79,2.89,2.80,2.74,21711112.0,65303880.0
2012-07-18,2.70,2.83,2.79,2.67,16829032.0,49616088.0
2012-07-17,2.64,2.71,2.71,2.62,8381365.0,23985148.0
2012-07-16,2.70,2.70,2.66,2.62,6974543.0,19746476.0
2012-07-13,2.69,2.71,2.70,2.67,6606700.0,19003836.0
2012-07-12,2.66,2.71,2.70,2.63,10647857.0,30455172.0
2012-07-11,2.64,2.68,2.67,2.60,8357090.0,23604220.0
2012-07-10,2.62,2.63,2.63,2.57,9526203.0,26463624.0
2012-07-09,2.71,2.71,2.63,2.63,10828743.0,30845792.0
2012-07-06,2.70,2.74,2.72,2.64,11766148.0,33859040.0
2012-07-05,2.68,2.71,2.68,2.63,10652371.0,30366486.0
2012-07-04,2.77,2.79,2.70,2.69,12650654.0,36904152.0
2012-07-03,2.81,2.81,2.77,2.75,10605394.0,31463472.0
2012-07-02,2.79,2.85,2.80,2.74,16791606.0,50036436.0
2012-06-29,2.59,2.87,2.80,2.55,36904940.0,108123840.0
2012-06-28,2.69,2.71,2.62,2.62,11345019.0,32301886.0
2012-06-26,2.65,2.69,2.68,2.63,11988219.0,34234672.0
2012-06-25,2.73,2.74,2.66,2.65,11435200.0,32927020.0
2012-06-21,2.75,2.75,2.74,2.70,12850149.0,37382272.0
2012-06-20,2.81,2.81,2.76,2.75,11576782.0,34342888.0
2012-06-19,2.79,2.83,2.81,2.74,18760356.0,55939300.0
2012-06-18,2.80,2.81,2.78,2.74,16913008.0,50156760.0
2012-06-15,2.81,2.83,2.79,2.73,21250092.0,63212364.0
2012-06-14,2.85,2.85,2.81,2.80,18614084.0,56227984.0
2012-06-13,2.81,2.86,2.86,2.81,22507780.0,68353032.0
2012-06-12,2.85,2.88,2.82,2.81,22271412.0,67746016.0
2012-06-11,2.84,2.91,2.89,2.82,22087040.0,67706240.0
2012-06-08,2.98,3.00,2.85,2.82,36195404.0,112375488.0
2012-06-07,3.13,3.15,2.96,2.96,42931236.0,138497424.0
2012-06-06,3.14,3.20,3.09,3.07,36048384.0,119797832.0
2012-06-05,3.07,3.16,3.15,3.03,37573096.0,124026280.0
2012-06-04,3.01,3.21,3.10,2.97,81666312.0,268410512.0
2012-06-01,3.11,3.26,3.15,3.10,117056048.0,400986976.0
2012-05-31,3.02,3.05,2.96,2.96,38111236.0,121724616.0
2012-05-30,3.02,3.16,3.07,3.00,65816248.0,217719552.0
2012-05-29,3.01,3.14,3.04,2.95,93089712.0,301747136.0
2012-05-28,2.81,3.11,3.10,2.81,127427240.0,410722816.0
2012-05-25,2.86,2.92,2.83,2.77,52122904.0,157596656.0
2012-05-24,2.82,3.05,2.92,2.81,105695376.0,333437472.0
2012-05-23,2.83,2.90,2.87,2.72,62346112.0,186920192.0
2012-05-22,2.82,2.90,2.85,2.79,49140648.0,148940032.0
2012-05-21,2.97,2.97,2.87,2.77,94772864.0,287304064.0
2012-05-18,2.91,3.08,3.08,2.83,135111264.0,433835488.0
2012-05-17,2.55,2.80,2.80,2.54,63616728.0,184509408.0
2012-05-16,2.50,2.67,2.54,2.49,17361644.0,47933752.0
2012-05-15,2.49,2.51,2.51,2.48,3633580.0,9689035.0
2012-05-14,2.52,2.53,2.51,2.51,4373717.0,11787495.0
2012-05-11,2.52,2.53,2.51,2.51,3565511.0,9597345.0
2012-05-10,2.52,2.54,2.52,2.52,4843074.0,13089880.0
2012-05-09,2.57,2.57,2.53,2.52,6433216.0,17496366.0
2012-05-08,2.59,2.59,2.57,2.56,4749724.0,13069229.0
2012-05-07,2.60,2.60,2.58,2.56,6823916.0,18810984.0
2012-05-04,2.62,2.62,2.61,2.58,6907517.0,19194068.0
2012-05-03,2.60,2.66,2.62,2.59,8237144.0,23106408.0
2012-05-02,2.60,2.63,2.61,2.58,12386122.0,34479232.0
2012-04-26,2.59,2.59,2.57,2.55,6858050.0,18899468.0
2012-04-25,2.55,2.60,2.59,2.55,8139484.0,22464432.0
2012-04-24,2.57,2.59,2.57,2.52,11359490.0,31017268.0
2012-04-23,2.58,2.61,2.57,2.57,8626675.0,23869860.0
2012-04-20,2.58,2.59,2.59,2.56,7934858.0,21867932.0
2012-04-19,2.55,2.61,2.57,2.55,8651510.0,23906548.0
2012-04-18,2.53,2.58,2.57,2.52,7444309.0,20347676.0
2012-04-17,2.56,2.61,2.52,2.52,8631760.0,23656886.0
2012-04-16,2.51,2.63,2.56,2.49,16785460.0,46140752.0
2012-04-13,2.49,2.52,2.51,2.48,9474522.0,25346424.0
2012-04-12,2.46,2.51,2.51,2.44,9921258.0,26181100.0
2012-04-11,2.44,2.47,2.47,2.43,3666476.0,9633385.0
2012-04-10,2.44,2.47,2.47,2.39,4732770.0,12331283.0
2012-04-09,2.45,2.49,2.46,2.41,7384907.0,19463004.0
2012-04-06,2.45,2.46,2.45,2.42,4512842.0,11770835.0
2012-04-05,2.39,2.46,2.45,2.38,7231363.0,18790432.0
2012-03-30,2.40,2.40,2.39,2.38,4826807.0,12345461.0
2012-03-29,2.43,2.43,2.39,2.38,8571717.0,22050108.0
2012-03-28,2.53,2.53,2.44,2.42,8603771.0,22612440.0
2012-03-27,2.53,2.55,2.53,2.52,2854600.0,7760083.0
2012-03-26,2.53,2.54,2.53,2.52,3515797.0,9520722.0
2012-03-23,2.59,2.59,2.53,2.52,6881608.0,18786356.0
2012-03-22,2.61,2.63,2.59,2.58,8872478.0,24687898.0
2012-03-21,2.58,2.60,2.58,2.55,5303145.0,14612583.0
2012-03-20,2.59,2.63,2.58,2.57,6903300.0,19150940.0
2012-03-19,2.59,2.61,2.61,2.56,7285601.0,20139728.0
2012-03-16,2.56,2.61,2.60,2.54,7326293.0,20170460.0
2012-03-15,2.58,2.60,2.55,2.53,10419964.0,28528440.0
2012-03-14,2.71,2.71,2.58,2.52,17736518.0,50222540.0
2012-03-13,2.65,2.70,2.70,2.64,9893170.0,28213764.0
2012-03-12,2.65,2.67,2.66,2.63,6720987.0,19039680.0
2012-03-09,2.64,2.65,2.65,2.62,6156959.0,17330720.0
2012-03-08,2.60,2.64,2.63,2.59,7164993.0,20099390.0
2012-03-07,2.60,2.63,2.60,2.58,6959760.0,19375684.0
2012-03-06,2.65,2.66,2.62,2.60,7643259.0,21442588.0
2012-03-05,2.69,2.71,2.65,2.65,9167305.0,26255686.0
2012-03-02,2.66,2.69,2.68,2.65,7563262.0,21625662.0
2012-03-01,2.65,2.67,2.66,2.63,4947107.0,14034148.0
2012-02-29,2.70,2.70,2.65,2.65,6836799.0,19528924.0
2012-02-28,2.70,2.72,2.70,2.67,10845524.0,31267372.0
2012-02-27,2.70,2.76,2.71,2.69,19414558.0,56568736.0
2012-02-24,2.66,2.73,2.71,2.64,19782292.0,56690872.0
2012-02-23,2.64,2.67,2.66,2.63,10966365.0,31038224.0
2012-02-22,2.62,2.65,2.64,2.60,9122346.0,25591404.0
2012-02-21,2.62,2.63,2.62,2.57,6379765.0,17722084.0
2012-02-20,2.65,2.66,2.62,2.61,6845733.0,19266750.0
2012-02-17,2.62,2.64,2.62,2.59,5790569.0,16173128.0
2012-02-16,2.63,2.66,2.63,2.61,9469294.0,26654240.0
2012-02-15,2.58,2.66,2.65,2.57,12388152.0,34703384.0
2012-02-14,2.60,2.60,2.59,2.56,5451967.0,15026386.0
2012-02-13,2.56,2.62,2.60,2.54,12643633.0,35129296.0
2012-02-10,2.59,2.60,2.58,2.55,10401190.0,28667904.0
2012-02-09,2.58,2.61,2.58,2.55,12587303.0,34782408.0
2012-02-08,2.52,2.57,2.57,2.51,6586988.0,17963378.0
2012-02-07,2.54,2.56,2.52,2.51,4363324.0,11777212.0
2012-02-06,2.57,2.57,2.56,2.54,6322381.0,17279356.0
2012-02-03,2.52,2.57,2.56,2.52,9867543.0,26982450.0
2012-02-02,2.50,2.52,2.52,2.49,3734707.0,10003709.0
2012-02-01,2.52,2.53,2.50,2.49,3439267.0,9248177.0
2012-01-31,2.51,2.53,2.52,2.50,3048058.0,8196703.0
2012-01-30,2.52,2.54,2.51,2.51,4919474.0,13272819.0
2012-01-20,2.53,2.54,2.53,2.52,5694490.0,15437339.0
2012-01-19,2.50,2.54,2.52,2.49,4298950.0,11587761.0
2012-01-18,2.53,2.57,2.50,2.48,8183794.0,22134394.0
2012-01-17,2.41,2.54,2.53,2.40,9331389.0,24927436.0
2012-01-16,2.43,2.45,2.40,2.40,4062304.0,10532463.0
2012-01-13,2.52,2.53,2.45,2.44,7044400.0,18679590.0
2012-01-12,2.52,2.55,2.53,2.52,5518189.0,14947517.0
2012-01-11,2.56,2.56,2.53,2.52,6947735.0,18819102.0
2012-01-10,2.51,2.56,2.56,2.50,12206028.0,33108760.0
2012-01-09,2.46,2.52,2.51,2.41,8298071.0,22010176.0
2012-01-06,2.38,2.46,2.45,2.36,7184629.0,18465124.0
2012-01-04,2.43,2.48,2.44,2.41,8948419.0,23337164.0
2011-12-30,2.38,2.41,2.40,2.37,5797633.0,14826205.0
2011-12-29,2.34,2.38,2.37,2.34,4730767.0,11926910.0
2011-12-28,2.36,2.38,2.37,2.30,7872173.0,19744184.0
2011-12-27,2.43,2.43,2.38,2.34,5551958.0,14210232.0
2011-12-26,2.44,2.47,2.43,2.41,4285864.0,11201733.0
2011-12-23,2.41,2.46,2.44,2.40,4579832.0,11929764.0
2011-12-22,2.46,2.47,2.42,2.37,10978911.0,28245856.0
2011-12-21,2.53,2.54,2.47,2.46,5743200.0,15395150.0
2011-12-20,2.51,2.55,2.52,2.50,6641140.0,17894990.0
2011-12-19,2.54,2.54,2.52,2.48,7222132.0,19346088.0
2011-12-16,2.51,2.56,2.55,2.49,4460136.0,12053166.0
2011-12-15,2.57,2.57,2.51,2.51,4309020.0,11636340.0
2011-12-14,2.59,2.59,2.57,2.55,2876317.0,7903373.0
2011-12-13,2.63,2.64,2.59,2.58,4239989.0,11767023.0
2011-12-12,2.65,2.66,2.64,2.62,2664668.0,7513936.0
2011-12-09,2.65,2.66,2.64,2.63,2306747.0,6507683.0
2011-12-08,2.66,2.67,2.66,2.63,2465197.0,6978937.0
2011-12-07,2.67,2.67,2.66,2.65,1825697.0,5191632.0
2011-12-06,2.64,2.67,2.66,2.61,3256514.0,9195303.0
2011-12-05,2.69,2.69,2.64,2.64,4951800.0,14079108.0
2011-12-02,2.73,2.73,2.69,2.68,4529982.0,13069108.0
2011-12-01,2.75,2.78,2.73,2.73,7830781.0,23045340.0
2011-11-30,2.80,2.80,2.70,2.69,6492210.0,18926392.0
2011-11-29,2.79,2.80,2.80,2.77,4558345.0,13559708.0
2011-11-28,2.78,2.78,2.77,2.75,2586757.0,7633715.0
2011-11-25,2.77,2.79,2.77,2.76,2298089.0,6804938.0
2011-11-24,2.77,2.79,2.78,2.74,3849526.0,11367187.0
2011-11-23,2.80,2.81,2.78,2.77,3135100.0,9355904.0
2011-11-22,2.80,2.81,2.80,2.78,3685691.0,11004497.0
2011-11-21,2.80,2.81,2.81,2.79,3317634.0,9938913.0
2011-11-18,2.85,2.85,2.79,2.78,6994819.0,21004388.0
2011-11-17,2.87,2.90,2.86,2.85,4585877.0,14082082.0
2011-11-16,2.94,2.96,2.88,2.87,8263520.0,25719504.0
2011-11-15,2.93,2.94,2.94,2.92,5477784.0,17148628.0
2011-11-14,2.90,2.94,2.94,2.88,5786226.0,18061276.0
2011-11-11,2.89,2.91,2.88,2.87,5431475.0,16759868.0
2011-11-10,2.92,2.92,2.89,2.88,7130903.0,22102808.0
2011-11-09,2.94,2.96,2.94,2.89,7356629.0,22958912.0
2011-11-08,2.96,2.97,2.93,2.92,5935474.0,18705682.0
2011-11-07,2.96,3.01,2.96,2.96,10483858.0,33460784.0
2011-11-04,2.96,2.98,2.96,2.95,8334242.0,26412636.0
2011-11-03,2.95,2.99,2.96,2.93,15944777.0,50449520.0
2011-11-02,2.89,2.95,2.94,2.87,10202620.0,31633860.0
2011-11-01,2.92,2.96,2.93,2.90,9233880.0,28888440.0
2011-10-31,2.98,2.98,2.95,2.91,11813327.0,37107928.0
2011-10-28,3.05,3.13,2.96,2.93,28295672.0,90134744.0
2011-10-27,2.86,2.96,2.93,2.86,23816896.0,74440976.0
2011-10-26,2.82,2.88,2.85,2.82,10278538.0,31380678.0
2011-10-25,2.76,2.87,2.85,2.75,13071661.0,39416056.0
2011-10-24,2.74,2.77,2.76,2.70,6811538.0,19905972.0
2011-10-21,2.72,2.75,2.73,2.70,5590387.0,16260452.0
2011-10-20,2.80,2.81,2.72,2.70,10647298.0,31201852.0
2011-10-19,2.81,2.83,2.81,2.79,4331075.0,12986279.0
2011-10-18,2.87,2.88,2.81,2.79,6089966.0,18466972.0
2011-10-17,2.88,2.90,2.87,2.86,4129956.0,12704661.0
2011-10-14,2.90,2.90,2.89,2.85,4636000.0,14231919.0
2011-10-13,2.87,2.92,2.90,2.86,9659386.0,29867500.0
2011-10-12,2.81,2.88,2.88,2.77,8813065.0,26896648.0
2011-10-11,2.83,2.88,2.81,2.80,5943329.0,18007110.0
2011-10-10,2.80,2.81,2.80,2.79,2754910.0,8243585.0
2011-09-30,2.79,2.81,2.81,2.77,5098682.0,15219284.0
2011-09-29,2.79,2.82,2.79,2.77,6659682.0,19885840.0
2011-09-28,2.87,2.89,2.81,2.81,8318516.0,25307594.0
2011-09-27,2.86,2.89,2.86,2.84,4987200.0,15288285.0
2011-09-26,2.89,2.92,2.85,2.84,4919699.0,15108321.0
2011-09-23,2.89,2.90,2.90,2.84,5924915.0,18195960.0
2011-09-22,2.96,2.97,2.91,2.90,7042931.0,22106328.0
2011-09-21,2.93,3.00,2.99,2.90,12514662.0,39710900.0
2011-09-20,2.92,2.94,2.93,2.90,3514945.0,10954477.0
2011-09-19,2.96,2.97,2.92,2.91,4726600.0,14788131.0
2011-09-16,2.96,2.99,2.96,2.96,4801401.0,15255488.0
2011-09-15,2.96,2.98,2.96,2.94,6849650.0,21676732.0
2011-09-14,2.96,2.96,2.96,2.93,6178488.0,19460032.0
2011-09-13,2.95,2.96,2.94,2.93,4089184.0,12851260.0
2011-09-09,2.99,3.02,2.98,2.97,4595151.0,14694613.0
2011-09-08,3.04,3.05,2.99,2.98,4280509.0,13790778.0
2011-09-07,2.99,3.05,3.04,2.96,7767531.0,24918204.0
2011-09-06,2.97,3.01,2.98,2.96,4968087.0,15866032.0
2011-09-05,3.01,3.01,2.99,2.98,5163072.0,16541646.0
2011-09-02,3.05,3.07,3.03,3.02,6267137.0,20343480.0
2011-09-01,3.08,3.09,3.06,3.04,6703457.0,21954644.0
2011-08-31,3.11,3.12,3.07,3.05,10528809.0,34605876.0
2011-08-30,3.13,3.16,3.11,3.10,5087049.0,17044120.0
2011-08-29,3.17,3.17,3.12,3.11,6065660.0,20309900.0
2011-08-26,3.18,3.19,3.17,3.16,4323929.0,14663377.0
2011-08-25,3.15,3.20,3.19,3.12,7843667.0,26606372.0
2011-08-24,3.15,3.18,3.11,3.10,4182208.0,14054790.0
2011-08-23,3.09,3.15,3.14,3.08,5018206.0,16738244.0
2011-08-22,3.08,3.10,3.08,3.05,4231567.0,13900543.0
2011-08-19,3.04,3.08,3.07,3.02,5107621.0,16645516.0
2011-08-18,3.13,3.13,3.09,3.09,4944200.0,16428116.0
2011-08-17,3.16,3.17,3.13,3.11,4558393.0,15304917.0
2011-08-16,3.21,3.21,3.16,3.14,6162030.0,20911472.0
2011-08-15,3.18,3.22,3.21,3.18,5292433.0,18068384.0
2011-08-12,3.12,3.21,3.18,3.12,9507060.0,32644460.0
2011-08-11,3.02,3.12,3.12,2.99,8282474.0,27607500.0
2011-08-10,3.11,3.14,3.08,3.07,8270203.0,27799606.0
2011-08-09,3.00,3.07,3.05,2.94,10428946.0,34062016.0
2011-08-08,3.27,3.28,3.07,3.00,16434727.0,55827228.0
2011-08-05,3.32,3.34,3.31,3.28,8413010.0,30183276.0
2011-08-04,3.36,3.39,3.38,3.36,3895001.0,14284103.0
2011-08-03,3.35,3.37,3.36,3.34,4909514.0,17911444.0
2011-08-02,3.38,3.38,3.37,3.33,6101753.0,22169104.0
2011-08-01,3.38,3.40,3.39,3.36,3895739.0,14309100.0
2011-07-29,3.38,3.40,3.38,3.36,5965154.0,21856228.0
2011-07-28,3.42,3.42,3.38,3.37,5641163.0,20725814.0
2011-07-27,3.40,3.43,3.42,3.38,4813986.0,17808800.0
2011-07-26,3.38,3.41,3.40,3.36,5157527.0,18979016.0
2011-07-25,3.47,3.48,3.39,3.36,11340800.0,41943460.0
2011-07-22,3.47,3.49,3.47,3.46,4952772.0,18658784.0
2011-07-21,3.51,3.53,3.45,3.45,9512797.0,35899228.0
2011-07-20,3.57,3.58,3.51,3.50,9874969.0,37748972.0
2011-07-19,3.60,3.60,3.55,3.54,11178909.0,43196396.0
2011-07-18,3.58,3.63,3.61,3.57,13689791.0,53391596.0
2011-07-15,3.59,3.59,3.58,3.55,8522031.0,32928196.0
2011-07-14,3.57,3.59,3.58,3.54,8486441.0,32847324.0
2011-07-13,3.52,3.59,3.57,3.51,10146215.0,39208832.0
2011-07-12,3.57,3.57,3.51,3.51,9650470.0,36995256.0
2011-07-11,3.55,3.60,3.58,3.52,8172026.0,31683028.0
2011-07-08,3.53,3.58,3.57,3.53,8347691.0,32204916.0
2011-07-07,3.59,3.61,3.55,3.55,16273482.0,63044728.0
2011-07-06,3.63,3.64,3.60,3.58,14885608.0,58231532.0
2011-07-05,3.60,3.67,3.64,3.58,29499376.0,116188760.0
2011-07-04,3.57,3.61,3.60,3.56,16000574.0,62340860.0
2011-07-01,3.60,3.64,3.57,3.55,19268116.0,74838888.0
2011-06-30,3.62,3.72,3.62,3.59,47787052.0,188355152.0
2011-06-29,3.64,3.70,3.62,3.61,37459996.0,148319312.0
2011-06-28,3.44,3.78,3.71,3.39,62375448.0,243870320.0
2011-06-27,3.44,3.46,3.44,3.42,17421508.0,64960360.0
2011-06-23,3.34,3.40,3.38,3.32,7837102.0,28573860.0
2011-06-22,3.36,3.36,3.35,3.34,4392048.0,15978573.0
2011-06-21,3.33,3.36,3.36,3.32,6101484.0,22116902.0
2011-06-20,3.36,3.36,3.33,3.32,7137958.0,25816222.0
2011-06-17,3.36,3.39,3.36,3.35,5132946.0,18771384.0
2011-06-16,3.39,3.40,3.36,3.36,8610750.0,31584604.0
2011-06-15,3.41,3.50,3.43,3.39,13519323.0,50440124.0
2011-06-14,3.37,3.42,3.41,3.36,8175857.0,30199088.0
2011-06-13,3.40,3.40,3.37,3.34,9040470.0,32941894.0
2011-06-10,3.42,3.43,3.41,3.37,9481755.0,34962532.0
2011-06-09,3.45,3.49,3.42,3.41,10981647.0,41126332.0
2011-06-08,3.43,3.45,3.45,3.40,8009552.0,29739248.0
2011-06-07,3.41,3.45,3.45,3.40,5371953.0,19984140.0
2011-06-03,3.39,3.45,3.43,3.39,5866427.0,21787212.0
2011-06-02,3.42,3.43,3.40,3.37,9559721.0,35226564.0
2011-06-01,3.45,3.47,3.46,3.43,6044141.0,22594928.0
2011-05-31,3.37,3.46,3.46,3.37,9475964.0,35048880.0
2011-05-30,3.43,3.44,3.38,3.37,11339256.0,41883028.0
2011-05-27,3.45,3.48,3.44,3.42,10145055.0,38040504.0
2011-05-26,3.47,3.51,3.47,3.46,8799993.0,33234552.0
2011-05-25,3.50,3.53,3.47,3.46,8961936.0,33929548.0
2011-05-24,3.48,3.51,3.50,3.44,8860624.0,33398140.0
2011-05-23,3.59,3.59,3.49,3.48,18107090.0,69179384.0
2011-05-20,3.61,3.63,3.59,3.55,20572488.0,79911776.0
2011-05-19,3.68,3.68,3.62,3.61,15978883.0,63066888.0
2011-05-18,3.66,3.68,3.67,3.63,11176167.0,44386832.0
2011-05-17,3.68,3.69,3.65,3.62,15542551.0,61621512.0
2011-05-16,3.68,3.74,3.68,3.67,13226990.0,53054928.0
2011-05-13,3.67,3.70,3.69,3.64,18652084.0,74200752.0
2011-05-12,3.74,3.75,3.67,3.67,31108116.0,125337640.0
2011-05-11,3.76,3.83,3.77,3.72,22938144.0,93994752.0
2011-05-10,3.80,3.81,3.76,3.72,25338278.0,103216032.0
2011-05-09,3.82,3.86,3.80,3.78,19772104.0,81979888.0
2011-05-06,3.79,3.83,3.82,3.76,16831888.0,69597480.0
2011-05-05,3.78,3.84,3.83,3.74,22570388.0,92780560.0
2011-05-04,3.81,3.91,3.78,3.74,37561932.0,156037168.0
2011-05-03,3.76,3.83,3.83,3.71,29991004.0,123280320.0
2011-04-29,3.69,3.76,3.76,3.63,23376368.0,94096696.0
2011-04-28,3.82,3.83,3.71,3.68,35159484.0,143366160.0
2011-04-27,3.82,3.86,3.82,3.76,33355424.0,137817168.0
2011-04-26,3.91,3.92,3.81,3.79,46352520.0,193200048.0
2011-04-25,3.99,4.09,3.94,3.94,88469648.0,384513312.0
2011-04-22,3.84,4.04,4.01,3.82,110033736.0,472928288.0
2011-04-21,3.84,3.88,3.85,3.79,53465288.0,222639344.0
2011-04-20,3.69,3.94,3.85,3.69,92630984.0,384692480.0
2011-04-19,3.75,3.76,3.69,3.65,35003344.0,140622544.0
2011-04-18,3.73,3.80,3.78,3.72,31848722.0,130069584.0
2011-04-15,3.72,3.76,3.75,3.69,27249976.0,110089616.0
2011-04-14,3.75,3.79,3.73,3.72,31198228.0,126784984.0
2011-04-13,3.72,3.79,3.76,3.71,47063684.0,191855936.0
2011-04-12,3.66,3.78,3.74,3.62,69725896.0,281783008.0
2011-04-11,3.64,3.71,3.67,3.61,29468166.0,116975664.0
2011-04-08,3.63,3.64,3.64,3.60,17028080.0,66976756.0
2011-04-07,3.65,3.65,3.64,3.61,17787260.0,70040048.0
2011-04-06,3.62,3.68,3.65,3.60,21757584.0,85924320.0
2011-04-01,3.63,3.65,3.63,3.59,19990088.0,78347880.0
2011-03-31,3.72,3.73,3.63,3.61,32006506.0,127369488.0
2011-03-30,3.65,3.76,3.74,3.62,69096272.0,278357056.0
2011-03-29,3.60,3.67,3.64,3.58,36806184.0,144947072.0
2011-03-28,3.60,3.61,3.60,3.58,18656796.0,72699808.0
2011-03-25,3.59,3.60,3.60,3.58,16917956.0,65924416.0
2011-03-24,3.56,3.61,3.59,3.56,20153292.0,78387480.0
2011-03-23,3.55,3.58,3.57,3.52,19987604.0,76963960.0
2011-03-22,3.55,3.56,3.55,3.52,8869281.0,34011500.0
2011-03-21,3.55,3.57,3.55,3.53,9287439.0,35720568.0
2011-03-18,3.56,3.57,3.55,3.53,14192501.0,54561972.0
2011-03-17,3.57,3.57,3.54,3.52,18814670.0,72432864.0
2011-03-16,3.55,3.59,3.59,3.54,17862852.0,69061072.0
2011-03-15,3.59,3.59,3.55,3.49,25427898.0,97517736.0
2011-03-14,3.59,3.61,3.59,3.56,22464464.0,87338288.0
2011-03-11,3.59,3.63,3.59,3.58,19824966.0,77607824.0
2011-03-10,3.64,3.64,3.59,3.59,20088372.0,78623128.0
2011-03-09,3.66,3.68,3.64,3.62,32939988.0,130282240.0
2011-03-08,3.66,3.69,3.67,3.64,44992328.0,178475632.0
2011-03-07,3.55,3.74,3.72,3.51,105131688.0,414915264.0
2011-03-04,3.73,3.74,3.74,3.71,15128655.0,61155660.0
2011-03-03,3.77,3.82,3.74,3.73,16256618.0,66557904.0
2011-03-02,3.74,3.82,3.79,3.74,27265360.0,112022568.0
2011-03-01,3.77,3.77,3.74,3.71,13573582.0,55051056.0
2011-02-28,3.74,3.78,3.77,3.71,13839975.0,56287072.0
2011-02-24,3.69,3.72,3.72,3.67,10439910.0,41995616.0
2011-02-23,3.68,3.71,3.70,3.66,9603529.0,38443336.0
2011-02-22,3.76,3.79,3.68,3.67,17065248.0,68694024.0
2011-02-21,3.74,3.80,3.78,3.71,10908120.0,44591568.0
2011-02-18,3.81,3.83,3.74,3.74,17093432.0,70000656.0
2011-02-17,3.87,3.89,3.83,3.80,21641912.0,90008832.0
2011-02-16,3.79,3.91,3.88,3.78,33815024.0,141180736.0
2011-02-15,3.84,3.85,3.80,3.78,25868146.0,106947096.0
2011-02-14,3.82,3.87,3.84,3.80,23947912.0,99692480.0
2011-02-11,3.71,3.89,3.80,3.71,33242140.0,137561296.0
2011-02-10,3.66,3.72,3.72,3.64,13895289.0,55766048.0
2011-02-09,3.64,3.73,3.68,3.63,13722394.0,54852824.0
2011-02-01,3.71,3.74,3.69,3.65,10912361.0,43656040.0
2011-01-31,3.66,3.73,3.71,3.64,14913420.0,59788844.0
2011-01-28,3.72,3.79,3.69,3.66,20605242.0,83029792.0
2011-01-27,3.59,3.74,3.72,3.57,38505652.0,154430336.0
2011-01-26,3.51,3.63,3.62,3.49,16548425.0,63865104.0
2011-01-25,3.48,3.58,3.50,3.47,10299708.0,39281128.0
2011-01-24,3.48,3.56,3.50,3.46,13123619.0,50057396.0
2011-01-21,3.39,3.51,3.47,3.38,14096494.0,53038036.0
2011-01-20,3.49,3.49,3.38,3.38,10466007.0,38871416.0
2011-01-19,3.46,3.50,3.49,3.43,8510094.0,32117268.0
2011-01-18,3.37,3.47,3.46,3.37,7101282.0,26435948.0
2011-01-17,3.57,3.57,3.45,3.44,17681000.0,66984836.0
2011-01-14,3.60,3.62,3.59,3.58,12150437.0,47330904.0
2011-01-13,3.65,3.66,3.63,3.61,6874574.0,27063188.0
2011-01-12,3.65,3.67,3.64,3.59,13114589.0,51708220.0
2011-01-11,3.59,3.71,3.67,3.57,18703508.0,73832816.0
2011-01-10,3.62,3.66,3.60,3.59,11569910.0,45483224.0
2011-01-07,3.63,3.68,3.65,3.60,14921209.0,58936336.0
2011-01-06,3.67,3.69,3.63,3.61,13549508.0,53473244.0
2011-01-05,3.69,3.69,3.68,3.65,14329693.0,57033216.0
2011-01-04,3.64,3.73,3.71,3.61,21609264.0,86268352.0
