date,open,high,close,low,volume,amount
2015-11-27,10.45,10.45,9.89,9.74,55314804.0,561565504.0
2015-11-26,10.75,10.77,10.48,10.47,42091392.0,445597760.0
2015-11-25,10.54,10.76,10.69,10.50,50408332.0,534406144.0
2015-11-24,10.48,10.55,10.51,10.35,29873200.0,312043104.0
2015-11-23,10.60,10.62,10.47,10.46,38763072.0,408243584.0
2015-11-20,10.42,10.64,10.55,10.34,50169280.0,527202976.0
2015-11-19,10.30,10.43,10.41,10.27,44385032.0,458954560.0
2015-11-18,10.47,10.49,10.30,10.26,39805368.0,412468896.0
2015-11-17,10.60,10.70,10.47,10.45,55271444.0,585323840.0
2015-11-16,10.31,10.58,10.57,10.20,50575436.0,524298592.0
2015-11-13,10.70,10.74,10.49,10.45,75887872.0,801878144.0
2015-11-12,11.09,11.09,10.80,10.68,77041200.0,835807168.0
2015-11-11,11.21,11.21,11.09,10.97,65768680.0,726632640.0
2015-11-10,11.23,11.49,11.20,11.01,101442968.0,1143774208.0
2015-11-09,11.10,11.19,11.15,10.90,84338584.0,933262656.0
2015-11-06,11.19,11.34,11.22,11.03,82914504.0,926925568.0
2015-11-05,10.98,11.23,11.10,10.84,91056400.0,1004908608.0
2015-11-04,10.50,10.97,10.93,10.47,66348780.0,715200704.0
2015-11-03,10.61,10.68,10.42,10.35,44931024.0,472741344.0
2015-11-02,10.71,10.98,10.57,10.43,60420924.0,647240704.0
2015-10-30,11.00,11.18,10.95,10.75,64586776.0,710335552.0
2015-10-29,11.02,11.24,11.04,10.75,76180784.0,837444992.0
2015-10-28,11.29,11.47,11.04,11.00,70560136.0,793141504.0
2015-10-27,11.12,11.34,11.29,10.95,78646448.0,878342528.0
2015-10-26,11.43,11.46,11.18,11.00,77788424.0,870232640.0
2015-10-23,11.31,11.36,11.24,11.07,79673704.0,892510848.0
2015-10-22,10.78,11.56,11.35,10.78,101767872.0,1135986432.0
2015-10-21,11.65,11.70,10.83,10.71,143413120.0,1613037184.0
2015-10-20,11.08,11.94,11.77,11.00,170018480.0,1958912384.0
2015-10-19,11.45,11.61,11.10,10.87,113747992.0,1275675520.0
2015-10-16,11.42,11.49,11.44,11.22,76096272.0,864301888.0
2015-10-15,11.07,11.58,11.37,11.05,107345744.0,1213988096.0
2015-10-14,11.20,11.36,11.10,11.03,72902240.0,813715072.0
2015-10-13,10.84,11.55,11.41,10.79,126544592.0,1406570880.0
2015-10-12,10.78,11.78,10.77,10.70,167283104.0,1842556672.0
2015-10-09,10.46,10.97,10.74,10.41,47406840.0,509212704.0
2015-10-08,10.55,10.75,10.48,10.40,49560724.0,524684448.0
2015-09-30,10.11,10.25,10.15,10.11,19615976.0,199880192.0
2015-09-29,10.09,10.25,10.05,10.00,17023324.0,171879584.0
2015-09-28,10.27,10.28,10.22,9.88,27251048.0,275578560.0
2015-09-25,10.38,10.69,10.15,10.07,33256508.0,345065280.0
2015-09-24,10.37,10.59,10.50,10.31,30177570.0,315235392.0
2015-09-23,10.51,10.59,10.35,10.28,32373492.0,337661472.0
2015-09-22,10.46,10.89,10.77,10.29,66071264.0,702617728.0
2015-09-21,10.00,10.52,10.46,9.91,43694116.0,451758720.0
2015-09-18,9.96,10.18,10.07,9.95,23783672.0,239074912.0
2015-09-17,10.22,10.45,9.94,9.93,48416444.0,495672640.0
2015-09-16,9.48,10.38,10.34,9.48,55427476.0,553800448.0
2015-09-15,9.85,10.15,9.44,9.40,38074000.0,370772064.0
2015-09-14,10.40,10.48,10.15,9.54,63846704.0,638395008.0
2015-09-11,10.36,10.66,10.31,10.15,41229856.0,427132640.0
2015-09-10,10.52,10.77,10.40,10.31,45641788.0,482028608.0
2015-09-09,10.56,11.24,10.77,10.43,98444256.0,1063760896.0
2015-09-08,10.03,10.50,10.45,9.82,62840536.0,640690688.0
2015-09-07,10.00,10.56,10.07,9.92,85898032.0,874167936.0
2015-09-02,9.36,10.35,9.75,9.07,79572096.0,788066368.0
2015-09-01,10.25,10.29,9.74,9.60,74430528.0,738302080.0
2015-08-31,11.10,11.36,10.49,10.37,95705568.0,1039724352.0
2015-08-28,10.88,11.69,11.49,10.46,170803808.0,1876545536.0
2015-08-27,10.50,10.80,10.73,9.98,155720720.0,1621102592.0
2015-08-26,9.80,10.62,10.39,9.69,193952208.0,2011423232.0
2015-08-25,9.50,10.38,9.65,9.33,141709200.0,1403741312.0
2015-08-24,10.58,10.58,10.03,10.03,133493688.0,1354033792.0
2015-08-21,12.00,12.06,11.14,11.14,115802432.0,1345304064.0
2015-08-20,13.45,13.62,12.38,12.30,143071232.0,1860344064.0
2015-08-19,12.85,14.00,13.67,12.24,205626352.0,2671870208.0
2015-08-18,12.80,14.26,13.35,12.51,268226544.0,3615395072.0
2015-08-17,13.06,13.29,12.96,12.50,159253408.0,2051021952.0
2015-08-14,13.35,14.56,13.59,13.34,199909952.0,2780907776.0
2015-08-13,13.60,14.19,13.58,13.01,289461984.0,3922955264.0
2015-08-12,13.46,13.46,13.46,13.46,26674896.0,359044096.0
2015-08-11,12.24,12.24,12.24,12.24,2363214.0,28925740.0
2015-08-10,11.13,11.13,11.13,11.13,3281644.0,36524696.0
2015-07-30,10.28,10.54,10.12,10.01,60941448.0,629951296.0
2015-07-29,9.70,10.47,10.27,9.50,61167616.0,606112768.0
2015-07-28,9.13,9.90,9.58,8.71,81786456.0,758076736.0
2015-07-27,10.36,10.56,9.59,9.59,76940160.0,778981888.0
2015-07-24,11.05,11.18,10.65,10.53,82901440.0,906683200.0
2015-07-23,10.67,11.20,11.02,10.60,79673624.0,867412864.0
2015-07-22,10.70,11.10,10.73,10.40,66887508.0,721267072.0
2015-07-21,10.62,10.99,10.84,10.51,55393488.0,598267328.0
2015-07-20,10.80,11.30,10.84,10.52,73488328.0,803545984.0
2015-07-17,10.08,10.97,10.79,10.08,69964432.0,740218624.0
2015-07-16,9.69,10.35,10.03,9.01,67066372.0,662696576.0
2015-07-15,10.21,10.43,9.58,9.51,90376440.0,902555648.0
2015-07-14,10.77,11.29,10.56,10.22,150939968.0,1648945280.0
2015-07-13,10.09,10.53,10.53,10.09,110326672.0,1158619648.0
2015-07-10,9.41,9.58,9.58,9.05,81957024.0,790304896.0
2015-07-09,7.92,8.71,8.71,7.92,86180824.0,735614144.0
2015-07-08,7.92,8.38,7.92,7.92,123036736.0,992477312.0
2015-07-07,9.22,9.70,8.79,8.79,137410512.0,1247343232.0
2015-07-06,9.99,9.99,9.76,8.71,140979840.0,1358950784.0
2015-07-03,9.49,10.11,9.08,8.68,116718664.0,1083451392.0
2015-07-02,10.76,10.91,9.63,9.57,94624008.0,983621376.0
2015-07-01,11.17,11.80,10.61,10.59,83855768.0,961300544.0
2015-06-30,10.59,11.48,11.45,9.59,112650304.0,1211640960.0
2015-06-29,12.08,12.15,10.58,10.58,122269072.0,1357695616.0
2015-06-26,12.65,12.65,11.76,11.76,74990352.0,916949376.0
2015-06-25,13.24,13.79,13.06,12.88,99494976.0,1348297088.0
2015-06-24,13.41,13.63,13.31,12.85,92705240.0,1243026560.0
2015-06-23,13.83,13.88,13.29,12.45,98139152.0,1296586880.0
2015-06-19,14.99,15.06,13.83,13.83,89691472.0,1308089728.0
2015-06-18,15.42,16.26,15.38,15.16,142638800.0,2279319808.0
2015-06-17,15.12,15.47,15.46,14.59,110442128.0,1687614336.0
2015-06-16,14.53,15.19,15.17,14.38,113689472.0,1710209536.0
2015-06-15,15.09,15.16,14.82,14.58,90530232.0,1362854016.0
2015-06-12,15.07,15.26,14.98,14.72,85104672.0,1288370688.0
2015-06-11,15.33,15.47,15.04,14.92,84508184.0,1288472576.0
2015-06-10,14.82,15.58,15.19,14.61,104168848.0,1594759936.0
2015-06-09,14.70,15.06,14.89,14.53,82601888.0,1236621952.0
2015-06-08,15.01,15.03,14.70,14.31,84100768.0,1246403328.0
2015-06-05,15.27,15.49,14.99,14.63,107973248.0,1641092864.0
2015-06-04,15.77,15.86,14.98,14.19,116341248.0,1759218560.0
2015-06-03,15.84,16.76,15.77,15.33,111239336.0,1792384512.0
2015-06-02,15.20,16.60,16.17,14.63,142574880.0,2217094400.0
2015-06-01,14.72,15.58,15.14,14.43,142883104.0,2183825152.0
2015-05-29,13.77,14.52,14.20,12.90,164016400.0,2298839296.0
2015-05-28,14.43,15.02,13.40,13.20,209584896.0,3028316928.0
2015-05-27,12.80,13.79,13.79,12.66,122823584.0,1652276608.0
2015-05-26,12.06,12.54,12.53,11.70,138342464.0,1693508096.0
2015-05-25,11.66,12.13,11.96,11.51,119181064.0,1429059968.0
2015-05-22,11.58,11.66,11.59,11.32,93986504.0,1091317760.0
2015-05-21,11.35,11.51,11.38,11.25,61022256.0,699773888.0
2015-05-20,11.10,11.45,11.20,10.98,85858008.0,980331584.0
2015-05-19,10.53,11.09,11.06,10.50,66939472.0,730618944.0
2015-05-18,10.63,10.72,10.50,10.39,52043552.0,555928768.0
2015-05-15,10.97,10.97,10.63,10.56,47066972.0,509036384.0
2015-05-14,11.15,11.19,10.97,10.88,46027656.0,511454400.0
2015-05-13,11.01,11.21,11.13,10.84,67486360.0,753833664.0
2015-05-12,10.96,11.06,11.00,10.81,66525800.0,735904192.0
2015-05-11,10.69,11.04,10.95,10.61,59274772.0,650621312.0
2015-05-08,10.65,10.71,10.69,10.43,44317688.0,474275040.0
2015-05-07,10.86,10.86,10.45,10.38,47795700.0,511410912.0
2015-05-06,11.26,11.32,10.94,10.88,56666988.0,639301056.0
2015-05-05,11.14,11.41,11.12,10.97,64323868.0,728617344.0
2015-05-04,11.05,11.22,11.06,10.94,52349464.0,585611776.0
2015-04-30,11.27,11.38,11.08,11.07,53045692.0,598810368.0
2015-04-29,11.19,11.39,11.25,11.19,37983280.0,433899040.0
2015-04-28,11.68,11.73,11.19,11.07,72046128.0,828455360.0
2015-04-27,11.61,11.96,11.73,11.59,74621512.0,887486336.0
2015-04-24,11.54,11.95,11.63,11.45,63162152.0,746282048.0
2015-04-23,11.66,11.82,11.71,11.44,89246208.0,1052216320.0
2015-04-22,11.38,11.85,11.60,11.33,95103968.0,1111089536.0
2015-04-21,10.97,11.40,11.36,10.93,60365676.0,683579392.0
2015-04-20,11.46,11.46,10.98,10.95,89449136.0,1008972224.0
2015-04-17,11.59,11.64,11.50,11.39,64973496.0,756350144.0
2015-04-16,11.31,11.84,11.55,11.08,55266956.0,640236544.0
2015-04-15,11.96,12.01,11.41,11.33,69597784.0,818187456.0
2015-04-14,12.28,12.29,11.93,11.79,85764816.0,1041318144.0
2015-04-13,12.25,12.48,12.31,12.15,82469792.0,1026236544.0
2015-04-10,11.56,12.45,12.29,11.42,103604816.0,1251279616.0
2015-04-09,11.62,11.89,11.56,11.22,108450584.0,1268423296.0
2015-04-08,11.86,11.91,11.39,11.05,74886976.0,874326720.0
2015-04-07,11.66,12.02,11.67,11.56,68110336.0,806112320.0
2015-04-03,11.66,11.75,11.67,11.46,46341944.0,544349888.0
2015-04-02,11.78,11.96,11.75,11.47,53107340.0,628054656.0
2015-04-01,11.40,11.96,11.62,11.31,69299800.0,819427136.0
2015-03-31,11.64,11.85,11.39,11.30,64067928.0,751546880.0
2015-03-30,11.05,12.02,11.64,11.03,106332952.0,1247869440.0
2015-03-27,10.77,11.10,11.05,10.71,75401368.0,831347136.0
2015-03-26,10.42,10.98,10.88,10.23,96630656.0,1042137536.0
2015-03-25,10.39,10.55,10.45,10.25,71609592.0,755293120.0
2015-03-24,10.67,10.71,10.37,10.16,80211856.0,844652416.0
2015-03-23,10.55,10.74,10.65,10.51,69827000.0,749948352.0
2015-03-20,10.63,10.66,10.51,10.37,66821352.0,710021120.0
2015-03-19,10.63,10.72,10.60,10.41,77587312.0,829575296.0
2015-03-18,9.97,10.83,10.62,9.85,141275296.0,1493727104.0
2015-03-17,9.70,9.98,9.95,9.60,82666112.0,813095168.0
2015-03-16,9.54,9.85,9.65,9.54,73189768.0,716456384.0
2015-03-13,9.33,9.56,9.43,9.24,48051924.0,455757664.0
2015-03-12,9.52,9.54,9.41,9.29,48550140.0,461116128.0
2015-03-11,9.22,9.62,9.51,9.19,73388464.0,700602496.0
2015-03-10,9.14,9.36,9.21,9.09,37075832.0,346837760.0
2015-03-09,9.13,9.21,9.19,9.00,34403868.0,316913312.0
2015-03-06,9.32,9.36,9.19,9.14,40857888.0,381685728.0
2015-03-05,9.00,9.41,9.38,8.91,84575072.0,788138560.0
2015-03-04,8.89,9.02,9.01,8.85,34371264.0,311167200.0
2015-03-03,9.09,9.12,8.88,8.87,45133984.0,410283168.0
2015-03-02,9.10,9.16,9.13,9.01,37172512.0,341403232.0
2015-02-27,9.06,9.13,9.07,9.04,26489004.0,243504560.0
2015-02-26,9.19,9.21,9.10,9.01,40894016.0,375689664.0
2015-02-25,9.25,9.42,9.21,9.14,45725524.0,428969408.0
2015-02-17,9.19,9.62,9.16,9.12,59505944.0,561178304.0
2015-02-16,9.00,9.14,9.05,8.98,31818588.0,292102112.0
2015-02-13,9.01,9.08,9.04,8.94,37005232.0,337485824.0
2015-02-12,8.94,9.04,8.98,8.91,31310448.0,284593376.0
2015-02-11,8.73,9.02,8.93,8.72,38576888.0,347720448.0
2015-02-10,8.67,8.71,8.70,8.62,18099774.0,158638432.0
2015-02-09,8.73,8.84,8.68,8.66,27504226.0,243585984.0
2015-02-06,8.56,8.69,8.59,8.45,22361236.0,193681520.0
2015-02-05,8.74,8.76,8.57,8.53,26492934.0,231568624.0
2015-02-04,8.76,8.81,8.64,8.60,21128856.0,185982384.0
2015-02-03,8.61,8.81,8.75,8.57,23267576.0,204609872.0
2015-02-02,8.68,8.78,8.55,8.50,34689864.0,301747008.0
2015-01-30,9.00,9.12,8.80,8.79,30679458.0,278056576.0
2015-01-29,8.88,9.05,8.99,8.82,25856232.0,234557664.0
2015-01-28,9.12,9.12,8.96,8.90,31550976.0,287107008.0
2015-01-27,9.25,9.27,9.11,8.94,51428680.0,474579136.0
2015-01-26,8.79,9.20,9.19,8.71,64650328.0,589718848.0
2015-01-23,8.94,8.99,8.78,8.73,33891344.0,303680576.0
2015-01-22,8.68,9.03,8.93,8.62,50415744.0,451592928.0
2015-01-21,8.46,8.79,8.68,8.40,46121632.0,402248192.0
2015-01-20,8.50,8.54,8.45,8.32,30026684.0,256165696.0
2015-01-19,8.42,8.67,8.29,8.11,38577400.0,329965696.0
2015-01-16,8.77,8.82,8.75,8.67,24623328.0,217802864.0
2015-01-15,8.48,8.86,8.76,8.46,34810224.0,305936608.0
2015-01-14,8.56,8.60,8.46,8.44,24410144.0,209775712.0
2015-01-13,8.51,8.63,8.56,8.48,23585988.0,203882640.0
2015-01-12,8.51,8.70,8.47,8.41,30632776.0,264288560.0
2015-01-09,8.81,8.84,8.59,8.58,38730492.0,342024064.0
2015-01-08,8.99,9.05,8.81,8.72,38502600.0,344558080.0
2015-01-07,8.97,9.08,8.94,8.85,33699948.0,305479168.0
2015-01-06,8.94,8.99,8.98,8.79,43941984.0,395725184.0
2015-01-05,8.61,9.05,9.00,8.50,68024952.0,610863808.0
2014-12-31,8.68,8.68,8.61,8.43,35334468.0,305500640.0
2014-12-30,8.52,8.73,8.67,8.47,35086248.0,305502720.0
2014-12-29,8.74,8.79,8.54,8.42,52590552.0,458354816.0
2014-12-26,8.82,8.82,8.73,8.61,40435616.0,355606912.0
2014-12-25,8.66,8.81,8.78,8.56,38234264.0,336015040.0
2014-12-24,8.45,8.66,8.55,8.32,41754736.0,358807840.0
2014-12-23,8.59,8.78,8.44,8.43,34091020.0,297485856.0
2014-12-22,9.26,9.28,8.62,8.56,57866488.0,516874656.0
2014-12-19,9.11,9.39,9.25,8.96,49831416.0,462016480.0
2014-12-18,9.03,9.21,9.09,9.00,36859912.0,339671680.0
2014-12-17,8.99,9.22,9.04,8.92,48759632.0,446245216.0
2014-12-16,9.28,9.34,9.07,8.97,63599172.0,584236608.0
2014-12-15,9.31,9.52,9.35,9.21,59585316.0,564085312.0
2014-12-12,9.52,9.57,9.30,9.09,76631064.0,718060608.0
2014-12-11,9.68,9.76,9.50,9.23,137894896.0,1318790272.0
2014-12-10,8.41,9.22,9.22,8.40,111801048.0,1004854080.0
2014-12-09,8.13,8.74,8.38,7.95,104049568.0,876322368.0
2014-12-08,8.02,8.24,8.15,7.91,63203708.0,516325984.0
2014-12-05,8.20,8.48,8.06,7.91,78362240.0,647401600.0
2014-12-04,7.80,8.37,8.23,7.79,91217584.0,750636288.0
2014-12-03,7.79,7.81,7.79,7.67,50401048.0,394268000.0
2014-12-02,7.66,7.78,7.74,7.66,44353560.0,347257952.0
2014-12-01,7.70,7.72,7.64,7.60,42675992.0,329996576.0
2014-11-28,7.74,7.74,7.72,7.56,56882932.0,438973600.0
2014-11-27,7.78,7.79,7.74,7.63,45119072.0,352022560.0
2014-11-26,7.79,7.83,7.77,7.69,31791608.0,249665776.0
2014-11-25,7.81,7.84,7.80,7.68,34456476.0,270595200.0
2014-11-24,7.76,7.86,7.81,7.71,33744644.0,265500880.0
2014-11-21,7.69,7.75,7.74,7.63,17909692.0,139371392.0
2014-11-20,7.67,7.70,7.69,7.61,17711652.0,137445872.0
2014-11-19,7.78,7.78,7.68,7.61,39317420.0,304967936.0
2014-11-18,7.94,7.95,7.80,7.70,27214000.0,214786384.0
2014-11-17,8.31,8.32,7.97,7.96,26949636.0,219960144.0
2014-11-14,8.13,8.19,8.07,8.00,21585298.0,176049600.0
2014-11-13,8.03,8.31,8.19,7.94,55845016.0,462211168.0
2014-11-12,7.97,8.09,8.03,7.93,22095672.0,178685040.0
2014-11-11,7.81,8.15,8.01,7.72,56247488.0,453366784.0
2014-11-10,7.78,7.83,7.82,7.69,20604534.0,161296304.0
2014-11-07,7.94,7.98,7.78,7.76,22919228.0,181879296.0
2014-11-06,7.92,7.94,7.94,7.86,14777598.0,118120416.0
2014-11-05,7.84,7.95,7.87,7.74,14417876.0,114799472.0
2014-11-04,7.96,8.03,7.86,7.83,20056036.0,160821024.0
2014-11-03,7.96,8.03,7.96,7.89,24009080.0,192978240.0
2014-10-31,8.00,8.01,7.93,7.78,28939266.0,230929856.0
2014-10-30,8.04,8.25,8.00,7.95,34142776.0,278791008.0
2014-10-29,7.90,8.31,8.10,7.83,50577884.0,416311776.0
2014-10-28,7.78,7.91,7.91,7.73,34040968.0,269977120.0
2014-10-27,7.76,7.87,7.79,7.64,30771288.0,241308128.0
2014-10-24,7.47,7.81,7.78,7.43,48767408.0,379640704.0
2014-10-23,7.50,7.58,7.47,7.46,17103796.0,130022536.0
2014-10-22,7.46,7.60,7.52,7.41,18099172.0,137588000.0
2014-10-21,7.47,7.49,7.47,7.40,11773455.0,88700104.0
2014-10-20,7.52,7.53,7.48,7.36,16694393.0,125717616.0
2014-10-17,7.48,7.53,7.42,7.35,21722464.0,163064992.0
2014-10-16,7.57,7.65,7.51,7.50,17397970.0,133342272.0
2014-10-15,7.61,7.65,7.61,7.53,18051928.0,138806448.0
2014-10-14,7.72,7.75,7.62,7.54,20490916.0,158634384.0
2014-10-13,7.58,7.72,7.68,7.57,23285500.0,180183408.0
2014-10-10,7.67,7.68,7.57,7.54,27807048.0,213560048.0
2014-10-09,7.81,7.81,7.70,7.60,23067000.0,179704160.0
2014-10-08,7.79,7.85,7.75,7.56,31353268.0,244617168.0
2014-09-30,7.64,7.82,7.78,7.64,37777700.0,296915936.0
2014-09-29,7.44,7.67,7.63,7.39,35537564.0,271732096.0
2014-09-26,7.36,7.43,7.37,7.32,15186280.0,113365576.0
2014-09-25,7.43,7.49,7.36,7.30,23318040.0,174992976.0
2014-09-24,7.33,7.41,7.38,7.29,18848288.0,140452000.0
2014-09-23,7.25,7.35,7.30,7.25,14681331.0,108512176.0
2014-09-22,7.36,7.40,7.27,7.23,15447372.0,114108056.0
2014-09-19,7.39,7.43,7.36,7.34,17743542.0,132680736.0
2014-09-18,7.37,7.44,7.36,7.27,18737144.0,139713024.0
2014-09-17,7.32,7.45,7.35,7.26,21034260.0,156418144.0
2014-09-16,7.67,7.69,7.36,7.35,39963688.0,304384096.0
2014-09-15,7.68,7.70,7.67,7.59,25228596.0,195209280.0
2014-09-12,7.56,7.74,7.71,7.54,21562380.0,166593568.0
2014-09-11,7.74,7.80,7.61,7.54,28095292.0,218116960.0
2014-09-10,7.84,7.84,7.76,7.68,22318184.0,174918256.0
2014-09-09,7.66,7.89,7.84,7.65,39217284.0,309313472.0
2014-09-05,7.61,7.66,7.64,7.55,27253664.0,209821616.0
2014-09-04,7.56,7.62,7.61,7.51,30107154.0,230585376.0
2014-09-03,7.49,7.59,7.59,7.46,34150072.0,260035856.0
2014-09-02,7.43,7.49,7.46,7.39,30648768.0,230426304.0
2014-09-01,7.40,7.51,7.42,7.34,23926504.0,179401696.0
2014-08-29,7.56,7.57,7.41,7.32,22196924.0,166139872.0
2014-08-28,7.63,7.63,7.53,7.51,11877045.0,90611904.0
2014-08-27,7.49,7.68,7.60,7.49,24815648.0,190990144.0
2014-08-26,7.48,7.68,7.51,7.43,22022720.0,168122016.0
2014-08-25,7.57,7.60,7.47,7.46,14138790.0,107333496.0
2014-08-22,7.53,7.61,7.56,7.49,18453432.0,140985552.0
2014-08-21,7.47,7.56,7.52,7.41,17379344.0,131765848.0
2014-08-20,7.59,7.59,7.48,7.45,25350370.0,192144912.0
2014-08-19,7.67,7.70,7.59,7.53,20426308.0,156762992.0
2014-08-18,7.65,7.68,7.66,7.51,25047224.0,192280048.0
2014-08-15,7.51,7.66,7.64,7.48,24407016.0,187381104.0
2014-08-14,7.72,7.74,7.55,7.53,48918304.0,377761920.0
2014-08-13,8.20,8.28,7.80,7.70,110037304.0,884531008.0
2014-08-12,7.94,7.95,7.95,7.79,63072824.0,506495584.0
2014-08-06,7.21,7.26,7.22,7.12,21423744.0,155678464.0
2014-08-05,7.46,7.46,7.29,7.19,31823178.0,234372048.0
2014-08-04,7.45,7.58,7.47,7.33,27949348.0,209786752.0
2014-08-01,7.43,7.55,7.44,7.34,24188612.0,182601280.0
2014-07-31,7.11,7.79,7.43,7.11,41742248.0,314337376.0
2014-07-30,7.06,7.11,7.09,6.99,16737244.0,119694392.0
2014-07-29,7.13,7.13,7.08,7.05,13514526.0,96886304.0
2014-07-28,7.05,7.17,7.11,6.98,20094552.0,144078912.0
2014-07-25,6.97,7.11,7.04,6.87,13444314.0,95497872.0
2014-07-24,6.92,6.98,6.94,6.80,10674837.0,74371304.0
2014-07-23,7.01,7.01,6.91,6.85,13263324.0,92780464.0
2014-07-22,6.78,7.11,7.01,6.74,25295020.0,178288128.0
2014-07-21,6.95,6.95,6.80,6.72,24914758.0,171804224.0
2014-07-18,6.93,7.06,6.92,6.82,22892260.0,160850928.0
2014-07-17,6.92,7.02,6.94,6.78,19878640.0,139251776.0
2014-07-16,7.24,7.27,6.93,6.82,31926118.0,225745536.0
2014-07-15,7.27,7.39,7.24,7.22,24308268.0,179652976.0
2014-07-14,7.10,7.46,7.32,7.04,36140296.0,266071808.0
2014-07-11,6.98,7.11,7.10,6.88,27716324.0,196571904.0
2014-07-10,6.81,6.96,6.92,6.81,11778425.0,82223184.0
2014-07-09,6.98,7.05,6.82,6.81,22585680.0,158591760.0
2014-07-08,6.77,6.98,6.94,6.70,27049492.0,188135936.0
2014-07-07,6.83,7.01,6.77,6.74,34655324.0,241126256.0
2014-07-04,6.87,7.08,6.82,6.78,34880800.0,244815472.0
2014-07-03,6.67,6.98,6.91,6.63,55327220.0,384366592.0
2014-07-02,6.59,6.72,6.67,6.55,29436266.0,197812608.0
2014-07-01,6.25,6.72,6.62,6.23,64218800.0,428628480.0
2014-06-30,6.07,6.32,6.25,6.07,26782118.0,169585568.0
2014-06-27,5.98,6.09,6.08,5.94,11580295.0,70528256.0
2014-06-26,5.96,6.03,5.98,5.94,10571718.0,63969700.0
2014-06-25,6.06,6.06,5.94,5.93,14177282.0,85579544.0
2014-06-24,6.03,6.08,6.04,6.01,6629420.0,40555992.0
2014-06-23,6.13,6.15,6.01,5.97,8464054.0,51771620.0
2014-06-20,6.10,6.19,6.11,6.08,8929023.0,55309192.0
2014-06-19,6.20,6.21,6.12,6.09,7838821.0,48716996.0
2014-06-18,6.28,6.28,6.21,6.21,6170022.0,38978512.0
2014-06-17,6.27,6.33,6.28,6.19,12340256.0,78087392.0
2014-06-16,6.24,6.32,6.28,6.24,11285871.0,71836336.0
2014-06-13,6.23,6.28,6.27,6.18,14655725.0,92287928.0
2014-06-12,6.26,6.31,6.24,6.21,12884389.0,81597912.0
2014-06-11,6.24,6.31,6.23,6.20,15968464.0,100876624.0
2014-06-10,6.24,6.28,6.24,6.19,10886164.0,68894072.0
2014-06-09,6.10,6.25,6.23,6.08,9134174.0,57288536.0
2014-06-06,6.21,6.25,6.12,6.08,10142669.0,62971784.0
2014-06-05,6.11,6.24,6.22,6.07,9396500.0,58588404.0
2014-06-04,6.24,6.28,6.12,6.08,10873154.0,67530392.0
2014-06-03,6.29,6.33,6.27,6.23,12429845.0,79214520.0
2014-05-30,6.16,6.34,6.28,6.16,18335764.0,116496120.0
2014-05-29,6.20,6.26,6.18,6.17,14573360.0,91763080.0
2014-05-28,6.18,6.23,6.16,6.11,13423614.0,83823160.0
2014-05-27,6.04,6.20,6.17,6.01,19496248.0,120972456.0
2014-05-26,6.00,6.07,6.05,5.95,18949604.0,115349936.0
2014-05-23,5.94,6.00,5.95,5.92,6736471.0,40606988.0
2014-05-22,5.89,6.00,5.95,5.89,13540151.0,81564176.0
2014-05-21,5.79,5.93,5.92,5.79,7603904.0,45251768.0
2014-05-20,5.78,5.85,5.83,5.77,8054995.0,47343504.0
2014-05-19,5.81,5.82,5.78,5.72,16102190.0,93935552.0
2014-05-16,5.82,5.85,5.81,5.75,13558508.0,79449104.0
2014-05-15,5.91,5.94,5.80,5.80,12145619.0,72241440.0
2014-05-14,5.93,5.96,5.91,5.87,12063957.0,72146464.0
2014-05-13,5.95,5.96,5.95,5.89,10539751.0,63168792.0
2014-05-12,5.91,5.97,5.96,5.79,11115734.0,66339276.0
2014-05-09,5.95,5.95,5.87,5.78,15816486.0,93512112.0
2014-05-08,5.90,6.00,5.96,5.90,7445548.0,44808500.0
2014-05-07,5.96,5.98,5.92,5.91,4744662.0,28523760.0
2014-05-06,5.94,5.99,5.96,5.92,8259219.0,49803544.0
2014-05-05,5.94,6.01,5.95,5.91,11476155.0,69013944.0
2014-04-30,5.93,6.07,5.98,5.88,10613077.0,64189200.0
2014-04-29,5.90,6.00,5.95,5.88,10767964.0,64588896.0
2014-04-28,6.13,6.16,5.90,5.88,16298714.0,98442024.0
2014-04-25,6.20,6.24,6.14,6.11,8264689.0,51523640.0
2014-04-24,6.14,6.25,6.19,6.07,12962665.0,81016216.0
2014-04-23,6.17,6.22,6.13,6.08,17523116.0,109190504.0
2014-04-22,6.04,6.34,6.29,5.91,23968972.0,148087984.0
2014-04-21,6.08,6.13,6.04,6.01,8649839.0,53001820.0
2014-04-18,6.17,6.17,6.13,6.10,9435819.0,58517512.0
2014-04-17,6.23,6.25,6.19,6.09,11234340.0,69992432.0
2014-04-16,6.16,6.27,6.21,6.16,7629542.0,47894612.0
2014-04-15,6.32,6.34,6.20,6.17,22960184.0,145011888.0
2014-04-14,6.37,6.59,6.44,6.32,14722777.0,96427072.0
2014-04-11,6.29,6.32,6.26,6.23,9031965.0,116256008.0
2014-04-10,6.21,6.37,6.29,6.21,10004995.0,129214720.0
2014-04-09,6.30,6.34,6.21,6.16,12166854.0,155232624.0
2014-04-08,6.13,6.33,6.28,6.13,11442049.0,147208464.0
2014-04-04,6.05,6.12,6.11,6.01,4415324.0,55074016.0
2014-04-03,6.00,6.08,6.07,5.99,6029083.0,74975144.0
2014-04-02,6.03,6.03,5.99,5.94,4032906.0,49532036.0
2014-04-01,6.00,6.04,6.02,5.98,3939820.0,48609536.0
2014-03-31,5.94,6.06,6.00,5.93,5313485.0,65550784.0
2014-03-28,5.93,5.98,5.94,5.86,4399995.0,53458224.0
2014-03-27,6.01,6.01,5.92,5.91,6582692.0,80446576.0
2014-03-26,6.10,6.12,6.01,5.97,6347026.0,78453544.0
2014-03-25,6.02,6.09,6.07,5.95,6978805.0,86478960.0
2014-03-24,6.03,6.07,6.03,5.93,7347112.0,90636928.0
2014-03-21,5.95,6.08,6.07,5.80,11847595.0,143630288.0
2014-03-20,6.14,6.14,5.99,5.97,10362257.0,128027752.0
2014-03-19,6.27,6.27,6.14,6.10,8404521.0,106210176.0
2014-03-18,6.34,6.40,6.28,6.25,4885613.0,63559784.0
2014-03-17,6.18,6.37,6.34,6.14,7394382.0,95632144.0
2014-03-14,6.11,6.19,6.13,6.08,4954408.0,62419880.0
2014-03-13,6.10,6.14,6.10,6.06,4836116.0,60674776.0
2014-03-12,6.06,6.13,6.12,5.98,7949334.0,98520088.0
2014-03-11,6.12,6.16,6.08,6.00,7211564.0,90066552.0
2014-03-10,6.32,6.32,6.14,6.12,11290965.0,143768960.0
2014-03-07,6.46,6.48,6.38,6.35,8431083.0,111009096.0
2014-03-06,6.55,6.55,6.49,6.41,9044688.0,120498704.0
2014-03-05,6.49,6.56,6.54,6.35,9548251.0,126817528.0
2014-03-04,6.45,6.53,6.47,6.32,7852981.0,103534144.0
2014-03-03,6.37,6.58,6.46,6.33,10749994.0,143314240.0
2014-02-28,6.32,6.36,6.33,6.16,11074402.0,142860800.0
2014-02-27,6.40,6.42,6.09,6.06,13440607.0,172053664.0
2014-02-26,6.38,6.53,6.38,6.30,9285986.0,122243056.0
2014-02-25,6.47,6.54,6.41,6.37,8400772.0,111770520.0
2014-02-24,6.52,6.53,6.51,6.28,14493703.0,189532960.0
2014-02-21,6.74,6.74,6.55,6.48,11593477.0,156271744.0
2014-02-20,6.90,6.91,6.71,6.68,9365377.0,130426728.0
2014-02-19,7.02,7.05,6.91,6.84,10493675.0,149315040.0
2014-02-18,6.96,7.07,7.01,6.88,10802446.0,155127184.0
2014-02-17,6.91,6.99,6.96,6.84,13257268.0,188364992.0
2014-02-14,6.81,6.93,6.91,6.70,9355376.0,130755712.0
2014-02-13,7.05,7.05,6.82,6.81,14024862.0,198338432.0
2014-02-12,7.05,7.09,7.05,6.98,11759088.0,169852288.0
2014-02-11,7.10,7.15,7.06,6.89,13179845.0,189711776.0
2014-02-10,7.09,7.21,7.16,7.05,10626504.0,155072272.0
2014-02-07,7.00,7.12,7.06,6.87,4864037.0,70323536.0
2014-01-30,7.17,7.25,7.01,6.95,5886240.0,85444632.0
2014-01-29,7.17,7.20,7.16,7.11,4872144.0,71608560.0
2014-01-28,7.35,7.39,7.15,7.12,10988461.0,162448736.0
2014-01-27,7.32,7.38,7.37,7.26,10624839.0,159832000.0
2014-01-24,7.23,7.40,7.39,7.07,13277135.0,195716384.0
2014-01-23,7.37,7.38,7.22,7.19,10022128.0,149283792.0
2014-01-22,7.32,7.48,7.35,7.28,8808066.0,133249776.0
2014-01-21,7.16,7.33,7.32,7.14,8273627.0,123633992.0
2014-01-20,7.09,7.31,7.15,7.06,9448441.0,140029344.0
2014-01-17,7.32,7.32,7.11,7.03,9187584.0,134507840.0
2014-01-16,7.24,7.37,7.34,7.11,8696919.0,129103488.0
2014-01-15,7.28,7.28,7.26,7.15,7339402.0,108944904.0
2014-01-14,7.06,7.32,7.27,6.97,18073942.0,267083168.0
2014-01-13,6.83,7.21,7.15,6.80,16460322.0,239328480.0
2014-01-10,6.79,6.85,6.78,6.67,6194143.0,86076080.0
2014-01-09,6.91,7.02,6.78,6.69,8259988.0,116454464.0
2014-01-08,6.71,6.93,6.91,6.71,9294566.0,131271352.0
2014-01-07,6.62,6.75,6.70,6.62,6136356.0,84238120.0
2014-01-06,6.81,6.91,6.67,6.62,11540487.0,159585440.0
2014-01-03,6.81,7.05,6.94,6.78,15257909.0,217762656.0
2014-01-02,6.50,6.89,6.84,6.49,12768330.0,176810880.0
2013-12-31,6.49,6.59,6.47,6.41,9633874.0,128663472.0
2013-12-30,6.66,6.71,6.54,6.52,6574064.0,89163568.0
2013-12-27,6.73,6.75,6.66,6.62,9386514.0,129245400.0
2013-12-26,6.73,6.78,6.73,6.68,7933229.0,109830456.0
2013-12-25,6.74,6.78,6.71,6.62,6911506.0,95149392.0
2013-12-24,6.65,6.80,6.73,6.58,11984258.0,165796016.0
2013-12-23,6.47,6.67,6.64,6.39,10245026.0,138633504.0
2013-12-20,6.38,6.48,6.43,6.35,9393444.0,123342192.0
2013-12-19,6.49,6.56,6.38,6.37,5546542.0,73519824.0
2013-12-18,6.40,6.61,6.50,6.40,6809168.0,91384984.0
2013-12-17,6.44,6.46,6.41,6.38,2822129.0,37226604.0
2013-12-16,6.49,6.58,6.45,6.38,6570221.0,87785120.0
2013-12-13,6.45,6.62,6.49,6.43,6097162.0,82031840.0
2013-12-12,6.55,6.62,6.53,6.52,4001471.0,53963612.0
2013-12-11,6.75,6.76,6.54,6.51,6882312.0,93454880.0
2013-12-10,6.82,6.84,6.81,6.68,4939985.0,68574712.0
2013-12-09,6.78,6.89,6.81,6.74,3607548.0,50571076.0
2013-12-06,6.91,6.93,6.77,6.73,6190008.0,86428904.0
2013-12-05,6.90,6.96,6.91,6.87,5677699.0,80712368.0
2013-12-04,6.78,6.93,6.91,6.70,9405869.0,131313672.0
2013-12-03,6.61,6.85,6.79,6.61,4439273.0,61602828.0
2013-12-02,6.81,6.86,6.63,6.62,6441997.0,89081832.0
2013-11-29,6.96,6.99,6.93,6.87,3805649.0,54339704.0
2013-11-28,6.92,7.06,6.96,6.90,8853316.0,126839168.0
2013-11-27,6.83,6.93,6.91,6.77,7449907.0,104973168.0
2013-11-26,6.82,6.86,6.81,6.73,5352804.0,74629184.0
2013-11-25,6.62,6.86,6.82,6.58,11910603.0,165711728.0
2013-11-22,6.66,6.68,6.61,6.56,5971664.0,81212120.0
2013-11-21,6.58,6.64,6.62,6.48,5873947.0,78906592.0
2013-11-20,6.67,6.69,6.62,6.58,5366549.0,73022424.0
2013-11-19,6.71,6.72,6.63,6.57,7258529.0,98798720.0
2013-11-18,6.66,6.74,6.69,6.54,9570615.0,131006704.0
2013-11-15,6.46,6.75,6.58,6.46,8277633.0,112143120.0
2013-11-14,6.41,6.54,6.49,6.34,5123313.0,67703680.0
2013-11-13,6.69,6.73,6.45,6.44,7023196.0,94562608.0
2013-11-12,6.81,6.93,6.75,6.71,4991938.0,69657952.0
2013-11-11,6.64,6.84,6.80,6.64,5109966.0,71055640.0
2013-11-08,6.68,6.80,6.64,6.63,3224901.0,44434816.0
2013-11-07,6.83,6.86,6.73,6.63,7036239.0,97309320.0
2013-11-06,6.90,7.06,6.87,6.86,6765457.0,96880032.0
2013-11-05,6.75,6.88,6.88,6.74,4940960.0,69226400.0
2013-11-04,6.73,6.91,6.82,6.68,6104423.0,85489376.0
2013-11-01,6.75,6.92,6.73,6.68,6448445.0,90369040.0
2013-10-31,6.81,6.86,6.73,6.56,8045008.0,110663752.0
2013-10-30,6.41,6.89,6.80,6.38,9629486.0,132321560.0
2013-10-29,6.77,6.89,6.44,6.29,9200260.0,123726224.0
2013-10-28,6.57,6.80,6.77,6.45,11124064.0,152070880.0
2013-10-25,6.44,6.64,6.41,6.36,6132596.0,81989032.0
2013-10-24,6.56,6.58,6.47,6.38,6575564.0,87889432.0
2013-10-23,7.06,7.09,6.56,6.37,18970022.0,258908640.0
2013-10-22,7.34,7.36,7.04,7.01,10444828.0,153396624.0
2013-10-21,7.30,7.39,7.33,7.11,10434375.0,156259696.0
2013-10-18,7.06,7.36,7.31,7.04,15072969.0,224122176.0
2013-10-17,7.22,7.29,7.08,6.95,11069414.0,161404736.0
2013-10-16,7.32,7.32,7.20,7.06,11761139.0,173792112.0
2013-10-15,7.39,7.48,7.32,7.18,13364673.0,200993504.0
2013-10-14,6.94,7.57,7.41,6.86,26127996.0,393476672.0
2013-10-11,6.81,6.99,6.94,6.67,16586329.0,235231360.0
2013-10-10,6.70,6.84,6.82,6.50,10737915.0,146607952.0
2013-10-09,6.88,6.97,6.73,6.59,12937286.0,179226288.0
2013-10-08,6.80,6.99,6.88,6.77,10554924.0,149861408.0
2013-09-30,6.57,6.93,6.85,6.45,13351070.0,184989600.0
2013-09-27,6.72,6.93,6.59,6.56,12234691.0,168896464.0
2013-09-26,6.81,7.03,6.71,6.64,10886898.0,152643472.0
2013-09-25,6.64,6.99,6.83,6.55,23159920.0,325860576.0
2013-09-24,6.62,6.67,6.64,6.52,12318325.0,167302688.0
2013-09-23,6.52,6.76,6.64,6.28,15134012.0,203723520.0
2013-09-18,6.46,6.63,6.52,6.42,12200655.0,164122944.0
2013-09-17,6.61,6.63,6.46,6.42,14652371.0,195562272.0
2013-09-16,6.42,6.73,6.68,6.41,23545772.0,319013536.0
2013-09-13,6.25,6.55,6.42,6.22,21192718.0,281723872.0
2013-09-12,6.25,6.31,6.25,6.13,12574637.0,161023200.0
2013-09-11,6.06,6.28,6.25,6.01,22512224.0,284945184.0
2013-09-10,6.11,6.11,6.04,5.88,12007457.0,147260096.0
2013-09-09,6.07,6.19,6.11,6.06,12082480.0,152466368.0
2013-09-06,6.06,6.20,6.09,6.03,10026877.0,125753664.0
2013-09-05,6.02,6.07,6.05,5.92,8874571.0,109412456.0
2013-09-04,5.73,6.18,6.07,5.71,20885460.0,255326528.0
2013-09-03,5.74,5.75,5.72,5.68,7947018.0,93161896.0
2013-09-02,5.67,5.76,5.69,5.64,7353588.0,85995472.0
2013-08-30,5.74,5.78,5.66,5.64,8494730.0,99714696.0
2013-08-29,5.73,5.74,5.69,5.64,4293942.0,50135072.0
2013-08-28,5.61,5.77,5.71,5.58,8759131.0,102488312.0
2013-08-27,5.65,5.66,5.61,5.59,5327114.0,61391248.0
2013-08-26,5.60,5.66,5.65,5.54,7469963.0,85917400.0
2013-08-23,5.69,5.69,5.59,5.52,6404201.0,73547360.0
2013-08-22,5.74,5.75,5.66,5.61,6691129.0,77854360.0
2013-08-21,5.74,5.76,5.72,5.67,3113564.0,36550904.0
2013-08-20,5.68,5.77,5.74,5.64,5218161.0,61093184.0
2013-08-19,5.46,5.71,5.67,5.45,7631208.0,88193592.0
2013-08-16,5.57,5.67,5.47,5.45,7135604.0,81065344.0
2013-08-15,5.72,5.74,5.59,5.55,6492332.0,75161480.0
2013-08-14,5.78,5.79,5.71,5.70,5906598.0,69696520.0
2013-08-13,5.80,5.80,5.77,5.71,4799796.0,56733976.0
2013-08-12,5.72,5.82,5.81,5.68,5910743.0,70050848.0
2013-08-09,5.79,5.84,5.70,5.69,4786357.0,56606728.0
2013-08-08,5.77,5.82,5.78,5.72,5794925.0,68538792.0
2013-08-07,5.93,6.02,5.83,5.79,5832626.0,70196592.0
2013-08-06,5.79,6.00,5.97,5.73,9104595.0,110124160.0
2013-08-05,5.82,5.86,5.81,5.77,4788732.0,57203224.0
2013-08-02,5.77,5.84,5.83,5.71,6821227.0,80995848.0
2013-08-01,5.69,5.77,5.73,5.65,4748584.0,55751696.0
2013-07-31,5.60,5.81,5.67,5.57,7605429.0,89371056.0
2013-07-30,5.39,5.69,5.66,5.21,9836337.0,110903848.0
2013-07-29,5.56,5.57,5.40,5.35,8002078.0,89133760.0
2013-07-26,5.72,5.72,5.60,5.57,6722351.0,77711648.0
2013-07-25,5.82,5.91,5.74,5.71,5243959.0,62388144.0
2013-07-24,5.65,5.92,5.84,5.62,12215427.0,146491424.0
2013-07-23,5.63,5.77,5.72,5.63,7953460.0,93284424.0
2013-07-22,5.72,5.74,5.62,5.55,9353988.0,108687304.0
2013-07-19,6.00,6.03,5.77,5.73,13060938.0,156762368.0
2013-07-18,6.16,6.19,6.08,6.04,5722923.0,71897192.0
2013-07-17,6.27,6.27,6.16,6.15,8215637.0,104516448.0
2013-07-16,6.24,6.41,6.28,6.20,14075715.0,181525952.0
2013-07-15,6.22,6.24,6.14,6.12,7736790.0,98251976.0
2013-07-12,6.32,6.42,6.17,6.16,12770129.0,165229696.0
2013-07-11,6.28,6.39,6.31,6.18,14694256.0,190723408.0
2013-07-10,6.20,6.31,6.29,6.13,10087575.0,129478360.0
2013-07-09,6.23,6.30,6.20,6.13,6482060.0,82350104.0
2013-07-08,6.12,6.47,6.31,6.09,18253672.0,234185840.0
2013-07-05,6.29,6.29,6.15,6.13,7070187.0,89721968.0
2013-07-04,6.23,6.36,6.29,6.18,14019949.0,181231104.0
2013-07-03,6.12,6.34,6.28,6.06,12277221.0,155276976.0
2013-07-02,6.07,6.19,6.09,5.99,10360507.0,130390248.0
2013-07-01,5.64,6.14,6.07,5.64,13040785.0,159539264.0
2013-06-28,5.64,5.85,5.68,5.55,6312471.0,74417504.0
2013-06-27,5.64,5.88,5.72,5.60,10877893.0,128102504.0
2013-06-26,5.47,5.66,5.64,5.40,10506239.0,120743488.0
2013-06-25,5.38,5.51,5.44,5.15,10735522.0,118008256.0
2013-06-24,5.61,5.62,5.38,5.26,10288365.0,114922936.0
2013-06-21,5.43,5.71,5.59,5.35,10059242.0,114082320.0
2013-06-20,5.67,5.74,5.53,5.52,8144186.0,93537232.0
2013-06-19,5.85,5.88,5.74,5.64,11200143.0,131875392.0
2013-06-18,5.91,5.93,5.88,5.85,5808210.0,70146744.0
2013-06-17,6.00,6.07,5.88,5.87,6887651.0,84368200.0
2013-06-14,5.93,6.01,5.99,5.81,8701976.0,105728200.0
2013-06-13,6.07,6.07,5.92,5.80,9678359.0,118592784.0
2013-06-07,6.13,6.17,6.15,6.09,5975526.0,75214688.0
2013-06-06,6.15,6.27,6.12,6.11,7540656.0,95920728.0
2013-06-05,6.22,6.22,6.13,6.09,7383577.0,93155416.0
2013-06-04,6.43,6.43,6.24,6.24,9058159.0,117492464.0
2013-06-03,6.41,6.49,6.44,6.36,7668980.0,101188752.0
2013-05-31,6.52,6.55,6.42,6.38,13803822.0,182847760.0
2013-05-30,6.56,6.61,6.52,6.47,10320875.0,138574480.0
2013-05-29,6.56,6.61,6.61,6.53,13039923.0,176072624.0
2013-05-28,6.59,6.59,6.55,6.45,11488510.0,154199424.0
2013-05-27,6.61,6.70,6.57,6.55,13947558.0,189350480.0
2013-05-24,6.52,6.65,6.61,6.52,11279307.0,152435760.0
2013-05-23,6.64,6.73,6.58,6.58,13503064.0,184634656.0
2013-05-22,6.81,6.81,6.70,6.62,24387432.0,336229440.0
2013-05-21,6.57,6.81,6.80,6.51,40068000.0,545248064.0
2013-05-20,6.52,6.67,6.59,6.49,50781236.0,682661312.0
2013-05-17,6.45,6.53,6.45,6.38,16082364.0,213130320.0
2013-05-16,6.52,6.56,6.46,6.35,27455928.0,364461248.0
2013-05-15,6.56,6.61,6.49,6.46,19140248.0,255916608.0
2013-05-14,6.52,6.64,6.52,6.43,26228216.0,351405824.0
2013-05-13,6.57,6.61,6.52,6.35,18356448.0,244716992.0
2013-05-10,6.72,6.97,6.69,6.54,32576536.0,447400064.0
2013-05-09,6.46,6.62,6.58,6.44,5388938.0,145686464.0
2013-05-08,6.55,6.59,6.48,6.41,3887703.0,104399192.0
2013-05-07,6.50,6.59,6.50,6.48,3679784.0,99877440.0
2013-05-06,6.35,6.54,6.50,6.33,4923632.0,131864736.0
2013-05-03,6.29,6.39,6.29,6.26,3980464.0,104940512.0
2013-05-02,6.21,6.33,6.29,6.09,2568438.0,66505788.0
2013-04-26,6.31,6.35,6.21,6.14,2403287.0,62476848.0
2013-04-25,6.29,6.36,6.26,6.21,3160728.0,82586200.0
2013-04-24,6.23,6.40,6.26,6.19,3921798.0,102383440.0
2013-04-23,6.33,6.38,6.17,6.10,1958062.0,50286948.0
2013-04-22,6.23,6.37,6.33,6.21,1985356.0,51992792.0
2013-04-19,6.06,6.30,6.24,6.04,2212687.0,57191544.0
2013-04-18,5.99,6.07,6.06,5.95,1017809.0,25472200.0
2013-04-17,6.01,6.02,6.00,5.92,1349618.0,33478280.0
2013-04-16,5.98,6.05,6.01,5.91,1869487.0,46405360.0
2013-04-15,6.16,6.23,6.03,5.98,1995948.0,50133416.0
2013-04-12,6.20,6.25,6.20,6.11,1711115.0,43953608.0
2013-04-11,6.33,6.33,6.21,6.19,1884967.0,48813440.0
2013-04-10,6.19,6.40,6.29,6.19,3832937.0,100111184.0
2013-04-09,6.18,6.22,6.13,6.04,1838716.0,46820624.0
2013-04-08,5.97,6.25,6.20,5.94,2401828.0,60692112.0
2013-04-03,6.25,6.30,6.11,5.98,3807832.0,96521264.0
2013-04-02,6.42,6.50,6.28,6.21,2956431.0,77857304.0
2013-04-01,6.49,6.61,6.46,6.39,4792721.0,129482464.0
2013-03-29,6.48,6.62,6.54,6.39,1911130.0,51422224.0
2013-03-28,6.57,6.57,6.52,6.32,2795258.0,74620616.0
2013-03-27,6.73,6.73,6.60,6.57,1302082.0,35974692.0
2013-03-26,6.71,6.76,6.69,6.60,1652851.0,45865872.0
2013-03-25,6.69,6.82,6.74,6.64,2978753.0,83487672.0
2013-03-22,6.66,6.70,6.67,6.60,2005744.0,55401332.0
2013-03-21,6.50,6.68,6.64,6.47,3340088.0,91299528.0
2013-03-20,6.45,6.55,6.49,6.42,4752326.0,127793344.0
2013-03-19,6.70,6.71,6.47,6.40,2489081.0,67677840.0
2013-03-18,6.78,6.78,6.68,6.57,2119201.0,58542400.0
2013-03-15,6.71,6.87,6.76,6.71,5454336.0,155102320.0
2013-03-14,6.62,6.74,6.73,6.56,904931.0,25056446.0
2013-03-13,6.72,6.76,6.63,6.58,1649217.0,45434276.0
2013-03-12,6.74,6.90,6.74,6.66,2320385.0,65267912.0
2013-03-11,6.79,6.79,6.74,6.71,1323188.0,37049144.0
2013-03-08,6.74,6.79,6.78,6.71,1425711.0,40026812.0
2013-03-07,6.87,6.91,6.74,6.65,5013666.0,140545504.0
2013-03-06,6.98,6.98,6.88,6.79,5872217.0,168120416.0
2013-03-05,6.97,7.10,6.98,6.91,3392591.0,98487320.0
2013-03-04,6.87,7.16,6.93,6.80,4308062.0,124557616.0
2013-03-01,6.78,6.96,6.94,6.75,2854056.0,81209424.0
2013-02-28,6.62,6.82,6.79,6.62,3269294.0,91933688.0
2013-02-27,6.79,6.90,6.59,6.53,6324439.0,176100000.0
2013-02-26,6.58,6.85,6.55,6.48,3242649.0,89784392.0
2013-02-25,6.64,6.96,6.68,6.64,5909103.0,167512624.0
2013-02-22,6.47,6.76,6.74,6.44,3727680.0,102322760.0
2013-02-21,6.50,6.53,6.46,6.43,4350648.0,116874384.0
2013-02-20,6.33,6.58,6.53,6.29,4874693.0,130754352.0
2013-02-19,6.35,6.40,6.33,6.23,2848898.0,74815440.0
2013-02-18,6.35,6.43,6.37,6.29,3677804.0,97435128.0
2013-02-08,6.31,6.37,6.35,6.26,3299507.0,87010240.0
2013-02-07,6.27,6.35,6.31,6.22,3040837.0,79517568.0
2013-02-06,6.41,6.48,6.28,6.23,3082906.0,81311792.0
2013-02-05,6.29,6.41,6.37,6.22,4805600.0,125983352.0
2013-02-04,6.16,6.41,6.31,6.12,7277801.0,190851632.0
2013-02-01,6.21,6.21,6.16,6.12,2699709.0,69084944.0
2013-01-31,6.17,6.30,6.21,6.12,2848209.0,73592080.0
2013-01-30,6.02,6.18,6.17,5.95,4954599.0,125120056.0
2013-01-29,6.10,6.10,6.03,6.02,2348334.0,59076852.0
2013-01-28,6.03,6.10,6.10,5.97,2597830.0,65392632.0
2013-01-25,6.05,6.06,6.03,5.92,1422521.0,35604520.0
2013-01-24,6.03,6.15,5.95,5.93,3051568.0,76844112.0
2013-01-23,6.09,6.09,6.05,6.02,1964190.0,49385380.0
2013-01-22,6.22,6.22,6.11,6.08,2559080.0,65250296.0
2013-01-21,6.26,6.44,6.23,6.16,3800463.0,99508040.0
2013-01-18,6.09,6.35,6.26,6.09,4026298.0,104876824.0
2013-01-17,6.17,6.17,6.07,6.02,1581421.0,40026556.0
2013-01-16,6.20,6.29,6.17,6.04,3280627.0,84218376.0
2013-01-15,6.12,6.27,6.20,6.08,5221949.0,134055712.0
2013-01-14,5.88,6.15,6.12,5.88,5157762.0,129390768.0
2013-01-11,5.86,5.89,5.76,5.75,1286161.0,31030424.0
2013-01-10,5.89,5.92,5.86,5.79,1630441.0,39669772.0
2013-01-09,5.85,5.93,5.89,5.82,1651483.0,40323388.0
2013-01-08,5.82,5.89,5.88,5.78,1960380.0,47579632.0
2013-01-07,5.90,5.92,5.84,5.78,2446393.0,59531604.0
2013-01-04,6.01,6.07,5.92,5.88,1550173.0,38326316.0
2012-12-31,5.99,6.14,6.07,5.94,3581902.0,89943328.0
2012-12-28,5.90,6.02,5.99,5.83,2186778.0,53860288.0
2012-12-27,5.95,6.19,5.97,5.95,4161365.0,104542032.0
2012-12-26,5.83,5.95,5.94,5.79,1921218.0,47002544.0
2012-12-25,5.65,5.90,5.88,5.61,1909202.0,46092940.0
2012-12-24,5.64,5.73,5.65,5.57,977435.0,22871566.0
2012-12-21,5.67,5.75,5.69,5.62,716143.0,16893772.0
2012-12-20,5.68,5.74,5.68,5.61,812918.0,19241308.0
2012-12-19,5.60,5.72,5.69,5.59,1095344.0,25778124.0
2012-12-18,5.78,5.84,5.60,5.56,1418416.0,33320864.0
2012-12-17,5.78,5.88,5.77,5.72,830858.0,19966332.0
2012-12-14,5.61,5.82,5.80,5.61,1245783.0,29655442.0
2012-12-13,5.60,5.68,5.61,5.60,462435.0,10836304.0
2012-12-12,5.67,5.69,5.64,5.60,527377.0,12368681.0
2012-12-11,5.59,5.69,5.67,5.53,911945.0,21297428.0
2012-12-10,5.55,5.67,5.55,5.54,1768536.0,41214188.0
2012-12-07,5.51,5.57,5.55,5.44,814086.0,18647172.0
2012-12-06,5.34,5.51,5.51,5.34,1148453.0,25943530.0
2012-12-05,5.29,5.41,5.37,5.18,1509075.0,33335886.0
2012-12-04,5.19,5.33,5.23,5.12,490184.0,10653607.0
2012-12-03,5.32,5.36,5.18,5.18,440056.0,9694607.0
2012-11-30,5.33,5.38,5.34,5.26,620886.0,13724544.0
2012-11-29,5.37,5.39,5.33,5.30,361588.0,8023486.0
2012-11-28,5.32,5.38,5.30,5.30,957374.0,21201300.0
2012-11-27,5.49,5.57,5.30,5.30,889144.0,20052744.0
2012-11-26,5.61,5.62,5.57,5.54,317796.0,7341767.0
2012-11-23,5.58,5.65,5.61,5.51,515605.0,12002434.0
2012-11-22,5.52,5.61,5.56,5.51,492100.0,11402258.0
2012-11-21,5.50,5.57,5.54,5.42,592929.0,13516840.0
2012-11-20,5.56,5.61,5.50,5.49,329546.0,7591048.0
2012-11-19,5.52,5.58,5.55,5.42,551709.0,12555330.0
2012-11-16,5.73,5.77,5.54,5.49,1373240.0,31773328.0
2012-11-15,5.80,5.87,5.78,5.76,414387.0,10005006.0
2012-11-14,5.85,5.90,5.85,5.78,540758.0,13087159.0
2012-11-13,5.85,5.87,5.83,5.78,428314.0,10358282.0
2012-11-12,6.00,6.00,5.86,5.78,882929.0,21548372.0
2012-11-09,5.83,6.04,6.02,5.74,1831045.0,44847296.0
2012-11-08,5.84,5.97,5.89,5.84,551186.0,13551199.0
2012-11-07,6.03,6.08,5.89,5.85,1448104.0,35513060.0
2012-11-06,6.18,6.18,6.01,6.00,768603.0,19259648.0
2012-11-05,6.12,6.17,6.14,6.07,743351.0,18902976.0
2012-11-02,6.30,6.30,6.15,6.08,764845.0,19530210.0
2012-11-01,6.13,6.26,6.23,6.12,1343319.0,34618964.0
2012-10-31,6.02,6.14,6.13,5.98,759414.0,19155120.0
2012-10-30,6.05,6.07,6.02,5.94,914054.0,22805412.0
2012-10-29,5.89,6.07,6.06,5.89,787739.0,19564424.0
2012-10-26,5.85,6.01,5.98,5.80,822020.0,20199988.0
2012-10-25,6.00,6.02,5.90,5.89,833829.0,20587024.0
2012-10-24,6.11,6.11,5.99,5.92,1482193.0,37033908.0
2012-10-23,6.22,6.23,6.12,6.08,1337709.0,34200952.0
2012-10-22,6.02,6.25,6.22,6.01,2704280.0,69301336.0
2012-10-19,5.95,6.09,6.00,5.93,1368220.0,34176896.0
2012-10-18,5.98,6.16,5.94,5.91,1879625.0,47152688.0
2012-10-17,5.80,5.99,5.96,5.80,2305081.0,56735296.0
2012-10-16,5.74,5.86,5.75,5.74,971137.0,23388564.0
2012-10-15,5.76,5.77,5.76,5.70,453629.0,10826258.0
2012-10-12,5.81,5.89,5.75,5.72,789925.0,19008412.0
2012-10-11,5.75,5.87,5.79,5.68,1239106.0,29832102.0
2012-10-10,5.78,5.78,5.77,5.70,630116.0,15034391.0
2012-10-09,5.63,5.80,5.76,5.63,1305320.0,31053280.0
2012-10-08,5.72,5.72,5.63,5.56,773455.0,18168716.0
2012-09-28,5.58,5.68,5.67,5.54,770185.0,17984316.0
2012-09-27,5.61,5.69,5.61,5.50,1092621.0,25461478.0
2012-09-26,5.74,5.74,5.59,5.54,797385.0,18558976.0
2012-09-25,5.66,5.73,5.70,5.66,863902.0,20435834.0
2012-09-24,5.53,5.73,5.68,5.45,2613449.0,61461040.0
2012-09-21,5.28,5.58,5.55,5.28,1870604.0,42350308.0
2012-09-20,5.35,5.38,5.35,5.18,1680906.0,37002168.0
2012-09-19,5.42,5.44,5.37,5.30,1320099.0,29436764.0
2012-09-18,5.41,5.42,5.40,5.32,989669.0,22110472.0
2012-09-17,5.65,5.65,5.42,5.40,2012275.0,46105896.0
2012-09-14,5.81,5.84,5.64,5.56,2511840.0,59122280.0
2012-09-13,5.84,5.89,5.78,5.75,2562693.0,62018768.0
2012-09-12,5.75,5.86,5.83,5.75,2155277.0,52063368.0
2012-09-11,5.71,5.77,5.73,5.68,2198048.0,52245912.0
2012-09-10,5.64,5.82,5.75,5.63,2948879.0,70190032.0
2012-09-07,5.59,5.78,5.69,5.55,4744136.0,111502384.0
2012-09-06,5.64,5.77,5.55,5.51,1898109.0,43898724.0
2012-09-05,5.78,5.78,5.67,5.46,4139909.0,95851256.0
2012-08-29,5.73,5.87,5.82,5.68,1932265.0,46449300.0
2012-08-28,5.58,5.75,5.73,5.58,1502404.0,35198960.0
2012-08-27,5.60,5.63,5.58,5.51,1724523.0,39855088.0
2012-08-24,5.63,5.65,5.65,5.60,1303243.0,30431748.0
2012-08-23,5.63,5.67,5.62,5.61,1668079.0,38942648.0
2012-08-22,5.62,5.70,5.63,5.59,2265476.0,52947336.0
2012-08-21,5.46,5.68,5.62,5.41,4237746.0,98452632.0
2012-08-20,5.33,5.46,5.46,5.33,1845911.0,41516016.0
2012-08-17,5.44,5.45,5.35,5.30,1482640.0,33306700.0
2012-08-16,5.28,5.45,5.42,5.27,1678669.0,37399252.0
2012-08-15,5.34,5.39,5.30,5.27,1264736.0,27876308.0
2012-08-14,5.41,5.41,5.36,5.24,1329416.0,29332136.0
2012-08-13,5.45,5.47,5.41,5.32,1582210.0,35309440.0
2012-08-10,5.39,5.49,5.44,5.37,2407529.0,54409016.0
2012-08-09,5.34,5.41,5.39,5.27,1776933.0,39478712.0
2012-08-08,5.49,5.49,5.34,5.27,3268480.0,72622144.0
2012-08-07,5.15,5.68,5.46,5.11,5401702.0,122736496.0
2012-08-06,4.97,5.17,5.17,4.92,2499806.0,52819508.0
2012-08-03,4.85,4.97,4.95,4.84,1898033.0,38527268.0
2012-08-02,4.90,4.92,4.85,4.84,1184672.0,23984622.0
2012-08-01,4.91,4.99,4.91,4.90,1895487.0,38867888.0
2012-07-31,5.17,5.17,4.91,4.91,1748431.0,36467516.0
2012-07-30,5.29,5.29,5.13,5.09,1228751.0,26422792.0
2012-07-27,5.18,5.32,5.30,5.16,1591691.0,34722628.0
2012-07-26,5.26,5.29,5.18,5.18,1225641.0,26543614.0
2012-07-25,5.25,5.36,5.28,5.20,1925492.0,42265488.0
2012-07-24,5.25,5.27,5.26,5.18,1503557.0,32626182.0
2012-07-23,5.38,5.39,5.25,5.23,1961894.0,42937168.0
2012-07-20,5.54,5.54,5.46,5.42,1657078.0,37673200.0
2012-07-19,5.60,5.67,5.55,5.54,2282595.0,53125856.0
2012-07-18,5.55,5.64,5.61,5.44,2017946.0,46520444.0
2012-07-17,5.70,5.70,5.54,5.42,3208990.0,74207640.0
2012-07-16,5.35,5.75,5.73,5.35,5325942.0,123382416.0
2012-07-13,5.42,5.49,5.35,5.31,3153735.0,70358080.0
2012-07-12,5.51,5.57,5.44,5.43,3437290.0,78185128.0
2012-07-11,5.56,5.56,5.51,5.43,2090458.0,47512232.0
2012-07-10,5.80,5.85,5.54,5.46,3464111.0,80165640.0
2012-07-09,6.01,6.01,5.79,5.78,2336339.0,56705040.0
2012-07-06,6.13,6.15,6.02,5.78,2152843.0,53118808.0
2012-07-05,6.33,6.33,6.07,6.02,1177162.0,29875328.0
2012-07-04,6.59,6.64,6.36,6.34,1078033.0,28855592.0
2012-07-03,6.57,6.64,6.59,6.54,528704.0,14492937.0
2012-07-02,6.50,6.57,6.55,6.47,585931.0,15911724.0
2012-06-29,6.40,6.53,6.52,6.38,1283710.0,34352832.0
2012-06-28,6.53,6.57,6.47,6.38,932799.0,24981076.0
2012-06-27,6.43,6.56,6.53,6.40,450120.0,12230793.0
2012-06-26,6.43,6.51,6.45,6.38,416383.0,11178025.0
2012-06-25,6.44,6.54,6.45,6.39,594802.0,16019609.0
2012-06-21,6.56,6.57,6.46,6.38,1284866.0,34331448.0
2012-06-20,6.80,6.82,6.57,6.55,1679367.0,46347704.0
2012-06-19,6.87,6.92,6.82,6.81,750247.0,21328162.0
2012-06-18,6.73,6.92,6.89,6.71,1380565.0,39232936.0
2012-06-15,6.74,6.74,6.73,6.65,559290.0,15538291.0
2012-06-14,6.62,6.69,6.69,6.55,891020.0,24768230.0
2012-06-13,6.48,6.64,6.58,6.48,552623.0,15161794.0
2012-06-12,6.60,6.61,6.50,6.49,506804.0,13914151.0
2012-06-11,6.51,6.62,6.61,6.48,381135.0,10461702.0
2012-06-08,6.57,6.67,6.50,6.45,919505.0,25003792.0
2012-06-07,6.70,6.73,6.58,6.57,1133837.0,31484416.0
2012-06-06,6.77,6.80,6.67,6.66,815850.0,22906850.0
2012-06-05,6.80,6.83,6.77,6.76,625040.0,17756676.0
2012-06-04,6.86,6.90,6.79,6.75,1233060.0,35175528.0
2012-06-01,6.83,6.94,6.90,6.81,2341818.0,67519568.0
2012-05-31,6.84,6.93,6.83,6.79,2028323.0,58084964.0
2012-05-30,6.78,6.83,6.78,6.77,1258896.0,35745956.0
2012-05-29,6.77,6.80,6.78,6.69,1877228.0,53127600.0
2012-05-28,6.65,6.86,6.77,6.65,3982700.0,112881824.0
2012-05-25,7.24,7.24,6.72,6.69,16664616.0,474152832.0
2012-05-24,7.44,7.47,7.43,7.37,483797.0,15028707.0
2012-05-23,7.55,7.56,7.44,7.31,1016221.0,31601804.0
2012-05-22,7.65,7.70,7.55,7.50,803110.0,25413606.0
2012-05-21,7.58,7.75,7.65,7.51,2379629.0,75897184.0
2012-05-18,7.70,7.70,7.59,7.56,522064.0,16593083.0
2012-05-17,7.48,7.72,7.67,7.48,1105280.0,35366744.0
2012-05-16,7.54,7.58,7.56,7.46,752684.0,23682416.0
2012-05-15,7.40,7.64,7.54,7.36,1019160.0,31975988.0
2012-05-14,7.46,7.50,7.42,7.36,931919.0,28906240.0
2012-05-11,7.44,7.49,7.42,7.41,1095068.0,34123392.0
2012-05-10,7.44,7.54,7.46,7.44,683309.0,21421548.0
2012-05-09,7.60,7.62,7.47,7.44,2162900.0,67902768.0
2012-05-07,7.77,7.84,7.60,7.60,1741749.0,55988752.0
2012-05-04,7.67,7.86,7.84,7.60,2049857.0,66592100.0
2012-05-03,7.75,7.76,7.68,7.60,657437.0,21111144.0
2012-05-02,7.72,7.76,7.74,7.61,702175.0,22632774.0
2012-04-27,7.54,7.76,7.67,7.50,2077735.0,66757428.0
2012-04-26,7.53,7.57,7.54,7.48,487975.0,15362926.0
2012-04-25,7.50,7.57,7.55,7.41,898438.0,28289848.0
2012-04-24,7.41,7.55,7.52,7.32,1387218.0,43309776.0
2012-04-23,7.38,7.49,7.45,7.33,1934848.0,60187808.0
2012-04-20,7.44,7.47,7.44,7.39,1013177.0,31460440.0
2012-04-19,7.55,7.60,7.47,7.43,605341.0,19110044.0
2012-04-18,7.48,7.60,7.57,7.45,1075322.0,33990860.0
2012-04-17,7.50,7.53,7.48,7.42,1435890.0,44947352.0
2012-04-16,7.39,7.50,7.46,7.36,1232656.0,38424280.0
2012-04-13,7.46,7.49,7.43,7.33,2604453.0,80825432.0
2012-04-12,7.30,7.47,7.46,6.99,10766977.0,331033184.0
2012-04-11,7.32,7.48,7.44,7.32,2075037.0,64325816.0
2012-04-10,7.33,7.44,7.40,7.27,1215719.0,37373240.0
2012-04-09,7.17,7.38,7.34,7.07,1738273.0,52615368.0
2012-04-06,7.22,7.26,7.15,7.10,1196656.0,35775024.0
2012-04-05,7.10,7.21,7.20,7.05,1378225.0,41051072.0
2012-03-30,7.12,7.16,7.14,7.08,1071827.0,31881884.0
2012-03-29,7.04,7.16,7.11,7.04,1334984.0,39593968.0
2012-03-28,7.12,7.19,7.17,6.82,5104677.0,150512544.0
2012-03-27,7.12,7.19,7.08,7.06,664177.0,19790184.0
2012-03-26,7.17,7.17,7.10,7.07,552332.0,16441637.0
2012-03-23,7.08,7.14,7.13,7.03,881208.0,26146234.0
2012-03-22,7.20,7.20,7.10,7.00,1512225.0,44920108.0
2012-03-21,7.31,7.35,7.21,6.93,1002963.0,30243000.0
2012-03-20,7.45,7.45,7.28,7.24,1164078.0,35675424.0
2012-03-19,7.36,7.53,7.43,7.36,2079501.0,64741800.0
2012-03-16,7.17,7.35,7.30,7.17,2058896.0,62884184.0
2012-03-15,7.17,7.33,7.17,7.12,2293102.0,69167160.0
2012-03-14,7.60,7.64,7.24,6.93,4734348.0,147499712.0
2012-03-13,7.65,7.66,7.60,7.50,2551599.0,80815248.0
2012-03-09,7.65,7.76,7.65,7.60,2916668.0,93368728.0
2012-03-08,7.72,7.81,7.78,7.60,2572185.0,82696192.0
2012-03-07,7.48,7.85,7.69,7.44,2597827.0,84066328.0
2012-03-06,7.54,7.64,7.54,7.48,1053561.0,33339544.0
2012-03-05,7.48,7.60,7.54,7.46,1449825.0,45747580.0
2012-03-02,7.37,7.46,7.44,7.36,983134.0,30486058.0
2012-03-01,7.39,7.45,7.37,7.32,678947.0,20956180.0
2012-02-29,7.54,7.57,7.39,7.38,1264528.0,39449168.0
2012-02-28,7.47,7.75,7.55,7.43,2285489.0,72851608.0
2012-02-27,7.53,7.59,7.48,7.46,1631612.0,51258492.0
2012-02-24,7.48,7.51,7.50,7.37,1044793.0,32496584.0
2012-02-23,7.52,7.60,7.48,7.41,1183171.0,37078080.0
2012-02-22,7.36,7.56,7.55,7.36,2014670.0,62837948.0
2012-02-21,7.36,7.37,7.35,7.26,1106973.0,33913088.0
2012-02-20,7.42,7.47,7.35,7.32,1464393.0,45240728.0
2012-02-17,7.29,7.41,7.37,7.29,1169273.0,35963744.0
2012-02-16,7.36,7.48,7.32,7.31,2570675.0,79357352.0
2012-02-15,7.45,7.51,7.50,7.26,2551776.0,79270840.0
2012-02-14,7.65,7.65,7.57,7.46,2131107.0,67099288.0
2012-02-13,7.59,7.72,7.67,7.50,1233531.0,39524852.0
2012-02-10,7.30,7.66,7.59,7.24,2442959.0,77344312.0
2012-02-09,7.33,7.38,7.35,7.29,741498.0,22804400.0
2012-02-08,7.21,7.36,7.33,7.12,975193.0,29577436.0
2012-02-07,7.25,7.34,7.20,7.14,867006.0,26301988.0
2012-02-06,7.13,7.29,7.26,7.03,1096617.0,32989864.0
2012-02-03,7.05,7.13,7.06,7.00,659806.0,19531220.0
2012-02-02,7.02,7.04,7.03,6.86,792084.0,23046240.0
2012-02-01,6.93,7.15,6.93,6.82,907063.0,26513156.0
2012-01-31,7.20,7.23,6.96,6.88,1085896.0,31957848.0
2012-01-30,7.29,7.29,7.17,7.09,1271693.0,38201232.0
2012-01-20,6.67,7.37,7.34,6.59,3300200.0,97619072.0
2012-01-19,6.69,6.81,6.70,6.29,3932847.0,108381728.0
2012-01-18,7.67,7.70,6.89,6.89,2478352.0,74882560.0
2012-01-17,7.17,7.72,7.65,6.95,1917712.0,58466860.0
2012-01-16,7.57,7.72,7.20,7.12,1907282.0,60005764.0
2012-01-13,7.63,7.78,7.56,7.49,1874655.0,59687660.0
2012-01-12,7.71,7.88,7.59,7.58,1246559.0,40168460.0
2012-01-11,7.53,7.89,7.71,7.53,2120337.0,68789600.0
2012-01-10,7.19,7.60,7.57,7.13,2342329.0,72504128.0
2012-01-09,7.03,7.18,7.17,6.95,1696023.0,50388932.0
2012-01-06,7.05,7.12,7.04,6.84,1407036.0,40963984.0
2012-01-05,7.08,7.20,7.12,6.96,1527476.0,45592796.0
2012-01-04,7.23,7.26,7.16,7.13,1133483.0,34211840.0
2011-12-30,7.24,7.29,7.20,7.09,1837555.0,55442204.0
2011-12-29,7.09,7.29,7.21,7.02,1570488.0,47028008.0
2011-12-28,7.53,7.53,7.14,7.05,2210281.0,66479936.0
2011-12-27,7.60,7.69,7.55,7.53,1236885.0,39451424.0
2011-12-26,7.40,7.67,7.66,7.33,1052992.0,33340238.0
2011-12-23,7.41,7.58,7.44,7.38,1054581.0,33131308.0
2011-12-22,7.55,7.62,7.46,7.31,1049175.0,32604748.0
2011-12-21,7.45,7.64,7.53,7.38,2160718.0,68015776.0
2011-12-20,7.31,7.41,7.41,7.22,1077568.0,33122156.0
2011-12-19,7.22,7.31,7.31,7.12,1282476.0,38845528.0
2011-12-16,7.03,7.29,7.25,7.00,1483130.0,44733544.0
2011-12-15,6.93,7.21,7.04,6.91,2387633.0,70961176.0
2011-12-14,6.91,7.10,6.96,6.88,1476224.0,43273904.0
2011-12-13,6.91,7.05,6.93,6.88,1730948.0,50454988.0
2011-12-12,6.89,6.98,6.96,6.79,1000859.0,28974644.0
2011-12-09,6.93,7.03,6.89,6.85,1199333.0,34690872.0
2011-12-08,7.12,7.15,6.98,6.86,2746892.0,80328488.0
2011-12-07,7.38,7.43,7.12,7.09,2239670.0,67425928.0
2011-12-06,7.44,7.51,7.38,7.29,1057650.0,32671488.0
2011-12-05,7.69,7.75,7.51,7.41,1617292.0,51331688.0
2011-12-02,7.52,7.74,7.66,7.52,1209953.0,38838040.0
2011-12-01,7.60,7.68,7.57,7.46,1292872.0,41112928.0
2011-11-30,7.66,7.71,7.44,7.36,1381295.0,43225272.0
2011-11-29,7.65,7.73,7.73,7.50,1424282.0,45398608.0
2011-11-28,7.75,7.84,7.60,7.57,1584337.0,50664324.0
2011-11-25,7.89,7.95,7.86,7.72,1713680.0,55944500.0
2011-11-24,7.98,7.98,7.96,7.82,1008223.0,33331864.0
2011-11-23,7.86,8.16,7.95,7.86,1960083.0,65737520.0
2011-11-22,7.85,7.99,7.86,7.75,1663835.0,54669244.0
2011-11-21,7.50,7.96,7.89,7.48,2502046.0,81325488.0
2011-11-18,7.59,8.08,7.59,7.50,4464126.0,145853120.0
2011-11-17,7.53,7.83,7.67,7.48,1377879.0,44331164.0
2011-11-16,7.72,7.73,7.53,7.49,1513177.0,48138084.0
2011-11-15,7.68,7.75,7.74,7.57,1098431.0,35075780.0
2011-11-14,7.67,7.76,7.68,7.58,1651521.0,52964728.0
2011-11-11,7.80,7.89,7.61,7.55,1065421.0,34358680.0
2011-11-10,7.71,8.01,7.80,7.65,1505798.0,49708852.0
2011-11-09,7.77,7.86,7.80,7.65,844708.0,27371424.0
2011-11-08,7.92,7.92,7.79,7.67,651636.0,21227132.0
2011-11-07,7.65,7.93,7.86,7.65,1411692.0,46337100.0
2011-11-04,7.85,8.03,7.69,7.61,1847834.0,60694520.0
2011-11-03,7.93,8.08,7.78,7.74,2135145.0,69896616.0
2011-11-02,7.58,7.96,7.93,7.58,2160216.0,70671640.0
2011-11-01,7.53,7.91,7.73,7.52,3440465.0,111907512.0
2011-10-31,7.28,7.64,7.58,7.27,2136638.0,67183256.0
2011-10-28,7.34,7.48,7.32,7.29,1812090.0,55880456.0
2011-10-27,7.40,7.44,7.27,7.22,1895571.0,57885800.0
2011-10-26,7.38,7.49,7.40,7.29,2501927.0,77280456.0
2011-10-25,6.83,7.46,7.45,6.78,3914578.0,117614664.0
2011-10-24,6.76,6.99,6.86,6.45,1581089.0,44685448.0
2011-10-21,6.81,6.91,6.80,6.72,1206529.0,34518872.0
2011-10-20,6.83,6.91,6.77,6.67,959909.0,27020288.0
2011-10-19,6.80,7.02,6.92,6.74,1630474.0,47118492.0
2011-10-18,6.79,6.88,6.78,6.74,714059.0,20307554.0
2011-10-17,6.73,6.97,6.83,6.73,1297889.0,37384856.0
2011-10-14,6.73,6.78,6.74,6.65,476542.0,13389982.0
2011-10-13,6.71,6.82,6.74,6.62,1010811.0,28507812.0
2011-10-12,6.35,6.73,6.66,6.31,1327627.0,36747104.0
2011-10-11,6.52,6.52,6.41,6.33,912217.0,24492986.0
2011-10-10,6.23,6.48,6.36,6.23,1612077.0,43175448.0
2011-09-30,6.23,6.31,6.19,6.10,890347.0,23072036.0
2011-09-29,6.24,6.27,6.22,6.11,1326028.0,34296300.0
2011-09-28,6.51,6.62,6.28,6.26,1267816.0,34195984.0
2011-09-27,6.59,6.66,6.46,6.38,1195251.0,32461684.0
2011-09-23,6.64,6.68,6.59,6.50,746140.0,20531626.0
2011-09-22,6.87,6.90,6.68,6.66,1198454.0,33782444.0
2011-09-21,6.73,6.94,6.92,6.67,1255775.0,35968512.0
2011-09-20,6.60,6.81,6.74,6.52,593801.0,16609172.0
2011-09-19,6.69,6.74,6.60,6.60,492141.0,13697873.0
2011-09-16,6.78,6.84,6.76,6.73,255596.0,7232644.0
2011-09-15,6.82,6.96,6.75,6.69,795783.0,22713956.0
2011-09-14,6.80,6.84,6.79,6.70,564378.0,15982368.0
2011-09-13,6.77,6.87,6.79,6.76,508679.0,14462917.0
2011-09-09,6.93,7.04,6.90,6.72,688409.0,19799800.0
2011-09-08,6.97,7.09,6.90,6.87,1032783.0,30106712.0
2011-09-07,6.79,6.98,6.95,6.70,1124531.0,32279724.0
2011-09-06,6.69,6.74,6.73,6.64,1023759.0,28609822.0
2011-09-05,6.69,6.75,6.68,6.67,781113.0,21894048.0
2011-09-02,6.78,6.81,6.72,6.67,1518538.0,42763156.0
2011-09-01,6.93,6.99,6.79,6.73,1792696.0,51012896.0
2011-08-31,7.24,7.24,6.94,6.92,1896608.0,55512332.0
2011-08-30,7.23,7.23,7.16,7.10,1175363.0,35165808.0
2011-08-29,7.24,7.29,7.14,7.13,1589934.0,47953536.0
2011-08-26,7.26,7.35,7.28,7.20,981073.0,29803668.0
2011-08-25,7.15,7.31,7.26,7.15,1286673.0,39054932.0
2011-08-24,7.12,7.31,7.18,7.12,1426990.0,43220132.0
2011-08-23,6.98,7.12,7.11,6.89,1298193.0,38119988.0
2011-08-22,7.09,7.23,6.97,6.93,1940808.0,57209248.0
2011-08-19,7.04,7.23,7.17,7.03,1946463.0,58258936.0
2011-08-18,7.29,7.31,7.18,7.17,1395612.0,42050224.0
2011-08-17,7.23,7.37,7.31,7.15,1598094.0,48408640.0
2011-08-16,7.25,7.35,7.24,7.15,1643588.0,49687760.0
2011-08-15,7.31,7.47,7.32,7.20,3864013.0,118673312.0
2011-08-12,7.07,7.41,7.32,7.06,5680221.0,173325968.0
2011-08-10,6.88,6.97,6.91,6.81,2057344.0,59327792.0
2011-08-09,6.50,6.82,6.80,6.46,2255320.0,62733392.0
2011-08-08,6.68,6.93,6.70,6.57,2866977.0,80612976.0
2011-08-05,6.57,7.00,6.86,6.57,2110969.0,60328264.0
2011-08-04,6.71,6.94,6.87,6.67,1698121.0,48513176.0
2011-08-03,6.78,7.00,6.79,6.67,2810801.0,80581464.0
2011-08-02,6.68,6.81,6.79,6.60,3989469.0,112333360.0
2011-08-01,6.45,6.85,6.71,6.39,4012715.0,111962968.0
2011-07-29,6.45,6.50,6.39,6.36,771834.0,20729998.0
2011-07-28,6.32,6.48,6.43,6.26,1161391.0,31177804.0
2011-07-27,6.20,6.37,6.33,6.13,1205471.0,31737956.0
2011-07-26,6.24,6.33,6.25,6.22,1003421.0,26256764.0
2011-07-25,6.37,6.38,6.24,6.19,2507764.0,65754344.0
2011-07-22,6.43,6.50,6.41,6.36,1149078.0,30952186.0
2011-07-21,6.38,6.51,6.43,6.36,2426776.0,65467268.0
2011-07-20,6.27,6.52,6.38,6.27,1850412.0,49777252.0
2011-07-19,6.38,6.38,6.26,6.24,1717646.0,45083760.0
2011-07-18,6.50,6.56,6.38,6.38,1827180.0,49183624.0
2011-07-15,6.52,6.57,6.52,6.45,1855765.0,50678496.0
2011-07-14,6.38,6.56,6.52,6.31,2492482.0,67691656.0
2011-07-13,6.24,6.38,6.38,6.21,2575288.0,68078360.0
2011-07-12,6.25,6.33,6.24,6.18,2272697.0,59367788.0
2011-07-11,6.12,6.40,6.30,6.10,4236476.0,111108392.0
2011-07-08,5.94,6.03,6.02,5.88,1778635.0,44337292.0
2011-07-07,5.97,6.01,5.93,5.90,1249137.0,31159300.0
2011-07-06,5.96,5.97,5.97,5.90,854015.0,21201590.0
2011-07-05,5.86,6.00,5.96,5.86,1263132.0,31447866.0
2011-07-04,5.77,5.93,5.90,5.77,2490232.0,61313272.0
2011-07-01,5.80,5.83,5.76,5.74,1077328.0,26070848.0
2011-06-30,5.71,5.82,5.78,5.69,1669989.0,40387888.0
2011-06-29,5.74,5.78,5.69,5.66,1401017.0,33635428.0
2011-06-28,5.63,5.77,5.74,5.62,2908681.0,69664240.0
2011-06-27,5.62,5.76,5.65,5.58,2088047.0,49466176.0
2011-06-24,5.52,5.64,5.61,5.51,3087224.0,72349968.0
2011-06-23,5.35,5.62,5.54,5.31,2398606.0,55498004.0
2011-06-22,5.33,5.39,5.35,5.33,483756.0,10837436.0
2011-06-21,5.29,5.35,5.33,5.26,1299754.0,28838448.0
2011-06-20,5.28,5.30,5.28,5.22,1002993.0,22093540.0
2011-06-17,5.27,5.36,5.29,5.25,883573.0,19626188.0
2011-06-16,5.45,5.45,5.28,5.28,1507803.0,33656520.0
2011-06-15,5.52,5.54,5.46,5.45,799249.0,18358908.0
2011-06-14,5.47,5.59,5.55,5.42,1457668.0,33636376.0
2011-06-13,5.47,5.54,5.50,5.40,1519195.0,34751800.0
2011-06-10,5.63,5.68,5.50,5.44,1914992.0,43935752.0
2011-06-09,5.80,5.80,5.62,5.61,607442.0,14488358.0
2011-06-08,5.82,5.82,5.71,5.66,568488.0,13620676.0
2011-06-07,5.65,5.75,5.74,5.62,724247.0,17431200.0
2011-06-03,5.59,5.72,5.69,5.59,783268.0,18692914.0
2011-06-02,5.66,5.71,5.68,5.55,1346976.0,31803664.0
2011-06-01,5.76,5.87,5.81,5.72,1097614.0,26721494.0
2011-05-31,5.71,5.80,5.76,5.65,800789.0,19225052.0
2011-05-30,5.66,5.72,5.68,5.59,561498.0,13353352.0
2011-05-27,5.78,5.78,5.67,5.65,2175076.0,52028272.0
2011-05-26,5.87,5.97,5.78,5.74,1132788.0,27641952.0
2011-05-25,5.95,5.99,5.85,5.83,1013259.0,25086694.0
2011-05-24,5.94,6.01,5.97,5.81,1654720.0,41201772.0
2011-05-23,6.28,6.29,5.97,5.96,2900241.0,74524576.0
2011-05-20,6.26,6.31,6.28,6.21,526617.0,13846601.0
2011-05-19,6.31,6.32,6.28,6.26,1300110.0,34380808.0
2011-05-17,6.23,6.28,6.25,6.18,1671564.0,43593332.0
2011-05-16,6.28,6.30,6.22,6.21,1001829.0,26325276.0
2011-05-13,6.22,6.29,6.28,6.19,1180563.0,30946934.0
2011-05-12,6.28,6.33,6.25,6.23,1135870.0,29991018.0
2011-05-11,6.29,6.37,6.30,6.27,1756390.0,46536680.0
2011-05-10,6.42,6.45,6.29,6.25,2673163.0,70832832.0
2011-05-09,6.45,6.54,6.41,6.39,1672002.0,45376288.0
2011-05-06,6.42,6.53,6.47,6.38,1354815.0,36868628.0
2011-05-05,6.38,6.47,6.47,6.37,1322718.0,35771808.0
2011-05-04,6.42,6.51,6.41,6.35,1637795.0,44236304.0
2011-05-03,6.42,6.49,6.44,6.32,1527851.0,41271680.0
2011-04-29,6.68,6.72,6.42,6.19,3439186.0,93131984.0
2011-04-28,6.69,6.99,6.70,6.67,5885091.0,168649856.0
2011-04-27,6.84,6.85,6.64,6.62,2637035.0,74660320.0
2011-04-26,6.67,6.85,6.79,6.59,3592752.0,101871328.0
2011-04-25,6.66,6.82,6.69,6.57,3798955.0,106703608.0
2011-04-22,6.76,6.78,6.63,6.58,2404222.0,67002224.0
2011-04-21,6.78,6.81,6.76,6.71,2774113.0,78719200.0
2011-04-20,6.54,6.79,6.74,6.54,4652648.0,131002128.0
2011-04-19,6.66,6.68,6.52,6.50,2139253.0,59112072.0
2011-04-18,6.64,6.72,6.67,6.61,2765124.0,77444160.0
2011-04-15,6.62,6.71,6.66,6.55,4290495.0,120201232.0
2011-04-14,6.49,6.65,6.61,6.45,4129280.0,113770560.0
2011-04-13,6.40,6.50,6.47,6.38,2107798.0,57345476.0
2011-04-12,6.31,6.45,6.44,6.29,2571642.0,69255744.0
2011-04-11,6.46,6.54,6.35,6.34,3288019.0,88706464.0
2011-04-08,6.41,6.41,6.38,6.34,1955432.0,52409736.0
2011-04-07,6.38,6.42,6.35,6.31,1859863.0,49627616.0
2011-04-06,6.52,6.53,6.38,6.36,2254063.0,60688424.0
2011-04-01,6.60,6.65,6.52,6.44,4131217.0,112997120.0
2011-03-31,6.25,6.78,6.66,6.19,6500713.0,177668160.0
2011-03-30,6.42,6.46,6.25,6.21,3244793.0,86676736.0
2011-03-29,6.49,6.50,6.42,6.37,3205327.0,86364584.0
2011-03-28,6.57,6.61,6.51,6.51,2304043.0,63438712.0
2011-03-25,6.59,6.63,6.57,6.55,1856613.0,51377056.0
2011-03-24,6.62,6.65,6.59,6.58,1584351.0,43969904.0
2011-03-23,6.54,6.67,6.63,6.53,2304804.0,64002708.0
2011-03-22,6.63,6.66,6.58,6.52,2573378.0,71111328.0
2011-03-21,6.52,6.68,6.67,6.42,6326179.0,173653712.0
2011-03-18,6.60,6.67,6.56,6.55,2353691.0,65381128.0
2011-03-17,6.54,6.64,6.60,6.51,2916493.0,80414376.0
2011-03-16,6.52,6.62,6.60,6.50,4886210.0,134937808.0
2011-03-15,6.71,6.72,6.55,6.52,9547731.0,264892464.0
2011-03-14,6.83,6.90,6.85,6.78,1895751.0,54505504.0
2011-03-11,6.87,6.91,6.89,6.73,5239874.0,150278704.0
2011-03-10,6.89,6.92,6.90,6.83,3704435.0,106983496.0
2011-03-09,7.00,7.07,6.92,6.90,3568003.0,104445120.0
2011-03-08,6.94,6.94,6.94,6.83,3091848.0,89526064.0
2011-03-07,6.97,6.98,6.93,6.90,3399518.0,98934080.0
2011-03-04,6.87,6.97,6.95,6.87,2048325.0,59594044.0
2011-03-03,7.09,7.10,6.91,6.85,3780600.0,110465160.0
2011-03-02,6.90,7.09,7.04,6.86,4331596.0,127305544.0
2011-03-01,6.94,6.94,6.92,6.83,4054026.0,117399480.0
2011-02-28,6.74,6.95,6.92,6.67,3964362.0,113733784.0
2011-02-25,6.77,6.77,6.73,6.66,2081225.0,58657952.0
2011-02-24,6.77,6.83,6.77,6.67,2318308.0,65765540.0
2011-02-23,6.69,6.78,6.76,6.67,3357391.0,94849704.0
2011-02-22,7.09,7.11,6.70,6.65,5537673.0,160235120.0
2011-02-21,6.90,7.15,7.12,6.86,5259957.0,156166304.0
2011-02-18,6.85,6.98,6.90,6.81,3325529.0,96604584.0
2011-02-17,6.93,6.94,6.88,6.80,3608306.0,103814560.0
2011-02-16,6.80,6.94,6.91,6.78,3054163.0,88185464.0
2011-02-15,6.91,7.04,6.82,6.81,5392283.0,156408096.0
2011-02-14,6.85,7.02,6.94,6.78,5275200.0,153260240.0
2011-02-11,6.76,6.89,6.85,6.76,5960526.0,171241648.0
2011-02-10,6.53,6.87,6.85,6.46,5924699.0,166413216.0
2011-02-09,6.66,6.70,6.56,6.54,3793262.0,105523776.0
2011-02-01,6.73,6.84,6.74,6.71,4620188.0,131318344.0
2011-01-31,6.59,6.65,6.64,6.49,4136706.0,114056200.0
2011-01-28,6.67,6.76,6.57,6.47,4179643.0,115492584.0
2011-01-27,6.59,6.85,6.72,6.51,3405867.0,96242568.0
2011-01-26,6.53,6.66,6.59,6.49,3184206.0,88406744.0
2011-01-25,6.54,6.73,6.53,6.43,2605081.0,71393448.0
2011-01-24,6.63,6.80,6.64,6.62,2581161.0,72742552.0
2011-01-21,6.54,6.69,6.63,6.51,3031893.0,84220128.0
2011-01-20,7.04,7.06,6.58,6.57,4256997.0,120325568.0
2011-01-19,6.95,7.06,7.02,6.88,2110817.0,62051840.0
2011-01-18,6.78,7.02,6.99,6.68,2783113.0,80668520.0
2011-01-17,7.01,7.13,6.83,6.81,4476081.0,130039392.0
2011-01-14,7.50,7.56,7.14,7.00,5984563.0,182070528.0
2011-01-13,7.40,7.59,7.47,7.40,1669833.0,52579904.0
2011-01-12,7.44,7.54,7.52,7.31,2621395.0,81909200.0
2011-01-11,7.53,7.69,7.42,7.22,4105391.0,127395800.0
2011-01-10,7.68,7.79,7.61,7.51,4358826.0,140116640.0
2011-01-07,7.85,7.96,7.67,7.50,6476610.0,210366576.0
2011-01-06,7.86,7.97,7.88,7.70,4903092.0,161360224.0
2011-01-05,7.85,7.97,7.87,7.78,5624627.0,185905344.0
2011-01-04,7.45,8.09,8.00,7.45,11653784.0,380901376.0
