date,amount,close,high,low,open,volume
2015-11-27,184649056.0,48.21,52.50,47.51,50.53,3660817.0
2015-11-26,183765072.0,51.17,52.75,49.50,50.09,3585948.0
2015-11-25,176021424.0,50.29,51.85,49.70,51.10,3468931.0
2015-11-24,171563792.0,50.90,50.99,47.15,47.18,3482796.0
2015-11-23,107847984.0,47.17,48.50,47.00,48.00,2268869.0
2015-11-20,112015064.0,47.97,48.90,47.34,48.90,2329996.0
2015-11-19,115681528.0,48.76,48.88,46.02,46.20,2447073.0
2015-11-18,130627648.0,46.20,49.50,45.60,47.76,2746360.0
2015-11-17,178066992.0,48.41,52.20,48.12,50.60,3555597.0
2015-11-16,199475808.0,49.61,50.50,47.19,47.80,4082741.0
2015-11-13,359435872.0,50.27,55.90,50.27,55.90,6858684.0
2015-11-12,333492352.0,55.86,55.86,51.10,51.65,6202962.0
2015-11-11,240108352.0,50.78,50.90,46.37,46.37,4954476.0
2015-11-10,221560496.0,46.34,48.58,45.30,46.99,4731512.0
2015-11-09,296711648.0,46.89,49.72,45.55,45.55,6235666.0
2015-11-06,191639632.0,45.20,45.20,40.50,41.00,4420452.0
2015-11-05,152641312.0,41.09,43.43,40.78,42.20,3640667.0
2015-11-04,170896720.0,42.57,42.64,39.62,40.90,4164893.0
2015-11-03,146284976.0,40.65,40.99,38.85,38.85,3647357.0
2015-11-02,123415912.0,38.75,41.20,36.22,36.51,3158607.0
2015-10-30,78116368.0,37.51,38.58,36.90,38.00,2072529.0
2015-10-29,77654880.0,38.27,39.02,37.98,38.70,2019375.0
2015-10-28,143189840.0,37.99,39.98,37.30,39.51,3659922.0
2015-10-27,278476288.0,40.50,41.50,36.66,39.45,7119307.0
2015-10-26,152816192.0,38.59,38.59,35.39,35.55,4061893.0
2015-10-23,97998000.0,35.08,35.15,33.01,33.18,2879305.0
2015-10-22,99549456.0,33.15,33.43,31.20,31.85,3078118.0
2015-10-21,125995024.0,31.85,36.20,31.85,35.27,3691729.0
2015-10-20,107081544.0,35.39,35.80,34.18,34.49,3050448.0
2015-10-19,113671368.0,34.70,36.39,33.90,35.68,3245322.0
2015-10-16,135848464.0,35.65,35.85,34.32,35.00,3866293.0
2015-10-15,120839512.0,34.71,34.78,32.68,32.90,3580976.0
2015-10-14,94060400.0,33.22,34.80,33.21,33.57,2773427.0
2015-10-13,65090152.0,33.59,34.10,33.01,33.26,1934655.0
2015-10-12,104974416.0,33.84,34.23,32.20,32.20,3142125.0
2015-10-09,58741224.0,32.03,32.18,31.00,31.55,1865049.0
2015-10-08,51122464.0,31.48,31.63,30.50,30.92,1640830.0
2015-09-30,42338848.0,29.68,30.20,29.01,29.01,1424850.0
2015-09-29,48347680.0,29.06,30.28,28.60,30.00,1641152.0
2015-09-28,45723920.0,30.87,31.00,29.02,29.52,1526155.0
2015-09-25,68580400.0,29.47,32.20,29.02,31.01,2235353.0
2015-09-24,77072544.0,31.64,33.00,31.20,31.24,2400295.0
2015-09-23,82523440.0,31.39,33.70,30.00,30.10,2637578.0
2015-09-22,78614920.0,31.05,31.79,29.88,30.53,2545380.0
2015-09-21,59699444.0,30.69,30.75,27.41,27.89,2025876.0
2015-09-18,37368452.0,28.18,28.60,27.21,28.02,1337295.0
2015-09-17,69701752.0,27.71,29.69,27.61,28.57,2434844.0
2015-09-16,55969808.0,28.57,28.66,26.00,26.00,2057351.0
2015-09-15,50623784.0,26.05,28.00,26.05,26.10,1902515.0
2015-09-14,48527240.0,28.94,32.25,28.94,31.77,1600087.0
2015-09-11,81600736.0,32.15,32.66,31.08,31.78,2567950.0
2015-09-10,136737440.0,32.70,35.07,31.10,32.20,4130110.0
2015-09-09,98349032.0,32.01,32.01,29.30,29.30,3153595.0
2015-09-08,51622032.0,29.10,29.50,26.60,27.00,1837164.0
2015-09-07,35407868.0,26.98,27.65,26.50,27.00,1307710.0
2015-09-02,41777336.0,25.77,29.15,25.05,26.00,1541249.0
2015-09-01,51793840.0,27.67,30.52,27.67,30.05,1817904.0
2015-08-31,57041872.0,30.74,33.28,30.60,32.91,1768749.0
2015-08-28,83030096.0,33.79,33.90,31.48,32.12,2557412.0
2015-08-27,62654332.0,31.51,31.65,29.10,30.88,2037039.0
2015-08-26,78726008.0,30.28,32.64,28.50,30.80,2545904.0
2015-08-25,48903896.0,30.11,32.39,30.11,30.11,1594145.0
2015-08-24,48383244.0,33.45,35.50,33.45,34.40,1436455.0
2015-08-21,80134000.0,37.17,40.49,37.00,40.25,2070282.0
2015-08-20,82648616.0,40.51,43.90,40.18,42.50,1955980.0
2015-08-19,126386432.0,43.13,44.00,38.52,40.16,3066261.0
2015-08-18,137640032.0,42.80,48.79,42.80,47.52,3034733.0
2015-08-17,125549712.0,47.55,49.00,47.00,49.00,2634860.0
2015-08-14,190229872.0,49.52,50.67,48.51,49.30,3828877.0
2015-08-13,208845568.0,49.48,50.40,46.00,49.01,4311055.0
2015-08-12,279591776.0,49.78,52.50,47.02,47.90,5578063.0
2015-08-11,221707920.0,48.73,50.72,47.80,48.55,4496831.0
2015-08-10,191058704.0,48.57,48.96,46.18,46.40,3979884.0
2015-08-07,159505984.0,46.59,47.60,45.70,45.70,3411211.0
2015-08-06,229769136.0,46.05,49.00,45.45,48.30,4886399.0
2015-08-05,374385824.0,49.77,51.51,45.90,46.08,7566936.0
2015-08-04,451330624.0,47.90,50.80,44.20,50.01,9423169.0
2015-08-03,399621984.0,48.38,48.38,43.36,44.40,8471782.0
2015-07-31,199934384.0,43.98,45.80,40.01,40.21,4617533.0
2015-07-30,245591216.0,41.94,44.50,39.47,41.04,5729518.0
2015-07-29,142002208.0,41.47,41.49,36.03,38.90,3662033.0
2015-07-28,159694240.0,37.72,41.60,37.71,38.20,4123059.0
2015-07-27,180575712.0,41.90,47.70,41.90,45.02,4006686.0
2015-07-24,391092256.0,46.56,49.88,45.10,48.48,8081104.0
2015-07-23,276852768.0,47.38,47.38,42.52,42.71,6097860.0
2015-07-22,216749584.0,43.07,44.90,41.85,44.60,4996322.0
2015-07-21,210145904.0,43.70,43.70,38.10,39.06,5020040.0
2015-07-20,127215760.0,39.73,41.68,38.91,40.33,3162404.0
2015-07-17,107067944.0,40.33,40.97,37.78,37.78,2716449.0
2015-07-16,159154416.0,37.94,40.99,35.55,35.55,4191245.0
2015-07-15,109084784.0,39.50,42.50,39.50,42.11,2690792.0
2015-07-14,363740448.0,43.89,47.00,41.42,44.44,8149772.0
2015-07-13,232284992.0,43.60,43.60,39.70,41.47,5500682.0
2015-07-10,207603680.0,39.64,39.64,33.55,36.00,5357869.0
2015-07-09,176138240.0,36.04,36.04,29.48,29.48,5265952.0
2015-07-08,4556916.0,32.76,32.76,32.76,32.76,139100.0
2015-07-07,71010264.0,36.40,37.85,36.40,36.60,1940904.0
2015-07-06,311538048.0,40.44,44.98,39.90,44.98,7312870.0
2015-07-03,258562720.0,40.99,40.99,36.30,37.26,6479669.0
2015-07-02,105710784.0,37.26,40.80,36.14,39.19,2744799.0
2015-07-01,141210384.0,39.19,44.39,39.10,40.90,3311512.0
2015-06-30,135864592.0,42.79,43.50,35.88,39.80,3450004.0
2015-06-29,127714576.0,39.87,45.88,39.87,45.06,3005028.0
2015-06-26,119847568.0,44.30,49.52,44.30,47.95,2586655.0
2015-06-25,118749416.0,49.22,51.80,49.00,51.77,2349665.0
2015-06-24,140060272.0,51.50,52.86,50.06,52.86,2726333.0
2015-06-23,141268368.0,51.51,51.54,48.05,48.62,2824910.0
2015-06-19,133851456.0,48.62,52.89,48.59,52.45,2630938.0
2015-06-18,159265280.0,53.99,59.66,53.99,58.43,2809045.0
2015-06-17,172694832.0,59.99,61.00,57.22,57.47,2919569.0
2015-06-16,193482128.0,57.58,59.78,55.20,57.65,3375201.0
2015-06-15,314973472.0,59.72,63.57,59.72,63.57,5177288.0
2015-06-12,440590592.0,66.35,72.99,66.00,70.70,6402778.0
2015-06-11,490455232.0,71.25,71.29,65.70,66.16,7123922.0
2015-06-10,375593792.0,66.97,67.48,62.20,62.50,5675562.0
2015-06-09,222090688.0,63.83,65.19,62.05,62.90,3478742.0
2015-06-08,338154880.0,63.06,67.50,62.35,67.49,5261689.0
2015-06-05,395918112.0,67.15,68.68,65.00,67.19,5905344.0
2015-06-04,472767040.0,65.89,72.00,65.48,71.76,7021210.0
2015-06-03,491943136.0,72.76,74.94,70.05,72.05,6744654.0
2015-06-02,744498560.0,72.62,77.00,72.62,73.00,10124240.0
2015-06-01,476371584.0,80.69,85.67,80.69,85.00,5846244.0
2015-05-29,1082395776.0,89.65,104.00,85.67,85.67,11971366.0
2015-05-28,127221568.0,95.19,116.35,95.19,116.35,1214800.0
2015-05-27,13866764.0,105.77,105.77,105.77,105.77,131103.0
2015-05-26,25969730.0,96.15,96.15,96.15,96.15,270096.0
2015-05-25,130013960.0,87.41,87.41,86.80,87.00,1491440.0
2015-05-22,258649744.0,79.46,79.46,75.48,79.46,3264102.0
2015-05-21,245399120.0,72.24,72.24,66.98,71.90,3426818.0
2015-05-20,357451360.0,65.67,65.67,55.50,59.70,5682928.0
2015-05-19,570556800.0,59.70,59.70,50.00,59.70,10187673.0
2015-05-18,40568080.0,54.27,54.27,53.00,54.27,747688.0
2015-05-15,174361088.0,49.34,49.34,46.80,48.60,3565909.0
2015-05-14,331502688.0,44.85,44.85,39.01,40.60,7526847.0
2015-05-13,396121280.0,40.77,41.25,35.71,38.50,10137921.0
2015-05-12,365153152.0,37.50,37.50,35.11,35.55,9916025.0
2015-05-11,265291360.0,34.09,34.09,30.99,31.30,8106486.0
2015-05-08,287817536.0,30.99,30.99,28.01,28.13,9683201.0
2015-05-07,370706400.0,28.17,31.88,28.03,31.88,12512719.0
2015-05-06,59005620.0,30.24,30.24,30.24,30.24,1951244.0
2015-05-05,3254816.0,27.49,27.49,27.49,27.49,118400.0
2015-05-04,1489404.0,24.99,24.99,24.99,24.99,59600.0
2015-04-30,838368.0,22.72,22.72,22.72,22.72,36900.0
2015-04-29,260190.0,20.65,20.65,20.65,20.65,12600.0
2015-04-28,193331.0,18.77,18.77,18.77,18.77,10300.0
2015-04-27,155246.0,17.06,17.06,17.06,17.06,9100.0
2015-04-24,473055.0,15.51,15.51,15.51,15.51,30500.0
