date,amount,close,high,low,open,volume
2015-11-27,466481312.0,54.27,59.55,53.70,57.51,8217675.0
2015-11-26,460828256.0,58.80,62.78,58.60,61.50,7587554.0
2015-11-25,353592384.0,60.77,61.45,59.90,61.00,5824390.0
2015-11-24,508997408.0,61.50,61.55,57.02,57.96,8510839.0
2015-11-23,383699904.0,57.99,59.91,57.51,58.91,6538443.0
2015-11-20,525263904.0,59.44,60.79,56.36,57.07,8939078.0
2015-11-19,292962624.0,57.05,57.42,55.21,55.48,5214914.0
2015-11-18,387916032.0,55.42,58.49,55.00,57.70,6853435.0
2015-11-17,568576320.0,57.79,60.00,57.14,59.80,9713360.0
2015-11-16,494537216.0,58.50,58.82,53.16,53.20,8921486.0
2015-11-13,917453888.0,56.00,62.38,54.86,60.20,15711303.0
2015-11-12,720823424.0,60.03,60.03,55.90,55.90,12396186.0
2015-11-11,463760160.0,54.57,54.69,50.68,50.90,8773143.0
2015-11-10,371818016.0,51.36,52.76,50.68,52.40,7197547.0
2015-11-09,533221536.0,52.29,53.81,49.30,49.64,10362127.0
2015-11-06,385359488.0,50.09,50.77,49.08,49.08,7703224.0
2015-11-05,526111328.0,49.08,51.35,48.85,50.00,10588033.0
2015-11-04,622177920.0,50.46,50.50,47.80,48.54,12659920.0
2015-11-03,737975296.0,49.01,49.34,44.20,44.88,15573440.0
2015-11-02,399951648.0,44.85,46.35,42.04,42.50,8900885.0
2015-10-30,178550720.0,43.53,43.98,42.50,43.80,4118359.0
2015-10-29,179492944.0,43.98,44.38,43.35,43.65,4088172.0
2015-10-28,247154432.0,43.66,45.50,43.56,44.25,5572816.0
2015-10-27,260570960.0,44.34,44.61,41.60,43.61,6019549.0
2015-10-26,292534944.0,44.61,45.65,44.00,45.60,6553805.0
2015-10-23,368958848.0,44.47,44.82,43.19,43.44,8351987.0
2015-10-22,250633488.0,42.47,42.62,40.40,40.40,6046334.0
2015-10-21,402357632.0,40.35,45.17,40.00,43.15,9331173.0
2015-10-20,200814656.0,43.13,43.23,42.05,42.05,4706073.0
2015-10-19,252034144.0,42.24,43.49,41.90,43.49,5928365.0
2015-10-16,328540704.0,43.49,44.82,42.45,43.85,7558585.0
2015-10-15,308002240.0,43.48,43.55,41.10,41.20,7271868.0
2015-10-14,277532352.0,41.58,42.80,40.91,41.51,6639522.0
2015-10-13,190173136.0,41.61,41.79,40.65,40.93,4601871.0
2015-10-12,279456928.0,41.37,41.68,39.70,39.80,6830019.0
2015-10-09,178943232.0,39.36,39.52,38.60,38.60,4575838.0
2015-10-08,239700032.0,39.13,39.99,38.89,39.50,6104936.0
2015-09-30,79334112.0,36.99,37.50,36.55,37.17,2138623.0
2015-09-29,91005408.0,37.04,37.46,36.59,36.98,2459335.0
2015-09-28,105794160.0,37.77,37.88,36.25,36.25,2844243.0
2015-09-25,170297328.0,36.57,39.30,36.12,39.09,4547611.0
2015-09-24,163318304.0,39.38,40.20,38.85,39.01,4141724.0
2015-09-23,209380928.0,38.99,39.73,38.03,38.60,5355070.0
2015-09-22,201555728.0,38.60,39.80,38.00,38.92,5179750.0
2015-09-21,217696256.0,38.80,38.84,36.00,36.32,5794390.0
2015-09-18,132109544.0,36.58,36.94,35.60,35.80,3642425.0
2015-09-17,177451680.0,35.62,37.80,35.55,36.89,4799365.0
2015-09-16,160317808.0,36.96,37.27,34.22,34.22,4494233.0
2015-09-15,150266192.0,33.88,35.94,33.11,35.00,4345114.0
2015-09-14,170906304.0,36.59,41.01,36.59,40.50,4494486.0
2015-09-11,150992032.0,40.65,41.40,39.95,40.30,3716018.0
2015-09-10,233043808.0,40.55,42.25,40.40,42.14,5614785.0
2015-09-09,411895648.0,43.10,43.22,40.88,41.14,9772586.0
2015-09-08,324386016.0,41.70,41.85,37.50,38.00,8196492.0
2015-09-07,236916720.0,38.10,39.19,36.81,37.81,6208695.0
2015-09-02,267875456.0,36.38,39.55,34.58,35.39,7077448.0
2015-09-01,263083568.0,37.53,39.76,35.00,37.41,7037886.0
2015-08-31,192971520.0,37.36,39.53,37.32,39.53,4996829.0
2015-08-28,306671008.0,40.66,41.55,38.51,39.60,7764175.0
2015-08-27,341412608.0,38.61,38.61,35.30,36.50,9281299.0
2015-08-26,281152192.0,35.10,36.27,32.98,34.00,8013189.0
2015-08-25,233575840.0,32.97,36.99,32.97,34.01,6755980.0
2015-08-24,196931984.0,36.63,39.55,36.63,38.98,5284293.0
2015-08-21,163296496.0,40.70,43.45,40.10,42.88,3910065.0
2015-08-20,157905312.0,43.41,45.35,43.00,45.00,3553512.0
2015-08-19,290254144.0,45.90,46.70,41.07,43.35,6688322.0
2015-08-18,272154080.0,45.63,51.40,45.63,50.74,5610397.0
2015-08-17,206214528.0,50.70,51.80,49.60,51.80,4076029.0
2015-08-14,267238336.0,52.13,52.99,51.20,52.70,5137881.0
2015-08-13,216942768.0,52.10,52.17,49.98,51.10,4230128.0
2015-08-12,288990432.0,51.17,53.64,51.00,53.00,5512509.0
2015-08-11,415091680.0,54.01,55.60,53.76,54.29,7603052.0
2015-08-10,552045696.0,55.54,56.00,51.50,52.55,10319069.0
2015-08-07,274426560.0,52.00,52.92,50.88,50.88,5279534.0
2015-08-06,292471584.0,50.59,52.77,50.15,51.00,5700819.0
2015-08-05,512255520.0,52.52,54.20,51.10,52.29,9772718.0
2015-08-04,538903104.0,53.23,53.54,49.00,49.84,10546756.0
2015-08-03,317109248.0,48.67,51.30,46.31,47.40,6576717.0
2015-07-31,293470880.0,48.60,50.30,46.11,47.00,6083049.0
2015-07-30,352966720.0,47.94,51.67,47.31,49.00,7090928.0
2015-07-29,287516064.0,49.28,49.28,43.98,45.99,6220544.0
2015-07-28,379461408.0,44.80,48.26,43.43,44.70,8398483.0
2015-07-27,403754048.0,48.26,54.49,48.26,51.84,7820662.0
2015-07-24,809429504.0,53.62,58.88,53.01,57.31,14298035.0
2015-07-23,701633152.0,56.42,56.42,50.50,50.90,12873960.0
2015-07-22,427990880.0,51.29,51.99,49.18,50.13,8462851.0
2015-07-21,346637120.0,50.13,50.68,47.01,47.88,7036642.0
2015-07-20,330424480.0,48.93,50.53,47.20,49.12,6713766.0
2015-07-17,276957152.0,49.08,49.80,46.02,46.02,5762077.0
2015-07-16,279341216.0,45.93,48.50,42.08,42.20,6121237.0
2015-07-15,263450720.0,46.22,49.89,46.22,49.89,5532135.0
2015-07-14,738684544.0,51.36,53.60,48.70,50.00,14360530.0
2015-07-13,359098016.0,48.73,48.73,46.60,48.54,7473789.0
2015-07-10,173177632.0,44.30,44.30,41.85,42.92,3955361.0
2015-07-09,306178144.0,40.27,40.27,33.10,33.10,7977155.0
2015-07-08,42701904.0,36.61,36.61,36.61,36.61,1166400.0
2015-07-07,207521408.0,40.68,44.88,40.68,43.68,4963290.0
2015-07-06,374449184.0,45.20,48.61,42.25,48.61,8142158.0
2015-07-03,282220960.0,44.19,48.79,42.37,45.75,6246140.0
2015-07-02,327825696.0,46.73,51.05,45.02,49.00,6781108.0
2015-07-01,414224320.0,48.77,55.80,48.60,52.00,7758101.0
2015-06-30,431093088.0,53.99,54.04,44.68,49.00,8802544.0
2015-06-29,333821120.0,49.64,56.70,49.64,55.90,6432345.0
2015-06-26,291533472.0,55.15,59.78,55.15,59.78,5117293.0
2015-06-25,345716512.0,61.28,65.37,60.10,65.37,5491654.0
2015-06-24,416887072.0,65.72,67.66,63.51,66.00,6335051.0
2015-06-23,367393152.0,65.25,65.79,60.01,60.88,5889906.0
2015-06-19,310959456.0,60.35,65.85,60.00,62.74,4957153.0
2015-06-18,374937408.0,64.37,69.99,64.00,69.68,5564435.0
2015-06-17,381308672.0,70.36,70.45,66.30,67.79,5560046.0
2015-06-16,521144736.0,68.31,70.20,63.80,68.01,7789207.0
2015-06-15,674141440.0,69.68,75.80,69.47,75.76,9378395.0
2015-06-12,908256448.0,77.19,85.43,77.00,81.99,11394970.0
2015-06-11,852313152.0,82.43,82.98,76.80,77.80,10640346.0
2015-06-10,653157824.0,77.70,79.00,73.00,73.10,8433605.0
2015-06-09,558703424.0,74.97,75.70,72.53,72.53,7492993.0
2015-06-08,745071936.0,72.47,78.58,71.67,78.01,10101756.0
2015-06-05,765753984.0,77.73,81.36,75.97,80.00,9714260.0
2015-06-04,861364672.0,78.65,85.00,77.18,85.00,10848529.0
2015-06-03,843649792.0,85.76,86.70,83.00,83.20,9900736.0
2015-06-02,1124533632.0,83.46,87.70,81.50,86.22,13389394.0
2015-06-01,1622560896.0,87.83,93.20,83.60,89.50,18734520.0
2015-05-29,2399212288.0,92.24,105.00,88.59,88.59,25787628.0
2015-05-28,1786375936.0,98.43,120.31,98.43,118.00,15404050.0
2015-05-27,1583706496.0,109.37,109.37,99.50,105.01,14806940.0
2015-05-26,1839088128.0,99.43,99.43,92.00,95.00,18679784.0
2015-05-25,1439143552.0,90.39,90.39,82.00,83.11,16410257.0
2015-05-22,1314778112.0,82.17,82.17,74.71,76.50,16708679.0
2015-05-21,1201939072.0,74.70,77.98,69.28,72.45,16586798.0
2015-05-20,1227334912.0,73.29,78.88,71.51,72.25,16339515.0
2015-05-19,1881242240.0,74.84,85.90,70.35,85.90,24199120.0
2015-05-18,569367424.0,78.09,78.09,73.80,76.20,7375959.0
2015-05-15,1188450048.0,70.99,70.99,65.00,67.60,17239314.0
2015-05-14,1102944000.0,64.54,64.54,58.48,58.92,17527472.0
2015-05-13,818969152.0,58.67,60.80,56.00,56.50,14064098.0
2015-05-12,1065763776.0,58.05,61.87,57.80,59.34,17955532.0
2015-05-11,880420992.0,58.37,58.37,52.50,53.20,15833360.0
2015-05-08,638394944.0,53.06,53.45,51.16,51.92,12138787.0
2015-05-07,750687872.0,50.85,54.05,49.57,51.30,14741267.0
2015-05-06,1389298688.0,54.18,57.11,54.18,56.90,25036468.0
2015-05-05,241509152.0,60.20,60.20,60.20,60.20,4011780.0
2015-05-04,24594840.0,54.73,54.73,54.73,54.73,449385.0
2015-04-30,7313250.0,49.75,49.75,49.75,49.75,147000.0
2015-04-29,3089209.0,45.23,45.23,45.23,45.23,68300.0
2015-04-28,859408.0,41.12,41.12,41.12,41.12,20900.0
2015-04-27,512106.0,37.38,37.38,37.38,37.38,13700.0
2015-04-24,1461142.0,33.98,33.98,28.32,28.32,43100.0
